#Energy	spin/parity	E1	P1	E2	P2 ...

0	4-

29.8299	3-	29.8299	100

800.143	2-	770.305	100	800.134	0.15

891.40	5-	861.56	1.4	891.39	100

1643.65	0+	843.50	23	1613.78	100

1959.08	2+	1158.92	100	1929.20	24

2047.35	2-	1247.19	100	2017.47	78	2047.29	73

2069.81	3-	1178.39	10	1269.65	16	2039.92	100	2069.75	74

2103.67	1-	460.02	2.1	1303.50	39.4	2073.78	100

2260.40	3+	2230.50	100	2260.33	19

2289.88	1+	186.21	5.5	330.80	15.5	646.22	100	1489.71	57

2290.50	3-	1399.07	20	2290.43	100

2397.17	4-	327.36	10.6	2367.26	100	2397.09	39

2419.18	2-	315.51	1.00	349.37	0.86	371.83	2.8	460.10	2.2	1619.00	100	2389.27	22	2419.10	10.3

2542.8	7+	1651.4	100	2542.7	12.6

2575.95	2+	528.60	0.59	2546.03	100

2626.00	0-	522.33	100	1825.81	43

2730.38	1	311.20	13	626.70	0.9	771.29	33	1086.71	100	1930.19	9

2746.92	(2,3)-	787.83	6.6	1946.73	8.2	2716.99	100	2746.82	49

2756.73	2+	337.55	1.9	1113.06	1.5	1956.54	100	2726.80	85

2786.65	3+	496.15	2.5	827.56	23	2756.72	100	2786.55	7

2787.1	(3,4)-	496.6	98	1895.7	46	2787.0	100

2807.89	(1,2)-	760.53	4.8	848.80	4.1	2007.69	100

2879.1	6+	336.3	100	1987.6	56

2950.7	5	2950.6	100

2985.87	(2-,3+)	1026.78	7.8	2185.66	100	2955.92	88

3027.97	2-	738.08	38	958.15	6.6	1068.87	100	3027.85	36

3100.2	(4,5)+	2208.7	82	3100.1	100

3109.75	(1,2)+	1062.38	20	1150.65	88	1466.07	100

3128.38	2-	320.49	1.4	838.49	10	3098.42	60	3128.25	100

3146.44	1	1187.34	8.8	1502.76	59	2346.22	100

3153.82	(2,3)-	397.09	8.1	3153.69	100.0

3228.68	2-	938.79	39	1124.99	50	2428.46	100	3198.71	59	3228.54	50

3293	NA	NA	NA

3368.04	(2,3)-	1320.67	24	2567.81	2.5	3338.06	100	3367.89	8

3393.64	2-	1434.53	28	2593.41	100

3414.36	2+	627.70	8.3	1770.67	2.7	2614.12	100	3384.38	34

3439.16	(1-,2+)	1369.32	2.1	1480.05	100	1795.47	85	2638.92	67

3448	(3,5)+	NA	NA

3468.17	2-	376.42	13.0	1195.65	23	1438.79	92	2685.93	100

3556.97	[1-,4+]	1487.13	9.5	1509.59	2.2	1597.86	28	3526.97	100

3599.24	2-	613.36	22	1023.28	27	1551.86	10.9	2798.99	100	3569.24	48

3629.94	3-	1232.75	42	1560.10	5.3	3599.94	58	3629.76	100

3663.75	(3,4)+	1373.22	100	1704.63	72	3633.74	48	3663.57	34

3717	[0,3]-	NA	NA

3738.50	1+	1478.07	48	1691.11	16.3	2094.79	7.2	2938.24	100

3767.87	[0,3]-	2967.61	100

3797.58	1+	383.22	2.5	811.70	2.9	1221.61	8.5	1838.45	56	2153.87	100

3821.43	2-	1074.49	40	1091.03	10.2	1424.23	100	1530.90	17	3791.41	50

3840.25	(1,2+)	730.49	3.9	1770.40	5.1	1881.12	80	2196.53	54	3039.98	100

3868.67	2-	454.31	6.3	1121.73	17.9	1578.76	5.6	1764.96	37	3068.40	42	3838.64	100	3868.47	19

3887.93	[1-,3]	1131.18	33	3087.66	63	3857.90	100

3898	NA	NA	NA

3923.8	[1-,4+]	1820.1	100	1964.7	14	3893.8	79

3996	NA	NA	NA

4020.35	[0,3]-	1916.63	78	1972.95	100	3220.07	73

4075	NA	NA	NA

4104.47	[1-,3-]	440.72	4.8	505.23	6.3	1118.58	5.5	1813.93	7.3	2000.75	13.9	2057.06	14.2	3304.18	100

4110.86	[1-,3]	1001.10	25	1082.87	62	1354.11	50	2467.13	21	3310.57	38	4080.81	100

4149.01	(2-,3)	755.36	7	1751.80	20	1858.46	48	1888.56	8.9	3348.72	100	4148.78	12

4180.04	3-	740.87	100	951.35	16.4	1392.91	48	2220.89	70	3288.49	58

4213.07	(2-,3+)	2143.20	100

4253.63	1-	1099.79	2.5	2149.90	25	2183.76	28	2206.21	44	2609.89	83	3453.33	100	4223.56	49

4280.54	(2-,3)	1704.55	85	2233.12	41	3480.23	35	4250.47	32	4280.29	100

4300	(0,2)-	NA	NA

4352	NA	NA	NA

4365.6	8+	1486.5	19	1822.8	100

4384.0	0+	1653.6	32	2094.1	100

4395.90	(012)-	657.39	33	1665.48	60	2348.48	100

4419.38	NA	1265.54	53	1843.38	17.5	2022.15	45	4389.29	100

4473.00	(2,3)-	1079.34	25	2403.11	30	4472.73	100

4537.08	2-	1427.30	1.9	1961.08	13.6	2577.91	28	3736.75	100	4506.98	68

4587	2-	NA	NA

4659	2-	NA	NA

4697	NA	NA	NA

4744.11	2+	564.07	7.5	903.85	15.3	946.52	3.8	1144.85	8	1936.17	12.8	2013.68	17.3	2168.10	18.0	2454.15	2.5	2483.63	3.0	2784.93	23	3100.33	38	3943.76	100

4761	(1,2)+	NA	NA

4788.65	1+	2031.86	95	2162.59	14.5	2528.16	50	2684.88	86	3144.87	100

4805	[0,3]-	NA	NA

4848	NA	NA	NA

4872.56	(2,3)-	1718.70	65	2115.77	12.4	2913.37	56	4842.41	29	4872.24	100

4875.6	9+	510.0	56	2332.7	100

4910	2-	NA	NA

4944	[0,3]-	NA	NA

4992.96	(2-,3+)	2702.36	81	2923.03	100	4962.80	31

5027	NA	NA	NA

5063.49	(2-,3+)	1695.41	33	1953.69	100	2644.22	83	5063.14	23

5077	[0,3]-	NA	NA

5112	2-	NA	NA

5132	[0,3]-	NA	NA

5157	[0,3]-	NA	NA

5207	2-	NA	NA

6227.0	(8,10)-	1351.4	100

7472.4	NA	1245.4	100
