89 206 1
  0 6 + 0

89 207 1
  0 9 - 0

89 208 2
  0 6 + 0
  0.506 20 - 1
    0.506 1 0

89 209 1
  0 9 - 0

89 210 1
  0 6 + 0

89 211 1
  0 9 - 0

89 212 3
  0 6 + 0
  0.1336 0 + 1
    0.1336 1 0
  0.158 4 + 1
    0.0244 1 1

89 213 6
  0 9 - 0
  0.468 1 - 1
    0.468 1 0
  0.616 5 - 1
    0.616 1 0
  0.634 7 - 1
    0.634 1 0
  1.0664 3 - 1
    0.4504 1 2
  1.884 11 - 1
    0.8176 1 4

89 214 2
  0 10 + 0
  0.0918 0 + 1
    0.0918 1 0

89 215 4
  0 9 - 0
  1.317 13 - 1
    1.317 1 0
  1.621 17 - 1
    0.304 1 1
  1.796 21 - 1
    0.175 1 2

89 216 2
  0 2 - 0
  0.048 18 - 1
    0.048 1 0

89 217 11
  0 9 - 0
  0.6603 13 - 1
    0.6603 1 0
  0.6701 11 - 1
    0.6701 1 0
  1.1467 17 - 1
    0.4864 1 1
  1.1492 15 - 2
    0.4791 0.535402 2
    0.4889 0.464598 1
  1.4982 19 - 2
    0.349 0.374949 4
    0.3515 0.62505 3
  1.5285 21 - 2
    0.0303 0.5 5
    0.3818 0.5 3
  1.6823 23 - 1
    0.1538 1 6
  1.792 25 - 1
    0.1097 1 7
  1.916 27 - 1
    0.2337 1 7
  2.013 29 + 2
    0.097 0.126541 9
    0.221 0.873459 8

89 218 6
  0 2 - 0
  0.153 0 - 1
    0.153 1 0
  0.367 6 - 1
    0.367 1 0
  0.489 4 - 1
    0.336 1 1
  0.52 8 - 1
    0.031 1 3
  0.54 10 - 1
    0.173 1 2

89 219 42
  0 9 - 0
  0.193 1 - 1
    0.193 1 0
  0.341 11 - 1
    0.341 1 0
  0.355246 13 - 1
    0.355246 1 0
  0.576844 13 + 2
    0.221598 0.261 3
    0.235844 0.739 2
  0.63141 13 + 1
    0.29041 1 2
  0.657634 15 - 3
    0.08079 0.081637 4
    0.302388 0.413583 3
    0.316634 0.50478 2
  0.714553 17 - 2
    0.056919 0.8567 6
    0.359307 0.1433 3
  0.866646 17 + 2
    0.209012 0.930963 6
    0.289802 0.069037 4
  0.92642 17 + 3
    0.268786 0.508649 6
    0.29501 0.147985 5
    0.349576 0.343366 4
  0.965274 19 + 1
    0.250721 1 7
  1.01766 19 - 3
    0.151014 0.4853 8
    0.303107 0.1102 7
    0.360026 0.4045 6
  1.116 21 - 2
    0.150726 0.4595 10
    0.401447 0.5405 7
  1.18041 19 - 1
    0.25399 1 9
  1.18298 21 + 3
    0.16532 0.5354 11
    0.217706 0.1778 10
    0.316334 0.2868 8
  1.29272 21 + 2
    0.11231 0.3358 13
    0.3663 0.6642 9
  1.301 23 + 2
    0.185 0.8341 12
    0.335726 0.1659 10
  1.4137 23 - 2
    0.23072 0.806 14
    0.39604 0.194 11
  1.46143 5 + 1
    0.53501 1 9
  1.54699 25 + 3
    0.13329 0.410759 17
    0.24599 0.214979 16
    0.36401 0.374263 14
  1.55172 25 - 2
    0.25072 0.6844 16
    0.43572 0.3156 12
  1.62525 23 - 1
    0.332535 1 15
  1.69877 27 + 2
    0.14705 0.3188 20
    0.39777 0.6812 16
  1.69997 25 + 1
    0.40725 1 15
  1.7105 25 + 2
    0.085245 0.2986 21
    0.41778 0.7014 15
  1.81295 27 - 2
    0.26596 0.854 19
    0.39925 0.146 17
  1.95929 29 + 3
    0.14634 0.4098 25
    0.26052 0.221 22
    0.4123 0.3692 19
  2.02384 29 - 2
    0.32507 0.791 22
    0.47212 0.209 20
  2.11383 29 + 1
    0.41386 1 23
  2.1294 29 - 1
    0.66797 1 18
  2.14925 31 + 2
    0.12541 0.4537 27
    0.45048 0.5463 22
  2.24517 31 - 2
    0.28588 0.6907 26
    0.43222 0.3093 25
  2.35122 33 + 1
    0.39193 1 26
  2.40161 33 - 1
    0.15644 1 31
  2.42759 33 + 1
    0.4683 1 26
  2.44452 33 + 1
    0.48523 1 26
  2.80616 37 + 1
    0.45494 1 32
  2.83515 37 - 1
    0.43354 1 33
  2.83673 37 + 1
    0.40914 1 34
  3.24908 41 + 1
    0.44292 1 36
  3.25452 41 - 1
    0.41937 1 37
  3.72079 45 - 1
    0.46627 1 40

89 220 18
  0 6 - 0
  0.01379 0 - 1
    0.01379 1 0
  0.028 4 - 1
    0.028 1 0
  0.04069 8 - 1
    0.04069 1 0
  0.06871 10 - 1
    0.02802 1 3
  0.07156 2 - 1
    0.05777 1 1
  0.10851 12 - 1
    0.06782 1 3
  0.1133 14 - 1
    0.1133 1 0
  0.1456 6 - 1
    0.07404 1 5
  0.15018 4 + 1
    0.10949 1 3
  0.153 8 + 3
    0.08144 0.1751 5
    0.13921 0.2982 1
    0.153 0.5267 0
  0.18421 16 + 2
    0.17042 0.2618 1
    0.18421 0.7382 0
  0.23381 10 + 1
    0.1651 1 4
  0.26322 2 + 3
    0.11304 0.253925 9
    0.15471 0.105011 6
    0.19451 0.641064 4
  0.312 6 + 1
    0.29821 1 1
  0.33518 4 + 4
    0.15097 0.427357 11
    0.18218 0.256374 10
    0.29449 0.213679 3
    0.33518 0.10259 0
  0.3561 8 + 3
    0.24759 0.419508 6
    0.28739 0.48781 4
    0.31541 0.092682 3
  0.4119 12 + 2
    0.39811 0.5 1
    0.4119 0.5 0

89 221 32
  0 3 - 0
  0.009 5 - 1
    0.009 1 0
  0.052 7 - 1
    0.052 1 0
  0.1484 7 - 2
    0.1394 0.5 1
    0.1484 0.5 0
  0.2012 9 - 2
    0.0528 0.5 3
    0.1922 0.5 1
  0.3211 9 + 1
    0.1727 1 3
  0.3807 11 - 2
    0.0596 0.2416 5
    0.2323 0.7584 3
  0.4138 11 + 1
    0.2126 1 4
  0.4595 13 - 3
    0.0457 0.333333 7
    0.0788 0.333333 6
    0.2583 0.333333 4
  0.5232 13 + 2
    0.1425 0.8726 6
    0.2021 0.1274 5
  0.6391 15 + 2
    0.1796 0.5 8
    0.2253 0.5 7
  0.6631 15 - 2
    0.2036 0.4587 8
    0.2824 0.5413 6
  0.7628 17 - 2
    0.1237 0.6548 10
    0.3033 0.3452 8
  0.7899 17 + 3
    0.1268 0.608 11
    0.1508 0.2511 10
    0.2667 0.1409 9
  0.9264 19 + 2
    0.1636 0.8661 12
    0.2873 0.1339 10
  0.98 19 - 2
    0.1901 0.8436 13
    0.3169 0.1564 11
  1.097 21 - 2
    0.1706 0.7225 14
    0.3342 0.2775 12
  1.106 21 + 2
    0.126 0.6841 15
    0.3161 0.3159 13
  1.2614 23 + 2
    0.1644 0.7353 16
    0.335 0.2647 14
  1.3248 23 - 2
    0.2188 0.8435 17
    0.3448 0.1565 15
  1.4572 25 - 2
    0.1958 0.6716 18
    0.3602 0.3284 16
  1.4597 25 + 2
    0.1349 0.5 19
    0.3537 0.5 17
  1.6314 27 + 2
    0.1742 0.6184 20
    0.37 0.3816 18
  1.6971 27 - 2
    0.2374 0.5 21
    0.3723 0.5 19
  1.8436 29 + 2
    0.1465 0.5 23
    0.3839 0.5 21
  1.9368 29 - 2
    0.3054 0.6715 22
    0.4796 0.3285 20
  2.0298 31 + 2
    0.093 0.6179 25
    0.3984 0.3821 22
  2.0953 31 - 2
    0.2517 0.5 24
    0.3982 0.5 23
  2.2553 33 - 2
    0.2255 0.5 26
    0.3185 0.5 25
  2.3548 33 + 2
    0.2595 0.5 27
    0.5112 0.5 24
  2.4542 35 + 2
    0.1989 0.5 28
    0.4244 0.5 26
  2.5144 35 - 2
    0.1596 0.5 29
    0.4191 0.5 27

89 222 4
  0 2 - 0
  0.041 0 - 1
    0.041 1 0
  0.1 6 - 1
    0.1 1 0
  0.137 4 - 1
    0.096 1 1

89 223 11
  0 5 - 0
  0.0125 3 - 1
    0.0125 1 0
  0.0424 7 - 1
    0.0424 1 0
  0.0507 5 - 2
    0.0083 0.6831 2
    0.0507 0.3169 0
  0.06462 5 + 2
    0.02222 0.099091 2
    0.06462 0.900909 0
  0.0907 9 - 1
    0.0483 1 2
  0.1072 7 - 2
    0.0565 0.6634 3
    0.1072 0.3366 0
  0.11006 7 + 4
    0.04544 0.319906 4
    0.05936 0.042381 3
    0.06766 0.156003 2
    0.11006 0.48171 0
  0.1307 7 + 2
    0.08 0.3497 3
    0.1307 0.6503 0
  0.141 11 - 2
    0.0338 0.5 6
    0.0986 0.5 2
  0.1675 9 + 2
    0.0768 0.1105 5
    0.1251 0.8895 2

89 224 38
  0 0 - 0
  0.0176 2 - 1
    0.0176 1 0
  0.0233 6 - 1
    0.0057 1 1
  0.0298 2 + 1
    0.0298 1 0
  0.0372 4 + 2
    0.0139 0.5 2
    0.0196 0.5 1
  0.0457 8 + 2
    0.0085 0.5 4
    0.0224 0.5 2
  0.0473 10 + 1
    0.0473 1 0
  0.0491 12 + 1
    0.0034 1 5
  0.0522 4 - 3
    0.0289 0.038681 2
    0.0346 0.065092 1
    0.0522 0.896227 0
  0.0644 4 + 1
    0.0411 1 2
  0.0785 0 + 2
    0.0263 0.072109 8
    0.0487 0.927891 3
  0.0805 2 + 2
    0.0283 0.073409 8
    0.0433 0.926591 4
  0.0904 2 - 1
    0.0671 1 2
  0.1036 0 - 1
    0.0545 1 7
  0.1093 0 - 1
    0.0602 1 7
  0.1134 2 - 1
    0.0643 1 7
  0.1165 4 + 2
    0.036 0.1104 11
    0.0521 0.8896 9
  0.1303 2 + 3
    0.0498 0.6643 11
    0.0518 0.2045 10
    0.0812 0.1312 7
  0.1425 6 - 2
    0.1192 0.5 2
    0.1249 0.5 1
  0.16 8 - 2
    0.1078 0.5 8
    0.1127 0.5 6
  0.169 10 - 2
    0.1233 0.5 5
    0.1457 0.5 2
  0.1767 2 + 4
    0.0464 0.303112 17
    0.0602 0.647925 16
    0.0674 0.040822 14
    0.0731 0.008141 13
  0.1834 4 - 3
    0.0531 0.036119 17
    0.0741 0.376392 14
    0.0798 0.587488 13
  0.212 6 + 2
    0.1647 0.5 6
    0.1822 0.5 3
  0.2197 4 + 1
    0.0772 1 18
  0.2365 2 + 1
    0.0598 1 21
  0.2527 4 + 4
    0.0693 0.014469 22
    0.076 0.043288 21
    0.1102 0.913863 18
    0.1224 0.028379 17
  0.2834 4 - 5
    0.1409 0.089524 18
    0.193 0.053652 12
    0.2377 0.035591 5
    0.2462 0.112104 4
    0.2601 0.709128 2
  0.3 8 - 2
    0.2478 0.5 8
    0.2527 0.5 6
  0.3172 0 + 1
    0.28 1 4
  0.333 2 + 9
    0.2027 0.33801 17
    0.2196 0.019271 15
    0.2426 0.130904 12
    0.2525 0.164205 11
    0.2808 0.036291 8
    0.2839 0.054982 7
    0.2857 0.018701 6
    0.2958 0.036131 4
    0.3032 0.201506 3
  0.354 2 - 4
    0.2375 0.1764 16
    0.2447 0.08778 14
    0.2896 0.09052 9
    0.3168 0.6453 4
  0.3602 4 + 5
    0.2299 0.332067 17
    0.2797 0.050525 11
    0.308 0.479252 8
    0.3129 0.014069 6
    0.3304 0.124088 3
  0.3808 6 - 4
    0.2505 0.5085 17
    0.3003 0.06235 11
    0.3286 0.3668 8
    0.351 0.06235 3
  0.3958 8 - 4
    0.2124 0.051854 22
    0.2533 0.081486 18
    0.3173 0.740752 10
    0.3467 0.125909 7
  0.4029 10 - 4
    0.2262 0.07265 21
    0.2993 0.141 13
    0.3125 0.07265 12
    0.3224 0.7137 11
  0.4481 6 - 3
    0.1954 0.1988 26
    0.3178 0.6024 17
    0.3445 0.1988 13
  0.452 12 + 1
    0.3355 1 16

89 225 17
  0 3 - 0
  0.02994 5 - 1
    0.02994 1 0
  0.04009 3 + 1
    0.04009 1 0
  0.0647 5 + 2
    0.03476 0.092809 1
    0.0647 0.907191 0
  0.07712 7 - 2
    0.01242 0.5 3
    0.07712 0.5 0
  0.10506 7 + 1
    0.07512 1 1
  0.1208 5 - 2
    0.08071 0.005759 2
    0.1208 0.994241 0
  0.14495 9 + 1
    0.06783 1 4
  0.15565 5 + 4
    0.03485 0.0266 6
    0.11556 0.950802 2
    0.12571 0.01832 1
    0.15565 0.004278 0
  0.17079 7 - 2
    0.09367 0.246 4
    0.14085 0.754 1
  0.19985 7 + 5
    0.07905 0.045179 6
    0.09479 0.241895 5
    0.12273 0.0232 4
    0.13515 0.642387 3
    0.16991 0.047339 1
  0.221 11 - 2
    0.07605 0.5 7
    0.14388 0.5 4
  0.2355 9 - 1
    0.15838 1 4
  0.25704 9 + 3
    0.11209 0.677673 7
    0.15198 0.286289 5
    0.17992 0.036039 4
  0.318 1 - 2
    0.27791 0.5 2
    0.28806 0.5 1
  0.327 13 + 2
    0.106 0.5 11
    0.18205 0.5 7
  0.421 15 - 2
    0.094 0.5 15
    0.2 0.5 11

89 226 18
  0 2 + 0
  0.0051 0 + 1
    0.0051 1 0
  0.0188 6 + 1
    0.0188 1 0
  0.0333 4 + 1
    0.0282 1 1
  0.045 8 + 1
    0.0117 1 3
  0.0583 10 + 1
    0.0395 1 2
  0.0703 12 + 1
    0.0253 1 4
  0.0777 14 + 1
    0.0194 1 5
  0.1304 6 + 2
    0.1116 0.5 2
    0.1304 0.5 0
  0.165 4 - 2
    0.1462 0.5 2
    0.165 0.5 0
  0.195 8 - 2
    0.1367 0.5 5
    0.1762 0.5 2
  0.23 16 - 1
    0.1523 1 7
  0.265 10 - 2
    0.1947 0.5 6
    0.22 0.5 4
  0.29 2 - 2
    0.2567 0.5 3
    0.2849 0.5 1
  0.378 6 - 2
    0.333 0.5 4
    0.3447 0.5 3
  0.418 4 - 2
    0.3992 0.5 2
    0.418 0.5 0
  0.556 8 - 2
    0.4977 0.5 5
    0.5372 0.5 2
  0.589 4 - 2
    0.5702 0.5 2
    0.589 0.5 0

89 227 46
  0 3 - 0
  0.02737 3 + 1
    0.02737 1 0
  0.02998 5 - 1
    0.02998 1 0
  0.04635 5 + 3
    0.01637 0.053801 2
    0.01898 0.937318 1
    0.04635 0.008881 0
  0.07414 7 - 2
    0.04416 0.7119 2
    0.07414 0.2881 0
  0.08455 7 + 3
    0.0382 0.779562 3
    0.05457 0.006349 2
    0.05718 0.214089 1
  0.10994 9 + 3
    0.02539 0.83941 5
    0.0358 0.001588 4
    0.06359 0.159002 3
  0.12686 9 - 2
    0.05272 0.6221 4
    0.09688 0.3779 2
  0.148 11 - 2
    0.03806 0.5 6
    0.07386 0.5 4
  0.16 1 + 2
    0.11365 0.5 3
    0.16 0.5 0
  0.18732 11 + 2
    0.06046 0.01438 7
    0.07738 0.98562 6
  0.19871 11 - 2
    0.07185 0.4446 7
    0.12457 0.5554 4
  0.21078 13 + 2
    0.02346 0.7833 10
    0.10084 0.2167 6
  0.227 15 - 2
    0.02829 0.5 11
    0.079 0.5 8
  0.249 17 + 2
    0.022 0.5 13
    0.03822 0.5 12
  0.27129 13 - 2
    0.07258 0.4947 11
    0.14443 0.5053 7
  0.27314 5 - 5
    0.199 0.074944 4
    0.22679 0.013801 3
    0.24316 0.39242 2
    0.24577 0.050113 1
    0.27314 0.468723 0
  0.30473 5 + 4
    0.22018 0.055992 5
    0.23059 0.000283 4
    0.25838 0.409311 3
    0.27736 0.534415 1
  0.316 7 - 2
    0.26965 0.5 3
    0.316 0.5 0
  0.33004 3 - 7
    0.0569 0.020799 16
    0.24549 0.00457 5
    0.2559 0.01266 4
    0.28369 0.158595 3
    0.30006 0.399088 2
    0.30267 0.207994 1
    0.33004 0.196294 0
  0.342 7 + 2
    0.31202 0.5 2
    0.31463 0.5 1
  0.3545 1 - 3
    0.02446 0.999271 19
    0.32713 0.00015 1
    0.3545 0.000579 0
  0.372 9 - 2
    0.28745 0.5 5
    0.34202 0.5 2
  0.38723 7 - 8
    0.05719 0.2037 19
    0.26037 0.1391 7
    0.27729 0.05008 6
    0.30268 0.3305 5
    0.31309 0.06276 4
    0.34088 0.09421 3
    0.35725 0.1194 2
    0.38723 0.000251 0
  0.403 9 + 2
    0.32886 0.5 4
    0.35665 0.5 3
  0.42559 5 + 5
    0.34104 0.279294 5
    0.35145 0.062019 4
    0.37924 0.540189 3
    0.39561 0.0185 2
    0.39822 0.099998 1
  0.4284 5 - 2
    0.39842 0.5048 2
    0.4284 0.4952 0
  0.43519 1 + 3
    0.38884 0.021911 3
    0.40782 0.918137 1
    0.43519 0.059952 0
  0.43796 5 - 5
    0.05073 0.593871 23
    0.36382 0.16402 4
    0.39161 0.112914 3
    0.41059 0.046216 1
    0.43796 0.08298 0
  0.46924 9 + 2
    0.3593 0.7161 6
    0.38469 0.2839 5
  0.50128 5 - 5
    0.14678 0.254395 21
    0.22814 0.313494 16
    0.42714 0.00015 4
    0.4713 0.091868 2
    0.50128 0.340093 0
  0.51436 3 + 3
    0.20963 0.094369 17
    0.46801 0.089839 3
    0.48699 0.815792 1
  0.528 13 + 2
    0.38 0.5 8
    0.41806 0.5 6
  0.537 3 + 3
    0.23227 0.814057 17
    0.49065 0.18569 3
    0.50963 0.000253 1
  0.549 7 + 2
    0.51902 0.5 2
    0.52163 0.5 1
  0.5628 5 + 4
    0.47825 0.0197 5
    0.48866 0.5294 4
    0.51645 0.3145 3
    0.53543 0.1364 1
  0.577 9 - 2
    0.49245 0.5 5
    0.54702 0.5 2
  0.593 13 + 2
    0.445 0.5 8
    0.48306 0.5 6
  0.6391 11 - 2
    0.61173 0.8475 1
    0.6391 0.1525 0
  0.6564 7 + 4
    0.54646 0.071159 6
    0.57185 0.04205 5
    0.58226 0.313597 4
    0.61005 0.573194 3
  0.6986 15 - 2
    0.65225 0.5988 3
    0.67123 0.4012 1
  0.7902 3 - 2
    0.76022 0.4475 2
    0.7902 0.5525 0
  0.8636 11 + 2
    0.83623 0.3865 1
    0.8636 0.6135 0
  0.8747 19 - 3
    0.82835 0.165 3
    0.84733 0.335 1
    0.8747 0.5 0
  1.068 1 + 2
    1.02165 0.5 3
    1.068 0.5 0
  1.091 7 - 2
    1.04465 0.5 3
    1.091 0.5 0

89 228 5
  0 6 + 0
  0.00628 2 - 1
    0.00628 1 0
  0.00667 2 + 1
    0.00667 1 0
  0.02019 2 - 1
    0.01352 1 2
  0.03307 2 + 2
    0.01288 0.5 3
    0.0264 0.5 2

89 229 34
  0 3 + 0
  0.007 5 + 1
    0.007 1 0
  0.0214 7 + 1
    0.0144 1 1
  0.0259 9 + 1
    0.0189 1 1
  0.0698 5 - 2
    0.0628 0.5 1
    0.0698 0.5 0
  0.091 13 + 1
    0.0651 1 3
  0.1043 3 - 1
    0.1043 1 0
  0.1198 7 - 3
    0.0155 0.333333 6
    0.0939 0.333333 3
    0.0984 0.333333 2
  0.1415 7 - 1
    0.0217 1 7
  0.151 1 + 2
    0.0467 0.5 6
    0.144 0.5 1
  0.164 7 - 3
    0.0225 0.333333 8
    0.0442 0.333333 7
    0.0942 0.333333 4
  0.1748 7 + 1
    0.055 1 7
  0.189 3 + 1
    0.0475 1 8
  0.222 5 + 1
    0.1022 1 7
  0.2809 11 + 2
    0.1061 0.5 11
    0.1611 0.5 7
  0.293 9 - 2
    0.2232 0.5 4
    0.2716 0.5 2
  0.3355 3 + 1
    0.1715 1 10
  0.368 5 + 2
    0.3421 0.5 3
    0.361 0.5 1
  0.422 11 - 2
    0.331 0.5 5
    0.3961 0.5 3
  0.464 15 - 2
    0.042 0.5 18
    0.373 0.5 5
  0.489 9 - 2
    0.4192 0.5 4
    0.4676 0.5 2
  0.595 1 - 2
    0.5252 0.5 4
    0.595 0.5 0
  0.629 13 - 2
    0.336 0.5 15
    0.3481 0.5 14
  0.654 17 - 1
    0.025 1 22
  0.72 11 + 2
    0.5452 0.5 11
    0.6986 0.5 2
  0.825 9 - 2
    0.7552 0.5 4
    0.8036 0.5 2
  0.85 5 + 2
    0.8241 0.5 3
    0.843 0.5 1
  0.93 11 - 2
    0.839 0.5 5
    0.9041 0.5 3
  1.004 5 - 2
    0.9826 0.5 2
    1.004 0.5 0
  1.021 19 + 1
    0.367 1 23
  1.044 1 + 2
    0.9397 0.5 6
    1.037 0.5 1
  1.111 9 - 2
    1.0412 0.5 4
    1.0896 0.5 2
  1.173 3 + 2
    1.1516 0.5 2
    1.173 0.5 0
  1.245 7 - 2
    1.2191 0.5 3
    1.238 0.5 1

89 230 19
  0 2 + 0
  0.00899 0 + 1
    0.00899 1 0
  0.07201 6 + 2
    0.06302 0.2593 1
    0.07201 0.7407 0
  0.10107 4 + 2
    0.09208 0.5682 1
    0.10107 0.4318 0
  0.15152 8 + 1
    0.15152 1 0
  0.19817 10 + 2
    0.18918 0.8333 1
    0.19817 0.1667 0
  0.21178 12 + 3
    0.11071 0.068165 3
    0.20279 0.681652 1
    0.21178 0.250183 0
  0.26469 14 + 2
    0.19268 0.4652 2
    0.2557 0.5348 1
  0.28519 6 + 2
    0.18412 0.3873 3
    0.28519 0.6127 0
  0.29291 4 - 2
    0.14139 0.1379 4
    0.29291 0.8621 0
  0.34607 8 - 2
    0.13429 0.4444 6
    0.1479 0.5556 5
  0.37572 16 - 3
    0.17755 0.055052 5
    0.27465 0.917427 3
    0.37572 0.027521 0
  0.39527 10 - 2
    0.0492 0.6667 10
    0.1971 0.3333 5
  0.45792 2 - 3
    0.25975 0.090455 5
    0.44893 0.40702 1
    0.45792 0.502525 0
  0.4787 6 - 2
    0.46971 0.5464 1
    0.4787 0.4536 0
  0.53673 4 - 2
    0.25154 0.8921 8
    0.53673 0.1079 0
  0.58116 8 - 4
    0.28825 0.10139 9
    0.29597 0.121588 8
    0.31647 0.10139 7
    0.50915 0.675632 2
  0.59156 12 - 2
    0.44004 0.065419 4
    0.49049 0.934581 3
  0.63577 18 + 2
    0.4376 0.1379 5
    0.48425 0.8621 4

89 231 26
  0 1 + 0
  0.038 3 + 1
    0.038 1 0
  0.057 3 - 1
    0.057 1 0
  0.076 9 + 1
    0.076 1 0
  0.094 7 - 2
    0.018 0.5 3
    0.037 0.5 2
  0.135 13 + 1
    0.059 1 3
  0.162 5 + 1
    0.162 1 0
  0.235 3 + 1
    0.197 1 1
  0.257 5 + 2
    0.2 0.5 2
    0.257 0.5 0
  0.305 11 - 2
    0.211 0.5 4
    0.229 0.5 3
  0.35 7 - 2
    0.274 0.5 3
    0.293 0.5 2
  0.3775 9 + 1
    0.2155 1 6
  0.42 15 - 2
    0.115 0.5 9
    0.285 0.5 5
  0.469 11 - 2
    0.375 0.5 4
    0.393 0.5 3
  0.6411 13 + 1
    0.2636 1 11
  0.671 11 - 2
    0.577 0.5 4
    0.595 0.5 3
  0.797 5 - 2
    0.562 0.5 7
    0.759 0.5 1
  0.9475 17 + 1
    0.3064 1 14
  1.021 7 - 2
    0.945 0.5 3
    0.964 0.5 2
  1.1 9 - 1
    0.303 1 16
  1.126 1 + 2
    1.069 0.5 2
    1.126 0.5 0
  1.2894 21 + 1
    0.3419 1 17
  1.6621 25 + 1
    0.3727 1 21
  2.062 29 + 1
    0.3999 1 22
  2.4844 33 + 1
    0.4224 1 23
  2.925 37 + 1
    0.4406 1 24

89 232 4
  0 2 + 0
  0.0075 0 + 1
    0.0075 1 0
  0.1052 6 + 2
    0.0977 0.5464 1
    0.1052 0.4536 0
  0.4785 4 + 3
    0.3733 0.2684 2
    0.471 0.4329 1
    0.4785 0.2987 0

89 233 1
  0 1 + 0

89 234 1
  0 4 + 0

89 235 1
  0 1 + 0

