47 93 1
  0 9 + 0

47 94 2
  0 0 + 0
  6.67 42 + 1
    6.67 1 0

47 95 14
  0 9 + 0
  0.0774 7 + 1
    0.0774 1 0
  0.3442 1 - 1
    0.2668 1 1
  0.8226 11 + 1
    0.8226 1 0
  0.9365 13 + 1
    0.9365 1 0
  1.9397 15 + 2
    1.0032 0.637 4
    1.1171 0.363 3
  2.0015 17 + 1
    1.065 1 4
  2.1035 17 - 1
    0.1638 1 5
  2.5313 23 + 1
    0.4278 1 7
  2.6901 25 + 1
    0.1588 1 8
  2.8825 21 + 1
    0.881 1 6
  2.9053 19 - 1
    0.8018 1 7
  3.9846 29 + 1
    1.2945 1 9
  4.86 37 + 1
    0.8754 1 12

47 96 2
  0 16 + 0
  0.2 4 + 1
    0.2 1 0

47 97 12
  0 9 + 0
  1.28991 13 + 1
    1.28991 1 0
  2.0529 17 + 1
    0.76299 1 1
  2.3433 21 + 1
    0.2904 1 2
  4.356 21 + 1
    2.0127 1 3
  4.9152 23 + 2
    0.5592 0.052362 4
    2.5719 0.947638 3
  5.2524 23 + 1
    2.9091 1 3
  5.822 5 + 2
    0.906801 0.7143 5
    1.466 0.2857 4
  6.2212 27 + 2
    0.399199 0.1055 7
    1.306 0.8945 5
  6.2324 25 + 1
    0.98 1 6
  6.4814 31 + 1
    0.2602 1 8
  6.9485 33 + 1
    0.4671 1 10

47 98 20
  0 12 + 0
  0.06055 10 + 1
    0.06055 1 0
  0.16783 6 + 1
    0.10728 1 1
  0.22 14 + 1
    0.22 1 0
  0.51499 4 + 1
    0.34716 1 2
  1.06643 2 + 2
    0.55144 0.2126 4
    0.8986 0.7874 2
  1.1154 16 + 1
    0.8954 1 3
  1.2906 8 + 2
    0.77561 0.6897 4
    1.12277 0.3103 2
  1.4047 18 + 2
    0.2893 0.1628 6
    1.1847 0.8372 3
  1.69114 2 + 3
    0.62471 0.102401 5
    1.17615 0.853208 4
    1.52331 0.04439 2
  1.8611 2 + 2
    0.79467 0.7576 5
    1.34611 0.2424 4
  1.8631 20 + 1
    0.4584 1 8
  2.1525 22 + 2
    0.2894 0.5152 11
    0.7478 0.4848 8
  2.1649 2 + 4
    0.8743 0.416687 7
    1.09847 0.291691 5
    1.64991 0.095827 4
    1.99707 0.195794 2
  2.5444 2 + 2
    2.02941 0.5714 4
    2.37657 0.4286 2
  2.5625 24 + 1
    0.41 1 12
  2.7157 26 + 1
    0.1532 1 15
  3.7167 26 + 1
    1.001 1 16
  4.0907 28 + 2
    0.374 0.6875 17
    1.375 0.3125 16
  4.4757 30 - 1
    0.385 1 18

47 99 27
  0 9 + 0
  0.3426 7 + 1
    0.3426 1 0
  0.5062 1 - 1
    0.1636 1 1
  0.916 13 + 1
    0.916 1 0
  1.0143 11 + 2
    0.6717 0.7579 1
    1.0143 0.2421 0
  1.3171 7 + 2
    0.9745 0.5782 1
    1.3171 0.4218 0
  1.6454 17 + 1
    0.7294 1 3
  1.98 19 + 1
    0.3346 1 6
  2.5392 21 + 2
    0.5592 0.1154 7
    0.8938 0.8846 6
  2.8713 21 + 1
    0.8913 1 7
  3.1254 23 + 3
    0.2541 0.059338 9
    0.5862 0.640574 8
    1.1454 0.300088 7
  3.55 19 + 1
    0.4246 1 10
  3.7335 21 + 2
    0.8622 0.6026 9
    1.1943 0.3974 8
  3.7607 25 + 2
    0.6353 0.2253 10
    1.2215 0.7747 8
  3.9295 27 + 3
    0.1688 0.459405 13
    0.3795 0.03009 11
    0.8041 0.510505 10
  4.109 5 - 1
    0.1795 1 14
  4.6153 29 + 2
    0.6858 0.918372 14
    0.8546 0.081628 13
  5.0085 29 - 1
    1.079 1 14
  5.1376 31 - 1
    0.5223 1 16
  5.8386 3 - 1
    0.701 1 18
  5.8463 31 - 1
    0.8378 1 17
  5.8912 29 - 1
    1.9617 1 14
  6.2654 33 - 2
    0.4191 0.7042 20
    1.2569 0.2958 17
  6.4752 5 - 1
    0.584 1 21
  7.2934 3 - 1
    1.4548 1 19
  7.596 5 - 1
    1.1208 1 23
  7.7702 35 - 1
    1.5048 1 22

47 100 57
  0 10 + 0
  0.01552 4 + 1
    0.01552 1 0
  0.0698 12 + 1
    0.0698 1 0
  0.1184 14 + 2
    0.0486 0.5 2
    0.1184 0.5 0
  0.1247 8 + 1
    0.1247 1 0
  0.15523 6 + 1
    0.13971 1 1
  0.23615 6 + 2
    0.11145 0.069509 4
    0.22063 0.930491 1
  0.265 14 + 2
    0.1466 0.198 3
    0.1952 0.802 2
  0.30365 6 + 3
    0.14842 0.01882 5
    0.17895 0.684486 4
    0.28813 0.296694 1
  0.58339 2 - 3
    0.34724 0.1814 6
    0.42816 0.3818 5
    0.56787 0.4368 1
  0.8353 16 + 2
    0.5703 0.6066 7
    0.7655 0.3934 2
  0.88604 4 - 5
    0.30265 0.01209 9
    0.58239 0.67432 8
    0.64989 0.072522 6
    0.73081 0.181305 5
    0.87052 0.059762 1
  0.95206 2 + 3
    0.36867 0.066152 9
    0.79683 0.001025 5
    0.93654 0.932823 1
  0.9733 16 + 2
    0.7083 0.8929 7
    0.8549 0.1071 3
  1.0021 18 + 2
    0.7371 0.2127 7
    0.8837 0.7873 3
  1.03946 8 - 1
    1.02394 1 1
  1.1232 18 + 4
    0.1499 0.0377 13
    0.2879 0.1321 10
    0.8582 0.4613 7
    1.0048 0.3689 3
  1.1564 2 + 5
    0.11694 0.042729 15
    0.27036 0.111897 11
    0.57301 0.110797 9
    0.85275 0.041599 8
    1.14088 0.692979 1
  1.2127 2 + 5
    0.17324 0.124895 15
    0.62931 0.119495 9
    0.90905 0.054038 8
    1.05747 0.23989 5
    1.19718 0.461682 1
  1.39316 2 + 5
    0.4411 0.047971 12
    0.50712 0.349207 11
    0.80977 0.295106 9
    1.15701 0.01251 6
    1.37764 0.295206 1
  1.5304 20 + 1
    0.6951 1 10
  1.57431 2 + 5
    0.36161 0.03988 18
    0.53485 0.0368 15
    0.68827 0.6346 11
    0.99092 0.2538 9
    1.33816 0.03492 6
  1.607 20 + 2
    0.4838 0.925391 16
    0.7717 0.074609 10
  1.6347 16 - 1
    1.3697 1 7
  1.7231 22 + 4
    0.1161 0.2339 22
    0.1927 0.03848 20
    0.5999 0.09502 16
    0.721 0.6326 14
  1.89296 2 + 4
    0.4998 0.045286 19
    0.68026 0.11289 18
    0.9409 0.593047 12
    1.30957 0.248778 9
  1.9602 2 + 2
    1.07416 0.1667 11
    1.94468 0.8333 1
  2.0471 4 - 2
    0.5167 0.3939 20
    1.045 0.6061 14
  2.0821 18 - 1
    0.4474 1 23
  2.1207 4 - 2
    1.1186 0.4505 14
    1.1474 0.5495 13
  2.2425 20 - 1
    0.1954 1 27
  2.2498 18 - 1
    0.1291 1 29
  2.4788 20 - 4
    0.229 0.315403 31
    0.3967 0.401904 28
    0.8441 0.207102 23
    0.9484 0.075591 20
  2.5497 24 + 1
    0.8266 1 24
  2.653 26 + 2
    0.1033 0.1719 33
    0.9299 0.8281 24
  2.8567 22 - 4
    0.3779 0.586994 32
    0.6142 0.261997 30
    0.7746 0.104599 28
    1.3263 0.04641 20
  2.894 26 + 3
    0.241 0.188 34
    0.3443 0.2942 33
    1.1709 0.5178 24
  3.227 24 - 2
    0.3703 0.8126 35
    0.7482 0.1874 32
  3.4354 26 - 1
    0.2084 1 37
  3.5959 28 + 2
    0.7019 0.3634 36
    0.9429 0.6366 34
  3.7398 30 + 3
    0.1439 0.1456 39
    0.8458 0.349 36
    1.0868 0.5054 34
  3.9869 28 - 2
    0.5515 0.8731 38
    1.3339 0.1269 34
  4.0058 28 - 2
    0.5704 0.5445 38
    1.3528 0.4555 34
  4.1153 6 - 1
    0.5194 1 39
  4.1348 4 - 1
    0.6994 1 38
  4.6127 30 - 2
    0.6258 0.4716 41
    1.1773 0.5284 38
  4.6306 32 + 1
    0.8908 1 40
  5.1739 32 - 3
    0.5612 0.752638 45
    1.187 0.19491 41
    1.4341 0.052453 40
  5.3297 32 - 2
    0.1558 0.2874 47
    0.717 0.7126 45
  5.5917 34 + 2
    0.961101 0.8199 46
    1.8519 0.1801 40
  6.0163 36 + 1
    0.424599 1 49
  6.0675 34 - 2
    0.8936 0.4684 47
    1.4548 0.5316 45
  6.2271 36 - 2
    0.1596 0.3791 51
    1.0532 0.6209 47
  6.3259 36 - 1
    1.152 1 47
  7.6232 38 - 3
    1.2973 0.383362 53
    1.3961 0.176282 52
    1.5557 0.440356 51
  7.7841 38 + 1
    1.7678 1 50
  8.699 40 - 1
    1.0758 1 54

47 101 97
  0 9 + 0
  0.098 7 + 1
    0.098 1 0
  0.2741 1 - 1
    0.1761 1 1
  0.68701 11 + 1
    0.68701 1 0
  0.7502 3 - 1
    0.4761 1 2
  0.7973 5 - 2
    0.0471 0.8238 4
    0.5232 0.1762 2
  0.8614 13 + 2
    0.17439 0.1405 3
    0.8614 0.8595 0
  0.9609 3 - 3
    0.1636 0.034042 5
    0.2107 0.032412 4
    0.6868 0.933547 2
  1.02274 5 + 2
    0.92474 0.7577 1
    1.02274 0.2423 0
  1.1959 5 + 3
    0.235 0.108211 7
    1.0979 0.357836 1
    1.1959 0.533953 0
  1.2853 3 + 4
    0.488 0.040559 5
    0.5351 0.054059 4
    1.0112 0.111198 2
    1.1873 0.794184 1
  1.30099 7 + 3
    0.27825 0.077778 8
    1.20299 0.871674 1
    1.30099 0.050548 0
  1.3246 7 - 2
    1.2266 0.2806 1
    1.3246 0.7194 0
  1.3573 5 + 1
    1.2593 1 1
  1.41752 7 + 3
    0.39478 0.047048 8
    1.31952 0.236488 1
    1.41752 0.716464 0
  1.4741 9 - 1
    0.6768 1 5
  1.503 1 - 1
    0.7057 1 5
  1.57335 15 + 2
    0.71195 0.8335 6
    0.88634 0.1665 3
  1.5988 3 - 1
    0.6379 1 7
  1.6907 11 - 4
    0.3661 0.023839 12
    0.4054 0.102196 10
    1.5927 0.306488 1
    1.6907 0.567477 0
  1.7568 15 + 3
    0.18345 0.165983 17
    0.8954 0.641636 6
    1.06979 0.192381 3
  1.76944 17 + 2
    0.19609 0.1828 17
    0.90804 0.8172 6
  1.7834 9 - 2
    1.6854 0.6803 1
    1.7834 0.3197 0
  1.7949 5 - 2
    0.49391 0.090082 11
    1.6969 0.909918 1
  1.8207 1 - 4
    0.40318 0.015991 14
    0.79796 0.015991 8
    1.7227 0.940738 1
    1.8207 0.027281 0
  1.8597 3 - 2
    1.7617 0.2126 1
    1.8597 0.7874 0
  1.8946 7 + 1
    1.7966 1 1
  1.9901 5 - 3
    0.7048 0.4425 10
    1.8921 0.2345 1
    1.9901 0.323 0
  2.01639 19 + 1
    0.24695 1 21
  2.0589 3 - 4
    0.7016 0.1806 13
    0.75791 0.08333 11
    1.9609 0.6944 1
    2.0589 0.04167 0
  2.11433 17 + 1
    0.54098 1 17
  2.1299 9 - 7
    0.3092 0.237286 24
    0.335 0.056957 23
    0.7726 0.107594 13
    1.10716 0.053797 8
    1.3326 0.316481 5
    2.0319 0.053797 1
    2.1299 0.17409 0
  2.1533 1 + 1
    0.796 1 13
  2.1545 5 - 3
    0.6515 0.3174 16
    0.6804 0.3413 15
    2.0565 0.3413 1
  2.2438 7 + 2
    2.1458 0.2126 1
    2.2438 0.7874 0
  2.2696 3 - 1
    1.3087 1 7
  2.3081 5 + 1
    1.28536 1 8
  2.3871 11 - 1
    0.96958 1 14
  2.3914 7 + 4
    0.5707 0.127987 24
    0.97388 0.666633 14
    2.2934 0.10269 1
    2.3914 0.10269 0
  2.4301 9 - 6
    0.6094 0.310897 24
    0.6352 0.079829 23
    1.0728 0.04622 13
    1.12911 0.079829 11
    1.40736 0.063029 8
    1.6328 0.420196 5
  2.4476 3 + 1
    0.67816 1 21
  2.455 1 - 2
    1.0977 0.4444 13
    1.15401 0.5556 11
  2.62102 21 + 2
    0.60463 0.7523 28
    0.85158 0.2477 21
  2.6798 5 - 2
    0.6897 0.2647 27
    1.65706 0.7353 8
  2.7877 7 + 3
    0.7288 0.4464 29
    1.4304 0.2902 13
    1.9904 0.2634 5
  2.8756 3 - 4
    0.4455 0.217222 39
    1.85286 0.250925 8
    2.7776 0.374537 1
    2.8756 0.157316 0
  2.9091 5 + 1
    1.49158 1 14
  2.92101 21 + 2
    0.90462 0.7694 28
    1.15157 0.2306 21
  2.94 5 + 3
    2.1898 0.126204 4
    2.842 0.788624 1
    2.94 0.085173 0
  2.9437 9 - 2
    1.5864 0.5988 13
    1.64271 0.4012 11
  2.95598 23 + 2
    0.33496 0.2929 42
    0.93959 0.7071 28
  3.0063 7 - 1
    1.98356 1 8
  3.0102 3 - 1
    0.99381 1 28
  3.1625 1 - 2
    2.13976 0.6944 8
    3.0645 0.3056 1
  3.18769 13 + 1
    1.1713 1 28
  3.20921 21 - 1
    1.09488 1 30
  3.2288 3 + 1
    2.4315 1 5
  3.2595 7 - 1
    1.84198 1 14
  3.37346 5 + 1
    1.60402 1 21
  3.3804 9 - 1
    0.9503 1 39
  3.4004 11 + 1
    1.8016 1 18
  3.4304 1 - 1
    2.01288 1 14
  3.57781 25 + 2
    0.62183 0.6762 50
    0.95679 0.3238 42
  3.61456 3 - 2
    0.2411 0.7752 58
    1.84512 0.2248 21
  3.79586 5 + 4
    0.1813 0.4798 63
    0.4224 0.1392 58
    0.58665 0.3071 55
    1.77947 0.0739 28
  3.80067 23 - 1
    0.59146 1 55
  3.86927 23 - 5
    0.07341 0.1841 64
    0.68158 0.1182 54
    0.91329 0.2689 50
    0.94826 0.3684 47
    1.24825 0.0604 42
  4.15862 27 + 2
    0.58081 0.1808 62
    1.20264 0.8192 50
  4.21622 25 - 2
    0.34695 0.8494 66
    0.41555 0.1506 65
  4.31413 25 + 1
    0.51346 1 65
  4.57157 29 + 2
    0.41295 0.1816 67
    0.99376 0.8184 62
  4.5855 7 - 1
    1.00769 1 62
  4.74914 27 - 3
    0.43501 0.077509 69
    0.53292 0.734993 68
    0.87987 0.187498 66
  4.7895 5 + 1
    0.63088 1 67
  4.80113 3 + 2
    0.64251 0.6849 67
    1.22332 0.3151 62
  4.8416 7 - 1
    0.52747 1 69
  5.13419 29 - 2
    0.38505 0.7595 72
    0.91797 0.2405 68
  5.1596 9 + 1
    0.5741 1 71
  5.1838 5 + 1
    0.3422 1 75
  5.29958 31 + 3
    0.49845 0.061353 74
    0.72801 0.661333 70
    1.14096 0.277314 67
  5.67836 31 - 2
    0.54417 0.901227 76
    0.92922 0.098773 72
  5.7551 3 - 1
    0.95397 1 74
  5.9769 1 + 3
    0.7931 0.081482 78
    0.84271 0.857626 76
    1.1353 0.060892 75
  5.984 7 - 2
    0.68442 0.7576 79
    1.18287 0.2424 74
  6.19681 33 - 2
    0.51845 0.8271 80
    1.06262 0.1729 76
  6.3077 5 + 1
    1.00812 1 79
  6.4819 3 + 1
    0.505 1 82
  6.5993 9 - 2
    0.40249 0.3548 84
    1.46511 0.6452 76
  6.9175 35 - 4
    0.3182 0.021759 87
    0.4356 0.026869 86
    0.72069 0.641481 84
    1.23914 0.309891 80
  7.3935 37 - 2
    0.476 0.6508 88
    1.19669 0.3492 84
  7.411 5 + 1
    1.427 1 83
  7.81 7 + 1
    1.3281 1 86
  8.3461 3 + 2
    0.9526 0.7407 89
    1.4286 0.2593 88
  8.5473 41 - 2
    0.2012 0.1596 92
    1.1538 0.8404 89
  9.6294 1 + 1
    1.0821 1 93
  9.6353 5 - 1
    1.088 1 93
  10.7063 7 + 1
    1.071 1 95

47 102 53
  0 10 + 0
  0.0094 4 + 1
    0.0094 1 0
  0.09745 8 + 1
    0.09745 1 0
  0.12554 6 + 1
    0.11614 1 1
  0.141 12 + 1
    0.141 1 0
  0.15649 6 + 3
    0.05904 0.820457 2
    0.14709 0.116908 1
    0.15649 0.062634 0
  0.181 14 + 1
    0.04 1 4
  0.1868 10 + 2
    0.08935 0.6761 2
    0.1868 0.3239 0
  0.3361 12 + 2
    0.1493 0.7088 7
    0.3361 0.2912 0
  0.36998 4 + 3
    0.21349 0.569472 5
    0.24444 0.017949 3
    0.36058 0.412579 1
  0.382 14 + 1
    0.0459 1 8
  0.49044 2 + 2
    0.12046 0.053991 9
    0.48104 0.946009 1
  0.54059 2 - 3
    0.3841 0.017349 5
    0.41505 0.867257 3
    0.53119 0.115394 1
  0.8456 16 + 1
    0.6646 1 6
  0.9217 16 + 1
    0.5397 1 10
  1.0201 18 + 2
    0.1745 0.1291 13
    0.8391 0.8709 6
  1.04559 2 + 3
    0.505 0.2963 12
    0.67561 0.1643 9
    1.03619 0.5394 1
  1.2008 18 + 2
    0.2791 0.8367 14
    0.8188 0.1633 10
  1.369 2 + 2
    0.99902 0.045829 9
    1.3596 0.954171 1
  1.449 2 + 2
    1.07902 0.2648 9
    1.4396 0.7352 1
  1.5488 16 - 2
    0.7032 0.5237 13
    1.3678 0.4763 6
  1.7062 18 - 3
    0.1574 0.813492 20
    0.6861 0.03471 15
    0.8606 0.151798 13
  1.7272 2 + 1
    1.7178 1 1
  1.7658 20 + 1
    0.7457 1 15
  1.8378 20 + 1
    0.637 1 17
  1.896 22 + 2
    0.1302 0.043619 23
    0.8759 0.956381 15
  1.9654 2 + 1
    1.956 1 1
  2.1039 20 - 2
    0.3977 0.8974 21
    0.5551 0.1026 20
  2.117 4 - 1
    0.0131 1 27
  2.179 20 - 1
    0.4728 1 21
  2.2035 6 - 1
    1.1834 1 15
  2.3777 20 - 1
    0.2607 1 28
  2.4534 22 - 2
    0.3495 0.935337 27
    0.7472 0.064663 21
  2.533 22 - 1
    0.354 1 29
  2.6145 22 - 1
    0.2368 1 31
  2.6185 4 - 1
    0.415 1 30
  2.689 8 - 1
    0.51 1 29
  2.847 26 + 1
    0.951 1 25
  2.889 24 - 1
    0.2745 1 34
  2.9198 24 - 1
    0.4664 1 32
  2.937 24 - 1
    0.404 1 33
  3.0426 24 + 1
    0.1956 1 37
  3.1571 26 - 1
    0.2681 1 38
  3.1945 26 - 1
    0.2747 1 39
  3.4072 26 - 2
    0.4874 0.7529 39
    0.9538 0.2471 32
  3.7117 28 - 3
    0.3045 0.462554 44
    0.5172 0.382662 43
    0.5546 0.154785 42
  4.0945 28 + 1
    1.2475 1 37
  4.1781 30 - 1
    0.4664 1 45
  4.6808 32 - 1
    0.5027 1 47
  4.7455 6 - 1
    0.651 1 46
  5.164 34 - 1
    0.4832 1 48
  5.6441 36 - 1
    0.4801 1 50
  6.1075 38 - 1
    0.4634 1 51

47 103 118
  0 7 + 0
  0.02754 9 + 1
    0.02754 1 0
  0.13445 1 - 1
    0.13445 1 0
  0.52141 3 - 1
    0.38696 1 2
  0.59058 11 + 1
    0.56304 1 1
  0.720895 5 - 2
    0.199485 0.0556 3
    0.586445 0.9444 2
  0.851 13 + 2
    0.26042 0.3858 4
    0.82346 0.6142 1
  1.07991 5 + 2
    1.05237 0.1742 1
    1.07991 0.8258 0
  1.08353 5 - 2
    0.56212 0.2254 3
    0.94908 0.7746 2
  1.09928 5 + 2
    1.07174 0.2355 1
    1.09928 0.7645 0
  1.21083 1 - 2
    0.489935 0.73 5
    0.68942 0.27 3
  1.2579 5 + 2
    0.537005 0.7043 5
    0.73649 0.2957 3
  1.31168 7 + 3
    0.7211 0.25739 4
    1.28414 0.085437 1
    1.31168 0.657174 0
  1.42207 3 + 1
    1.28762 1 2
  1.4618 5 + 3
    0.740905 0.01157 5
    1.43426 0.02411 1
    1.4618 0.964319 0
  1.47623 5 + 3
    0.37695 0.01978 9
    1.44869 0.723915 1
    1.47623 0.256305 0
  1.4909 15 + 2
    0.6399 0.8267 6
    0.90032 0.1733 4
  1.552 3 - 1
    1.552 1 0
  1.55696 9 - 2
    0.47705 0.093964 7
    1.55696 0.906036 0
  1.70518 3 + 6
    0.24338 0.290606 14
    0.62527 0.197204 7
    0.984285 0.099682 5
    1.18377 0.071991 3
    1.57073 0.246405 2
    1.70518 0.094112 0
  1.776 7 - 4
    0.67672 0.148999 9
    0.69609 0.04101 7
    1.74846 0.683493 1
    1.776 0.126499 0
  1.8218 17 + 2
    0.3309 0.3977 16
    0.9708 0.6023 6
  1.8253 7 - 2
    0.268345 0.1071 18
    1.8253 0.8929 0
  1.8286 9 - 2
    1.30719 0.4083 3
    1.69415 0.5917 2
  1.85669 1 - 1
    1.85669 1 0
  1.88 3 - 1
    1.88 1 0
  1.90114 11 + 1
    1.76669 1 2
  1.90697 7 - 2
    0.80769 0.4152 9
    1.90697 0.5848 0
  1.95797 9 - 5
    0.49617 0.059255 14
    0.85869 0.080976 9
    0.87806 0.100708 7
    1.93043 0.658353 1
    1.95797 0.100708 0
  1.96855 3 - 4
    0.54648 0.16219 13
    1.24765 0.063056 5
    1.44714 0.324281 3
    1.8341 0.450473 2
  2.01207 1 + 2
    1.98453 0.3103 1
    2.01207 0.6897 0
  2.02053 7 - 3
    0.46357 0.2892 18
    0.59846 0.2206 13
    1.49912 0.4902 3
  2.02258 11 + 1
    2.02258 1 0
  2.066 3 - 1
    1.215 1 6
  2.08899 13 + 7
    0.18785 0.077222 26
    0.53203 0.175781 18
    0.62719 0.399456 14
    0.66692 0.071892 13
    1.00546 0.079881 8
    1.00908 0.083881 7
    1.56758 0.111888 3
  2.12505 5 - 2
    2.09751 0.5525 1
    2.12505 0.4475 0
  2.13303 9 + 1
    2.13303 1 0
  2.1597 15 - 1
    1.3087 1 6
  2.16765 7 + 3
    1.06837 0.2857 9
    1.08774 0.3175 7
    2.16765 0.3968 0
  2.19937 3 + 11
    0.29823 0.021082 26
    0.31937 0.005272 25
    0.37077 0.015812 23
    0.49419 0.116011 19
    0.64241 0.069397 18
    0.64737 0.036364 17
    0.72314 0.270827 15
    0.73757 0.023782 14
    1.67796 0.032943 3
    2.06492 0.079078 2
    2.19937 0.329433 0
  2.2066 1 - 1
    1.68519 1 3
  2.2308 5 - 1
    0.1648 1 33
  2.24515 7 + 1
    2.24515 1 0
  2.2484 3 - 1
    0.7575 1 16
  2.27381 9 + 3
    0.72181 0.1429 17
    0.96213 0.236 12
    2.27381 0.6211 0
  2.2879 5 - 2
    1.20799 0.5435 7
    2.2879 0.4565 0
  2.33027 19 + 2
    0.50847 0.533 21
    0.83937 0.467 16
  2.3561 1 - 2
    2.32856 0.4012 1
    2.3561 0.5988 0
  2.40111 7 + 8
    0.52111 0.005076 25
    0.54442 0.077827 24
    0.92488 0.027069 15
    0.93931 0.050758 14
    1.08943 0.152295 12
    1.30183 0.084597 9
    2.37357 0.338388 1
    2.40111 0.26399 0
  2.43945 3 - 7
    0.66345 0.086047 20
    0.88249 0.098738 18
    0.88745 0.065825 17
    0.96322 0.470138 15
    1.35954 0.070526 7
    2.41191 0.059715 1
    2.43945 0.149012 0
  2.46278 3 + 1
    1.94137 1 3
  2.48514 5 - 3
    1.02334 0.1224 14
    2.4576 0.1973 1
    2.48514 0.6803 0
  2.52109 11 + 6
    0.55254 0.1608 29
    0.81591 0.1608 19
    1.44118 0.2281 7
    1.99968 0.07895 3
    2.38664 0.2924 2
    2.52109 0.07895 0
  2.5291 19 + 2
    0.2807 0.1301 43
    0.7073 0.8699 21
  2.5725 15 - 1
    1.7215 1 6
  2.5745 7 - 1
    0.3437 1 41
  2.58697 9 + 1
    1.03497 1 17
  2.59773 5 - 4
    1.04573 0.2301 17
    1.51782 0.1548 7
    2.57019 0.4184 1
    2.59773 0.1967 0
  2.6581 1 + 3
    0.8821 0.5291 20
    1.93721 0.1852 5
    2.6581 0.2857 0
  2.66209 7 - 3
    0.78209 0.137414 25
    0.836785 0.388639 22
    2.66209 0.473947 0
  2.70786 3 + 4
    0.74989 0.160202 28
    0.93186 0.257303 20
    1.24606 0.097091 14
    2.70786 0.485405 0
  2.74338 5 - 3
    0.774835 0.117605 29
    2.02249 0.065363 5
    2.71584 0.817033 1
  2.7781 9 + 2
    2.25669 0.5882 3
    2.7781 0.4118 0
  2.7961 11 - 2
    2.76856 0.8475 1
    2.7961 0.1525 0
  2.81969 21 + 3
    0.29059 0.1325 53
    0.48942 0.3492 46
    0.99789 0.5183 21
  2.8219 5 - 3
    1.3601 0.324768 14
    2.30049 0.427357 3
    2.68745 0.247875 2
  2.85552 3 + 2
    1.75624 0.3333 9
    2.85552 0.6667 0
  2.8692 17 - 2
    0.2947 0.2903 55
    1.3783 0.7097 16
  2.88884 7 + 9
    0.86626 0.162482 32
    0.86831 0.098819 31
    0.92029 0.103889 29
    0.9877 0.103889 26
    1.41261 0.167482 15
    1.80893 0.167482 7
    2.16795 0.028477 5
    2.36743 0.127286 3
    2.75439 0.040196 2
  2.914 1 - 1
    1.4231 1 16
  2.9355 5 + 1
    0.60523 1 46
  2.98061 3 - 5
    1.15531 0.105789 22
    1.42861 0.341266 17
    1.66893 0.20138 12
    2.95307 0.150185 1
    2.98061 0.20138 0
  3.00553 9 + 1
    1.5293 1 15
  3.0517 17 - 1
    0.892 1 37
  3.061 17 - 1
    1.5701 1 16
  3.1222 19 - 3
    0.253 0.238188 67
    0.5477 0.041748 55
    1.3004 0.720064 21
  3.1888 7 + 3
    1.6368 0.39526 17
    3.16126 0.292471 1
    3.1888 0.312269 0
  3.2221 19 - 1
    1.4003 1 21
  3.2389 17 - 1
    1.748 1 16
  3.3042 21 - 1
    0.97393 1 46
  3.3211 23 + 2
    0.50141 0.3432 64
    0.99083 0.6568 46
  3.3574 21 - 2
    0.1353 0.1998 77
    0.2352 0.8002 75
  3.4197 19 - 2
    0.1808 0.7374 78
    0.3587 0.2626 74
  3.439 21 - 4
    0.2169 0.1557 77
    0.3168 0.3512 75
    0.9099 0.1966 53
    1.10873 0.2965 46
  3.5991 23 - 4
    0.1601 0.464272 83
    0.2417 0.064856 81
    0.6636 0.158291 70
    0.77941 0.312581 64
  3.6669 23 - 3
    0.3095 0.530979 81
    0.3458 0.057538 80
    0.3627 0.411484 79
  3.709 21 - 1
    0.2893 1 82
  3.862 25 + 2
    0.5409 0.7583 80
    1.04231 0.2417 64
  3.9361 25 - 1
    0.337 1 84
  3.9913 23 - 3
    0.2823 0.666167 86
    0.6339 0.034548 81
    0.8691 0.299285 75
  4.0293 25 - 1
    0.3624 1 85
  4.0817 25 - 2
    0.4148 0.8967 85
    0.7243 0.1033 81
  4.3597 25 - 3
    0.3684 0.5077 89
    0.6928 0.3167 85
    1.0023 0.1756 81
  4.3733 27 - 2
    0.4372 0.921291 88
    0.7742 0.078709 84
  4.4451 27 - 2
    0.3634 0.6874 91
    0.7782 0.3126 85
  4.4971 27 + 2
    0.6351 0.7358 87
    1.176 0.2642 80
  4.7921 27 - 2
    0.4324 0.7646 92
    0.8008 0.2354 89
  4.7936 29 - 1
    0.420301 1 93
  4.9611 29 - 2
    0.516 0.6221 94
    0.8794 0.3779 91
  5.1749 29 - 2
    0.3828 0.8559 96
    0.8152 0.1441 92
  5.3219 31 - 2
    0.528299 0.5 97
    0.9486 0.5 93
  5.3541 27 - 1
    1.2724 1 91
  5.3874 25 + 1
    1.7205 1 85
  5.4883 31 - 2
    0.5272 0.5791 98
    1.0432 0.4209 94
  5.6081 31 - 1
    0.4332 1 99
  5.7819 29 - 2
    0.4278 0.001912 101
    1.3368 0.998088 94
  5.8257 33 - 2
    0.5038 0.7642 100
    1.0321 0.2358 97
  6.1509 33 - 1
    0.5428 1 104
  6.1843 31 - 3
    0.4024 0.590424 105
    0.8302 0.316013 101
    1.2232 0.093564 98
  6.298 33 - 2
    0.8097 0.2597 103
    1.3369 0.7403 98
  6.4107 35 - 2
    0.585 0.6903 106
    1.0888 0.3097 100
  6.6718 33 - 1
    0.4875 1 108
  7.1754 35 - 1
    0.5036 1 111
  7.688 37 - 1
    0.5126 1 112
  8.2579 39 - 1
    0.569901 1 113
  10.168 5 + 2
    9.64659 0.5 3
    10.1405 0.5 1
  10.325 3 + 2
    10.1906 0.5 2
    10.325 0.5 0
  10.45 5 + 2
    9.92859 0.5 3
    10.4225 0.5 1

47 104 79
  0 10 + 0
  0.0069 4 + 1
    0.0069 1 0
  0.09056 2 + 1
    0.08366 1 1
  0.11265 12 + 1
    0.11265 1 0
  0.13062 6 + 1
    0.12372 1 1
  0.15734 4 + 2
    0.06678 0.9763 2
    0.15044 0.0237 1
  0.212 14 + 2
    0.09935 0.95291 3
    0.212 0.04709 0
  0.2313 6 + 2
    0.07396 0.5 5
    0.2244 0.5 1
  0.25845 16 + 1
    0.1458 1 3
  0.26959 8 + 3
    0.13897 0.333333 4
    0.17903 0.333333 2
    0.26959 0.333333 0
  0.28496 12 + 1
    0.07296 1 6
  0.34267 6 - 4
    0.18533 0.25 5
    0.21205 0.25 4
    0.25211 0.25 2
    0.33577 0.25 1
  0.34816 2 - 2
    0.2576 0.5 2
    0.34126 0.5 1
  0.38404 10 + 1
    0.11445 1 9
  0.3904 8 + 2
    0.1591 0.5 7
    0.23306 0.5 5
  0.43366 4 - 6
    0.0855 0.166667 12
    0.09099 0.166667 11
    0.27632 0.166667 5
    0.30304 0.166667 4
    0.3431 0.166667 2
    0.42676 0.166667 1
  0.4632 6 - 4
    0.11504 0.25 12
    0.12053 0.25 11
    0.30586 0.25 5
    0.33258 0.25 4
  0.48008 14 + 1
    0.36743 1 3
  0.4916 4 + 4
    0.2603 0.25 7
    0.33426 0.25 5
    0.40104 0.25 2
    0.4847 0.25 1
  0.5029 8 - 1
    0.1125 1 14
  0.53495 6 - 4
    0.19228 0.25 11
    0.37761 0.25 5
    0.40433 0.25 4
    0.52805 0.25 1
  0.5707 6 - 3
    0.41336 0.333333 5
    0.44008 0.333333 4
    0.5638 0.333333 1
  0.57963 4 + 5
    0.14597 0.2 15
    0.42229 0.2 5
    0.44901 0.2 4
    0.48907 0.2 2
    0.57273 0.2 1
  0.5902 4 - 1
    0.5833 1 1
  0.603 12 - 1
    0.21896 1 13
  0.6449 4 + 1
    0.29674 1 12
  0.6522 8 + 3
    0.21854 0.333333 15
    0.49486 0.333333 5
    0.6453 0.333333 1
  0.6755 6 - 2
    0.54488 0.5 4
    0.6686 0.5 1
  0.6991 2 + 4
    0.11947 0.25 22
    0.26544 0.25 15
    0.35094 0.25 12
    0.35643 0.25 11
  0.7049 2 - 4
    0.16995 0.25 20
    0.2417 0.25 16
    0.27124 0.25 15
    0.36223 0.25 11
  0.7165 2 + 3
    0.55916 0.224111 5
    0.62594 0.076954 2
    0.7096 0.698935 1
  0.741 18 - 1
    0.45604 1 10
  0.7473 0 + 1
    0.7404 1 1
  0.7635 4 + 5
    0.18387 0.2 22
    0.22855 0.2 20
    0.32984 0.2 15
    0.41534 0.2 12
    0.7566 0.2 1
  0.79682 16 + 2
    0.31674 0.6208 17
    0.58482 0.3792 6
  0.79895 4 - 2
    0.64161 0.5 5
    0.79205 0.5 1
  0.801 10 + 1
    0.589 1 6
  0.8321 4 - 2
    0.48394 0.5 12
    0.8252 0.5 1
  0.8473 6 + 2
    0.49914 0.5 12
    0.616 0.5 7
  0.9321 8 - 2
    0.58943 0.5 11
    0.77476 0.5 5
  0.9454 4 - 2
    0.36577 0.5 22
    0.60273 0.5 11
  0.95988 12 - 4
    0.57584 0.1241 13
    0.67492 0.376 10
    0.74788 0.3759 6
    0.84723 0.124 3
  0.96136 14 + 3
    0.48128 0.333333 17
    0.6132 0.333333 12
    0.80402 0.333333 5
  0.9999 2 - 1
    0.86928 1 4
  1.02663 14 - 3
    0.06675 0.5138 41
    0.74167 0.1313 10
    0.81463 0.3549 6
  1.0483 8 - 2
    0.89096 0.5 5
    1.0414 0.5 1
  1.0615 0 - 2
    0.71334 0.5 12
    0.71883 0.5 11
  1.07708 16 - 3
    0.05045 0.432096 44
    0.28026 0.065809 34
    0.86508 0.502095 6
  1.0812 2 - 1
    0.28438 1 34
  1.0948 6 - 1
    1.0879 1 1
  1.1133 10 - 2
    0.95596 0.5 5
    1.02274 0.5 2
  1.11861 18 + 2
    0.32179 0.169 34
    0.90661 0.831 6
  1.1854 8 - 1
    1.1785 1 1
  1.2524 18 - 1
    0.17532 1 47
  1.2734 2 + 1
    1.0614 1 6
  1.3101 6 - 1
    0.23302 1 47
  1.5986 20 - 2
    0.3462 0.8015 53
    0.52152 0.1985 47
  1.9313 22 - 2
    0.3327 0.8086 56
    0.6789 0.1914 53
  2.1806 22 + 1
    1.06199 1 51
  2.3756 24 - 2
    0.4443 0.801 57
    0.777 0.199 56
  2.8198 26 - 2
    0.4442 0.8483 59
    0.8885 0.1517 57
  3.0404 24 - 1
    1.1091 1 57
  3.3011 28 - 2
    0.4813 0.7945 60
    0.9255 0.2055 59
  3.3506 26 - 2
    0.3102 0.467 61
    0.975 0.533 59
  3.6477 28 - 2
    0.2971 0.5398 63
    0.8279 0.4602 60
  3.6685 6 - 2
    0.3674 0.2481 62
    0.8487 0.7519 60
  3.8096 30 - 2
    0.5085 0.7052 62
    0.9898 0.2948 60
  4.0967 30 - 1
    0.449 1 64
  4.3302 32 - 2
    0.5206 0.626 66
    1.0291 0.374 62
  4.4241 28 + 1
    1.6043 1 60
  4.6237 32 - 1
    0.527001 1 67
  4.7854 30 + 2
    0.3613 0.2808 69
    1.4843 0.7192 62
  4.9004 34 - 1
    0.5702 1 68
  5.166 32 + 2
    0.3806 0.5842 71
    1.3564 0.4158 66
  5.5288 36 - 2
    0.6284 0.5007 72
    1.1986 0.4993 68
  5.572 34 + 1
    0.406 1 73
  6.052 36 + 1
    0.480001 1 75
  6.596 38 + 1
    0.543999 1 76
  7.159 40 + 1
    0.563 1 77

47 105 148
  0 1 - 0
  0.025479 7 + 1
    0.025479 1 0
  0.05315 9 + 1
    0.027671 1 1
  0.34686 3 - 2
    0.29371 0.021839 2
    0.34686 0.978161 0
  0.43322 5 - 2
    0.08636 0.053828 3
    0.43322 0.946172 0
  0.6146 7 + 2
    0.56145 0.0394 2
    0.589121 0.9606 1
  0.66862 1 + 1
    0.61547 1 2
  0.802 11 + 2
    0.1874 0.5 5
    0.776521 0.5 1
  0.87782 3 - 2
    0.53096 0.2605 3
    0.87782 0.7395 0
  0.91728 13 + 2
    0.24866 0.2325 6
    0.86413 0.7675 2
  0.987311 5 + 3
    0.640451 0.010131 3
    0.934161 0.210415 2
    0.961832 0.779455 1
  1.02367 7 - 2
    0.59045 0.7146 4
    0.67681 0.2854 3
  1.04266 5 - 3
    0.60944 0.2732 4
    0.6958 0.1926 3
    1.04266 0.5342 0
  1.09717 9 + 2
    1.04402 0.2064 2
    1.07169 0.7936 1
  1.16628 9 - 1
    0.73306 1 4
  1.24338 3 - 3
    0.81016 0.543489 4
    0.89652 0.374992 3
    1.2179 0.081518 1
  1.29489 1 + 4
    0.307579 0.0469 10
    0.41707 0.01109 8
    0.94803 0.691207 3
    1.29489 0.250803 0
  1.31151 7 - 4
    0.324199 0.474391 10
    0.43369 0.190496 8
    0.96465 0.235895 3
    1.31151 0.099218 0
  1.32793 5 + 3
    0.340619 0.074409 10
    1.27478 0.185098 2
    1.30245 0.740493 1
  1.3454 3 - 2
    0.67678 0.2126 6
    0.7308 0.7874 5
  1.38629 11 + 2
    0.398979 0.091727 10
    1.36081 0.908273 1
  1.41606 5 - 1
    1.41606 1 0
  1.44155 15 + 3
    0.454239 0.025 10
    1.3884 0.625 2
    1.41607 0.35 1
  1.54321 3 - 2
    0.19781 0.5 19
    1.19635 0.5 3
  1.55788 3 + 8
    0.17159 0.019459 20
    0.22995 0.027079 18
    0.26299 0.066108 16
    0.570569 0.038359 10
    1.12466 0.033159 4
    1.21102 0.072088 3
    1.5324 0.023069 1
    1.55788 0.720678 0
  1.5727 11 + 2
    1.51955 0.3671 2
    1.54722 0.6329 1
  1.58686 1 + 4
    0.29197 0.3023 16
    0.34348 0.0376 15
    1.24 0.3838 3
    1.58686 0.2763 0
  1.63576 7 - 7
    0.24947 0.013249 20
    0.30783 0.251685 18
    0.32425 0.018539 17
    0.648449 0.441473 10
    0.75794 0.023839 8
    1.58261 0.177489 2
    1.61028 0.073726 1
  1.63939 3 + 7
    0.253095 0.014921 20
    0.311455 0.284214 18
    0.327875 0.021181 17
    0.542215 0.238612 13
    0.761565 0.026551 8
    1.61391 0.082904 1
    1.63939 0.331617 0
  1.643 5 - 2
    1.61752 0.5 1
    1.643 0.5 0
  1.6562 9 - 1
    0.61354 1 12
  1.66584 13 + 3
    0.74856 0.2073 9
    0.99722 0.5744 6
    1.61269 0.2183 2
  1.66955 5 - 4
    0.28326 0.1316 20
    0.682239 0.02825 10
    1.32269 0.09665 3
    1.64407 0.7435 1
  1.68098 15 + 2
    0.7637 0.6859 9
    1.01236 0.3141 6
  1.69079 7 - 6
    0.13291 0.01357 24
    0.24924 0.016961 22
    0.36286 0.01357 18
    0.703479 0.213706 10
    1.34393 0.063772 3
    1.66531 0.67842 1
  1.706 9 - 2
    1.27278 0.5 4
    1.68052 0.5 1
  1.71882 5 + 2
    1.66567 0.090909 2
    1.69334 0.909091 1
  1.73394 15 + 2
    0.81666 0.3174 9
    1.06532 0.6826 6
  1.75017 7 - 6
    0.19229 0.063623 24
    0.42224 0.063623 18
    0.762859 0.013421 10
    1.40331 0.278311 3
    1.69702 0.084003 2
    1.72469 0.49702 1
  1.757 1 - 2
    1.32378 0.5 4
    1.757 0.5 0
  1.79444 7 + 3
    0.46651 0.2498 18
    1.36122 0.5907 4
    1.74129 0.1595 2
  1.828 3 - 2
    1.15938 0.5 6
    1.48114 0.5 3
  1.843 5 + 2
    1.49614 0.5 3
    1.78985 0.5 2
  1.8589 9 - 2
    1.2443 0.1228 5
    1.80575 0.8772 2
  1.875 3 + 2
    1.84952 0.5 1
    1.875 0.5 0
  1.8834 9 + 4
    0.896089 0.3023 10
    0.96612 0.2992 9
    1.83025 0.2838 2
    1.85792 0.1147 1
  1.88574 5 - 5
    0.44419 0.1176 22
    0.49945 0.2353 20
    0.55781 0.2353 18
    0.78857 0.1765 13
    1.86026 0.2353 1
  1.921 1 - 2
    1.48778 0.5 4
    1.921 0.5 0
  1.92298 7 + 8
    0.12854 0.003064 40
    0.17281 0.025349 38
    0.23219 0.028269 34
    0.25343 0.049228 32
    0.82581 0.041019 13
    1.48976 0.150195 4
    1.86983 0.215493 2
    1.8975 0.487383 1
  1.959 1 - 2
    1.52578 0.5 4
    1.959 0.5 0
  1.97796 17 + 2
    0.29698 0.1116 33
    1.06068 0.8884 9
  1.98635 5 + 9
    0.29556 0.004513 34
    0.3168 0.078221 32
    0.5448 0.004513 22
    0.65842 0.01056 18
    0.88918 0.079831 13
    0.999039 0.02962 10
    1.55313 0.01053 4
    1.9332 0.501407 2
    1.96087 0.280804 1
  2.02254 17 + 3
    0.2886 0.071291 37
    0.34156 0.231902 33
    1.10526 0.696807 9
  2.029 3 - 2
    1.36038 0.5 6
    1.68214 0.5 3
  2.061 11 - 2
    1.14372 0.5 9
    2.00785 0.5 2
  2.08161 7 - 4
    0.36279 0.01967 36
    0.98444 0.07213 13
    2.02846 0.6557 2
    2.05613 0.2525 1
  2.086 3 + 2
    2.06052 0.5 1
    2.086 0.5 0
  2.093 5 - 2
    2.06752 0.5 1
    2.093 0.5 0
  2.111 7 + 2
    1.67778 0.5 4
    2.08552 0.5 1
  2.11349 3 - 1
    0.94721 1 14
  2.127 1 - 2
    1.69378 0.5 4
    2.127 0.5 0
  2.1444 5 + 1
    1.79754 1 3
  2.15641 3 + 8
    0.48686 0.082028 32
    0.59853 0.151597 24
    0.71486 0.02413 22
    0.77012 0.072379 20
    0.82848 0.01208 18
    1.1691 0.144897 10
    1.80955 0.030399 3
    2.15641 0.48249 0
  2.166 9 - 2
    1.73278 0.5 4
    2.14052 0.5 1
  2.197 11 + 2
    1.5824 0.5 5
    2.17152 0.5 1
  2.22 5 - 2
    2.19452 0.5 1
    2.22 0.5 0
  2.24959 3 + 11
    0.49942 0.019059 38
    0.58004 0.036209 32
    0.610205 0.063767 28
    0.66273 0.051618 26
    0.69171 0.027389 24
    0.92166 0.308888 18
    0.9547 0.018129 16
    1.00621 0.048278 15
    1.26228 0.024159 10
    1.90273 0.084817 3
    2.24959 0.317687 0
  2.252 7 - 2
    1.90514 0.5 3
    2.19885 0.5 2
  2.2565 5 + 7
    0.46206 0.041639 40
    0.92857 0.026879 18
    1.15933 0.029009 13
    1.23283 0.057998 11
    1.82328 0.134196 4
    1.90964 0.536884 3
    2.23102 0.173395 1
  2.27598 5 + 1
    1.92912 1 3
  2.2772 17 + 2
    1.35992 0.8198 9
    2.22405 0.1802 2
  2.29898 17 + 1
    0.56504 1 37
  2.30037 9 - 6
    0.63082 0.112803 32
    0.85882 0.304909 22
    0.97244 0.170705 18
    1.42255 0.085373 8
    1.86715 0.143304 4
    1.95351 0.182905 3
  2.3083 3 + 10
    0.0518 0.096007 68
    0.55813 0.048049 38
    0.61751 0.096097 34
    0.72144 0.025229 26
    0.86675 0.059488 22
    0.89224 0.228793 21
    1.01341 0.132896 16
    1.87508 0.114397 4
    1.96144 0.066348 3
    2.3083 0.132696 0
  2.31308 19 + 2
    0.29054 0.263 52
    0.57914 0.737 37
  2.31481 5 + 8
    0.52037 0.1841 40
    0.62402 0.1061 34
    0.72795 0.09041 26
    0.98688 0.2656 18
    1.14853 0.01595 14
    1.3275 0.07699 10
    1.88159 0.2123 4
    2.28933 0.04855 1
  2.32604 5 + 16
    0.40306 0.00181 48
    0.57587 0.001792 38
    0.60722 0.471506 36
    0.63525 0.060351 34
    0.65649 0.008864 32
    0.73918 0.002362 26
    0.88449 0.074491 22
    0.99811 0.01841 18
    1.03115 0.006135 16
    1.08266 0.007544 15
    1.22887 0.03067 13
    1.28338 0.002971 12
    1.30237 0.01179 11
    1.33873 0.082091 10
    1.89282 0.089111 4
    2.27289 0.130102 2
  2.32783 7 - 5
    0.65828 0.020831 32
    0.69207 0.034722 27
    0.94154 0.138907 20
    1.34052 0.694435 10
    1.89461 0.111106 4
  2.33333 3 + 9
    0.58316 0.019062 38
    0.64254 0.020982 34
    0.693945 0.020142 28
    0.74647 0.12081 26
    0.77545 0.043403 24
    1.03844 0.132311 16
    1.90011 0.026342 4
    1.98647 0.170514 3
    2.33333 0.446436 0
  2.3465 1 - 2
    1.91328 0.5 4
    2.3465 0.5 0
  2.359 7 - 2
    2.01214 0.5 3
    2.30585 0.5 2
  2.37179 9 - 4
    0.57735 0.102594 40
    1.20551 0.043957 14
    1.93857 0.732556 4
    2.31864 0.120893 2
  2.40062 3 + 9
    0.70983 0.200298 34
    0.81376 0.060949 26
    0.84274 0.104099 24
    1.10573 0.04567 16
    1.41331 0.223198 10
    1.5228 0.03042 8
    2.05376 0.253497 3
    2.37514 0.01191 1
    2.40062 0.069959 0
  2.409 11 - 2
    1.49172 0.5 9
    2.35585 0.5 2
  2.41929 7 - 7
    0.70047 0.125301 36
    0.74974 0.110901 32
    0.97774 0.168402 22
    1.033 0.205302 20
    1.09136 0.084191 18
    1.32212 0.178602 13
    1.43198 0.127301 10
  2.42309 3 + 5
    0.83623 0.043629 26
    0.98154 0.242695 22
    1.09516 0.02491 18
    2.07623 0.066579 3
    2.42309 0.622188 0
  2.429 1 - 2
    1.99578 0.5 4
    2.429 0.5 0
  2.43705 3 + 4
    0.85019 0.118388 26
    0.87917 0.167683 24
    2.00383 0.492351 4
    2.43705 0.221578 0
  2.445 13 - 2
    1.27872 0.5 14
    1.643 0.5 7
  2.44721 9 - 5
    1.06092 0.1055 20
    1.11928 0.156 18
    1.35004 0.1055 13
    1.4599 0.4587 10
    2.01399 0.1743 4
  2.4616 17 + 1
    1.54432 1 9
  2.4698 15 - 1
    1.55252 1 9
  2.47299 7 - 5
    0.7822 0.048248 34
    1.03144 0.184193 22
    1.14506 0.035089 18
    1.37582 0.293888 13
    1.48568 0.438582 10
  2.486 5 - 2
    2.46052 0.5 1
    2.486 0.5 0
  2.4948 1 + 2
    2.06158 0.7874 4
    2.46932 0.2126 1
  2.49694 15 - 1
    1.57966 1 9
  2.502 5 + 2
    2.15514 0.5 3
    2.44885 0.5 2
  2.521 1 - 2
    2.08778 0.5 4
    2.521 0.5 0
  2.534 7 + 2
    2.10078 0.5 4
    2.50852 0.5 1
  2.55068 9 - 7
    0.75624 0.067566 40
    0.80051 0.112593 38
    0.9928 0.101394 24
    1.10913 0.090085 22
    2.11746 0.213987 4
    2.20382 0.225186 3
    2.5252 0.189189 1
  2.567 11 + 2
    1.9524 0.5 5
    2.54152 0.5 1
  2.583 5 - 2
    2.55752 0.5 1
    2.583 0.5 0
  2.58425 7 + 3
    1.28936 0.5714 16
    2.5311 0.1257 2
    2.55877 0.3029 1
  2.59572 17 - 4
    0.09878 0.444244 95
    0.12592 0.245225 91
    0.29674 0.140614 71
    0.91474 0.169917 33
  2.602 3 + 2
    2.57652 0.5 1
    2.602 0.5 0
  2.613 5 - 2
    2.58752 0.5 1
    2.613 0.5 0
  2.617 9 + 2
    1.69972 0.5 9
    2.56385 0.5 2
  2.636 7 - 2
    2.28914 0.5 3
    2.58285 0.5 2
  2.654 3 + 2
    2.62852 0.5 1
    2.654 0.5 0
  2.675 5 - 2
    2.64952 0.5 1
    2.675 0.5 0
  2.719 11 + 2
    2.1044 0.5 5
    2.69352 0.5 1
  2.728 1 - 2
    2.29478 0.5 4
    2.728 0.5 0
  2.745 7 + 2
    2.31178 0.5 4
    2.71952 0.5 1
  2.75115 19 - 1
    0.15543 1 103
  2.76166 21 + 1
    0.44858 1 74
  2.769 3 - 2
    2.10038 0.5 6
    2.42214 0.5 3
  2.77435 17 - 2
    0.30455 0.6416 91
    1.09337 0.3584 33
  2.86558 19 + 2
    0.40398 0.3347 90
    0.58838 0.6653 70
  2.8763 19 + 2
    1.19532 0.5 33
    1.43475 0.5 22
  2.93569 21 - 2
    0.18454 0.96001 113
    0.33997 0.03999 103
  3.00744 19 - 1
    0.23309 1 116
  3.10135 5 + 1
    0.3502 1 113
  3.12508 21 + 3
    0.24878 0.210879 118
    0.2595 0.292071 117
    1.14712 0.49705 50
  3.17599 23 - 2
    0.2403 0.908955 119
    0.42484 0.091045 113
  3.3022 23 - 1
    0.294755 1 120
  3.42806 23 + 1
    0.30298 1 122
  3.51048 25 - 2
    0.33449 0.952929 123
    0.57479 0.047071 119
  3.806 25 + 2
    0.37794 0.901736 125
    0.68092 0.098264 122
  3.92774 27 - 2
    0.41726 0.863 126
    0.75175 0.137 123
  4.19227 27 + 2
    0.38627 0.7426 127
    0.76421 0.2574 125
  4.36165 29 - 2
    0.43391 0.8343 128
    0.85117 0.1657 126
  4.66547 29 + 2
    0.473201 0.8894 129
    0.859471 0.1106 127
  4.93168 31 - 1
    0.57003 1 130
  5.1274 31 + 2
    0.461929 0.7311 131
    0.93513 0.2689 129
  5.4451 33 - 2
    0.51342 0.6954 132
    1.08345 0.3046 130
  5.6567 33 + 2
    0.529301 0.8972 133
    0.99123 0.1028 131
  5.969 5 + 2
    5.62214 0.5 3
    5.91585 0.5 2
  6.1131 35 - 2
    0.668001 0.6103 134
    1.18142 0.3897 132
  6.1855 35 + 2
    0.528799 0.782 135
    1.0581 0.218 133
  6.286 1 + 2
    5.61738 0.5 6
    5.93914 0.5 3
  6.629 3 + 2
    6.60352 0.5 1
    6.629 0.5 0
  6.7151 37 - 2
    0.601999 0.6764 137
    1.27 0.3236 134
  6.7716 37 + 2
    0.5861 0.7582 138
    1.1149 0.2418 135
  6.966 1 + 2
    6.29738 0.5 6
    6.61914 0.5 3
  7.071 3 - 2
    6.40238 0.5 6
    6.72414 0.5 3
  7.3867 39 + 2
    0.615101 0.7581 142
    1.2012 0.2419 138
  7.4381 39 - 1
    0.723 1 141
  8.0676 41 + 2
    0.680899 0.758 145
    1.296 0.242 142

47 106 150
  0 2 + 0
  0.08966 12 + 1
    0.08966 1 0
  0.11066 4 + 1
    0.11066 1 0
  0.20595 6 + 2
    0.09529 0.9867 2
    0.20595 0.0133 0
  0.23466 2 + 1
    0.23466 1 0
  0.257 8 + 2
    0.14634 0.5 2
    0.16734 0.5 1
  0.27704 4 - 2
    0.16638 0.00937 2
    0.27704 0.99063 0
  0.32887 10 + 1
    0.23921 1 1
  0.33266 14 + 1
    0.243 1 1
  0.36443 6 - 3
    0.08739 0.23819 6
    0.15848 0.056638 3
    0.25377 0.705172 2
  0.38916 6 + 2
    0.1545 0.5886 4
    0.2785 0.4114 2
  0.41662 2 - 2
    0.13958 0.1949 6
    0.30596 0.8051 2
  0.42504 4 - 3
    0.148 0.1653 6
    0.21909 0.1815 3
    0.31438 0.6532 2
  0.44911 8 + 1
    0.24316 1 3
  0.46884 10 - 1
    0.26289 1 3
  0.50303 10 + 3
    0.11387 0.663587 10
    0.17416 0.071819 7
    0.29708 0.264595 3
  0.51824 6 - 2
    0.15381 0.8602 9
    0.31229 0.1398 3
  0.54258 12 + 3
    0.20992 0.3539 8
    0.21371 0.3319 7
    0.45292 0.3142 1
  0.55681 10 + 3
    0.05378 0.173983 15
    0.1077 0.672233 13
    0.46715 0.153785 1
  0.56514 6 - 5
    0.1401 0.054773 12
    0.20071 0.210511 9
    0.2881 0.097685 6
    0.35919 0.337417 3
    0.45448 0.299615 2
  0.59607 6 - 2
    0.36141 0.7397 4
    0.48541 0.2603 2
  0.59726 4 - 3
    0.32022 0.572689 6
    0.39131 0.085218 3
    0.4866 0.342093 2
  0.60277 6 - 1
    0.32573 1 6
  0.62574 14 + 2
    0.29308 0.8569 8
    0.53608 0.1431 1
  0.66131 2 - 1
    0.38427 1 6
  0.67629 10 + 2
    0.17326 0.1269 15
    0.22718 0.8731 13
  0.68 0 - 2
    0.44534 0.5 4
    0.68 0.5 0
  0.6982 2 - 2
    0.33377 0.6358 9
    0.42116 0.3642 6
  0.71215 8 + 2
    0.11608 0.5593 20
    0.38328 0.4407 7
  0.7215 14 + 2
    0.39263 0.6011 7
    0.63184 0.3989 1
  0.73043 4 + 1
    0.52448 1 3
  0.74158 8 + 2
    0.35242 0.821 10
    0.53563 0.179 3
  0.749 4 - 2
    0.54305 0.5 3
    0.749 0.5 0
  0.76524 12 - 4
    0.22266 0.026219 17
    0.43258 0.025869 8
    0.43637 0.025859 7
    0.67558 0.922054 1
  0.76968 4 - 1
    0.49264 1 6
  0.77173 12 + 1
    0.44286 1 7
  0.7735 10 + 1
    0.32439 1 13
  0.77565 8 + 1
    0.27262 1 15
  0.79748 8 + 1
    0.46861 1 7
  0.809 2 - 2
    0.44457 0.5 9
    0.69834 0.5 2
  0.81202 6 - 2
    0.44759 0.6376 9
    0.53498 0.3624 6
  0.81649 8 + 2
    0.42733 0.3512 10
    0.48762 0.6488 7
  0.82941 14 - 3
    0.06417 0.808152 33
    0.49675 0.120693 8
    0.73975 0.071156 1
  0.83539 4 + 1
    0.60073 1 4
  0.851 0 - 2
    0.61634 0.5 4
    0.851 0.5 0
  0.86158 10 - 1
    0.49715 1 9
  0.87424 16 - 2
    0.04483 0.927391 42
    0.54158 0.072609 8
  0.88124 12 + 2
    0.54858 0.4253 8
    0.55237 0.5747 7
  0.88768 10 + 2
    0.21139 0.2137 25
    0.43857 0.7863 13
  0.90298 4 - 1
    0.62594 1 6
  0.91238 14 - 1
    0.14714 1 33
  0.91737 4 - 1
    0.49233 1 12
  0.9231 6 + 1
    0.53394 1 10
  0.92513 2 + 1
    0.69047 1 4
  0.9266 16 - 1
    0.59394 1 8
  0.93022 12 + 2
    0.59756 0.187 8
    0.60135 0.813 7
  0.93318 10 + 1
    0.41494 1 16
  0.93646 2 - 1
    0.65942 1 6
  0.94482 4 + 1
    0.73887 1 3
  0.95 6 - 2
    0.693 0.5 5
    0.83934 0.5 2
  0.96176 16 + 2
    0.6291 0.6102 8
    0.8721 0.3898 1
  0.971 8 - 2
    0.69396 0.5 6
    0.76505 0.5 3
  0.97914 16 + 1
    0.3534 1 23
  1.00187 8 - 1
    0.63744 1 9
  1.00341 6 - 1
    0.79746 1 3
  1.007 4 - 2
    0.80105 0.5 3
    1.007 0.5 0
  1.022 2 - 2
    0.65757 0.5 9
    0.91134 0.5 2
  1.0439 18 - 1
    0.16966 1 46
  1.06318 8 + 1
    0.38689 1 25
  1.082 6 - 2
    0.825 0.5 5
    0.97134 0.5 2
  1.08686 8 - 1
    0.56862 1 16
  1.106 2 - 2
    0.74157 0.5 9
    0.99534 0.5 2
  1.11494 8 - 1
    0.5967 1 16
  1.12355 10 - 1
    0.60531 1 16
  1.13388 8 + 1
    0.80501 1 7
  1.13566 4 - 1
    0.27408 1 45
  1.14506 4 - 1
    0.78063 1 9
  1.15007 4 + 1
    0.76091 1 10
  1.1668 8 - 1
    0.80237 1 9
  1.176 2 - 2
    0.81157 0.5 9
    1.06534 0.5 2
  1.22467 6 + 1
    0.45943 1 33
  1.23003 6 + 1
    0.41801 1 40
  1.26313 0 + 1
    0.21923 1 67
  1.28898 6 + 1
    0.96011 1 7
  1.30326 4 + 1
    0.53802 1 33
  1.32954 2 + 1
    0.8113 1 16
  1.38758 18 + 1
    1.05492 1 8
  1.398 6 + 2
    1.19205 0.5 3
    1.398 0.5 0
  1.41326 4 - 1
    0.64802 1 33
  1.42072 20 - 2
    0.37682 0.932437 67
    0.54648 0.067563 46
  1.434 2 + 2
    1.22805 0.5 3
    1.434 0.5 0
  1.491 0 + 2
    1.07438 0.5 11
    1.38034 0.5 2
  1.53314 6 - 1
    0.27001 1 82
  1.55301 20 - 2
    0.50911 0.7296 67
    0.62279 0.2704 55
  1.57195 18 + 2
    0.59281 0.4982 62
    0.94621 0.5018 23
  1.589 4 - 2
    1.38305 0.5 3
    1.589 0.5 0
  1.616 2 + 2
    1.41005 0.5 3
    1.616 0.5 0
  1.662 6 + 2
    1.45605 0.5 3
    1.662 0.5 0
  1.684 4 + 2
    1.427 0.5 5
    1.57334 0.5 2
  1.76413 22 - 2
    0.34341 0.7272 89
    0.72023 0.2728 67
  1.863 18 - 1
    0.98876 1 46
  1.90222 20 + 2
    0.33027 0.3707 94
    0.92308 0.6293 62
  1.92567 22 - 2
    0.37266 0.6227 93
    0.50495 0.3773 89
  1.95762 22 - 1
    0.5369 1 89
  2.03348 18 - 2
    0.98958 0.7635 67
    1.20407 0.2365 42
  2.11451 20 + 2
    0.72693 0.3869 86
    1.15275 0.6131 60
  2.24742 24 - 2
    0.32175 0.9186 102
    0.69441 0.0814 93
  2.25447 24 - 2
    0.49034 0.841 99
    0.83375 0.159 89
  2.2723 20 - 3
    0.4093 0.31 100
    1.2284 0.2912 67
    1.39806 0.3988 46
  2.4416 22 - 4
    0.1693 0.2541 108
    0.40812 0.2519 104
    1.02088 0.4371 89
    1.05402 0.0569 86
  2.51269 26 - 2
    0.26527 0.7195 106
    0.58702 0.2805 102
  2.572 22 + 1
    1.18442 1 86
  2.66079 24 - 1
    0.21919 1 109
  2.7452 26 - 2
    0.49073 0.7103 107
    0.98107 0.2897 99
  2.7645 28 - 1
    0.25181 1 110
  2.93058 26 - 2
    0.26979 0.8871 112
    0.48898 0.1129 109
  3.0172 22 + 1
    1.11498 1 101
  3.1798 30 - 1
    0.4153 1 114
  3.2162 24 + 2
    1.31398 0.5 101
    1.45207 0.5 99
  3.25687 28 - 2
    0.32629 0.7544 115
    0.59608 0.2456 112
  3.26 24 + 2
    0.688 0.387 111
    1.14549 0.613 105
  3.2971 28 - 2
    0.5519 0.827 113
    1.04263 0.173 107
  3.4462 26 + 1
    0.23 1 118
  3.4902 26 + 2
    0.2302 0.7813 120
    0.473 0.2187 116
  3.68645 30 - 2
    0.42958 0.7056 119
    0.75587 0.2944 115
  3.7042 28 + 1
    0.258 1 122
  3.7486 28 + 1
    0.2584 1 123
  3.7854 24 + 1
    1.2134 1 111
  3.8715 28 + 1
    0.6115 1 120
  3.8912 30 - 2
    0.5941 0.5722 121
    1.146 0.4278 113
  4.0511 30 + 2
    0.79423 0.5 119
    1.2866 0.5 114
  4.0948 30 + 1
    0.3462 1 126
  4.2233 32 - 2
    0.53685 0.8202 124
    0.96643 0.1798 119
  4.456 32 + 2
    0.4049 0.5 130
    0.7518 0.5 125
  4.5 32 + 2
    0.4052 0.8485 131
    0.7514 0.1515 126
  4.5034 32 - 2
    0.6122 0.65 129
    1.2063 0.35 121
  4.7428 34 - 2
    0.5195 0.3838 132
    1.05635 0.6162 124
  4.9212 34 + 2
    0.4652 0.5 133
    0.8701 0.5 130
  4.9653 34 + 2
    0.4653 0.7703 134
    0.8705 0.2297 131
  5.1273 34 - 2
    0.6239 0.5 135
    1.2361 0.5 129
  5.4149 36 - 2
    0.6721 0.5 136
    1.1916 0.5 132
  5.4245 36 + 2
    0.5033 0.5 137
    0.9685 0.5 133
  5.4686 36 + 2
    0.5033 0.6504 138
    0.9686 0.3496 134
  5.5548 36 + 2
    0.5895 0.5689 138
    1.0548 0.4311 134
  5.8014 36 - 2
    0.6741 0.5 139
    1.298 0.5 135
  6.0114 38 + 2
    0.5869 0.5 141
    1.0902 0.5 137
  6.0266 38 - 1
    1.2838 1 136
  6.0562 38 + 2
    0.587601 0.4772 142
    1.0909 0.5228 138
  6.4364 38 - 2
    0.635 0.5 144
    1.3091 0.5 139
  6.7608 40 - 2
    0.7342 0.5 146
    1.3459 0.5 140

47 107 142
  0 1 - 0
  0.093125 7 + 1
    0.093125 1 0
  0.12559 9 + 1
    0.032465 1 1
  0.32481 3 - 1
    0.32481 1 0
  0.42315 5 - 3
    0.09834 0.061759 3
    0.330025 0.00205 1
    0.42315 0.936191 0
  0.77331 11 + 2
    0.64772 0.938119 2
    0.680185 0.061881 1
  0.78659 3 - 3
    0.36344 0.077609 4
    0.46178 0.282897 3
    0.78659 0.639494 0
  0.92206 5 + 3
    0.59725 0.032171 3
    0.79647 0.275508 2
    0.828935 0.692321 1
  0.9497 5 - 5
    0.16311 0.011679 6
    0.52655 0.480577 4
    0.62489 0.374182 3
    0.856575 0.009567 1
    0.9497 0.123994 0
  0.9733 7 - 2
    0.55015 0.8336 4
    0.64849 0.1664 3
  0.991 13 + 2
    0.21769 0.1344 5
    0.86541 0.8656 2
  1.0612 9 + 2
    0.13914 0.5 7
    0.93561 0.5 2
  1.142 1 + 2
    0.35541 0.5 6
    0.81719 0.5 3
  1.14306 5 - 4
    0.35647 0.055847 6
    0.71991 0.581171 4
    0.81825 0.331083 3
    1.04994 0.031898 1
  1.1469 9 - 1
    0.72375 1 4
  1.222 11 - 2
    0.2487 0.5 9
    1.09641 0.5 2
  1.22301 5 + 6
    0.30095 0.112897 7
    0.43642 0.01108 6
    0.79986 0.081868 4
    0.8982 0.409288 3
    1.09742 0.081878 2
    1.12989 0.302991 1
  1.25889 3 + 3
    0.93408 0.138404 3
    1.16577 0.769323 1
    1.25889 0.092273 0
  1.3258 3 + 2
    1.23268 0.8548 1
    1.3258 0.1452 0
  1.44901 7 - 1
    0.6757 1 5
  1.4647 3 - 1
    1.13989 1 3
  1.483 7 + 2
    1.05985 0.5 4
    1.38988 0.5 1
  1.508 1 + 2
    0.72141 0.5 6
    1.18319 0.5 3
  1.572 15 - 2
    0.35 0.5 15
    0.581 0.5 10
  1.57735 15 + 2
    0.58635 0.3012 10
    0.80404 0.6988 5
  1.615 1 - 2
    1.19185 0.5 4
    1.615 0.5 0
  1.653 1 - 2
    1.22985 0.5 4
    1.653 0.5 0
  1.656 7 + 2
    1.23285 0.5 4
    1.56288 0.5 1
  1.685 5 + 2
    1.36019 0.5 3
    1.55941 0.5 2
  1.79969 15 + 2
    0.80869 0.8198 10
    1.02638 0.1802 5
  1.82 1 + 2
    1.03341 0.5 6
    1.49519 0.5 3
  1.832 3 - 2
    1.04541 0.5 6
    1.50719 0.5 3
  1.846 9 - 1
    0.39699 1 19
  1.851 1 - 2
    1.42785 0.5 4
    1.851 0.5 0
  1.875 5 + 2
    1.55019 0.5 3
    1.74941 0.5 2
  1.904 7 - 2
    1.57919 0.5 3
    1.77841 0.5 2
  1.918 3 + 2
    1.82488 0.5 1
    1.918 0.5 0
  1.9248 13 - 1
    0.9338 1 10
  1.942 5 + 2
    1.61719 0.5 3
    1.81641 0.5 2
  1.956 7 - 2
    1.63119 0.5 3
    1.83041 0.5 2
  1.97571 9 + 1
    0.5267 1 19
  2.026 5 + 2
    1.70119 0.5 3
    1.90041 0.5 2
  2.05354 17 + 2
    0.25385 0.058338 29
    1.06254 0.941662 10
  2.062 3 - 2
    1.27541 0.5 6
    1.73719 0.5 3
  2.0651 13 - 1
    0.9182 1 14
  2.0667 11 - 2
    1.0757 0.5 10
    1.29339 0.5 5
  2.111 7 + 2
    1.68785 0.5 4
    2.01788 0.5 1
  2.14 3 - 2
    1.35341 0.5 6
    1.81519 0.5 3
  2.17199 15 - 1
    0.3723 1 29
  2.1764 5 + 2
    1.1854 0.5 10
    1.40309 0.5 5
  2.188 9 + 2
    1.26594 0.5 7
    2.06241 0.5 2
  2.199 7 - 2
    1.87419 0.5 3
    2.07341 0.5 2
  2.227 3 + 2
    2.13387 0.5 1
    2.227 0.5 0
  2.254 5 - 2
    2.16087 0.5 1
    2.254 0.5 0
  2.284 11 + 2
    1.51069 0.5 5
    2.19087 0.5 1
  2.29791 15 - 1
    1.30691 1 10
  2.306 7 + 2
    1.88285 0.5 4
    2.21287 0.5 1
  2.32 9 - 2
    1.89685 0.5 4
    2.22687 0.5 1
  2.347 5 + 2
    2.02219 0.5 3
    2.22141 0.5 2
  2.355 3 - 2
    1.56841 0.5 6
    2.03019 0.5 3
  2.3705 7 + 1
    0.4457 1 37
  2.374 5 - 2
    2.28087 0.5 1
    2.374 0.5 0
  2.405 3 + 2
    2.31187 0.5 1
    2.405 0.5 0
  2.41188 17 - 2
    0.11397 0.896 55
    0.61219 0.104 29
  2.414 9 + 2
    1.49194 0.5 7
    2.28841 0.5 2
  2.437 11 - 2
    1.4637 0.5 9
    2.31141 0.5 2
  2.463 5 + 2
    2.13819 0.5 3
    2.33741 0.5 2
  2.47875 15 - 2
    0.41365 0.5 44
    0.55395 0.5 37
  2.494 7 + 2
    2.07085 0.5 4
    2.40088 0.5 1
  2.533 3 - 2
    1.74641 0.5 6
    2.20819 0.5 3
  2.54308 19 - 1
    0.1312 1 63
  2.59 1 + 2
    1.80341 0.5 6
    2.26519 0.5 3
  2.6645 17 - 4
    0.18575 0.25 67
    0.25262 0.25 63
    0.294 0.25 60
    0.36659 0.25 55
  2.666 5 + 2
    2.34119 0.5 3
    2.54041 0.5 2
  2.672 3 + 2
    2.57888 0.5 1
    2.672 0.5 0
  2.701 7 - 2
    2.37619 0.5 3
    2.57541 0.5 2
  2.717 9 + 2
    1.79494 0.5 7
    2.59141 0.5 2
  2.7329 21 - 1
    0.18982 1 70
  2.73694 5 + 2
    2.41213 0.5 3
    2.61135 0.5 2
  2.74089 3 - 1
    0.197805 1 70
  2.74809 21 - 2
    0.20501 0.9202 70
    0.33621 0.0798 63
  2.776 7 + 2
    2.35285 0.5 4
    2.68287 0.5 1
  2.7902 1 + 1
    0.99051 1 29
  2.808 5 - 2
    2.71487 0.5 1
    2.808 0.5 0
  2.844 9 + 2
    1.92194 0.5 7
    2.71841 0.5 2
  2.883 3 - 2
    2.09641 0.5 6
    2.55819 0.5 3
  2.89191 19 + 2
    0.83837 0.7521 42
    1.09222 0.2479 29
  2.904 7 - 2
    2.57919 0.5 3
    2.77841 0.5 2
  2.9235 19 - 1
    0.259 1 72
  3.004 5 + 1
    0.3395 1 72
  3.02858 11 + 2
    0.28049 0.218778 80
    0.4855 0.781222 70
  3.0344 23 - 1
    0.293515 1 79
  3.0483 3 + 1
    0.30021 1 80
  3.05625 23 - 2
    0.30816 0.953019 80
    0.51317 0.046981 70
  3.111 1 + 2
    2.32441 0.5 6
    2.78619 0.5 3
  3.125 7 - 2
    2.80019 0.5 3
    2.99941 0.5 2
  3.14835 21 + 2
    0.11977 0.056562 90
    1.09481 0.943438 42
  3.2385 5 - 1
    0.1902 1 92
  3.2945 21 - 1
    0.371 1 88
  3.29784 21 - 1
    1.2443 1 42
  3.46051 23 + 3
    0.16267 0.049418 99
    0.31216 0.865357 96
    0.5686 0.085226 86
  3.46657 25 - 2
    0.41032 0.8275 93
    0.71848 0.1725 80
  3.52 25 - 1
    0.4856 1 91
  3.5981 3 + 2
    3.50497 0.5 1
    3.5981 0.5 0
  3.6755 23 - 1
    0.381 1 98
  3.68302 25 + 2
    0.22251 0.920537 100
    0.53467 0.079463 96
  3.7237 27 - 1
    0.4852 1 97
  3.7422 5 + 2
    3.41739 0.5 3
    3.61661 0.5 2
  3.9279 27 - 2
    0.46133 0.7055 101
    0.87165 0.2945 93
  3.9542 9 + 2
    3.03214 0.5 7
    3.82861 0.5 2
  3.97784 27 + 1
    0.29482 1 105
  4.0235 7 + 1
    0.55693 1 101
  4.0311 3 + 1
    0.2889 1 107
  4.0464 5 - 1
    0.5264 1 102
  4.1025 25 - 1
    0.427 1 104
  4.3564 29 + 2
    0.37856 0.789 110
    0.67338 0.211 105
  4.3751 29 + 1
    0.39726 1 110
  4.3978 29 - 2
    0.4699 0.6424 108
    0.93123 0.3576 101
  4.7527 31 + 2
    0.3963 0.8415 115
    0.77486 0.1585 110
  4.76305 7 - 1
    0.73955 1 111
  4.7731 5 + 1
    0.398 1 116
  4.9682 29 + 4
    0.9371 0.3015 112
    0.99036 0.4135 110
    1.014 0.1198 109
    1.3701 0.1652 103
  5.0067 31 - 2
    0.608901 0.6417 117
    1.0788 0.3583 108
  5.2468 33 + 2
    0.4941 0.7761 118
    0.8904 0.2239 115
  5.2576 31 + 1
    0.2894 1 121
  5.5653 33 - 2
    0.558599 0.5691 122
    1.1675 0.4309 117
  5.5754 33 + 2
    0.3178 0.7074 124
    0.6072 0.2926 121
  5.748 35 + 2
    0.5012 0.686 123
    0.9953 0.314 118
  5.9449 35 + 2
    0.3695 0.8016 126
    0.6873 0.1984 124
  6.3193 37 + 2
    0.5713 0.6258 127
    1.0725 0.3742 123
  6.3768 37 + 2
    0.4319 0.8011 128
    0.8014 0.1989 126
  6.8878 39 + 2
    0.511 0.8203 130
    0.9429 0.1797 128
  6.9124 39 + 2
    0.5931 0.6337 129
    1.1644 0.3663 127
  7.4421 41 + 2
    0.554301 0.5009 131
    1.0653 0.4991 130
  8.0466 43 + 2
    0.604499 0.7879 133
    1.1588 0.2121 131
  8.7181 45 + 2
    0.6715 0.6628 134
    1.276 0.3372 133
  12.201 5 + 2
    11.8762 0.5 3
    12.0754 0.5 2
  12.287 1 + 2
    11.5004 0.5 6
    11.9622 0.5 3
  12.595 3 + 2
    12.5019 0.5 1
    12.595 0.5 0
  12.638 1 + 2
    11.8514 0.5 6
    12.3132 0.5 3
  12.692 3 + 2
    12.5989 0.5 1
    12.692 0.5 0
  12.794 5 + 2
    12.4692 0.5 3
    12.6684 0.5 2

47 108 169
  0 2 + 0
  0.07914 4 - 1
    0.07914 1 0
  0.109466 12 + 1
    0.030326 1 1
  0.1559 12 + 1
    0.046434 1 2
  0.193073 2 + 2
    0.113933 0.02332 1
    0.193073 0.97668 0
  0.206614 4 + 2
    0.127474 0.002038 1
    0.206614 0.997962 0
  0.215382 6 + 2
    0.136242 0.021229 1
    0.215382 0.978771 0
  0.2867 0 - 1
    0.2867 1 0
  0.29018 6 + 1
    0.074798 1 6
  0.29456 4 + 3
    0.087946 0.012349 5
    0.101487 0.225289 4
    0.29456 0.762362 0
  0.324497 6 + 2
    0.117883 0.98857 5
    0.324497 0.01143 0
  0.3316 6 + 1
    0.3316 1 0
  0.33842 6 - 2
    0.131806 0.006199 5
    0.25928 0.993801 1
  0.364237 8 + 1
    0.148855 1 6
  0.369765 12 - 1
    0.260299 1 2
  0.37456 14 + 1
    0.265094 1 2
  0.379242 2 - 4
    0.172628 0.004728 5
    0.186169 0.02273 4
    0.300102 0.953802 1
    0.379242 0.01874 0
  0.408365 6 + 3
    0.113805 0.600706 9
    0.201751 0.369704 5
    0.408365 0.02959 0
  0.4196 8 + 1
    0.049835 1 14
  0.43871 12 - 1
    0.329244 1 2
  0.452 10 - 2
    0.2961 0.5 3
    0.342534 0.5 2
  0.46564 0 - 3
    0.272567 0.126387 4
    0.3865 0.160784 1
    0.46564 0.712829 0
  0.471848 8 + 1
    0.147351 1 10
  0.48507 10 - 1
    0.32917 1 3
  0.49725 14 - 3
    0.05854 0.850691 19
    0.12269 0.02251 15
    0.387784 0.126799 2
  0.508476 4 - 6
    0.129234 0.066569 16
    0.170056 0.125199 12
    0.213916 0.01775 9
    0.301862 0.04389 5
    0.429336 0.330797 1
    0.508476 0.415796 0
  0.516843 6 - 4
    0.178423 0.708069 12
    0.192346 0.006484 10
    0.310229 0.015759 5
    0.437703 0.269688 1
  0.52247 12 + 4
    0.10287 0.389508 18
    0.14791 0.306106 15
    0.152705 0.033581 14
    0.413004 0.270805 2
  0.53295 16 - 2
    0.0357 0.956262 24
    0.15839 0.043738 15
  0.5375 0 - 1
    0.5375 1 0
  0.542847 6 - 4
    0.17861 0.01138 13
    0.204427 0.48761 12
    0.327465 0.130103 6
    0.463707 0.370907 1
  0.563813 4 + 7
    0.155448 0.147894 17
    0.225393 0.01235 12
    0.239316 0.399684 10
    0.269253 0.197892 9
    0.348431 0.024199 6
    0.37074 0.063487 4
    0.563813 0.154494 0
  0.57911 4 - 3
    0.199868 0.0686 16
    0.386037 0.1676 4
    0.49997 0.7638 1
  0.587375 8 - 2
    0.102305 0.8156 23
    0.248955 0.1844 12
  0.598664 8 - 5
    0.113594 0.923063 23
    0.260244 0.032339 12
    0.274167 0.007192 10
    0.442764 0.006598 3
    0.519524 0.030809 1
  0.606533 2 - 7
    0.140893 0.02189 21
    0.227291 0.087992 16
    0.311973 0.097032 9
    0.399919 0.185104 5
    0.41346 0.01612 4
    0.527393 0.556911 1
    0.606533 0.034951 0
  0.611659 4 + 6
    0.203294 0.148301 17
    0.287162 0.084261 10
    0.317099 0.493005 9
    0.396277 0.169202 6
    0.405045 0.050351 5
    0.611659 0.054881 0
  0.615708 6 + 5
    0.207343 0.580417 17
    0.251471 0.046001 13
    0.277288 0.019941 12
    0.291211 0.32591 10
    0.422635 0.027731 4
  0.616942 4 - 10
    0.208577 0.011159 17
    0.2377 0.006046 16
    0.278522 0.164992 12
    0.292445 0.019649 10
    0.322382 0.009289 9
    0.40156 0.009951 6
    0.410328 0.049748 5
    0.423869 0.098095 4
    0.537802 0.288687 1
    0.616942 0.342384 0
  0.645499 6 + 7
    0.173651 0.01553 22
    0.237134 0.02011 17
    0.321002 0.0249 10
    0.350939 0.317394 9
    0.430117 0.02352 6
    0.438885 0.573488 5
    0.566359 0.025059 1
  0.656325 6 - 4
    0.292088 0.0453 13
    0.317905 0.04921 12
    0.449711 0.228698 5
    0.656325 0.676793 0
  0.665676 6 + 2
    0.257311 0.6936 17
    0.341179 0.3064 10
  0.6747 6 + 1
    0.6747 1 0
  0.679093 2 - 6
    0.170617 0.01141 25
    0.299851 0.034929 16
    0.472479 0.050648 5
    0.48602 0.090846 4
    0.599953 0.74597 1
    0.679093 0.066197 0
  0.6867 18 - 1
    0.15375 1 28
  0.6988 10 + 2
    0.40862 0.5 8
    0.483418 0.5 6
  0.703592 6 - 4
    0.218522 0.050266 23
    0.365172 0.512964 12
    0.48821 0.101493 6
    0.624452 0.335277 1
  0.705695 2 - 4
    0.197219 0.008844 25
    0.240055 0.01354 21
    0.326453 0.009036 16
    0.626555 0.968581 1
  0.708838 4 - 12
    0.091896 0.100801 38
    0.110174 0.125101 34
    0.121463 0.137401 33
    0.165991 0.03445 30
    0.191995 0.078731 26
    0.200362 0.01542 25
    0.370418 0.03483 12
    0.384341 0.109801 10
    0.414278 0.02652 9
    0.493456 0.061751 6
    0.502224 0.075691 5
    0.629698 0.199502 1
  0.715815 4 - 6
    0.250175 0.009231 21
    0.336573 0.026619 16
    0.509201 0.103398 5
    0.522742 0.01829 4
    0.636675 0.796383 1
    0.715815 0.046079 0
  0.719359 4 - 3
    0.202516 0.026719 26
    0.380939 0.308494 12
    0.640219 0.664787 1
  0.7335 14 + 2
    0.35894 0.5102 15
    0.624034 0.4898 2
  0.765467 4 - 11
    0.148525 0.02197 38
    0.22262 0.009579 30
    0.248624 0.01589 26
    0.256991 0.056319 25
    0.386225 0.079619 16
    0.427047 0.329497 12
    0.550085 0.02584 6
    0.558853 0.124299 5
    0.572394 0.202798 4
    0.686327 0.091699 1
    0.765467 0.04249 0
  0.779726 6 - 6
    0.236879 0.103705 30
    0.262883 0.233112 26
    0.307878 0.042452 22
    0.441306 0.386519 12
    0.485166 0.130607 9
    0.573112 0.103605 5
  0.799687 6 - 2
    0.201023 0.7423 34
    0.212312 0.2577 33
  0.801977 14 + 2
    0.279507 0.4089 27
    0.427417 0.5911 15
  0.803734 4 - 5
    0.197201 0.01553 35
    0.286891 0.086617 26
    0.295258 0.027579 25
    0.465314 0.139496 12
    0.724594 0.730778 1
  0.80868 16 + 3
    0.07518 0.487551 51
    0.43412 0.364064 15
    0.699214 0.148385 2
  0.819114 4 - 7
    0.353474 0.025541 21
    0.410749 0.014721 17
    0.439872 0.477119 16
    0.480694 0.041922 12
    0.524554 0.056882 9
    0.739974 0.170707 1
    0.819114 0.213109 0
  0.858379 4 - 5
    0.241437 0.030092 38
    0.259715 0.548344 34
    0.271004 0.103408 33
    0.349903 0.064035 25
    0.479137 0.25412 16
  0.86387 8 + 3
    0.52545 0.2978 12
    0.539373 0.2637 10
    0.657256 0.4385 5
  0.869291 6 + 5
    0.160453 0.039048 48
    0.397443 0.121294 22
    0.460926 0.132193 17
    0.574731 0.331383 9
    0.662677 0.376081 5
  0.880606 4 + 6
    0.268947 0.016059 36
    0.472241 0.106491 17
    0.586046 0.12789 9
    0.665224 0.083313 6
    0.687533 0.50486 4
    0.880606 0.161387 0
  0.899939 2 - 6
    0.134472 0.214213 52
    0.18058 0.027112 50
    0.282997 0.356621 38
    0.391463 0.056273 25
    0.520697 0.265716 16
    0.693325 0.080065 5
  0.91771 16 + 2
    0.115733 0.1779 55
    0.39524 0.8221 27
  0.942334 6 - 2
    0.325392 0.396 38
    0.425491 0.604 26
  0.960148 4 - 8
    0.160461 0.025839 54
    0.240789 0.039149 50
    0.244333 0.068319 49
    0.343206 0.0101 38
    0.443305 0.038009 26
    0.580906 0.133097 16
    0.621728 0.415792 12
    0.881008 0.269695 1
  0.967456 6 + 6
    0.261761 0.072362 47
    0.30178 0.160405 41
    0.350514 0.091893 38
    0.403643 0.073922 31
    0.482386 0.373911 23
    0.672896 0.227507 9
  0.974343 4 - 8
    0.174656 0.16639 54
    0.268648 0.024789 47
    0.29525 0.025458 43
    0.357401 0.040708 38
    0.4575 0.045297 26
    0.595101 0.109993 16
    0.635923 0.185289 12
    0.895203 0.402076 1
  0.993 8 + 2
    0.8371 0.5 3
    0.883534 0.5 2
  1.0018 4 - 6
    0.285985 0.117807 49
    0.322707 0.157109 43
    0.395267 0.079545 35
    0.53616 0.088205 21
    0.622558 0.303718 16
    0.637563 0.253615 13
  1.00758 2 + 8
    0.242113 0.022181 52
    0.443767 0.168705 31
    0.499104 0.037821 25
    0.599215 0.036601 17
    0.71302 0.043011 9
    0.800966 0.429813 5
    0.814507 0.081662 4
    0.92844 0.180205 1
  1.01256 6 - 4
    0.448747 0.018989 31
    0.648323 0.075847 13
    0.67414 0.633275 12
    0.93342 0.271889 1
  1.01828 6 - 4
    0.218588 0.744 54
    0.406616 0.03686 36
    0.411742 0.05574 35
    0.509799 0.1634 25
  1.02381 4 + 5
    0.154519 0.017789 61
    0.412151 0.022739 36
    0.699313 0.174095 10
    0.72925 0.141796 9
    1.02381 0.643581 0
  1.03442 6 + 5
    0.230686 0.040077 56
    0.254694 0.039937 53
    0.422761 0.038147 36
    0.626055 0.317078 17
    1.03442 0.564761 0
  1.05156 2 + 5
    0.345865 0.01189 47
    0.487747 0.136701 31
    0.757 0.118601 9
    0.844946 0.294103 5
    1.05156 0.438704 0
  1.06553 4 - 6
    0.246411 0.028493 58
    0.449817 0.063266 37
    0.466861 0.045064 34
    0.727105 0.11591 12
    0.872452 0.22092 4
    0.986385 0.526347 1
  1.07922 8 + 4
    0.279533 0.6329 54
    0.375628 0.1266 46
    0.491845 0.1013 33
    0.59415 0.1392 23
  1.08496 4 + 8
    0.439461 0.049043 39
    0.468018 0.058854 38
    0.478427 0.058854 35
    0.497585 0.049043 33
    0.576484 0.053463 25
    0.676595 0.127508 17
    0.891887 0.112807 4
    1.08496 0.490429 0
  1.0901 20 - 2
    0.4034 0.9332 44
    0.55715 0.0668 28
  1.09652 16 + 2
    0.72196 0.6852 15
    0.987054 0.3148 2
  1.10177 6 + 6
    0.392927 0.067307 48
    0.537952 0.186119 31
    0.616695 0.132313 23
    0.737528 0.156816 13
    0.777268 0.137614 10
    0.895151 0.319832 5
  1.10668 4 + 3
    0.326954 0.054519 53
    0.782183 0.274994 10
    0.81212 0.670487 9
  1.10931 6 + 6
    0.03009 0.004972 78
    0.149162 0.08014 66
    0.393495 0.212974 49
    0.497651 0.24017 36
    0.700945 0.129684 17
    0.902696 0.332059 5
  1.11225 2 + 6
    0.433157 0.014021 43
    0.500591 0.130005 36
    0.64661 0.072883 21
    0.748013 0.078263 13
    0.919177 0.482819 4
    1.11225 0.222009 0
  1.137 10 - 2
    0.9811 0.5 3
    1.02753 0.5 2
  1.14393 2 + 4
    0.274639 0.02059 61
    0.580117 0.171702 31
    0.937316 0.534905 5
    0.950857 0.272803 4
  1.17 8 - 2
    0.954618 0.5 6
    1.09086 0.5 1
  1.17648 10 + 4
    0.59737 0.1761 32
    0.797238 0.1894 16
    0.961098 0.3322 6
    0.969866 0.3023 5
  1.201 8 - 2
    0.985618 0.5 6
    1.12186 0.5 1
  1.2317 2 + 2
    1.15256 0.5 1
    1.2317 0.5 0
  1.2785 2 - 2
    0.98394 0.5 9
    1.07189 0.5 5
  1.282 8 + 2
    1.1261 0.5 3
    1.17253 0.5 2
  1.3142 2 - 2
    1.01964 0.5 9
    1.10759 0.5 5
  1.335 10 + 2
    1.04482 0.5 8
    1.11962 0.5 6
  1.352 8 - 2
    1.13662 0.5 6
    1.27286 0.5 1
  1.3563 2 + 2
    1.27716 0.5 1
    1.3563 0.5 0
  1.3704 18 + 1
    0.99584 1 15
  1.373 10 - 2
    1.2171 0.5 3
    1.26353 0.5 2
  1.4164 8 - 2
    1.20102 0.5 6
    1.33726 0.5 1
  1.4225 2 + 2
    1.34336 0.5 1
    1.4225 0.5 0
  1.429 0 - 2
    1.34986 0.5 1
    1.429 0.5 0
  1.4346 22 - 2
    0.3445 0.7611 80
    0.7479 0.2389 44
  1.4623 2 + 2
    1.38316 0.5 1
    1.4623 0.5 0
  1.468 10 + 2
    1.17782 0.5 8
    1.25262 0.5 6
  1.48816 18 + 3
    0.57045 0.3147 64
    0.686183 0.2728 55
    0.95521 0.4125 28
  1.4911 8 - 2
    1.27572 0.5 6
    1.41196 0.5 1
  1.5413 10 - 2
    1.3854 0.5 3
    1.43183 0.5 2
  1.5685 8 + 2
    1.4126 0.5 3
    1.45903 0.5 2
  1.605 0 - 2
    1.52586 0.5 1
    1.605 0.5 0
  1.624 8 + 2
    1.4681 0.5 3
    1.51453 0.5 2
  1.641 20 - 1
    1.10805 1 28
  1.644 10 + 2
    1.35382 0.5 8
    1.42862 0.5 6
  1.6681 18 + 1
    0.9346 1 51
  1.6722 20 + 2
    0.18404 0.04131 106
    0.75449 0.95869 64
  1.7113 0 - 2
    1.63216 0.5 1
    1.7113 0.5 0
  1.739 8 - 2
    1.52362 0.5 6
    1.65986 0.5 1
  1.7566 2 - 2
    1.46204 0.5 9
    1.54999 0.5 5
  1.779 4 + 2
    1.48444 0.5 9
    1.57239 0.5 5
  1.7859 20 - 1
    0.97722 1 57
  1.8082 10 + 2
    1.51802 0.5 8
    1.59282 0.5 6
  1.82676 8 - 2
    1.61138 0.5 6
    1.74762 0.5 1
  1.888 2 + 2
    1.80886 0.5 1
    1.888 0.5 0
  1.9413 24 - 2
    0.5067 0.8137 103
    0.8512 0.1863 80
  1.988 4 + 2
    1.69344 0.5 9
    1.78139 0.5 5
  2.005 12 - 2
    1.63044 0.5 15
    1.63523 0.5 14
  2.022 4 + 2
    1.72744 0.5 9
    1.81539 0.5 5
  2.0624 20 + 2
    0.692 0.5409 98
    0.96588 0.4591 81
  2.083 8 - 2
    1.86762 0.5 6
    2.00386 0.5 1
  2.096 6 - 2
    1.80144 0.5 9
    1.88939 0.5 5
  2.119 2 + 2
    2.03986 0.5 1
    2.119 0.5 0
  2.143 22 - 2
    0.502 0.7052 112
    1.0529 0.2948 80
  2.165 10 + 2
    1.87482 0.5 8
    1.94962 0.5 6
  2.201 4 - 2
    2.12186 0.5 1
    2.201 0.5 0
  2.24 0 + 2
    1.94544 0.5 9
    2.03339 0.5 5
  2.261 6 - 2
    1.96644 0.5 9
    2.05439 0.5 5
  2.2743 22 - 1
    1.1842 1 80
  2.289 2 + 2
    2.20986 0.5 1
    2.289 0.5 0
  2.3023 22 - 1
    0.361 1 124
  2.336 8 + 2
    2.1801 0.5 3
    2.22653 0.5 2
  2.362 4 + 2
    2.06744 0.5 9
    2.15539 0.5 5
  2.3692 22 + 2
    0.697 0.3906 115
    0.88104 0.6094 106
  2.39705 22 + 1
    1.02665 1 98
  2.4246 22 + 1
    0.93644 1 106
  2.429 6 - 2
    2.13444 0.5 9
    2.22239 0.5 5
  2.443 26 - 2
    0.5017 0.5792 124
    1.0084 0.4208 103
  2.499 4 - 2
    2.41986 0.5 1
    2.499 0.5 0
  2.5363 24 - 6
    0.234 0.15899 139
    0.262 0.097654 137
    0.3933 0.265984 132
    0.595 0.190189 124
    0.8953 0.16599 112
    1.1017 0.121193 103
  2.618 2 + 2
    2.53886 0.5 1
    2.618 0.5 0
  2.6665 24 + 1
    0.9943 1 115
  2.6737 24 + 3
    0.2491 0.155616 144
    0.27665 0.160416 143
    1.0015 0.683968 115
  2.707 6 - 2
    2.41244 0.5 9
    2.50039 0.5 5
  2.7091 22 - 1
    1.041 1 114
  2.728 8 - 2
    2.51262 0.5 6
    2.64886 0.5 1
  2.779 4 + 2
    2.48444 0.5 9
    2.57239 0.5 5
  2.847 26 - 1
    0.3107 1 148
  2.9032 24 - 1
    1.1173 1 120
  2.9069 26 + 3
    0.2332 0.441856 151
    0.2404 0.387661 150
    0.5377 0.170483 142
  2.9938 28 - 2
    0.5508 0.5962 146
    1.0525 0.4038 124
  3.1702 28 + 2
    0.2633 0.7619 158
    0.4965 0.2381 151
  3.1878 28 - 1
    0.3408 1 156
  3.4924 30 + 2
    0.3222 0.8022 160
    0.5855 0.1978 158
  3.5582 30 - 2
    0.5644 0.5997 159
    1.1152 0.4003 146
  3.6057 30 - 1
    0.4179 1 161
  3.8703 32 + 2
    0.3779 0.7318 162
    0.7001 0.2682 160
  4.0906 32 - 2
    0.5324 0.6812 163
    1.0968 0.3188 159
  4.1795 32 - 2
    0.5738 0.7359 164
    0.9917 0.2641 161
  4.3106 34 + 2
    0.4403 0.6189 165
    0.8182 0.3811 162

47 109 86
  0 1 - 0
  0.088034 7 + 1
    0.088034 1 0
  0.13274 9 + 1
    0.044706 1 1
  0.31138 3 - 1
    0.31138 1 0
  0.41521 5 - 2
    0.10383 0.098518 3
    0.41521 0.901482 0
  0.42 7 + 2
    0.00479 0.5 4
    0.331966 0.5 1
  0.70191 3 - 3
    0.2867 0.034829 4
    0.39053 0.224193 3
    0.70191 0.740978 0
  0.706 1 + 2
    0.00409 0.5 6
    0.39462 0.5 3
  0.707 3 - 2
    0.39562 0.099827 3
    0.707 0.900173 0
  0.72435 3 + 4
    0.30914 0.226394 4
    0.41297 0.304491 3
    0.636316 0.460387 1
    0.72435 0.008728 0
  0.73529 5 + 3
    0.42391 0.0286 3
    0.60255 0.2394 2
    0.647256 0.732 1
  0.7735 11 + 1
    0.64076 1 2
  0.789 13 - 1
    0.0155 1 11
  0.86276 5 - 3
    0.44755 0.527289 4
    0.55138 0.388892 3
    0.86276 0.083818 0
  0.86947 5 + 5
    0.14512 0.074751 9
    0.45426 0.032591 4
    0.55809 0.143403 3
    0.73673 0.097742 2
    0.781436 0.651513 1
  0.88 5 - 2
    0.791966 0.5 1
    0.88 0.5 0
  0.89 7 + 2
    0.47479 0.5 4
    0.801966 0.5 1
  0.911 7 + 2
    0.49579 0.5 4
    0.822966 0.5 1
  0.9121 7 - 2
    0.49689 0.8004 4
    0.60072 0.1996 3
  0.9308 13 + 2
    0.1573 0.082109 11
    0.79806 0.917891 2
  1.0906 9 - 1
    0.67539 1 4
  1.0985 9 - 2
    0.68329 0.5 4
    1.01047 0.5 1
  1.2 11 + 2
    0.78 0.5 5
    1.11197 0.5 1
  1.26 1 - 2
    0.84479 0.5 4
    1.26 0.5 0
  1.31 3 + 2
    1.22197 0.5 1
    1.31 0.5 0
  1.3242 3 - 2
    1.01282 0.8621 3
    1.3242 0.1379 0
  1.43 1 + 2
    0.72809 0.5 6
    1.11862 0.5 3
  1.49 5 - 2
    1.40197 0.5 1
    1.49 0.5 0
  1.5 3 - 2
    0.79809 0.5 6
    1.18862 0.5 3
  1.524 9 + 2
    0.78871 0.5 10
    1.39126 0.5 2
  1.57 15 + 2
    0.781 0.5 12
    0.7965 0.5 11
  1.599 7 - 2
    1.28762 0.5 3
    1.46626 0.5 2
  1.613 1 - 2
    1.19779 0.5 4
    1.613 0.5 0
  1.658 1 + 2
    0.95609 0.5 6
    1.34662 0.5 3
  1.675 5 + 2
    1.36362 0.5 3
    1.54226 0.5 2
  1.703 15 + 2
    0.7722 0.8066 19
    0.9295 0.1934 11
  1.736 11 - 2
    0.8239 0.5 18
    1.60326 0.5 2
  1.792 5 - 2
    1.70397 0.5 1
    1.792 0.5 0
  1.815 9 + 2
    1.07971 0.5 10
    1.68226 0.5 2
  1.839 7 - 2
    1.52762 0.5 3
    1.70626 0.5 2
  1.844 3 + 2
    1.75597 0.5 1
    1.844 0.5 0
  1.86 5 - 2
    1.77197 0.5 1
    1.86 0.5 0
  1.891 7 + 2
    1.47579 0.5 4
    1.80297 0.5 1
  1.8943 17 + 1
    0.9635 1 19
  1.95 9 - 2
    1.53479 0.5 4
    1.86197 0.5 1
  1.97 3 - 2
    1.26809 0.5 6
    1.65862 0.5 3
  1.993 5 + 2
    1.68162 0.5 3
    1.86026 0.5 2
  2.043 11 - 2
    1.1309 0.5 18
    1.91026 0.5 2
  2.062 7 + 2
    1.64679 0.5 4
    1.97397 0.5 1
  2.093 3 - 2
    1.39109 0.5 6
    1.78162 0.5 3
  2.124 5 + 2
    1.81262 0.5 3
    1.99126 0.5 2
  2.185 9 - 2
    1.76979 0.5 4
    2.09697 0.5 1
  2.199 7 + 2
    1.78379 0.5 4
    2.11097 0.5 1
  2.2065 15 - 1
    1.2757 1 19
  2.222 3 + 2
    2.13397 0.5 1
    2.222 0.5 0
  2.256 5 - 2
    2.16797 0.5 1
    2.256 0.5 0
  2.267 1 + 2
    1.56509 0.5 6
    1.95562 0.5 3
  2.314 11 - 2
    1.4019 0.5 18
    2.18126 0.5 2
  2.32 1 + 2
    1.61809 0.5 6
    2.00862 0.5 3
  2.364 7 - 2
    2.05262 0.5 3
    2.23126 0.5 2
  2.42 17 - 1
    0.2135 1 53
  2.434 5 + 2
    2.12262 0.5 3
    2.30126 0.5 2
  2.466 3 + 2
    2.37797 0.5 1
    2.466 0.5 0
  2.47 1 + 2
    1.76809 0.5 6
    2.15862 0.5 3
  2.4799 17 - 1
    0.2734 1 53
  2.537 9 - 2
    2.12179 0.5 4
    2.44897 0.5 1
  2.5675 19 + 2
    0.6732 0.4822 43
    0.8645 0.5178 35
  2.57995 19 - 1
    0.15995 1 60
  2.5915 5 + 2
    2.28012 0.5 3
    2.45876 0.5 2
  2.614 7 - 2
    2.30262 0.5 3
    2.48126 0.5 2
  2.659 3 + 2
    2.57097 0.5 1
    2.659 0.5 0
  2.6605 19 - 1
    0.2405 1 60
  2.7406 21 - 1
    0.16065 1 67
  2.8408 21 + 2
    0.2733 0.3111 66
    0.9465 0.6889 43
  2.9402 21 - 1
    0.2797 1 71
  2.9887 23 - 1
    0.2481 1 72
  3.0902 23 + 1
    0.2494 1 73
  3.2035 23 - 1
    0.2633 1 74
  3.275 5 + 2
    2.96362 0.5 3
    3.14226 0.5 2
  3.2764 25 + 1
    0.1862 1 76
  3.3167 25 - 1
    0.328 1 75
  3.5752 27 + 1
    0.2988 1 79
  3.9687 29 + 1
    0.3935 1 81
  4.3758 31 + 1
    0.4071 1 82
  4.8864 33 + 1
    0.5106 1 83
  5.4145 35 + 1
    0.5281 1 84

47 110 76
  0 2 + 0
  0.001113 4 - 1
    0.001113 1 0
  0.11759 12 + 1
    0.116477 1 1
  0.118718 6 + 1
    0.117605 1 1
  0.1912 6 + 1
    0.1912 1 0
  0.195162 4 + 1
    0.076444 1 3
  0.1987 4 + 1
    0.1987 1 0
  0.236858 4 - 1
    0.235745 1 1
  0.252135 4 - 1
    0.252135 1 0
  0.26722 2 - 3
    0.06852 0.2031 6
    0.266107 0.079 1
    0.26722 0.7179 0
  0.269 4 - 2
    0.267887 0.5 1
    0.269 0.5 0
  0.271474 4 + 2
    0.076312 0.8597 5
    0.152756 0.1403 3
  0.3017 2 - 2
    0.1105 0.5 4
    0.3017 0.5 0
  0.304524 6 + 2
    0.105824 0.963552 6
    0.304524 0.036448 0
  0.337 2 - 2
    0.1383 0.5 6
    0.141838 0.5 5
  0.338918 4 + 3
    0.086783 0.333333 8
    0.337805 0.333333 1
    0.338918 0.333333 0
  0.360621 6 + 4
    0.093401 0.741518 9
    0.161921 0.032306 6
    0.359508 0.112388 1
    0.360621 0.113787 0
  0.378 2 - 2
    0.1793 0.5 6
    0.182838 0.5 5
  0.3812 4 - 4
    0.129065 0.10279 8
    0.144342 0.10279 7
    0.380087 0.154785 1
    0.3812 0.639636 0
  0.41198 4 - 3
    0.216818 0.333333 5
    0.293262 0.333333 3
    0.41198 0.333333 0
  0.42471 2 - 4
    0.15749 0.25 9
    0.172575 0.25 8
    0.423597 0.25 1
    0.42471 0.25 0
  0.432373 6 + 1
    0.195515 1 7
  0.456525 8 - 2
    0.185051 0.5 11
    0.337807 0.5 3
  0.46689 4 - 3
    0.162366 0.333333 13
    0.271728 0.333333 5
    0.348172 0.333333 3
  0.468846 8 + 6
    0.108225 0.166667 16
    0.164322 0.166667 13
    0.197372 0.166667 11
    0.216711 0.166667 8
    0.270146 0.166667 6
    0.350128 0.166667 3
  0.471233 4 - 1
    0.166709 1 13
  0.484 2 - 2
    0.2853 0.5 6
    0.288838 0.5 5
  0.485776 10 + 1
    0.125155 1 16
  0.496878 4 + 7
    0.115678 0.142857 18
    0.229658 0.142857 9
    0.244743 0.142857 8
    0.26002 0.142857 7
    0.298178 0.142857 6
    0.495765 0.142857 1
    0.496878 0.142857 0
  0.525663 2 + 5
    0.186745 0.2 15
    0.273528 0.2 8
    0.288805 0.2 7
    0.326963 0.2 6
    0.52455 0.2 1
  0.527511 8 - 7
    0.16689 0.142857 16
    0.188593 0.142857 15
    0.256037 0.142857 11
    0.328811 0.142857 6
    0.332349 0.142857 5
    0.408793 0.142857 3
    0.526398 0.142857 1
  0.536 2 - 2
    0.3373 0.5 6
    0.340838 0.5 5
  0.54278 2 - 5
    0.182159 0.2 16
    0.238256 0.2 13
    0.27556 0.2 9
    0.305922 0.2 7
    0.54278 0.2 0
  0.54938 4 - 6
    0.188759 0.166667 16
    0.244856 0.166667 13
    0.277906 0.166667 11
    0.28216 0.166667 9
    0.312522 0.166667 7
    0.54938 0.166667 0
  0.5868 2 - 1
    0.5868 1 0
  0.594 2 - 2
    0.3953 0.5 6
    0.398838 0.5 5
  0.59503 4 - 4
    0.342895 0.25 8
    0.358172 0.25 7
    0.593917 0.25 1
    0.59503 0.25 0
  0.613038 2 - 3
    0.231838 0.333333 18
    0.27412 0.333333 15
    0.49432 0.333333 3
  0.615134 4 - 5
    0.182761 0.2 21
    0.254513 0.2 16
    0.362999 0.2 8
    0.378276 0.2 7
    0.614021 0.2 1
  0.633437 4 + 5
    0.136559 0.2 28
    0.252237 0.2 18
    0.272816 0.2 16
    0.366217 0.2 9
    0.381302 0.2 8
  0.65391 8 - 6
    0.157032 0.166667 28
    0.185064 0.166667 24
    0.314992 0.166667 15
    0.417052 0.166667 7
    0.458748 0.166667 5
    0.652797 0.166667 1
  0.663472 6 + 7
    0.114092 0.142857 33
    0.177696 0.142857 27
    0.194626 0.142857 24
    0.302851 0.142857 16
    0.358948 0.142857 13
    0.464772 0.142857 6
    0.662359 0.142857 1
  0.664922 8 + 8
    0.283722 0.125 18
    0.304301 0.125 16
    0.326004 0.125 15
    0.393448 0.125 11
    0.412787 0.125 8
    0.428064 0.125 7
    0.466222 0.125 6
    0.663809 0.125 1
  0.683143 4 - 6
    0.15748 0.166667 29
    0.214297 0.166667 24
    0.322522 0.166667 16
    0.378619 0.166667 13
    0.415923 0.166667 9
    0.484443 0.166667 6
  0.68946 4 + 3
    0.232935 0.333333 22
    0.42224 0.333333 9
    0.570742 0.333333 3
  0.698548 10 + 9
    0.149168 0.111111 33
    0.155768 0.111111 32
    0.20167 0.111111 28
    0.212772 0.111111 27
    0.273838 0.111111 20
    0.317348 0.111111 18
    0.337927 0.111111 16
    0.446413 0.111111 8
    0.698548 0.111111 0
  0.706126 6 + 9
    0.156746 0.111111 33
    0.163346 0.111111 32
    0.22035 0.111111 27
    0.23728 0.111111 24
    0.345505 0.111111 16
    0.434652 0.111111 11
    0.507426 0.111111 6
    0.510964 0.111111 5
    0.587408 0.111111 3
  0.711 2 - 2
    0.5123 0.5 6
    0.515838 0.5 5
  0.72465 4 + 4
    0.253417 0.25 25
    0.605932 0.25 3
    0.723537 0.25 1
    0.72465 0.25 0
  0.7258 4 + 5
    0.228922 0.2 28
    0.30109 0.2 20
    0.3446 0.2 18
    0.386882 0.2 15
    0.473665 0.2 8
  0.748575 2 - 7
    0.205795 0.142857 32
    0.323865 0.142857 20
    0.367375 0.142857 18
    0.387954 0.142857 16
    0.409657 0.142857 15
    0.549875 0.142857 6
    0.748575 0.142857 0
  0.750877 4 + 6
    0.223366 0.166667 30
    0.390256 0.166667 16
    0.446353 0.166667 13
    0.483657 0.166667 9
    0.632159 0.166667 3
    0.750877 0.166667 0
  0.767032 4 + 4
    0.298186 0.25 24
    0.406411 0.25 16
    0.648314 0.25 3
    0.765919 0.25 1
  0.773677 2 + 8
    0.230897 0.125 32
    0.276799 0.125 28
    0.348967 0.125 20
    0.469153 0.125 13
    0.521542 0.125 8
    0.574977 0.125 6
    0.654959 0.125 3
    0.773677 0.125 0
  0.78566 4 - 9
    0.23628 0.111111 33
    0.24288 0.111111 32
    0.259997 0.111111 29
    0.288782 0.111111 28
    0.316814 0.111111 24
    0.481136 0.111111 13
    0.58696 0.111111 6
    0.666942 0.111111 3
    0.78566 0.111111 0
  0.793 4 - 2
    0.791887 0.5 1
    0.793 0.5 0
  0.8027 4 - 3
    0.277037 0.333333 29
    0.607538 0.333333 5
    0.683982 0.333333 3
  0.811416 6 + 7
    0.268636 0.142857 32
    0.32564 0.142857 27
    0.34257 0.142857 24
    0.450795 0.142857 16
    0.506892 0.142857 13
    0.544196 0.142857 9
    0.612716 0.142857 6
  0.819002 8 - 6
    0.165092 0.166667 40
    0.276222 0.166667 32
    0.386629 0.166667 21
    0.514478 0.166667 13
    0.566867 0.166667 8
    0.620302 0.166667 6
  0.864 6 - 2
    0.6653 0.5 6
    0.668838 0.5 5
  0.925 10 + 2
    0.7338 0.5 4
    0.806282 0.5 3
  0.948 0 + 2
    0.7493 0.5 6
    0.752838 0.5 5
  1.026 8 + 2
    0.830838 0.5 5
    0.90841 0.5 2
  1.115 6 + 2
    1.11389 0.5 1
    1.115 0.5 0
  1.165 10 + 2
    0.9738 0.5 4
    1.04628 0.5 3
  1.188 8 + 2
    0.992838 0.5 5
    1.07041 0.5 2
  1.23 6 - 2
    1.0313 0.5 6
    1.03484 0.5 5
  1.315 0 + 2
    1.1163 0.5 6
    1.11984 0.5 5
  1.343 10 - 2
    0.874154 0.5 24
    1.22541 0.5 2
  1.377 12 + 2
    0.908154 0.5 24
    1.25941 0.5 2
  1.402 6 - 2
    1.2033 0.5 6
    1.20684 0.5 5
  1.48 8 + 2
    1.28484 0.5 5
    1.36241 0.5 2
  1.513 6 - 2
    1.3143 0.5 6
    1.31784 0.5 5
  1.535 0 + 2
    1.3363 0.5 6
    1.33984 0.5 5
  1.568 8 - 2
    1.44928 0.5 3
    1.56689 0.5 1
  1.659 10 + 2
    1.4678 0.5 4
    1.54028 0.5 3

47 111 125
  0 1 - 0
  0.05982 7 + 1
    0.05982 1 0
  0.13028 9 + 1
    0.07046 1 1
  0.28971 3 - 1
    0.28971 1 0
  0.37671 3 + 3
    0.087 0.038391 3
    0.31689 0.032381 1
    0.37671 0.929228 0
  0.39128 5 - 2
    0.10157 0.04771 3
    0.39128 0.95229 0
  0.40486 1 + 1
    0.40486 1 0
  0.54572 7 + 3
    0.16901 0.239176 4
    0.41544 0.583842 2
    0.4859 0.176982 1
  0.56867 5 + 2
    0.27896 0.047762 3
    0.50885 0.952238 1
  0.587835 5 + 2
    0.457555 0.2006 2
    0.528015 0.7994 1
  0.60687 5 + 4
    0.20201 0.03055 6
    0.23016 0.054559 4
    0.47659 0.153398 2
    0.54705 0.761492 1
  0.64193 3 - 3
    0.25065 0.035023 5
    0.35222 0.257521 3
    0.64193 0.707457 0
  0.68305 9 + 2
    0.55277 0.054881 2
    0.62323 0.945119 1
  0.70542 11 + 2
    0.57514 0.943462 2
    0.6456 0.056538 1
  0.71029 5 + 3
    0.122455 0.000357 9
    0.58001 0.617265 2
    0.65047 0.382378 1
  0.80917 5 - 3
    0.41789 0.544627 5
    0.51946 0.385119 3
    0.80917 0.070254 0
  0.817 7 - 2
    0.52729 0.5 3
    0.68672 0.5 2
  0.82446 11 + 2
    0.11904 0.059109 13
    0.69418 0.940891 2
  0.84588 7 - 2
    0.4546 0.8276 5
    0.55617 0.1724 3
  0.87663 9 + 3
    0.16634 0.2317 14
    0.74635 0.4574 2
    0.81681 0.3109 1
  0.95896 11 + 2
    0.41324 0.969271 7
    0.82868 0.030729 2
  0.98682 5 - 3
    0.34489 0.1257 11
    0.59554 0.478 5
    0.69711 0.3963 3
  1.01306 9 + 3
    0.40619 0.3196 10
    0.425225 0.5402 9
    0.46734 0.1402 7
  1.02398 9 - 2
    0.6327 0.9814 5
    0.8937 0.0186 2
  1.06227 3 + 5
    0.474435 0.060511 9
    0.65741 0.156802 6
    0.68556 0.353304 4
    0.77256 0.02808 3
    1.00245 0.401304 1
  1.082 1 - 2
    0.70529 0.5 4
    1.082 0.5 0
  1.08548 7 + 3
    0.47861 0.1756 10
    0.497645 0.3256 9
    0.9552 0.4988 2
  1.08664 5 + 3
    0.54092 0.129406 7
    0.70993 0.80694 4
    1.02682 0.063653 1
  1.11968 3 + 3
    0.74297 0.2488 4
    0.82997 0.1733 3
    1.05986 0.5779 1
  1.12535 11 + 2
    0.24872 0.2355 19
    0.4423 0.7645 12
  1.147 13 - 2
    0.32254 0.5 17
    0.44158 0.5 13
  1.15341 7 - 4
    0.30753 0.109609 18
    0.76213 0.74776 5
    0.8637 0.060525 3
    1.02313 0.082107 2
  1.15978 9 + 2
    0.45436 0.849 13
    1.0295 0.151 2
  1.1702 5 + 2
    0.62448 0.1599 7
    0.79349 0.8401 4
  1.18016 5 + 6
    0.592325 0.09528 9
    0.63444 0.0918 7
    0.7753 0.1031 6
    0.80345 0.06876 4
    0.89045 0.06866 3
    1.12034 0.5724 1
  1.19888 1 - 1
    0.90917 1 3
  1.201 3 - 2
    0.79614 0.5 6
    0.91129 0.5 3
  1.2023 11 - 1
    0.51925 1 12
  1.21038 3 + 4
    0.60351 0.1252 10
    0.622545 0.4315 9
    0.83367 0.112 4
    0.92067 0.3313 3
  1.26279 5 + 1
    0.5525 1 14
  1.2766 9 + 1
    0.73088 1 7
  1.278 3 - 2
    0.87314 0.5 6
    0.98829 0.5 3
  1.2846 7 - 1
    0.89332 1 5
  1.29917 5 - 1
    1.00946 1 3
  1.30075 3 - 2
    0.89589 0.5 6
    1.01104 0.5 3
  1.3015 9 + 1
    0.75578 1 7
  1.3768 7 - 3
    0.53092 0.3462 18
    0.73487 0.1391 11
    0.98552 0.5147 5
  1.388 11 - 1
    0.26265 1 29
  1.41791 5 - 1
    1.1282 1 3
  1.419 1 - 2
    1.04229 0.5 4
    1.419 0.5 0
  1.44044 7 - 2
    0.73502 0.2701 13
    1.31016 0.7299 2
  1.4419 5 - 1
    0.79997 1 11
  1.443 1 + 2
    1.03814 0.5 6
    1.15329 0.5 3
  1.448 1 - 2
    1.07129 0.5 4
    1.448 0.5 0
  1.4519 3 - 1
    0.76885 1 12
  1.46362 13 - 4
    0.43964 0.431009 23
    0.4768 0.073281 21
    0.61774 0.155203 18
    0.65445 0.340507 15
  1.467 1 + 1
    1.06214 1 6
  1.4714 7 - 2
    1.08012 0.5464 5
    1.09469 0.4536 4
  1.4746 3 + 3
    0.31482 0.088436 32
    0.65014 0.680273 17
    0.76918 0.231291 13
  1.476 1 + 2
    1.07114 0.5 6
    1.18629 0.5 3
  1.4964 1 - 1
    1.09154 1 6
  1.506 15 - 2
    0.918165 0.8929 9
    1.506 0.1071 0
  1.51868 7 + 6
    0.3083 0.006538 38
    0.80839 0.014749 14
    0.83563 0.191387 12
    0.930845 0.00598 9
    1.3884 0.382674 2
    1.45886 0.398673 1
  1.54 3 - 2
    1.13514 0.5 6
    1.25029 0.5 3
  1.5425 13 + 1
    0.58354 1 20
  1.545 7 - 2
    1.25529 0.5 3
    1.41472 0.5 2
  1.5461 3 + 2
    0.90417 0.7042 11
    1.25639 0.2958 3
  1.5496 9 - 2
    0.52562 0.6757 23
    0.70372 0.3243 18
  1.5741 17 + 1
    0.61514 1 20
  1.588 5 - 2
    1.52818 0.5 1
    1.588 0.5 0
  1.6025 5 + 2
    1.31279 0.2592 3
    1.54268 0.7408 1
  1.6117 7 - 1
    0.59864 1 22
  1.6213 3 + 2
    1.01443 0.6494 10
    1.03347 0.3506 9
  1.63 9 - 2
    1.23872 0.5 5
    1.57018 0.5 1
  1.6388 7 + 3
    0.82963 0.1784 15
    1.24752 0.3521 5
    1.26209 0.4695 4
  1.654 3 - 2
    1.24914 0.5 6
    1.36429 0.5 3
  1.6653 15 + 1
    0.84084 1 17
  1.6745 3 - 2
    1.06763 0.5988 10
    1.26964 0.4012 6
  1.6822 5 + 1
    1.29092 1 5
  1.70511 7 - 4
    1.02206 0.1033 12
    1.09824 0.1033 10
    1.57483 0.4695 2
    1.64529 0.3239 1
  1.71243 9 - 4
    0.55902 0.352935 31
    0.72561 0.225323 21
    0.88797 0.29523 17
    1.00701 0.126513 13
  1.719 1 - 2
    1.34229 0.5 4
    1.719 0.5 0
  1.727 11 + 2
    1.18128 0.5 7
    1.66718 0.5 1
  1.74856 5 + 1
    0.72458 1 23
  1.7516 13 + 2
    1.06855 0.3939 12
    1.62132 0.6061 2
  1.75865 7 - 2
    1.46894 0.5 3
    1.62837 0.5 2
  1.7653 3 + 1
    0.94084 1 17
  1.7685 5 - 1
    0.80954 1 20
  1.77 9 + 2
    1.20133 0.5 8
    1.63972 0.5 2
  1.78167 19 - 3
    1.09862 0.10369 12
    1.65139 0.609739 2
    1.72185 0.286571 1
  1.7988 7 + 1
    0.77482 1 23
  1.8024 3 - 1
    1.25668 1 7
  1.819 5 + 2
    1.52929 0.5 3
    1.68872 0.5 2
  1.82159 11 - 9
    0.27199 0.030161 67
    0.35797 0.076572 55
    0.66818 0.178705 31
    0.79761 0.185606 23
    0.94496 0.023201 19
    0.97571 0.027841 18
    0.99713 0.046401 17
    1.11617 0.199506 13
    1.69131 0.232007 2
  1.832 9 + 2
    1.26333 0.5 8
    1.70172 0.5 2
  1.862 3 - 2
    1.45714 0.5 6
    1.57229 0.5 3
  1.90587 7 + 5
    0.75246 0.097381 31
    0.88189 0.191002 23
    1.20045 0.262203 13
    1.22282 0.074911 12
    1.77559 0.374504 2
  1.934 5 - 2
    1.87418 0.5 1
    1.934 0.5 0
  1.941 1 + 2
    1.53614 0.5 6
    1.65129 0.5 3
  1.956 3 - 2
    1.55114 0.5 6
    1.66629 0.5 3
  1.9598 7 + 1
    0.80002 1 32
  1.9647 5 - 3
    1.08807 0.5882 19
    1.14024 0.1765 17
    1.90488 0.2353 1
  1.9658 9 + 2
    0.94182 0.2754 23
    1.90598 0.7246 1
  1.985 5 + 2
    1.69529 0.5 3
    1.85472 0.5 2
  1.9879 13 - 3
    0.82812 0.0767 32
    1.16344 0.2291 17
    1.28248 0.6942 13
  2.068 3 - 2
    1.66314 0.5 6
    1.77829 0.5 3
  2.0694 1 + 3
    0.91599 0.333333 31
    1.04542 0.333333 23
    1.93912 0.333333 2
  2.087 7 - 2
    1.06302 0.7752 23
    1.38158 0.2248 13
  2.093 7 + 2
    1.71629 0.5 4
    2.03318 0.5 1
  2.10105 11 - 3
    1.14209 0.147297 20
    1.418 0.077518 12
    1.97077 0.775185 2
  2.125 5 + 2
    1.83529 0.5 3
    1.99472 0.5 2
  2.1308 3 - 1
    1.30634 1 17
  2.136 9 + 2
    1.56733 0.5 8
    2.00572 0.5 2
  2.165 1 - 2
    1.78829 0.5 4
    2.165 0.5 0
  2.188 5 + 2
    1.89829 0.5 3
    2.05772 0.5 2
  2.197 3 - 2
    1.79214 0.5 6
    1.90729 0.5 3
  2.222 7 + 2
    1.84529 0.5 4
    2.16218 0.5 1
  2.223 9 + 2
    1.65433 0.5 8
    2.09272 0.5 2
  2.258 11 - 2
    1.57495 0.5 12
    2.12772 0.5 2
  2.282 5 - 2
    2.22218 0.5 1
    2.282 0.5 0
  2.298 3 + 2
    2.23818 0.5 1
    2.298 0.5 0
  2.308 15 - 2
    0.92 0.5 47
    1.1057 0.5 37
  2.342 7 + 2
    1.96529 0.5 4
    2.28218 0.5 1
  2.3527 1 - 1
    0.2219 1 111
  2.375 1 + 2
    1.97014 0.5 6
    2.08529 0.5 3

47 112 2
  0 4 - 0
  0.0185 2 + 1
    0.0185 1 0

47 113 16
  0 1 - 0
  0.0435 7 + 1
    0.0435 1 0
  0.1393 9 + 1
    0.0958 1 1
  0.22208 3 + 1
    0.22208 1 0
  0.27082 3 - 1
    0.27082 1 0
  0.27359 1 - 2
    0.05151 0.2 3
    0.27359 0.8 0
  0.28 1 + 2
    0.05792 0.034719 3
    0.28 0.965281 0
  0.36684 5 - 2
    0.09602 0.5245 4
    0.36684 0.4755 0
  0.3698 7 + 3
    0.14772 0.4906 3
    0.2305 0.2894 2
    0.3263 0.22 1
  0.4767 5 + 4
    0.20588 0.12261 4
    0.25462 0.653452 3
    0.3374 0.058125 2
    0.4332 0.165813 1
  0.52616 11 - 3
    0.04946 0.019441 9
    0.38686 0.135208 2
    0.48266 0.845351 1
  0.60706 13 - 2
    0.33624 0.3243 4
    0.60706 0.6757 0
  0.61131 3 - 2
    0.47201 0.0659 2
    0.56781 0.9341 1
  0.67335 9 + 2
    0.53405 0.7194 2
    0.67335 0.2806 0
  0.78179 5 - 3
    0.41495 0.3361 7
    0.51097 0.4996 4
    0.78179 0.1643 0
  0.78316 7 + 3
    0.257 0.02439 10
    0.64386 0.542005 2
    0.73966 0.433604 1

47 114 5
  0 2 + 0
  0.1267 0 + 1
    0.1267 1 0
  0.1367 4 - 1
    0.1367 1 0
  0.199 6 - 1
    0.199 1 0
  0.3585 2 + 3
    0.2218 0.092718 2
    0.2318 0.688986 1
    0.3585 0.218296 0

47 115 38
  0 1 - 0
  0.04116 7 + 1
    0.04116 1 0
  0.16656 9 + 1
    0.1254 1 1
  0.25548 3 - 1
    0.25548 1 0
  0.2855 11 + 1
    0.11894 1 2
  0.30384 3 + 2
    0.04836 0.030461 3
    0.30384 0.969539 0
  0.34262 1 - 2
    0.08714 0.5 3
    0.34262 0.5 0
  0.39651 1 + 3
    0.09267 0.060991 5
    0.14103 0.135801 3
    0.39651 0.803208 0
  0.41411 7 + 4
    0.11027 0.242124 5
    0.15863 0.019502 3
    0.24755 0.305531 2
    0.37295 0.432843 1
  0.56491 9 + 2
    0.39835 0.5 2
    0.52375 0.5 1
  0.5967 13 + 1
    0.3112 1 4
  0.602415 5 + 4
    0.205905 0.094213 7
    0.298575 0.062432 5
    0.435855 0.077032 2
    0.561255 0.766323 1
  0.60742 1 - 2
    0.35194 0.5 3
    0.60742 0.5 0
  0.63536 5 + 1
    0.4688 1 2
  0.66416 11 + 1
    0.4976 1 2
  0.76609 5 - 3
    0.42347 0.333333 6
    0.51061 0.333333 3
    0.59953 0.333333 2
  0.78794 3 - 4
    0.44532 0.25 6
    0.53246 0.25 3
    0.74678 0.25 1
    0.78794 0.25 0
  0.8032 13 + 2
    0.13904 0.1404 14
    0.63664 0.8596 2
  0.9268 15 + 2
    0.3301 0.8151 10
    0.6413 0.1849 4
  1.1101 13 - 1
    0.44594 1 14
  1.1234 15 + 2
    0.5267 0.6675 10
    0.8379 0.3325 4
  1.2989 17 + 2
    0.3721 0.8016 18
    0.7022 0.1984 10
  1.4804 15 + 2
    0.6772 0.8002 17
    0.81624 0.1998 14
  1.5601 17 + 1
    0.7569 1 17
  1.7233 19 + 1
    0.7965 1 18
  1.837 15 - 1
    0.2769 1 23
  1.8873 17 - 2
    0.4069 0.4289 22
    0.7772 0.5711 19
  2.1466 17 - 2
    0.5865 0.637 23
    0.6662 0.363 22
  2.3856 19 - 2
    0.239 0.675 27
    0.8255 0.325 23
  2.4186 21 + 1
    0.8585 1 23
  2.6021 21 - 1
    0.2165 1 28
  2.6244 19 - 2
    0.7371 0.4446 26
    0.7874 0.5554 25
  2.6343 23 + 1
    0.911 1 24
  2.849 7 - 2
    0.2246 0.8197 31
    0.4304 0.1803 29
  2.8562 23 - 1
    0.2541 1 30
  2.972 5 - 1
    0.123 1 33
  3.0952 25 - 1
    0.239 1 34
  3.239 3 - 1
    0.267 1 35

47 116 7
  0 0 - 0
  0.0479 6 + 1
    0.0479 1 0
  0.09106 2 - 1
    0.09106 1 0
  0.11473 2 + 2
    0.02367 0.094491 2
    0.11473 0.905509 0
  0.1298 12 - 1
    0.0819 1 1
  0.21582 4 - 2
    0.10109 0.885 3
    0.21582 0.115 0
  0.39342 2 + 2
    0.1776 0.7586 5
    0.27869 0.2414 3

47 117 4
  0 1 - 0
  0.0286 7 + 1
    0.0286 1 0
  0.2475 3 - 1
    0.2475 1 0
  0.3239 5 - 2
    0.0764 0.1804 2
    0.3239 0.8196 0

47 118 15
  0 2 - 0
  0.04579 0 - 1
    0.04579 1 0
  0.09561 4 - 1
    0.04982 1 1
  0.12543 6 - 2
    0.02982 0.278 2
    0.12543 0.722 0
  0.12763 8 + 1
    0.12763 1 0
  0.15398 10 + 2
    0.02855 0.5 3
    0.10819 0.5 1
  0.2509 12 + 4
    0.09692 0.01582 5
    0.12547 0.8576 3
    0.20511 0.06171 1
    0.2509 0.06487 0
  0.27937 4 + 1
    0.15174 1 4
  0.3303 6 + 1
    0.05093 1 7
  0.3708 8 - 1
    0.09143 1 7
  0.39645 2 + 3
    0.14555 0.635 6
    0.27102 0.2046 3
    0.30084 0.1604 2
  0.47508 2 + 5
    0.22418 0.439648 6
    0.3211 0.063017 5
    0.34965 0.176419 3
    0.37947 0.306634 2
    0.42929 0.014282 1
  0.56324 14 - 2
    0.23294 0.196 8
    0.28387 0.804 7
  0.64182 2 + 2
    0.07858 0.7335 12
    0.27102 0.2665 9
  0.72042 2 + 4
    0.0786 0.1152 13
    0.15718 0.2939 12
    0.46952 0.3913 6
    0.59499 0.1996 3

47 119 2
  0 7 + 0
  0.2 1 - 1
    0.2 1 0

47 120 6
  0 6 + 0
  0.0525 0 + 1
    0.0525 1 0
  0.203 12 - 1
    0.203 1 0
  0.2106 4 - 1
    0.1581 1 1
  0.3004 2 + 1
    0.0898 1 3
  0.8058 2 + 1
    0.5952 1 3

47 121 1
  0 7 + 0

47 122 2
  0 6 + 0
  0.08 18 - 1
    0.08 1 0

47 123 1
  0 7 + 0

47 124 1
  0 2 - 0

47 125 3
  0 9 + 0
  1.3988 15 + 1
    1.3988 1 0
  1.5 21 - 1
    1.5 1 0

47 126 1
  0 2 - 0

47 127 1
  0 9 + 0

47 128 1
  0 2 - 0

47 129 1
  0 9 + 0

47 130 1
  0 16 - 0

