13 21 1
  0 5 + 0

13 22 3
  0 6 + 0
  1.85 2 + 1
    1.85 1 0
  2.21 2 + 2
    0.36 0.5 1
    2.21 0.5 0

13 23 8
  0 5 + 0
  0.55 1 + 1
    0.55 1 0
  1.773 3 + 1
    1.773 1 0
  2.575 7 + 1
    0.802 1 2
  3.197 3 + 2
    0.622 0.5 3
    1.424 0.5 2
  3.718 5 + 2
    3.168 0.5 1
    3.718 0.5 0
  4.2 7 + 2
    1.625 0.5 3
    2.427 0.5 2
  11.78 5 + 2
    11.23 0.5 1
    11.78 0.5 0

13 24 51
  0 8 + 0
  0.4258 2 + 1
    0.4258 1 0
  0.511 4 + 1
    0.511 1 0
  1.111 4 + 2
    0.6 0.5 2
    1.111 0.5 0
  1.275 6 + 1
    0.8492 1 1
  1.563 8 + 2
    1.052 0.5 2
    1.563 0.5 0
  1.638 6 + 2
    0.363 0.5 4
    1.2122 0.5 1
  2.369 8 + 2
    1.858 0.5 2
    2.369 0.5 0
  2.546 10 + 2
    0.908 0.5 6
    1.271 0.5 4
  2.832 6 + 2
    1.557 0.5 4
    2.4062 0.5 1
  2.92 4 + 2
    2.409 0.5 2
    2.92 0.5 0
  3.027 2 + 2
    1.752 0.5 4
    2.6012 0.5 1
  3.306 4 + 2
    2.795 0.5 2
    3.306 0.5 0
  3.37 2 + 2
    2.095 0.5 4
    2.9442 0.5 1
  3.384 0 - 2
    0.357 0.5 11
    2.9582 0.5 1
  3.492 2 - 2
    2.381 0.5 3
    2.981 0.5 2
  3.608 0 - 2
    0.581 0.5 11
    3.1822 0.5 1
  3.716 2 - 2
    2.605 0.5 3
    3.205 0.5 2
  3.909 4 - 2
    2.634 0.5 4
    3.4832 0.5 1
  4.057 2 - 2
    2.946 0.5 3
    3.546 0.5 2
  4.129 0 - 2
    1.102 0.5 11
    3.7032 0.5 1
  4.315 4 - 2
    3.04 0.5 4
    3.8892 0.5 1
  4.4 2 + 2
    3.125 0.5 4
    3.9742 0.5 1
  4.488 6 - 2
    3.977 0.5 2
    4.488 0.5 0
  4.67 2 + 2
    3.395 0.5 4
    4.2442 0.5 1
  4.762 4 - 2
    3.487 0.5 4
    4.3362 0.5 1
  4.97 2 + 2
    3.695 0.5 4
    4.5442 0.5 1
  5.045 6 - 2
    4.534 0.5 2
    5.045 0.5 0
  5.337 4 - 2
    4.062 0.5 4
    4.9112 0.5 1
  5.43 2 + 2
    4.155 0.5 4
    5.0042 0.5 1
  5.47 0 - 2
    2.443 0.5 11
    5.0442 0.5 1
  5.531 4 - 2
    4.256 0.5 4
    5.1052 0.5 1
  5.614 6 - 2
    5.103 0.5 2
    5.614 0.5 0
  5.692 4 - 2
    4.417 0.5 4
    5.2662 0.5 1
  5.788 2 + 2
    4.513 0.5 4
    5.3622 0.5 1
  5.908 0 - 2
    2.881 0.5 11
    5.4822 0.5 1
  5.957 0 + 2
    4.846 0.5 3
    5.446 0.5 2
  6.005 4 - 2
    4.73 0.5 4
    5.5792 0.5 1
  6.17 6 - 2
    5.659 0.5 2
    6.17 0.5 0
  6.25 2 + 2
    4.975 0.5 4
    5.8242 0.5 1
  6.324 4 - 2
    5.049 0.5 4
    5.8982 0.5 1
  6.462 12 - 1
    3.916 1 8
  6.53 2 + 2
    5.255 0.5 4
    6.1042 0.5 1
  6.554 6 - 2
    6.043 0.5 2
    6.554 0.5 0
  6.697 4 + 2
    6.186 0.5 2
    6.697 0.5 0
  6.797 2 - 2
    5.686 0.5 3
    6.286 0.5 2
  6.925 8 + 2
    6.414 0.5 2
    6.925 0.5 0
  7.086 4 - 2
    5.811 0.5 4
    6.6602 0.5 1
  7.36 2 + 2
    6.085 0.5 4
    6.9342 0.5 1
  7.441 6 - 2
    6.93 0.5 2
    7.441 0.5 0
  7.679 0 + 2
    6.568 0.5 3
    7.168 0.5 2

13 25 72
  0 5 + 0
  0.4517 1 + 1
    0.4517 1 0
  0.9449 3 + 2
    0.4932 0.6098 1
    0.9449 0.3902 0
  1.6125 7 + 1
    1.6125 1 0
  1.7895 5 + 3
    0.8446 0.4 2
    1.3378 0.38 1
    1.7895 0.22 0
  2.4853 1 + 3
    1.5404 0.156006 2
    2.0336 0.817033 1
    2.4853 0.026961 0
  2.6733 3 + 4
    0.8838 0.427885 4
    1.7284 0.005135 2
    2.2216 0.314089 1
    2.6733 0.252891 0
  2.7202 7 + 3
    0.9307 0.289312 4
    1.7753 0.628925 2
    2.7202 0.081763 0
  3.062 3 - 3
    2.1171 0.1203 2
    2.6103 0.7519 1
    3.062 0.1278 0
  3.4242 9 + 2
    1.8117 0.8403 3
    3.4242 0.1597 0
  3.6955 7 - 3
    0.9753 0.032468 7
    1.906 0.649355 4
    3.6955 0.318178 0
  3.823 1 - 3
    1.3377 0.051509 5
    2.8781 0.628094 2
    3.3713 0.320397 1
  3.8591 5 + 8
    0.7971 0.00384 8
    1.1389 0.09408 7
    1.1858 0.07872 6
    2.0696 0.0608 4
    2.2466 0.01939 3
    2.9142 0.640001 2
    3.4074 0.003968 1
    3.8591 0.0992 0
  4.026 5 + 2
    2.4135 0.4012 3
    4.026 0.5988 0
  4.192 3 + 2
    3.2471 0.5 2
    3.7403 0.5 1
  4.516 9 + 2
    2.7265 0.5 4
    4.516 0.5 0
  4.582 5 + 1
    3.6371 1 2
  4.906 7 + 2
    3.2935 0.5 3
    3.9611 0.5 2
  5.045 3 - 2
    4.5933 0.5 1
    5.045 0.5 0
  5.068 1 - 2
    2.3947 0.5 6
    4.1231 0.5 2
  5.083 3 - 2
    4.6313 0.5 1
    5.083 0.5 0
  5.101 1 - 2
    2.4277 0.5 6
    4.1561 0.5 2
  5.116 3 - 2
    4.6643 0.5 1
    5.116 0.5 0
  5.232 5 - 2
    3.6195 0.5 3
    4.2871 0.5 2
  5.285 1 + 2
    4.8333 0.5 1
    5.285 0.5 0
  5.526 3 - 2
    5.0743 0.5 1
    5.526 0.5 0
  5.597 11 - 2
    1.9015 0.5 10
    2.1728 0.5 9
  5.686 5 - 2
    4.0735 0.5 3
    4.7411 0.5 2
  5.785 1 + 2
    5.3333 0.5 1
    5.785 0.5 0
  5.804 3 - 2
    5.3523 0.5 1
    5.804 0.5 0
  6.063 3 - 2
    5.6113 0.5 1
    6.063 0.5 0
  6.122 3 + 2
    4.5095 0.5 3
    5.1771 0.5 2
  6.17 5 - 2
    4.5575 0.5 3
    5.2251 0.5 2
  6.322 7 - 2
    4.5325 0.5 4
    6.322 0.5 0
  6.385 3 - 2
    5.9333 0.5 1
    6.385 0.5 0
  6.409 1 - 2
    3.7357 0.5 6
    5.4641 0.5 2
  6.517 3 + 2
    4.9045 0.5 3
    5.5721 0.5 2
  6.62 5 - 2
    5.0075 0.5 3
    5.6751 0.5 2
  6.65 5 + 2
    6.1983 0.5 1
    6.65 0.5 0
  6.734 7 - 2
    4.9445 0.5 4
    6.734 0.5 0
  6.74 1 + 2
    6.2883 0.5 1
    6.74 0.5 0
  6.77 1 - 2
    4.0967 0.5 6
    5.8251 0.5 2
  6.829 5 + 2
    6.3773 0.5 1
    6.829 0.5 0
  6.877 3 - 2
    6.4253 0.5 1
    6.877 0.5 0
  6.895 7 - 2
    5.1055 0.5 4
    6.895 0.5 0
  6.909 3 + 2
    5.2965 0.5 3
    5.9641 0.5 2
  6.944 1 + 2
    6.4923 0.5 1
    6.944 0.5 0
  7.022 13 - 1
    7.022 1 0
  7.055 3 - 2
    6.6033 0.5 1
    7.055 0.5 0
  7.118 3 + 2
    5.5055 0.5 3
    6.1731 0.5 2
  7.15 5 - 2
    5.5375 0.5 3
    6.2051 0.5 2
  7.183 1 + 2
    6.7313 0.5 1
    7.183 0.5 0
  7.24 5 + 2
    6.7883 0.5 1
    7.24 0.5 0
  7.297 3 - 2
    6.8453 0.5 1
    7.297 0.5 0
  7.409 5 - 2
    5.7965 0.5 3
    6.4641 0.5 2
  7.422 7 + 2
    5.8095 0.5 3
    6.4771 0.5 2
  7.588 1 + 2
    7.1363 0.5 1
    7.588 0.5 0
  7.646 9 - 2
    4.9258 0.5 7
    6.0335 0.5 3
  7.684 7 - 2
    5.8945 0.5 4
    7.684 0.5 0
  7.717 3 + 2
    6.1045 0.5 3
    6.7721 0.5 2
  7.77 1 + 2
    7.3183 0.5 1
    7.77 0.5 0
  7.819 5 - 2
    6.2065 0.5 3
    6.8741 0.5 2
  7.848 1 + 2
    7.3963 0.5 1
    7.848 0.5 0
  7.892 5 - 2
    6.2795 0.5 3
    6.9471 0.5 2
  7.901 5 + 3
    6.2885 0.37 3
    6.9561 0.13 2
    7.901 0.5 0
  7.936 3 - 2
    7.4843 0.5 1
    7.936 0.5 0
  7.97 3 + 1
    7.97 1 0
  8.026 1 - 2
    5.3527 0.5 6
    7.0811 0.5 2
  8.077 3 + 2
    6.4645 0.5 3
    7.1321 0.5 2
  8.089 5 - 2
    6.4765 0.5 3
    7.1441 0.5 2
  8.186 1 + 2
    7.7343 0.5 1
    8.186 0.5 0
  9.073 9 - 2
    6.3528 0.5 7
    7.4605 0.5 3

13 26 172
  0 10 + 0
  0.228305 0 + 1
    0.228305 1 0
  0.416852 6 + 1
    0.416852 1 0
  1.05774 2 + 1
    0.829435 1 1
  1.75903 4 + 2
    0.70129 0.01999 3
    1.34218 0.98001 2
  1.85062 2 + 2
    1.43377 0.006951 2
    1.62231 0.993049 1
  2.06886 8 + 2
    1.65201 0.6901 2
    2.06886 0.3099 0
  2.07056 4 + 5
    0.219935 0.000399 5
    0.311525 0.001733 4
    1.01282 0.753713 3
    1.6537 0.214004 2
    1.84225 0.030151 1
  2.07164 2 + 3
    0.22102 0.000402 5
    1.65479 0.1063 2
    1.84333 0.893298 1
  2.36515 6 + 5
    0.294595 0.509551 7
    0.60612 0.014779 4
    1.30741 0.137087 3
    1.9483 0.329668 2
    2.36515 0.008916 0
  2.54537 6 + 5
    0.474815 0.679754 7
    0.78634 0.033308 4
    1.48763 0.025148 3
    2.12852 0.259683 2
    2.54537 0.002107 0
  2.66092 4 + 6
    0.58928 0.033958 8
    0.590365 0.248589 7
    0.8103 0.015159 5
    0.90189 0.006185 4
    1.60318 0.089736 3
    2.24407 0.606373 2
  2.74003 2 + 2
    2.32318 0.008035 2
    2.51172 0.991965 1
  2.9134 4 + 5
    0.842845 0.677563 7
    1.06278 0.010499 5
    1.15437 0.007927 4
    1.85566 0.007927 3
    2.49655 0.296084 2
  3.07363 6 + 6
    1.00307 0.83388 7
    1.22301 0.026929 5
    1.3146 0.003669 4
    2.01589 0.122597 3
    2.65678 0.005003 2
    3.07363 0.007922 0
  3.15989 4 + 8
    0.61452 0.014281 10
    0.79474 0.002231 9
    1.08825 0.027093 8
    1.30927 0.003506 5
    1.40086 0.147214 4
    2.10215 0.163816 3
    2.74304 0.637461 2
    2.93158 0.004398 1
  3.40265 10 + 4
    1.0375 0.004799 9
    1.33379 0.053128 6
    2.9858 0.571283 2
    3.40265 0.370789 0
  3.50763 12 + 2
    1.43877 0.00319 6
    3.50763 0.99681 0
  3.59634 6 + 5
    1.52578 0.919376 7
    1.74572 0.009837 5
    2.5386 0.031989 3
    3.17949 0.001839 2
    3.59634 0.036959 0
  3.67492 8 + 6
    1.12955 0.01998 10
    1.30977 0.08107 9
    1.60606 0.009991 6
    1.91589 0.2741 4
    3.25807 0.570899 2
    3.67492 0.04396 0
  3.68068 6 + 8
    0.52079 0.002613 15
    0.76728 0.001213 13
    1.61013 0.933177 7
    1.83006 0.001773 5
    1.92165 0.01148 4
    2.62294 0.026039 3
    3.26383 0.01652 2
    3.68068 0.007186 0
  3.72381 2 + 3
    1.06289 0.003473 11
    2.66607 0.004366 3
    3.4955 0.992161 1
  3.7509 4 + 8
    0.59101 0.157298 15
    0.8375 0.003864 13
    1.38575 0.001288 9
    1.68034 0.677791 7
    1.90028 0.002644 5
    1.99187 0.001898 4
    2.69316 0.094219 3
    3.33405 0.060999 2
  3.75363 0 + 4
    1.0136 0.01893 12
    1.68199 0.094659 8
    1.90301 0.02582 5
    2.69589 0.860591 3
  3.92196 10 + 1
    3.92196 1 0
  3.96283 6 + 9
    1.2228 0.004912 12
    1.30191 0.014739 11
    1.59768 0.034388 9
    1.89227 0.70175 7
    2.11221 0.016139 5
    2.2038 0.021748 4
    2.90509 0.111592 3
    3.54598 0.039297 2
    3.96283 0.055436 0
  3.97791 0 - 3
    1.90627 0.009306 8
    2.12729 0.620359 5
    2.92017 0.370335 3
  4.19192 6 + 9
    0.59558 0.008821 18
    1.27852 0.003881 13
    1.531 0.005293 11
    1.64655 0.020999 10
    1.82677 0.092917 9
    2.12306 0.238791 6
    2.43289 0.038809 4
    3.77507 0.588079 2
    4.19192 0.002411 0
  4.20586 8 + 10
    0.53094 0.000403 19
    1.13223 0.005219 14
    1.29246 0.006276 13
    1.54494 0.081259 11
    1.66049 0.03171 10
    1.84071 0.068039 9
    2.137 0.106399 6
    2.44683 0.01103 4
    3.78901 0.660595 2
    4.20586 0.02907 0
  4.34934 6 + 5
    2.27878 0.941708 7
    2.59031 0.008005 4
    3.2916 0.01789 3
    3.93249 0.02637 2
    4.34934 0.006027 0
  4.43072 4 - 8
    1.27083 0.034499 15
    1.88535 0.009685 10
    2.06557 0.01816 9
    2.36016 0.60529 7
    2.5801 0.006053 5
    2.67169 0.02906 4
    3.37298 0.006659 3
    4.01387 0.290595 2
  4.48048 0 - 4
    1.74045 0.163602 12
    2.40884 0.442304 8
    2.62986 0.341903 5
    3.42274 0.052191 3
  4.54792 4 + 12
    0.86724 0.0023 20
    1.63452 0.004791 13
    1.80789 0.007091 12
    1.887 0.002012 11
    2.00255 0.052703 10
    2.18277 0.032912 9
    2.47628 0.012981 8
    2.6973 0.000815 5
    2.78889 0.069954 4
    3.49018 0.479124 3
    4.13107 0.329617 2
    4.31962 0.005701 1
  4.59917 6 + 11
    0.84827 0.01815 22
    0.91849 0.007929 20
    0.92425 0.03105 19
    1.52554 0.01003 14
    1.68577 0.03391 13
    1.93825 0.06592 11
    2.0538 0.05015 10
    2.23402 0.02603 9
    2.53031 0.02603 6
    2.84014 0.4776 4
    4.18232 0.2532 2
  4.62238 4 - 10
    1.46249 0.01082 15
    1.54875 0.04489 14
    1.88235 0.3184 12
    1.96146 0.191 11
    2.07701 0.02101 10
    2.25723 0.0121 9
    2.55182 0.1821 7
    2.77176 0.09042 5
    3.56464 0.01496 3
    4.20553 0.1143 2
  4.70537 8 + 7
    1.02469 0.005108 20
    1.63174 0.006244 14
    2.16 0.158397 10
    2.34022 0.253695 9
    2.63651 0.00596 6
    4.28852 0.003008 2
    4.70537 0.567589 0
  4.77335 8 + 14
    0.58143 0.041161 27
    1.09267 0.003816 20
    1.09843 0.001202 19
    1.17701 0.002614 18
    1.3707 0.006009 16
    1.69972 0.03515 14
    1.85995 0.057991 13
    2.11243 0.261403 11
    2.22798 0.054081 10
    2.4082 0.081121 9
    2.70449 0.03004 6
    3.01432 0.003906 4
    4.3565 0.300404 2
    4.77335 0.121102 0
  4.93964 2 - 10
    1.18601 0.042182 23
    1.77975 0.01044 15
    2.19961 0.00482 12
    2.27872 0.008033 11
    2.868 0.057042 8
    2.86909 0.049002 7
    3.08902 0.008033 5
    3.18061 0.005061 4
    3.8819 0.012051 3
    4.71134 0.803335 1
  4.94079 10 + 8
    1.26587 0.003018 19
    1.43316 0.017951 17
    1.86716 0.002479 14
    2.39542 0.214514 10
    2.57564 0.205314 9
    2.87193 0.007006 6
    4.52394 0.538936 2
    4.94079 0.010781 0
  4.9523 6 + 9
    0.76038 0.013131 27
    1.79241 0.571025 15
    2.0389 0.009022 13
    2.21227 0.009993 12
    2.40693 0.006281 10
    2.88175 0.251211 7
    3.10168 0.026271 5
    3.89456 0.018841 3
    4.53545 0.094224 2
  5.00666 4 - 7
    2.09326 0.027261 13
    2.26663 0.02271 12
    2.34574 0.02271 11
    2.9361 0.648913 7
    3.15604 0.01882 5
    3.24763 0.070081 4
    3.94892 0.189504 3
  5.01024 2 + 2
    1.25661 0.023439 23
    4.78194 0.976561 1
  5.13193 8 + 17
    0.78259 0.00322 29
    0.92607 0.005233 28
    0.94001 0.000894 27
    1.1691 0.02013 25
    1.45125 0.004517 20
    1.45701 0.001208 19
    1.53559 0.04114 18
    1.72928 0.05009 16
    1.97204 0.002728 15
    2.0583 0.1914 14
    2.58656 0.009705 10
    2.76678 0.447199 9
    3.06137 0.05098 7
    3.06307 0.1606 6
    3.3729 0.000492 4
    4.71508 0.006261 2
    5.13193 0.004204 0
  5.14168 4 + 7
    1.17885 0.01295 25
    1.54534 0.01376 18
    2.77653 0.00696 9
    3.07004 0.008093 8
    3.38265 0.1198 4
    4.08394 0.02914 3
    4.72483 0.809298 2
  5.19511 0 + 4
    1.4713 0.149903 21
    3.12347 0.420008 8
    3.34449 0.089882 5
    4.13737 0.340207 3
  5.24528 8 + 20
    0.53991 0.027181 35
    0.89594 0.003224 29
    1.03942 0.004284 28
    1.05336 0.460623 27
    1.28245 0.018011 25
    1.49438 0.000783 22
    1.5646 0.004284 20
    1.57036 0.001889 19
    1.64894 0.021191 18
    1.73765 0.002487 17
    1.84263 0.015201 16
    2.17165 0.052053 14
    2.33188 0.056203 13
    2.58436 0.029021 11
    2.69991 0.024871 10
    2.88013 0.091214 9
    3.17473 0.038232 7
    3.48625 0.074164 4
    4.82843 0.039152 2
    5.24528 0.035932 0
  5.39553 8 - 12
    0.77315 0.003927 34
    0.79636 0.01908 33
    1.20361 0.061451 27
    1.72061 0.001525 19
    1.79919 0.030131 18
    1.99288 0.001109 16
    2.3219 0.01908 14
    2.85016 0.01308 10
    3.03038 0.036181 9
    3.32667 0.02112 6
    4.97868 0.462009 2
    5.39553 0.331306 0
  5.43123 2 - 10
    0.88331 0.006153 32
    0.95075 0.002166 31
    1.6776 0.208592 23
    2.77031 0.003961 11
    3.35959 0.095066 8
    3.36068 0.26409 7
    3.58061 0.049648 5
    3.6722 0.006338 4
    4.37349 0.216592 3
    5.20293 0.147394 1
  5.45671 6 - 14
    0.75134 0.004228 35
    0.90879 0.058804 32
    1.70581 0.00538 22
    1.77603 0.00538 20
    1.78179 0.00538 19
    1.86037 0.004228 18
    2.29682 0.055344 15
    2.38308 0.059954 14
    2.79579 0.204813 11
    2.91134 0.012681 10
    3.09156 0.023441 9
    3.38616 0.105707 7
    3.69768 0.070335 4
    5.03986 0.384325 2
  5.46187 2 - 7
    2.30198 0.059771 15
    2.54847 0.200002 13
    2.72184 0.170102 12
    2.80095 0.080461 11
    3.61125 0.080461 5
    3.70284 0.229902 4
    4.40413 0.179302 3
  5.48793 10 + 5
    2.08528 0.03369 16
    2.4143 0.635706 14
    3.12278 0.089001 9
    3.41907 0.139901 6
    5.48793 0.101701 0
  5.49451 4 + 4
    0.94659 0.021959 32
    1.89817 0.028129 18
    2.33462 0.042639 15
    3.42395 0.907273 7
  5.51348 8 + 14
    0.38155 0.002591 42
    0.80811 0.005996 35
    1.16414 0.011509 29
    1.32156 0.370162 27
    1.76258 0.002887 22
    1.91714 0.004072 18
    2.60008 0.010699 13
    2.85256 0.007292 11
    2.96811 0.007292 10
    3.14833 0.061074 9
    3.44462 0.042936 6
    3.75445 0.266173 4
    5.09663 0.09513 2
    5.51348 0.112188 0
  5.54456 4 + 15
    1.58173 0.018001 25
    1.79366 0.199706 22
    1.82075 0.0121 21
    1.94822 0.050631 18
    2.47093 0.019971 14
    2.63116 0.045011 13
    2.88364 0.022221 11
    2.99919 0.024191 10
    3.17941 0.135004 9
    3.47292 0.024191 8
    3.69394 0.009001 5
    3.78553 0.114503 4
    4.48682 0.028131 3
    5.12771 0.281308 2
    5.31625 0.01603 1
  5.56916 10 - 3
    0.86379 0.142 35
    3.5003 0.2407 6
    5.56916 0.6173 0
  5.58499 2 + 6
    1.03707 0.062177 32
    1.83136 0.024179 23
    2.4251 0.010359 15
    2.67159 0.025909 13
    3.82596 0.013819 4
    5.35669 0.863557 1
  5.5983 4 - 3
    2.43841 0.3984 15
    3.52774 0.3108 7
    5.18145 0.2908 2
  5.67104 2 + 6
    1.91741 0.492405 23
    1.99036 0.032 20
    2.51115 0.230902 15
    4.6133 0.078291 3
    5.25419 0.058101 2
    5.44274 0.108301 1
  5.67607 8 - 9
    1.0769 0.01604 33
    1.48415 0.070289 27
    1.99539 0.01361 20
    2.00115 0.002208 19
    3.1307 0.03505 10
    3.31092 0.00793 9
    3.60721 0.003785 6
    5.25922 0.450594 2
    5.67607 0.400495 0
  5.69215 6 - 13
    0.55047 0.002294 43
    1.09298 0.002427 33
    1.14423 0.002118 32
    1.48629 0.004192 28
    1.50023 0.183593 27
    2.01147 0.018089 20
    2.09581 0.002912 18
    2.53226 0.165494 15
    2.61852 0.006928 14
    3.03123 0.003089 11
    3.62159 0.003089 7
    3.93312 0.164594 4
    5.2753 0.441183 2
  5.72638 8 + 9
    1.37704 0.008215 29
    1.76355 0.061614 25
    2.05146 0.007095 19
    2.13004 0.024271 18
    2.32373 0.082155 16
    3.36123 0.050413 9
    3.65752 0.060494 6
    5.30953 0.33232 2
    5.72638 0.373422 0
  5.84921 4 + 8
    0.70753 0.03115 43
    1.30129 0.08385 32
    1.65729 0.1485 27
    2.93581 0.07187 13
    3.10918 0.0321 12
    3.77866 0.4792 7
    4.09018 0.07187 4
    5.43236 0.08146 2
  5.88265 6 + 13
    0.74097 0.022828 43
    0.75072 0.021958 42
    1.17728 0.022828 35
    1.26027 0.031008 34
    1.28348 0.022828 33
    1.33473 0.430668 32
    1.69073 0.017229 27
    2.72276 0.093013 15
    2.80902 0.009904 14
    3.81209 0.116291 7
    4.03203 0.040907 5
    4.12362 0.030148 4
    5.4658 0.140389 2
  5.9161 4 - 11
    0.774421 0.01195 43
    1.72418 0.064191 27
    2.1652 0.02213 22
    2.75621 0.033201 15
    3.0027 0.01903 13
    3.55095 0.01594 9
    3.84555 0.215104 7
    4.06548 0.047371 5
    4.15707 0.066401 4
    4.85836 0.061971 3
    5.49925 0.442709 2
  5.92419 8 + 5
    2.24351 0.19201 20
    2.52154 0.035052 16
    3.37882 0.480124 10
    3.85364 0.110406 7
    5.92419 0.182409 0
  5.94993 2 - 4
    2.1963 0.205221 23
    2.79004 0.436744 15
    3.87938 0.218322 7
    5.72163 0.139714 1
  6.02802 2 + 10
    1.02136 0.011 40
    1.08838 0.054108 37
    2.05011 0.008799 26
    2.27712 0.035199 22
    2.30421 0.220894 21
    3.11462 0.153996 13
    3.28799 0.035199 12
    3.95638 0.029039 8
    4.26899 0.01188 4
    4.97028 0.439887 3
  6.08407 10 - 7
    0.68854 0.007206 46
    1.31072 0.007374 36
    1.3787 0.088824 35
    2.40915 0.109505 19
    2.57644 0.077654 17
    4.01351 0.558628 7
    6.08407 0.150808 0
  6.08647 2 - 4
    4.01592 0.2519 7
    4.23585 0.2366 5
    4.32744 0.1298 4
    5.85817 0.3817 1
  6.12001 2 - 3
    2.44509 0.061144 19
    2.71736 0.259516 16
    4.04946 0.679341 7
  6.19756 2 - 1
    5.96926 1 1
  6.2384 2 - 14
    1.09672 0.078503 43
    1.69048 0.102404 32
    1.80768 0.01294 30
    2.26049 0.070342 26
    2.48477 0.051212 23
    2.51459 0.005065 21
    3.07851 0.01294 15
    3.325 0.0121 13
    3.49837 0.039391 12
    4.16784 0.28141 7
    4.38778 0.018011 5
    4.47937 0.023071 4
    5.18066 0.140705 3
    6.0101 0.151905 1
  6.25406 6 - 2
    4.1852 0.5 6
    4.49503 0.5 4
  6.27019 2 + 3
    1.07508 0.0687 44
    3.1103 0.1679 15
    6.04189 0.7634 1
  6.28033 6 + 6
    1.13865 0.128914 43
    1.1484 0.101011 42
    1.68116 0.101011 33
    2.08841 0.230025 27
    3.12044 0.348438 15
    4.20978 0.0906 7
  6.34346 8 - 8
    1.21153 0.06639 42
    1.63809 0.03774 35
    1.74429 0.4548 33
    2.15154 0.1382 27
    3.26983 0.05048 14
    3.79809 0.1287 10
    3.97831 0.03774 9
    4.2729 0.08595 7
  6.36399 6 + 10
    2.15813 0.070273 28
    2.17207 0.016221 27
    2.61309 0.062162 22
    2.68331 0.129705 20
    2.68907 0.118905 19
    3.81862 0.051352 10
    3.99884 0.081083 9
    4.29344 0.081083 7
    4.60496 0.270311 4
    5.94714 0.118905 2
  6.39864 4 - 2
    5.3409 0.5 3
    5.98179 0.5 2
  6.41446 0 + 2
    4.56384 0.5988 5
    5.35672 0.4012 3
  6.43644 10 + 4
    1.30451 0.389084 42
    1.73107 0.350186 35
    4.36589 0.070037 7
    6.01959 0.190692 2
  6.49594 10 + 2
    6.07909 0.5 2
    6.49594 0.5 0
  6.55068 10 - 2
    3.04305 0.5 17
    4.48182 0.5 6
  6.59832 10 + 2
    6.18147 0.5 2
    6.59832 0.5 0
  6.6104 6 - 2
    4.54154 0.5 6
    4.85137 0.5 4
  6.68045 4 + 2
    4.92142 0.5 4
    6.45215 0.5 1
  6.695 14 - 1
    3.18737 1 17
  6.72425 8 - 2
    6.3074 0.5 2
    6.72425 0.5 0
  6.78379 4 - 2
    5.72605 0.5 3
    6.36694 0.5 2
  6.7893 6 - 2
    4.72044 0.5 6
    5.03027 0.5 4
  6.80112 6 + 2
    6.38427 0.5 2
    6.80112 0.5 0
  6.80867 2 - 2
    5.04964 0.5 4
    6.58037 0.5 1
  6.81574 2 - 2
    5.05671 0.5 4
    6.58744 0.5 1
  6.81786 8 + 2
    4.749 0.5 6
    5.05883 0.5 4
  6.8515 4 + 2
    5.09247 0.5 4
    6.6232 0.5 1
  6.87429 2 + 2
    5.81655 0.5 3
    6.45744 0.5 2
  6.87573 4 + 2
    5.1167 0.5 4
    6.64743 0.5 1
  6.8917 12 - 2
    3.48905 0.5 16
    6.8917 0.5 0
  6.9362 2 + 2
    5.87846 0.5 3
    6.51935 0.5 2
  6.96448 6 - 2
    4.89562 0.5 6
    5.20545 0.5 4
  7.00091 4 + 2
    5.24188 0.5 4
    6.77261 0.5 1
  7.01501 10 + 2
    6.59816 0.5 2
    7.01501 0.5 0
  7.05122 6 + 2
    6.63437 0.5 2
    7.05122 0.5 0
  7.08597 2 - 2
    5.32694 0.5 4
    6.85766 0.5 1
  7.09278 4 + 2
    5.33375 0.5 4
    6.86448 0.5 1
  7.10871 8 - 2
    6.69186 0.5 2
    7.10871 0.5 0
  7.1418 4 - 2
    6.08406 0.5 3
    6.72495 0.5 2
  7.15284 6 + 2
    6.73599 0.5 2
    7.15284 0.5 0
  7.16097 6 - 2
    5.09211 0.5 6
    5.40194 0.5 4
  7.16765 8 - 2
    6.7508 0.5 2
    7.16765 0.5 0
  7.19844 2 + 2
    6.1407 0.5 3
    6.78159 0.5 2
  7.22242 10 + 2
    6.80557 0.5 2
    7.22242 0.5 0
  7.23768 6 - 2
    5.16882 0.5 6
    5.47865 0.5 4
  7.2536 4 - 2
    6.19586 0.5 3
    6.83675 0.5 2
  7.28562 2 - 2
    5.52659 0.5 4
    7.05732 0.5 1
  7.29133 0 - 2
    5.44071 0.5 5
    6.23359 0.5 3
  7.30822 4 + 2
    5.54919 0.5 4
    7.07992 0.5 1
  7.34789 8 - 2
    6.93104 0.5 2
    7.34789 0.5 0
  7.36625 10 + 2
    6.9494 0.5 2
    7.36625 0.5 0
  7.39692 4 + 2
    5.63789 0.5 4
    7.16861 0.5 1
  7.3987 6 - 2
    5.32984 0.5 6
    5.63967 0.5 4
  7.40962 8 - 2
    6.99277 0.5 2
    7.40962 0.5 0
  7.42507 8 + 2
    5.35621 0.5 6
    5.66604 0.5 4
  7.4395 2 - 2
    5.68047 0.5 4
    7.2112 0.5 1
  7.44416 2 - 2
    5.68513 0.5 4
    7.21586 0.5 1
  7.45534 2 + 2
    6.3976 0.5 3
    7.03849 0.5 2
  7.46444 6 + 2
    7.04759 0.5 2
    7.46444 0.5 0
  7.49538 6 + 2
    7.07853 0.5 2
    7.49538 0.5 0
  7.497 4 - 2
    6.43926 0.5 3
    7.08015 0.5 2
  7.52926 12 - 2
    4.12661 0.5 16
    7.52926 0.5 0
  7.53952 4 - 2
    6.48178 0.5 3
    7.12267 0.5 2
  7.5482 10 - 2
    4.04057 0.5 17
    5.47934 0.5 6
  7.55756 4 + 2
    5.79853 0.5 4
    7.32925 0.5 1
  7.5612 4 + 2
    5.80217 0.5 4
    7.3329 0.5 1
  7.59155 2 - 2
    5.83252 0.5 4
    7.36325 0.5 1
  7.59606 10 + 2
    7.17921 0.5 2
    7.59606 0.5 0
  7.6048 4 - 2
    6.54706 0.5 3
    7.18795 0.5 2
  7.62268 2 + 2
    6.56494 0.5 3
    7.20583 0.5 2
  7.62752 10 + 2
    7.21067 0.5 2
    7.62752 0.5 0
  7.6478 0 - 2
    5.79718 0.5 5
    6.59006 0.5 3
  7.76184 6 - 2
    5.69298 0.5 6
    6.00281 0.5 4
  7.77225 6 + 2
    7.3554 0.5 2
    7.77225 0.5 0
  7.79331 2 - 2
    6.03428 0.5 4
    7.56501 0.5 1
  7.81363 2 + 2
    6.75589 0.5 3
    7.39678 0.5 2
  7.82466 8 - 2
    7.40781 0.5 2
    7.82466 0.5 0
  7.83161 8 + 2
    5.76275 0.5 6
    6.07258 0.5 4
  7.865 4 + 2
    6.10597 0.5 4
    7.6367 0.5 1
  7.87429 6 + 2
    7.45744 0.5 2
    7.87429 0.5 0
  7.8796 2 + 2
    6.82186 0.5 3
    7.46275 0.5 2
  7.89117 8 + 2
    5.82231 0.5 6
    6.13214 0.5 4
  7.92127 0 - 2
    6.07065 0.5 5
    6.86353 0.5 3
  7.93879 6 + 2
    7.52194 0.5 2
    7.93879 0.5 0
  7.95335 8 + 2
    5.88449 0.5 6
    6.19432 0.5 4
  7.982 4 + 2
    6.22297 0.5 4
    7.7537 0.5 1
  8.00063 2 - 2
    6.2416 0.5 4
    7.77232 0.5 1
  8.00808 4 + 2
    6.24905 0.5 4
    7.77977 0.5 1
  8.011 10 - 2
    4.50337 0.5 17
    5.94214 0.5 6
  8.067 10 - 2
    4.55937 0.5 17
    5.99814 0.5 6
  8.531 8 - 2
    8.11415 0.5 2
    8.531 0.5 0
  8.602 2 - 2
    6.84297 0.5 4
    8.37369 0.5 1
  8.747 12 + 2
    5.23937 0.5 17
    6.67814 0.5 6
  8.924 8 - 2
    8.50715 0.5 2
    8.924 0.5 0
  9.06 8 - 2
    8.64315 0.5 2
    9.06 0.5 0
  9.271 12 - 2
    5.86835 0.5 16
    9.271 0.5 0
  9.2785 8 - 2
    8.86165 0.5 2
    9.2785 0.5 0
  9.286 10 - 2
    5.77837 0.5 17
    7.21714 0.5 6
  9.311 2 - 2
    7.55197 0.5 4
    9.0827 0.5 1
  9.72 14 + 2
    6.31735 0.5 16
    9.72 0.5 0
  9.84 2 - 2
    8.08097 0.5 4
    9.61169 0.5 1
  9.96 10 - 2
    6.45237 0.5 17
    7.89114 0.5 6
  9.986 14 + 2
    6.58335 0.5 16
    9.986 0.5 0
  10.66 12 - 2
    7.25735 0.5 16
    10.66 0.5 0
  13.91 12 - 2
    10.5074 0.5 16
    13.91 0.5 0

13 27 246
  0 5 + 0
  0.84376 1 + 1
    0.84376 1 0
  1.01456 3 + 2
    0.1708 0.0296 1
    1.01456 0.9704 0
  2.21201 7 + 1
    2.21201 1 0
  2.7349 5 + 4
    0.52289 0.004012 3
    1.72034 0.756952 2
    1.89114 0.018021 1
    2.7349 0.221015 0
  2.982 3 + 3
    1.96744 0.015589 2
    2.13824 0.009747 1
    2.982 0.974664 0
  3.0042 9 + 2
    0.79219 0.1197 3
    3.0042 0.8803 0
  3.6804 1 + 3
    2.66584 0.370585 2
    2.83664 0.617675 1
    3.6804 0.01174 0
  3.9568 3 + 4
    1.2219 0.056799 4
    2.94224 0.037009 2
    3.11304 0.045609 1
    3.9568 0.860583 0
  4.0546 1 - 2
    3.04004 0.1402 2
    3.21084 0.8598 1
  4.4102 5 + 4
    1.6753 0.030269 4
    2.19819 0.050258 3
    3.39564 0.34839 2
    4.4102 0.571083 0
  4.5103 11 + 2
    1.5061 0.2308 6
    2.29829 0.7692 3
  4.58 7 + 4
    1.8451 0.075235 4
    2.36799 0.17031 3
    3.56544 0.044713 2
    4.58 0.709743 0
  4.8116 5 + 4
    1.8296 0.058556 5
    2.59959 0.17119 3
    3.79704 0.450473 2
    4.8116 0.319781 0
  5.1556 3 - 2
    4.14104 0.2 2
    5.1556 0.8 0
  5.248 5 + 6
    1.2912 0.034382 8
    2.266 0.018291 5
    2.5131 0.040972 4
    3.03599 0.16091 3
    4.23344 0.731544 2
    5.248 0.013901 0
  5.4199 9 + 3
    2.685 0.079242 4
    3.20789 0.861326 3
    5.4199 0.059432 0
  5.4328 7 - 3
    2.4286 0.318 6
    3.22079 0.2212 3
    5.4328 0.4608 0
  5.4384 5 - 3
    2.4564 0.039829 5
    2.7035 0.130296 4
    5.4384 0.829875 0
  5.4998 11 + 3
    0.9895 0.040371 11
    2.4956 0.761623 6
    3.28779 0.198006 3
  5.5509 5 - 5
    2.5689 0.054851 5
    2.816 0.03381 4
    3.33889 0.060861 3
    4.53634 0.099171 2
    5.5509 0.751307 0
  5.6673 9 + 3
    1.157 0.109889 11
    2.6631 0.549445 6
    5.6673 0.340666 0
  5.7516 1 + 5
    1.7948 0.059438 8
    2.0712 0.129395 7
    2.7696 0.290188 5
    4.73704 0.171293 2
    4.90784 0.349686 1
  5.827 3 - 4
    1.8702 0.020191 8
    2.1466 0.082273 7
    4.81244 0.74793 2
    5.827 0.149606 0
  5.9603 7 - 6
    1.1487 0.031501 13
    1.5501 0.019691 10
    2.9783 0.051182 5
    3.2254 0.311009 4
    3.74829 0.393712 3
    5.9603 0.192906 0
  6.0808 3 - 3
    2.124 0.062937 8
    5.06624 0.23779 2
    6.0808 0.699272 0
  6.1158 5 - 4
    0.960199 0.060975 14
    3.1338 0.109791 5
    3.90379 0.219482 3
    5.10124 0.609751 2
  6.1584 3 - 5
    3.1764 0.015 5
    3.4235 0.051011 4
    5.14384 0.112502 2
    5.31464 0.750215 1
    6.1584 0.071271 0
  6.2847 7 + 5
    0.8648 0.020429 16
    1.8745 0.042069 10
    3.2805 0.084127 6
    4.07269 0.252392 3
    6.2847 0.600982 0
  6.4628 5 - 3
    3.4808 0.059609 5
    5.44824 0.100799 2
    6.4628 0.839592 0
  6.4773 7 - 4
    2.0671 0.02989 10
    3.7424 0.200102 4
    4.26529 0.120201 3
    6.4773 0.649806 0
  6.5122 9 - 3
    2.0019 0.469453 11
    3.508 0.309869 6
    4.30019 0.220678 3
  6.533 7 + 6
    1.1002 0.031471 17
    1.953 0.139904 12
    3.5288 0.150305 6
    3.7981 0.150305 4
    4.32099 0.349711 3
    6.533 0.178305 0
  6.6051 3 - 3
    2.9247 0.33 7
    5.76134 0.5 1
    6.6051 0.17 0
  6.6513 5 - 3
    3.6693 0.0203 5
    5.63674 0.097091 2
    6.6513 0.882609 0
  6.713 9 + 4
    2.133 0.100108 12
    3.7088 0.710257 6
    3.9781 0.049724 4
    4.50099 0.139911 3
  6.765 5 - 6
    2.185 0.088338 12
    2.8082 0.088338 8
    3.783 0.353393 5
    4.0301 0.215496 4
    5.75044 0.187296 2
    6.765 0.067139 0
  6.7763 3 - 5
    2.3661 0.082254 10
    3.0959 0.147207 7
    3.7943 0.19911 5
    5.93254 0.432922 1
    6.7763 0.138507 0
  6.8138 1 + 3
    3.1334 0.0798 7
    5.79924 0.7189 2
    5.97004 0.2013 1
  6.8207 1 - 1
    6.8207 1 0
  6.9479 11 + 4
    1.4481 0.111807 19
    1.528 0.019741 16
    3.9437 0.657939 6
    4.73589 0.210513 3
  6.9929 3 - 2
    4.78089 0.5917 3
    6.9929 0.4083 0
  6.996 1 - 4
    0.390899 0.03846 33
    1.8404 0.069231 14
    3.0392 0.123101 8
    6.15224 0.769208 1
  7.0713 1 + 2
    6.05674 0.8 2
    6.22754 0.2 1
  7.1736 9 + 5
    1.7408 0.168707 17
    2.5936 0.306712 12
    2.6633 0.159506 11
    4.1694 0.276111 6
    4.96159 0.088964 3
  7.2272 9 - 4
    1.8073 0.020481 16
    2.6472 0.050482 12
    4.223 0.197508 6
    5.01519 0.731529 3
  7.28 3 - 1
    7.28 1 0
  7.289 3 - 1
    2.7787 1 11
  7.4 11 + 5
    0.687001 0.050362 35
    1.9002 0.129505 19
    2.82 0.348914 12
    2.8897 0.111504 11
    4.3958 0.359714 6
  7.413 7 + 2
    5.20099 0.2424 3
    7.413 0.7576 0
  7.443 1 - 3
    1.9432 0.258282 19
    2.9327 0.079464 11
    4.4388 0.662254 6
  7.4771 7 - 3
    4.4729 0.09 6
    5.26509 0.41 3
    7.4771 0.5 0
  7.55 3 - 1
    7.55 1 0
  7.578 5 + 5
    1.751 0.069121 23
    3.1678 0.04147 10
    4.596 0.198202 5
    6.56344 0.230402 2
    7.578 0.460805 0
  7.66 3 - 5
    2.1602 0.049276 19
    3.08 0.150688 12
    3.1497 0.228982 11
    4.6558 0.281177 6
    5.44799 0.289877 3
  7.6765 1 - 2
    6.66194 0.1736 2
    7.6765 0.8264 0
  7.679 3 + 4
    4.6748 0.1498 6
    4.9441 0.2115 4
    5.46699 0.1982 3
    7.679 0.4405 0
  7.721 5 - 2
    4.739 0.8897 5
    5.50899 0.1103 3
  7.798 1 + 2
    2.3596 0.781222 18
    7.798 0.218778 0
  7.806 3 - 3
    3.226 0.2515 12
    3.2957 0.1497 11
    5.59399 0.5988 3
  7.858 3 + 7
    0.8651 0.059472 41
    2.1064 0.110103 22
    3.0464 0.149804 13
    4.1776 0.110103 7
    5.1231 0.189406 4
    7.01424 0.160805 1
    7.858 0.220307 0
  7.9 1 - 2
    5.1651 0.6579 4
    7.9 0.3421 0
  7.935 1 + 2
    7.09124 0.5 1
    7.935 0.5 0
  7.948 3 - 4
    2.4482 0.030089 19
    2.5281 0.080828 16
    3.4377 0.448991 11
    4.9438 0.440091 6
  7.997 9 + 2
    4.9928 0.3711 6
    5.78499 0.6289 3
  8.037 7 - 3
    3.457 0.072574 12
    5.82499 0.12099 3
    8.037 0.806436 0
  8.043 5 + 3
    2.6102 0.241224 17
    5.0388 0.369637 6
    8.043 0.389139 0
  8.065 3 - 1
    8.065 1 0
  8.097 5 + 4
    2.3454 0.072628 22
    3.517 0.128496 12
    5.115 0.558683 5
    7.08244 0.240193 2
  8.13 1 + 2
    7.28624 0.5 1
    8.13 0.5 0
  8.136 5 - 2
    7.12144 0.4286 2
    8.136 0.5714 0
  8.1821 3 - 2
    7.33834 0.5988 1
    8.1821 0.4012 0
  8.287 1 + 5
    2.6197 0.061019 21
    2.8486 0.159297 18
    2.8671 0.199996 16
    5.2828 0.338993 6
    6.07499 0.240695 3
  8.324 3 - 1
    7.30944 1 2
  8.361 1 + 2
    7.51724 0.5 1
    8.361 0.5 0
  8.376 3 - 2
    7.53224 0.5 1
    8.376 0.5 0
  8.396 11 + 4
    1.8838 0.078654 31
    2.8962 0.140407 19
    3.8857 0.561828 11
    5.3918 0.219111 6
  8.408 5 - 2
    6.19599 0.5 3
    7.39344 0.5 2
  8.4207 3 + 2
    6.20869 0.5 3
    7.40614 0.5 2
  8.442 7 - 2
    5.4378 0.4709 6
    8.442 0.5291 0
  8.4903 5 + 2
    7.64654 0.5 1
    8.4903 0.5 0
  8.521 1 - 1
    7.50644 1 2
  8.537 5 + 1
    5.8021 1 4
  8.553 3 - 2
    7.70924 0.5 1
    8.553 0.5 0
  8.586 7 + 2
    6.37399 0.8197 3
    8.586 0.1803 0
  8.5976 1 - 2
    5.6156 0.5 5
    7.58304 0.5 2
  8.675 3 + 3
    4.095 0.2073 12
    6.46299 0.6098 3
    8.675 0.1829 0
  8.693 5 - 2
    1.7451 0.1597 40
    4.1827 0.8403 11
  8.7087 3 + 2
    6.49669 0.5 3
    7.69414 0.5 2
  8.7166 1 + 2
    7.87284 0.5 1
    8.7166 0.5 0
  8.7322 3 - 2
    7.88844 0.5 1
    8.7322 0.5 0
  8.7536 5 - 2
    6.54159 0.5 3
    7.73904 0.5 2
  8.7742 5 + 2
    7.93044 0.5 1
    8.7742 0.5 0
  8.804 1 - 2
    5.822 0.5 5
    7.78944 0.5 2
  8.825 3 + 2
    6.61299 0.5 3
    7.81044 0.5 2
  8.861 1 - 2
    5.879 0.5 5
    7.84644 0.5 2
  8.8972 5 + 2
    8.05344 0.5 1
    8.8972 0.5 0
  8.905 3 - 2
    8.06124 0.5 1
    8.905 0.5 0
  8.9092 1 + 2
    8.06544 0.5 1
    8.9092 0.5 0
  8.952 3 - 1
    8.952 1 0
  8.9634 3 - 2
    8.11964 0.5 1
    8.9634 0.5 0
  9.001 5 + 2
    8.15724 0.5 1
    9.001 0.5 0
  9.0509 7 - 2
    6.316 0.5 4
    9.0509 0.5 0
  9.0548 5 + 2
    8.21104 0.5 1
    9.0548 0.5 0
  9.058 1 + 2
    8.21424 0.5 1
    9.058 0.5 0
  9.0804 1 + 2
    8.23664 0.5 1
    9.0804 0.5 0
  9.1902 3 - 2
    8.34644 0.5 1
    9.1902 0.5 0
  9.2163 3 - 2
    8.37254 0.5 1
    9.2163 0.5 0
  9.236 1 + 2
    8.39224 0.5 1
    9.236 0.5 0
  9.2395 5 - 2
    7.02749 0.5 3
    8.22494 0.5 2
  9.2716 7 + 2
    7.05959 0.5 3
    8.25704 0.5 2
  9.2743 3 - 2
    8.43054 0.5 1
    9.2743 0.5 0
  9.2769 3 - 2
    8.43314 0.5 1
    9.2769 0.5 0
  9.299 5 + 2
    8.45524 0.5 1
    9.299 0.5 0
  9.3082 5 + 2
    8.46444 0.5 1
    9.3082 0.5 0
  9.322 1 - 2
    6.34 0.5 5
    8.30744 0.5 2
  9.3593 7 + 2
    7.14729 0.5 3
    8.34474 0.5 2
  9.371 3 - 2
    8.52724 0.5 1
    9.371 0.5 0
  9.39 3 + 2
    7.17799 0.5 3
    8.37544 0.5 2
  9.4008 1 + 2
    8.55704 0.5 1
    9.4008 0.5 0
  9.427 5 - 2
    7.21499 0.5 3
    8.41244 0.5 2
  9.4744 7 - 2
    6.7395 0.5 4
    9.4744 0.5 0
  9.488 1 + 2
    8.64424 0.5 1
    9.488 0.5 0
  9.5017 3 - 2
    8.65794 0.5 1
    9.5017 0.5 0
  9.5115 5 + 2
    8.66774 0.5 1
    9.5115 0.5 0
  9.53 1 - 2
    6.548 0.5 5
    8.51544 0.5 2
  9.552 3 + 2
    7.33999 0.5 3
    8.53744 0.5 2
  9.5988 5 - 2
    7.38679 0.5 3
    8.58424 0.5 2
  9.6007 3 - 2
    8.75694 0.5 1
    9.6007 0.5 0
  9.619 7 + 2
    7.40699 0.5 3
    8.60444 0.5 2
  9.6285 1 - 2
    6.6465 0.5 5
    8.61394 0.5 2
  9.6345 5 + 2
    8.79074 0.5 1
    9.6345 0.5 0
  9.658 3 + 2
    7.44599 0.5 3
    8.64344 0.5 2
  9.6647 5 + 2
    8.82094 0.5 1
    9.6647 0.5 0
  9.6784 1 - 2
    6.6964 0.5 5
    8.66384 0.5 2
  9.692 3 - 2
    8.84824 0.5 1
    9.692 0.5 0
  9.7159 3 + 2
    7.50389 0.5 3
    8.70134 0.5 2
  9.742 7 - 2
    7.0071 0.5 4
    9.742 0.5 0
  9.7628 5 + 2
    8.91904 0.5 1
    9.7628 0.5 0
  9.7963 7 + 2
    7.58429 0.5 3
    8.78174 0.5 2
  9.8216 3 + 2
    7.60959 0.5 3
    8.80704 0.5 2
  9.8344 1 - 2
    6.8524 0.5 5
    8.81984 0.5 2
  9.8397 5 - 2
    7.62769 0.5 3
    8.82514 0.5 2
  9.8466 1 + 2
    9.00284 0.5 1
    9.8466 0.5 0
  9.867 13 - 2
    4.3672 0.5 19
    5.3567 0.5 11
  9.883 3 - 2
    9.03924 0.5 1
    9.883 0.5 0
  9.893 1 + 2
    9.04924 0.5 1
    9.893 0.5 0
  9.9219 3 - 2
    9.07814 0.5 1
    9.9219 0.5 0
  9.9304 1 - 2
    6.9484 0.5 5
    8.91584 0.5 2
  9.9413 7 + 2
    7.72929 0.5 3
    8.92674 0.5 2
  9.953 5 + 2
    9.10924 0.5 1
    9.953 0.5 0
  9.9555 3 - 2
    9.11174 0.5 1
    9.9555 0.5 0
  9.9603 5 - 2
    7.74829 0.5 3
    8.94574 0.5 2
  9.9628 5 + 2
    9.11904 0.5 1
    9.9628 0.5 0
  9.9768 3 + 2
    7.76479 0.5 3
    8.96224 0.5 2
  9.9908 7 - 2
    7.2559 0.5 4
    9.9908 0.5 0
  9.9999 5 + 2
    9.15614 0.5 1
    9.9999 0.5 0
  10.008 1 - 2
    7.026 0.5 5
    8.99344 0.5 2
  10.0243 5 + 2
    9.18054 0.5 1
    10.0243 0.5 0
  10.075 3 - 2
    9.23124 0.5 1
    10.075 0.5 0
  10.0896 3 - 2
    9.24584 0.5 1
    10.0896 0.5 0
  10.0929 1 + 2
    9.24914 0.5 1
    10.0929 0.5 0
  10.112 15 + 2
    4.6122 0.5 19
    5.6017 0.5 11
  10.1169 1 - 2
    7.13485 0.5 5
    9.10229 0.5 2
  10.1212 7 + 2
    7.90919 0.5 3
    9.10664 0.5 2
  10.1351 3 - 2
    9.29134 0.5 1
    10.1351 0.5 0
  10.148 9 + 2
    7.4131 0.5 4
    10.148 0.5 0
  10.1648 5 + 2
    9.32104 0.5 1
    10.1648 0.5 0
  10.209 3 - 2
    9.36524 0.5 1
    10.209 0.5 0
  10.218 3 - 2
    9.37424 0.5 1
    10.218 0.5 0
  10.2439 3 + 2
    8.03189 0.5 3
    9.22934 0.5 2
  10.2478 1 + 2
    9.40407 0.5 1
    10.2478 0.5 0
  10.2516 7 - 2
    7.51675 0.5 4
    10.2516 0.5 0
  10.2585 5 - 2
    8.04649 0.5 3
    9.24394 0.5 2
  10.281 1 + 2
    9.43724 0.5 1
    10.281 0.5 0
  10.287 3 - 2
    9.44324 0.5 1
    10.287 0.5 0
  10.307 7 + 2
    8.09499 0.5 3
    9.29244 0.5 2
  10.318 1 + 2
    9.47424 0.5 1
    10.318 0.5 0
  10.333 3 + 2
    8.12099 0.5 3
    9.31844 0.5 2
  10.334 1 - 2
    7.352 0.5 5
    9.31944 0.5 2
  10.338 1 + 2
    9.49424 0.5 1
    10.338 0.5 0
  10.34 5 - 2
    8.12799 0.5 3
    9.32544 0.5 2
  10.348 3 - 2
    9.50424 0.5 1
    10.348 0.5 0
  10.36 5 - 2
    8.14799 0.5 3
    9.34544 0.5 2
  10.365 9 + 2
    7.6301 0.5 4
    10.365 0.5 0
  10.37 5 + 2
    9.52624 0.5 1
    10.37 0.5 0
  10.372 3 + 2
    8.15999 0.5 3
    9.35744 0.5 2
  10.409 5 + 2
    9.56524 0.5 1
    10.409 0.5 0
  10.422 7 - 2
    7.6871 0.5 4
    10.422 0.5 0
  10.448 3 - 2
    9.60424 0.5 1
    10.448 0.5 0
  10.459 1 - 2
    7.477 0.5 5
    9.44444 0.5 2
  10.478 17 - 2
    0.366001 0.5 162
    0.611 0.5 144
  10.48 7 - 2
    7.7451 0.5 4
    10.48 0.5 0
  10.509 7 - 2
    7.7741 0.5 4
    10.509 0.5 0
  10.519 3 + 2
    8.30699 0.5 3
    9.50444 0.5 2
  10.528 3 - 2
    9.68424 0.5 1
    10.528 0.5 0
  10.555 5 + 2
    9.71124 0.5 1
    10.555 0.5 0
  10.558 1 - 2
    7.576 0.5 5
    9.54344 0.5 2
  10.566 3 + 2
    8.35399 0.5 3
    9.55144 0.5 2
  10.588 3 + 2
    8.37599 0.5 3
    9.57344 0.5 2
  10.593 5 + 2
    9.74924 0.5 1
    10.593 0.5 0
  10.599 3 + 2
    8.38699 0.5 3
    9.58444 0.5 2
  10.612 1 - 2
    7.63 0.5 5
    9.59744 0.5 2
  10.626 7 - 2
    7.8911 0.5 4
    10.626 0.5 0
  10.63 5 + 2
    9.78624 0.5 1
    10.63 0.5 0
  10.634 1 + 2
    9.79024 0.5 1
    10.634 0.5 0
  10.648 3 + 2
    8.43599 0.5 3
    9.63344 0.5 2
  10.675 5 + 2
    9.83124 0.5 1
    10.675 0.5 0
  10.676 1 - 2
    7.694 0.5 5
    9.66144 0.5 2
  10.692 9 - 2
    6.1817 0.5 11
    8.47999 0.5 3
  10.716 3 + 2
    8.50399 0.5 3
    9.70144 0.5 2
  10.723 5 - 2
    8.51099 0.5 3
    9.70844 0.5 2
  10.737 3 - 2
    9.89324 0.5 1
    10.737 0.5 0
  10.751 9 - 2
    6.2407 0.5 11
    8.53899 0.5 3
  10.768 1 + 2
    9.92424 0.5 1
    10.768 0.5 0
  10.778 5 - 2
    8.56599 0.5 3
    9.76344 0.5 2
  10.781 1 + 2
    9.93724 0.5 1
    10.781 0.5 0
  10.783 5 - 2
    8.57099 0.5 3
    9.76844 0.5 2
  10.791 3 + 2
    8.57899 0.5 3
    9.77644 0.5 2
  10.804 1 + 2
    9.96024 0.5 1
    10.804 0.5 0
  10.833 7 - 2
    8.0981 0.5 4
    10.833 0.5 0
  10.835 3 - 2
    9.99124 0.5 1
    10.835 0.5 0
  10.836 5 + 2
    9.99224 0.5 1
    10.836 0.5 0
  10.838 3 - 2
    9.99424 0.5 1
    10.838 0.5 0
  10.864 1 + 2
    10.0202 0.5 1
    10.864 0.5 0
  10.871 5 - 2
    8.65899 0.5 3
    9.85644 0.5 2
  10.9 7 + 2
    8.68799 0.5 3
    9.88544 0.5 2
  10.911 1 - 2
    7.929 0.5 5
    9.89644 0.5 2
  10.922 3 + 2
    8.70999 0.5 3
    9.90744 0.5 2
  10.9265 5 - 2
    8.71449 0.5 3
    9.91194 0.5 2
  10.931 5 + 2
    10.0872 0.5 1
    10.931 0.5 0
  10.939 3 - 2
    10.0952 0.5 1
    10.939 0.5 0
  10.97 1 + 2
    10.1262 0.5 1
    10.97 0.5 0
  10.973 5 + 2
    10.1292 0.5 1
    10.973 0.5 0
  10.994 3 - 2
    10.1502 0.5 1
    10.994 0.5 0
  11.003 7 - 2
    8.2681 0.5 4
    11.003 0.5 0
  11.012 19 + 2
    0.533999 0.5 191
    0.9 0.5 162
  11.072 3 - 2
    10.2282 0.5 1
    11.072 0.5 0
  11.075 1 + 2
    10.2312 0.5 1
    11.075 0.5 0
  11.077 21 - 2
    0.065001 0.5 236
    0.599 0.5 191
  11.096 5 - 2
    8.88399 0.5 3
    10.0814 0.5 2
  11.101 3 - 2
    10.2572 0.5 1
    11.101 0.5 0
  11.126 1 + 2
    10.2822 0.5 1
    11.126 0.5 0
  11.138 7 + 2
    8.92599 0.5 3
    10.1234 0.5 2
  11.188 3 + 2
    8.97599 0.5 3
    10.1734 0.5 2
  11.702 9 - 2
    7.1917 0.5 11
    9.48999 0.5 3

13 28 117
  0 6 + 0
  0.030638 4 + 1
    0.030638 1 0
  0.97238 0 + 1
    0.941742 1 1
  1.01363 6 + 2
    0.982992 0.6169 1
    1.01363 0.3831 0
  1.37295 2 + 3
    0.40057 0.401196 2
    1.34231 0.551894 1
    1.37295 0.04691 0
  1.62032 2 + 3
    0.64794 0.019971 2
    1.58968 0.920037 1
    1.62032 0.059992 0
  1.62292 4 + 2
    1.59228 0.072363 1
    1.62292 0.927637 0
  2.13892 4 + 3
    1.12529 0.067709 3
    2.10828 0.520795 1
    2.13892 0.411496 0
  2.20146 2 + 3
    0.57854 0.047619 6
    1.22908 0.158697 2
    2.17082 0.793684 1
  2.27177 8 + 1
    2.27177 1 0
  2.48618 4 + 4
    0.86326 0.109791 6
    0.86586 0.609751 5
    1.5138 0.060975 2
    2.48618 0.219482 0
  2.582 10 + 2
    0.31023 0.050328 9
    2.582 0.949671 0
  2.65609 8 + 2
    1.64246 0.7519 3
    2.65609 0.2481 0
  2.98753 6 + 2
    1.36461 0.5 6
    2.98753 0.5 0
  3.011 0 + 2
    2.03862 0.5 2
    2.98036 0.5 1
  3.105 2 + 2
    0.90354 0.2481 8
    3.07436 0.7519 1
  3.29639 6 + 2
    1.67347 0.3506 6
    3.26575 0.6494 1
  3.34719 4 + 2
    3.31655 0.049429 1
    3.34719 0.950571 0
  3.46529 8 - 3
    1.19352 0.069597 9
    2.45166 0.049338 3
    3.46529 0.881065 0
  3.5419 2 + 2
    2.52827 0.5 3
    3.5419 0.5 0
  3.59145 6 - 4
    1.96853 0.012211 6
    2.57782 0.280125 3
    3.56081 0.117911 1
    3.59145 0.589753 0
  3.601 2 - 2
    2.62862 0.5 2
    3.57036 0.5 1
  3.67077 6 + 2
    2.04785 0.5 6
    3.64013 0.5 1
  3.70921 6 + 4
    1.43744 0.218478 9
    1.57029 0.159284 7
    3.67857 0.251875 1
    3.70921 0.370363 0
  3.76 0 + 2
    2.78762 0.5 2
    3.72936 0.5 1
  3.87578 4 - 4
    2.25546 0.152597 5
    2.50283 0.045849 4
    2.86215 0.01107 3
    3.87578 0.790484 0
  3.90099 2 + 2
    2.88736 0.5 3
    3.90099 0.5 0
  3.93558 4 + 3
    2.92195 0.352 3
    3.90494 0.248 1
    3.93558 0.4 0
  4.033 10 - 2
    0.56771 0.5102 18
    1.76123 0.4898 9
  4.115 2 + 2
    3.10137 0.5 3
    4.115 0.5 0
  4.24441 4 + 2
    3.23078 0.3289 3
    4.21377 0.6711 1
  4.313 2 + 2
    3.29937 0.5 3
    4.313 0.5 0
  4.385 4 - 2
    3.37137 0.5 3
    4.385 0.5 0
  4.46192 8 + 2
    3.44829 0.4286 3
    4.46192 0.5714 0
  4.51673 6 + 1
    2.89381 1 6
  4.59651 6 + 3
    2.97359 0.7092 6
    4.56587 0.1631 1
    4.59651 0.1277 0
  4.6911 6 - 5
    2.41933 0.017991 9
    2.55218 0.012961 7
    3.06818 0.010991 6
    4.66046 0.343921 1
    4.6911 0.614137 0
  4.739 4 + 2
    3.76662 0.5 2
    4.70836 0.5 1
  4.76491 4 - 6
    1.17346 0.044238 20
    2.56345 0.011209 8
    2.62599 0.153892 7
    3.39196 0.064797 4
    4.73427 0.623069 1
    4.76491 0.102795 0
  4.84873 2 + 2
    3.8351 0.5 3
    4.84873 0.5 0
  4.90358 4 - 2
    3.88995 0.0689 3
    4.90358 0.9311 0
  4.928 0 - 2
    3.30768 0.5 5
    3.55505 0.5 4
  4.99692 4 - 3
    3.62397 0.540522 4
    4.96628 0.400016 1
    4.99692 0.059462 0
  4.999 4 + 2
    4.02662 0.5 2
    4.96836 0.5 1
  5.01542 6 + 3
    2.74365 0.1514 9
    4.00179 0.4587 3
    4.98478 0.3899 1
  5.13484 6 - 2
    5.1042 0.1158 1
    5.13484 0.8842 0
  5.165 8 - 1
    1.132 1 28
  5.17697 2 + 3
    2.69079 0.261126 10
    3.80402 0.10191 4
    5.17697 0.636964 0
  5.19044 6 + 1
    3.57012 1 5
  5.287 2 - 2
    4.31462 0.5 2
    5.25636 0.5 1
  5.328 2 - 2
    4.35562 0.5 2
    5.29736 0.5 1
  5.34473 0 - 1
    4.3311 1 3
  5.37781 2 - 2
    3.75489 0.359 6
    5.37781 0.641 0
  5.405 0 - 2
    3.78468 0.5 5
    4.03205 0.5 4
  5.44228 4 - 5
    3.30336 0.340805 7
    3.82196 0.01016 5
    4.06933 0.046641 4
    5.41164 0.59791 1
    5.44228 0.004484 0
  5.522 2 - 2
    4.54962 0.5 2
    5.49136 0.5 1
  5.593 2 - 2
    4.62062 0.5 2
    5.56236 0.5 1
  5.74112 4 - 2
    3.25494 0.03661 10
    5.71048 0.96339 1
  5.76134 0 - 2
    5.7307 0.2593 1
    5.76134 0.7407 0
  5.79755 4 - 4
    4.4246 0.409808 4
    4.78392 0.01308 3
    5.76691 0.435909 1
    5.79755 0.141203 0
  5.809 2 - 2
    4.83662 0.5 2
    5.77836 0.5 1
  5.86078 0 - 4
    3.65932 0.247088 8
    3.72186 0.117094 7
    5.83014 0.047648 1
    5.86078 0.588171 0
  5.9043 2 - 2
    4.93192 0.5 2
    5.87366 0.5 1
  5.9251 4 - 2
    4.91147 0.5 3
    5.9251 0.5 0
  5.9568 12 - 2
    2.49151 0.5 18
    3.3748 0.5 11
  5.9812 8 - 2
    4.96757 0.5 3
    5.9812 0.5 0
  5.9924 0 + 4
    2.40095 0.090127 20
    3.79094 0.429187 8
    4.36948 0.33909 6
    4.61945 0.141596 4
  6.0048 2 - 2
    5.03242 0.5 2
    5.97416 0.5 1
  6.01961 4 - 4
    4.39669 0.184202 6
    5.00598 0.152302 3
    5.98897 0.071091 1
    6.01961 0.592406 0
  6.0638 2 - 2
    5.09142 0.5 2
    6.03316 0.5 1
  6.0709 4 - 2
    5.05727 0.5 3
    6.0709 0.5 0
  6.1603 2 - 2
    5.18792 0.5 2
    6.12966 0.5 1
  6.19888 4 - 5
    3.92711 0.019129 9
    4.05996 0.025509 7
    4.57596 0.292085 6
    6.16824 0.025509 1
    6.19888 0.637768 0
  6.2382 6 - 2
    4.61528 0.5 6
    6.20756 0.5 1
  6.3168 4 + 6
    2.72535 0.007694 20
    3.02041 0.027701 16
    4.04503 0.008617 9
    5.30317 0.180009 3
    5.34442 0.00654 2
    6.3168 0.769438 0
  6.3291 8 - 2
    5.31547 0.5 3
    6.3291 0.5 0
  6.41984 2 + 3
    4.28092 0.777 7
    5.44746 0.1927 2
    6.41984 0.0303 0
  6.44145 0 - 4
    3.85945 0.04559 11
    4.16968 0.121801 9
    5.42782 0.085201 3
    6.44145 0.747407 0
  6.4536 6 + 2
    5.43997 0.5 3
    6.4536 0.5 0
  6.4622 2 - 2
    5.48982 0.5 2
    6.43156 0.5 1
  6.4805 4 + 2
    5.50812 0.5 2
    6.44986 0.5 1
  6.4933 10 - 2
    3.83721 0.5 12
    4.22153 0.5 9
  6.5125 2 + 2
    5.49887 0.5 3
    6.5125 0.5 0
  6.5641 4 - 2
    5.55047 0.5 3
    6.5641 0.5 0
  6.5686 6 + 2
    5.55497 0.5 3
    6.5686 0.5 0
  6.5716 0 - 2
    4.95128 0.5 5
    5.19865 0.5 4
  6.62308 2 + 2
    6.59244 0.4709 1
    6.62308 0.5291 0
  6.65117 4 - 3
    4.51225 0.238283 7
    5.27822 0.060966 4
    6.62053 0.700751 1
  6.6711 8 + 2
    5.04818 0.5 6
    6.64046 0.5 1
  6.7203 6 - 2
    5.09738 0.5 6
    6.68966 0.5 1
  6.75667 2 + 7
    2.88089 0.0997 25
    3.40948 0.076242 17
    3.76914 0.043986 13
    4.10058 0.058644 12
    4.27049 0.187681 10
    4.4849 0.240476 9
    6.72603 0.293271 1
  6.7728 4 - 2
    5.75917 0.5 3
    6.7728 0.5 0
  6.7876 0 + 2
    5.81522 0.5 2
    6.75696 0.5 1
  6.8092 2 - 2
    5.83682 0.5 2
    6.77856 0.5 1
  6.826 4 + 2
    5.85362 0.5 2
    6.79536 0.5 1
  6.832 6 - 2
    5.20908 0.5 6
    6.80136 0.5 1
  6.853 2 + 2
    5.83937 0.5 3
    6.853 0.5 0
  6.8937 4 - 7
    2.12879 0.279806 38
    3.01792 0.049741 25
    3.22293 0.039791 22
    4.62193 0.155403 9
    4.75478 0.310806 7
    5.88007 0.02145 3
    6.86306 0.143003 1
  6.931 8 + 2
    5.30808 0.5 6
    6.90036 0.5 1
  6.967 6 - 2
    5.34408 0.5 6
    6.93636 0.5 1
  7.022 2 + 2
    6.00837 0.5 3
    7.022 0.5 0
  7.087 4 - 2
    6.07337 0.5 3
    7.087 0.5 0
  7.118 0 + 2
    6.14562 0.5 2
    7.08736 0.5 1
  7.146 2 - 2
    6.17362 0.5 2
    7.11536 0.5 1
  7.17649 4 + 3
    5.80354 0.195006 4
    6.16286 0.069172 3
    7.17649 0.735822 0
  7.243 6 - 2
    5.62008 0.5 6
    7.21236 0.5 1
  7.26948 2 + 6
    3.02507 0.169298 30
    4.61339 0.051089 12
    5.13056 0.340597 7
    6.25585 0.04292 3
    7.23884 0.275897 1
    7.26948 0.120199 0
  7.303 4 - 2
    6.28937 0.5 3
    7.303 0.5 0
  7.341 0 + 2
    6.36862 0.5 2
    7.31036 0.5 1
  7.40879 8 - 2
    7.37815 0.2424 1
    7.40879 0.7576 0
  7.444 2 + 2
    6.43037 0.5 3
    7.444 0.5 0
  7.457 4 - 2
    6.44337 0.5 3
    7.457 0.5 0
  7.502 6 + 2
    6.48837 0.5 3
    7.502 0.5 0
  7.592 2 - 2
    6.61962 0.5 2
    7.56136 0.5 1
  7.654 4 + 2
    6.68162 0.5 2
    7.62336 0.5 1
  7.669 10 - 2
    5.01291 0.5 12
    5.39723 0.5 9
  7.7 6 + 2
    6.68637 0.5 3
    7.7 0.5 0

13 29 50
  0 5 + 0
  1.39805 1 + 1
    1.39805 1 0
  1.75428 7 + 1
    1.75428 1 0
  2.2241 3 + 1
    2.2241 1 0
  2.8657 3 + 2
    1.46765 0.4792 1
    2.8657 0.5208 0
  3.06181 5 + 2
    1.30753 0.7299 2
    3.06181 0.2701 0
  3.18454 5 + 4
    0.96044 0.551606 3
    1.43026 0.242702 2
    1.78649 0.139501 1
    3.18454 0.066191 0
  3.433 1 + 2
    1.2089 0.1667 3
    2.03495 0.8333 1
  3.5778 9 + 2
    1.82352 0.909091 2
    3.5778 0.090909 0
  3.6417 5 + 2
    1.88742 0.090082 2
    3.6417 0.909918 0
  3.6719 3 + 1
    3.6719 1 0
  3.9354 7 + 2
    1.7113 0.1304 3
    3.9354 0.8696 0
  3.9863 7 - 1
    3.9863 1 0
  4.0572 3 + 2
    1.8331 0.4595 3
    2.65915 0.5405 1
  4.2198 5 + 1
    2.46552 1 2
  4.4032 7 + 2
    2.64892 0.5495 2
    4.4032 0.4505 0
  4.656 5 + 2
    3.25795 0.5 1
    4.656 0.5 0
  4.7158 5 - 1
    4.7158 1 0
  4.8282 3 - 2
    1.64366 0.2481 6
    4.8282 0.7519 0
  4.9411 3 + 1
    4.9411 1 0
  5.0235 7 - 1
    5.0235 1 0
  5.145 1 - 2
    2.2793 0.5 4
    2.9209 0.5 3
  5.1815 7 + 1
    5.1815 1 0
  5.2483 1 + 1
    3.85025 1 1
  5.2635 3 + 1
    3.50922 1 2
  5.3925 1 + 1
    5.3925 1 0
  5.4335 5 + 1
    5.4335 1 0
  5.549 3 - 2
    4.15095 0.5 1
    5.549 0.5 0
  5.58 1 - 2
    2.7143 0.5 4
    3.3559 0.5 3
  5.66 3 - 2
    4.26195 0.5 1
    5.66 0.5 0
  5.7336 9 - 1
    3.97932 1 2
  5.8552 1 - 2
    2.2774 0.6494 8
    4.10092 0.3506 2
  5.922 11 - 2
    1.9357 0.5 12
    2.3442 0.5 8
  5.9928 3 - 3
    1.773 0.520852 14
    2.3511 0.140614 9
    2.415 0.338534 8
  6.068 1 - 2
    3.2023 0.5 4
    3.8439 0.5 3
  6.154 3 - 2
    4.75595 0.5 1
    6.154 0.5 0
  6.359 5 - 2
    4.1349 0.5 3
    4.60472 0.5 2
  6.41 13 - 1
    0.6764 1 30
  6.45 3 - 2
    5.05195 0.5 1
    6.45 0.5 0
  6.472 1 - 2
    3.6063 0.5 4
    4.2479 0.5 3
  6.516 5 - 2
    4.2919 0.5 3
    4.76172 0.5 2
  6.582 3 - 2
    5.18395 0.5 1
    6.582 0.5 0
  6.67 9 - 2
    2.7346 0.5 11
    4.91572 0.5 2
  6.689 1 - 2
    3.8233 0.5 4
    4.4649 0.5 3
  6.762 5 + 2
    5.36395 0.5 1
    6.762 0.5 0
  6.84 3 - 2
    5.44195 0.5 1
    6.84 0.5 0
  6.984 7 + 2
    4.7599 0.5 3
    5.22972 0.5 2
  7.065 1 - 2
    4.1993 0.5 4
    4.8409 0.5 3
  7.093 5 + 2
    5.69495 0.5 1
    7.093 0.5 0
  7.179 3 - 2
    5.78095 0.5 1
    7.179 0.5 0

13 30 34
  0 6 + 0
  0.2439 4 + 1
    0.2439 1 0
  0.68752 2 + 2
    0.44362 0.976561 1
    0.68752 0.023439 0
  1 0 + 1
    0.7561 1 1
  1.1189 6 + 2
    0.875 0.8929 1
    1.1189 0.1071 0
  1.24399 8 + 1
    1.24399 1 0
  1.7996 4 - 2
    1.11208 0.0991 2
    1.5557 0.9009 1
  1.822 2 - 2
    0.822 0.5 3
    1.5781 0.5 1
  2.017 6 - 1
    1.32948 1 2
  2.29666 8 - 3
    1.05267 0.020871 5
    1.17776 0.144404 4
    2.29666 0.834725 0
  2.303 4 - 2
    1.61548 0.5 2
    2.303 0.5 0
  2.4131 2 + 2
    1.72558 0.6452 2
    2.1692 0.3548 1
  2.4342 2 + 1
    1.3153 1 4
  2.454 0 - 2
    0.6544 0.5 6
    1.76648 0.5 2
  2.744 4 - 2
    2.05648 0.5 2
    2.744 0.5 0
  2.8437 6 + 1
    1.7248 1 4
  2.90301 10 - 2
    0.60635 0.5814 9
    1.65902 0.4186 5
  3.4589 10 - 2
    0.6152 0.1236 15
    2.21491 0.8764 5
  3.705 4 + 2
    2.705 0.5 3
    3.4611 0.5 1
  3.89832 12 + 1
    0.99531 1 16
  4.009 2 - 2
    3.009 0.5 3
    3.7651 0.5 1
  4.201 4 - 2
    3.51348 0.5 2
    4.201 0.5 0
  4.463 2 + 2
    3.77548 0.5 2
    4.463 0.5 0
  4.5708 12 - 2
    1.7271 0.187 15
    3.32681 0.813 5
  4.694 0 + 2
    3.694 0.5 3
    4.4501 0.5 1
  4.814 4 - 2
    4.12648 0.5 2
    4.814 0.5 0
  5.3585 12 + 2
    1.46018 0.4872 19
    2.45549 0.5128 16
  5.4155 2 - 1
    2.5718 1 15
  5.50076 14 + 2
    1.60244 0.885 19
    2.59775 0.115 16
  5.553 6 - 2
    4.30901 0.5 5
    5.3091 0.5 1
  5.901 4 + 2
    4.901 0.5 3
    5.6571 0.5 1
  6.4143 14 - 2
    1.8435 0.5155 23
    2.51598 0.4845 19
  7.2406 16 + 2
    1.73984 0.7788 28
    3.34228 0.2212 19
  9.3731 18 - 2
    2.9588 0.8197 31
    3.87234 0.1803 28

13 31 14
  0 5 + 0
  0.9465 1 + 1
    0.9465 1 0
  1.6128 3 + 2
    0.6663 0.2481 1
    1.6128 0.7519 0
  2.09 7 + 1
    0.4772 1 2
  2.68 9 + 1
    2.68 1 0
  3.239 3 + 1
    1.6262 1 2
  3.4329 5 + 3
    1.8201 0.3011 2
    2.4864 0.1613 1
    3.4329 0.5376 0
  3.6225 1 + 2
    2.676 0.3007 1
    3.6225 0.6993 0
  4.1429 11 + 3
    0.9039 0.20098 5
    2.5301 0.320568 2
    3.1964 0.478452 1
  4.5617 3 - 1
    2.9489 1 2
  4.8086 7 - 1
    4.8086 1 0
  5.1473 5 - 1
    4.2008 1 1
  5.73 1 - 2
    2.491 0.5 5
    4.1172 0.5 2
  6.48 3 - 2
    5.5335 0.5 1
    6.48 0.5 0

13 32 7
  0 2 + 0
  0.7347 4 + 1
    0.7347 1 0
  0.9566 8 + 1
    0.2219 1 1
  1.178 8 - 1
    0.2214 1 2
  1.7433 6 - 3
    0.5653 0.1405 3
    0.7867 0.2096 2
    1.7433 0.6499 0
  2.7651 2 + 2
    2.0304 0.0566 1
    2.7651 0.9434 0
  3.202 2 + 2
    2.4673 0.6711 1
    3.202 0.3289 0

13 33 15
  0 5 + 0
  0.7475 5 + 1
    0.7475 1 0
  1.6179 3 + 1
    1.6179 1 0
  1.8382 1 + 1
    1.8382 1 0
  2.3651 7 + 1
    2.3651 1 0
  3.2645 9 + 1
    1.6466 1 2
  3.7142 3 + 2
    2.0963 0.5291 2
    3.7142 0.4709 0
  4.3103 1 + 3
    0.5961 0.3846 6
    1.0458 0.3077 5
    2.6924 0.3077 2
  4.7304 11 + 3
    1.4659 0.1988 5
    2.8922 0.1988 3
    4.7304 0.6024 0
  5.93 3 - 2
    5.1825 0.5 1
    5.93 0.5 0
  5.98 7 - 2
    5.2325 0.5 1
    5.98 0.5 0
  6.82 5 - 2
    4.4549 0.5 4
    5.2021 0.5 2
  7.25 1 - 2
    3.5358 0.5 6
    5.6321 0.5 2
  7.47 3 - 2
    6.7225 0.5 1
    7.47 0.5 0
  8.87 5 - 2
    6.5049 0.5 4
    7.2521 0.5 2

13 34 1
  0 6 - 0

13 35 2
  0 5 + 0
  1.006 1 + 1
    1.006 1 0

13 36 1
  0 8 - 0

13 37 1
  0 5 + 0

13 38 1
  0 10 - 0

13 39 1
  0 5 + 0

13 40 1
  0 6 - 0

13 41 1
  0 5 + 0

13 42 1
  0 12 - 0

13 43 1
  0 5 + 0

