95 230 1
  0 8 - 0

95 232 1
  0 2 + 0

95 233 1
  0 5 + 0

95 234 1
  0 0 + 0

95 235 1
  0 7 - 0

95 236 2
  0 10 - 0
  0.1 2 - 1
    0.1 1 0

95 237 2
  0 5 - 0
  2.4 1 - 1
    2.4 1 0

95 238 2
  0 2 + 0
  2.5 0 + 1
    2.5 1 0

95 239 12
  0 5 - 0
  0.0407 7 - 1
    0.0407 1 0
  0.094 9 - 1
    0.094 1 0
  0.156 11 - 1
    0.1153 1 1
  0.1871 5 + 2
    0.1464 0.1789 1
    0.1871 0.8211 0
  0.22 7 + 2
    0.126 0.5 2
    0.22 0.5 0
  0.26 9 + 2
    0.104 0.5 3
    0.2193 0.5 1
  0.317 11 + 2
    0.097 0.5 5
    0.223 0.5 2
  0.37 13 + 2
    0.11 0.5 6
    0.214 0.5 3
  0.557 3 - 2
    0.3699 0.5 4
    0.5163 0.5 1
  0.586 5 - 2
    0.492 0.5 2
    0.586 0.5 0
  2.5 7 + 2
    2.406 0.5 2
    2.5 0.5 0

95 240 58
  0 6 - 0
  0.041 8 - 1
    0.041 1 0
  0.053 4 - 1
    0.012 1 1
  0.087 6 - 1
    0.087 1 0
  0.096 10 - 2
    0.009 0.5 3
    0.096 0.5 0
  0.13 8 - 2
    0.077 0.5 2
    0.089 0.5 1
  0.158 12 - 2
    0.028 0.5 5
    0.117 0.5 1
  0.186 10 - 2
    0.099 0.5 3
    0.186 0.5 0
  0.213 2 - 2
    0.126 0.5 3
    0.213 0.5 0
  0.233 14 - 2
    0.047 0.5 7
    0.137 0.5 4
  0.252 12 - 2
    0.122 0.5 5
    0.211 0.5 1
  0.281 4 + 2
    0.194 0.5 3
    0.281 0.5 0
  0.316 16 - 2
    0.064 0.5 10
    0.158 0.5 6
  0.329 14 - 2
    0.143 0.5 7
    0.233 0.5 4
  0.346 2 - 2
    0.259 0.5 3
    0.346 0.5 0
  0.398 0 + 2
    0.117 0.5 11
    0.185 0.5 8
  0.423 4 - 2
    0.37 0.5 2
    0.382 0.5 1
  0.458 12 - 2
    0.328 0.5 5
    0.417 0.5 1
  0.474 6 + 2
    0.421 0.5 2
    0.433 0.5 1
  0.498 8 + 2
    0.411 0.5 3
    0.498 0.5 0
  0.534 14 - 2
    0.348 0.5 7
    0.438 0.5 4
  0.551 10 + 2
    0.421 0.5 5
    0.51 0.5 1
  0.616 6 + 2
    0.563 0.5 2
    0.575 0.5 1
  0.64 14 - 2
    0.454 0.5 7
    0.544 0.5 4
  0.66 4 + 2
    0.573 0.5 3
    0.66 0.5 0
  0.757 8 + 2
    0.67 0.5 3
    0.757 0.5 0
  0.777 2 + 2
    0.354 0.5 16
    0.724 0.5 2
  0.809 6 + 2
    0.756 0.5 2
    0.768 0.5 1
  0.819 10 + 2
    0.689 0.5 5
    0.778 0.5 1
  0.845 4 + 2
    0.758 0.5 3
    0.845 0.5 0
  0.856 8 + 2
    0.769 0.5 3
    0.856 0.5 0
  0.877 18 + 1
    0.561 1 12
  0.898 2 + 2
    0.475 0.5 16
    0.845 0.5 2
  0.917 6 + 2
    0.864 0.5 2
    0.876 0.5 1
  0.932 0 + 2
    0.651 0.5 11
    0.719 0.5 8
  0.956 4 + 2
    0.869 0.5 3
    0.956 0.5 0
  0.973 6 + 2
    0.92 0.5 2
    0.932 0.5 1
  0.997 8 - 2
    0.944 0.5 2
    0.956 0.5 1
  1.016 10 - 2
    0.929 0.5 3
    1.016 0.5 0
  1.052 6 + 2
    0.999 0.5 2
    1.011 0.5 1
  1.066 12 - 2
    0.936 0.5 5
    1.025 0.5 1
  1.079 2 + 2
    0.656 0.5 16
    1.026 0.5 2
  1.194 4 - 2
    1.141 0.5 2
    1.153 0.5 1
  1.218 8 + 2
    1.131 0.5 3
    1.218 0.5 0
  1.235 10 - 2
    1.148 0.5 3
    1.235 0.5 0
  1.248 16 + 2
    0.919 0.5 13
    1.015 0.5 9
  1.305 20 - 2
    0.428 0.5 31
    0.989 0.5 12
  1.318 4 + 2
    1.231 0.5 3
    1.318 0.5 0
  1.335 8 - 2
    1.282 0.5 2
    1.294 0.5 1
  1.349 2 + 2
    0.926 0.5 16
    1.296 0.5 2
  1.372 6 - 2
    1.285 0.5 3
    1.372 0.5 0
  1.386 12 + 2
    1.2 0.5 7
    1.29 0.5 4
  1.407 10 - 2
    1.32 0.5 3
    1.407 0.5 0
  1.437 4 + 2
    1.35 0.5 3
    1.437 0.5 0
  1.495 8 - 2
    1.442 0.5 2
    1.454 0.5 1
  1.515 6 + 2
    1.462 0.5 2
    1.474 0.5 1
  1.545 2 - 2
    1.458 0.5 3
    1.545 0.5 0
  3 0 + 2
    2.719 0.5 11
    2.787 0.5 8

95 241 112
  0 5 - 0
  0.041176 7 - 1
    0.041176 1 0
  0.0937 9 - 1
    0.0937 1 0
  0.1575 11 - 1
    0.116324 1 1
  0.205884 5 + 2
    0.164708 0.1449 1
    0.205884 0.8551 0
  0.23368 13 - 1
    0.13998 1 2
  0.2352 7 + 1
    0.194024 1 1
  0.239 3 + 2
    0.0038 0.5 6
    0.239 0.5 0
  0.273 1 + 1
    0.067116 1 4
  0.2965 9 + 1
    0.2028 1 2
  0.3198 11 + 2
    0.08612 0.5 5
    0.2261 0.5 2
  0.35046 15 - 1
    0.19296 1 3
  0.3811 13 + 2
    0.0846 0.5 9
    0.14742 0.5 5
  0.41818 17 - 2
    0.06772 0.1412 11
    0.1845 0.8588 5
  0.4531 15 + 1
    0.1333 1 10
  0.459 3 - 2
    0.253116 0.5 4
    0.417824 0.5 1
  0.471812 3 - 3
    0.265928 0.00401 4
    0.430636 0.041842 1
    0.471812 0.954148 0
  0.495 5 + 2
    0.289116 0.5 4
    0.453824 0.5 1
  0.504451 5 - 5
    0.032639 0.942742 16
    0.298567 0.001734 4
    0.410751 0.001982 2
    0.463275 0.037072 1
    0.504451 0.016471 0
  0.52567 19 - 2
    0.10749 0.3156 13
    0.17521 0.6844 11
  0.5309 17 + 2
    0.1498 0.5 12
    0.18044 0.5 11
  0.543 7 + 2
    0.4493 0.5 2
    0.543 0.5 0
  0.5504 7 - 3
    0.078588 0.333333 16
    0.4567 0.333333 2
    0.509224 0.333333 1
  0.6231 1 + 3
    0.151288 0.031242 16
    0.417216 0.946347 4
    0.6231 0.022411 0
  0.6252 9 - 1
    0.120749 1 18
  0.6298 19 + 1
    0.1767 1 14
  0.636864 3 - 5
    0.132413 0.682385 18
    0.165052 0.296393 16
    0.43098 0.000463 4
    0.595688 0.000179 1
    0.636864 0.02058 0
  0.645 21 - 2
    0.11933 0.111 19
    0.22682 0.889 13
  0.652092 1 - 5
    0.015228 0.881398 26
    0.028992 0.004839 23
    0.147641 0.001963 18
    0.18028 0.1103 16
    0.652092 0.0015 0
  0.65323 3 + 2
    0.447346 0.5207 4
    0.65323 0.4793 0
  0.67024 3 + 2
    0.464356 0.1465 4
    0.67024 0.8535 0
  0.6821 11 - 1
    0.1317 1 22
  0.7239 21 + 2
    0.193 0.949309 20
    0.19823 0.050691 19
  0.732 9 + 2
    0.5745 0.5 3
    0.690824 0.5 1
  0.7738 23 - 2
    0.1288 0.8344 27
    0.24813 0.1656 19
  0.7872 13 - 2
    0.1051 0.5 31
    0.162 0.5 24
  0.822 5 + 2
    0.616116 0.5 4
    0.780824 0.5 1
  0.8513 23 + 2
    0.1274 0.5 32
    0.2215 0.5 25
  0.8638 15 - 1
    0.1817 1 31
  0.884 7 + 2
    0.7903 0.5 2
    0.884 0.5 0
  0.9127 25 - 2
    0.1389 0.6123 34
    0.2677 0.3877 27
  0.952 5 - 2
    0.8583 0.5 2
    0.952 0.5 0
  0.9594 25 + 3
    0.1081 0.281794 37
    0.1856 0.049619 34
    0.2355 0.668587 32
  0.982 7 + 2
    0.8883 0.5 2
    0.982 0.5 0
  0.9891 17 - 2
    0.1253 0.5 38
    0.2019 0.5 35
  1.02 9 + 2
    0.8625 0.5 3
    0.978824 0.5 1
  1.0617 27 - 2
    0.149 0.7563 40
    0.2879 0.2437 34
  1.064 11 + 2
    0.83032 0.5 5
    0.9703 0.5 2
  1.0846 19 - 2
    0.0955 0.3733 44
    0.2208 0.6267 38
  1.106 5 + 2
    0.900116 0.5 4
    1.06482 0.5 1
  1.1176 27 + 2
    0.1582 0.957838 42
    0.2663 0.042162 37
  1.132 7 - 2
    0.9745 0.5 3
    1.09082 0.5 1
  1.136 9 - 2
    1.0423 0.5 2
    1.136 0.5 0
  1.163 5 + 2
    0.957116 0.5 4
    1.12182 0.5 1
  1.2192 29 - 2
    0.1575 0.7025 46
    0.3065 0.2975 40
  1.227 7 + 2
    1.1333 0.5 2
    1.227 0.5 0
  1.2309 21 - 2
    0.1463 0.4346 48
    0.2418 0.5654 44
  1.2359 29 + 3
    0.1183 0.267313 50
    0.1742 0.059353 46
    0.2765 0.673334 42
  1.345 23 - 2
    0.1141 0.2931 56
    0.2604 0.7069 48
  1.3875 31 - 2
    0.1683 0.5643 54
    0.3258 0.4357 46
  1.4264 31 + 2
    0.1905 0.8359 57
    0.3088 0.1641 50
  1.5102 25 - 2
    0.1652 0.3972 58
    0.2793 0.6028 56
  1.55 5 - 2
    1.4563 0.5 2
    1.55 0.5 0
  1.5512 33 + 2
    0.1248 0.2759 60
    0.3153 0.7241 57
  1.5626 33 - 2
    0.1751 0.5829 59
    0.3434 0.4171 54
  1.6426 27 - 2
    0.1324 0.5461 61
    0.2976 0.4539 58
  1.7494 35 - 2
    0.1868 0.4856 64
    0.3619 0.5144 59
  1.7752 35 + 2
    0.224 0.4321 63
    0.3488 0.5679 60
  1.8269 29 - 2
    0.1843 0.3506 65
    0.3167 0.6494 61
  1.9035 37 + 1
    0.3523 1 63
  1.9406 37 - 2
    0.1912 0.4438 66
    0.378 0.5562 64
  1.9758 31 - 2
    0.1489 0.4887 68
    0.3332 0.5113 65
  2.1454 39 - 2
    0.2048 0.4523 70
    0.396 0.5477 66
  2.1616 39 + 2
    0.2581 0.5358 69
    0.3864 0.4642 67
  2.178 33 - 1
    0.3511 1 68
  2.2 9 + 2
    2.0425 0.5 3
    2.15882 0.5 1
  2.2897 41 + 1
    0.3862 1 69
  2.3439 35 - 2
    0.1659 0.4252 74
    0.3681 0.5748 71
  2.3522 41 - 2
    0.2068 0.4196 72
    0.4116 0.5804 70
  2.5615 37 - 1
    0.3835 1 74
  2.5746 43 - 1
    0.4292 1 72
  2.5827 43 + 1
    0.4211 1 73
  2.708 45 + 1
    0.4183 1 76
  2.7438 39 - 1
    0.3999 1 77
  2.7947 45 - 1
    0.4425 1 78
  2.9772 41 - 1
    0.4157 1 79
  3.0351 47 - 1
    0.4605 1 80
  3.0363 47 + 1
    0.4536 1 81
  3.1567 49 + 1
    0.4487 1 82
  3.1747 43 - 1
    0.4309 1 83
  3.2669 49 - 1
    0.4722 1 84
  3.4243 45 - 1
    0.4471 1 85
  3.5208 51 + 1
    0.4845 1 87
  3.5251 51 - 1
    0.49 1 86
  3.6335 53 + 1
    0.4768 1 88
  3.6351 47 - 1
    0.4604 1 89
  3.7677 53 - 1
    0.5008 1 90
  3.903 49 - 1
    0.4787 1 91
  4.0344 55 + 1
    0.5136 1 92
  4.0432 55 - 1
    0.5181 1 93
  4.1225 51 - 1
    0.4874 1 95
  4.1376 57 + 1
    0.5041 1 94
  4.2949 57 - 1
    0.5272 1 96
  4.5756 59 - 1
    0.5324 1 99
  4.5775 59 + 1
    0.5431 1 98
  4.6694 61 + 1
    0.5318 1 101
  4.8459 61 - 1
    0.551 1 102
  5.1172 63 - 1
    0.5416 1 103
  5.2289 65 + 1
    0.5595 1 105
  5.4079 65 - 1
    0.562 1 106
  5.8168 69 + 1
    0.5879 1 108
  5.9809 69 - 1
    0.573 1 109

95 242 142
  0 2 - 0
  0.044092 0 - 1
    0.044092 1 0
  0.0486 10 - 1
    0.0486 1 0
  0.0527 6 - 1
    0.0527 1 0
  0.07582 4 - 1
    0.07582 1 0
  0.099 8 - 1
    0.02318 1 4
  0.114 12 - 1
    0.015 1 5
  0.148 10 - 2
    0.0953 0.5 3
    0.0994 0.5 2
  0.14969 8 - 2
    0.07387 0.078337 4
    0.09699 0.921663 3
  0.171 14 + 1
    0.057 1 6
  0.19 14 - 2
    0.042 0.5 7
    0.1414 0.5 2
  0.1977 6 + 2
    0.0987 0.5 5
    0.12188 0.5 4
  0.23053 2 + 2
    0.15471 0.5374 4
    0.186438 0.4626 1
  0.24436 6 - 4
    0.09467 0.2042 8
    0.16854 0.1188 4
    0.19166 0.4794 3
    0.19576 0.1976 2
  0.263 12 - 2
    0.149 0.5 6
    0.164 0.5 5
  0.2699 6 + 1
    0.03937 1 12
  0.27433 2 - 3
    0.19851 0.176882 4
    0.230238 0.293771 1
    0.27433 0.529347 0
  0.2835 4 + 2
    0.2308 0.5 3
    0.2835 0.5 0
  0.28901 8 - 3
    0.04465 0.6107 13
    0.21319 0.2312 4
    0.24041 0.1581 2
  0.29284 4 - 2
    0.21702 0.5489 4
    0.24014 0.4511 3
  0.29641 4 - 4
    0.05205 0.034119 13
    0.22059 0.409992 4
    0.24371 0.291194 3
    0.29641 0.264695 0
  0.307 16 + 1
    0.117 1 10
  0.32784 6 - 3
    0.17815 0.3471 8
    0.25202 0.3002 4
    0.27514 0.3527 3
  0.33071 6 - 5
    0.0343 0.0106 20
    0.03787 0.832667 19
    0.08635 0.088666 13
    0.25489 0.027869 4
    0.27801 0.040198 3
  0.34158 0 + 2
    0.11105 0.8024 12
    0.34158 0.1976 0
  0.348845 10 - 2
    0.296145 0.5 3
    0.300245 0.5 2
  0.35569 4 + 3
    0.02785 0.59303 22
    0.06285 0.071954 19
    0.11133 0.335017 13
  0.3647 4 + 3
    0.02312 0.000133 24
    0.0948 0.584939 15
    0.13417 0.414928 12
  0.3704 8 + 2
    0.3177 0.5 3
    0.3218 0.5 2
  0.37247 8 - 5
    0.04176 0.265616 23
    0.07606 0.66284 20
    0.22278 0.023721 8
    0.29665 0.023571 4
    0.31977 0.024251 3
  0.37374 8 - 3
    0.04303 0.66816 23
    0.0459 0.263984 22
    0.0809 0.067856 19
  0.37693 6 + 2
    0.08409 0.2573 19
    0.13257 0.7427 13
  0.38818 6 + 3
    0.09534 0.254518 19
    0.09917 0.674347 18
    0.14382 0.071135 13
  0.40053 2 - 3
    0.06982 0.928963 23
    0.07269 0.017229 22
    0.32471 0.053808 4
  0.40591 8 + 5
    0.03217 0.4342 30
    0.03344 0.3937 29
    0.05022 0.03448 26
    0.07807 0.02982 22
    0.16155 0.1078 13
  0.409 12 - 2
    0.295 0.5 6
    0.31 0.5 5
  0.41777 8 + 1
    0.14787 1 15
  0.418605 8 + 3
    0.090765 0.4596 22
    0.129595 0.3574 18
    0.174245 0.183 13
  0.41914 4 - 6
    0.03096 0.02299 32
    0.04667 0.890196 29
    0.08843 0.04039 23
    0.0913 0.01319 22
    0.14481 0.02892 16
    0.36644 0.004315 3
  0.4288 10 + 2
    0.3148 0.5 6
    0.3298 0.5 5
  0.434 10 - 2
    0.3813 0.5 3
    0.3854 0.5 2
  0.44239 10 + 3
    0.03648 0.762908 34
    0.06546 0.220702 31
    0.06865 0.01639 30
  0.44668 6 - 3
    0.07421 0.151015 29
    0.09099 0.230023 26
    0.29699 0.618962 8
  0.45715 10 + 4
    0.038545 0.310995 37
    0.06897 0.66749 32
    0.08341 0.01663 30
    0.16814 0.004885 18
  0.46437 6 - 5
    0.07619 0.023 32
    0.13366 0.4266 23
    0.17536 0.09504 18
    0.19447 0.3998 15
    0.31468 0.05556 8
  0.48367 8 - 3
    0.065065 0.1836 37
    0.33398 0.2064 8
    0.43507 0.61 2
  0.486 14 - 2
    0.338 0.5 7
    0.4374 0.5 2
  0.5 12 - 2
    0.386 0.5 6
    0.401 0.5 5
  0.5028 2 + 2
    0.42698 0.5 4
    0.458708 0.5 1
  0.5285 18 + 1
    0.3575 1 9
  0.56822 8 - 4
    0.08455 0.189 45
    0.12583 0.3087 41
    0.149615 0.0381 37
    0.19129 0.4642 31
  0.581 14 - 2
    0.433 0.5 7
    0.5324 0.5 2
  0.5836 4 + 2
    0.5309 0.5 3
    0.5836 0.5 0
  0.608 2 + 2
    0.53218 0.5 4
    0.563908 0.5 1
  0.61276 4 - 6
    0.14839 0.155706 44
    0.19362 0.480319 38
    0.31635 0.122905 20
    0.31992 0.070913 19
    0.3684 0.075083 13
    0.38223 0.095074 12
  0.6205 12 + 2
    0.4725 0.5 7
    0.5719 0.5 2
  0.626 16 + 2
    0.319 0.5 21
    0.436 0.5 10
  0.6298 20 + 2
    0.0038 0.5 56
    0.3228 0.5 21
  0.6404 2 + 2
    0.56458 0.5 4
    0.596308 0.5 1
  0.6445 10 + 2
    0.5305 0.5 6
    0.5455 0.5 5
  0.6515 4 + 2
    0.5988 0.5 3
    0.6515 0.5 0
  0.658 12 + 2
    0.51 0.5 7
    0.6094 0.5 2
  0.6608 6 + 2
    0.5618 0.5 5
    0.58498 0.5 4
  0.6642 0 + 2
    0.38987 0.5 16
    0.6642 0.5 0
  0.6702 22 + 1
    0.1417 1 49
  0.677 16 - 2
    0.506 0.5 9
    0.563 0.5 6
  0.6825 4 + 2
    0.6298 0.5 3
    0.6825 0.5 0
  0.6895 6 + 2
    0.5905 0.5 5
    0.61368 0.5 4
  0.697 10 - 2
    0.6443 0.5 3
    0.6484 0.5 2
  0.7004 2 + 2
    0.62458 0.5 4
    0.656308 0.5 1
  0.7155 12 - 2
    0.6015 0.5 6
    0.6165 0.5 5
  0.7215 8 + 2
    0.6688 0.5 3
    0.6729 0.5 2
  0.7246 6 - 2
    0.676 0.5 2
    0.7246 0.5 0
  0.735 4 + 2
    0.6823 0.5 3
    0.735 0.5 0
  0.7449 10 - 2
    0.6922 0.5 3
    0.6963 0.5 2
  0.7596 2 + 2
    0.68378 0.5 4
    0.715508 0.5 1
  0.7671 14 - 2
    0.6191 0.5 7
    0.7185 0.5 2
  0.7798 18 + 2
    0.2513 0.5 49
    0.6088 0.5 9
  0.79 6 - 2
    0.7414 0.5 2
    0.79 0.5 0
  0.7958 8 + 2
    0.7431 0.5 3
    0.7472 0.5 2
  0.79925 4 - 2
    0.72343 0.5 4
    0.755158 0.5 1
  0.8025 12 + 2
    0.6545 0.5 7
    0.7539 0.5 2
  0.8182 10 - 2
    0.7655 0.5 3
    0.7696 0.5 2
  0.821 0 + 2
    0.54667 0.5 16
    0.821 0.5 0
  0.8233 6 - 2
    0.7747 0.5 2
    0.8233 0.5 0
  0.833 2 + 2
    0.75718 0.5 4
    0.788908 0.5 1
  0.846 8 - 2
    0.747 0.5 5
    0.77018 0.5 4
  0.852 4 + 2
    0.7993 0.5 3
    0.852 0.5 0
  0.8647 10 - 2
    0.812 0.5 3
    0.8161 0.5 2
  0.87405 4 - 2
    0.58504 0.288 18
    0.62969 0.712 13
  0.8839 6 + 2
    0.7849 0.5 5
    0.80808 0.5 4
  0.8967 8 + 2
    0.844 0.5 3
    0.8481 0.5 2
  0.90247 6 - 2
    0.60963 0.2178 19
    0.65811 0.7822 13
  0.90658 6 - 1
    0.03253 1 89
  0.916 12 + 2
    0.768 0.5 7
    0.8674 0.5 2
  0.9196 2 + 2
    0.84378 0.5 4
    0.875508 0.5 1
  0.9305 14 - 2
    0.7825 0.5 7
    0.8819 0.5 2
  0.9347 8 + 2
    0.882 0.5 3
    0.8861 0.5 2
  0.942365 4 - 2
    0.866545 0.5 4
    0.898273 0.5 1
  0.94973 8 - 2
    0.04315 0.2178 93
    0.07568 0.7822 89
  0.951 10 + 2
    0.837 0.5 6
    0.852 0.5 5
  0.9683 16 + 2
    0.6613 0.5 21
    0.7783 0.5 10
  0.975 6 + 2
    0.876 0.5 5
    0.89918 0.5 4
  0.9784 2 - 2
    0.9257 0.5 3
    0.9784 0.5 0
  0.994 4 - 2
    0.91818 0.5 4
    0.949908 0.5 1
  1.00271 10 - 2
    0.05298 0.5553 99
    0.09613 0.4447 93
  1.011 4 + 2
    0.9583 0.5 3
    1.011 0.5 0
  1.0205 8 + 2
    0.9678 0.5 3
    0.9719 0.5 2
  1.029 12 - 2
    0.915 0.5 6
    0.93 0.5 5
  1.049 6 + 2
    0.95 0.5 5
    0.97318 0.5 4
  1.065 10 + 2
    0.951 0.5 6
    0.966 0.5 5
  1.073 14 - 2
    0.925 0.5 7
    1.0244 0.5 2
  1.088 2 - 2
    1.0353 0.5 3
    1.088 0.5 0
  1.097 8 + 2
    1.0443 0.5 3
    1.0484 0.5 2
  1.119 0 - 2
    1.04318 0.5 4
    1.07491 0.5 1
  1.142 12 + 2
    0.994 0.5 7
    1.0934 0.5 2
  1.151 4 - 2
    1.07518 0.5 4
    1.10691 0.5 1
  1.162 6 + 2
    1.063 0.5 5
    1.08618 0.5 4
  1.17 2 - 2
    1.1173 0.5 3
    1.17 0.5 0
  1.187 10 + 2
    1.073 0.5 6
    1.088 0.5 5
  1.192 8 - 2
    1.093 0.5 5
    1.11618 0.5 4
  1.199 4 + 2
    1.1463 0.5 3
    1.199 0.5 0
  1.21 12 - 2
    1.096 0.5 6
    1.111 0.5 5
  1.227 6 + 2
    1.128 0.5 5
    1.15118 0.5 4
  1.243 14 - 2
    1.095 0.5 7
    1.1944 0.5 2
  1.262 16 + 2
    0.955 0.5 21
    1.072 0.5 10
  1.287 18 - 2
    0.98 0.5 21
    1.097 0.5 10
  1.3 2 + 2
    1.22418 0.5 4
    1.25591 0.5 1
  1.325 8 - 2
    1.226 0.5 5
    1.24918 0.5 4
  1.343 10 + 2
    1.229 0.5 6
    1.244 0.5 5
  1.362 4 - 2
    1.28618 0.5 4
    1.31791 0.5 1
  1.38 6 + 2
    1.281 0.5 5
    1.30418 0.5 4
  1.406 0 - 2
    1.33018 0.5 4
    1.36191 0.5 1
  1.417 8 + 2
    1.3643 0.5 3
    1.3684 0.5 2
  1.443 4 - 2
    1.36718 0.5 4
    1.39891 0.5 1
  1.455 6 + 2
    1.356 0.5 5
    1.37918 0.5 4
  1.467 12 - 2
    1.353 0.5 6
    1.368 0.5 5
  1.482 10 + 2
    1.368 0.5 6
    1.383 0.5 5
  1.507 2 - 2
    1.4543 0.5 3
    1.507 0.5 0
  1.519 8 + 2
    1.4663 0.5 3
    1.4704 0.5 2
  1.562 6 - 2
    1.5134 0.5 2
    1.562 0.5 0
  2.2 4 + 1
    2.2 1 0

95 243 30
  0 5 - 0
  0.0422 7 - 1
    0.0422 1 0
  0.084 5 + 2
    0.0418 0.059862 1
    0.084 0.940138 0
  0.0964 9 - 2
    0.0542 0.7606 1
    0.0964 0.2394 0
  0.1092 7 + 2
    0.067 0.642 1
    0.1092 0.358 0
  0.1435 9 + 2
    0.0343 0.5 4
    0.1013 0.5 1
  0.1623 11 - 2
    0.0188 0.5 5
    0.1201 0.5 1
  0.1893 11 + 2
    0.0801 0.5 4
    0.0929 0.5 3
  0.238 13 - 2
    0.0487 0.5 7
    0.1416 0.5 3
  0.244 13 + 2
    0.0817 0.5 6
    0.1005 0.5 5
  0.266 3 - 1
    0.266 1 0
  0.3 5 - 2
    0.2036 0.5 3
    0.3 0.5 0
  0.345 7 - 2
    0.261 0.5 2
    0.3028 0.5 1
  0.383 1 + 2
    0.117 0.5 10
    0.299 0.5 2
  0.4071 1 - 1
    0.4071 1 0
  0.423 3 + 2
    0.3138 0.5 4
    0.423 0.5 0
  0.445 15 + 2
    0.207 0.5 8
    0.2557 0.5 7
  0.4657 7 + 4
    0.3222 0.047653 5
    0.3565 0.188213 4
    0.3817 0.763953 2
    0.4657 0.00018 0
  0.49925 11 - 2
    0.35575 0.5 5
    0.45705 0.5 1
  0.5325 9 + 4
    0.3432 0.090001 7
    0.389 0.259602 5
    0.4233 0.642806 4
    0.4485 0.007591 2
  0.586 3 - 2
    0.502 0.5 2
    0.5438 0.5 1
  0.704 13 + 2
    0.5417 0.5 6
    0.5605 0.5 5
  0.724 5 - 2
    0.6276 0.5 3
    0.724 0.5 0
  0.933 17 + 2
    0.229 0.5 21
    0.689 0.5 9
  0.977 9 - 2
    0.8806 0.5 3
    0.977 0.5 0
  1.053 3 + 2
    0.9438 0.5 4
    1.053 0.5 0
  1.123 19 - 1
    0.19 1 23
  1.174 5 + 2
    1.09 0.5 2
    1.1318 0.5 1
  1.222 7 - 2
    1.138 0.5 2
    1.1798 0.5 1
  2.3 15 + 2
    2.062 0.5 8
    2.1107 0.5 7

95 244 113
  0 12 - 0
  0.0861 2 + 1
    0.0861 1 0
  0.0984 4 + 1
    0.0984 1 0
  0.1214 6 + 2
    0.023 0.835 2
    0.0353 0.165 1
  0.1464 8 + 1
    0.025 1 3
  0.1738 2 - 2
    0.0754 0.4434 2
    0.0877 0.5566 1
  0.1816 10 + 1
    0.0352 1 4
  0.1954 4 - 3
    0.0216 0.959943 5
    0.074 0.030461 3
    0.097 0.009595 2
  0.2264 6 - 4
    0.0526 0.695765 5
    0.08 0.140193 4
    0.105 0.00275 3
    0.128 0.161292 2
  0.2598 4 - 6
    0.0334 0.320899 8
    0.0644 0.337399 7
    0.086 0.316399 5
    0.1384 0.006209 3
    0.1614 0.001725 2
    0.1737 0.01737 1
  0.2703 8 - 2
    0.0439 0.97979 8
    0.1489 0.02021 3
  0.2873 2 - 4
    0.0919 0.440291 7
    0.1135 0.50859 5
    0.1889 0.032709 2
    0.2012 0.01841 1
  0.2948 6 - 1
    0.035 1 9
  0.3209 10 - 3
    0.0506 0.76057 10
    0.0945 0.207492 8
    0.1745 0.031939 4
  0.3337 0 - 1
    0.0464 1 11
  0.3408 6 - 7
    0.0535 0.765672 11
    0.0705 0.027709 10
    0.081 0.060968 9
    0.1144 0.088357 8
    0.1454 0.048078 7
    0.1944 0.004926 4
    0.2194 0.00429 3
  0.3418 8 - 2
    0.1154 0.7792 8
    0.2204 0.2208 3
  0.3465 6 + 4
    0.2001 0.111399 4
    0.2251 0.359395 3
    0.2481 0.524093 2
    0.2604 0.005113 1
  0.3599 4 - 1
    0.0726 1 11
  0.365 10 - 2
    0.1386 0.5 8
    0.2186 0.5 4
  0.37045 14 + 2
    0.18885 0.5 6
    0.37045 0.5 0
  0.3752 0 + 2
    0.2014 0.045471 5
    0.2891 0.954529 1
  0.3881 8 + 4
    0.0416 0.708107 17
    0.2065 0.166502 6
    0.2417 0.0357 4
    0.2667 0.089691 3
  0.3968 10 - 2
    0.1265 0.8729 10
    0.2504 0.1271 4
  0.4128 4 + 4
    0.2664 0.004124 4
    0.2914 0.377691 3
    0.3144 0.457889 2
    0.3267 0.160296 1
  0.4171 4 + 3
    0.1223 0.057128 12
    0.3187 0.525584 2
    0.331 0.417287 1
  0.4182 4 + 7
    0.1584 0.03429 9
    0.1918 0.004563 8
    0.2228 0.123901 7
    0.2444 0.469903 5
    0.2968 0.289102 3
    0.3198 0.03531 2
    0.3321 0.04293 1
  0.4193 6 - 5
    0.0728 0.658593 17
    0.1595 0.197698 9
    0.1929 0.103299 8
    0.2979 0.01821 3
    0.3209 0.0222 2
  0.4291 12 + 2
    0.1082 0.5 13
    0.2827 0.5 4
  0.431 16 + 1
    0.0019 1 28
  0.4331 8 - 5
    0.1122 0.210396 13
    0.1628 0.51439 10
    0.2067 0.223796 8
    0.2515 0.025899 6
    0.2867 0.025519 4
  0.4354 10 - 3
    0.0946 0.5446 15
    0.1145 0.2362 13
    0.1651 0.2192 10
  0.4425 6 + 4
    0.2161 0.158195 8
    0.2961 0.445187 4
    0.3211 0.090327 3
    0.3441 0.306291 2
  0.447 12 + 2
    0.1261 0.5 13
    0.3006 0.5 4
  0.4521 2 + 3
    0.0339 0.793456 26
    0.3537 0.074435 2
    0.366 0.132109 1
  0.455 8 + 2
    0.3086 0.772 4
    0.3336 0.228 3
  0.4644 8 - 3
    0.0451 0.900391 27
    0.1696 0.081849 12
    0.1941 0.01776 10
  0.4762 4 + 4
    0.0591 0.413546 25
    0.3548 0.241469 3
    0.3778 0.280164 2
    0.3901 0.064822 1
  0.47965 8 + 5
    0.20935 0.104699 10
    0.25325 0.273897 8
    0.33325 0.090919 4
    0.35825 0.435596 3
    0.38125 0.094889 2
  0.4829 4 - 3
    0.1364 0.356 17
    0.2875 0.6181 7
    0.3091 0.0259 5
  0.4935 8 + 3
    0.3119 0.065184 6
    0.3471 0.468558 4
    0.3721 0.466258 3
  0.508 14 - 2
    0.143 0.5 19
    0.1871 0.5 13
  0.5122 6 + 3
    0.3658 0.554955 4
    0.3908 0.328933 3
    0.4138 0.116112 2
  0.5143 10 + 4
    0.1934 0.3291 13
    0.244 0.1608 10
    0.3327 0.2973 6
    0.3679 0.2128 4
  0.5186 4 - 8
    0.1004 0.004437 26
    0.2588 0.293001 9
    0.2922 0.1069 8
    0.3232 0.245101 7
    0.3448 0.318101 5
    0.3972 0.001316 3
    0.4202 0.008204 2
    0.4325 0.02294 1
  0.5223 6 - 3
    0.1758 0.013659 17
    0.252 0.853749 10
    0.2959 0.132592 8
  0.5339 6 - 9
    0.0914 0.003253 32
    0.1157 0.006468 26
    0.1168 0.001412 25
    0.2391 0.02413 12
    0.2636 0.276899 10
    0.2741 0.01807 9
    0.3075 0.426399 8
    0.3385 0.218899 7
    0.4355 0.02447 2
  0.5597 8 - 8
    0.1172 0.011958 32
    0.1629 0.132083 23
    0.2388 0.398648 13
    0.2894 0.202474 10
    0.3333 0.070151 8
    0.3781 0.023877 6
    0.4133 0.139882 4
    0.4383 0.020927 3
  0.567 12 + 2
    0.2461 0.5 13
    0.4206 0.5 4
  0.577 8 - 5
    0.2305 0.032377 17
    0.2362 0.559555 15
    0.2561 0.171786 13
    0.3067 0.104592 10
    0.4556 0.131689 3
  0.5821 4 - 8
    0.0992 0.042831 39
    0.2222 0.066621 18
    0.2948 0.417808 11
    0.3867 0.112202 7
    0.4083 0.081402 5
    0.4607 0.01603 3
    0.4837 0.103202 2
    0.496 0.159903 1
  0.6065 2 + 2
    0.4851 0.5 3
    0.5204 0.5 1
  0.609 10 + 3
    0.2672 0.1186 16
    0.4274 0.3076 6
    0.4626 0.5738 4
  0.6133 4 + 2
    0.5149 0.2837 2
    0.5272 0.7163 1
  0.618 14 + 2
    0.4364 0.5 6
    0.618 0.5 0
  0.6412 6 + 5
    0.2241 0.06899 25
    0.4596 0.05341 6
    0.4948 0.1186 4
    0.5198 0.5462 3
    0.5428 0.2128 2
  0.6483 6 + 5
    0.1654 0.007752 39
    0.3885 0.051172 9
    0.5019 0.077243 4
    0.5269 0.541721 3
    0.5499 0.322112 2
  0.6689 4 + 6
    0.2139 0.027449 35
    0.2507 0.399784 26
    0.2561 0.090166 24
    0.4951 0.069717 5
    0.5705 0.294588 2
    0.5828 0.118295 1
  0.6787 2 - 6
    0.1601 0.382685 44
    0.2605 0.017289 26
    0.345 0.043238 14
    0.3914 0.094106 11
    0.4833 0.234991 7
    0.5049 0.227691 5
  0.6949 8 + 3
    0.5133 0.1952 6
    0.5485 0.452 4
    0.5735 0.3528 3
  0.6979 4 - 5
    0.164 0.2083 46
    0.1793 0.1307 44
    0.4106 0.1229 11
    0.4715 0.1783 8
    0.5241 0.3598 5
  0.7086 12 - 2
    0.527 0.5 6
    0.7086 0.5 0
  0.7293 6 - 6
    0.1696 0.251218 47
    0.2868 0.010351 32
    0.2962 0.27882 30
    0.3885 0.081986 15
    0.459 0.13681 10
    0.5339 0.240817 7
  0.749 16 - 2
    0.37855 0.5 20
    0.749 0.5 0
  0.7548 10 + 3
    0.1458 0.516848 52
    0.5732 0.217778 6
    0.6084 0.265373 4
  0.7691 2 - 2
    0.5953 0.5 5
    0.6707 0.5 2
  0.773 2 + 4
    0.4393 0.024169 14
    0.5132 0.075667 9
    0.6746 0.395984 2
    0.6869 0.50418 1
  0.778 8 - 6
    0.2183 0.254615 47
    0.2441 0.138808 46
    0.3587 0.037042 27
    0.3899 0.137408 22
    0.4362 0.190611 16
    0.5077 0.241515 10
  0.77965 4 - 7
    0.26745 0.2096 42
    0.30345 0.0404 37
    0.32755 0.02509 34
    0.36145 0.02161 26
    0.48485 0.4461 12
    0.68125 0.1335 2
    0.69355 0.1237 1
  0.781 4 - 8
    0.204 0.036759 49
    0.2471 0.443882 46
    0.2587 0.25889 45
    0.2624 0.088666 44
    0.4402 0.027229 15
    0.4473 0.016649 14
    0.5546 0.034669 8
    0.6596 0.093256 3
  0.786 4 - 2
    0.6646 0.5 3
    0.6999 0.5 1
  0.7931 8 - 7
    0.2592 0.131504 46
    0.2745 0.091483 44
    0.3963 0.389811 23
    0.4513 0.065322 16
    0.4722 0.248507 13
    0.5977 0.073112 7
    0.6115 0.000262 6
  0.7971 4 - 5
    0.345 0.046958 34
    0.5023 0.386285 12
    0.5098 0.121095 11
    0.6017 0.078677 7
    0.6757 0.366985 3
  0.8069 6 - 8
    0.1586 0.037127 56
    0.3519 0.115392 35
    0.3738 0.346976 30
    0.447 0.066445 18
    0.4604 0.045967 17
    0.5196 0.13769 11
    0.5471 0.042017 9
    0.6115 0.208385 7
  0.8236 4 - 5
    0.4043 0.149915 27
    0.4899 0.222222 14
    0.5288 0.160716 12
    0.5638 0.340934 9
    0.7022 0.126213 3
  0.8303 12 + 2
    0.5094 0.5 13
    0.6839 0.5 4
  0.834 10 + 2
    0.7126 0.5 3
    0.834 0.5 0
  0.8388 4 + 6
    0.3838 0.087454 35
    0.3963 0.351518 32
    0.6434 0.143707 7
    0.665 0.060003 5
    0.7404 0.237012 2
    0.7527 0.120306 1
  0.8408 6 + 5
    0.3887 0.038969 34
    0.3983 0.068339 32
    0.4226 0.49489 26
    0.4237 0.320894 25
    0.5535 0.076908 11
  0.8573 6 + 8
    0.1624 0.118887 59
    0.2161 0.266771 55
    0.3638 0.36146 40
    0.37765 0.037636 38
    0.4692 0.061533 22
    0.4974 0.015068 18
    0.7359 0.059703 3
    0.7589 0.078941 2
  0.86 14 + 2
    0.6784 0.5 6
    0.86 0.5 0
  0.8732 4 + 9
    0.0922 0.019389 69
    0.2599 0.111997 53
    0.3393 0.01242 46
    0.455 0.046029 26
    0.4604 0.061848 24
    0.6994 0.075438 5
    0.7268 0.201894 4
    0.7518 0.253392 3
    0.7748 0.217593 2
  0.8789 4 - 8
    0.09925 0.1368 68
    0.2306 0.01747 56
    0.3566 0.2532 45
    0.4596 0.08028 27
    0.4618 0.08069 25
    0.6191 0.2137 9
    0.6835 0.1689 7
    0.7928 0.04896 1
  0.885 10 + 2
    0.7636 0.5 3
    0.885 0.5 0
  0.8888 12 + 2
    0.5679 0.5 13
    0.7424 0.5 4
  0.8965 2 - 2
    0.7227 0.5 5
    0.7981 0.5 2
  0.9093 18 + 2
    0.2913 0.5 54
    0.53885 0.5 20
  0.916 0 - 2
    0.7206 0.5 7
    0.8299 0.5 1
  0.9283 10 + 2
    0.8069 0.5 3
    0.9283 0.5 0
  0.936 14 - 2
    0.571 0.5 19
    0.6151 0.5 13
  0.9464 12 + 2
    0.6255 0.5 13
    0.8 0.5 4
  0.956 2 - 2
    0.7822 0.5 5
    0.8576 0.5 2
  0.982 16 + 2
    0.551 0.5 29
    0.5529 0.5 28
  0.9947 10 - 2
    0.7683 0.5 8
    0.8483 0.5 4
  1.0109 8 + 2
    0.8645 0.5 4
    0.9125 0.5 2
  1.0256 0 - 2
    0.8302 0.5 7
    0.9395 0.5 1
  1.0415 12 + 2
    0.7206 0.5 13
    0.8951 0.5 4
  1.0475 2 - 2
    0.8737 0.5 5
    0.9491 0.5 2
  1.0583 6 + 2
    0.9369 0.5 3
    0.9722 0.5 1
  1.0664 14 - 2
    0.7014 0.5 19
    0.7455 0.5 13
  1.069 8 + 2
    0.9226 0.5 4
    0.9706 0.5 2
  1.097 10 - 2
    0.8706 0.5 8
    0.9506 0.5 4
  1.125 20 + 2
    0.143 0.5 92
    0.694 0.5 29
  1.142 18 - 2
    0.634 0.5 41
    0.711 0.5 29
  1.1464 6 + 2
    1.025 0.5 3
    1.0603 0.5 1
  1.157 2 - 2
    0.9832 0.5 5
    1.0586 0.5 2
  1.179 8 + 2
    1.0326 0.5 4
    1.0806 0.5 2
  1.203 12 - 2
    1.0214 0.5 6
    1.203 0.5 0
  1.252 10 + 2
    1.1306 0.5 3
    1.252 0.5 0
  1.281 6 - 2
    1.1346 0.5 4
    1.1826 0.5 2
  1.335 16 + 2
    0.904 0.5 29
    0.9059 0.5 28
  1.357 8 - 2
    1.2356 0.5 3
    1.357 0.5 0
  19.464 0 + 2
    19.2902 0.5 5
    19.3656 0.5 2

95 245 22
  0 5 + 0
  0.0192 7 + 1
    0.0192 1 0
  0.02793 5 - 1
    0.02793 1 0
  0.04707 9 + 1
    0.04707 1 0
  0.07043 7 - 2
    0.02336 0.5 3
    0.07043 0.5 0
  0.08765 11 + 1
    0.06845 1 1
  0.12459 9 - 2
    0.09666 0.5 2
    0.10539 0.5 1
  0.13451 13 + 1
    0.08744 1 3
  0.19082 11 - 2
    0.12039 0.5 4
    0.14375 0.5 3
  0.327428 7 + 4
    0.280358 0.046481 3
    0.299498 0.000305 2
    0.308228 0.158902 1
    0.327428 0.794312 0
  0.39587 9 + 3
    0.3488 0.244698 3
    0.37667 0.741293 1
    0.39587 0.01401 0
  0.47552 11 + 3
    0.34101 0.132987 7
    0.38787 0.328267 5
    0.42845 0.538746 3
  0.5631 13 + 2
    0.42859 0.5 7
    0.47545 0.5 5
  0.88747 7 + 9
    0.41195 0.037691 11
    0.4916 0.200707 10
    0.560042 0.395413 9
    0.76288 0.049972 6
    0.79982 0.112004 5
    0.81704 0.060992 4
    0.8404 0.098443 3
    0.85954 0.035811 2
    0.86827 0.008966 1
  0.92101 11 + 10
    0.35791 0.045886 12
    0.44549 0.175284 11
    0.52514 0.136288 10
    0.593582 0.013489 9
    0.73019 0.072923 8
    0.7865 0.159086 7
    0.79642 0.099081 6
    0.83336 0.22138 5
    0.87394 0.056005 3
    0.90181 0.020578 1
  0.95753 9 + 9
    0.48201 0.002229 11
    0.630102 0.382172 9
    0.76671 0.042127 8
    0.83294 0.061516 6
    0.86988 0.008652 5
    0.8871 0.084134 4
    0.91046 0.175187 3
    0.93833 0.126491 1
    0.95753 0.117492 0
  0.98751 3 - 7
    0.51199 0.01255 11
    0.59164 0.06274 10
    0.660082 0.3089 9
    0.91708 0.02896 4
    0.94044 0.0917 3
    0.96831 0.01255 1
    0.98751 0.4826 0
  1.02422 1 - 7
    0.5487 0.031579 11
    0.696792 0.081578 9
    0.89963 0.031579 6
    0.95379 0.01579 4
    0.97715 0.378889 3
    0.99629 0.197394 2
    1.00502 0.263192 1
  1.0653 3 - 4
    0.66943 0.20751 10
    0.737872 0.132107 9
    0.93079 0.031452 7
    1.01823 0.628931 3
  1.1112 5 - 4
    1.02355 0.850343 5
    1.04077 0.011051 4
    1.08327 0.053573 2
    1.1112 0.085034 0
  1.1856 15 - 4
    1.05109 0.044248 7
    1.09795 0.145993 5
    1.13853 0.367282 3
    1.1664 0.442478 1
  2.4 3 - 2
    2.32957 0.5 4
    2.4 0.5 0

95 246 3
  0 14 - 0
  0.1 4 - 1
    0.1 1 0
  2 6 - 1
    2 1 0

95 247 1
  0 5 + 0

95 248 1
  0 8 + 0

