33 63 1
  0 3 - 0

33 64 1
  0 2 + 0

33 65 2
  0 1 - 0
  3.42 3 - 1
    3.42 1 0

33 66 14
  0 0 + 0
  0.83707 2 + 1
    0.83707 1 0
  0.96362 4 + 1
    0.96362 1 0
  1.23124 6 + 2
    0.26762 0.091027 2
    0.39417 0.908973 1
  1.35663 10 + 1
    0.12539 1 3
  1.9016 10 + 1
    0.67036 1 3
  2.90863 14 + 2
    1.00703 0.2858 5
    1.552 0.7142 4
  3.0238 18 + 1
    0.11517 1 6
  3.8638 22 + 1
    0.84 1 7
  5.3249 26 + 1
    1.4611 1 8
  5.8109 24 - 1
    1.9471 1 8
  6.5329 28 - 1
    0.722 1 10
  7.7949 32 - 1
    1.262 1 11
  9.7929 36 - 1
    1.998 1 12

33 67 16
  0 5 - 0
  0.06856 1 - 1
    0.06856 1 0
  0.352 3 - 1
    0.352 1 0
  0.69719 7 - 1
    0.69719 1 0
  1.10357 9 - 1
    1.03501 1 1
  1.42257 9 + 3
    0.319 0.3008 4
    0.72538 0.591 3
    1.42257 0.1082 0
  2.28234 11 + 1
    0.85977 1 5
  2.36514 13 + 1
    0.94257 1 5
  3.18042 13 + 2
    0.81528 0.2308 7
    0.89808 0.7692 6
  3.59361 17 + 1
    1.22847 1 7
  3.88566 15 + 3
    0.70524 0.3586 8
    1.52052 0.3046 7
    1.60332 0.3368 6
  4.52431 19 + 2
    0.63865 0.6851 10
    0.9307 0.3149 9
  4.95112 21 + 2
    0.42681 0.2086 11
    1.35751 0.7914 9
  5.72602 25 + 1
    0.7749 1 12
  6.7103 29 + 1
    0.98428 1 13
  7.7913 33 + 1
    1.081 1 14

33 68 43
  0 6 + 0
  0.1114 2 + 1
    0.1114 1 0
  0.15811 6 + 1
    0.15811 1 0
  0.16074 4 + 1
    0.16074 1 0
  0.2141 8 + 2
    0.05599 0.084018 2
    0.2141 0.915982 0
  0.31333 6 + 2
    0.15522 0.1461 2
    0.31333 0.8539 0
  0.3527 2 + 2
    0.19196 0.6115 3
    0.3527 0.3885 0
  0.3632 2 + 3
    0.04987 0.3956 5
    0.20246 0.4528 3
    0.20509 0.1516 2
  0.42521 2 + 4
    0.07251 0.271484 6
    0.11188 0.359378 5
    0.26447 0.286783 3
    0.42521 0.082355 0
  0.50017 8 + 3
    0.18684 0.05599 5
    0.28607 0.05391 4
    0.50017 0.8901 0
  0.54974 8 + 4
    0.23641 0.047448 5
    0.33564 0.186591 4
    0.39163 0.517774 2
    0.54974 0.248188 0
  0.5826 2 + 1
    0.5826 1 0
  0.73345 10 + 2
    0.18371 0.149 10
    0.51935 0.851 4
  0.89345 8 - 6
    0.16 0.005781 12
    0.34371 0.3841 10
    0.39328 0.03963 9
    0.58012 0.0126 5
    0.67935 0.01709 4
    0.73534 0.540799 2
  0.96496 10 - 3
    0.07151 0.916873 13
    0.23151 0.030049 12
    0.41522 0.053078 10
  1.21449 12 - 3
    0.24953 0.391 14
    0.32104 0.3295 13
    0.48104 0.2795 12
  1.30387 14 - 1
    0.33891 1 14
  1.32306 12 - 1
    0.3581 1 14
  1.4276 12 - 3
    0.10454 0.251 17
    0.21311 0.0516 15
    0.46264 0.6974 14
  1.57132 12 - 2
    0.24826 0.8264 17
    0.26745 0.1736 16
  1.7622 4 - 1
    0.43914 1 17
  1.8593 14 - 1
    0.28798 1 19
  1.9561 16 - 2
    0.63304 0.8065 17
    0.65223 0.1935 16
  2.0576 4 - 1
    0.63 1 18
  2.09405 16 - 2
    0.77099 0.4218 17
    0.79018 0.5782 16
  2.15795 18 + 3
    0.0639 0.1608 24
    0.85408 0.7118 16
    0.94346 0.1274 15
  2.2511 14 - 1
    0.92804 1 17
  2.30127 16 - 1
    0.97821 1 17
  2.47455 16 + 1
    0.3166 1 25
  2.82989 4 - 1
    1.52602 1 16
  2.9352 6 + 1
    0.8776 1 23
  2.93895 18 - 2
    0.4644 0.813 28
    0.68785 0.187 26
  3.1268 4 + 1
    0.96885 1 25
  3.17033 20 + 1
    1.01238 1 25
  3.18338 22 - 1
    1.02543 1 25
  3.3412 4 - 1
    1.18325 1 25
  4.3663 6 + 1
    1.19597 1 33
  4.38832 24 - 2
    1.20494 0.4055 34
    1.21799 0.5945 33
  4.586 4 + 1
    1.40262 1 34
  4.89732 24 - 1
    1.71394 1 34
  5.08732 26 + 1
    0.699 1 37
  5.6531 28 - 2
    0.75578 0.8929 39
    1.0671 0.1071 38
  6.06363 30 + 1
    0.97631 1 40

33 69 109
  0 5 - 0
  0.09799 3 - 1
    0.09799 1 0
  0.16442 1 - 1
    0.06643 1 1
  0.49736 3 - 3
    0.33294 0.1797 2
    0.39937 0.641 1
    0.49736 0.1793 0
  0.7601 3 + 1
    0.66211 1 1
  0.78947 5 - 4
    0.29211 0.069519 3
    0.62505 0.102898 2
    0.69148 0.646587 1
    0.78947 0.180996 0
  0.86406 7 - 3
    0.07459 0.093292 5
    0.76607 0.047291 1
    0.86406 0.859417 0
  0.9334 5 - 1
    0.83541 1 1
  1.0017 7 + 2
    0.13764 0.2417 6
    1.0017 0.7583 0
  1.0757 1 - 2
    0.91128 0.5814 2
    0.97771 0.4186 1
  1.1056 7 + 1
    0.24154 1 6
  1.30683 9 + 4
    0.20123 0.01705 10
    0.30513 0.027831 8
    0.44277 0.460409 6
    1.30683 0.49471 0
  1.3669 5 - 1
    0.50284 1 6
  1.4925 11 + 1
    0.18567 1 11
  1.6012 7 - 1
    0.29437 1 11
  1.6276 11 + 1
    0.32077 1 11
  1.6911 7 + 2
    1.59311 0.4152 1
    1.6911 0.5848 0
  1.7149 9 - 1
    0.40807 1 11
  1.7444 5 + 2
    1.64641 0.6757 1
    1.7444 0.3243 0
  1.8047 3 + 1
    0.2035 1 14
  1.8286 1 + 1
    0.52177 1 11
  1.865 3 + 4
    1.07553 0.349207 5
    1.70058 0.103302 2
    1.76701 0.49191 1
    1.865 0.055581 0
  2.1192 13 - 2
    1.32973 0.8621 5
    2.1192 0.1379 0
  2.1516 9 + 3
    1.36213 0.4 5
    1.65424 0.4 3
    2.05361 0.2 1
  2.16094 13 + 3
    0.35624 0.037478 19
    0.66844 0.069657 13
    0.85411 0.892864 11
  2.184 5 - 1
    2.08601 1 1
  2.21241 11 + 2
    0.90558 0.8636 11
    1.21071 0.1364 8
  2.3109 3 - 2
    1.00407 0.5 11
    2.3109 0.5 0
  2.3469 1 - 2
    1.55743 0.5495 5
    1.84954 0.4505 3
  2.3831 5 + 1
    0.17069 1 26
  2.4089 3 - 5
    1.4755 0.2334 7
    1.61943 0.3484 5
    1.91154 0.115 3
    2.24448 0.115 2
    2.31091 0.1882 1
  2.4693 1 + 1
    0.25689 1 26
  2.5329 7 - 3
    1.4572 0.65358 9
    2.36848 0.267992 2
    2.43491 0.078428 1
  2.6463 5 + 1
    0.43389 1 26
  2.6526 17 - 1
    0.49166 1 24
  2.8091 13 + 2
    0.59669 0.5587 26
    0.64816 0.4413 24
  2.8328 3 - 1
    1.52597 1 11
  2.873 9 + 1
    2.37564 1 3
  3.031 5 - 3
    1.9553 0.6623 9
    2.86658 0.1192 2
    2.93301 0.2185 1
  3.0469 3 + 2
    0.736 0.5 27
    0.88596 0.5 24
  3.0592 7 - 3
    0.2501 0.235 35
    0.4129 0.2186 33
    0.84679 0.5464 26
  3.1444 1 + 2
    2.0687 0.359 9
    3.04641 0.641 1
  3.2201 5 - 1
    3.12211 1 1
  3.25968 17 + 2
    0.20048 0.050319 40
    1.09874 0.949681 24
  3.264 15 - 1
    1.10306 1 24
  3.3465 3 + 2
    3.18208 0.5155 2
    3.24851 0.4845 1
  3.3945 7 - 1
    3.23008 1 2
  3.4688 9 + 1
    3.30438 1 2
  3.6515 5 - 1
    3.48708 1 2
  3.667 21 + 1
    1.0144 1 34
  3.7856 3 - 1
    0.52592 1 43
  3.846 1 + 2
    0.7991 0.5 39
    1.0369 0.5 35
  3.8751 7 - 1
    0.61542 1 43
  3.9995 5 + 1
    3.83508 1 2
  4.1527 3 - 1
    0.89302 1 43
  4.3315 19 + 1
    0.5459 1 50
  4.46499 21 + 4
    0.133491 0.092876 55
    0.797991 0.146194 49
    1.20531 0.683073 43
    2.08189 0.077857 29
  4.6342 1 - 1
    0.16921 1 56
  4.649 5 - 2
    4.48458 0.5 2
    4.649 0.5 0
  4.654 3 + 1
    0.808 1 51
  4.747 7 - 2
    4.24964 0.5 3
    4.64901 0.5 1
  4.849 9 + 1
    1.003 1 51
  4.871 5 - 2
    4.70658 0.5 2
    4.871 0.5 0
  4.935 3 + 2
    4.77058 0.5 2
    4.935 0.5 0
  4.984 1 - 2
    4.81958 0.5 2
    4.984 0.5 0
  4.9997 7 + 2
    0.3655 0.2908 57
    0.53471 0.7092 56
  5.05 5 - 2
    4.88558 0.5 2
    5.05 0.5 0
  5.056 3 + 1
    0.591009 1 56
  5.102 9 - 2
    4.31253 0.5 5
    5.102 0.5 0
  5.161 7 + 2
    4.4009 0.5 4
    5.161 0.5 0
  5.1979 25 + 1
    0.732909 1 56
  5.228 1 - 2
    5.06358 0.5 2
    5.228 0.5 0
  5.273 5 - 2
    5.10858 0.5 2
    5.273 0.5 0
  5.2969 3 + 1
    0.831909 1 56
  5.314 5 - 2
    5.14958 0.5 2
    5.314 0.5 0
  5.369 3 + 2
    5.20458 0.5 2
    5.369 0.5 0
  5.4017 7 - 1
    0.401999 1 65
  5.416 1 + 2
    4.91864 0.5 3
    5.31801 0.5 1
  5.452 9 - 2
    4.66253 0.5 5
    5.452 0.5 0
  5.48 5 + 2
    4.98264 0.5 3
    5.38201 0.5 1
  5.5081 3 - 1
    0.310201 1 70
  5.533 11 + 2
    4.4274 0.5 10
    4.5313 0.5 8
  5.57 7 - 2
    5.07264 0.5 3
    5.47201 0.5 1
  5.606 5 + 2
    5.10864 0.5 3
    5.50801 0.5 1
  5.657 3 - 2
    5.15964 0.5 3
    5.55901 0.5 1
  5.695 1 + 2
    5.19764 0.5 3
    5.59701 0.5 1
  5.715 9 - 1
    1.25001 1 56
  5.741 7 + 2
    4.9809 0.5 4
    5.741 0.5 0
  5.8 5 - 2
    5.63558 0.5 2
    5.8 0.5 0
  5.829 3 + 1
    0.6311 1 70
  5.841 1 - 2
    5.67658 0.5 2
    5.841 0.5 0
  5.879 5 + 2
    5.38164 0.5 3
    5.78101 0.5 1
  5.919 3 - 1
    1.265 1 59
  5.923 7 + 2
    5.1629 0.5 4
    5.923 0.5 0
  5.95 9 - 2
    5.16053 0.5 5
    5.95 0.5 0
  5.994 11 + 2
    4.8884 0.5 10
    4.9923 0.5 8
  6.03 5 - 2
    5.86558 0.5 2
    6.03 0.5 0
  6.081 3 + 2
    5.91658 0.5 2
    6.081 0.5 0
  6.136 1 - 2
    5.97158 0.5 2
    6.136 0.5 0
  6.1487 7 + 1
    0.950801 1 70
  6.197 5 - 2
    6.03258 0.5 2
    6.197 0.5 0
  6.239 3 + 2
    6.07458 0.5 2
    6.239 0.5 0
  6.273 1 - 2
    6.10858 0.5 2
    6.273 0.5 0
  6.322 7 + 2
    5.5619 0.5 4
    6.322 0.5 0
  6.3755 9 - 2
    0.867399 0.2366 80
    1.1776 0.7634 70
  6.387 5 + 2
    5.88964 0.5 3
    6.28901 0.5 1
  6.485 3 - 2
    5.98764 0.5 3
    6.38701 0.5 1
  6.9314 7 + 1
    1.7335 1 70
  7.6975 5 - 1
    1.322 1 104

33 70 69
  0 8 + 0
  0.032008 4 + 1
    0.032008 1 0
  0.08149 2 + 1
    0.049482 1 1
  0.16674 6 + 2
    0.134732 0.8301 1
    0.16674 0.1699 0
  0.20118 4 + 2
    0.11969 0.3344 2
    0.169172 0.6656 1
  0.2347 2 + 2
    0.15321 0.1085 2
    0.202692 0.8915 1
  0.32561 4 + 4
    0.09091 0.031631 5
    0.15887 0.040041 3
    0.24412 0.772123 2
    0.293602 0.156205 1
  0.3286 2 + 4
    0.0939 0.0224 5
    0.12742 0.5191 4
    0.24711 0.2042 2
    0.296592 0.2543 1
  0.3446 0 + 3
    0.1099 0.032791 5
    0.26311 0.882135 2
    0.312592 0.085073 1
  0.38329 4 - 4
    0.14859 0.133207 5
    0.18211 0.015441 4
    0.3018 0.768438 2
    0.351282 0.082914 1
  0.390193 6 + 2
    0.223453 0.7528 3
    0.390193 0.2472 0
  0.42529 0 + 2
    0.19059 0.093591 5
    0.3438 0.906409 2
  0.45812 2 + 5
    0.11352 0.04881 8
    0.13251 0.077181 6
    0.22342 0.0265 5
    0.37663 0.190602 2
    0.426112 0.656907 1
  0.485324 8 - 3
    0.095131 0.00637 10
    0.318584 0.534616 3
    0.485324 0.459014 0
  0.50882 6 + 2
    0.34208 0.3011 3
    0.476812 0.6989 1
  0.53996 4 + 1
    0.45847 1 2
  0.56652 10 - 1
    0.081196 1 13
  0.57191 4 + 3
    0.37073 0.1436 4
    0.49042 0.1392 2
    0.539902 0.7172 1
  0.58156 2 + 4
    0.25595 0.300297 6
    0.38038 0.426796 4
    0.50007 0.204698 2
    0.549552 0.068209 1
  0.59248 2 + 4
    0.26388 0.056891 7
    0.35778 0.119701 5
    0.3913 0.195002 4
    0.560472 0.628406 1
  0.62525 8 + 3
    0.235057 0.349989 10
    0.45851 0.099227 3
    0.62525 0.550783 0
  0.64178 6 + 1
    0.4406 1 4
  0.68393 0 - 3
    0.35832 0.3445 6
    0.44923 0.6302 5
    0.48275 0.0253 4
  0.6881 8 + 3
    0.297907 0.059872 10
    0.48692 0.194006 4
    0.48692 0.746122 4
  0.69885 6 - 1
    0.31556 1 9
  0.72186 6 - 4
    0.52068 0.045638 4
    0.55512 0.164293 3
    0.64037 0.333787 2
    0.689852 0.456282 1
  0.77227 6 - 2
    0.286946 0.2664 13
    0.38898 0.7336 9
  0.77894 8 - 2
    0.08009 0.027081 24
    0.293616 0.972919 13
  0.81543 6 + 3
    0.27547 0.112211 15
    0.61425 0.380538 4
    0.783422 0.507251 1
  0.86891 12 - 1
    0.30239 1 16
  0.88776 14 - 1
    0.32124 1 16
  0.89043 2 + 4
    0.54583 0.454632 8
    0.56183 0.254518 7
    0.56482 0.222716 6
    0.858422 0.068135 1
  0.89827 10 - 1
    0.33175 1 16
  0.92811 2 + 3
    0.6025 0.658 6
    0.76137 0.1579 3
    0.896102 0.1841 1
  0.93316 8 + 2
    0.03489 0.318 32
    0.06425 0.682 29
  0.93893 8 - 4
    0.16666 0.406041 26
    0.24008 0.148215 24
    0.37241 0.223022 16
    0.55564 0.222722 9
  0.94476 4 + 4
    0.554567 0.2191 10
    0.71006 0.1642 5
    0.77802 0.2518 3
    0.86327 0.3649 2
  0.95023 0 - 1
    0.62163 1 7
  0.96692 10 - 1
    0.576727 1 10
  0.98776 6 + 2
    0.66215 0.7753 6
    0.90627 0.2247 2
  1.00358 2 + 4
    0.57829 0.290771 11
    0.65898 0.290671 8
    0.67498 0.255774 7
    0.67797 0.162784 6
  1.0263 4 + 3
    0.25403 0.4106 26
    0.32745 0.2786 24
    0.94481 0.3108 2
  1.04587 12 + 1
    0.47935 1 16
  1.08071 4 + 3
    0.690512 0.070028 10
    0.879525 0.429987 4
    0.999215 0.499985 2
  1.11503 2 - 2
    0.65691 0.5 12
    0.78942 0.5 6
  1.4543 4 - 2
    0.40843 0.3243 42
    0.56654 0.6757 30
  1.6511 2 + 3
    1.3225 0.4292 7
    1.56961 0.3562 2
    1.61909 0.2146 1
  1.67611 16 + 3
    0.22181 0.066072 45
    0.74295 0.107803 34
    0.78835 0.826125 30
  1.75221 18 + 1
    0.0761 1 47
  1.7749 16 - 1
    0.90599 1 29
  1.8094 4 - 1
    0.05719 1 48
  2.4675 6 - 1
    0.79139 1 47
  2.5799 20 + 2
    0.82769 0.4506 48
    0.90379 0.5494 47
  2.7329 22 + 1
    0.98069 1 48
  2.8889 20 - 1
    1.114 1 49
  3.1299 4 - 1
    0.397 1 53
  3.2727 6 - 2
    0.6928 0.4444 52
    0.8052 0.5556 51
  3.3449 4 - 2
    0.215 0.2727 55
    0.612 0.7273 53
  3.5139 22 - 1
    0.625 1 54
  3.6919 24 + 1
    1.112 1 52
  4.0229 10 - 1
    0.893 1 55
  4.0756 6 - 1
    1.3427 1 53
  4.2049 24 - 1
    1.316 1 54
  4.7879 26 - 1
    1.274 1 58
  4.9019 28 + 1
    1.21 1 59
  5.5917 30 + 1
    1.5161 1 61
  5.68 28 - 1
    1.4751 1 62
  7.2057 34 + 1
    1.614 1 65
  8.9417 38 + 1
    1.736 1 67

33 71 141
  0 5 - 0
  0.1435 1 - 1
    0.1435 1 0
  0.14744 3 - 1
    0.14744 1 0
  0.50618 3 - 2
    0.35874 0.7874 2
    0.36268 0.2126 1
  0.82864 3 - 2
    0.6812 0.914909 2
    0.68514 0.085091 1
  0.87029 5 - 3
    0.72285 0.2821 2
    0.72679 0.0127 1
    0.87029 0.7052 0
  0.92455 7 - 2
    0.77711 0.068053 2
    0.92455 0.931947 0
  0.97788 5 - 3
    0.83044 0.859091 2
    0.83438 0.03351 1
    0.97788 0.107399 0
  0.99056 3 + 4
    0.48438 0.224998 3
    0.84312 0.449796 2
    0.84706 0.242898 1
    0.99056 0.082309 0
  1.00031 9 + 1
    1.00031 1 0
  1.007 3 - 2
    0.50082 0.5 3
    0.85956 0.5 2
  1.12913 3 + 1
    0.98169 1 2
  1.24261 5 - 3
    1.09517 0.533927 2
    1.09911 0.074754 1
    1.24261 0.39132 0
  1.24532 5 - 1
    1.09788 1 2
  1.264 5 - 2
    1.1205 0.5 1
    1.264 0.5 0
  1.28479 1 + 1
    1.13735 1 2
  1.33954 9 - 1
    1.33954 1 0
  1.39465 9 - 2
    0.4701 0.086046 6
    1.39465 0.913954 0
  1.41272 1 - 2
    1.26528 0.8065 2
    1.26922 0.1935 1
  1.44312 3 - 4
    0.93694 0.541784 3
    1.29568 0.288191 2
    1.29962 0.043329 1
    1.44312 0.126696 0
  1.46308 5 - 4
    0.9569 0.2602 3
    1.31564 0.3378 2
    1.31958 0.1655 1
    1.46308 0.2365 0
  1.47122 3 - 1
    1.32378 1 2
  1.488 3 - 1
    0.98182 1 3
  1.534 1 + 1
    1.38656 1 2
  1.609 1 - 2
    1.4655 0.5 1
    1.609 0.5 0
  1.61567 7 - 1
    1.46823 1 2
  1.71433 13 + 1
    0.71402 1 9
  1.72859 7 - 3
    0.48327 0.2086 13
    1.58115 0.1964 2
    1.72859 0.595 0
  1.75172 5 - 4
    0.77384 0.1384 7
    1.60428 0.6289 2
    1.60822 0.1258 1
    1.75172 0.1069 0
  1.7592 7 - 1
    0.51388 1 13
  1.79821 9 - 2
    0.55289 0.32 13
    0.87366 0.68 6
  1.81654 7 - 1
    0.68741 1 11
  1.90436 11 + 1
    0.90405 1 9
  1.974 11 + 2
    0.57935 0.5 17
    0.63446 0.5 16
  1.98156 7 + 3
    1.00368 0.2075 7
    1.83412 0.5963 2
    1.98156 0.1962 0
  2.0618 9 - 2
    0.3026 0.383 29
    0.33321 0.617 27
  2.10009 15 + 1
    1.12221 1 7
  2.11085 11 - 4
    0.31264 0.082055 30
    0.7162 0.16349 17
    1.11054 0.273884 9
    1.1863 0.480571 6
  2.166 5 + 2
    1.65982 0.5 3
    2.01856 0.5 2
  2.305 7 + 2
    1.43471 0.5 5
    2.305 0.5 0
  2.36 1 + 2
    1.85382 0.5 3
    2.21256 0.5 2
  2.36993 5 + 2
    1.44538 0.7407 6
    1.49964 0.2593 5
  2.4162 13 + 3
    0.51184 0.5717 32
    0.70187 0.2856 26
    1.41589 0.1427 9
  2.42286 11 - 1
    0.361055 1 35
  2.42921 3 + 6
    1.1866 0.336686 12
    1.50466 0.232291 6
    1.55892 0.074067 5
    2.28177 0.188592 2
    2.28571 0.063967 1
    2.42921 0.104396 0
  2.46987 13 - 2
    0.67166 0.2649 30
    1.07522 0.7351 17
  2.488 7 + 2
    1.61771 0.5 5
    2.488 0.5 0
  2.50691 1 + 4
    1.52903 0.213985 7
    1.63662 0.069765 5
    2.35947 0.465067 2
    2.50691 0.251182 0
  2.526 5 + 2
    2.01982 0.5 3
    2.37856 0.5 2
  2.657 3 + 2
    2.5135 0.5 1
    2.657 0.5 0
  2.68924 17 + 1
    0.97491 1 26
  2.7486 13 + 1
    0.84424 1 32
  2.79325 15 + 2
    0.88889 0.1305 32
    1.07892 0.8695 26
  2.803 1 + 2
    2.29682 0.5 3
    2.65556 0.5 2
  2.82 13 - 2
    0.397145 0.7816 43
    0.7582 0.2184 35
  2.892 1 + 2
    2.38582 0.5 3
    2.74456 0.5 2
  2.92092 15 - 3
    0.45105 0.278972 45
    0.81007 0.309569 37
    1.20659 0.411459 26
  2.947 5 + 2
    2.44082 0.5 3
    2.79956 0.5 2
  2.9893 7 + 1
    0.30006 1 50
  3.119 3 + 2
    2.9755 0.5 1
    3.119 0.5 0
  3.17264 5 + 6
    1.70142 0.100789 21
    1.72952 0.259671 19
    1.75992 0.387557 18
    1.93003 0.120187 12
    3.0252 0.031007 2
    3.17264 0.100789 0
  3.2374 17 + 1
    0.8212 1 42
  3.26 3 + 2
    3.1165 0.5 1
    3.26 0.5 0
  3.2625 15 - 2
    0.4425 0.7249 54
    0.839645 0.2751 43
  3.29039 17 - 2
    0.36947 0.060291 56
    0.82052 0.939709 45
  3.303 7 + 2
    2.43271 0.5 5
    3.303 0.5 0
  3.394 5 + 2
    2.88782 0.5 3
    3.24656 0.5 2
  3.506 9 + 2
    2.50569 0.5 9
    2.58145 0.5 6
  3.602 17 + 1
    0.80875 1 52
  3.626 3 - 2
    3.11982 0.5 3
    3.47856 0.5 2
  3.7383 17 - 2
    0.4758 0.7095 63
    0.9183 0.2905 54
  3.78932 21 + 1
    1.10008 1 50
  3.855 7 - 2
    3.34882 0.5 3
    3.70756 0.5 2
  3.91691 19 - 4
    0.62652 0.139 64
    0.67951 0.1222 61
    0.99599 0.5555 56
    1.22767 0.1833 50
  3.925 1 + 2
    3.41882 0.5 3
    3.77756 0.5 2
  4.0703 5 + 1
    0.28098 1 71
  4.1883 3 - 1
    1.39505 1 52
  4.2325 19 - 2
    0.4942 0.5028 70
    0.97 0.4972 63
  4.2338 21 - 1
    0.94341 1 64
  4.3721 21 - 1
    0.45519 1 73
  4.4174 19 + 1
    1.72816 1 50
  4.4635 19 + 2
    0.8615 0.3333 68
    1.77426 0.6667 50
  4.764 21 + 3
    0.3005 0.5 81
    0.3466 0.335 80
    0.97468 0.165 71
  4.7741 21 - 2
    0.5416 0.5467 77
    1.0358 0.4533 70
  5.0221 25 + 1
    1.23278 1 71
  5.0738 23 - 1
    1.15689 1 73
  5.3585 23 - 2
    0.5844 0.1737 83
    1.126 0.8263 77
  5.3709 25 - 1
    1.1371 1 78
  5.8231 23 - 1
    1.0591 1 82
  5.9065 5 + 1
    1.1425 1 82
  5.982 3 + 2
    5.8385 0.5 1
    5.982 0.5 0
  6.015 7 + 2
    5.14471 0.5 5
    6.015 0.5 0
  6.15 5 + 2
    5.64382 0.5 3
    6.00256 0.5 2
  6.27 3 + 2
    6.1265 0.5 1
    6.27 0.5 0
  6.3605 29 + 1
    1.3384 1 84
  6.393 5 - 2
    6.2495 0.5 1
    6.393 0.5 0
  6.479 7 - 2
    5.97282 0.5 3
    6.33156 0.5 2
  6.506 3 + 2
    6.3625 0.5 1
    6.506 0.5 0
  6.546 9 - 2
    5.67571 0.5 5
    6.546 0.5 0
  6.587 5 + 2
    6.08082 0.5 3
    6.43956 0.5 2
  6.606 3 - 2
    6.09982 0.5 3
    6.45856 0.5 2
  6.6207 7 + 19
    3.6737 0.041572 57
    3.9637 0.043882 49
    4.1327 0.009238 46
    4.2607 0.043882 40
    4.6467 0.023091 33
    5.0117 0.057743 24
    5.0867 0.025401 23
    5.1327 0.071593 22
    5.15762 0.009238 20
    5.20798 0.064673 18
    5.37809 0.043882 12
    5.6137 0.055433 10
    5.63014 0.076214 8
    5.69615 0.034642 6
    5.75041 0.050812 5
    5.79206 0.050812 4
    6.11452 0.057743 3
    6.4772 0.230911 1
    6.6207 0.009238 0
  6.669 1 - 2
    6.5255 0.5 1
    6.669 0.5 0
  6.6723 29 - 1
    1.3014 1 87
  6.762 5 + 2
    6.25582 0.5 3
    6.61456 0.5 2
  6.824 3 + 2
    6.6805 0.5 1
    6.824 0.5 0
  6.867 7 - 2
    6.36082 0.5 3
    6.71956 0.5 2
  6.889 5 + 2
    6.38282 0.5 3
    6.74156 0.5 2
  6.922 9 - 2
    6.05171 0.5 5
    6.922 0.5 0
  6.984 3 + 2
    6.8405 0.5 1
    6.984 0.5 0
  7 1 - 2
    6.8565 0.5 1
    7 0.5 0
  7.0183 7 + 19
    4.0713 0.048531 57
    4.3613 0.041591 49
    4.5303 0.0104 46
    4.6583 0.041591 40
    5.0443 0.034661 33
    5.4093 0.057192 24
    5.4843 0.0104 23
    5.5303 0.050262 22
    5.54708 0.034661 21
    5.60558 0.051992 18
    5.77569 0.043331 12
    6.0113 0.069322 10
    6.02774 0.088393 8
    6.09375 0.046791 6
    6.14801 0.062392 5
    6.18966 0.046791 4
    6.51212 0.055462 3
    6.87086 0.173305 2
    7.0183 0.032931 0
  7.046 5 - 2
    6.9025 0.5 1
    7.046 0.5 0
  8.1143 33 - 1
    1.442 1 103
  8.199 3 + 2
    8.0555 0.5 1
    8.199 0.5 0
  8.381 1 + 2
    7.87482 0.5 3
    8.23356 0.5 2
  8.493 5 - 2
    8.3495 0.5 1
    8.493 0.5 0
  8.693 1 + 2
    8.18682 0.5 3
    8.54556 0.5 2
  8.912 1 + 2
    8.40582 0.5 3
    8.76456 0.5 2
  8.928 3 - 2
    8.42182 0.5 3
    8.78056 0.5 2
  9.049 1 + 2
    8.54282 0.5 3
    8.90156 0.5 2
  9.066 7 - 2
    8.55982 0.5 3
    8.91856 0.5 2
  9.16 1 + 2
    8.65382 0.5 3
    9.01256 0.5 2
  9.352 1 + 2
    8.84582 0.5 3
    9.20456 0.5 2
  9.524 3 - 2
    9.01782 0.5 3
    9.37656 0.5 2
  9.559 1 + 2
    9.05282 0.5 3
    9.41156 0.5 2
  9.593 5 + 2
    9.08682 0.5 3
    9.44556 0.5 2
  9.601 1 + 2
    9.09482 0.5 3
    9.45356 0.5 2
  9.617 1 + 2
    9.11082 0.5 3
    9.46956 0.5 2
  9.6844 37 - 1
    1.5701 1 113
  9.686 5 + 2
    9.17982 0.5 3
    9.53856 0.5 2
  9.766 9 - 2
    8.89571 0.5 5
    9.766 0.5 0
  9.909 1 + 2
    9.40282 0.5 3
    9.76156 0.5 2
  10.062 7 - 2
    9.55582 0.5 3
    9.91456 0.5 2
  10.485 1 + 2
    9.97882 0.5 3
    10.3376 0.5 2
  10.594 1 + 2
    10.0878 0.5 3
    10.4466 0.5 2
  10.761 3 - 2
    10.2548 0.5 3
    10.6136 0.5 2
  10.929 5 - 2
    10.7855 0.5 1
    10.929 0.5 0
  11.037 1 + 2
    10.5308 0.5 3
    10.8896 0.5 2
  11.126 1 + 2
    10.6198 0.5 3
    10.9786 0.5 2
  11.816 1 + 2
    11.3098 0.5 3
    11.6686 0.5 2

33 72 66
  0 4 - 0
  0.046025 2 + 1
    0.046025 1 0
  0.213563 6 + 2
    0.167538 0.5784 1
    0.213563 0.4216 0
  0.288473 4 + 3
    0.07491 0.094291 2
    0.242448 0.800108 1
    0.288473 0.105601 0
  0.309741 8 - 2
    0.096178 0.2998 2
    0.309741 0.7002 0
  0.31819 8 + 2
    0.104627 0.914518 2
    0.31819 0.085482 0
  0.36282 10 - 1
    0.053079 1 4
  0.38013 0 + 1
    0.334105 1 1
  0.39014 4 + 1
    0.344115 1 1
  0.4144 6 - 1
    0.4144 1 0
  0.43874 4 + 3
    0.150267 0.043843 3
    0.392715 0.310719 1
    0.43874 0.645439 0
  0.43988 6 + 3
    0.12169 0.04351 5
    0.226317 0.927991 2
    0.43988 0.0285 0
  0.48263 4 + 1
    0.436605 1 1
  0.50138 4 + 4
    0.06264 0.0141 10
    0.212907 0.3276 3
    0.455355 0.531 1
    0.50138 0.1273 0
  0.51419 0 + 2
    0.12405 0.02 8
    0.468165 0.98 1
  0.52533 6 - 2
    0.215589 0.3813 4
    0.52533 0.6187 0
  0.559 8 - 3
    0.1446 0.3157 9
    0.19618 0.0959 6
    0.559 0.5884 0
  0.56285 14 - 1
    0.20003 1 6
  0.56516 2 - 2
    0.15076 0.017739 9
    0.56516 0.982261 0
  0.576065 4 + 3
    0.137325 0.01561 10
    0.185925 0.01869 8
    0.53004 0.9657 1
  0.58642 2 + 2
    0.540395 0.108 1
    0.58642 0.892 0
  0.59355 8 - 3
    0.17915 0.241076 9
    0.23073 0.178382 6
    0.283809 0.580542 4
  0.62466 4 + 8
    0.11047 0.013849 14
    0.12328 0.294673 13
    0.14203 0.031917 12
    0.18592 0.031087 10
    0.23452 0.056885 8
    0.336187 0.270176 3
    0.578635 0.22738 1
    0.62466 0.074033 0
  0.64484 4 + 4
    0.16221 0.015611 12
    0.2547 0.026281 8
    0.598815 0.924837 1
    0.64484 0.033271 0
  0.65016 6 + 4
    0.21028 0.1127 11
    0.33197 0.2505 5
    0.361687 0.5326 3
    0.604135 0.1042 1
  0.66286 12 - 1
    0.30004 1 6
  0.67363 4 + 4
    0.097565 0.004393 19
    0.28349 0.135401 8
    0.627605 0.405203 1
    0.67363 0.455003 0
  0.70807 10 - 2
    0.34525 0.5 6
    0.398329 0.5 4
  0.71532 6 + 4
    0.30092 0.037342 9
    0.39713 0.277014 5
    0.501757 0.60153 2
    0.71532 0.084114 0
  0.72952 6 - 4
    0.17052 0.054958 16
    0.31512 0.027669 9
    0.419779 0.276392 4
    0.72952 0.640981 0
  0.7325 2 - 1
    0.7325 1 0
  0.74271 8 - 1
    0.37989 1 6
  0.74499 8 - 1
    0.38217 1 6
  0.74696 4 + 7
    0.170895 0.099789 19
    0.26433 0.01725 12
    0.35682 0.064749 8
    0.458487 0.247598 3
    0.533397 0.124899 2
    0.700935 0.398696 1
    0.74696 0.04702 0
  0.79426 6 + 2
    0.37986 0.028219 9
    0.79426 0.971781 0
  0.80027 4 - 7
    0.12664 0.063268 26
    0.21385 0.059828 20
    0.224205 0.078698 19
    0.28608 0.128196 14
    0.42014 0.062098 7
    0.754245 0.052728 1
    0.80027 0.555183 0
  0.80194 8 + 3
    0.24294 0.5562 16
    0.27661 0.2499 15
    0.38754 0.1939 9
  0.8064 6 - 5
    0.41626 0.122588 8
    0.517927 0.20098 3
    0.592837 0.484052 2
    0.760375 0.143486 1
    0.8064 0.048895 0
  0.81332 10 + 1
    0.49513 1 5
  0.81677 4 - 3
    0.25161 0.019629 18
    0.770745 0.230793 1
    0.81677 0.749577 0
  0.82825 12 + 1
    0.2654 1 17
  0.8342 12 - 2
    0.27135 0.4387 17
    0.47138 0.5613 6
  0.83766 4 + 6
    0.19282 0.108695 23
    0.261595 0.168292 19
    0.35503 0.073796 12
    0.44752 0.063647 8
    0.549187 0.334683 3
    0.791635 0.250887 1
  0.83991 10 - 3
    0.24636 0.1574 21
    0.47709 0.1631 6
    0.530169 0.6795 4
  0.84146 4 - 3
    0.40158 0.2362 11
    0.42706 0.3704 9
    0.84146 0.3934 0
  0.84379 4 - 7
    0.19363 0.019059 24
    0.19895 0.032189 23
    0.36116 0.063237 12
    0.40505 0.029969 10
    0.555317 0.116595 3
    0.797765 0.087876 1
    0.84379 0.651074 0
  0.86691 8 - 2
    0.45251 0.2648 9
    0.50409 0.7352 6
  0.98113 16 + 2
    0.15288 0.083991 40
    0.41828 0.916009 17
  1.03355 10 + 3
    0.2053 0.333333 40
    0.23161 0.333333 36
    0.71536 0.333333 5
  1.17905 14 + 1
    0.3508 1 40
  1.1911 2 - 2
    0.36285 0.5 40
    0.38916 0.5 36
  1.34633 14 - 2
    0.51213 0.6538 41
    0.78348 0.3462 17
  1.40182 18 + 1
    0.42069 1 47
  1.66564 16 - 2
    0.31931 0.1881 51
    0.83144 0.8119 41
  1.87505 20 + 2
    0.47323 0.074163 52
    0.89392 0.925837 47
  2.13379 18 - 2
    0.46815 0.4323 53
    0.78746 0.5677 51
  2.3076 22 + 2
    0.43255 0.6583 54
    0.90578 0.3417 52
  2.3264 20 - 1
    0.92458 1 52
  2.51692 20 - 2
    0.38313 0.2761 55
    0.85128 0.7239 53
  2.925 22 - 1
    0.5986 1 57
  3.0439 22 - 2
    0.52698 0.3058 58
    0.91011 0.6942 55
  3.1512 24 + 2
    0.8436 0.2188 56
    1.27615 0.7812 54
  3.4457 24 - 1
    0.92878 1 58
  3.5048 26 + 2
    0.3536 0.194 61
    1.1972 0.806 56
  4.7778 30 + 1
    1.273 1 63
  6.088 34 + 1
    1.3102 1 64

33 73 145
  0 3 - 0
  0.067039 5 - 1
    0.067039 1 0
  0.08434 1 - 1
    0.08434 1 0
  0.25399 1 - 2
    0.16965 0.028081 2
    0.25399 0.971919 0
  0.393428 3 - 3
    0.139438 0.062769 3
    0.309088 0.086139 2
    0.393428 0.851092 0
  0.427906 9 + 2
    0.360867 0.999201 1
    0.427906 0.000799 0
  0.510055 5 + 3
    0.116627 0.020661 4
    0.443016 0.156406 1
    0.510055 0.822933 0
  0.57457 1 - 3
    0.181142 0.32871 4
    0.32058 0.577917 3
    0.49023 0.093373 2
  0.577897 5 - 4
    0.184469 0.005859 4
    0.323907 0.008146 3
    0.510858 0.409498 1
    0.577897 0.576497 0
  0.628 7 + 2
    0.050103 0.5 8
    0.560961 0.5 1
  0.655469 3 - 5
    0.262041 0.090165 4
    0.401479 0.669734 3
    0.571129 0.129706 2
    0.58843 0.046812 1
    0.655469 0.063583 0
  0.674 1 - 1
    0.163945 1 6
  0.715 7 + 2
    0.137103 0.5 8
    0.647961 0.5 1
  0.769835 5 - 5
    0.191938 0.01086 8
    0.376407 0.048251 4
    0.515845 0.080362 3
    0.702796 0.32571 1
    0.769835 0.534816 0
  0.850507 5 - 4
    0.195038 0.013501 10
    0.457079 0.019991 4
    0.596517 0.016171 3
    0.850507 0.950338 0
  0.860544 7 - 4
    0.282647 0.004206 8
    0.467116 0.027558 4
    0.793505 0.370576 1
    0.860544 0.597661 0
  0.88611 1 + 4
    0.31154 0.141301 7
    0.376055 0.251003 6
    0.492682 0.542605 4
    0.63212 0.065091 3
  0.92899 9 - 1
    0.861951 1 1
  0.993766 7 - 6
    0.223931 0.021039 13
    0.415869 0.045897 8
    0.483711 0.033328 6
    0.600338 0.150089 4
    0.926727 0.333177 1
    0.993766 0.416471 0
  1.01356 1 - 1
    0.358091 1 10
  1.03713 13 + 1
    0.609224 1 5
  1.07775 3 - 5
    0.50318 0.204187 7
    0.82376 0.110993 3
    0.99341 0.077365 2
    1.01071 0.007795 1
    1.07775 0.59966 0
  1.08699 5 - 9
    0.226446 0.030188 15
    0.317155 0.062526 13
    0.431521 0.019959 10
    0.51242 0.029948 7
    0.693562 0.082225 4
    0.833 0.206788 3
    1.00265 0.249085 2
    1.01995 0.209687 1
    1.08699 0.109593 0
  1.17805 7 + 4
    0.317506 0.01788 15
    0.408215 0.01875 13
    0.600153 0.071379 8
    1.11101 0.891991 1
  1.18876 3 - 2
    0.93477 0.7576 3
    1.18876 0.2424 0
  1.2164 1 - 4
    0.355856 0.25 15
    0.64183 0.25 7
    0.788494 0.25 5
    1.14936 0.25 1
  1.21795 3 + 2
    0.33184 0.3385 16
    0.707895 0.6615 6
  1.22129 7 - 5
    0.451455 0.091037 13
    0.565821 0.030339 10
    0.643393 0.090937 8
    0.827862 0.030309 4
    1.15425 0.757377 1
  1.27514 7 + 4
    0.765085 0.567289 6
    0.847234 0.357293 5
    1.2081 0.045359 1
    1.27514 0.030059 0
  1.29309 11 + 2
    0.25596 0.01878 20
    0.865184 0.98122 5
  1.29636 7 + 4
    0.302594 0.043901 18
    0.786305 0.729915 6
    0.868454 0.189704 5
    1.22932 0.036481 1
  1.29935 3 + 5
    0.643881 0.10289 10
    0.72478 0.411559 7
    1.04536 0.10289 3
    1.21501 0.164584 2
    1.23231 0.218078 1
  1.3022 5 - 6
    0.441656 0.085136 15
    0.646731 0.007503 10
    0.724303 0.114995 8
    0.792145 0.132494 6
    0.908772 0.159993 4
    1.3022 0.499878 0
  1.32419 5 + 3
    0.814135 0.3293 6
    0.930762 0.2592 4
    1.32419 0.4115 0
  1.32889 7 + 2
    0.818835 0.2145 6
    0.900984 0.7855 5
  1.34451 7 - 8
    0.350744 0.098797 18
    0.483966 0.032869 15
    0.574675 0.113197 13
    0.689041 0.178895 10
    0.766613 0.153195 8
    0.951082 0.025539 4
    1.27747 0.364689 1
    1.34451 0.032819 0
  1.4009 7 + 1
    0.972994 1 5
  1.48946 5 + 1
    0.979405 1 6
  1.544 9 + 2
    1.03395 0.5 6
    1.11609 0.5 5
  1.55728 3 + 3
    0.47953 0.1706 21
    0.696736 0.5882 15
    0.787445 0.2412 13
  1.58872 9 + 3
    1.01082 0.2153 8
    1.33473 0.4785 3
    1.52168 0.3062 1
  1.5921 3 - 1
    0.936631 1 10
  1.61276 11 + 2
    1.1027 0.218778 6
    1.54572 0.781222 1
  1.6497 5 + 1
    1.56536 1 2
  1.65813 3 + 2
    0.48008 0.6897 23
    0.797586 0.3103 15
  1.69 9 + 2
    1.17995 0.5 6
    1.26209 0.5 5
  1.706 11 - 2
    0.845456 0.5 15
    1.27809 0.5 5
  1.7157 5 + 2
    1.32227 0.5 4
    1.7157 0.5 0
  1.755 3 - 2
    1.36157 0.5 4
    1.755 0.5 0
  1.76155 13 + 3
    0.46846 0.2944 29
    0.72442 0.2157 20
    1.33364 0.4899 5
  1.7965 9 - 1
    1.71216 1 2
  1.836 5 + 2
    1.44257 0.5 4
    1.836 0.5 0
  1.85059 9 + 5
    0.5575 0.129787 29
    0.57545 0.353465 28
    0.81346 0.021198 20
    1.34054 0.167083 6
    1.42268 0.328467 5
  1.8611 3 - 2
    1.46767 0.5 4
    1.8611 0.5 0
  1.87674 1 - 1
    1.48331 1 4
  1.9037 5 + 2
    1.13386 0.3175 13
    1.2297 0.6825 11
  1.91013 3 - 2
    0.873 0.6289 20
    1.48222 0.3711 5
  1.94984 17 + 1
    0.91271 1 20
  1.96223 15 - 2
    0.87524 0.5349 22
    1.45217 0.4651 6
  1.97299 5 + 3
    1.719 0.485449 3
    1.88865 0.271827 2
    1.90595 0.242724 1
  1.97541 1 - 3
    0.67905 0.20228 30
    0.70027 0.470353 28
    1.5475 0.327367 5
  1.97755 3 + 1
    1.58412 1 4
  1.981 11 - 2
    1.12046 0.5 15
    1.55309 0.5 5
  1.9825 5 - 4
    1.32703 0.2075 10
    1.58907 0.2656 4
    1.89816 0.112 2
    1.9825 0.4149 0
  2.032 1 + 2
    1.63857 0.5 4
    2.032 0.5 0
  2.03934 13 - 1
    1.11035 1 17
  2.06786 15 + 2
    0.77477 0.1804 29
    1.03073 0.8196 20
  2.096 3 + 2
    2.01166 0.5 2
    2.02896 0.5 1
  2.125 7 - 2
    1.73157 0.5 4
    2.125 0.5 0
  2.136 5 + 2
    1.74257 0.5 4
    2.136 0.5 0
  2.18066 3 - 4
    0.8843 0.3559 30
    1.00261 0.1281 23
    1.67061 0.1601 6
    1.75275 0.3559 5
  2.21159 9 + 4
    1.1246 0.502525 22
    1.13384 0.321616 21
    2.12725 0.070354 2
    2.14455 0.105505 1
  2.239 7 - 2
    1.84557 0.5 4
    2.239 0.5 0
  2.31163 5 + 6
    0.98274 0.216496 34
    1.01527 0.340393 30
    1.03649 0.092918 28
    1.31786 0.037099 18
    1.80158 0.122498 6
    1.88372 0.190596 5
  2.377 3 - 2
    1.98357 0.5 4
    2.377 0.5 0
  2.386 1 + 2
    1.99257 0.5 4
    2.386 0.5 0
  2.4154 7 - 1
    1.12231 1 29
  2.436 5 + 2
    2.04257 0.5 4
    2.436 0.5 0
  2.461 3 - 2
    2.06757 0.5 4
    2.461 0.5 0
  2.47549 9 + 2
    0.43615 0.218778 65
    0.81736 0.781222 44
  2.48287 11 - 3
    1.15398 0.5556 34
    1.97282 0.1111 6
    2.05496 0.3333 5
  2.48478 3 - 6
    1.40703 0.126496 21
    1.91021 0.149396 7
    1.97473 0.383088 6
    2.09135 0.168595 4
    2.40044 0.065128 2
    2.48478 0.107297 0
  2.552 5 + 2
    2.15857 0.5 4
    2.552 0.5 0
  2.58409 1 + 4
    1.30895 0.25 28
    1.40604 0.125 23
    2.15618 0.3125 5
    2.51705 0.3125 1
  2.605 1 + 2
    2.21157 0.5 4
    2.605 0.5 0
  2.6227 7 - 1
    0.55484 1 66
  2.633 5 - 2
    2.54866 0.5 2
    2.56596 0.5 1
  2.716 3 + 2
    2.63166 0.5 2
    2.64896 0.5 1
  2.738 9 - 2
    2.1601 0.5 8
    2.67096 0.5 1
  2.823 7 + 2
    2.2451 0.5 8
    2.75596 0.5 1
  2.8478 17 - 1
    0.80846 1 65
  2.903 5 + 2
    2.50957 0.5 4
    2.903 0.5 0
  2.931 3 - 2
    2.53757 0.5 4
    2.931 0.5 0
  2.965 21 + 1
    1.01516 1 57
  3.003 7 - 2
    2.60957 0.5 4
    3.003 0.5 0
  3.0504 5 + 1
    1.10056 1 57
  3.087 1 - 2
    3.00266 0.5 2
    3.01996 0.5 1
  3.157 1 + 2
    2.76357 0.5 4
    3.157 0.5 0
  3.203 3 - 2
    2.80957 0.5 4
    3.203 0.5 0
  3.257 9 + 2
    2.74695 0.5 6
    2.82909 0.5 5
  3.2944 5 - 1
    1.22654 1 66
  3.393 1 + 2
    2.99957 0.5 4
    3.393 0.5 0
  3.532 7 - 2
    3.13857 0.5 4
    3.532 0.5 0
  3.61 3 + 2
    3.52566 0.5 2
    3.54296 0.5 1
  3.666 5 - 2
    3.58166 0.5 2
    3.59896 0.5 1
  3.724 11 + 2
    3.009 0.5 12
    3.096 0.5 9
  3.791 3 - 2
    3.39757 0.5 4
    3.791 0.5 0
  3.88 7 + 2
    3.3021 0.5 8
    3.81296 0.5 1
  3.994 9 - 2
    3.4161 0.5 8
    3.92696 0.5 1
  4.0829 5 + 1
    1.1179 1 93
  4.267 3 - 2
    3.87357 0.5 4
    4.267 0.5 0
  4.47 7 + 2
    3.8921 0.5 8
    4.40296 0.5 1
  4.518 5 - 2
    4.43366 0.5 2
    4.45096 0.5 1
  4.6 3 + 2
    4.51566 0.5 2
    4.53296 0.5 1
  4.65 1 + 2
    4.25657 0.5 4
    4.65 0.5 0
  4.712 9 - 2
    4.1341 0.5 8
    4.64496 0.5 1
  4.78 5 - 2
    4.69566 0.5 2
    4.71296 0.5 1
  4.86 7 + 2
    4.2821 0.5 8
    4.79296 0.5 1
  4.9 3 - 2
    4.50657 0.5 4
    4.9 0.5 0
  4.952 11 + 2
    4.237 0.5 12
    4.324 0.5 9
  5.01 5 - 2
    4.92566 0.5 2
    4.94296 0.5 1
  5.07 7 + 2
    4.4921 0.5 8
    5.00296 0.5 1
  5.19 3 - 2
    4.79657 0.5 4
    5.19 0.5 0
  5.278 1 + 2
    4.88457 0.5 4
    5.278 0.5 0
  7.8614 9 - 14
    5.88599 0.066089 60
    6.0003 0.01147 53
    6.2693 0.114699 41
    6.56205 0.086049 31
    6.645 0.02754 25
    7.01089 0.03212 14
    7.09156 0.063099 13
    7.20593 0.099819 10
    7.2835 0.083749 8
    7.46797 0.092929 4
    7.60741 0.04933 3
    7.77706 0.073429 2
    7.79436 0.094079 1
    7.8614 0.105599 0
  8.988 5 + 2
    8.59457 0.5 4
    8.988 0.5 0
  9.034 3 - 2
    8.64057 0.5 4
    9.034 0.5 0
  9.34 3 - 2
    8.94657 0.5 4
    9.34 0.5 0
  9.364 7 + 2
    8.7861 0.5 8
    9.29696 0.5 1
  9.478 5 + 2
    9.08457 0.5 4
    9.478 0.5 0
  9.532 1 - 2
    9.44766 0.5 2
    9.46496 0.5 1
  9.634 9 + 2
    9.12395 0.5 6
    9.20609 0.5 5
  9.685 7 - 2
    9.29157 0.5 4
    9.685 0.5 0
  9.764 5 + 2
    9.37057 0.5 4
    9.764 0.5 0
  9.818 11 - 2
    8.95746 0.5 15
    9.3901 0.5 5
  9.858 3 + 2
    9.77366 0.5 2
    9.79096 0.5 1
  9.887 1 - 2
    9.80266 0.5 2
    9.81996 0.5 1
  10.016 3 - 2
    9.62257 0.5 4
    10.016 0.5 0
  10.084 5 + 2
    9.69057 0.5 4
    10.084 0.5 0
  10.134 7 + 2
    9.5561 0.5 8
    10.067 0.5 1
  10.203 9 - 2
    9.6251 0.5 8
    10.136 0.5 1
  10.262 5 + 2
    9.86857 0.5 4
    10.262 0.5 0
  10.583 1 + 2
    10.1896 0.5 4
    10.583 0.5 0
  10.612 5 + 2
    10.2186 0.5 4
    10.612 0.5 0
  10.681 1 + 2
    10.2876 0.5 4
    10.681 0.5 0

33 74 94
  0 4 - 0
  0.173135 2 - 1
    0.173135 1 0
  0.183055 6 - 1
    0.183055 1 0
  0.20213 4 - 1
    0.20213 1 0
  0.206558 2 + 2
    0.033423 5.7e-05 1
    0.206558 0.999943 0
  0.259187 8 + 1
    0.076132 1 2
  0.267435 6 - 3
    0.065305 0.028171 3
    0.08438 0.018401 2
    0.267435 0.953429 0
  0.271606 8 - 2
    0.088551 0.261 2
    0.271606 0.739 0
  0.278298 6 + 2
    0.019111 0.7367 5
    0.278298 0.2633 0
  0.31514 10 - 1
    0.055953 1 5
  0.332298 8 - 4
    0.060692 0.056915 7
    0.064863 0.271924 6
    0.149243 0.286626 2
    0.332298 0.384535 0
  0.33528 10 - 1
    0.063674 1 7
  0.372947 8 - 3
    0.101341 0.334 7
    0.105512 0.4359 6
    0.189892 0.2301 2
  0.385141 4 - 2
    0.212006 0.075582 1
    0.385141 0.924419 0
  0.422223 2 + 3
    0.215665 0.819378 4
    0.249088 0.170895 1
    0.422223 0.009727 0
  0.425946 4 + 5
    0.147648 0.928506 8
    0.219388 0.006461 4
    0.242891 0.002262 2
    0.252811 0.01953 1
    0.425946 0.04324 0
  0.446768 4 + 3
    0.16847 0.410029 8
    0.24021 0.525337 4
    0.446768 0.064635 0
  0.447971 6 - 2
    0.176365 0.0957 7
    0.447971 0.9043 0
  0.46533 0 + 1
    0.258772 1 4
  0.507211 6 - 6
    0.12207 0.067725 13
    0.174913 0.226416 10
    0.235605 0.324723 7
    0.239776 0.071415 6
    0.324156 0.135709 2
    0.507211 0.174012 0
  0.513757 2 + 2
    0.307199 0.092909 4
    0.513757 0.907091 0
  0.51634 12 + 1
    0.2012 1 9
  0.52725 8 - 4
    0.19197 0.117412 11
    0.194952 0.09931 10
    0.255644 0.331533 7
    0.259815 0.451745 6
  0.53366 8 - 3
    0.160713 0.087318 12
    0.262054 0.200196 7
    0.350605 0.712486 2
  0.54688 12 - 1
    0.2116 1 11
  0.552054 4 + 6
    0.273756 0.05158 8
    0.284619 0.01416 6
    0.345496 0.7454 4
    0.368999 0.05505 2
    0.378919 0.04166 1
    0.552054 0.09215 0
  0.586037 4 + 6
    0.163814 0.078781 14
    0.307739 0.351504 8
    0.318602 0.02665 6
    0.379479 0.224502 4
    0.412902 0.094561 1
    0.586037 0.224002 0
  0.59562 14 - 1
    0.07928 1 21
  0.61693 6 - 5
    0.243983 0.018749 12
    0.349495 0.129194 6
    0.4148 0.078856 3
    0.433875 0.057337 2
    0.61693 0.715864 0
  0.626378 2 - 6
    0.241237 0.37953 13
    0.358943 0.027302 6
    0.41982 0.029162 4
    0.424248 0.049464 3
    0.443323 0.109609 2
    0.626378 0.404932 0
  0.632952 4 + 3
    0.186184 0.075324 16
    0.354654 0.844542 8
    0.426394 0.080134 4
  0.650029 2 - 9
    0.136272 0.024921 20
    0.202058 0.052832 17
    0.224083 0.264908 15
    0.227806 0.172205 14
    0.264888 0.047711 13
    0.443471 0.252908 4
    0.447899 0.055382 3
    0.476894 0.055372 1
    0.650029 0.073762 0
  0.6744 8 + 1
    0.415213 1 5
  0.683 12 - 2
    0.350702 0.5 10
    0.411394 0.5 7
  0.68687 6 + 3
    0.240102 0.121912 16
    0.408572 0.121112 8
    0.427683 0.756976 5
  0.6999 14 - 1
    0.15302 1 24
  0.701364 2 + 4
    0.187607 0.1197 20
    0.279141 0.2024 14
    0.494806 0.4914 4
    0.528229 0.1865 1
  0.71571 4 + 1
    0.267739 1 17
  0.718052 4 - 3
    0.515922 0.1893 3
    0.534997 0.4505 2
    0.718052 0.3602 0
  0.71987 10 + 1
    0.460683 1 5
  0.73219 4 + 4
    0.285422 0.0426 16
    0.306244 0.886691 15
    0.453892 0.051279 8
    0.53006 0.01943 3
  0.73418 10 + 2
    0.3989 0.2303 11
    0.551125 0.7697 2
  0.743498 2 - 8
    0.11712 0.029191 29
    0.317552 0.017501 15
    0.358357 0.350214 13
    0.53694 0.041922 4
    0.541368 0.015031 3
    0.560443 0.032521 2
    0.570363 0.276111 1
    0.743498 0.237509 0
  0.7468 6 + 3
    0.300032 0.3851 16
    0.320854 0.3232 15
    0.487613 0.2917 5
  0.753459 2 + 6
    0.120507 0.026179 30
    0.327513 0.804468 15
    0.331236 0.061128 14
    0.546901 0.028879 4
    0.580324 0.045688 1
    0.753459 0.033659 0
  0.75451 4 + 4
    0.202456 0.126904 25
    0.240753 0.036071 20
    0.476212 0.447713 8
    0.547952 0.389312 4
  0.75696 8 + 1
    0.42168 1 11
  0.75884 4 - 8
    0.310869 0.08838 17
    0.373699 0.2052 13
    0.480542 0.174 8
    0.552282 0.01842 4
    0.55671 0.1065 3
    0.575785 0.1679 2
    0.585705 0.1393 1
    0.75884 0.1003 0
  0.776 0 + 2
    0.350054 0.5 15
    0.602865 0.5 1
  0.77917 4 - 6
    0.331199 0.233819 17
    0.511735 0.37023 6
    0.57704 0.029612 3
    0.596115 0.162813 2
    0.606035 0.096218 1
    0.77917 0.107309 0
  0.78194 6 + 3
    0.503642 0.358007 8
    0.522753 0.568211 5
    0.78194 0.073781 0
  0.78419 8 + 2
    0.505892 0.1453 8
    0.525003 0.8547 5
  0.79475 6 + 4
    0.409609 0.2415 13
    0.421803 0.288 12
    0.462452 0.161 10
    0.523144 0.3095 7
  0.79894 6 - 2
    0.625805 0.6137 1
    0.79894 0.3863 0
  0.80213 4 + 4
    0.288373 0.1991 20
    0.355362 0.3613 16
    0.595572 0.2775 4
    0.6 0.1621 3
  0.8196 6 - 1
    0.48432 1 11
  0.823326 2 + 6
    0.357996 0.147294 18
    0.39738 0.271489 15
    0.401103 0.107896 14
    0.616768 0.326487 4
    0.621196 0.022839 3
    0.823326 0.123995 0
  0.831 0 - 2
    0.62887 0.5 3
    0.831 0.5 0
  0.83576 4 + 3
    0.388992 0.4408 16
    0.413537 0.2776 14
    0.629202 0.2816 4
  0.83826 6 - 4
    0.570825 0.137814 6
    0.63613 0.19562 3
    0.655205 0.222222 2
    0.83826 0.444344 0
  0.845 2 - 2
    0.661945 0.5 2
    0.671865 0.5 1
  0.883 0 + 2
    0.457054 0.5 15
    0.709865 0.5 1
  0.895 10 - 2
    0.635813 0.5 5
    0.711945 0.5 2
  0.9033 8 - 1
    0.477354 1 15
  0.922 2 + 2
    0.71987 0.5 3
    0.922 0.5 0
  0.955 0 + 2
    0.529054 0.5 15
    0.781865 0.5 1
  0.958 2 - 2
    0.774945 0.5 2
    0.784865 0.5 1
  1.007 6 + 2
    0.80487 0.5 3
    1.007 0.5 0
  1.021 10 - 2
    0.761813 0.5 5
    0.837945 0.5 2
  1.052 16 + 2
    0.45638 0.5 27
    0.53566 0.5 21
  1.099 6 - 2
    0.915945 0.5 2
    0.925865 0.5 1
  1.112 18 + 1
    1.112 1 0
  1.129 6 + 1
    0.703054 1 15
  1.159 4 - 2
    0.95687 0.5 3
    1.159 0.5 0
  1.174 2 - 2
    0.990945 0.5 2
    1.00086 0.5 1
  1.207 8 + 2
    0.947813 0.5 5
    1.02395 0.5 2
  1.23 4 - 2
    1.02787 0.5 3
    1.23 0.5 0
  1.265 2 + 2
    1.06287 0.5 3
    1.265 0.5 0
  1.3 0 - 2
    1.09787 0.5 3
    1.3 0.5 0
  1.332 4 + 2
    1.14895 0.5 2
    1.15887 0.5 1
  1.372 6 - 2
    1.18895 0.5 2
    1.19887 0.5 1
  1.4 8 + 2
    1.14081 0.5 5
    1.21694 0.5 2
  1.431 2 - 2
    1.24795 0.5 2
    1.25787 0.5 1
  1.471 10 + 2
    1.1927 0.5 8
    1.19939 0.5 7
  1.53 4 - 2
    1.32787 0.5 3
    1.53 0.5 0
  1.627 6 + 2
    1.42487 0.5 3
    1.627 0.5 0
  1.676 2 - 2
    1.49294 0.5 2
    1.50286 0.5 1
  1.755 0 + 2
    1.32905 0.5 15
    1.58186 0.5 1
  1.875 4 - 2
    1.67287 0.5 3
    1.875 0.5 0
  1.913 8 + 2
    1.65381 0.5 5
    1.72995 0.5 2
  2.061 6 - 2
    1.87794 0.5 2
    1.88786 0.5 1
  2.108 18 + 1
    0.996 1 71
  2.194 2 - 2
    2.01094 0.5 2
    2.02087 0.5 1
  2.72 4 + 2
    2.53695 0.5 2
    2.54687 0.5 1

33 75 119
  0 3 - 0
  0.198606 1 - 1
    0.198606 1 0
  0.264658 3 - 2
    0.066052 0.02388 1
    0.264658 0.97612 0
  0.279543 5 - 3
    0.014885 0.002619 2
    0.080937 0.000839 1
    0.279543 0.996542 0
  0.303924 9 + 2
    0.024381 0.8018 3
    0.303924 0.1982 0
  0.400658 5 + 4
    0.096734 0.067793 4
    0.121115 0.186781 3
    0.136 0.625537 2
    0.400658 0.119888 0
  0.46875 1 - 2
    0.270144 0.014849 1
    0.46875 0.985151 0
  0.57237 5 - 4
    0.292827 0.009352 3
    0.307712 0.003794 2
    0.373764 0.064869 1
    0.57237 0.921985 0
  0.585 1 - 2
    0.305457 0.5 3
    0.386394 0.5 1
  0.61769 3 - 4
    0.338147 0.01579 3
    0.353032 0.070091 2
    0.419084 0.630713 1
    0.61769 0.283406 0
  0.82166 7 - 4
    0.24929 0.055229 7
    0.542117 0.082279 3
    0.557002 0.006003 2
    0.82166 0.856489 0
  0.8598 1 + 4
    0.459142 0.3896 5
    0.580257 0.152 3
    0.661194 0.1399 1
    0.8598 0.3185 0
  0.865 1 - 5
    0.29263 0.033481 7
    0.561076 0.042311 4
    0.585457 0.041301 3
    0.666394 0.057782 1
    0.865 0.825125 0
  0.8864 3 + 3
    0.31403 0.2293 7
    0.606857 0.6021 3
    0.621742 0.1686 2
  1.0434 7 - 2
    0.642742 0.7092 5
    0.739476 0.2908 4
  1.0633 3 - 4
    0.49093 0.101195 7
    0.783757 0.531873 3
    0.798642 0.319084 2
    1.0633 0.047848 0
  1.0745 3 - 2
    0.875894 0.065428 1
    1.0745 0.934572 0
  1.0808 5 + 2
    0.1944 0.4542 13
    0.816142 0.5458 2
  1.0963 9 - 1
    0.816757 1 3
  1.1002 1 - 2
    0.796276 0.6509 4
    1.1002 0.3491 0
  1.1267 1 + 1
    1.1267 1 0
  1.1289 3 - 2
    0.864242 0.5 2
    1.1289 0.5 0
  1.172 11 - 2
    0.59963 0.5305 7
    0.892457 0.4695 3
  1.2036 3 - 3
    0.73485 0.218407 6
    0.924057 0.077472 3
    1.2036 0.704121 0
  1.264 7 + 2
    0.69163 0.5 7
    0.984457 0.5 3
  1.3023 5 + 2
    0.2589 0.2432 14
    1.02276 0.7568 3
  1.3094 5 - 6
    0.4444 0.061416 12
    0.73703 0.130612 7
    0.908742 0.081607 5
    1.00548 0.130612 4
    1.04474 0.408037 2
    1.3094 0.187717 0
  1.3493 3 - 3
    0.88055 0.141 6
    0.948642 0.1879 5
    1.3493 0.6711 0
  1.3708 3 - 3
    0.2419 0.3916 21
    0.54914 0.1406 10
    1.3708 0.4678 0
  1.4202 5 - 4
    0.2482 0.391769 22
    1.14066 0.410967 3
    1.15554 0.073974 2
    1.4202 0.12329 0
  1.4305 3 + 4
    0.3038 0.289809 20
    1.02984 0.210906 5
    1.23189 0.068872 1
    1.4305 0.430413 0
  1.5034 3 + 5
    0.4032 0.159197 19
    0.68174 0.091058 10
    1.10274 0.090888 5
    1.30479 0.567989 1
    1.5034 0.090868 0
  1.5798 1 - 2
    1.30026 0.8929 3
    1.5798 0.1071 0
  1.595 7 + 2
    1.02263 0.5 7
    1.31546 0.5 3
  1.6064 3 - 4
    0.98871 0.088255 9
    1.13765 0.141192 6
    1.40779 0.182389 1
    1.6064 0.588165 0
  1.6546 3 + 3
    1.03691 0.2318 9
    1.08223 0.4292 7
    1.6546 0.339 0
  1.66 7 + 2
    1.08763 0.5 7
    1.38046 0.5 3
  1.6842 3 - 6
    0.5575 0.1209 20
    0.8244 0.1209 11
    1.06651 0.2198 9
    1.28354 0.1494 5
    1.40466 0.189 3
    1.6842 0.2 0
  1.6879 1 - 3
    1.07021 0.147485 9
    1.42324 0.211579 2
    1.6879 0.640936 0
  1.691 9 + 2
    1.29034 0.5 5
    1.38708 0.5 4
  1.765 7 + 2
    1.19263 0.5 7
    1.48546 0.5 3
  1.808 5 + 2
    1.54334 0.5 2
    1.808 0.5 0
  1.843 9 + 2
    1.44234 0.5 5
    1.53908 0.5 4
  1.8735 3 - 5
    1.05184 0.059425 10
    1.56958 0.171614 4
    1.59396 0.330026 3
    1.67489 0.300324 1
    1.8735 0.138611 0
  1.9009 5 + 3
    1.59698 0.3113 4
    1.62136 0.2996 3
    1.9009 0.3891 0
  1.9092 1 + 2
    1.62966 0.4012 3
    1.64454 0.5988 2
  1.928 7 + 2
    1.35563 0.5 7
    1.64846 0.5 3
  1.942 11 + 2
    0.678 0.5 24
    0.8457 0.5 18
  1.9878 1 + 4
    0.2999 0.1078 38
    1.51905 0.4902 6
    1.72314 0.1716 2
    1.9878 0.2304 0
  2.001 5 + 6
    0.9377 0.100904 15
    1.1146 0.109604 13
    1.17934 0.078953 10
    1.60034 0.092114 5
    1.73634 0.179807 2
    2.001 0.438618 0
  2.0097 7 + 4
    0.9134 0.079426 18
    1.54095 0.259921 6
    1.70578 0.299624 4
    2.0097 0.361029 0
  2.0213 9 + 3
    0.8946 0.251125 20
    1.75664 0.448445 2
    2.0213 0.30043 0
  2.061 5 + 2
    1.79634 0.5 2
    2.061 0.5 0
  2.0669 7 + 4
    0.7575 0.2793 26
    0.7646 0.2598 25
    1.76298 0.2402 4
    2.0669 0.2207 0
  2.098 13 - 2
    0.156 0.5 47
    1.0017 0.5 18
  2.1038 1 + 2
    1.244 0.5715 11
    2.1038 0.4285 0
  2.1111 3 - 4
    1.53873 0.249997 7
    1.71044 0.280297 5
    1.91249 0.378796 1
    2.1111 0.090909 0
  2.1482 5 + 2
    1.88354 0.3421 2
    2.1482 0.6579 0
  2.1598 1 + 1
    2.1598 1 0
  2.1758 1 - 2
    1.91114 0.5 2
    2.1758 0.5 0
  2.21 9 - 2
    1.63763 0.5 7
    1.93046 0.5 3
  2.2279 5 + 2
    1.96324 0.5 2
    2.2279 0.5 0
  2.2395 3 - 3
    0.366 0.1707 43
    1.3797 0.2195 11
    2.2395 0.6098 0
  2.2586 1 + 1
    2.2586 1 0
  2.296 7 - 2
    2.03134 0.5 2
    2.296 0.5 0
  2.3032 5 + 4
    1.2069 0.178982 18
    1.4434 0.280172 11
    1.48154 0.389061 10
    2.3032 0.151785 0
  2.3266 11 - 2
    0.7202 0.3103 34
    2.3266 0.6897 0
  2.3582 7 + 1
    2.3582 1 0
  2.3796 3 - 3
    0.3583 0.1394 51
    1.55794 0.3798 10
    2.3796 0.4808 0
  2.419 5 + 1
    2.419 1 0
  2.446 9 - 2
    1.87363 0.5 7
    2.16646 0.5 3
  2.485 7 + 2
    1.91263 0.5 7
    2.20546 0.5 3
  2.5034 5 - 4
    1 0.2112 31
    1.617 0.3984 13
    1.93103 0.1195 7
    2.5034 0.2709 0
  2.5081 11 + 4
    0.3599 0.1701 57
    1.3792 0.2211 21
    2.20418 0.2687 4
    2.5081 0.3401 0
  2.528 9 - 2
    1.95563 0.5 7
    2.24846 0.5 3
  2.5709 7 + 4
    1.1507 0.2491 29
    1.5275 0.2202 14
    2.26698 0.1697 4
    2.5709 0.361 0
  2.586 5 - 2
    2.30646 0.5 3
    2.38739 0.5 1
  2.6089 13 + 1
    2.6089 1 0
  2.663 7 - 2
    2.39834 0.5 2
    2.663 0.5 0
  2.683 5 + 2
    2.41834 0.5 2
    2.683 0.5 0
  2.798 9 - 2
    2.22563 0.5 7
    2.51846 0.5 3
  2.92 15 + 2
    0.822 0.5 54
    0.978 0.5 47
  2.938 5 - 2
    2.65846 0.5 3
    2.73939 0.5 1
  3.046 11 + 2
    1.782 0.5 24
    1.9497 0.5 18
  3.099 7 - 2
    2.83434 0.5 2
    3.099 0.5 0
  3.152 9 + 2
    2.75134 0.5 5
    2.84808 0.5 4
  3.222 5 - 2
    2.94246 0.5 3
    3.02339 0.5 1
  3.308 7 + 2
    2.73563 0.5 7
    3.02846 0.5 3
  3.355 3 - 2
    3.09034 0.5 2
    3.355 0.5 0
  3.414 5 + 2
    3.14934 0.5 2
    3.414 0.5 0
  3.46 17 - 2
    0.54 0.5 81
    1.362 0.5 54
  3.565 3 + 2
    3.28546 0.5 3
    3.36639 0.5 1
  3.608 7 - 2
    3.34334 0.5 2
    3.608 0.5 0
  3.716 9 + 2
    3.31534 0.5 5
    3.41208 0.5 4
  3.778 5 - 2
    3.49846 0.5 3
    3.57939 0.5 1
  3.869 11 + 2
    2.605 0.5 24
    2.7727 0.5 18
  3.906 3 - 2
    3.64134 0.5 2
    3.906 0.5 0
  7.646 1 + 16
    5.06 0.013661 76
    5.4181 0.027322 61
    5.4702 0.02459 59
    5.548 0.049174 54
    5.5791 0.013661 53
    5.7725 0.068318 43
    5.803 0.002732 42
    6.0396 0.032792 34
    6.1426 0.032792 31
    6.2155 0.193988 30
    6.2967 0.02459 27
    6.382 0.038262 24
    6.4424 0.057379 23
    6.5171 0.185783 21
    6.5715 0.155727 16
    7.02831 0.079231 9
  10.421 1 - 2
    10.1415 0.5 3
    10.2224 0.5 1
  10.639 9 + 2
    10.2383 0.5 5
    10.3351 0.5 4
  10.668 1 - 2
    10.3885 0.5 3
    10.4694 0.5 1
  10.999 3 - 2
    10.7343 0.5 2
    10.999 0.5 0
  11.027 3 + 2
    10.7475 0.5 3
    10.8284 0.5 1
  11.092 5 + 2
    10.8273 0.5 2
    11.092 0.5 0
  11.118 1 + 2
    10.8533 0.5 2
    11.118 0.5 0
  11.334 1 - 2
    11.0545 0.5 3
    11.1354 0.5 1
  11.57 3 - 2
    11.3053 0.5 2
    11.57 0.5 0
  11.842 5 + 2
    11.5773 0.5 2
    11.842 0.5 0
  11.871 7 - 2
    11.6063 0.5 2
    11.871 0.5 0
  11.884 7 + 2
    11.3116 0.5 7
    11.6045 0.5 3
  11.958 5 - 2
    11.6785 0.5 3
    11.7594 0.5 1
  12.108 7 + 2
    11.5356 0.5 7
    11.8285 0.5 3
  12.273 13 - 2
    10.331 0.5 47
    11.1767 0.5 18
  12.411 5 + 2
    12.1463 0.5 2
    12.411 0.5 0
  12.657 9 - 2
    12.0846 0.5 7
    12.3775 0.5 3
  12.782 3 + 2
    12.5025 0.5 3
    12.5834 0.5 1
  12.953 7 - 2
    12.6883 0.5 2
    12.953 0.5 0
  13.068 5 + 2
    12.8033 0.5 2
    13.068 0.5 0
  13.282 11 - 2
    12.4603 0.5 10
    12.9781 0.5 4

33 76 157
  0 4 - 0
  0.044425 2 + 1
    0.044425 1 0
  0.086787 2 + 1
    0.086787 1 0
  0.120258 2 + 2
    0.075833 0.2204 1
    0.120258 0.7796 0
  0.122248 2 - 1
    0.122248 1 0
  0.165048 6 - 1
    0.165048 1 0
  0.203542 2 + 3
    0.083284 0.067757 3
    0.116755 0.894755 2
    0.159117 0.037488 1
  0.211146 8 - 2
    0.046098 0.8343 5
    0.211146 0.1657 0
  0.264807 2 + 3
    0.144549 0.4893 3
    0.17802 0.3305 2
    0.220382 0.1802 1
  0.280302 4 + 1
    0.235877 1 1
  0.286017 8 - 1
    0.074871 1 7
  0.292557 4 - 2
    0.081411 0.1718 7
    0.127509 0.8282 5
  0.30046 6 + 3
    0.135412 0.654465 5
    0.256035 0.152115 1
    0.30046 0.193419 0
  0.308319 4 + 6
    0.143271 0.013219 5
    0.186071 0.055177 4
    0.188061 0.224887 3
    0.221532 0.16249 2
    0.263894 0.49947 1
    0.308319 0.044757 0
  0.328478 8 - 1
    0.117332 1 7
  0.352361 6 - 3
    0.141215 0.4463 7
    0.187313 0.1431 5
    0.352361 0.4106 0
  0.363906 2 - 5
    0.198858 0.349483 5
    0.241658 0.166292 4
    0.277119 0.047268 2
    0.319481 0.043278 1
    0.363906 0.39368 0
  0.366228 6 - 3
    0.080211 0.109889 10
    0.155082 0.692031 7
    0.20118 0.19808 5
  0.377383 6 - 1
    0.091366 1 10
  0.401833 2 + 4
    0.137026 0.141503 8
    0.281575 0.456709 3
    0.315046 0.051081 2
    0.357408 0.350707 1
  0.436802 6 - 3
    0.136342 0.601 12
    0.271754 0.2351 5
    0.436802 0.1639 0
  0.44717 4 + 4
    0.166868 0.049781 9
    0.326912 0.157703 3
    0.360383 0.267805 2
    0.402745 0.52471 1
  0.457349 6 + 3
    0.156889 0.3366 12
    0.246203 0.4919 7
    0.457349 0.1715 0
  0.4602 4 + 3
    0.256658 0.333333 6
    0.295152 0.333333 5
    0.4602 0.333333 0
  0.471 4 - 7
    0.162681 0.083976 13
    0.17054 0.014449 12
    0.178443 0.025529 11
    0.190698 0.011509 9
    0.259854 0.020379 7
    0.426575 0.273686 1
    0.471 0.570471 0
  0.479295 4 - 6
    0.101912 0.051563 18
    0.178835 0.240612 12
    0.186738 0.147907 11
    0.193278 0.167808 10
    0.268149 0.093895 7
    0.314247 0.298215 5
  0.49958 2 + 7
    0.135674 0.169083 16
    0.191261 0.041706 13
    0.234773 0.115488 8
    0.296038 0.168083 6
    0.379322 0.294071 3
    0.412793 0.161684 2
    0.49958 0.049885 0
  0.505204 4 + 5
    0.152843 0.198906 15
    0.204744 0.057822 12
    0.340156 0.476414 5
    0.418417 0.090553 2
    0.460779 0.176305 1
  0.508687 4 - 5
    0.131304 0.030227 18
    0.142459 0.143984 17
    0.180209 0.195878 14
    0.22267 0.042175 10
    0.297541 0.587735 7
  0.517579 4 + 4
    0.237277 0.060951 9
    0.395331 0.028961 4
    0.430792 0.057971 2
    0.473154 0.852117 1
  0.519608 2 - 5
    0.19113 0.107589 14
    0.239306 0.119288 9
    0.35456 0.159384 5
    0.39935 0.494951 3
    0.432821 0.118788 2
  0.544023 4 - 5
    0.180117 0.232326 16
    0.191662 0.086329 15
    0.243563 0.074778 12
    0.378975 0.497355 5
    0.544023 0.109212 0
  0.550435 4 - 4
    0.264418 0.1869 10
    0.270133 0.208 9
    0.428187 0.2595 4
    0.463648 0.3456 2
  0.5535 4 - 2
    0.245181 0.3515 13
    0.5535 0.6485 0
  0.6002 10 + 2
    0.314183 0.5 10
    0.389054 0.5 7
  0.60997 6 + 3
    0.301651 0.1254 13
    0.565545 0.7351 1
    0.60997 0.1395 0
  0.6246 2 + 2
    0.1536 0.5 24
    0.6246 0.5 0
  0.628744 2 + 3
    0.157744 0.864765 24
    0.506496 0.064687 4
    0.628744 0.070547 0
  0.637249 4 + 3
    0.200447 0.128895 20
    0.516991 0.071937 3
    0.550462 0.799168 2
  0.640122 4 - 3
    0.20332 0.060209 20
    0.517874 0.594894 4
    0.640122 0.344897 0
  0.669115 4 + 2
    0.11868 0.3518 32
    0.669115 0.6482 0
  0.681 0 + 1
    0.681 1 0
  0.686128 2 - 3
    0.142105 0.344566 31
    0.393571 0.40216 11
    0.52108 0.253275 5
  0.703248 6 - 4
    0.159225 0.3097 31
    0.198044 0.2042 27
    0.339342 0.265 16
    0.37477 0.2211 14
  0.70794 8 + 2
    0.427638 0.5 9
    0.542892 0.5 5
  0.7158 6 + 2
    0.671375 0.5 1
    0.7158 0.5 0
  0.72782 10 - 2
    0.375459 0.5 15
    0.562772 0.5 5
  0.73439 12 - 2
    0.225703 0.851 28
    0.26339 0.149 24
  0.741458 10 - 3
    0.262163 0.4733 25
    0.294288 0.2167 21
    0.461156 0.31 9
  0.7429 4 - 2
    0.225321 0.5 29
    0.7429 0.5 0
  0.744945 4 + 3
    0.343112 0.1634 19
    0.480138 0.2935 8
    0.624687 0.5431 3
  0.7518 2 - 4
    0.629552 0.290529 4
    0.665013 0.367637 2
    0.707375 0.113911 1
    0.7518 0.227923 0
  0.756574 6 + 2
    0.238995 0.8851 29
    0.354741 0.1149 19
  0.774408 6 + 3
    0.466089 0.1898 13
    0.494106 0.2975 9
    0.687621 0.5127 2
  0.785833 4 - 2
    0.384 0.3905 19
    0.582291 0.6095 6
  0.79357 4 + 3
    0.273962 0.148485 30
    0.32257 0.234777 24
    0.706783 0.616738 2
  0.802452 2 - 2
    0.297248 0.6496 27
    0.438546 0.3504 16
  0.86335 4 + 1
    0.776563 1 2
  0.893811 4 - 3
    0.394231 0.2593 26
    0.529905 0.3705 16
    0.585492 0.3702 13
  0.909125 2 + 3
    0.600806 0.1586 13
    0.644318 0.3237 8
    0.822338 0.5177 2
  0.924756 2 - 3
    0.453756 0.19698 24
    0.477586 0.256874 21
    0.880331 0.546145 1
  0.935376 4 - 3
    0.306632 0.1941 37
    0.731834 0.2826 6
    0.848589 0.5233 2
  0.93975 4 + 4
    0.194805 0.057247 50
    0.311006 0.472176 37
    0.44017 0.211889 26
    0.46875 0.258687 24
  0.9479 8 + 2
    0.667598 0.5 9
    0.782852 0.5 5
  0.958393 12 + 4
    0.224003 0.294129 47
    0.329649 0.166517 37
    0.479098 0.285429 25
    0.487393 0.253925 24
  0.9641 8 - 2
    0.752954 0.5 7
    0.9641 0.5 0
  0.97098 6 - 1
    0.97098 1 0
  0.985526 4 + 2
    0.467947 0.32 29
    0.941101 0.68 1
  1.0138 0 + 1
    0.927013 1 2
  1.02317 2 + 2
    0.978745 0.5 1
    1.02317 0.5 0
  1.0262 2 + 1
    0.861152 1 5
  1.03421 2 + 4
    0.554915 0.1789 25
    0.632377 0.351 19
    0.725891 0.2807 13
    0.989785 0.1894 1
  1.06448 4 + 5
    0.307906 0.062 52
    0.33009 0.3084 47
    0.607131 0.1235 22
    0.687097 0.1975 18
    0.942232 0.3086 4
  1.0899 8 - 2
    0.878754 0.5 7
    1.0899 0.5 0
  1.0973 8 - 2
    0.886154 0.5 7
    1.0973 0.5 0
  1.10548 0 - 2
    1.06106 0.5 1
    1.10548 0.5 0
  1.12498 10 - 2
    0.772619 0.5 15
    0.959932 0.5 5
  1.1484 8 - 2
    0.937254 0.5 7
    1.1484 0.5 0
  1.15656 6 + 2
    1.11214 0.5 1
    1.15656 0.5 0
  1.18575 0 - 2
    1.14133 0.5 1
    1.18575 0.5 0
  1.20197 10 + 2
    0.915953 0.5 10
    0.990824 0.5 7
  1.23 6 - 2
    1.06495 0.5 5
    1.10775 0.5 4
  1.2447 8 + 2
    0.964398 0.5 9
    1.07965 0.5 5
  1.2601 6 - 2
    1.09505 0.5 5
    1.13785 0.5 4
  1.26907 0 + 2
    0.988768 0.5 9
    1.14682 0.5 4
  1.30103 8 - 2
    1.08988 0.5 7
    1.30103 0.5 0
  1.30938 10 + 2
    1.02336 0.5 10
    1.09823 0.5 7
  1.31455 6 - 2
    1.1495 0.5 5
    1.1923 0.5 4
  1.32221 8 + 2
    1.04191 0.5 9
    1.15716 0.5 5
  1.34189 0 - 2
    1.29747 0.5 1
    1.34189 0.5 0
  1.35237 6 + 2
    1.30795 0.5 1
    1.35237 0.5 0
  1.35843 12 - 2
    1.07241 0.5 10
    1.14728 0.5 7
  1.3693 10 + 2
    1.08328 0.5 10
    1.15815 0.5 7
  1.38559 8 - 2
    1.17444 0.5 7
    1.38559 0.5 0
  1.39734 6 + 2
    1.35292 0.5 1
    1.39734 0.5 0
  1.404 14 - 2
    0.662542 0.5 48
    0.67618 0.5 46
  1.42232 0 + 2
    1.14202 0.5 9
    1.30007 0.5 4
  1.44384 6 - 2
    1.27879 0.5 5
    1.32159 0.5 4
  1.45087 8 + 2
    1.17057 0.5 9
    1.28582 0.5 5
  1.45889 10 - 2
    1.10653 0.5 15
    1.29384 0.5 5
  1.47365 12 + 2
    0.74583 0.5 46
    0.76571 0.5 44
  1.4777 6 - 2
    1.31265 0.5 5
    1.35545 0.5 4
  1.49435 8 + 2
    1.21405 0.5 9
    1.3293 0.5 5
  1.4989 0 - 2
    1.45447 0.5 1
    1.4989 0.5 0
  1.51218 14 + 2
    0.77779 0.5 47
    0.91198 0.5 34
  1.5202 6 - 2
    1.35515 0.5 5
    1.39795 0.5 4
  1.5248 10 + 2
    1.23878 0.5 10
    1.31365 0.5 7
  1.54174 16 - 2
    0.18331 0.5 91
    0.80735 0.5 47
  1.55045 8 + 2
    1.27015 0.5 9
    1.3854 0.5 5
  1.57134 2 - 2
    1.40629 0.5 5
    1.44909 0.5 4
  1.584 6 + 2
    1.53958 0.5 1
    1.584 0.5 0
  1.5976 12 - 2
    1.31158 0.5 10
    1.38645 0.5 7
  1.60517 2 + 2
    1.56075 0.5 1
    1.60517 0.5 0
  1.63052 6 - 2
    1.46547 0.5 5
    1.50827 0.5 4
  1.63803 8 + 2
    1.35773 0.5 9
    1.47298 0.5 5
  1.64437 0 - 2
    1.59995 0.5 1
    1.64437 0.5 0
  1.65267 10 + 2
    1.36665 0.5 10
    1.44152 0.5 7
  1.66475 4 - 2
    1.62033 0.5 1
    1.66475 0.5 0
  1.67334 2 + 2
    1.62892 0.5 1
    1.67334 0.5 0
  1.68281 6 - 2
    1.51776 0.5 5
    1.56056 0.5 4
  1.6946 8 + 2
    1.4143 0.5 9
    1.52955 0.5 5
  1.69903 4 - 2
    1.65461 0.5 1
    1.69903 0.5 0
  1.70432 6 + 2
    1.6599 0.5 1
    1.70432 0.5 0
  1.71358 2 - 2
    1.54853 0.5 5
    1.59133 0.5 4
  1.7156 10 + 2
    1.42958 0.5 10
    1.50445 0.5 7
  1.72719 4 - 2
    1.68277 0.5 1
    1.72719 0.5 0
  1.74836 0 + 2
    1.46806 0.5 9
    1.62611 0.5 4
  1.75958 8 - 2
    1.54843 0.5 7
    1.75958 0.5 0
  1.78253 6 + 2
    1.73811 0.5 1
    1.78253 0.5 0
  1.7881 2 - 2
    1.62305 0.5 5
    1.66585 0.5 4
  1.79462 4 + 2
    1.62957 0.5 5
    1.67237 0.5 4
  1.80155 6 - 2
    1.6365 0.5 5
    1.6793 0.5 4
  1.821 2 + 2
    1.77658 0.5 1
    1.821 0.5 0
  1.83 8 - 2
    1.61885 0.5 7
    1.83 0.5 0
  1.849 4 + 2
    1.68395 0.5 5
    1.72675 0.5 4
  1.872 12 - 2
    1.58598 0.5 10
    1.66085 0.5 7
  1.885 6 + 2
    1.84058 0.5 1
    1.885 0.5 0
  1.928 10 - 2
    1.57564 0.5 15
    1.76295 0.5 5
  1.96 4 + 2
    1.79495 0.5 5
    1.83775 0.5 4
  1.988 2 - 2
    1.82295 0.5 5
    1.86575 0.5 4
  2.004 0 + 2
    1.7237 0.5 9
    1.88175 0.5 4
  2.032 8 - 2
    1.82085 0.5 7
    2.032 0.5 0
  2.067 6 + 2
    2.02258 0.5 1
    2.067 0.5 0
  2.114 4 - 2
    2.06957 0.5 1
    2.114 0.5 0
  2.136 2 + 2
    2.09158 0.5 1
    2.136 0.5 0
  2.147 14 - 2
    1.40554 0.5 48
    1.41918 0.5 46
  2.206 6 + 2
    2.16158 0.5 1
    2.206 0.5 0
  2.239 4 - 2
    2.19457 0.5 1
    2.239 0.5 0
  2.272 8 + 2
    1.9917 0.5 9
    2.10695 0.5 5
  2.306 2 - 2
    2.14095 0.5 5
    2.18375 0.5 4
  2.338 10 + 2
    2.05198 0.5 10
    2.12685 0.5 7
  2.366 4 - 2
    2.32158 0.5 1
    2.366 0.5 0
  2.392 6 + 2
    2.34757 0.5 1
    2.392 0.5 0
  2.419 0 - 2
    2.37458 0.5 1
    2.419 0.5 0
  2.446 2 + 2
    2.40158 0.5 1
    2.446 0.5 0
  2.485 8 - 2
    2.27385 0.5 7
    2.485 0.5 0
  2.505 4 + 2
    2.33995 0.5 5
    2.38275 0.5 4

33 77 99
  0 3 - 0
  0.194747 3 - 1
    0.194747 1 0
  0.215484 3 - 1
    0.215484 1 0
  0.264422 5 - 1
    0.264422 1 0
  0.475443 9 + 2
    0.211021 0.970671 3
    0.475443 0.029329 0
  0.50388 1 - 1
    0.50388 1 0
  0.614487 3 - 4
    0.350065 0.009071 3
    0.399003 0.051977 2
    0.41974 0.666166 1
    0.614487 0.272786 0
  0.631815 5 + 4
    0.156372 0.021031 4
    0.367393 0.320622 3
    0.416331 0.499235 2
    0.631815 0.159111 0
  0.634405 5 + 2
    0.158962 0.112 4
    0.634405 0.888 0
  0.784725 7 - 3
    0.15032 0.02359 8
    0.520303 0.179402 3
    0.784725 0.797008 0
  0.875208 7 - 4
    0.610786 0.06734 3
    0.659724 0.03368 2
    0.680461 0.04258 1
    0.875208 0.8564 0
  0.88906 3 - 4
    0.254655 0.392112 8
    0.624638 0.33601 3
    0.673576 0.246107 2
    0.88906 0.025771 0
  1.0484 13 + 1
    0.572957 1 4
  1.052 1 - 2
    0.54812 0.5 5
    0.787578 0.5 3
  1.05874 9 - 1
    0.794318 1 3
  1.158 1 + 2
    0.963253 0.5 1
    1.158 0.5 0
  1.16498 5 - 3
    0.900558 0.6098 3
    0.970233 0.1341 1
    1.16498 0.2561 0
  1.18978 7 - 3
    0.557965 0.669 7
    0.714337 0.3009 4
    0.925358 0.0301 3
  1.20126 1 + 5
    0.326052 0.092187 10
    0.569445 0.262792 7
    0.985776 0.32879 2
    1.00651 0.045039 1
    1.20126 0.271192 0
  1.22121 11 + 1
    0.745767 1 4
  1.27996 7 + 2
    0.665473 0.02729 6
    1.27996 0.97271 0
  1.31969 7 - 7
    0.43063 0.019189 11
    0.444482 0.032288 10
    0.534965 0.002021 9
    0.685285 0.123392 8
    0.705203 0.199188 6
    1.10421 0.063356 2
    1.31969 0.560566 0
  1.34513 5 + 3
    0.469922 0.030061 10
    0.730643 0.076003 6
    1.08071 0.893936 3
  1.35023 5 - 2
    1.13475 0.5848 2
    1.15548 0.4152 1
  1.3973 5 - 1
    1.3973 1 0
  1.39856 7 + 5
    0.17735 0.071988 19
    0.20878 0.349889 17
    0.613835 0.032639 9
    0.766745 0.291691 7
    0.923117 0.253792 4
  1.45765 5 - 7
    0.26787 0.045319 17
    0.672925 0.118297 9
    0.823245 0.131096 8
    0.825835 0.009569 7
    0.843163 0.045599 6
    1.19323 0.562884 3
    1.24217 0.087237 2
  1.52832 5 + 9
    0.33854 0.25241 17
    0.63926 0.015311 11
    0.743595 0.066673 9
    0.896505 0.045942 7
    0.913833 0.137506 6
    1.05288 0.0118 4
    1.2639 0.318913 3
    1.31284 0.133905 2
    1.52832 0.017541 0
  1.53879 5 + 5
    0.2191 0.096551 21
    0.33753 0.157302 18
    0.906975 0.639406 7
    1.32331 0.01087 2
    1.53879 0.095871 0
  1.56065 5 + 6
    0.685442 0.003512 10
    0.775925 0.002091 9
    0.926245 0.0092 8
    0.928835 0.144705 7
    0.946163 0.004264 6
    1.08521 0.836228 4
  1.57373 3 - 7
    0.698522 0.123501 10
    0.789005 0.052521 9
    0.939325 0.153602 8
    0.959243 0.03796 6
    1.30931 0.262103 3
    1.35825 0.01571 2
    1.57373 0.354604 0
  1.60468 3 - 6
    0.990193 0.062659 6
    1.1008 0.01897 5
    1.34026 0.04081 3
    1.3892 0.01897 2
    1.40993 0.283897 1
    1.60468 0.574694 0
  1.617 3 - 2
    1.42225 0.5 1
    1.617 0.5 0
  1.654 9 + 2
    1.02218 0.5 7
    1.17856 0.5 4
  1.67646 11 + 6
    1.06197 0.02249 6
    1.17258 0.01757 5
    1.41204 0.02952 3
    1.46098 0.02741 2
    1.48171 0.200302 1
    1.67646 0.702707 0
  1.73281 9 + 2
    0.53155 0.6024 18
    0.857602 0.3976 10
  1.7367 13 + 1
    0.51549 1 19
  1.76 1 + 2
    1.56525 0.5 1
    1.76 0.5 0
  1.83771 7 + 2
    0.55775 0.6667 20
    1.64296 0.3333 1
  1.8884 15 + 2
    0.66719 0.065463 19
    0.84 0.934537 12
  1.9299 3 - 2
    0.70869 0.2857 19
    0.8815 0.7143 12
  1.97106 1 + 5
    0.74985 0.353211 19
    0.78128 0.405112 17
    1.18634 0.01499 9
    1.33925 0.027381 7
    1.49562 0.199306 4
  2.00014 5 + 12
    0.43949 0.02542 29
    0.46135 0.159198 28
    0.65501 0.001552 22
    0.79888 0.006041 18
    0.81036 0.284696 17
    1.12493 0.01476 10
    1.21542 0.01597 9
    1.36833 0.419294 7
    1.38565 0.000964 6
    1.73572 0.001132 3
    1.78466 0.000964 2
    2.00014 0.070009 0
  2.05559 17 + 1
    1.00719 1 12
  2.11088 9 - 8
    0.58256 0.345824 27
    0.71232 0.367926 25
    0.9211 0.031642 17
    0.9459 0.013611 16
    1.32615 0.016921 9
    1.47647 0.106707 8
    1.47906 0.036793 7
    1.84646 0.080576 3
  2.124 7 - 1
    1.06526 1 14
  2.1954 3 - 3
    1.03042 0.333333 16
    1.41067 0.333333 9
    1.58091 0.333333 6
  2.335 11 + 2
    1.11379 0.5 19
    1.27626 0.5 14
  2.34166 1 - 16
    0.50395 0.031099 38
    0.80287 0.01252 28
    0.81334 0.058439 27
    0.88401 0.006888 26
    0.99653 0.046549 22
    1.02197 0.002713 21
    1.0617 0.066789 20
    1.15188 0.086618 17
    1.4526 0.053639 11
    1.46645 0.02651 10
    1.55694 0.005427 9
    1.70985 0.135898 7
    1.72717 0.065539 6
    2.07724 0.102298 3
    2.12618 0.090378 2
    2.34166 0.208696 0
  2.35407 7 - 9
    1.29533 0.052351 14
    1.46501 0.052341 11
    1.47886 0.111703 10
    1.56935 0.049891 9
    1.71966 0.348908 8
    1.72226 0.045011 7
    1.87863 0.032101 4
    2.08965 0.303507 3
    2.35407 0.004187 0
  2.42427 7 - 7
    0.31339 0.110213 44
    0.96662 0.202624 26
    1.23449 0.148718 17
    1.63955 0.035894 9
    1.79245 0.256431 7
    1.80978 0.202524 6
    1.94883 0.043595 4
  2.46319 3 + 2
    1.82878 0.2593 8
    1.83137 0.7407 7
  2.5128 9 + 1
    0.6244 1 39
  2.51464 7 - 6
    1.11608 0.43253 25
    1.4559 0.155711 14
    1.62558 0.022492 11
    1.88282 0.056224 7
    2.03919 0.259518 4
    2.25021 0.073525 3
  2.516 3 + 2
    2.01212 0.5 5
    2.25158 0.5 3
  2.54388 1 + 6
    1.3541 0.144387 17
    1.75916 0.060365 9
    1.91207 0.236179 7
    1.92939 0.262476 6
    2.27946 0.076113 3
    2.3284 0.22048 2
  2.5849 13 - 1
    1.36369 1 19
  2.623 5 + 2
    2.42825 0.5 1
    2.623 0.5 0
  2.655 3 - 2
    2.46025 0.5 1
    2.655 0.5 0
  2.7452 15 - 3
    0.1603 0.3174 56
    1.0085 0.3096 36
    1.6968 0.373 12
  2.75 9 + 2
    2.11818 0.5 7
    2.27456 0.5 4
  2.846 5 + 2
    2.65125 0.5 1
    2.846 0.5 0
  2.934 3 + 2
    2.43012 0.5 5
    2.66958 0.5 3
  3.0027 17 - 1
    0.2575 1 59
  3.009 1 - 2
    2.50512 0.5 5
    2.74458 0.5 3
  3.086 11 + 2
    1.86479 0.5 19
    2.02726 0.5 14
  3.118 5 - 2
    2.61412 0.5 5
    2.85358 0.5 3
  3.1509 21 + 1
    1.09531 1 43
  3.19 7 - 2
    2.99525 0.5 1
    3.19 0.5 0
  3.258 3 + 2
    2.75412 0.5 5
    2.99358 0.5 3
  3.312 5 - 2
    2.80812 0.5 5
    3.04758 0.5 3
  3.3636 19 - 1
    0.3609 1 63
  3.376 9 + 2
    2.74418 0.5 7
    2.90056 0.5 4
  3.483 1 + 2
    3.28825 0.5 1
    3.483 0.5 0
  3.559 3 - 2
    3.36425 0.5 1
    3.559 0.5 0
  3.593 7 + 2
    2.53426 0.5 14
    3.32858 0.5 3
  3.633 1 + 2
    3.43825 0.5 1
    3.633 0.5 0
  3.676 5 + 2
    3.48125 0.5 1
    3.676 0.5 0
  3.742 1 + 2
    3.54725 0.5 1
    3.742 0.5 0
  3.77 3 + 2
    3.26612 0.5 5
    3.50558 0.5 3
  3.835 7 + 2
    2.77626 0.5 14
    3.57058 0.5 3
  3.8556 21 - 1
    0.492 1 71
  3.885 5 - 2
    3.38112 0.5 5
    3.62058 0.5 3
  3.96 3 + 2
    3.45612 0.5 5
    3.69558 0.5 3
  4.022 1 + 2
    3.82725 0.5 1
    4.022 0.5 0
  4.102 9 - 2
    3.04326 0.5 14
    3.83758 0.5 3
  4.192 5 - 2
    3.68812 0.5 5
    3.92758 0.5 3
  4.325 7 + 2
    3.26626 0.5 14
    4.06058 0.5 3
  4.4562 25 + 1
    1.3053 1 67
  12.07 1 - 2
    11.5661 0.5 5
    11.8056 0.5 3
  12.128 9 + 2
    11.4962 0.5 7
    11.6526 0.5 4
  12.426 5 + 2
    12.2313 0.5 1
    12.426 0.5 0
  12.544 3 - 2
    12.3493 0.5 1
    12.544 0.5 0
  12.804 5 + 2
    12.6093 0.5 1
    12.804 0.5 0
  12.924 3 - 2
    12.7293 0.5 1
    12.924 0.5 0
  13.094 7 - 2
    12.8993 0.5 1
    13.094 0.5 0
  13.243 11 - 2
    12.4583 0.5 9
    12.7676 0.5 4
  13.439 1 + 2
    13.2443 0.5 1
    13.439 0.5 0
  13.697 3 - 2
    13.5023 0.5 1
    13.697 0.5 0

33 78 43
  0 4 - 0
  0.1845 6 - 1
    0.1845 1 0
  0.2117 8 - 2
    0.0272 0.5 1
    0.2117 0.5 0
  0.2773 2 + 1
    0.2773 1 0
  0.2939 2 + 1
    0.2939 1 0
  0.3647 10 - 2
    0.153 0.5 2
    0.1802 0.5 1
  0.3719 8 + 1
    0.1874 1 1
  0.4394 10 - 1
    0.2277 1 2
  0.459 4 - 2
    0.2473 0.5 2
    0.459 0.5 0
  0.504 4 - 2
    0.2923 0.5 2
    0.504 0.5 0
  0.536 2 + 2
    0.2587 0.5 3
    0.536 0.5 0
  0.5676 10 + 4
    0.1282 0.25 7
    0.1957 0.25 6
    0.2029 0.25 5
    0.3559 0.25 2
  0.617 4 - 2
    0.4053 0.5 2
    0.617 0.5 0
  0.6221 12 + 2
    0.0545 0.5 11
    0.2574 0.5 5
  0.664 6 + 2
    0.4523 0.5 2
    0.664 0.5 0
  0.7357 12 - 1
    0.3638 1 6
  0.75 14 + 1
    0.1279 1 13
  0.752 4 - 2
    0.5403 0.5 2
    0.752 0.5 0
  0.7584 12 - 2
    0.319 0.5 7
    0.3937 0.5 5
  0.848 4 - 2
    0.6363 0.5 2
    0.848 0.5 0
  0.891 6 + 2
    0.6793 0.5 2
    0.891 0.5 0
  0.939 0 + 1
    0.939 1 0
  0.967 2 + 2
    0.6897 0.5 3
    0.967 0.5 0
  1.0076 16 + 1
    0.2576 1 16
  1.072 2 + 2
    0.7947 0.5 3
    1.072 0.5 0
  1.105 14 - 1
    0.3466 1 18
  1.131 6 - 2
    0.7663 0.5 5
    0.9465 0.5 1
  1.178 8 + 2
    0.8133 0.5 5
    0.9935 0.5 1
  1.273 6 - 2
    0.9083 0.5 5
    1.0885 0.5 1
  1.355 8 + 2
    0.9903 0.5 5
    1.1705 0.5 1
  1.428 0 - 2
    1.1507 0.5 3
    1.428 0.5 0
  1.48 6 + 2
    1.2683 0.5 2
    1.48 0.5 0
  1.5034 18 + 1
    0.4958 1 23
  1.558 4 - 2
    1.3463 0.5 2
    1.558 0.5 0
  1.626 2 - 2
    0.687 0.5 21
    1.4415 0.5 1
  1.71 6 + 2
    1.4983 0.5 2
    1.71 0.5 0
  1.757 4 - 2
    1.5453 0.5 2
    1.757 0.5 0
  1.875 8 + 2
    1.5103 0.5 5
    1.6905 0.5 1
  1.973 2 - 2
    1.034 0.5 21
    1.7885 0.5 1
  2.024 20 + 2
    0.5206 0.5 32
    1.0164 0.5 23
  2.068 4 - 2
    1.8563 0.5 2
    2.068 0.5 0
  2.285 6 + 2
    2.0733 0.5 2
    2.285 0.5 0
  2.383 8 - 2
    2.1713 0.5 2
    2.383 0.5 0

33 79 38
  0 3 - 0
  0.10045 1 - 1
    0.10045 1 0
  0.10958 3 - 1
    0.10958 1 0
  0.23057 5 - 1
    0.23057 1 0
  0.499 1 - 2
    0.26843 0.5 3
    0.39855 0.5 1
  0.60369 1 + 2
    0.50324 0.6623 1
    0.60369 0.3377 0
  0.63406 5 - 2
    0.52448 0.2425 2
    0.63406 0.7575 0
  0.77281 9 + 1
    0.54224 1 3
  0.87516 3 - 3
    0.64459 0.2876 3
    0.76558 0.4292 2
    0.87516 0.2832 0
  1.01203 5 + 2
    0.78146 0.7634 3
    0.90245 0.2366 2
  1.016 3 - 2
    0.90642 0.5 2
    1.016 0.5 0
  1.048 1 - 2
    0.81743 0.5 3
    0.94755 0.5 1
  1.143 5 - 2
    0.91243 0.5 3
    1.04255 0.5 1
  1.41198 1 + 2
    0.80829 0.2701 5
    1.18141 0.7299 3
  1.434 7 + 2
    0.79994 0.5 6
    1.20343 0.5 3
  1.49023 5 - 1
    1.25966 1 3
  1.49689 7 + 1
    0.48486 1 9
  1.50596 3 - 4
    0.8719 0.028949 6
    1.27539 0.034279 3
    1.39638 0.175195 2
    1.50596 0.761577 0
  1.51789 7 + 1
    0.74508 1 7
  1.71 11 + 2
    0.21311 0.5 16
    0.276 0.5 14
  1.811 9 + 2
    0.79897 0.5 9
    1.03819 0.5 7
  1.86942 3 - 2
    1.26573 0.2806 5
    1.86942 0.7194 0
  1.89036 7 + 3
    1.0152 0.3312 8
    1.11755 0.3344 7
    1.2563 0.3344 6
  1.895 1 - 2
    1.66443 0.5 3
    1.79455 0.5 1
  1.942 9 + 2
    0.92997 0.5 9
    1.16919 0.5 7
  1.96484 9 + 2
    0.44695 0.541 18
    1.19203 0.459 7
  2.056 3 - 2
    1.94642 0.5 2
    2.056 0.5 0
  2.128 1 + 2
    2.01842 0.5 2
    2.128 0.5 0
  2.219 5 + 2
    2.10942 0.5 2
    2.219 0.5 0
  2.329 7 + 2
    1.69494 0.5 6
    2.09843 0.5 3
  2.553 1 + 2
    2.44342 0.5 2
    2.553 0.5 0
  2.636 1 + 2
    2.52642 0.5 2
    2.636 0.5 0
  2.835 5 - 2
    2.60443 0.5 3
    2.73455 0.5 1
  2.945 11 - 2
    1.134 0.5 20
    2.17219 0.5 7
  3.071 5 - 2
    2.84043 0.5 3
    2.97055 0.5 1
  3.166 7 + 2
    2.53194 0.5 6
    2.93543 0.5 3
  3.332 13 - 1
    1.622 1 19
  3.479 3 + 2
    3.24843 0.5 3
    3.37855 0.5 1

33 80 23
  0 2 + 0
  0.243 0 + 1
    0.243 1 0
  0.26535 2 + 1
    0.26535 1 0
  0.31065 4 + 1
    0.31065 1 0
  0.36082 6 + 1
    0.36082 1 0
  0.47 8 + 1
    0.15935 1 3
  0.517 10 + 1
    0.15618 1 4
  0.649 4 + 2
    0.33835 0.5 3
    0.406 0.5 1
  0.68026 2 + 4
    0.31944 0.123007 4
    0.36961 0.16601 3
    0.41491 0.095546 2
    0.68026 0.615437 0
  0.805 6 - 2
    0.335 0.5 5
    0.49435 0.5 3
  0.91 12 - 1
    0.393 1 6
  0.93705 2 + 3
    0.57623 0.069928 4
    0.6264 0.161395 3
    0.93705 0.768677 0
  0.949 8 - 2
    0.432 0.5 6
    0.58818 0.5 4
  1.045 4 - 2
    0.77965 0.5 2
    1.045 0.5 0
  1.17 6 - 2
    0.7 0.5 5
    0.85935 0.5 3
  1.27 4 - 2
    1.00465 0.5 2
    1.27 0.5 0
  1.31 10 - 2
    0.505 0.5 9
    0.84 0.5 5
  1.385 8 - 2
    0.868 0.5 6
    1.02418 0.5 4
  1.494 6 - 2
    1.024 0.5 5
    1.18335 0.5 3
  1.616 0 - 2
    1.35065 0.5 2
    1.616 0.5 0
  1.69 4 + 2
    1.37935 0.5 3
    1.447 0.5 1
  1.79 14 - 1
    0.48 1 16
  1.8731 2 + 1
    1.8731 1 0

33 81 45
  0 3 - 0
  0.0931 3 - 1
    0.0931 1 0
  0.2904 3 - 2
    0.1973 0.66 1
    0.2904 0.34 0
  0.33596 5 - 2
    0.24286 0.039448 1
    0.33596 0.960552 0
  0.73772 5 - 2
    0.40176 0.2596 3
    0.73772 0.7404 0
  0.757 7 + 2
    0.01928 0.5 4
    0.42104 0.5 3
  0.75842 3 + 3
    0.46802 0.2501 2
    0.66532 0.2065 1
    0.75842 0.5434 0
  0.86427 5 + 1
    0.77117 1 1
  1.015 1 - 2
    0.27728 0.5 4
    0.67904 0.5 3
  1.042 7 - 2
    0.70604 0.4737 3
    0.7516 0.5263 2
  1.08339 5 - 4
    0.74743 0.442518 3
    0.79299 0.300912 2
    0.99029 0.084063 1
    1.08339 0.172507 0
  1.12898 7 + 2
    0.39126 0.064619 4
    0.79302 0.935381 3
  1.19504 3 - 1
    0.85908 1 3
  1.496 3 - 2
    1.4029 0.5 1
    1.496 0.5 0
  1.61355 1 + 1
    0.87583 1 4
  1.643 1 + 2
    1.5499 0.5 1
    1.643 0.5 0
  1.672 5 - 2
    0.93428 0.5 4
    1.33604 0.5 3
  1.87 9 + 2
    1.00573 0.3464 7
    1.87 0.6536 0
  1.879 11 + 2
    0.75002 0.5 11
    1.122 0.5 5
  1.91495 9 + 1
    1.15653 1 6
  2.077 13 - 1
    0.198 1 18
  2.1421 7 + 3
    1.01312 0.6169 11
    1.05871 0.235 10
    1.1001 0.1481 9
  2.25087 9 + 1
    0.63732 1 14
  2.518 11 + 2
    1.38902 0.5 11
    1.761 0.5 5
  2.62453 7 + 6
    0.48243 0.162597 21
    0.70958 0.095858 19
    1.42949 0.168397 12
    1.49555 0.416892 11
    1.58253 0.132497 9
    1.88681 0.02376 4
  2.723 5 - 2
    1.98528 0.5 4
    2.38704 0.5 3
  2.75828 1 - 5
    0.13375 0.215109 24
    0.50741 0.067733 22
    0.61618 0.091634 21
    1.14473 0.398416 14
    1.6293 0.227109 11
  2.86247 15 + 2
    2.10405 0.4083 6
    2.52651 0.5917 3
  2.91207 3 - 2
    1.87007 0.189 9
    2.17435 0.811 4
  2.96592 7 + 5
    1.35237 0.032831 14
    1.88253 0.607512 10
    2.2075 0.099032 6
    2.2282 0.066221 4
    2.62996 0.194404 3
  2.999 5 - 2
    2.26128 0.5 4
    2.66304 0.5 3
  3.098 9 + 2
    2.056 0.5 9
    2.23373 0.5 7
  3.13627 3 + 4
    2.37785 0.2521 6
    2.80031 0.4202 3
    2.84587 0.2059 2
    3.13627 0.1218 0
  3.19544 3 + 5
    2.33117 0.329693 7
    2.43702 0.073309 6
    2.85948 0.073309 3
    2.90504 0.135797 2
    3.19544 0.387892 0
  3.2904 1 - 1
    0.66587 1 24
  3.306 5 - 2
    2.56828 0.5 4
    2.97004 0.5 3
  3.3684 7 - 1
    0.45633 1 28
  3.48 1 + 2
    3.3869 0.5 1
    3.48 0.5 0
  3.5311 5 - 1
    3.19514 1 3
  3.56273 9 + 2
    3.46963 0.3506 1
    3.56273 0.6494 0
  3.596 1 + 2
    3.5029 0.5 1
    3.596 0.5 0
  3.742 11 - 2
    1.872 0.5 17
    2.7 0.5 9
  3.818 7 - 2
    3.7249 0.5 1
    3.818 0.5 0
  3.914 5 + 2
    3.8209 0.5 1
    3.914 0.5 0
  3.995 3 - 2
    3.9019 0.5 1
    3.995 0.5 0

33 82 4
  0 2 + 0
  0.1 10 - 1
    0.1 1 0
  0.84319 4 - 1
    0.84319 1 0
  1.09197 6 - 2
    0.24878 0.038462 2
    1.09197 0.961538 0

33 83 28
  0 5 - 0
  0.30652 5 - 1
    0.30652 1 0
  0.71168 3 + 2
    0.40516 0.7876 1
    0.71168 0.2124 0
  1.1937 1 - 2
    0.88718 0.096682 1
    1.1937 0.903318 0
  1.1965 3 + 2
    0.88998 0.934591 1
    1.1965 0.065409 0
  1.2568 5 - 2
    0.95028 0.2126 1
    1.2568 0.7874 0
  1.3297 3 - 3
    0.61802 0.2081 2
    1.02318 0.2139 1
    1.3297 0.578 0
  1.4151 1 - 2
    1.10858 0.1151 1
    1.4151 0.8849 0
  1.4349 1 + 2
    1.12838 0.3465 1
    1.4349 0.6535 0
  1.5255 3 - 2
    1.21898 0.1305 1
    1.5255 0.8695 0
  1.5434 7 + 1
    1.5434 1 0
  1.8048 5 + 1
    1.09312 1 2
  1.9779 3 - 3
    0.5628 0.1852 7
    1.67138 0.3744 1
    1.9779 0.4404 0
  2.2229 3 - 2
    0.9661 0.4013 5
    1.91638 0.5987 1
  3.1002 1 + 1
    2.79368 1 1
  3.5226 3 + 2
    2.0877 0.5714 8
    2.3261 0.4286 4
  3.7335 9 + 2
    3.42698 0.6897 1
    3.7335 0.3103 0
  3.9564 7 + 2
    2.6267 0.6944 6
    3.64988 0.3056 1
  3.9997 7 - 2
    2.1949 0.3711 11
    3.69318 0.6289 1
  4.0306 11 + 1
    2.8341 1 4
  4.1301 9 - 4
    2.6046 0.1223 9
    2.8733 0.2052 5
    3.82358 0.2358 1
    4.1301 0.4367 0
  4.1915 7 + 1
    4.1915 1 0
  4.2212 5 - 2
    2.8061 0.218778 7
    3.0275 0.781222 3
  4.2283 13 + 2
    3.0318 0.1736 4
    3.92178 0.8264 1
  4.3644 9 - 1
    4.3644 1 0
  4.4057 11 + 2
    2.8802 0.3506 9
    4.4057 0.6494 0
  4.4341 5 - 3
    2.9086 0.1394 9
    2.9992 0.2545 8
    4.4341 0.6061 0
  4.8418 7 + 1
    4.8418 1 0

33 84 6
  0 6 - 0
  0.0999 0 - 1
    0.0999 1 0
  0.1426 4 - 1
    0.0427 1 1
  0.2424 2 - 1
    0.2424 1 0
  0.5895 8 - 1
    0.3471 1 3
  1.1983 10 - 1
    0.6088 1 4

33 85 1
  0 3 - 0

33 86 1
  0 0 - 0

33 87 1
  0 3 - 0

33 88 1
  0 2 - 0

33 89 1
  0 3 - 0

33 90 1
  0 0 - 0

33 91 1
  0 1 - 0

33 92 1
  0 12 + 0

