85 191 2
  0 1 + 0
  0.055 7 - 1
    0.055 1 0

85 192 1
  0 6 + 0

85 193 3
  0 1 + 0
  0.005 7 - 1
    0.005 1 0
  0.039 13 + 1
    0.039 1 0

85 194 1
  0 8 + 0

85 195 1
  0 1 + 0

85 196 2
  0 6 + 0
  0.1579 10 + 1
    0.1579 1 0

85 197 4
  0 9 - 0
  0.052 1 + 1
    0.052 1 0
  0.311 13 + 1
    0.311 1 0
  0.324 13 - 1
    0.324 1 0

85 198 2
  0 6 + 0
  0.202 20 - 1
    0.202 1 0

85 199 2
  0 9 - 0
  0.573 13 + 1
    0.573 1 0

85 200 4
  0 6 + 0
  0.112 14 + 1
    0.112 1 0
  0.2285 4 + 1
    0.2285 1 0
  0.344 20 - 1
    0.232 1 1

85 201 9
  0 9 - 0
  0.6349 13 - 1
    0.6349 1 0
  0.749 13 + 2
    0.1141 0.1514 1
    0.749 0.8486 0
  1.2289 17 - 1
    0.594 1 1
  1.4946 17 + 1
    0.7456 1 2
  1.7055 21 - 1
    0.4766 1 3
  1.7901 5 - 1
    0.2955 1 4
  1.9213 7 - 1
    0.4267 1 4
  2.0774 23 - 1
    0.3719 1 5

85 202 2
  0 6 + 0
  0.1 14 + 1
    0.1 1 0

85 203 15
  0 9 - 0
  0.64859 13 - 1
    0.64859 1 0
  0.66014 11 - 1
    0.66014 1 0
  0.87202 13 + 3
    0.21188 0.644968 2
    0.22343 0.083146 1
    0.87202 0.271886 0
  1.22529 17 - 1
    0.5767 1 1
  1.37901 15 + 1
    0.50699 1 3
  1.63336 17 + 2
    0.25435 0.4697 5
    0.76134 0.5303 3
  1.63659 21 - 1
    0.4113 1 4
  1.69561 17 + 2
    0.3166 0.3543 5
    0.82359 0.6457 3
  1.79289 5 + 1
    0.5676 1 4
  1.94203 19 + 2
    0.24642 0.3001 8
    0.30867 0.6999 6
  1.9646 23 - 1
    0.32801 1 7
  2.07199 7 - 1
    0.8467 1 4
  2.07939 3 + 1
    0.8541 1 4
  2.5029 5 - 1
    0.71001 1 9

85 204 7
  0 14 + 0
  0.5873 20 - 1
    0.5873 1 0
  0.6009 16 - 1
    0.6009 1 0
  1.0916 20 - 1
    0.4907 1 2
  1.6801 6 - 1
    0.5885 1 3
  1.8088 24 - 1
    0.7172 1 3
  2.3462 4 - 1
    0.5374 1 5

85 205 33
  0 9 - 0
  0.26505 5 - 1
    0.26505 1 0
  0.62008 7 + 2
    0.35503 0.1307 1
    0.62008 0.8693 0
  0.6382 11 - 1
    0.6382 1 0
  0.66426 13 - 1
    0.66426 1 0
  0.72958 5 + 2
    0.46453 0.5288 1
    0.72958 0.4712 0
  0.9401 9 - 1
    0.67505 1 1
  0.96981 13 + 2
    0.33161 0.7817 3
    0.96981 0.2183 0
  1.13228 15 - 2
    0.46802 0.6674 4
    0.49408 0.3326 3
  1.23059 17 - 2
    0.09831 0.317 8
    0.56633 0.683 4
  1.44135 15 + 1
    0.47154 1 7
  1.56356 21 - 1
    0.33297 1 9
  1.7561 17 + 2
    0.31475 0.8118 10
    0.78629 0.1882 7
  1.86229 19 - 2
    0.6317 0.142 9
    0.73001 0.858 8
  1.87774 17 + 2
    0.12164 0.4715 12
    0.43639 0.5285 10
  1.93598 23 - 1
    0.37242 1 11
  2.05431 21 + 4
    0.11833 0.028851 15
    0.17657 0.272814 14
    0.19202 0.573229 13
    0.29821 0.125106 12
  2.06262 25 + 2
    0.00831 0.6352 16
    0.12664 0.3648 15
  2.33965 29 + 2
    0.27703 0.342 17
    0.40367 0.658 15
  2.49928 27 - 1
    0.5633 1 15
  2.72162 29 + 1
    0.659 1 17
  3.2218 29 - 1
    0.72252 1 19
  3.2746 33 + 1
    0.55298 1 20
  3.481 3 + 1
    0.2592 1 21
  3.5248 31 + 1
    0.303 1 21
  3.7008 33 + 1
    0.176 1 24
  3.8149 35 + 1
    0.5403 1 22
  3.8949 7 - 1
    0.6203 1 22
  3.9545 37 + 1
    0.2537 1 25
  4.1501 3 - 1
    0.3352 1 26
  4.3415 37 + 1
    0.5266 1 26
  4.4058 39 + 1
    0.4513 1 28
  4.546 5 - 1
    0.3959 1 29

85 206 11
  0 10 + 0
  0.0057 0 + 1
    0.0057 1 0
  0.03105 6 + 1
    0.03105 1 0
  0.1263 4 + 2
    0.1206 0.1379 1
    0.1263 0.8621 0
  0.13757 8 + 2
    0.10652 0.1597 2
    0.13757 0.8403 0
  0.148 2 + 2
    0.11695 0.2647 2
    0.148 0.7353 0
  0.201 12 + 1
    0.1953 1 1
  0.3223 14 + 1
    0.3223 1 0
  0.3404 6 + 1
    0.3404 1 0
  0.4442 4 - 1
    0.4442 1 0
  0.6573 8 - 2
    0.62625 0.3151 2
    0.6516 0.6849 1

85 207 35
  0 9 - 0
  0.34455 7 - 1
    0.34455 1 0
  0.64336 11 - 1
    0.64336 1 0
  0.67398 5 - 2
    0.32943 0.3415 1
    0.67398 0.6585 0
  0.6864 13 - 1
    0.6864 1 0
  0.74719 7 - 2
    0.40264 0.503 1
    0.74719 0.497 0
  0.97328 9 + 2
    0.62873 0.3063 1
    0.97328 0.6937 0
  0.97609 3 + 1
    0.63154 1 1
  1.01857 5 + 1
    0.67402 1 1
  1.0421 5 + 1
    0.69755 1 1
  1.0554 13 - 2
    0.369 0.5315 4
    0.41204 0.4685 2
  1.0847 15 - 2
    0.3983 0.262 4
    0.44134 0.738 2
  1.10827 11 + 2
    0.36108 0.6784 5
    0.76372 0.3216 1
  1.11478 7 - 2
    0.36759 0.940581 5
    0.47142 0.059419 2
  1.1158 13 - 1
    0.47244 1 2
  1.11995 3 + 2
    0.44597 0.1801 3
    0.7754 0.8199 1
  1.19795 7 + 2
    0.52397 0.091373 3
    0.8534 0.908627 1
  1.22476 7 + 3
    0.47757 0.3162 5
    0.88021 0.162 1
    1.22476 0.5218 0
  1.2339 17 - 2
    0.1492 0.6185 11
    0.5475 0.3815 4
  1.28413 11 + 4
    0.30804 0.4192 7
    0.53694 0.1889 5
    0.61015 0.2056 3
    0.93958 0.1863 1
  1.35117 11 - 3
    0.2429 0.1555 12
    0.37789 0.6545 6
    0.60398 0.19 5
  1.4955 21 - 1
    0.2616 1 18
  1.5348 1 + 5
    0.55871 0.1827 7
    0.56152 0.3096 6
    0.78761 0.1827 5
    0.86082 0.1269 3
    1.19025 0.1981 1
  1.53936 3 + 6
    0.18819 0.152491 20
    0.52079 0.081555 8
    0.56608 0.17379 6
    0.79217 0.102794 5
    0.86538 0.134792 3
    1.53936 0.354579 0
  1.55355 9 + 4
    0.53498 0.3058 8
    0.58027 0.2966 6
    0.80636 0.2416 5
    0.87957 0.156 3
  1.6315 15 + 1
    0.5157 1 14
  1.79944 5 - 4
    0.24589 0.2852 24
    0.69117 0.2185 12
    0.78087 0.1259 8
    0.82335 0.3704 7
  1.82323 1 + 4
    0.47206 0.284303 20
    0.59847 0.334403 17
    0.78113 0.096991 9
    0.80466 0.284303 8
  1.84127 3 - 4
    0.61651 0.1161 17
    0.64332 0.6452 16
    0.79917 0.1161 9
    0.86518 0.1226 7
  1.8977 23 - 1
    0.4022 1 21
  1.96658 5 + 4
    0.76863 0.1986 16
    0.94801 0.2092 8
    0.99049 0.2376 7
    0.9933 0.3546 6
  1.971 9 + 1
    0.3395 1 25
  2.03863 3 - 4
    0.48508 0.292588 24
    0.68746 0.436682 20
    0.7545 0.183393 19
    0.92385 0.087336 13
  2.1173 25 + 1
    0.2196 1 29
  2.14953 5 - 4
    0.30826 0.1157 28
    0.35009 0.3731 26
    0.61017 0.2612 23
    0.95158 0.25 16

85 208 59
  0 12 + 0
  0.023527 10 + 1
    0.023527 1 0
  0.063695 8 + 1
    0.040168 1 1
  0.07183 14 + 1
    0.07183 1 0
  0.113784 6 + 1
    0.050089 1 2
  0.14795 10 + 3
    0.084255 0.325281 2
    0.124423 0.66146 1
    0.14795 0.013259 0
  0.17375 4 + 1
    0.059966 1 4
  0.20812 10 + 2
    0.144425 0.6912 2
    0.184593 0.3088 1
  0.22716 8 + 3
    0.163465 0.084145 2
    0.203633 0.465328 1
    0.22716 0.450527 0
  0.23722 8 + 3
    0.123436 0.4335 4
    0.173525 0.4622 2
    0.213693 0.1043 1
  0.28362 8 + 4
    0.169836 0.546319 4
    0.219925 0.181206 2
    0.260093 0.269109 1
    0.28362 0.003366 0
  0.33471 8 + 3
    0.271015 0.2823 2
    0.311183 0.2158 1
    0.33471 0.5019 0
  0.42483 6 + 2
    0.18761 0.074846 9
    0.25108 0.925154 6
  0.42947 10 - 4
    0.20231 0.085773 8
    0.28152 0.293677 5
    0.35764 0.398968 3
    0.405943 0.221582 1
  0.58836 10 - 5
    0.30474 0.126695 10
    0.3612 0.402084 8
    0.44041 0.074737 5
    0.524665 0.232491 2
    0.58836 0.163993 0
  0.60053 6 + 2
    0.42678 0.8338 6
    0.486746 0.1662 4
  0.6817 8 - 1
    0.6817 1 0
  0.7342 4 + 2
    0.56045 0.5072 6
    0.620416 0.4928 4
  0.7884 16 + 2
    0.71657 0.1655 3
    0.7884 0.8345 0
  0.85341 8 + 1
    0.739626 1 4
  0.904 18 + 2
    0.1156 0.077218 18
    0.83217 0.922782 3
  0.997485 8 + 3
    0.263285 0.155806 17
    0.572655 0.793432 12
    0.823735 0.050762 6
  1.0905 20 - 2
    0.1865 0.993575 20
    1.01867 0.006425 3
  1.2557 20 + 2
    0.3517 0.1156 20
    0.4673 0.8844 18
  1.2999 22 + 2
    0.0442 0.4781 23
    0.3959 0.5219 20
  1.3761 24 + 1
    0.0762 1 24
  1.5255 26 + 2
    0.1494 0.931291 25
    0.2256 0.068709 24
  1.53983 2 - 2
    0.80563 0.484 17
    0.9393 0.516 15
  1.5447 22 - 1
    0.4542 1 22
  1.6487 24 - 2
    0.104 0.144 28
    0.5582 0.856 22
  1.8042 26 + 1
    0.2787 1 26
  1.82661 4 - 1
    1.22608 1 15
  1.97948 2 - 2
    1.12607 0.069772 19
    1.37895 0.930228 15
  2.1942 6 - 1
    0.5455 1 29
  2.2267 4 - 2
    0.578 0.8333 29
    0.7012 0.1667 26
  2.2688 26 - 2
    0.0421 0.5 34
    0.6201 0.5 29
  2.27015 6 - 3
    1.27267 0.395 21
    1.66962 0.105 15
    1.84532 0.5 12
  2.2764 32 - 2
    0.4722 0.4717 30
    0.7509 0.5283 26
  2.3718 2 - 1
    0.5676 1 30
  2.4804 4 - 2
    0.2537 0.3007 34
    0.2862 0.6993 33
  2.5767 12 - 2
    0.30655 0.8713 36
    2.15187 0.1287 12
  2.7171 6 - 2
    0.3453 0.4652 38
    0.4904 0.5348 34
  2.7454 34 - 1
    0.469 1 37
  2.7687 4 - 2
    0.2883 0.3902 39
    0.542 0.6098 34
  2.7714 28 - 2
    0.0543 0.5 41
    0.5026 0.5 35
  2.8017 2 - 1
    0.575 1 34
  2.8296 34 - 1
    0.5532 1 37
  2.9359 6 - 2
    0.1063 0.5 46
    0.1905 0.5 42
  3.1231 0 + 1
    0.3544 1 43
  3.269 4 - 1
    0.1459 1 48
  3.2836 12 + 1
    0.4819 1 45
  3.3077 2 - 1
    0.1846 1 48
  3.3159 6 + 1
    0.5445 1 44
  3.3332 4 - 1
    0.0642 1 49
  3.4603 14 + 1
    0.6307 1 46
  3.4793 10 - 1
    0.7339 1 42
  3.547 6 + 1
    0.6111 1 47
  3.867 12 - 1
    0.5338 1 53
  4.3669 2 + 1
    0.4999 1 57

85 209 63
  0 9 - 0
  0.40833 7 - 1
    0.40833 1 0
  0.5771 11 - 1
    0.5771 1 0
  0.72506 13 - 2
    0.14796 0.3253 2
    0.72506 0.6747 0
  0.74578 7 - 2
    0.33745 0.4629 1
    0.74578 0.5371 0
  0.78913 7 - 1
    0.3808 1 1
  0.79469 7 - 2
    0.38636 0.4374 1
    0.79469 0.5626 0
  0.93448 7 - 3
    0.1887 0.3352 4
    0.35738 0.408 2
    0.52615 0.2568 1
  1.08115 7 - 3
    0.28646 0.122201 6
    0.67282 0.850909 1
    1.08115 0.02689 0
  1.09324 7 - 1
    0.68491 1 1
  1.09764 7 - 3
    0.30295 0.073719 6
    0.68931 0.905091 1
    1.09764 0.02119 0
  1.13094 5 - 1
    0.72261 1 1
  1.21428 11 - 3
    0.48922 0.2674 3
    0.63718 0.4977 2
    1.21428 0.2349 0
  1.24232 13 - 2
    0.51726 0.1524 3
    0.66522 0.8476 2
  1.26982 13 - 1
    0.69272 1 2
  1.32156 17 - 1
    0.5965 1 3
  1.33956 15 - 1
    0.6145 1 3
  1.39361 11 - 1
    0.66855 1 3
  1.41102 5 - 4
    0.31338 0.158484 10
    0.61633 0.241276 6
    1.00269 0.212979 1
    1.41102 0.387261 0
  1.42766 21 - 1
    0.1061 1 15
  1.51688 11 - 3
    0.24706 0.2746 14
    0.79182 0.4369 3
    0.93978 0.2885 2
  1.65996 3 + 1
    0.9349 1 3
  1.77254 15 - 2
    0.53022 0.8433 13
    1.04748 0.1567 3
  1.8517 23 - 1
    0.42404 1 19
  1.90726 19 - 1
    0.5857 1 15
  1.95344 3 + 5
    0.8558 0.720707 10
    0.87229 0.100501 8
    1.15875 0.123501 6
    1.20766 0.0359 4
    1.95344 0.01939 0
  2.07596 9 + 1
    0.7544 1 15
  2.0863 5 + 1
    0.31376 1 22
  2.13564 1 + 4
    0.1822 0.088881 25
    1.038 0.602606 10
    1.05449 0.236802 8
    1.34095 0.071711 6
  2.183 3 + 1
    0.75534 1 19
  2.23828 25 - 2
    0.38658 0.6521 23
    0.81062 0.3479 19
  2.402 5 + 1
    0.32604 1 26
  2.41486 9 + 3
    0.27922 0.509159 28
    0.46142 0.458563 25
    1.66908 0.032277 4
  2.42925 29 + 1
    0.57755 1 23
  2.51652 3 + 3
    0.38088 0.6845 28
    1.72183 0.1337 6
    1.77074 0.1818 4
  2.52239 5 + 2
    0.38675 0.8621 28
    2.11406 0.1379 1
  2.5692 9 + 4
    1.47156 0.3759 10
    1.63472 0.1429 7
    1.77451 0.2556 6
    2.16087 0.2256 1
  2.5814 1 + 3
    1.17038 0.6844 18
    1.50025 0.1403 8
    1.78671 0.1753 6
  2.6054 25 + 1
    0.7537 1 23
  2.612 25 - 1
    0.7603 1 23
  2.677 5 + 1
    0.494 1 29
  2.683 3 + 1
    0.44472 1 30
  2.68984 9 + 3
    1.5922 0.5181 10
    1.60869 0.1762 8
    2.28151 0.3057 1
  2.713 1 + 3
    1.61536 0.3236 10
    1.63185 0.2848 8
    1.77852 0.3916 7
  2.8218 5 + 4
    0.86836 0.665307 25
    1.74065 0.073191 8
    1.88732 0.126401 7
    2.41347 0.135101 1
  3.14057 3 + 5
    1.18713 0.50618 25
    1.72955 0.176393 18
    2.20609 0.075837 7
    2.34588 0.139294 6
    2.39479 0.102296 4
  3.1722 9 + 3
    1.76118 0.3738 18
    2.07456 0.4673 10
    2.42642 0.1589 4
  3.1886 31 + 1
    0.75935 1 33
  3.292 5 + 1
    0.609 1 41
  3.38842 3 + 5
    2.29078 0.146687 10
    2.30727 0.054845 8
    2.45394 0.121189 7
    2.64264 0.637743 4
    2.98009 0.039536 1
  3.54427 11 + 8
    1.02775 0.1992 34
    1.12941 0.1873 32
    2.13325 0.1653 18
    2.44663 0.07171 10
    2.46312 0.1096 8
    2.74958 0.05378 6
    2.79849 0.07171 4
    3.13594 0.1414 1
  3.5513 1 + 3
    1.59786 0.440544 25
    2.45366 0.273127 10
    3.14297 0.286329 1
  3.592 33 + 1
    0.4034 1 47
  3.6269 9 - 4
    1.11038 0.5714 34
    2.83221 0.12 6
    2.88112 0.2 4
    3.21857 0.1086 1
  3.747 5 - 1
    0.5584 1 47
  3.7537 7 + 3
    1.33884 0.574757 32
    2.65606 0.224122 10
    3.00792 0.20112 4
  3.811 3 - 1
    0.6224 1 47
  3.897 33 + 1
    0.7084 1 47
  4.176 35 + 1
    0.584 1 52
  4.375 9 - 1
    0.564 1 56
  4.506 5 - 1
    0.759 1 54
  4.695 7 + 1
    0.798 1 57
  35 9 - 2
    34.2749 0.5 3
    35 0.5 0

85 210 123
  0 10 + 0
  0.07265 8 + 1
    0.07265 1 0
  0.49617 8 + 2
    0.42352 0.5292 1
    0.49617 0.4708 0
  0.5074 12 + 2
    0.43475 0.062819 1
    0.5074 0.937181 0
  0.53088 6 + 1
    0.45823 1 1
  0.5764 14 + 2
    0.069 0.1766 3
    0.5764 0.8234 0
  0.594 4 + 2
    0.09783 0.5 2
    0.52135 0.5 1
  0.72128 6 + 4
    0.1904 0.289186 4
    0.22511 0.074886 2
    0.64863 0.59017 1
    0.72128 0.045758 0
  0.76895 4 + 2
    0.23807 0.5129 4
    0.6963 0.4871 1
  0.837 2 - 2
    0.06805 0.5 8
    0.243 0.5 6
  0.854 0 - 1
    0.854 1 0
  0.97 16 - 1
    0.3936 1 5
  0.9849 6 + 2
    0.48873 0.4142 2
    0.91225 0.5858 1
  1.0367 6 + 2
    0.54053 0.352 2
    0.96405 0.648 1
  1.05276 4 + 4
    0.28381 0.161905 8
    0.33148 0.046171 7
    0.52188 0.261608 4
    0.98011 0.530316 1
  1.129 4 + 2
    0.36005 0.4431 8
    0.59812 0.5569 4
  1.22242 10 - 2
    0.64602 0.1499 5
    0.71502 0.8501 3
  1.2519 18 + 1
    0.6755 1 5
  1.29223 4 + 6
    0.23947 0.018811 14
    0.25553 0.100806 13
    0.30733 0.066484 12
    0.57095 0.50093 7
    0.76135 0.305618 4
    0.79606 0.00735 2
  1.3632 22 + 1
    0.1113 1 17
  1.4029 16 + 1
    0.151 1 17
  1.48859 2 + 3
    0.19636 0.6067 18
    0.76731 0.2121 7
    0.95771 0.1812 4
  1.495 20 + 2
    0.1318 0.6816 19
    0.2431 0.3184 17
  1.52552 2 + 6
    0.23329 0.578294 18
    0.39652 0.03043 15
    0.47276 0.076729 14
    0.75657 0.089739 8
    0.80424 0.072409 7
    0.99464 0.152398 4
  1.6887 20 - 3
    0.1937 0.3356 22
    0.3255 0.3292 19
    0.4368 0.3352 17
  1.74 20 + 2
    0.4881 0.3798 17
    0.51758 0.6202 16
  1.8191 22 + 4
    0.0791 0.052438 25
    0.3241 0.203192 22
    0.4559 0.128495 19
    0.5672 0.615875 17
  1.9052 24 + 2
    0.0861 0.052238 26
    0.542 0.947762 19
  1.9131 8 - 1
    0.2244 1 24
  1.9283 22 + 2
    0.4333 0.622 22
    0.5651 0.378 19
  1.967 8 - 3
    0.838 0.0271 15
    0.91424 0.5438 14
    1.19805 0.4291 8
  1.97 24 + 3
    0.0648 0.2059 27
    0.1509 0.2193 26
    0.6068 0.5748 19
  2.0429 26 + 3
    0.0729 0.2071 31
    0.1377 0.2783 27
    0.6797 0.5146 19
  2.281 10 - 1
    0.314 1 30
  2.4593 6 - 1
    0.7706 1 24
  2.4671 26 + 3
    0.4242 0.268187 32
    0.4971 0.043048 31
    0.5619 0.688766 27
  2.5496 30 - 2
    0.5796 0.083973 31
    0.6444 0.916027 27
  2.572 28 - 4
    0.0224 0.511537 36
    0.1049 0.046783 35
    0.5291 0.433431 32
    1.2088 0.008249 19
  2.6003 26 - 1
    0.6951 1 27
  2.6405 12 - 1
    0.9518 1 24
  2.6499 8 - 1
    0.7216 1 29
  2.6655 28 - 1
    0.1159 1 36
  2.6837 26 - 1
    0.7785 1 27
  2.7834 28 - 6
    0.0997 0.184183 42
    0.1179 0.040286 41
    0.1831 0.058745 38
    0.2114 0.563649 37
    0.2338 0.024548 36
    0.7405 0.128588 32
  2.8772 28 + 1
    0.4101 1 35
  3.0708 28 - 1
    0.2874 1 43
  3.1072 32 - 1
    0.5576 1 36
  3.112 6 - 1
    0.54 1 37
  3.1765 30 - 2
    0.511 0.8937 41
    0.6269 0.1063 36
  3.2634 30 - 2
    0.6914 0.8823 37
    0.7138 0.1177 36
  3.3233 30 - 3
    0.2161 0.074719 46
    0.5399 0.817884 43
    0.6578 0.107398 41
  3.3486 4 - 1
    0.7081 1 39
  3.4158 32 - 4
    0.0925 0.465051 50
    0.1524 0.260029 49
    0.2393 0.225225 48
    0.8662 0.049695 36
  3.4233 30 - 5
    0.3525 0.079529 45
    0.6399 0.262563 43
    0.7578 0.148379 41
    0.8513 0.333253 37
    0.8737 0.176275 36
  3.5424 34 - 2
    0.4352 0.9024 46
    0.9928 0.0976 36
  3.5517 30 - 5
    0.1284 0.064922 53
    0.2284 0.019941 50
    0.7683 0.720922 43
    0.9797 0.141304 37
    1.0021 0.052912 36
  3.5784 30 - 3
    0.795 0.7181 43
    1.0064 0.141 37
    1.0288 0.1409 36
  3.6553 32 - 9
    0.0769 0.026361 56
    0.1036 0.443012 55
    0.232 0.039811 53
    0.332 0.024181 50
    0.3919 0.056211 49
    0.5481 0.004663 46
    0.9898 0.01232 41
    1.0833 0.004231 37
    1.1057 0.38921 36
  3.7745 6 + 1
    0.6625 1 47
  4.0277 38 + 4
    0.3724 0.49238 57
    0.4853 0.359586 54
    0.6119 0.106396 52
    0.9205 0.041638 46
  4.078 34 + 3
    0.5356 0.51028 54
    0.6622 0.437483 52
    0.9708 0.052238 46
  4.199 36 + 1
    0.121 1 60
  4.2359 8 - 1
    0.0369 1 61
  4.4266 10 - 1
    0.3486 1 60
  4.4677 40 + 1
    0.44 1 59
  4.7514 4 - 1
    0.6734 1 60
  4.7862 2 + 1
    0.708201 1 60
  4.8145 40 + 2
    0.5786 0.1109 62
    0.7868 0.8891 59
  4.9758 6 - 1
    0.1613 1 67
  4.9861 8 - 1
    0.7871 1 61
  5.0639 42 - 3
    0.2494 0.485161 67
    0.5962 0.442165 64
    1.0362 0.072674 59
  5.1753 44 - 3
    0.1114 0.7303 70
    0.7076 0.092 64
    1.1476 0.1777 59
  5.2481 4 + 1
    0.7804 1 64
  5.3326 10 + 1
    0.3465 1 69
  5.3534 6 + 1
    0.3673 1 69
  5.4534 8 - 4
    0.2781 0.310175 71
    0.3895 0.534757 70
    0.6389 0.053476 67
    0.9857 0.101592 64
  5.5784 2 + 1
    1.3794 1 61
  5.7194 4 - 1
    0.141 1 76
  5.8363 6 + 1
    0.7724 1 70
  5.8396 10 - 2
    0.591501 0.7576 72
    1.3719 0.2424 64
  5.8481 12 + 2
    0.4947 0.5 74
    0.5155 0.5 73
  5.8939 8 - 1
    0.83 1 70
  5.9334 2 + 1
    0.6853 1 72
  5.949 44 - 1
    0.8851 1 70
  5.9696 46 - 1
    0.7943 1 71
  6.1994 44 - 6
    0.2298 0.237309 84
    0.2504 0.021571 83
    0.3055 0.021571 81
    0.3631 0.021571 78
    0.746 0.634525 75
    0.9513 0.063453 72
  6.2747 46 - 4
    0.075301 0.1605 85
    0.325701 0.3161 83
    0.438401 0.4053 78
    1.2108 0.1181 70
  6.2873 6 + 1
    0.447699 1 79
  6.4136 4 + 1
    0.573999 1 79
  6.4283 8 + 3
    0.4587 0.6173 84
    1.253 0.1296 71
    1.3644 0.2531 70
  6.4678 10 - 1
    0.193099 1 86
  6.5247 48 - 4
    0.056901 0.210483 90
    0.25 0.604452 86
    0.555101 0.11979 84
    1.3494 0.065275 71
  6.6352 6 + 1
    0.665601 1 84
  6.6438 4 + 1
    0.2155 1 89
  6.9312 2 + 1
    0.463401 1 90
  6.9593 52 - 1
    0.434599 1 91
  7.2036 8 + 1
    0.2443 1 95
  7.2623 6 - 1
    0.303 1 95
  7.3694 12 + 1
    0.4101 1 95
  7.409 4 - 1
    0.1467 1 97
  7.4143 10 + 1
    0.483099 1 94
  7.4721 8 - 1
    0.8283 1 93
  7.476 6 + 1
    0.8322 1 93
  7.6034 2 - 1
    0.9596 1 93
  7.6588 4 + 2
    0.6995 0.928509 95
    1.015 0.071491 93
  7.7185 10 - 1
    0.2425 1 102
  7.7746 12 + 1
    0.302501 1 101
  7.8031 8 - 1
    0.199701 1 103
  7.8313 6 + 1
    0.872 1 95
  7.8473 58 + 1
    0.888 1 95
  7.9551 4 - 1
    0.995801 1 95
  8.0112 2 - 2
    0.163901 0.3103 109
    0.352401 0.6897 104
  8.0185 6 + 1
    0.6042 1 100
  8.0453 8 - 1
    1.086 1 95
  8.0636 10 + 1
    0.216301 1 109
  8.1223 4 - 1
    0.319199 1 107
  8.2115 14 + 1
    0.1662 1 113
  8.2801 2 - 1
    0.4328 1 109
  8.3761 6 + 1
    0.420999 1 110
  8.5572 12 - 1
    1.1878 1 98
  8.5649 8 + 1
    0.7176 1 109
  8.9563 4 - 1
    1.125 1 108
  9.0673 10 + 1
    1.0037 1 114

85 211 116
  0 9 - 0
  0.67412 7 - 1
    0.67412 1 0
  0.866 7 - 2
    0.19188 0.2523 1
    0.866 0.7477 0
  0.94745 5 - 1
    0.94745 1 0
  1.0671 13 - 1
    1.0671 1 0
  1.11622 3 - 3
    0.16877 0.3135 3
    0.25022 0.1618 2
    0.4421 0.5247 1
  1.1232 11 - 1
    1.1232 1 0
  1.2704 17 - 2
    0.1472 0.3132 6
    0.2033 0.6868 4
  1.3206 17 - 1
    0.2535 1 4
  1.355 13 + 3
    0.2318 0.118012 6
    0.2879 0.311531 4
    1.355 0.570457 0
  1.4166 21 - 1
    0.096 1 8
  1.80081 3 - 4
    0.68459 0.01949 5
    0.85336 0.151802 3
    0.93481 0.117601 2
    1.12669 0.711107 1
  1.9121 17 - 1
    0.6417 1 7
  1.9191 19 - 2
    0.5025 0.239 10
    0.5985 0.761 8
  1.9278 23 - 1
    0.5112 1 10
  1.94621 13 - 2
    0.62561 0.4771 8
    0.67581 0.5229 7
  1.99258 5 - 3
    1.04513 0.089036 3
    1.31846 0.183813 1
    1.99258 0.727151 0
  2.06288 1 - 3
    0.26207 0.073246 11
    0.94666 0.908955 5
    1.11543 0.017799 3
  2.10873 3 - 4
    0.11615 0.345603 16
    0.99251 0.595906 5
    1.24273 0.02926 2
    1.43461 0.02923 1
  2.12874 5 - 3
    1.01252 0.128604 5
    1.18129 0.868828 3
    2.12874 0.002568 0
  2.1396 9 + 2
    0.2118 0.146 14
    0.723 0.854 10
  2.1693 15 + 1
    0.8989 1 7
  2.1894 11 - 1
    0.8344 1 9
  2.2225 17 + 3
    0.3034 0.1406 13
    0.9019 0.6511 8
    0.9521 0.2083 7
  2.241 11 - 1
    0.886 1 9
  2.2441 17 - 1
    0.332 1 12
  2.2846 7 + 6
    0.145 0.250798 20
    0.33839 0.343097 15
    0.3655 0.081539 13
    0.868 0.04317 10
    0.964 0.159898 8
    1.0142 0.121499 7
  2.39914 13 - 1
    1.04414 1 9
  2.436 11 - 2
    1.081 0.508 9
    1.3128 0.492 6
  2.47921 1 + 7
    0.35047 0.01314 19
    0.37048 0.02052 18
    0.41633 0.05204 17
    0.6784 0.432098 11
    1.36299 0.479798 5
    1.53176 0.00068 3
    1.80509 0.001724 1
  2.5554 15 + 1
    1.2348 1 8
  2.5815 21 + 1
    0.6624 1 13
  2.6094 5 + 3
    0.4698 0.072428 20
    0.6816 0.286091 14
    1.1928 0.641481 10
  2.6172 25 + 1
    0.6894 1 14
  2.63604 17 - 2
    1.28104 0.1247 9
    1.36564 0.8753 7
  2.6414 29 + 1
    0.7136 1 14
  2.65517 3 + 3
    0.17596 0.0417 29
    0.59229 0.051109 17
    1.53895 0.907191 5
  2.678 21 + 2
    0.4555 0.3549 23
    0.7589 0.6451 13
  2.693 27 + 2
    0.0516 0.7322 35
    0.0758 0.2678 33
  2.7179 11 - 1
    1.3629 1 9
  2.7299 21 - 1
    0.8108 1 13
  2.7313 7 + 3
    0.5917 0.5551 20
    0.8035 0.1413 14
    1.3147 0.3036 10
  2.7923 21 - 3
    0.2369 0.2363 30
    1.3757 0.3285 10
    1.4717 0.4352 8
  2.7979 13 + 1
    1.4429 1 9
  2.8366 9 + 2
    0.552 0.2118 26
    0.697 0.7882 20
  2.8471 13 - 2
    0.21106 0.1239 34
    1.5767 0.8761 7
  2.867 11 - 1
    1.512 1 9
  2.8833 17 + 2
    1.5283 0.3834 9
    1.6129 0.6166 7
  2.898 17 - 2
    1.543 0.2988 9
    1.6276 0.7012 7
  2.9165 5 + 2
    0.7769 0.5896 20
    0.9887 0.4104 14
  2.9201 13 - 1
    1.6497 1 7
  2.9599 7 + 1
    0.8203 1 20
  3.024 9 + 1
    1.0962 1 14
  3.288 27 + 3
    0.595 0.569171 38
    0.6466 0.40858 35
    0.6708 0.022249 33
  3.3128 5 + 1
    0.5815 1 41
  3.3417 7 + 1
    0.5494 1 42
  3.3917 3 + 1
    0.5551 1 44
  3.4314 9 + 1
    1.5036 1 14
  3.475 5 + 1
    1.5472 1 14
  3.4874 7 + 1
    1.5596 1 14
  3.5093 3 + 2
    0.778 0.3631 41
    1.3697 0.6369 20
  3.5555 5 + 1
    0.7632 1 42
  3.815 29 + 3
    0.527 0.281428 53
    1.122 0.288629 38
    1.1736 0.429943 35
  3.8226 9 + 2
    0.3476 0.4475 58
    1.8948 0.5525 14
  4.0277 7 - 1
    1.3863 1 35
  4.1654 33 - 1
    1.524 1 35
  4.1774 31 + 2
    0.3624 0.049638 62
    1.536 0.950362 35
  4.2889 3 + 1
    1.6475 1 35
  4.3083 5 - 1
    1.6669 1 35
  4.3345 9 + 2
    0.1571 0.4845 66
    0.5195 0.5155 62
  4.3811 33 + 1
    0.2037 1 66
  4.4521 7 - 1
    0.6371 1 62
  4.5721 1 - 1
    0.3947 1 66
  4.5762 5 + 1
    0.7612 1 62
  4.5987 3 - 1
    0.783701 1 62
  4.8086 7 + 1
    0.6312 1 66
  4.8162 39 - 1
    0.4351 1 70
  4.8758 9 + 1
    0.4947 1 70
  4.9179 5 - 1
    0.5368 1 70
  4.9429 3 + 1
    0.5618 1 70
  4.9959 7 - 1
    0.6148 1 70
  5.3314 41 - 1
    0.5152 1 76
  5.4184 41 - 2
    0.087 0.079146 81
    0.6022 0.920854 76
  5.9098 1 - 3
    0.4914 0.445487 82
    0.5784 0.481786 81
    1.0936 0.072728 76
  5.9174 43 + 3
    0.499 0.548689 82
    0.586 0.421292 81
    1.1012 0.030019 76
  5.9403 9 + 3
    0.5219 0.618837 82
    0.6089 0.34032 81
    1.1241 0.040842 76
  6.0173 45 + 3
    0.0999 0.6622 84
    0.6859 0.0821 81
    1.2011 0.2557 76
  6.0902 5 + 2
    0.1728 0.2424 84
    0.6718 0.7576 82
  6.2478 7 - 1
    0.3304 1 84
  6.4665 3 + 1
    0.5491 1 84
  6.5672 49 + 1
    0.549901 1 86
  6.5691 5 - 1
    0.6517 1 84
  6.6004 9 - 2
    0.1339 0.313 89
    0.5831 0.687 86
  6.6491 7 + 1
    0.1826 1 89
  6.7709 1 - 1
    0.203699 1 90
  6.8667 3 + 1
    0.2995 1 90
  6.8711 11 - 1
    0.303899 1 90
  6.9905 5 + 1
    0.423299 1 90
  7.2392 9 - 1
    0.672 1 90
  7.3465 7 + 1
    0.7461 1 92
  7.3862 3 - 1
    0.818999 1 90
  7.399 5 + 1
    0.831799 1 90
  7.4962 11 - 1
    0.929 1 90
  7.5174 55 - 1
    0.950199 1 90
  7.5732 9 + 1
    1.006 1 90
  7.6212 7 + 2
    0.235001 0.7937 100
    1.054 0.2063 90
  7.6582 1 - 1
    1.091 1 90
  7.8484 5 + 1
    0.331 1 103
  7.9202 3 - 2
    0.4028 0.5 103
    1.353 0.5 90
  7.9722 7 + 2
    0.4548 0.5 103
    1.405 0.5 90
  8.1203 9 - 1
    0.7341 1 100
  8.2328 5 + 1
    0.8466 1 100
  8.3371 11 - 1
    0.8197 1 103
  8.829 59 - 2
    0.4919 0.5 112
    1.3116 0.5 103
  9.8148 3 + 1
    0.9858 1 113
  10.016 7 + 1
    0.201201 1 114

85 212 68
  0 2 - 0
  0.055 4 - 1
    0.055 1 0
  0.1604 4 - 1
    0.1604 1 0
  0.2056 6 - 1
    0.0452 1 2
  0.223 18 - 1
    0.223 1 0
  0.2755 10 - 1
    0.0699 1 3
  0.3281 16 - 1
    0.1051 1 4
  0.3457 8 - 1
    0.2907 1 1
  0.3637 4 - 2
    0.3087 0.236 1
    0.3637 0.764 0
  0.6226 12 + 1
    0.5676 1 1
  0.6353 4 - 1
    0.5803 1 1
  0.7016 20 - 1
    0.4786 1 4
  0.7481 6 + 1
    0.5877 1 2
  0.769 8 + 1
    0.6086 1 2
  0.7792 14 + 1
    0.6188 1 2
  0.7835 10 + 1
    0.4198 1 8
  0.84 2 + 1
    0.6796 1 2
  0.843 14 - 2
    0.5149 0.5756 6
    0.62 0.4244 4
  0.8458 4 - 1
    0.6854 1 2
  0.8854 22 + 2
    0.1838 0.3147 11
    0.6624 0.6853 4
  0.8904 6 + 1
    0.5267 1 8
  0.9208 8 - 2
    0.7152 0.5818 3
    0.7604 0.4182 2
  1.0826 12 + 1
    0.2396 1 17
  1.1177 8 - 1
    0.1969 1 21
  1.2096 12 - 1
    0.3666 1 17
  1.2624 24 + 1
    0.377 1 19
  1.2827 24 + 1
    0.3973 1 19
  1.317 6 + 1
    1.094 1 4
  1.3206 24 + 1
    0.4352 1 19
  1.4288 22 - 1
    0.7272 1 11
  1.4575 10 + 1
    0.5367 1 21
  1.5406 26 - 2
    0.2236 0.090482 27
    0.2782 0.909518 25
  1.5486 2 + 1
    0.2316 1 27
  1.6045 30 - 1
    0.0639 1 31
  1.6512 26 + 1
    0.7658 1 19
  1.7107 28 - 2
    0.1062 0.7899 33
    0.1701 0.2101 31
  1.7639 32 - 1
    0.1594 1 33
  1.8062 6 + 1
    0.2576 1 32
  1.8276 24 + 1
    0.9422 1 19
  1.8325 8 - 1
    0.228 1 33
  1.9332 26 + 1
    0.6505 1 26
  1.9547 32 - 1
    0.3502 1 33
  2.0047 6 + 1
    0.4002 1 33
  2.0378 10 + 1
    0.4892 1 32
  2.0941 4 + 1
    0.4896 1 33
  2.1116 2 + 1
    0.571 1 31
  2.1282 8 - 2
    0.3643 0.3865 36
    0.5237 0.6135 33
  2.1931 6 + 3
    0.3606 0.3333 39
    0.4824 0.565 35
    0.5886 0.1017 33
  2.2122 32 + 2
    0.4483 0.068447 36
    0.6077 0.931553 33
  2.25 36 + 3
    0.2953 0.231823 41
    0.4861 0.218622 36
    0.6455 0.549555 33
  2.2635 38 + 1
    0.0135 1 49
  2.2695 4 - 1
    0.5056 1 36
  2.3359 10 - 1
    0.572 1 36
  2.356 8 - 2
    0.4013 0.4012 41
    0.5921 0.5988 36
  2.7026 6 - 2
    0.4391 0.6579 50
    0.4526 0.3421 49
  2.7249 2 + 1
    0.4614 1 50
  2.7375 0 - 1
    0.7828 1 41
  2.7869 4 + 1
    1.023 1 36
  2.7973 40 + 2
    0.5338 0.964761 50
    0.5473 0.035239 49
  3.0343 38 + 2
    0.237 0.7008 58
    0.7843 0.2992 49
  3.3227 38 + 2
    0.5254 0.377 58
    1.0592 0.623 50
  3.3641 42 - 1
    0.5668 1 58
  3.5059 44 - 2
    0.7086 0.1985 58
    1.2424 0.8015 50
  3.6824 42 - 3
    0.1765 0.585258 62
    0.3183 0.247925 61
    0.8851 0.166817 58
  3.8826 40 + 3
    0.5599 0.263 60
    0.8483 0.1974 59
    1.0853 0.5396 58
  4.4402 42 + 5
    0.5576 0.113108 64
    0.7578 0.102907 63
    1.0761 0.078535 61
    1.4059 0.102807 59
    1.6429 0.602642 58
  4.5474 44 + 1
    0.1072 1 65
  4.7716 50 - 1
    0.2242 1 66

85 213 6
  0 9 - 0
  0.3405 1 - 1
    0.3405 1 0
  0.7246 13 - 1
    0.7246 1 0
  1.1113 15 - 1
    0.3867 1 2
  1.1297 17 - 1
    0.4051 1 2
  1.3181 19 - 1
    0.1884 1 4

85 214 25
  0 2 - 0
  0.059 0 - 1
    0.059 1 0
  0.078 0 - 1
    0.078 1 0
  0.1451 4 - 1
    0.1451 1 0
  0.187 6 - 1
    0.187 1 0
  0.2281 8 - 1
    0.083 1 3
  0.232 18 - 1
    0.232 1 0
  0.2779 14 - 1
    0.0459 1 6
  0.3021 12 - 1
    0.074 1 5
  0.304 2 + 3
    0.117 0.969281 4
    0.226 0.01339 2
    0.304 0.01733 0
  0.334 4 - 1
    0.147 1 4
  0.343 16 - 1
    0.111 1 6
  0.411 10 + 2
    0.1089 0.5 8
    0.1829 0.5 5
  0.455 6 + 2
    0.2269 0.5 5
    0.3099 0.5 3
  0.494 8 + 1
    0.307 1 4
  0.5041 10 + 1
    0.276 1 5
  0.5651 4 + 1
    0.337 1 5
  0.632 6 + 2
    0.4039 0.5 5
    0.4869 0.5 3
  0.7284 16 - 2
    0.4505 0.6748 7
    0.4964 0.3252 6
  0.79 8 + 2
    0.296 0.5 14
    0.603 0.5 4
  0.863 12 + 2
    0.369 0.5 14
    0.5851 0.5 7
  0.882 6 + 2
    0.6539 0.5 5
    0.7369 0.5 3
  0.974 10 + 2
    0.6719 0.5 8
    0.7459 0.5 5
  1.017 4 + 2
    0.83 0.5 4
    1.017 0.5 0
  1.137 2 - 2
    0.95 0.5 4
    1.137 0.5 0

85 215 7
  0 9 - 0
  0.16988 7 - 1
    0.16988 1 0
  0.352 5 - 1
    0.352 1 0
  0.363 13 + 1
    0.363 1 0
  0.47229 7 - 2
    0.30241 0.1382 1
    0.47229 0.8618 0
  0.517 13 - 2
    0.154 0.032719 3
    0.517 0.967281 0
  0.58 3 - 2
    0.10771 0.5 4
    0.41012 0.5 1

85 216 19
  0 2 - 0
  0.04459 4 - 1
    0.04459 1 0
  0.05711 8 - 1
    0.01252 1 1
  0.10589 0 - 2
    0.0613 0.6114 1
    0.10589 0.3886 0
  0.122 10 - 1
    0.06489 1 2
  0.1534 4 - 2
    0.10881 0.2842 1
    0.1534 0.7158 0
  0.16073 2 - 3
    0.05484 0.1065 3
    0.11614 0.1473 1
    0.16073 0.7462 0
  0.1693 6 - 2
    0.11219 0.084018 2
    0.12471 0.915982 1
  0.1992 6 - 2
    0.14209 0.7073 2
    0.15461 0.2927 1
  0.208 12 + 2
    0.16341 0.99032 1
    0.208 0.00968 0
  0.2346 14 + 1
    0.12871 1 3
  0.2548 8 + 1
    0.1328 1 4
  0.2782 8 - 3
    0.1562 0.840783 4
    0.22109 0.080148 2
    0.23361 0.079068 1
  0.3028 10 + 3
    0.19691 0.2049 3
    0.25821 0.4878 1
    0.3028 0.3073 0
  0.317 16 + 1
    0.109 1 9
  0.3811 6 + 4
    0.1731 0.113799 9
    0.1819 0.095809 8
    0.32399 0.191598 2
    0.3811 0.598794 0
  0.413 18 - 1
    0.096 1 14
  0.4215 4 + 2
    0.26077 0.4382 6
    0.2681 0.5618 5
  0.4793 12 + 1
    0.31857 1 6

85 217 16
  0 9 - 0
  0.10025 7 - 1
    0.10025 1 0
  0.21812 5 - 2
    0.11787 0.01288 1
    0.21812 0.98712 0
  0.27207 3 - 2
    0.05395 0.5753 2
    0.17182 0.4247 1
  0.3103 11 - 1
    0.21005 1 1
  0.36823 3 - 2
    0.09616 0.1487 3
    0.15011 0.8513 2
  0.38234 7 - 2
    0.28209 0.0814 1
    0.38234 0.9186 0
  0.41064 13 - 1
    0.41064 1 0
  0.42435 1 - 1
    0.3241 1 1
  0.5375 9 + 2
    0.43725 0.1604 1
    0.5375 0.8396 0
  0.5685 5 + 2
    0.46825 0.5376 1
    0.5685 0.4624 0
  0.577 7 - 3
    0.20877 0.111499 5
    0.35888 0.838892 2
    0.577 0.04961 0
  0.652 15 + 1
    0.652 1 0
  0.6644 11 + 3
    0.44628 0.225723 2
    0.56415 0.654665 1
    0.6644 0.119612 0
  0.8093 5 + 1
    0.8093 1 0
  0.8919 17 + 1
    0.8919 1 0

85 218 1
  0 0 - 0

85 219 1
  0 3 - 0

85 220 1
  0 6 + 0

85 221 1
  0 9 - 0

85 222 1
  0 2 - 0

85 223 1
  0 3 - 0

85 225 1
  0 3 - 0

85 226 1
  0 2 + 0

85 227 1
  0 3 - 0

85 228 1
  0 0 + 0

85 229 1
  0 1 + 0

