5 7 1
  0 3 - 0

5 8 5
  0 4 + 0
  0.7695 2 + 1
    0.7695 1 0
  2.32 6 + 1
    2.32 1 0
  3.5 4 - 2
    1.18 0.5 2
    2.7305 0.5 1
  10.619 0 + 1
    10.619 1 0

5 9 22
  0 3 - 0
  1.5 1 - 1
    1.5 1 0
  2.345 5 - 1
    0.845 1 1
  2.751 5 + 1
    2.751 1 0
  2.78 1 - 2
    0.435 0.5 2
    1.28 0.5 1
  4.8 3 - 2
    2.049 0.5 3
    4.8 0.5 0
  6.985 7 - 2
    4.234 0.5 3
    6.985 0.5 0
  11.64 7 - 2
    8.889 0.5 3
    11.64 0.5 0
  12.16 1 - 2
    9.815 0.5 2
    10.66 0.5 1
  14.01 3 + 2
    11.665 0.5 2
    12.51 0.5 1
  14.655 3 - 3
    11.875 0.075505 4
    12.31 0.471906 2
    14.655 0.452589 0
  14.7 5 - 2
    12.355 0.5 2
    13.2 0.5 1
  15.29 1 + 2
    12.539 0.5 3
    15.29 0.5 0
  15.58 1 + 2
    12.829 0.5 3
    15.58 0.5 0
  16.024 3 + 2
    13.679 0.5 2
    14.524 0.5 1
  16.71 5 + 2
    13.959 0.5 3
    16.71 0.5 0
  17.076 1 + 2
    14.731 0.5 2
    17.076 0.5 0
  17.19 3 + 2
    14.845 0.5 2
    15.69 0.5 1
  17.54 7 + 2
    3.53 0.5 9
    15.195 0.5 2
  17.638 1 + 2
    14.887 0.5 3
    17.638 0.5 0
  18.6 3 - 2
    15.849 0.5 3
    18.6 0.5 0
  20.7 1 + 2
    17.949 0.5 3
    20.7 0.5 0

5 10 41
  0 6 + 0
  0.71838 2 + 1
    0.71838 1 0
  1.74005 0 + 1
    1.02167 1 1
  2.15427 2 + 3
    0.41422 0.516 2
    1.43589 0.273 1
    2.15427 0.211 0
  3.58713 4 + 3
    1.43286 0.14 3
    2.86875 0.67 1
    3.58713 0.19 0
  4.774 6 + 2
    4.05562 0.995001 1
    4.774 0.004999 0
  5.1103 4 - 3
    3.37025 0.05 2
    4.39192 0.31 1
    5.1103 0.64 0
  5.1639 4 + 5
    1.57677 0.077923 4
    3.00963 0.652314 3
    3.42385 7.5e-05 2
    4.44552 0.225732 1
    5.1639 0.043956 0
  5.182 2 + 1
    3.44195 1 2
  5.9195 4 + 2
    5.20112 0.18 1
    5.9195 0.82 0
  6.0249 8 + 1
    6.0249 1 0
  6.1291 6 - 2
    0.9652 0.5 7
    2.54197 0.5 4
  6.5601 8 - 2
    1.7861 0.5 5
    6.5601 0.5 0
  6.875 2 - 6
    0.9555 0.036268 9
    1.7111 0.031091 7
    1.7647 0.041454 6
    4.72073 0.134686 3
    5.13495 0.549229 2
    6.15662 0.207271 1
  7.004 6 + 2
    6.28562 0.5 1
    7.004 0.5 0
  7.428 2 - 3
    2.3177 0.32 6
    5.27373 0.22 3
    6.70962 0.46 1
  7.47 4 + 2
    3.88287 0.5 4
    5.72995 0.5 2
  7.479 4 - 2
    6.76062 0.5 1
    7.479 0.5 0
  7.5599 0 + 3
    2.3779 0.14 8
    5.40563 0.09 3
    6.84152 0.77 1
  7.666 2 + 2
    6.94762 0.5 1
    7.666 0.5 0
  7.75 4 - 5
    2.6397 0.048049 6
    4.16287 0.034029 4
    5.59573 0.037039 3
    7.03162 0.110098 1
    7.75 0.770785 0
  7.811 2 - 2
    4.22387 0.5 4
    6.07095 0.5 2
  7.96 0 - 2
    5.80573 0.5 3
    7.24162 0.5 1
  8.07 4 + 2
    4.48287 0.5 4
    6.32995 0.5 2
  8.68 2 - 2
    5.09287 0.5 4
    6.93995 0.5 2
  8.887 6 - 2
    3.7231 0.5 7
    5.29987 0.5 4
  8.895 4 + 1
    8.895 1 0
  9.58 2 - 2
    5.99287 0.5 4
    7.83995 0.5 2
  9.7 0 - 2
    7.54573 0.5 3
    8.98162 0.5 1
  10.825 2 - 2
    7.23787 0.5 4
    9.08495 0.5 2
  11.511 0 - 2
    9.35673 0.5 3
    10.7926 0.5 1
  12.564 2 - 2
    8.97687 0.5 4
    10.8239 0.5 2
  13.494 2 + 2
    12.7756 0.5 1
    13.494 0.5 0
  14.34 0 - 2
    12.1857 0.5 3
    13.6216 0.5 1
  18.2 2 + 2
    17.4816 0.5 1
    18.2 0.5 0
  18.43 4 - 2
    17.7116 0.5 1
    18.43 0.5 0
  18.8 0 + 2
    15.2129 0.5 4
    17.06 0.5 2
  19.29 4 - 2
    18.5716 0.5 1
    19.29 0.5 0
  20.1 2 - 2
    16.5129 0.5 4
    18.36 0.5 2
  21.1 2 + 2
    20.3816 0.5 1
    21.1 0.5 0
  23.1 0 + 2
    19.5129 0.5 4
    21.36 0.5 2

5 11 41
  0 3 - 0
  2.12469 1 - 1
    2.12469 1 0
  4.44489 5 - 1
    4.44489 1 0
  5.02031 3 - 2
    2.89562 0.1429 1
    5.02031 0.8571 0
  6.7429 7 - 2
    2.29801 0.3 2
    6.7429 0.7 0
  6.7918 1 + 3
    1.77149 0.039962 3
    4.66711 0.285411 1
    6.7918 0.674627 0
  7.28551 5 + 3
    2.2652 0.069989 3
    2.84062 0.055119 2
    7.28551 0.874891 0
  7.97784 3 + 3
    0.69233 0.008524 6
    5.85315 0.530541 1
    7.97784 0.460936 0
  8.5603 3 - 4
    3.53999 0.090237 3
    4.11541 0.049894 2
    6.43561 0.297224 1
    8.5603 0.562645 0
  8.9202 5 - 2
    4.47531 0.050338 2
    8.9202 0.949662 0
  9.185 7 + 3
    2.4421 0.130702 4
    4.74011 0.86001 2
    9.185 0.009288 0
  9.2744 5 + 2
    4.25409 0.5 3
    9.2744 0.5 0
  9.82 1 + 2
    4.79969 0.5 3
    9.82 0.5 0
  9.876 3 + 2
    5.43111 0.5 2
    7.75131 0.5 1
  10.26 3 - 2
    5.23969 0.5 3
    10.26 0.5 0
  10.33 5 - 2
    5.88511 0.5 2
    8.20531 0.5 1
  10.597 7 + 2
    2.61916 0.5 7
    6.15211 0.5 2
  10.96 5 - 2
    6.51511 0.5 2
    8.83531 0.5 1
  11.265 9 + 2
    3.97949 0.5 6
    4.5221 0.5 4
  11.444 1 + 2
    6.42369 0.5 3
    11.444 0.5 0
  11.6 5 + 2
    6.57969 0.5 3
    11.6 0.5 0
  11.886 5 - 2
    7.44111 0.5 2
    9.76131 0.5 1
  12 7 + 2
    4.02216 0.5 7
    7.55511 0.5 2
  12.557 1 - 2
    8.11211 0.5 2
    10.4323 0.5 1
  12.916 1 - 2
    8.47111 0.5 2
    10.7913 0.5 1
  13.137 9 - 2
    4.2168 0.5 9
    8.69211 0.5 2
  13.16 3 + 2
    8.71511 0.5 2
    11.0353 0.5 1
  14.04 11 + 2
    3.443 0.5 16
    4.855 0.5 10
  14.34 5 + 2
    9.31969 0.5 3
    14.34 0.5 0
  14.565 1 - 2
    10.1201 0.5 2
    12.4403 0.5 1
  15.29 3 - 2
    10.2697 0.5 3
    15.29 0.5 0
  16.437 1 + 2
    11.4167 0.5 3
    16.437 0.5 0
  17.33 3 - 2
    12.3097 0.5 3
    17.33 0.5 0
  17.43 1 + 2
    12.4097 0.5 3
    17.43 0.5 0
  18 3 - 2
    12.9797 0.5 3
    18 0.5 0
  18.37 1 + 2
    13.3497 0.5 3
    18.37 0.5 0
  19.13 3 + 2
    14.6851 0.5 2
    17.0053 0.5 1
  19.7 1 + 2
    14.6797 0.5 3
    19.7 0.5 0
  21.27 3 - 2
    16.2497 0.5 3
    21.27 0.5 0
  23.7 1 - 2
    19.2551 0.5 2
    21.5753 0.5 1
  26.5 3 - 2
    21.4797 0.5 3
    26.5 0.5 0

5 12 50
  0 2 + 0
  0.95314 4 + 1
    0.95314 1 0
  1.67365 4 - 2
    0.72051 0.032 1
    1.67365 0.968 0
  2.6208 2 - 3
    0.94715 0.14 2
    1.66766 0.8 1
    2.6208 0.06 0
  2.723 0 + 1
    2.723 1 0
  3.3891 6 - 2
    0.7683 0.5 3
    2.43596 0.5 1
  3.759 4 + 2
    1.1382 0.5 3
    2.80586 0.5 1
  4.301 2 - 2
    1.6802 0.5 3
    3.34786 0.5 1
  4.46 4 - 2
    2.78635 0.5 2
    4.46 0.5 0
  4.518 8 - 2
    0.058 0.5 8
    2.84435 0.5 2
  5 2 + 2
    3.32635 0.5 2
    5 0.5 0
  5.612 6 + 2
    3.93835 0.5 2
    5.612 0.5 0
  5.726 6 - 2
    3.1052 0.5 3
    4.77286 0.5 1
  6 2 - 2
    3.3792 0.5 3
    5.04686 0.5 1
  6.6 2 + 2
    4.92635 0.5 2
    6.6 0.5 0
  7.06 2 - 2
    4.4392 0.5 3
    6.10686 0.5 1
  7.545 0 + 2
    4.9242 0.5 3
    6.59186 0.5 1
  7.67 4 - 2
    5.99635 0.5 2
    7.67 0.5 0
  7.7 2 - 2
    5.0792 0.5 3
    6.74686 0.5 1
  7.836 2 - 2
    5.2152 0.5 3
    6.88286 0.5 1
  7.937 2 - 2
    5.3162 0.5 3
    6.98386 0.5 1
  8.1 0 + 2
    5.4792 0.5 3
    7.14686 0.5 1
  8.12 6 - 2
    5.4992 0.5 3
    7.16686 0.5 1
  8.24 6 - 2
    5.6192 0.5 3
    7.28686 0.5 1
  8.376 4 + 2
    5.7552 0.5 3
    7.42286 0.5 1
  8.58 6 - 2
    5.9592 0.5 3
    7.62686 0.5 1
  8.707 6 - 2
    6.0862 0.5 3
    7.75386 0.5 1
  9.04 2 - 2
    6.4192 0.5 3
    8.08686 0.5 1
  9.175 4 - 2
    7.50135 0.5 2
    9.175 0.5 0
  9.43 0 + 2
    6.8092 0.5 3
    8.47686 0.5 1
  9.585 6 - 2
    6.9642 0.5 3
    8.63186 0.5 1
  9.758 0 + 2
    7.1372 0.5 3
    8.80486 0.5 1
  9.83 4 + 2
    7.2092 0.5 3
    8.87686 0.5 1
  10 2 + 2
    8.32635 0.5 2
    10 0.5 0
  10.11 4 + 2
    7.4892 0.5 3
    9.15686 0.5 1
  10.22 0 + 2
    7.5992 0.5 3
    9.26686 0.5 1
  10.435 2 + 2
    8.76135 0.5 2
    10.435 0.5 0
  10.59 4 + 2
    7.9692 0.5 3
    9.63686 0.5 1
  10.9 2 + 2
    9.22635 0.5 2
    10.9 0.5 0
  11.08 0 + 2
    8.4592 0.5 3
    10.1269 0.5 1
  11.31 4 + 2
    8.6892 0.5 3
    10.3569 0.5 1
  11.59 2 - 2
    8.9692 0.5 3
    10.6369 0.5 1
  12.345 0 + 2
    9.7242 0.5 3
    11.3919 0.5 1
  12.75 0 + 2
    10.1292 0.5 3
    11.7969 0.5 1
  13.33 2 - 2
    10.7092 0.5 3
    12.3769 0.5 1
  13.4 4 - 2
    11.7264 0.5 2
    13.4 0.5 0
  14.82 4 + 2
    12.1992 0.5 3
    13.8669 0.5 1
  15.5 2 - 2
    12.8792 0.5 3
    14.5469 0.5 1
  21.8 6 - 2
    19.1792 0.5 3
    20.8469 0.5 1
  23.9 2 - 2
    21.2792 0.5 3
    22.9469 0.5 1

5 13 23
  0 3 - 0
  3.4828 1 - 1
    3.4828 1 0
  3.5346 5 - 1
    0.0518 1 1
  3.681 7 - 1
    3.681 1 0
  3.7126 3 - 1
    3.7126 1 0
  4.131 1 - 2
    0.5964 0.2481 2
    4.131 0.7519 0
  4.829 9 - 1
    1.2944 1 2
  5.024 5 - 2
    1.4894 0.5 2
    1.5412 0.5 1
  5.106 3 - 2
    1.425 0.5 3
    5.106 0.5 0
  5.388 1 + 2
    1.6754 0.5 4
    5.388 0.5 0
  5.557 3 + 2
    2.0224 0.5 2
    2.0742 0.5 1
  6.167 1 + 2
    2.4544 0.5 4
    6.167 0.5 0
  6.425 5 + 2
    2.744 0.5 3
    6.425 0.5 0
  6.934 3 + 2
    3.3994 0.5 2
    3.4512 0.5 1
  7.516 1 + 2
    3.8034 0.5 4
    7.516 0.5 0
  7.859 11 + 1
    3.03 1 6
  8.133 3 + 2
    4.5984 0.5 2
    4.6502 0.5 1
  8.683 5 + 2
    5.002 0.5 3
    8.683 0.5 0
  9.44 1 - 2
    5.9054 0.5 2
    5.9572 0.5 1
  9.5 3 + 2
    5.9654 0.5 2
    6.0172 0.5 1
  10.22 7 - 2
    6.539 0.5 3
    10.22 0.5 0
  10.89 1 + 2
    7.1774 0.5 4
    10.89 0.5 0
  11.8 3 - 2
    8.119 0.5 3
    11.8 0.5 0

5 14 7
  0 4 - 0
  0.74 2 - 1
    0.74 1 0
  1.38 6 - 1
    0.64 1 1
  1.86 4 - 1
    1.86 1 0
  2.08 8 - 2
    0.22 0.5 3
    2.08 0.5 0
  2.32 0 - 2
    0.46 0.5 3
    2.32 0.5 0
  2.97 2 - 2
    1.59 0.5 2
    2.23 0.5 1

5 15 1
  0 1 + 0

5 16 1
  0 0 - 0

5 17 1
  0 3 - 0

