83 184 1
  0 4 + 0

83 185 1
  0 1 + 0

83 186 1
  0 6 + 0

83 187 7
  0 9 - 0
  0.063 7 - 1
    0.063 1 0
  0.112 1 + 1
    0.112 1 0
  0.252 13 + 1
    0.252 1 0
  0.45 17 + 1
    0.198 1 3
  0.72 21 + 1
    0.27 1 4
  1.063 25 + 1
    0.343 1 5

83 188 1
  0 4 - 0

83 189 10
  0 9 - 0
  0.0996 7 - 1
    0.0996 1 0
  0.184 1 + 1
    0.0844 1 1
  0.3576 13 + 1
    0.3576 1 0
  0.778 17 + 1
    0.4204 1 3
  1.091 21 + 1
    0.313 1 4
  1.466 25 + 1
    0.375 1 5
  1.912 29 + 1
    0.446 1 6
  2.422 33 + 1
    0.51 1 7
  2.973 37 + 1
    0.551 1 8

83 190 2
  0 6 + 0
  0.2 20 - 1
    0.2 1 0

83 191 19
  0 9 - 0
  0.149 7 - 1
    0.149 1 0
  0.241 1 + 1
    0.241 1 0
  0.4219 5 + 1
    0.1809 1 2
  0.4297 13 + 1
    0.4297 1 0
  0.486 11 - 1
    0.486 1 0
  0.6931 13 - 2
    0.2071 0.2314 5
    0.6931 0.7686 0
  0.7461 9 + 1
    0.3242 1 3
  0.748 15 + 1
    0.3183 1 4
  1.0178 15 - 2
    0.3247 0.5356 6
    0.5318 0.4644 5
  1.0267 17 + 2
    0.2787 0.5526 8
    0.597 0.4474 4
  1.1437 13 + 1
    0.3976 1 7
  1.257 3 - 1
    0.509 1 8
  1.2711 17 - 1
    0.578 1 6
  1.3515 19 + 2
    0.3248 0.5644 10
    0.6035 0.4356 8
  1.5996 21 + 2
    0.2481 0.4446 14
    0.5729 0.5554 10
  1.6169 19 - 1
    0.5991 1 9
  1.6257 17 + 1
    0.482 1 11
  1.7366 21 + 2
    0.3851 0.4205 14
    0.7099 0.5795 10

83 192 2
  0 6 + 0
  0.1 20 - 1
    0.1 1 0

83 193 30
  0 9 - 0
  0.308 1 + 1
    0.308 1 0
  0.5079 3 + 1
    0.1999 1 1
  0.6055 13 + 1
    0.6055 1 0
  0.62 11 - 1
    0.62 1 0
  0.7374 5 + 1
    0.2295 1 2
  0.818 13 - 2
    0.198 0.1772 4
    0.818 0.8228 0
  0.9289 15 + 1
    0.3234 1 3
  1.0168 7 + 2
    0.2794 0.3447 5
    0.5089 0.6553 2
  1.1699 15 - 2
    0.3519 0.5541 6
    0.5499 0.4459 4
  1.2282 17 + 2
    0.2993 0.7373 7
    0.6227 0.2627 3
  1.415 17 - 2
    0.2451 0.1705 9
    0.597 0.8295 6
  1.5148 17 + 2
    0.5859 0.5038 7
    0.9093 0.4962 3
  1.5213 11 + 1
    0.5045 1 8
  1.536 15 + 2
    0.718 0.3668 6
    0.9305 0.6332 3
  1.5555 19 + 2
    0.3273 0.6864 10
    0.6266 0.3136 7
  1.6729 17 + 2
    0.1369 0.2444 14
    1.0674 0.7556 3
  1.7946 19 - 2
    0.3796 0.3303 11
    0.6247 0.6697 9
  1.8753 21 + 2
    0.3198 0.5571 15
    0.6471 0.4429 10
  1.9508 19 + 1
    0.436 1 12
  2.049 21 - 2
    0.2544 0.2194 17
    0.634 0.7806 11
  2.1089 5 - 1
    0.436 1 16
  2.1279 7 - 1
    0.455 1 16
  2.221 23 + 2
    0.3457 0.6061 18
    0.6655 0.3939 15
  2.356 25 - 1
    0.307 1 20
  2.4646 23 - 2
    0.4156 0.1834 20
    0.67 0.8166 17
  2.5364 25 + 2
    0.3154 0.4606 23
    0.6611 0.5394 18
  2.587 25 - 1
    0.538 1 20
  2.7567 27 + 2
    0.2203 0.908409 26
    0.5357 0.091591 23
  2.9607 29 + 1
    0.204 1 28

83 194 5
  0 6 + 0
  0.1 20 - 1
    0.1 1 0
  0.2 4 - 1
    0.2 1 0
  0.218 8 - 1
    0.218 1 0
  0.396 2 - 1
    0.178 1 3

83 195 8
  0 9 - 0
  0.401 1 + 1
    0.401 1 0
  0.8879 13 + 1
    0.8879 1 0
  1.2322 15 - 1
    0.3443 1 2
  1.6239 17 + 1
    0.3917 1 3
  2.0449 21 + 1
    0.421 1 4
  2.1962 25 + 1
    0.1513 1 5
  2.3114 27 + 1
    0.1152 1 6

83 196 4
  0 6 + 0
  0.1583 12 + 1
    0.1583 1 0
  0.169 14 + 1
    0.0107 1 1
  0.271 20 - 1
    0.102 1 2

83 197 23
  0 9 - 0
  0.5 1 + 1
    0.5 1 0
  1.00073 13 - 1
    1.00073 1 0
  1.00923 11 - 1
    1.00923 1 0
  1.19625 13 + 3
    0.18702 0.430857 3
    0.19552 0.354365 2
    1.19625 0.214779 0
  1.60095 17 + 1
    0.4047 1 4
  1.9675 21 + 1
    0.36655 1 5
  2.0647 23 + 1
    0.0972 1 6
  2.0886 25 + 1
    0.1211 1 6
  2.1293 23 - 1
    0.1618 1 6
  2.3574 27 + 1
    0.2927 1 7
  2.3833 27 + 1
    0.2947 1 8
  2.3845 25 - 1
    0.2552 1 9
  2.4978 5 - 1
    0.4331 1 7
  2.6351 7 - 1
    0.2777 1 10
  2.6887 27 - 1
    0.624 1 7
  2.9283 3 + 1
    0.2396 1 15
  2.9295 31 - 1
    0.8648 1 7
  3.0706 5 + 1
    1.0059 1 7
  3.0783 7 - 1
    0.5805 1 13
  3.5556 3 + 1
    0.6273 1 16
  3.8662 9 - 1
    0.3106 1 20
  4.0248 5 + 1
    0.9465 1 19

83 198 5
  0 6 - 0
  0.164 0 - 1
    0.164 1 0
  0.303 4 - 1
    0.139 1 1
  0.5 14 + 1
    0.5 1 0
  0.7485 20 - 1
    0.2485 1 3

83 199 26
  0 9 - 0
  0.667 1 + 1
    0.667 1 0
  0.8457 5 - 1
    0.8457 1 0
  0.8802 7 - 1
    0.8802 1 0
  0.913 3 + 1
    0.246 1 1
  1.0022 13 - 1
    1.0022 1 0
  1.0343 11 - 1
    1.0343 1 0
  1.119 5 + 2
    0.206 0.7418 4
    0.452 0.2582 1
  1.1974 13 - 2
    0.1952 0.4278 5
    1.1974 0.5722 0
  1.2484 7 + 1
    1.2484 1 0
  1.321 3 + 1
    1.321 1 0
  1.3963 13 + 3
    0.362 0.5593 6
    0.3941 0.3289 5
    1.3963 0.1118 0
  1.459 5 + 1
    0.546 1 4
  1.5018 17 - 1
    0.4996 1 5
  1.5236 11 + 1
    1.5236 1 0
  1.6194 9 + 1
    0.6172 1 5
  1.6359 13 + 2
    0.2396 0.3038 11
    0.6016 0.6962 6
  1.6475 17 + 2
    0.1457 0.919372 13
    0.2512 0.080628 11
  1.6634 11 + 1
    1.6634 1 0
  1.6832 13 - 1
    1.6832 1 0
  1.7062 7 + 1
    1.7062 1 0
  1.8221 3 - 1
    1.8221 1 0
  1.9223 21 + 1
    0.2748 1 17
  1.9995 19 - 1
    0.352 1 17
  2.001 9 - 1
    0.3535 1 17
  2.1331 5 - 1
    2.1331 1 0

83 200 3
  0 14 + 0
  0.1 4 + 1
    0.1 1 0
  0.4282 20 - 1
    0.4282 1 0

83 201 39
  0 9 - 0
  0.84635 1 + 1
    0.84635 1 0
  0.89024 5 - 1
    0.89024 1 0
  0.90423 7 - 1
    0.90423 1 0
  0.9644 11 - 1
    0.9644 1 0
  0.96749 13 - 1
    0.96749 1 0
  1.0862 3 + 2
    0.19596 0.004952 2
    0.23985 0.995048 1
  1.18659 7 - 2
    0.29635 0.1213 2
    1.18659 0.8787 0
  1.27445 5 + 2
    0.18825 0.5711 6
    0.4281 0.4289 1
  1.37934 15 - 2
    0.41185 0.969871 5
    0.41494 0.030129 4
  1.44171 7 - 3
    0.53748 0.2979 3
    0.55147 0.5048 2
    1.44171 0.1973 0
  1.47087 3 + 2
    0.56664 0.2561 3
    1.47087 0.7439 0
  1.4756 17 - 1
    0.09626 1 9
  1.48354 3 - 2
    0.5933 0.8986 2
    0.63719 0.1014 1
  1.50189 13 + 3
    0.5344 0.2919 5
    0.53749 0.6867 4
    1.50189 0.0214 0
  1.5044 9 + 2
    0.54 0.914909 4
    1.5044 0.085091 0
  1.6163 5 + 1
    0.5301 1 6
  1.6651 11 + 1
    0.69761 1 5
  1.71915 1 + 2
    0.21726 0.1419 14
    0.75475 0.8581 4
  1.7475 17 + 1
    0.2719 1 12
  1.7629 9 + 2
    0.7985 0.3548 4
    1.7629 0.6452 0
  1.77892 5 - 2
    0.87469 0.4652 3
    0.88868 0.5348 2
  1.81786 7 + 3
    0.54341 0.2763 8
    0.73166 0.2851 6
    0.97151 0.4386 1
  1.84816 3 - 2
    0.94393 0.3506 3
    1.84816 0.6494 0
  1.85802 3 + 2
    0.58357 0.5337 8
    0.77182 0.4663 6
  1.92732 11 - 2
    1.02309 0.5076 3
    1.92732 0.4924 0
  1.9333 21 + 1
    0.1858 1 19
  1.94424 9 - 3
    1.04001 0.272727 3
    1.054 0.363636 2
    1.94424 0.363636 0
  2.0343 5 + 1
    0.53241 1 14
  2.05359 7 - 3
    0.77914 0.2348 8
    0.96739 0.1662 6
    1.20724 0.599 1
  2.06582 5 + 5
    0.62411 0.068927 10
    0.79137 0.410284 8
    0.97962 0.128895 6
    1.17558 0.301588 2
    1.21947 0.090306 1
  2.3867 1 - 1
    1.3005 1 6
  2.4221 9 + 2
    1.51787 0.7937 3
    1.53186 0.2063 2
  2.4349 7 - 3
    1.16045 0.2747 8
    1.3487 0.4292 6
    1.58855 0.2961 1
  2.4555 11 + 3
    1.18105 0.12 8
    1.3693 0.4444 6
    1.60915 0.4356 1
  2.4843 15 - 2
    1.3981 0.7752 6
    1.63795 0.2248 1
  2.59288 5 + 5
    1.31843 0.1246 8
    1.50668 0.2088 6
    1.68865 0.1818 3
    1.70264 0.3367 2
    1.74653 0.1481 1
  2.90208 3 - 3
    1.62763 0.588259 8
    1.81588 0.294129 6
    2.05573 0.117612 1
  2.9059 7 + 2
    1.8197 0.4536 6
    2.05955 0.5464 1

83 202 5
  0 10 + 0
  0.007 14 + 1
    0.007 1 0
  0.0413 8 + 1
    0.0413 1 0
  0.068 10 + 1
    0.068 1 0
  0.605 16 - 1
    0.598 1 1

83 203 46
  0 9 - 0
  0.88337 11 - 1
    0.88337 1 0
  0.89351 5 - 1
    0.89351 1 0
  0.90863 7 - 1
    0.90863 1 0
  0.9325 13 - 1
    0.9325 1 0
  1.09095 7 - 3
    0.18232 0.01591 3
    0.19744 0.064562 2
    1.09095 0.919528 0
  1.09812 1 + 3
    0.18949 0.914342 3
    0.20461 0.084494 2
    1.09812 0.001164 0
  1.12388 9 - 3
    0.21525 0.5064 3
    0.24051 0.1554 1
    1.12388 0.3382 0
  1.23121 9 - 2
    0.14026 0.7091 5
    0.34784 0.2909 1
  1.24779 15 - 2
    0.31529 0.949929 4
    0.36442 0.050072 1
  1.26288 13 - 2
    0.37951 0.8706 1
    1.26288 0.1294 0
  1.27721 7 - 2
    0.18626 0.904664 5
    1.27721 0.095336 0
  1.2991 9 - 1
    0.17522 1 7
  1.31293 3 + 2
    0.21481 0.8923 6
    0.41942 0.1077 2
  1.35283 7 - 2
    0.26188 0.5382 5
    1.35283 0.4618 0
  1.4088 13 - 1
    0.16101 1 9
  1.4793 5 - 1
    0.12647 1 14
  1.4841 13 - 1
    0.23631 1 9
  1.48813 5 + 2
    0.1752 0.8898 13
    0.39001 0.1102 6
  1.4944 15 - 1
    0.24661 1 9
  1.49909 17 - 2
    0.23621 0.6663 10
    0.2513 0.3337 9
  1.5611 13 + 1
    0.67773 1 1
  1.5755 17 - 1
    0.32771 1 9
  1.60998 5 - 1
    0.4861 1 7
  1.6727 15 - 1
    0.40982 1 10
  1.7144 3 + 1
    0.36157 1 14
  1.8926 13 + 1
    1.00923 1 1
  1.90351 17 + 3
    0.23081 0.073309 24
    0.40442 0.390196 20
    0.65572 0.536495 9
  1.9906 21 + 1
    0.08709 1 27
  2.0286 3 + 1
    0.12509 1 27
  2.0415 25 + 1
    0.0509 1 28
  2.0881 11 + 1
    0.18459 1 27
  2.13586 3 + 4
    0.64773 0.2275 18
    0.82293 0.2566 13
    1.03774 0.0292 6
    1.24235 0.4867 2
  2.23113 5 + 4
    0.743 0.1297 18
    0.9182 0.1658 13
    1.13301 0.1125 6
    1.33762 0.592 2
  2.28701 1 + 3
    0.79888 0.458746 18
    0.97408 0.376138 13
    1.18889 0.165117 6
  2.56666 7 + 3
    1.47571 0.3788 5
    1.65803 0.3106 3
    1.67315 0.3106 2
  2.68938 11 + 4
    1.20125 0.113411 18
    1.59843 0.257726 5
    1.78075 0.343634 3
    1.79587 0.285229 2
  2.731 27 + 1
    0.6895 1 30
  2.75213 5 + 1
    1.264 1 18
  2.8553 27 + 1
    0.8138 1 30
  3.0322 29 - 2
    0.1769 0.4116 39
    0.3012 0.5884 37
  3.13048 3 + 3
    1.81755 0.526353 13
    2.03236 0.194719 6
    2.23697 0.278928 2
  3.5297 31 - 1
    0.4975 1 40
  3.826 33 - 1
    0.2963 1 42
  4.4701 35 - 1
    0.6441 1 43
  4.5443 37 - 1
    0.0742 1 44

83 204 43
  0 12 + 0
  0.00555 10 + 1
    0.00555 1 0
  0.01508 8 + 1
    0.00953 1 1
  0.0534 14 + 1
    0.0534 1 0
  0.07825 6 + 1
    0.06317 1 2
  0.20084 8 + 1
    0.12259 1 4
  0.21527 4 + 1
    0.13702 1 4
  0.33208 6 + 3
    0.13124 0.42147 5
    0.25383 0.085064 4
    0.317 0.493465 2
  0.8055 20 - 1
    0.7521 1 3
  0.816 16 + 1
    0.7626 1 3
  0.8763 18 - 1
    0.8229 1 3
  0.89572 2 + 1
    0.68045 1 6
  0.9415 18 + 1
    0.8881 1 3
  0.98319 4 - 2
    0.76792 0.2256 6
    0.90494 0.7744 4
  1.01846 6 + 2
    0.81762 0.5785 5
    1.00338 0.4215 2
  1.09457 4 - 2
    0.76249 0.3238 7
    1.01632 0.6762 4
  1.09928 10 - 3
    0.11609 0.115603 13
    0.20356 0.081272 11
    0.88401 0.803124 6
  1.25532 2 + 2
    1.04005 0.98829 6
    1.17707 0.01171 4
  1.36935 2 - 1
    0.27007 1 16
  1.40425 2 - 2
    0.30497 0.8571 16
    0.30968 0.1429 15
  1.4136 22 - 1
    0.6081 1 8
  1.4546 24 - 1
    0.041 1 20
  1.47837 8 - 2
    0.45991 0.6134 14
    0.58265 0.3866 11
  1.52611 4 - 2
    0.42683 0.943862 16
    1.19403 0.056138 7
  1.54642 2 - 1
    0.45185 1 15
  1.63418 2 - 5
    0.10807 0.154506 23
    0.22993 0.074733 19
    0.5349 0.695625 16
    0.53961 0.070823 15
    1.41891 0.004314 6
  1.6397 24 + 1
    0.2261 1 20
  1.7747 6 - 1
    0.135 1 26
  1.7894 10 + 1
    0.1497 1 26
  1.8216 26 - 1
    0.367 1 21
  1.9153 28 - 1
    0.0937 1 29
  1.9682 8 + 1
    0.1466 1 29
  2.2234 26 - 1
    0.4018 1 29
  2.4834 28 - 1
    0.6618 1 29
  2.6517 30 - 1
    0.7364 1 30
  2.6845 30 - 1
    0.2011 1 33
  2.7053 28 - 1
    0.8837 1 29
  2.8199 6 + 1
    0.9983 1 29
  2.8334 34 + 2
    0.1817 0.8524 34
    0.9181 0.1476 30
  2.8352 30 - 1
    0.3518 1 33
  3.3875 36 + 1
    0.5541 1 38
  3.516 32 - 1
    0.8107 1 36
  3.809 38 + 1
    0.4215 1 40

83 205 75
  0 9 - 0
  0.79589 11 - 1
    0.79589 1 0
  0.84984 7 - 1
    0.84984 1 0
  0.87239 5 - 2
    0.02255 0.1068 2
    0.87239 0.8932 0
  0.88138 13 - 1
    0.88138 1 0
  1.00123 7 - 3
    0.12884 0.1649 3
    0.15139 0.1348 2
    1.00123 0.7003 0
  1.04404 9 - 3
    0.1942 0.077018 2
    0.24815 0.260295 1
    1.04404 0.662687 0
  1.11004 13 - 2
    0.31415 0.6573 1
    1.11004 0.3427 0
  1.16772 15 - 2
    0.05768 0.4141 7
    0.28634 0.5859 4
  1.1943 11 - 2
    0.39841 0.599 1
    1.1943 0.401 0
  1.23912 7 - 1
    1.23912 1 0
  1.3101 13 - 1
    0.42872 1 4
  1.33625 5 - 2
    0.33502 0.1583 5
    1.33625 0.8417 0
  1.34388 17 - 2
    0.17616 0.97668 8
    0.4625 0.02332 4
  1.437 13 - 1
    0.55562 1 4
  1.47221 1 - 1
    0.59982 1 3
  1.48664 3 - 2
    0.15039 0.4597 12
    0.61425 0.5403 3
  1.49717 1 + 3
    0.02496 0.719243 15
    0.49594 0.032542 5
    0.62478 0.248215 3
  1.57213 17 - 2
    0.22825 0.2249 13
    0.40441 0.7751 8
  1.5919 13 + 1
    0.79601 1 1
  1.7012 15 - 2
    0.53348 0.4065 8
    0.59116 0.5935 7
  1.70919 3 + 3
    0.21202 0.207298 17
    0.22255 0.007808 16
    0.8368 0.784894 3
  1.8379 15 - 1
    0.5278 1 11
  1.96 3 - 2
    0.95877 0.5 5
    1.11016 0.5 2
  1.97025 5 + 3
    0.26106 0.869839 21
    0.47308 0.115892 17
    1.12041 0.014269 2
  2.04126 17 + 5
    0.20336 0.044466 22
    0.34006 0.037417 20
    0.46913 0.119589 18
    0.69738 0.656341 13
    0.87354 0.142187 8
  2.0647 21 + 2
    0.02344 0.8513 25
    0.72082 0.1487 13
  2.139 25 + 1
    0.0743 1 26
  2.14 5 - 2
    1.26761 0.5 3
    2.14 0.5 0
  2.1957 9 + 4
    0.22545 0.123212 24
    0.85945 0.184818 12
    1.19447 0.218022 5
    1.32331 0.473947 3
  2.31 7 + 2
    1.43761 0.5 3
    2.31 0.5 0
  2.3861 3 - 1
    1.51371 1 3
  2.42433 5 + 3
    0.45408 0.053531 24
    0.71514 0.096861 21
    1.55194 0.849609 3
  2.4476 9 + 1
    1.57521 1 3
  2.57393 7 + 3
    1.70154 0.30043 3
    1.72409 0.448445 2
    2.57393 0.251125 0
  2.57939 11 + 3
    1.57816 0.2384 5
    1.707 0.1802 3
    1.72955 0.5814 2
  2.64 5 + 2
    1.63877 0.5 5
    1.79016 0.5 2
  2.68363 3 + 2
    0.71338 0.3333 24
    1.81124 0.6667 3
  2.7 7 + 2
    1.82761 0.5 3
    2.7 0.5 0
  2.74 9 + 2
    1.89016 0.5 2
    1.94411 0.5 1
  2.78 27 + 1
    0.641 1 27
  2.79 1 - 2
    1.45375 0.5 12
    1.91761 0.5 3
  2.87 5 + 2
    1.86877 0.5 5
    2.02016 0.5 2
  2.89269 11 + 2
    1.1835 0.8929 21
    2.0203 0.1071 3
  2.95112 5 - 4
    1.24193 0.40036 21
    1.712 0.19988 10
    1.94989 0.19988 5
    2.10128 0.19988 2
  3.01 7 + 2
    2.13761 0.5 3
    3.01 0.5 0
  3.06 3 + 2
    1.72375 0.5 12
    2.18761 0.5 3
  3.17 9 + 2
    2.32016 0.5 2
    2.37411 0.5 1
  3.198 27 + 2
    0.418 0.5462 40
    1.059 0.4538 27
  3.2007 29 + 1
    0.4207 1 40
  3.22 7 - 2
    2.37016 0.5 2
    2.42411 0.5 1
  3.3 3 + 2
    1.96375 0.5 12
    2.42761 0.5 3
  3.36 1 - 2
    2.02375 0.5 12
    2.48761 0.5 3
  3.3798 29 - 2
    0.1818 0.0687 48
    0.5998 0.9313 40
  3.39 9 + 2
    2.54016 0.5 2
    2.59411 0.5 1
  3.41 5 + 2
    2.40877 0.5 5
    2.56016 0.5 2
  3.8959 31 - 1
    0.5161 1 53
  4.0194 33 - 1
    0.1235 1 56
  4.1718 35 - 1
    0.1524 1 57
  4.1813 31 + 1
    0.9806 1 49
  4.6504 35 - 1
    0.631 1 57
  4.6954 37 - 1
    0.5236 1 58
  4.9342 37 - 1
    0.7624 1 58
  4.958 33 + 2
    0.7767 0.1121 59
    1.0621 0.8879 56
  5.1639 35 + 1
    0.2059 1 63
  5.393 7 + 1
    0.2291 1 64
  5.4065 39 - 1
    0.7111 1 61
  5.4848 37 + 4
    0.3209 0.310816 64
    0.5506 0.089054 62
    0.7894 0.133507 61
    0.8344 0.466623 60
  5.5805 3 + 1
    0.4166 1 64
  5.8758 5 + 1
    0.4828 1 65
  5.931 39 + 1
    0.4462 1 67
  5.9415 11 - 1
    0.4567 1 67
  5.948 7 - 1
    0.4632 1 67
  6.452 9 + 1
    0.5105 1 71
  6.7188 5 - 1
    0.843 1 69

83 206 46
  0 12 + 0
  0.059897 8 + 1
    0.059897 1 0
  0.070741 6 + 1
    0.010844 1 1
  0.082818 10 + 1
    0.082818 1 0
  0.1412 14 + 1
    0.1412 1 0
  0.1661 10 + 2
    0.106203 0.8165 1
    0.1661 0.1835 0
  0.200381 8 + 3
    0.117563 0.5197 3
    0.12964 0.1111 2
    0.140484 0.3692 1
  0.282 10 + 2
    0.199182 0.5 3
    0.211259 0.5 2
  0.352691 6 + 3
    0.15231 0.115497 6
    0.28195 0.842875 2
    0.292794 0.041629 1
  0.40917 4 + 1
    0.338429 1 2
  0.523209 6 + 4
    0.170518 0.283997 8
    0.322828 0.04731 6
    0.452468 0.102299 2
    0.463312 0.566394 1
  0.73391 6 + 4
    0.210701 0.1692 10
    0.32474 0.2493 9
    0.381219 0.4075 8
    0.533529 0.174 6
  0.8158 16 + 1
    0.6746 1 4
  0.8781 4 + 6
    0.14419 0.009244 11
    0.354891 0.018891 10
    0.46893 0.01082 9
    0.677719 0.055303 6
    0.807359 0.86674 2
    0.818203 0.039002 1
  0.89708 6 + 3
    0.544389 0.133613 8
    0.826339 0.525353 2
    0.837183 0.341034 1
  0.93167 2 + 2
    0.5225 0.8291 9
    0.860929 0.1709 2
  1.0448 20 - 2
    0.229 0.873 12
    0.9036 0.127 4
  1.067 2 - 2
    0.1889 0.5 13
    0.65783 0.5 9
  1.07787 4 + 8
    0.1462 0.070309 15
    0.18079 0.041659 14
    0.34396 0.01103 11
    0.554661 0.243597 10
    0.6687 0.129598 9
    0.877489 0.002972 6
    1.00713 0.447695 2
    1.01797 0.053139 1
  1.0809 16 - 1
    0.9397 1 4
  1.103 4 + 8
    0.17133 0.008732 15
    0.2249 0.001516 13
    0.36909 0.005968 11
    0.579791 0.031581 10
    0.69383 0.005956 9
    0.902619 0.006923 6
    1.03226 0.931218 2
    1.0431 0.008106 1
  1.2583 18 + 2
    0.2135 0.5491 16
    0.4425 0.4509 12
  1.2669 18 + 1
    0.4511 1 12
  1.38942 2 + 7
    0.28642 0.471394 20
    0.31155 0.077649 18
    0.45775 0.002292 15
    0.51132 0.346295 13
    0.866211 0.000472 10
    0.98025 0.093439 9
    1.31868 0.008459 2
  1.52365 2 + 4
    0.59198 0.061644 15
    0.64555 0.478429 13
    1.11448 0.384723 9
    1.45291 0.075205 2
  1.56762 2 + 2
    0.1782 0.3333 23
    1.49688 0.6667 2
  1.60015 2 + 3
    0.03253 0.516695 25
    0.72205 0.061509 13
    1.19098 0.421796 9
  1.6393 22 - 1
    0.5945 1 16
  1.7892 24 - 2
    0.1499 0.7358 27
    0.7444 0.2642 16
  2.0556 26 - 1
    0.2664 1 28
  2.4994 26 - 1
    0.7102 1 28
  2.542 18 - 2
    0.9027 0.5 27
    1.7262 0.5 12
  2.6036 28 - 1
    0.548 1 29
  2.838 8 - 2
    2.75518 0.5 3
    2.76726 0.5 2
  2.86 20 - 2
    1.7791 0.5 19
    1.8152 0.5 16
  3.1471 30 + 1
    0.5435 1 32
  3.17 16 - 2
    2.1252 0.5 16
    3.0288 0.5 4
  3.568 22 + 2
    2.3097 0.5 21
    2.5232 0.5 16
  3.6035 34 + 1
    0.4564 1 35
  3.632 24 + 2
    1.5764 0.5 29
    1.9927 0.5 27
  3.6525 32 + 1
    0.5054 1 35
  4.023 8 - 2
    3.94018 0.5 3
    3.95226 0.5 2
  4.076 4 - 2
    3.72331 0.5 8
    4.00526 0.5 2
  4.3053 36 + 1
    0.7018 1 38
  4.843 28 - 2
    2.2394 0.5 32
    3.0538 0.5 28
  5.11 8 - 2
    5.02718 0.5 3
    5.03926 0.5 2

83 207 63
  0 9 - 0
  0.66977 11 - 1
    0.66977 1 0
  0.74274 7 - 1
    0.74274 1 0
  0.89246 9 - 3
    0.14972 0.484348 2
    0.22269 0.168617 1
    0.89246 0.347035 0
  0.93199 13 - 2
    0.26222 0.5671 1
    0.93199 0.4329 0
  0.99243 7 - 3
    0.09997 0.01505 3
    0.24969 0.044521 2
    0.99243 0.940428 0
  1.14845 5 - 3
    0.15602 0.011811 5
    0.40571 0.658959 2
    1.14845 0.32923 0
  1.2114 9 - 2
    0.46866 0.3412 2
    1.2114 0.6588 0
  1.24069 13 - 3
    0.3087 0.1411 4
    0.57092 0.6667 1
    1.24069 0.1922 0
  1.335 3 + 1
    0.18655 1 6
  1.35825 15 - 2
    0.11756 0.5151 8
    0.42626 0.4849 4
  1.36046 7 - 1
    1.36046 1 0
  1.37272 5 - 3
    0.22427 0.129787 6
    0.62998 0.469353 2
    1.37272 0.40086 0
  1.459 9 - 2
    0.56654 0.5 3
    1.459 0.5 0
  1.512 1 + 1
    1.512 1 0
  1.556 9 - 2
    0.66354 0.5 3
    1.556 0.5 0
  1.588 3 + 2
    0.253 0.5 9
    0.43955 0.5 6
  1.6076 13 + 1
    0.93783 1 1
  1.64553 15 - 4
    0.28728 0.02869 10
    0.40484 0.09291 8
    0.71354 0.7487 4
    0.97576 0.1297 1
  1.667 5 + 2
    0.67457 0.5 5
    0.92426 0.5 2
  1.68026 3 - 2
    0.30754 0.6956 12
    0.53181 0.3044 6
  1.69084 5 - 3
    0.33038 0.196808 11
    0.69841 0.050862 5
    0.9481 0.75233 2
  1.715 11 + 2
    0.82254 0.5 3
    1.715 0.5 0
  1.748 1 + 2
    0.081 0.5 19
    0.236 0.5 14
  1.7628 5 - 5
    0.39008 0.1735 12
    0.40234 0.1421 11
    0.77037 0.3604 5
    1.02006 0.1315 2
    1.7628 0.1925 0
  1.77 7 + 2
    0.87754 0.5 3
    1.77 0.5 0
  1.813 3 + 2
    0.478 0.5 9
    0.66455 0.5 6
  1.869 11 + 2
    0.97654 0.5 3
    1.869 0.5 0
  1.90229 1 + 2
    0.13949 0.009513 24
    0.22203 0.990487 20
  1.942 7 + 2
    1.04954 0.5 3
    1.942 0.5 0
  1.949 5 - 2
    1.05654 0.5 3
    1.949 0.5 0
  1.976 17 + 2
    0.3684 0.5 17
    0.61775 0.5 10
  1.996 3 + 2
    0.661 0.5 9
    0.84755 0.5 6
  2.044 7 + 2
    1.15154 0.5 3
    2.044 0.5 0
  2.06038 3 + 8
    0.15809 0.037609 28
    0.29758 0.041499 24
    0.36954 0.071298 21
    0.38012 0.026509 20
    0.68766 0.074498 12
    0.91193 0.694883 6
    1.31764 0.003825 2
    2.06038 0.049879 0
  2.081 11 + 2
    1.18854 0.5 3
    2.081 0.5 0
  2.10161 21 + 2
    0.45608 0.5921 18
    0.74336 0.4079 10
  2.111 5 + 2
    1.11857 0.5 5
    1.36826 0.5 2
  2.12 3 - 1
    1.37726 1 2
  2.174 7 + 2
    1.28154 0.5 3
    2.174 0.5 0
  2.1805 17 - 1
    0.82225 1 10
  2.221 9 + 2
    1.47826 0.5 2
    1.55123 0.5 1
  2.231 1 - 2
    0.896 0.5 9
    1.08255 0.5 6
  2.265 5 + 2
    1.27257 0.5 5
    1.52226 0.5 2
  2.335 11 - 2
    1.59226 0.5 2
    1.66523 0.5 1
  2.40566 5 + 3
    0.34528 0.853017 34
    0.50337 0.055561 28
    1.66292 0.091422 2
  2.546 7 - 2
    1.80326 0.5 2
    1.87623 0.5 1
  2.6013 25 + 1
    0.49969 1 36
  2.65 9 - 2
    1.75754 0.5 3
    2.65 0.5 0
  2.699 19 + 1
    0.5185 1 40
  2.801 5 - 2
    1.90854 0.5 3
    2.801 0.5 0
  2.931 3 - 2
    1.93857 0.5 5
    2.18826 0.5 2
  2.949 5 - 2
    2.05654 0.5 3
    2.949 0.5 0
  3.03 7 + 2
    2.13754 0.5 3
    3.03 0.5 0
  3.06 9 + 2
    2.31726 0.5 2
    2.39023 0.5 1
  3.134 11 + 2
    2.24154 0.5 3
    3.134 0.5 0
  3.31 13 - 2
    2.41754 0.5 3
    3.31 0.5 0
  3.345 1 + 2
    1.678 0.5 19
    1.833 0.5 14
  3.468 7 - 2
    2.72526 0.5 2
    2.79823 0.5 1
  3.5006 27 + 1
    0.8993 1 47
  3.53 3 - 2
    2.53757 0.5 5
    2.78726 0.5 2
  3.8874 29 - 1
    0.3868 1 59
  4.5599 31 - 1
    0.6725 1 61

83 208 241
  0 10 + 0
  0.06302 8 + 1
    0.06302 1 0
  0.51028 12 + 2
    0.44726 0.038362 1
    0.51028 0.961638 0
  0.60146 8 + 2
    0.53844 0.3463 1
    0.60146 0.6537 0
  0.62833 10 + 3
    0.02687 0.2083 3
    0.11805 0.1802 2
    0.56531 0.6115 1
  0.63314 6 + 3
    0.03168 0.579718 3
    0.57012 0.415213 1
    0.63314 0.005069 0
  0.65057 14 + 2
    0.14029 0.7224 2
    0.65057 0.2776 0
  0.88636 10 + 2
    0.82334 0.5115 1
    0.88636 0.4885 0
  0.92485 4 + 2
    0.29171 0.8291 5
    0.86183 0.1709 1
  0.93627 6 + 3
    0.30313 0.013881 5
    0.87325 0.969948 1
    0.93627 0.016171 0
  0.95899 8 + 4
    0.32585 0.099788 5
    0.33066 0.035729 4
    0.89597 0.636287 1
    0.95899 0.228195 0
  1.03326 8 + 4
    0.1469 0.030278 7
    0.40012 0.016169 5
    0.97024 0.280286 1
    1.03326 0.673266 0
  1.06911 6 + 5
    0.11012 0.041742 10
    0.43597 0.080803 5
    0.46765 0.078743 3
    1.00609 0.777231 1
    1.06911 0.021481 0
  1.09506 12 + 2
    0.2087 0.5 7
    1.09506 0.5 0
  1.46947 8 + 3
    0.43621 0.161503 11
    0.84114 0.070681 4
    0.95919 0.767815 2
  1.5294 6 + 6
    0.49614 0.3094 11
    0.59313 0.05023 9
    0.89626 0.1241 5
    0.92794 0.2757 3
    1.46638 0.1634 1
    1.5294 0.07717 0
  1.53939 4 + 6
    0.47028 0.022801 12
    0.60312 0.144407 9
    0.61454 0.052473 8
    0.90625 0.680334 5
    0.93793 0.020071 3
    1.47637 0.079914 1
  1.56345 6 + 5
    0.49434 0.009279 12
    0.53019 0.133297 11
    0.62718 0.51569 9
    0.67709 0.01474 7
    0.93512 0.326994 4
  1.5711 20 - 1
    0.92053 1 6
  1.603 2 - 2
    0.06361 0.5 16
    0.67815 0.5 8
  1.62468 12 - 4
    0.52962 0.025491 13
    0.73832 0.078992 7
    0.97411 0.332307 6
    0.99635 0.563211 4
  1.65747 16 - 1
    1.0069 1 6
  1.66658 14 - 2
    1.01601 0.4119 6
    1.1563 0.5881 2
  1.70335 10 - 6
    0.23388 0.001825 14
    0.67009 0.034771 11
    0.74436 0.150502 10
    1.07502 0.051991 4
    1.64033 0.576409 1
    1.70335 0.184503 0
  1.71566 14 - 2
    1.06509 0.5557 6
    1.20538 0.4443 2
  1.72358 12 - 1
    0.628525 1 13
  1.731 4 - 2
    0.79473 0.5 9
    1.09786 0.5 5
  1.7861 18 - 2
    0.07044 0.5 24
    0.11952 0.5 22
  1.80209 2 + 4
    0.2627 0.805432 16
    0.86582 0.077953 9
    0.87724 0.084223 8
    1.16895 0.032391 5
  1.82445 10 - 2
    0.35498 0.5399 14
    1.76143 0.4601 1
  1.836 10 + 2
    1.20767 0.5 4
    1.836 0.5 0
  1.83903 8 - 8
    0.13568 0.529005 23
    0.80577 0.02478 11
    0.88004 0.03429 10
    0.90276 0.083821 9
    0.95267 0.01257 7
    1.20589 0.106601 5
    1.2107 0.01903 4
    1.77601 0.189902 1
  1.87077 8 + 5
    0.30732 0.053039 17
    0.33138 0.02919 16
    0.83751 0.501095 11
    0.9345 0.343197 9
    0.94592 0.073479 8
  1.88214 6 - 5
    0.41267 0.165282 14
    0.81303 0.118987 12
    0.84888 0.023517 11
    0.92315 0.039186 10
    0.94587 0.653028 9
  1.91997 6 - 7
    0.08094 0.103894 31
    0.39057 0.034718 15
    0.96098 0.043457 10
    0.9837 0.219487 9
    0.99512 0.438874 8
    1.28683 0.023679 5
    1.31851 0.135892 3
  2.07766 4 - 3
    0.27557 0.982909 28
    1.14139 0.009495 9
    1.15281 0.007596 8
  2.1269 4 + 7
    0.25613 0.098928 32
    0.5975 0.083918 15
    1.05779 0.0214 12
    1.09364 0.026609 11
    1.19063 0.608888 9
    1.20205 0.076688 8
    1.49376 0.083568 5
  2.132 2 - 2
    0.59261 0.5 16
    1.20715 0.5 8
  2.16 0 - 2
    0.35791 0.5 28
    0.429 0.5 26
  2.17942 10 - 2
    1.08436 0.5 13
    1.29306 0.5 7
  2.19146 8 + 2
    1.09641 0.2435 13
    2.19146 0.7565 0
  2.20289 6 - 2
    0.12523 0.927828 35
    0.6635 0.072172 16
  2.246 2 - 2
    0.70661 0.5 16
    1.32115 0.5 8
  2.30808 6 + 3
    0.38811 0.056432 34
    0.83861 0.038732 14
    1.23897 0.904836 12
  2.3401 14 + 1
    1.82982 1 2
  2.35847 6 + 2
    1.72533 0.8621 5
    1.75701 0.1379 3
  2.38386 10 + 3
    1.75072 0.313609 5
    1.75553 0.094673 4
    1.7824 0.591718 3
  2.38597 8 + 3
    0.85657 0.033158 15
    1.75283 0.322281 5
    1.75764 0.644561 4
  2.4042 10 - 1
    1.77106 1 5
  2.407 18 - 2
    0.69134 0.5 24
    0.74042 0.5 22
  2.4091 12 + 3
    1.78077 0.333333 4
    1.80764 0.333333 3
    1.89882 0.333333 2
  2.41572 8 - 1
    0.33806 1 35
  2.4267 22 - 1
    0.8556 1 18
  2.43687 10 - 1
    0.87342 1 17
  2.45738 6 + 5
    0.91799 0.107306 16
    1.38827 0.025842 12
    1.53253 0.195212 8
    1.82424 0.388223 5
    1.85592 0.283417 3
  2.47 18 - 2
    0.75434 0.5 24
    0.80342 0.5 22
  2.47849 4 - 2
    0.55852 0.8414 34
    1.84535 0.1586 5
  2.49553 8 + 7
    0.29264 0.064892 41
    0.6565 0.156781 31
    0.79218 0.151482 23
    1.55926 0.121385 9
    1.60917 0.088009 7
    1.86239 0.25147 5
    1.89407 0.16598 3
  2.50156 4 + 3
    1.43245 0.0878 12
    1.57671 0.4282 8
    1.86842 0.484 5
  2.51351 4 + 6
    1.4444 0.180109 12
    1.48025 0.070584 11
    1.55452 0.381319 10
    1.57724 0.052373 9
    1.88037 0.155908 5
    1.91205 0.159708 3
  2.54483 2 + 1
    0.46717 1 35
  2.554 2 - 2
    1.01461 0.5 16
    1.62915 0.5 8
  2.55645 4 + 4
    0.63648 0.167198 34
    1.48734 0.398596 12
    1.62018 0.093809 9
    1.92331 0.340397 5
  2.56479 6 + 2
    0.14907 0.0435 51
    1.93646 0.9565 4
  2.57031 2 - 3
    0.15459 0.7445 51
    0.49265 0.1145 35
    1.64546 0.141 8
  2.58658 8 - 5
    1.62759 0.187287 10
    1.70022 0.225384 7
    1.95344 0.203186 5
    1.98512 0.066665 3
    2.52356 0.317478 1
  2.605 4 - 2
    1.66873 0.5 9
    1.97186 0.5 5
  2.61263 8 + 4
    1.65364 0.230807 10
    1.67636 0.066672 9
    2.01117 0.512815 3
    2.10235 0.189706 2
  2.63102 12 - 2
    0.92767 0.3802 23
    1.53596 0.6198 13
  2.63634 6 - 3
    1.67735 0.2889 10
    2.0032 0.3407 5
    2.03488 0.3704 3
  2.65729 6 - 1
    0.4544 1 41
  2.6607 16 + 1
    2.01013 1 6
  2.67942 0 - 2
    1.61031 0.7194 12
    1.75457 0.2806 8
  2.69378 4 - 5
    1.62467 0.218904 12
    1.66052 0.02397 11
    1.75751 0.001511 9
    2.06064 0.234504 5
    2.63076 0.52111 1
  2.71855 2 - 5
    0.79858 0.63847 34
    0.84778 0.268188 32
    1.18915 0.022349 15
    1.64944 0.070227 12
    1.78228 0.000766 9
  2.72602 12 - 2
    2.09769 0.5 4
    2.72602 0.5 0
  2.73304 4 + 3
    0.25455 0.333333 56
    0.53015 0.333333 41
    1.80819 0.333333 8
  2.73952 0 - 4
    1.11484 0.2192 20
    1.78053 0.1575 10
    1.81467 0.3425 8
    1.85316 0.2808 7
  2.804 20 - 2
    1.14653 0.5 21
    1.2329 0.5 18
  2.826 2 + 2
    1.88973 0.5 9
    2.19286 0.5 5
  2.83889 4 + 5
    0.26858 0.083559 64
    0.28244 0.070249 62
    0.42317 0.207598 51
    0.76123 0.532195 35
    1.91404 0.106399 8
  2.843 2 - 2
    1.30361 0.5 16
    1.91815 0.5 8
  2.85647 4 + 1
    0.778805 1 35
  2.86957 6 - 2
    2.80655 0.218778 1
    2.86957 0.781222 0
  2.87966 0 + 2
    1.34027 0.3711 16
    1.8464 0.6289 11
  2.8813 8 - 2
    1.81219 0.6623 12
    1.99494 0.3377 7
  2.88407 2 + 3
    0.38251 0.3418 58
    1.81496 0.3849 12
    1.95922 0.2733 8
  2.88677 10 - 2
    0.57869 0.4975 43
    2.28531 0.5025 3
  2.88847 4 + 1
    2.88847 1 0
  2.89376 4 - 4
    0.97379 0.778584 34
    1.09167 0.061149 28
    1.36436 0.061109 15
    1.95749 0.099158 9
  2.90358 6 + 2
    1.10149 0.8264 28
    1.97873 0.1736 8
  2.912 12 - 2
    2.28367 0.5 4
    2.912 0.5 0
  2.93284 14 + 3
    1.99657 0.2312 9
    2.04648 0.6423 7
    2.33138 0.1265 3
  2.94288 4 + 1
    2.87986 1 1
  2.95096 8 - 4
    1.41157 0.1778 16
    1.99197 0.1222 10
    2.02611 0.5556 8
    2.31782 0.1444 5
  3.049 6 - 2
    2.44754 0.5 3
    2.98598 0.5 1
  3.06934 4 + 5
    1.26725 0.431802 28
    1.52995 0.348101 16
    1.53994 0.09453 15
    2.03608 0.1239 11
    2.13307 0.001666 9
  3.091 16 - 2
    1.5199 0.5 18
    2.44043 0.5 6
  3.114 10 + 2
    2.48567 0.5 4
    3.114 0.5 0
  3.141 2 - 2
    1.60161 0.5 16
    2.21615 0.5 8
  3.154 8 - 2
    2.52567 0.5 4
    3.154 0.5 0
  3.16045 6 + 1
    0.852375 1 43
  3.16593 10 + 4
    0.26235 0.25 90
    0.60114 0.25 63
    0.66437 0.25 58
    1.62654 0.25 16
  3.171 2 + 2
    2.23473 0.5 9
    2.53786 0.5 5
  3.2011 24 + 2
    0.7744 0.6379 52
    1.63 0.3621 18
  3.207 12 - 2
    2.57867 0.5 4
    3.207 0.5 0
  3.212 8 - 2
    2.58367 0.5 4
    3.212 0.5 0
  3.24 6 - 2
    2.63854 0.5 3
    3.17698 0.5 1
  3.246 0 + 2
    1.70661 0.5 16
    2.32115 0.5 8
  3.257 14 - 2
    2.16194 0.5 13
    2.74672 0.5 2
  3.271 6 + 2
    2.64267 0.5 4
    3.271 0.5 0
  3.28638 4 + 7
    1.15948 0.172605 36
    1.75698 0.090703 15
    2.21727 0.030971 12
    2.25312 0.141604 11
    2.36153 0.201306 8
    2.65324 0.141604 5
    2.68492 0.221207 3
  3.3 8 - 2
    2.67167 0.5 4
    3.3 0.5 0
  3.318 10 + 2
    2.68967 0.5 4
    3.318 0.5 0
  3.327 2 - 2
    1.78761 0.5 16
    2.40215 0.5 8
  3.332 12 - 2
    2.70367 0.5 4
    3.332 0.5 0
  3.347 6 + 2
    2.71867 0.5 4
    3.347 0.5 0
  3.35134 8 - 3
    0.73871 0.333333 67
    0.93562 0.333333 51
    1.82194 0.333333 15
  3.362 4 + 2
    2.76054 0.5 3
    3.29898 0.5 1
  3.379 10 - 2
    2.86872 0.5 2
    3.31598 0.5 1
  3.387 6 + 2
    2.75867 0.5 4
    3.387 0.5 0
  3.3909 2 - 2
    0.43994 0.1935 94
    2.45463 0.8065 9
  3.407 8 + 2
    2.89672 0.5 2
    3.34398 0.5 1
  3.411 4 - 2
    2.47473 0.5 9
    2.77786 0.5 5
  3.41854 12 + 2
    2.90826 0.5 2
    3.35552 0.5 1
  3.42508 10 - 5
    0.53831 0.2 87
    0.54542 0.2 84
    1.117 0.2 43
    2.48881 0.2 9
    2.79194 0.2 5
  3.4272 6 + 1
    0.86241 1 63
  3.4494 26 + 1
    0.2483 1 104
  3.453 14 - 2
    2.35794 0.5 13
    2.94272 0.5 2
  3.457 8 - 2
    2.82867 0.5 4
    3.457 0.5 0
  3.461 4 + 2
    2.85954 0.5 3
    3.39798 0.5 1
  3.4997 22 + 1
    1.9286 1 18
  3.521 18 - 2
    1.80534 0.5 24
    1.85442 0.5 22
  3.524 2 + 2
    2.58773 0.5 9
    2.89086 0.5 5
  3.532 6 - 2
    2.93054 0.5 3
    3.46898 0.5 1
  3.541 0 + 2
    2.00161 0.5 16
    2.61615 0.5 8
  3.547 10 - 2
    3.03672 0.5 2
    3.48398 0.5 1
  3.563 4 - 2
    2.62673 0.5 9
    2.92986 0.5 5
  3.565 8 + 2
    3.05472 0.5 2
    3.50198 0.5 1
  3.6006 24 + 2
    0.1009 0.5 131
    1.1739 0.5 52
  3.611 6 - 2
    3.00954 0.5 3
    3.54798 0.5 1
  3.631 12 - 2
    3.00267 0.5 4
    3.631 0.5 0
  3.662 2 + 2
    2.72573 0.5 9
    3.02886 0.5 5
  3.688 4 - 2
    2.75173 0.5 9
    3.05486 0.5 5
  3.718 8 + 2
    3.20772 0.5 2
    3.65498 0.5 1
  3.742 10 - 2
    3.23172 0.5 2
    3.67898 0.5 1
  3.751 6 + 2
    3.12267 0.5 4
    3.751 0.5 0
  3.766 16 - 2
    2.1949 0.5 18
    3.11543 0.5 6
  3.781 4 + 2
    3.17954 0.5 3
    3.71798 0.5 1
  3.795 2 - 2
    2.25561 0.5 16
    2.87015 0.5 8
  3.851 8 + 2
    3.34072 0.5 2
    3.78798 0.5 1
  3.854 6 - 2
    3.25254 0.5 3
    3.79098 0.5 1
  3.863 2 + 2
    2.92673 0.5 9
    3.22986 0.5 5
  3.886 10 + 2
    3.25767 0.5 4
    3.886 0.5 0
  3.905 12 - 2
    3.27667 0.5 4
    3.905 0.5 0
  3.9365 4 - 2
    3.00023 0.5 9
    3.30336 0.5 5
  3.967 14 + 2
    3.33867 0.5 4
    3.967 0.5 0
  4.013 8 - 2
    3.38467 0.5 4
    4.013 0.5 0
  4.015 6 + 2
    3.38667 0.5 4
    4.015 0.5 0
  4.029 0 - 2
    2.22691 0.5 28
    2.298 0.5 26
  4.043 2 + 2
    3.10673 0.5 9
    3.40986 0.5 5
  4.049 4 - 2
    3.11273 0.5 9
    3.41586 0.5 5
  4.087 10 + 2
    3.45867 0.5 4
    4.087 0.5 0
  4.137 6 - 2
    3.53554 0.5 3
    4.07398 0.5 1
  4.156 8 + 2
    3.64572 0.5 2
    4.09298 0.5 1
  4.1591 26 + 4
    0.558501 0.019741 139
    0.709701 0.703642 127
    0.958001 0.240314 104
    2.588 0.036302 18
  4.183 12 - 2
    3.55467 0.5 4
    4.183 0.5 0
  4.236 4 - 2
    3.29973 0.5 9
    3.60286 0.5 5
  4.238 6 + 2
    3.60967 0.5 4
    4.238 0.5 0
  4.284 8 - 2
    3.65567 0.5 4
    4.284 0.5 0
  4.291 26 + 2
    0.6904 0.4118 139
    0.8416 0.5882 127
  4.357 10 - 2
    3.84672 0.5 2
    4.29398 0.5 1
  4.399 4 + 2
    3.79754 0.5 3
    4.33598 0.5 1
  4.448 6 - 2
    3.84654 0.5 3
    4.38498 0.5 1
  4.4843 28 + 2
    0.325199 0.906927 165
    1.0349 0.093073 127
  4.543 8 + 2
    4.03272 0.5 2
    4.47998 0.5 1
  4.556 2 + 2
    3.61973 0.5 9
    3.92286 0.5 5
  4.587 14 + 2
    3.95867 0.5 4
    4.587 0.5 0
  4.617 2 + 2
    3.68073 0.5 9
    3.98386 0.5 5
  4.6353 30 + 3
    0.151 0.6777 174
    0.476199 0.1635 165
    1.1859 0.1588 127
  4.652 10 - 2
    4.14172 0.5 2
    4.58898 0.5 1
  4.697 6 - 2
    4.09554 0.5 3
    4.63398 0.5 1
  4.8362 28 - 3
    0.5452 0.4993 170
    0.677099 0.1907 165
    1.3868 0.31 127
  4.885 4 - 2
    3.94873 0.5 9
    4.25186 0.5 5
  5.008 12 - 2
    4.37967 0.5 4
    5.008 0.5 0
  5.067 8 - 2
    4.43867 0.5 4
    5.067 0.5 0
  5.463 30 - 2
    0.6268 0.8419 182
    2.2619 0.1581 104
  5.552 6 + 2
    4.92367 0.5 4
    5.552 0.5 0
  5.6266 32 - 3
    0.1636 0.8889 186
    0.9913 0.08873 179
    2.1772 0.02237 127
  5.9 2 + 2
    4.96373 0.5 9
    5.26686 0.5 5
  7.13 4 + 2
    6.52854 0.5 3
    7.06698 0.5 1
  8.19 2 + 2
    7.25373 0.5 9
    7.55686 0.5 5
  9 10 - 2
    8.48972 0.5 2
    8.93698 0.5 1
  9.16 2 + 2
    8.22373 0.5 9
    8.52686 0.5 5
  9.8 2 + 2
    8.86373 0.5 9
    9.16686 0.5 5
  10.38 2 + 2
    9.44373 0.5 9
    9.74686 0.5 5
  15.165 0 + 2
    13.6256 0.5 16
    14.2402 0.5 8
  15.6 2 + 2
    14.6637 0.5 9
    14.9669 0.5 5
  17.78 6 - 2
    17.1785 0.5 3
    17.717 0.5 1
  18.363 10 - 2
    17.8527 0.5 2
    18.3 0.5 1
  18.64 8 - 2
    18.0117 0.5 4
    18.64 0.5 0
  18.874 10 - 2
    18.3637 0.5 2
    18.811 0.5 1
  19.085 8 - 2
    18.4567 0.5 4
    19.085 0.5 0
  19.126 10 - 2
    18.6157 0.5 2
    19.063 0.5 1
  19.161 12 - 2
    18.5327 0.5 4
    19.161 0.5 0
  19.203 14 - 2
    18.1079 0.5 13
    18.6927 0.5 2
  19.216 6 - 2
    18.6145 0.5 3
    19.153 0.5 1
  19.29 8 - 2
    18.6617 0.5 4
    19.29 0.5 0
  19.345 10 - 2
    18.8347 0.5 2
    19.282 0.5 1
  19.371 12 - 2
    18.7427 0.5 4
    19.371 0.5 0
  19.395 4 - 2
    18.4587 0.5 9
    18.7619 0.5 5
  19.42 6 - 2
    18.8185 0.5 3
    19.357 0.5 1
  19.462 10 - 2
    18.9517 0.5 2
    19.399 0.5 1
  19.524 8 - 2
    18.8957 0.5 4
    19.524 0.5 0
  19.646 12 - 2
    19.0177 0.5 4
    19.646 0.5 0
  19.776 14 + 2
    19.1477 0.5 4
    19.776 0.5 0
  19.863 6 - 2
    19.2615 0.5 3
    19.8 0.5 1
  20.026 14 + 2
    19.3977 0.5 4
    20.026 0.5 0
  20.139 4 - 2
    19.2027 0.5 9
    19.5059 0.5 5
  20.203 6 - 2
    19.6015 0.5 3
    20.14 0.5 1
  20.292 4 - 2
    19.3557 0.5 9
    19.6589 0.5 5
  20.41 6 - 2
    19.8085 0.5 3
    20.347 0.5 1
  20.445 2 - 2
    18.9056 0.5 16
    19.5202 0.5 8
  20.539 4 - 2
    19.6027 0.5 9
    19.9059 0.5 5
  20.647 10 - 2
    20.1367 0.5 2
    20.584 0.5 1
  20.677 2 - 2
    19.1376 0.5 16
    19.7522 0.5 8
  20.86 10 - 2
    20.3497 0.5 2
    20.797 0.5 1
  20.943 4 - 2
    20.0067 0.5 9
    20.3099 0.5 5
  21.039 6 - 2
    20.4375 0.5 3
    20.976 0.5 1
  21.089 4 - 2
    20.1527 0.5 9
    20.4559 0.5 5
  21.1 8 + 2
    20.5897 0.5 2
    21.037 0.5 1
  21.112 2 - 2
    19.5726 0.5 16
    20.1872 0.5 8
  21.134 6 - 2
    20.5325 0.5 3
    21.071 0.5 1
  21.175 8 - 2
    20.5467 0.5 4
    21.175 0.5 0
  21.252 4 - 2
    20.3157 0.5 9
    20.6189 0.5 5
  21.428 2 - 2
    19.8886 0.5 16
    20.5032 0.5 8
  21.479 2 - 2
    19.9396 0.5 16
    20.5541 0.5 8
  22.9 2 + 2
    21.9637 0.5 9
    22.2669 0.5 5
  23.5 8 + 2
    22.9897 0.5 2
    23.437 0.5 1
  24.6 2 + 2
    23.6637 0.5 9
    23.9669 0.5 5
  28 4 + 2
    27.3985 0.5 3
    27.937 0.5 1

83 209 203
  0 9 - 0
  0.89629 7 - 1
    0.89629 1 0
  1.60858 13 + 1
    1.60858 1 0
  2.44286 1 + 1
    1.54657 1 1
  2.49282 3 + 1
    2.49282 1 0
  2.56416 9 + 1
    2.56416 1 0
  2.58307 7 + 2
    1.68678 0.694 1
    2.58307 0.306 0
  2.5999 11 + 1
    2.5999 1 0
  2.60092 13 + 2
    0.99234 0.98741 2
    2.60092 0.01259 0
  2.61731 5 + 3
    0.12449 0.1796 4
    1.72102 0.5362 1
    2.61731 0.2842 0
  2.74105 15 + 3
    0.14013 0.271 8
    1.13247 0.297 2
    2.74105 0.432 0
  2.76661 3 + 4
    0.1493 0.135799 9
    0.27379 0.232398 4
    0.32375 0.597494 3
    2.76661 0.03431 0
  2.82619 5 - 2
    1.9299 0.3007 1
    2.82619 0.6993 0
  2.84514 1 + 2
    0.07853 0.4269 11
    0.40228 0.5731 3
  2.91657 1 + 1
    0.14996 1 11
  2.95587 3 + 3
    0.11073 0.206121 13
    0.33856 0.116612 9
    0.46305 0.677268 4
  2.98679 19 + 1
    0.24574 1 10
  3.03887 5 + 2
    0.27226 0.3206 11
    2.14258 0.6794 1
  3.09008 7 + 2
    2.19379 0.1554 1
    3.09008 0.8446 0
  3.11954 3 - 1
    2.22325 1 1
  3.13296 11 + 2
    1.52438 0.2209 2
    3.13296 0.7791 0
  3.13577 15 + 2
    0.39472 0.1129 10
    1.52719 0.8871 2
  3.15283 9 + 1
    3.15283 1 0
  3.15406 17 + 2
    0.16727 0.1608 16
    0.41301 0.8392 10
  3.15928 3 + 3
    0.24271 0.4257 14
    0.31414 0.3781 13
    0.39267 0.1962 11
  3.16907 13 + 1
    1.56049 1 2
  3.19744 1 + 1
    0.3523 1 13
  3.21184 17 + 1
    0.22505 1 16
  3.22158 5 + 3
    0.1315 0.3019 18
    0.26571 0.3014 15
    0.45497 0.3967 11
  3.2696 1 - 1
    0.42446 1 13
  3.31115 9 + 2
    2.41486 0.6775 1
    3.31115 0.3225 0
  3.3547 3 + 1
    0.58809 1 11
  3.36201 9 + 1
    2.46572 1 1
  3.37816 9 + 2
    2.48187 0.3056 1
    3.37816 0.6944 0
  3.3943 15 + 2
    1.78572 0.6378 2
    2.49801 0.3622 1
  3.40621 13 + 3
    0.27044 0.2821 21
    0.80631 0.2414 7
    1.79763 0.4765 2
  3.4503 7 + 1
    2.55401 1 1
  3.46412 11 + 1
    3.46412 1 0
  3.46767 19 + 2
    0.31361 0.2391 23
    0.48088 0.7609 16
  3.48692 19 + 1
    0.50013 1 16
  3.48985 11 + 2
    2.59356 0.7342 1
    3.48985 0.2658 0
  3.50222 15 + 1
    0.29038 1 27
  3.50529 7 - 2
    0.92222 0.72 6
    2.609 0.28 1
  3.54161 9 + 2
    2.64532 0.8389 1
    3.54161 0.1611 0
  3.575 3 - 2
    0.80839 0.6338 11
    2.67871 0.3662 1
  3.57899 17 + 2
    0.42493 0.5823 23
    0.5922 0.4177 16
  3.59714 19 + 2
    0.44308 0.1675 23
    0.61035 0.8325 16
  3.60173 9 + 2
    2.70544 0.941619 1
    3.60173 0.058381 0
  3.633 1 - 2
    0.86639 0.5 11
    1.14018 0.5 4
  3.685 5 - 2
    1.19218 0.5 4
    3.685 0.5 0
  3.69216 11 - 1
    3.69216 1 0
  3.70355 7 + 3
    0.66468 0.521869 17
    2.80726 0.039558 1
    3.70355 0.438574 0
  3.71764 5 - 1
    3.71764 1 0
  3.735 5 - 2
    1.24218 0.5 4
    3.735 0.5 0
  3.7522 9 + 1
    2.85591 1 1
  3.7669 11 + 1
    3.7669 1 0
  3.7836 7 + 1
    2.88731 1 1
  3.8008 9 + 2
    2.90451 0.5882 1
    3.8008 0.4118 0
  3.81225 23 + 1
    0.82546 1 16
  3.81786 11 - 2
    1.2537 0.485 5
    2.20928 0.515 2
  3.839 11 + 2
    1.25593 0.5 6
    3.839 0.5 0
  3.84994 9 - 1
    3.84994 1 0
  3.8843 9 - 1
    3.8843 1 0
  3.8895 11 - 1
    3.8895 1 0
  3.9059 5 - 2
    3.00961 0.8403 1
    3.9059 0.1597 0
  3.912 17 + 2
    1.31108 0.5 8
    2.30342 0.5 2
  3.92122 9 + 2
    3.02493 0.2 1
    3.92122 0.8 0
  3.93674 13 - 1
    3.93674 1 0
  3.95 7 - 2
    1.38584 0.5 5
    3.05371 0.5 1
  3.96228 5 - 2
    3.06599 0.4536 1
    3.96228 0.5464 0
  3.98004 7 - 1
    3.98004 1 0
  4.00072 9 + 2
    2.39214 0.6369 2
    4.00072 0.3631 0
  4.002 5 - 2
    1.50918 0.5 4
    4.002 0.5 0
  4.0093 11 + 1
    4.0093 1 0
  4.021 3 - 2
    1.57814 0.5 3
    3.12471 0.5 1
  4.0365 9 + 1
    4.0365 1 0
  4.04654 7 + 1
    4.04654 1 0
  4.065 5 - 2
    1.57218 0.5 4
    4.065 0.5 0
  4.079 3 - 2
    1.63614 0.5 3
    3.18271 0.5 1
  4.08834 11 + 1
    4.08834 1 0
  4.09634 11 + 2
    2.48776 0.3464 2
    4.09634 0.6536 0
  4.116 7 - 2
    1.55184 0.5 5
    3.21971 0.5 1
  4.123 5 - 2
    1.63018 0.5 4
    4.123 0.5 0
  4.134 9 + 1
    4.134 1 0
  4.14195 21 + 2
    0.544811 0.4792 46
    0.655031 0.5208 39
  4.1481 9 + 3
    2.53952 0.5128 2
    3.25181 0.1026 1
    4.1481 0.3846 0
  4.1588 7 - 2
    3.26251 0.1803 1
    4.1588 0.8197 0
  4.1609 3 - 1
    4.1609 1 0
  4.168 5 - 2
    1.67518 0.5 4
    4.168 0.5 0
  4.17615 9 + 1
    4.17615 1 0
  4.2075 9 + 1
    4.2075 1 0
  4.2229 5 + 1
    4.2229 1 0
  4.22837 19 + 2
    1.24158 0.5 16
    1.48732 0.5 10
  4.23375 13 - 1
    4.23375 1 0
  4.257 17 + 2
    1.65608 0.5 8
    2.64842 0.5 2
  4.2629 7 + 1
    4.2629 1 0
  4.286 3 - 2
    1.84314 0.5 3
    3.38971 0.5 1
  4.29773 7 - 2
    3.40144 0.5556 1
    4.29773 0.4444 0
  4.30075 9 + 1
    4.30075 1 0
  4.313 3 - 2
    1.87014 0.5 3
    3.41671 0.5 1
  4.326 5 - 2
    1.83318 0.5 4
    4.326 0.5 0
  4.3353 17 + 1
    2.72672 1 2
  4.3407 7 + 1
    4.3407 1 0
  4.349 19 + 2
    1.36221 0.5 16
    1.60795 0.5 10
  4.36189 13 - 1
    2.75331 1 2
  4.3765 9 + 1
    4.3765 1 0
  4.38132 5 + 1
    3.48503 1 1
  4.38816 9 + 2
    3.49187 0.8197 1
    4.38816 0.1803 0
  4.39785 13 + 1
    4.39785 1 0
  4.40905 7 + 1
    4.40905 1 0
  4.417 17 + 2
    1.81608 0.5 8
    2.80842 0.5 2
  4.421 1 - 2
    1.65439 0.5 11
    1.92818 0.5 4
  4.4417 7 - 1
    4.4417 1 0
  4.471 3 - 2
    2.86242 0.8403 2
    4.471 0.1597 0
  4.4848 5 - 1
    2.87622 1 2
  4.50685 3 - 1
    4.50685 1 0
  4.51523 5 - 2
    2.90665 0.8333 2
    4.51523 0.1667 0
  4.522 3 - 2
    2.07914 0.5 3
    3.62571 0.5 1
  4.532 7 - 2
    1.96784 0.5 5
    3.63571 0.5 1
  4.5879 5 - 1
    4.5879 1 0
  4.6026 1 - 1
    4.6026 1 0
  4.613 3 - 2
    2.17014 0.5 3
    3.71671 0.5 1
  4.6461 7 - 1
    4.6461 1 0
  4.682 5 - 2
    3.78571 0.625 1
    4.682 0.375 0
  4.7 1 - 2
    1.93339 0.5 11
    2.20718 0.5 4
  4.7508 7 - 2
    3.85451 0.7502 1
    4.7508 0.2498 0
  4.75576 3 - 1
    4.75576 1 0
  4.7623 5 - 2
    3.86601 0.6897 1
    4.7623 0.3103 0
  4.7898 7 - 2
    3.18122 0.5 2
    4.7898 0.5 0
  4.7961 3 - 1
    4.7961 1 0
  4.8303 5 - 1
    4.8303 1 0
  4.8376 1 - 2
    3.94131 0.4118 1
    4.8376 0.5882 0
  4.85346 11 - 1
    4.85346 1 0
  4.87948 7 - 2
    3.98319 0.7874 1
    4.87948 0.2126 0
  4.886 3 - 2
    2.44314 0.5 3
    3.98971 0.5 1
  4.9483 5 - 2
    4.05201 0.7143 1
    4.9483 0.2857 0
  4.9676 7 - 1
    4.9676 1 0
  4.9962 13 - 1
    4.9962 1 0
  5.0567 11 + 1
    5.0567 1 0
  5.087 1 - 2
    2.32039 0.5 11
    2.59418 0.5 4
  5.131 5 - 2
    2.63818 0.5 4
    5.131 0.5 0
  5.1673 3 - 2
    3.55872 0.7962 2
    5.1673 0.2038 0
  5.1827 7 - 1
    5.1827 1 0
  5.2351 15 - 1
    5.2351 1 0
  5.256 5 + 2
    2.81314 0.5 3
    4.35971 0.5 1
  5.277 3 - 2
    2.83414 0.5 3
    4.38071 0.5 1
  5.2819 1 - 1
    5.2819 1 0
  5.2934 7 - 1
    5.2934 1 0
  5.3126 11 - 1
    5.3126 1 0
  5.333 5 - 2
    2.84018 0.5 4
    5.333 0.5 0
  5.354 3 - 1
    5.354 1 0
  5.367 13 + 2
    2.80284 0.5 5
    3.75842 0.5 2
  5.38 7 - 2
    2.81584 0.5 5
    4.48371 0.5 1
  5.4045 11 + 1
    5.4045 1 0
  5.4112 5 - 1
    5.4112 1 0
  5.42462 1 - 2
    3.81604 0.5556 2
    5.42462 0.4444 0
  5.4402 3 - 1
    5.4402 1 0
  5.4646 11 + 1
    5.4646 1 0
  5.4844 7 - 1
    5.4844 1 0
  5.498 5 - 1
    5.498 1 0
  5.51053 15 - 2
    3.90195 0.5882 2
    5.51053 0.4118 0
  5.5235 9 + 2
    4.62721 0.6944 1
    5.5235 0.3056 0
  5.5384 3 - 2
    4.64211 0.6289 1
    5.5384 0.3711 0
  5.5596 7 + 2
    4.66331 0.6173 1
    5.5596 0.3827 0
  5.5706 5 - 1
    5.5706 1 0
  5.5892 13 + 1
    5.5892 1 0
  5.6091 11 - 1
    5.6091 1 0
  5.6312 1 + 1
    4.73491 1 1
  5.6526 11 + 1
    5.6526 1 0
  5.662 9 - 2
    3.07893 0.5 6
    5.662 0.5 0
  5.693 7 - 2
    3.12884 0.5 5
    4.79671 0.5 1
  5.769 5 + 2
    3.32614 0.5 3
    4.87271 0.5 1
  5.795 3 - 2
    3.35214 0.5 3
    4.89871 0.5 1
  5.835 7 + 2
    3.34218 0.5 4
    5.835 0.5 0
  5.9251 11 + 1
    5.9251 1 0
  6.392 9 - 1
    6.392 1 0
  6.556 5 - 1
    6.556 1 0
  6.911 3 + 1
    6.911 1 0
  6.9448 1 - 1
    6.9448 1 0
  6.983 13 + 1
    6.983 1 0
  7.106 7 - 1
    7.106 1 0
  7.168 5 + 1
    7.168 1 0
  7.171 9 - 1
    7.171 1 0
  7.1766 3 + 1
    7.1766 1 0
  7.202 15 - 1
    7.202 1 0
  7.2439 7 + 1
    7.2439 1 0
  7.264 5 - 1
    7.264 1 0
  7.279 9 + 1
    7.279 1 0
  7.287 3 - 1
    7.287 1 0
  7.36 1 + 1
    7.36 1 0
  7.416 9 - 1
    7.416 1 0
  7.632 7 + 1
    7.632 1 0
  9 5 - 2
    6.50718 0.5 4
    9 0.5 0
  10.9 13 + 2
    8.33584 0.5 5
    9.29142 0.5 2
  13.45 3 - 2
    11.0071 0.5 3
    12.5537 0.5 1
  18.627 9 + 2
    17.0184 0.5 2
    17.7307 0.5 1
  19.382 11 + 2
    16.7989 0.5 6
    19.382 0.5 0
  20.1 15 + 2
    17.359 0.5 10
    17.5001 0.5 7
  20.186 5 + 2
    17.7431 0.5 3
    19.2897 0.5 1
  20.671 1 + 2
    18.0537 0.5 9
    18.2281 0.5 3
  21.114 7 + 2
    18.6212 0.5 4
    21.114 0.5 0
  21.172 3 + 2
    18.5889 0.5 6
    18.6792 0.5 4
  22 5 - 2
    19.5072 0.5 4
    22 0.5 0

83 210 107
  0 2 - 0
  0.046539 0 - 1
    0.046539 1 0
  0.27131 18 - 1
    0.27131 1 0
  0.31974 4 - 1
    0.31974 1 0
  0.34793 6 - 2
    0.02819 0.4887 3
    0.34793 0.5113 0
  0.43349 14 - 1
    0.16218 1 2
  0.4392 10 - 1
    0.09127 1 4
  0.50281 8 - 3
    0.06361 0.121398 6
    0.15488 0.831983 4
    0.18307 0.046619 3
  0.55 12 - 2
    0.1108 0.4696 6
    0.11651 0.5304 5
  0.56307 2 - 2
    0.516531 0.3098 1
    0.56307 0.6902 0
  0.58253 16 - 2
    0.14904 0.5 5
    0.31122 0.5 2
  0.67 20 - 1
    0.39869 1 2
  0.91588 16 - 2
    0.48239 0.5 5
    0.64457 0.5 2
  0.97185 4 - 2
    0.40878 0.5657 9
    0.97185 0.4343 0
  0.99369 6 + 2
    0.64576 0.1526 4
    0.67395 0.8474 3
  1.1647 2 - 2
    0.60163 0.5 9
    1.11816 0.5 1
  1.17524 4 - 3
    0.82731 0.333333 4
    0.8555 0.333333 3
    1.17524 0.333333 0
  1.18414 16 - 1
    0.63414 1 8
  1.1973 8 + 2
    0.7581 0.5 6
    0.84937 0.5 4
  1.20833 12 - 1
    0.76913 1 6
  1.24804 8 - 1
    0.90011 1 4
  1.30063 14 - 1
    0.38475 1 12
  1.316 22 + 1
    0.646 1 11
  1.33562 10 - 3
    0.78562 0.333333 8
    0.83281 0.333333 7
    0.89642 0.333333 6
  1.33935 12 - 3
    0.09131 0.333333 20
    0.78935 0.333333 8
    0.90015 0.333333 6
  1.346 6 + 2
    0.84319 0.5 7
    1.02626 0.5 3
  1.37391 6 - 1
    0.40206 1 13
  1.38227 14 - 3
    0.46639 0.333333 12
    0.79974 0.333333 10
    0.83227 0.333333 8
  1.38995 8 - 3
    0.21471 0.333333 16
    0.88714 0.333333 7
    0.95075 0.333333 6
  1.46283 10 - 2
    0.2545 0.5969 19
    0.91283 0.4031 8
  1.469 24 + 1
    1.469 1 0
  1.47593 6 - 3
    0.31123 0.333333 15
    0.91286 0.333333 9
    1.15619 0.333333 3
  1.47878 18 - 2
    0.80878 0.5 11
    0.89625 0.5 10
  1.52317 8 + 3
    0.14926 0.333333 26
    1.02036 0.333333 7
    1.17524 0.333333 4
  1.53114 4 + 3
    0.96807 0.333333 9
    1.2114 0.333333 3
    1.53114 0.333333 0
  1.5849 4 - 2
    1.23697 0.4834 4
    1.5849 0.5166 0
  1.7064 10 + 3
    1.1564 0.333333 8
    1.20359 0.333333 7
    1.2672 0.333333 6
  1.7535 20 + 1
    1.48219 1 2
  1.77625 12 + 2
    1.22625 0.2482 8
    1.33705 0.7518 6
  1.79325 16 + 1
    1.35976 1 5
  1.801 22 + 2
    0.485 0.5 22
    1.131 0.5 11
  1.812 16 + 2
    1.37851 0.5 5
    1.54069 0.5 2
  1.83698 14 + 2
    0.62865 0.36 19
    1.28698 0.64 8
  1.8968 6 + 2
    0.90311 0.5 14
    1.57706 0.5 3
  1.90252 18 - 2
    0.60189 0.2896 21
    1.63121 0.7104 2
  1.908 4 + 2
    1.56007 0.5 4
    1.908 0.5 0
  1.92432 4 - 5
    0.33942 0.214 35
    1.36125 0.1902 9
    1.57639 0.1599 4
    1.60458 0.2945 3
    1.92432 0.1414 0
  1.98021 14 - 1
    0.77188 1 19
  1.98482 6 - 1
    0.61091 1 26
  1.987 2 + 2
    1.66726 0.5 3
    1.94046 0.5 1
  1.99 6 - 2
    1.01815 0.6936 13
    1.99 0.3064 0
  2.00579 16 - 3
    0.62352 0.333333 27
    0.70516 0.333333 21
    1.42326 0.333333 10
  2.0108 8 + 4
    0.304405 0.49393 36
    0.636895 0.077645 26
    1.5716 0.042503 6
    1.66287 0.385923 4
  2.01541 12 + 2
    1.46541 0.7634 8
    1.58192 0.2366 5
  2.02658 2 + 2
    1.98004 0.2424 1
    2.02658 0.7576 0
  2.03426 10 - 3
    1.48426 0.622 8
    1.59506 0.2483 6
    1.68633 0.1297 4
  2.07213 18 + 1
    1.80082 1 2
  2.07915 8 - 1
    1.63995 1 6
  2.09917 10 - 3
    0.39277 0.392204 36
    0.89084 0.04589 19
    1.59636 0.561906 7
  2.1002 22 + 1
    1.4302 1 11
  2.10786 12 - 3
    1.55786 0.4162 8
    1.66866 0.3892 6
    1.67437 0.1946 5
  2.13505 14 - 6
    0.15484 0.166667 47
    0.79943 0.166667 23
    0.95091 0.166667 17
    1.58505 0.166667 8
    1.69585 0.166667 6
    1.70156 0.166667 5
  2.138 10 - 2
    1.70451 0.5 5
    1.79007 0.5 4
  2.143 4 + 2
    1.79507 0.5 4
    2.143 0.5 0
  2.17721 8 - 2
    1.6744 0.2701 7
    1.73801 0.7299 6
  2.23774 12 - 3
    1.32186 0.5596 12
    1.79854 0.3122 6
    1.80425 0.1282 5
  2.25874 14 + 6
    0.18661 0.166667 56
    0.48249 0.166667 38
    1.0746 0.166667 17
    1.34286 0.166667 12
    1.70874 0.166667 8
    1.82525 0.166667 5
  2.28 6 + 2
    1.77719 0.5 7
    1.96026 0.5 3
  2.31405 12 - 2
    1.76405 0.3333 8
    1.88056 0.6667 5
  2.464 4 + 2
    2.11607 0.5 4
    2.464 0.5 0
  2.52512 8 - 6
    0.34791 0.166667 64
    0.49086 0.166667 55
    1.53143 0.166667 14
    2.02231 0.166667 7
    2.08592 0.166667 6
    2.17719 0.166667 4
  2.543 6 + 2
    2.04019 0.5 7
    2.22326 0.5 3
  2.57851 10 - 5
    0.5631 0.2 53
    1.11568 0.2 29
    2.02851 0.2 8
    2.0757 0.2 7
    2.13931 0.2 6
  2.61005 8 - 1
    0.71325 1 43
  2.664 2 + 2
    2.34426 0.5 3
    2.61746 0.5 1
  2.7238 16 + 1
    1.80792 1 12
  2.733 28 - 1
    2.733 1 0
  2.73715 16 - 1
    0.9439 1 39
  2.75882 12 + 1
    1.37655 1 27
  2.7647 6 + 4
    0.753895 0.25 52
    0.8679 0.25 43
    2.26189 0.25 7
    2.41677 0.25 4
  2.7916 6 - 8
    0.21309 0.125 72
    0.780795 0.125 52
    0.8016 0.125 50
    0.8948 0.125 43
    1.6269 0.125 15
    2.28879 0.125 7
    2.3524 0.125 6
    2.44367 0.125 4
  2.81829 2 - 1
    2.77175 1 1
  2.82958 8 + 1
    2.32676 1 7
  2.84029 12 - 6
    0.70524 0.166667 61
    1.06404 0.166667 38
    2.29029 0.166667 8
    2.29029 0.166667 8
    2.40109 0.166667 6
    2.4068 0.166667 5
  2.868 4 + 2
    2.52007 0.5 4
    2.868 0.5 0
  2.90995 14 + 3
    1.60932 0.30453 21
    1.99407 0.454545 12
    2.35995 0.240924 8
  2.92098 10 - 6
    0.16216 0.166667 78
    0.78593 0.166667 61
    0.88672 0.166667 55
    1.39781 0.166667 33
    1.53103 0.166667 28
    1.58536 0.166667 23
  2.96616 8 - 6
    0.78895 0.166667 64
    0.88701 0.166667 57
    0.955355 0.166667 52
    1.50333 0.166667 29
    1.57621 0.166667 28
    2.52696 0.166667 6
  3.00444 4 - 4
    1.61449 0.120288 28
    1.7564 0.145585 20
    1.83974 0.632837 15
    2.03259 0.10129 13
  3.0106 4 - 3
    1.0206 0.333333 50
    1.08628 0.333333 46
    1.83536 0.333333 16
  3.03965 6 - 8
    0.9605 0.125 57
    1.05483 0.125 48
    1.57682 0.125 29
    1.66574 0.125 26
    1.87495 0.125 15
    2.53684 0.125 7
    2.60045 0.125 6
    2.69172 0.125 4
  3.06937 8 - 5
    0.06493 0.2 88
    0.49086 0.2 72
    1.36297 0.2 36
    1.5462 0.2 33
    1.69546 0.2 26
  3.1088 10 - 2
    1.00963 0.5994 58
    1.33255 0.4006 38
  3.123 2 + 2
    2.80326 0.5 3
    3.07646 0.5 1
  3.141 12 - 1
    1.16079 1 47
  3.1821 8 - 3
    2.67929 0.4425 7
    2.7429 0.4115 6
    2.83417 0.146 4
  3.20966 10 - 10
    0.97192 0.1 65
    1.03245 0.1 64
    1.07461 0.1 61
    1.1754 0.1 55
    1.19886 0.1 52
    1.50326 0.1 36
    1.83575 0.1 26
    1.90903 0.1 21
    2.86173 0.1 4
    2.88992 0.1 3
  3.24431 14 - 2
    1.21005 0.6932 55
    1.2641 0.3068 47
  3.299 6 + 2
    2.79619 0.5 7
    2.97926 0.5 3
  3.33 4 + 2
    2.98207 0.5 4
    3.33 0.5 0
  3.399 2 + 2
    3.07926 0.5 3
    3.35246 0.5 1
  3.412 6 + 2
    2.90919 0.5 7
    3.09226 0.5 3
  3.443 4 + 2
    3.09507 0.5 4
    3.443 0.5 0
  3.502 0 + 2
    2.93893 0.5 9
    3.502 0.5 0
  3.538 6 + 2
    3.03519 0.5 7
    3.21826 0.5 3
  4.025 2 + 2
    3.70526 0.5 3
    3.97846 0.5 1
  4.188 4 + 2
    3.84007 0.5 4
    4.188 0.5 0

83 211 63
  0 9 - 0
  0.404854 7 - 1
    0.404854 1 0
  0.76654 11 - 2
    0.361686 0.066347 1
    0.76654 0.933653 0
  0.793 5 - 1
    0.793 1 0
  0.82813 13 - 1
    0.82813 1 0
  0.831953 9 - 3
    0.065413 0.096755 2
    0.427099 0.330417 1
    0.831953 0.572829 0
  0.951 7 + 1
    0.951 1 0
  0.987 3 + 2
    0.036 0.5 6
    0.194 0.5 3
  1.0144 9 - 2
    0.609546 0.7192 1
    1.0144 0.2808 0
  1.05 1 + 1
    1.05 1 0
  1.08062 5 + 3
    0.31408 0.703958 2
    0.675766 0.281183 1
    1.08062 0.014859 0
  1.1035 11 - 1
    1.1035 1 0
  1.10948 9 - 4
    0.09508 0.227489 8
    0.34294 0.055147 2
    0.704626 0.577771 1
    1.10948 0.139593 0
  1.118 3 + 2
    0.167 0.5 6
    0.325 0.5 3
  1.12981 17 - 1
    0.30168 1 4
  1.136 15 + 2
    0.00619 0.5 14
    0.30787 0.5 4
  1.14971 15 - 1
    0.32158 1 4
  1.19633 7 - 2
    0.42979 0.3941 2
    1.19633 0.6059 0
  1.2272 21 - 1
    0.09739 1 14
  1.2343 5 - 1
    1.2343 1 0
  1.242 3 + 2
    0.291 0.5 6
    0.449 0.5 3
  1.257 25 - 1
    0.0298 1 18
  1.27071 7 + 3
    0.50417 0.3752 2
    0.865856 0.2909 1
    1.27071 0.3339 0
  1.3044 11 + 1
    0.15469 1 16
  1.307 5 + 2
    0.257 0.5 9
    0.902146 0.5 1
  1.354 1 + 2
    0.27338 0.5 10
    0.304 0.5 9
  1.369 3 + 2
    0.418 0.5 6
    0.576 0.5 3
  1.389 13 + 2
    0.2855 0.5 11
    0.62246 0.5 2
  1.398 5 + 2
    0.348 0.5 9
    0.993146 0.5 1
  1.42 7 + 2
    0.627 0.5 3
    1.42 0.5 0
  1.442 1 - 2
    0.455 0.5 7
    0.649 0.5 3
  1.472 3 + 2
    0.521 0.5 6
    0.679 0.5 3
  1.489 5 - 2
    0.696 0.5 3
    1.489 0.5 0
  1.553 9 + 2
    0.78646 0.5 2
    1.14815 0.5 1
  1.579 7 - 2
    0.81246 0.5 2
    1.17415 0.5 1
  1.589 11 + 2
    0.76087 0.5 4
    1.589 0.5 0
  1.614 13 - 2
    0.78587 0.5 4
    1.614 0.5 0
  1.63 5 + 2
    0.58 0.5 9
    1.22515 0.5 1
  1.666 3 - 2
    0.616 0.5 9
    1.26115 0.5 1
  1.686 7 + 2
    0.893 0.5 3
    1.686 0.5 0
  1.713 9 - 2
    0.92 0.5 3
    1.713 0.5 0
  1.825 1 + 2
    0.74438 0.5 10
    0.775 0.5 9
  1.872 19 - 1
    0.72229 1 16
  1.978 5 + 2
    0.928 0.5 9
    1.57315 0.5 1
  1.992 11 - 2
    1.22546 0.5 2
    1.58715 0.5 1
  2.015 7 + 2
    1.222 0.5 3
    2.015 0.5 0
  2.05 3 + 2
    1.099 0.5 6
    1.257 0.5 3
  2.059 9 - 1
    0.802 1 21
  2.069 5 - 2
    1.276 0.5 3
    2.069 0.5 0
  2.102 7 + 2
    1.309 0.5 3
    2.102 0.5 0
  2.316 13 - 1
    0.257 1 47
  2.409 3 + 2
    1.458 0.5 6
    1.616 0.5 3
  2.615 11 - 2
    1.84846 0.5 2
    2.21015 0.5 1
  2.782 9 + 1
    0.466 1 50
  3.138 1 - 2
    0.356 0.5 53
    0.822 0.5 50
  3.603 5 + 1
    0.465 1 54
  4.836 41 + 1
    1.233 1 55
  4.979 7 - 1
    0.143 1 56
  5.257 3 - 1
    0.421 1 56
  5.334 9 + 1
    0.498 1 56
  5.446 5 - 1
    0.61 1 56
  5.945 7 + 1
    0.688 1 58
  6.191 11 - 1
    0.934 1 58

83 212 13
  0 2 - 0
  0.115183 4 - 1
    0.115183 1 0
  0.196 6 - 1
    0.196 1 0
  0.2131 6 - 1
    0.097917 1 1
  0.238632 0 - 1
    0.238632 1 0
  0.25 8 - 1
    0.134817 1 1
  0.29435 8 - 1
    0.08125 1 3
  0.338 10 - 2
    0.1249 0.5 3
    0.142 0.5 2
  0.415272 2 - 3
    0.17664 0.031381 4
    0.300089 0.935737 1
    0.415272 0.032881 0
  0.4179 12 + 2
    0.2048 0.071491 3
    0.4179 0.928509 0
  0.4945 4 + 1
    0.379317 1 1
  0.573 14 + 1
    0.573 1 0
  1.91 10 + 2
    1.61565 0.5 6
    1.66 0.5 5

83 213 5
  0 9 - 0
  0.25787 7 - 1
    0.25787 1 0
  0.59318 5 - 2
    0.33531 0.3506 1
    0.59318 0.6494 0
  0.7589 3 - 1
    0.7589 1 0
  1.05 11 - 1
    0.79213 1 1

83 214 12
  0 2 - 0
  0.053228 4 - 1
    0.053228 1 0
  0.06269 6 - 1
    0.06269 1 0
  0.103 8 - 1
    0.049772 1 1
  0.25887 4 - 3
    0.19618 0.066767 2
    0.205642 0.027269 1
    0.25887 0.905964 0
  0.295223 2 - 2
    0.241995 0.3316 1
    0.295223 0.6684 0
  0.351932 10 - 2
    0.298704 0.000569 1
    0.351932 0.999431 0
  0.37704 12 - 2
    0.31435 0.7299 2
    0.323812 0.2701 1
  0.533676 2 - 4
    0.181744 0.00096 6
    0.274806 0.473719 4
    0.480448 0.345614 1
    0.533676 0.179707 0
  0.79729 6 + 1
    0.53842 1 4
  0.839009 2 + 7
    0.305333 0.01156 8
    0.461969 0.077067 7
    0.487077 0.158494 6
    0.543786 0.016009 5
    0.580139 0.135395 4
    0.785781 0.388884 1
    0.839009 0.212591 0
  0.88804 8 + 1
    0.511 1 7

83 215 4
  0 9 - 0
  0.7466 13 - 1
    0.7466 1 0
  1.1607 17 - 1
    0.4141 1 1
  1.3475 25 - 1
    0.1868 1 2

83 216 2
  0 2 - 0
  0.1 6 - 1
    0.1 1 0

83 217 1
  0 9 - 0

83 218 1
  0 2 - 0

83 219 1
  0 9 - 0

83 220 1
  0 4 - 0

83 221 1
  0 1 - 0

83 222 1
  0 4 - 0

83 223 1
  0 1 + 0

83 224 1
  0 4 - 0

