97 234 1
  0 0 - 0

97 238 1
  0 4 - 0

97 239 1
  0 3 - 0

97 240 2
  0 2 - 0
  0.24 0 - 1
    0.24 1 0

97 241 4
  0 7 + 0
  0.051 3 - 1
    0.051 1 0
  0.082 5 - 1
    0.082 1 0
  0.128 7 - 1
    0.077 1 1

97 242 2
  0 10 + 0
  0.25 0 + 1
    0.25 1 0

97 243 5
  0 3 - 0
  0.046 7 + 1
    0.046 1 0
  0.095 9 + 1
    0.095 1 0
  0.158 11 + 1
    0.112 1 1
  2.2 5 + 2
    2.105 0.5 2
    2.2 0.5 0

97 244 4
  0 8 - 0
  0.14 0 - 1
    0.14 1 0
  0.17 6 - 1
    0.17 1 0
  0.2 4 - 2
    0.06 0.5 1
    0.2 0.5 0

97 245 2
  0 3 - 0
  1.56 1 - 1
    1.56 1 0

97 246 1
  0 4 - 0

97 247 25
  0 3 - 0
  0.0299 5 - 1
    0.0299 1 0
  0.0408 7 + 2
    0.0109 0.5 1
    0.0408 0.5 0
  0.0716 7 - 1
    0.0716 1 0
  0.0828 9 + 1
    0.042 1 2
  0.1255 9 - 2
    0.0847 0.5 2
    0.0956 0.5 1
  0.137 11 + 2
    0.0115 0.5 5
    0.0962 0.5 2
  0.196 13 + 1
    0.1132 1 4
  0.265 15 + 1
    0.128 1 6
  0.3349 5 + 3
    0.2941 0.986019 2
    0.305 0.003331 1
    0.3349 0.01065 0
  0.3781 7 + 1
    0.3373 1 2
  0.4478 5 - 4
    0.3762 0.086055 3
    0.407 0.125592 2
    0.4179 0.32588 1
    0.4478 0.462472 0
  0.487 1 + 2
    0.1521 0.5 9
    0.487 0.5 0
  0.4894 7 - 2
    0.3639 0.5663 5
    0.4595 0.4337 1
  0.518 3 + 2
    0.4772 0.5 2
    0.4881 0.5 1
  0.541 9 - 2
    0.5002 0.5 2
    0.5111 0.5 1
  0.587 13 + 2
    0.391 0.5 7
    0.5042 0.5 4
  0.704 1 - 2
    0.2562 0.5 11
    0.6741 0.5 1
  0.743 5 - 2
    0.7022 0.5 2
    0.7131 0.5 1
  0.815 7 - 2
    0.7434 0.5 3
    0.815 0.5 0
  0.828 9 - 2
    0.7872 0.5 2
    0.7981 0.5 1
  0.904 9 - 2
    0.8632 0.5 2
    0.8741 0.5 1
  0.983 11 + 2
    0.8575 0.5 5
    0.9422 0.5 2
  1.149 3 + 2
    1.1082 0.5 2
    1.1191 0.5 1
  1.166 13 + 2
    0.97 0.5 7
    1.0832 0.5 4

97 248 2
  0 6 + 0
  0.1 2 - 1
    0.1 1 0

97 249 68
  0 7 + 0
  0.008777 3 - 1
    0.008777 1 0
  0.039622 5 - 1
    0.030845 1 1
  0.041805 9 + 1
    0.041805 1 0
  0.082599 7 - 3
    0.042977 0.908844 2
    0.073822 0.091084 1
    0.082599 7.2e-05 0
  0.093759 11 + 2
    0.051954 0.961548 3
    0.093759 0.038452 0
  0.137712 9 - 4
    0.055113 0.877253 4
    0.095907 0.0001 3
    0.09809 0.122607 2
    0.137712 4e-05 0
  0.155854 13 + 2
    0.062095 0.941109 5
    0.114049 0.058891 3
  0.204575 11 - 3
    0.066863 0.84684 6
    0.121976 0.152907 4
    0.16277 0.000253 3
  0.229242 15 + 2
    0.073388 0.911191 7
    0.135483 0.088809 5
  0.283133 13 - 3
    0.078558 0.819075 8
    0.145421 0.180295 6
    0.189374 0.00063 5
  0.311857 17 + 2
    0.082615 0.927872 9
    0.156003 0.072128 7
  0.373181 15 - 2
    0.090048 0.691 10
    0.168606 0.309 8
  0.377562 1 + 1
    0.368785 1 1
  0.389171 5 + 4
    0.306572 0.000528 4
    0.347366 0.004862 3
    0.349549 0.00302 2
    0.389171 0.99159 0
  0.41069 3 + 1
    0.401913 1 1
  0.421366 5 + 1
    0.421366 1 0
  0.428958 7 + 5
    0.291246 0.000842 6
    0.335199 0.003921 5
    0.346359 0.003875 4
    0.387153 0.791949 3
    0.428958 0.199412 0
  0.47366 17 - 2
    0.100479 0.7612 12
    0.190527 0.2388 10
  0.475002 9 + 7
    0.270427 0.001296 8
    0.319148 0.003031 7
    0.33729 0.003657 6
    0.381243 0.671962 5
    0.392403 0.003052 4
    0.433197 0.285884 3
    0.475002 0.031118 0
  0.49867 7 + 3
    0.416071 0.04219 4
    0.456865 0.718207 3
    0.49867 0.239602 0
  0.51919 7 + 3
    0.425431 0.596599 5
    0.436591 0.002501 4
    0.477385 0.4009 3
  0.542095 11 + 7
    0.258962 0.000927 10
    0.312853 0.002425 9
    0.386241 0.501075 7
    0.404383 0.003604 6
    0.448336 0.39978 5
    0.50029 0.086886 3
    0.542095 0.005304 0
  0.553 1 - 2
    0.14231 0.5 15
    0.513378 0.5 2
  0.558164 3 - 6
    0.136798 0.193717 16
    0.168993 0.012191 14
    0.180602 0.104509 13
    0.475565 0.036923 4
    0.518542 0.503845 2
    0.549387 0.148813 1
  0.56921 1 - 4
    0.15852 0.001989 15
    0.191648 0.006392 13
    0.529588 0.417008 2
    0.560433 0.574611 1
  0.583918 5 - 2
    0.544296 0.5 2
    0.583918 0.5 0
  0.597836 13 + 5
    0.168878 0.481291 17
    0.368594 0.427392 9
    0.441982 0.073679 7
    0.504077 0.01757 5
    0.556031 6.8e-05 3
  0.60669 7 - 6
    0.0875 0.004588 21
    0.185324 0.03442 16
    0.402115 0.0213 8
    0.468978 0.455096 6
    0.524091 0.266398 4
    0.567068 0.218198 2
  0.6243 5 + 3
    0.202934 0.115506 16
    0.235129 0.830742 14
    0.6243 0.053753 0
  0.62948 5 - 4
    0.208114 0.033313 16
    0.546881 0.241822 4
    0.589858 0.356032 2
    0.620703 0.368833 1
  0.634029 9 - 2
    0.594407 0.5 2
    0.634029 0.5 0
  0.643058 1 - 3
    0.084894 0.042548 24
    0.603436 0.003689 2
    0.634281 0.953763 1
  0.6541 3 - 1
    0.13491 1 21
  0.66152 3 - 2
    0.621898 0.5631 2
    0.652743 0.4369 1
  0.671089 13 + 4
    0.151899 0.275594 21
    0.441847 0.687886 9
    0.515235 0.026059 7
    0.57733 0.01046 5
  0.67281 5 + 6
    0.243852 0.139811 17
    0.283639 0.519942 14
    0.590211 0.035373 4
    0.633188 0.070666 2
    0.664033 0.176514 1
    0.67281 0.057695 0
  0.682 11 - 2
    0.599401 0.5 4
    0.640195 0.5 3
  0.70185 15 + 3
    0.472608 0.7051 9
    0.545996 0.2334 7
    0.608091 0.0615 5
  0.70342 7 - 5
    0.228418 0.159197 19
    0.274462 0.155197 17
    0.314249 0.302694 14
    0.661615 0.353593 3
    0.70342 0.029319 0
  0.70484 11 - 5
    0.09815 0.0234 28
    0.18565 0.089168 21
    0.421707 0.043549 10
    0.500265 0.652087 8
    0.567128 0.191796 6
  0.70912 5 - 4
    0.10243 0.065771 28
    0.626521 0.373304 4
    0.669498 0.525305 2
    0.700343 0.03562 1
  0.71115 7 + 3
    0.19196 0.262674 21
    0.236148 0.546145 19
    0.282192 0.191181 17
  0.72317 9 - 2
    0.518595 0.97159 8
    0.640571 0.02841 4
  0.75 9 - 2
    0.710378 0.5 2
    0.75 0.5 0
  0.76789 9 - 2
    0.726085 0.1483 3
    0.76789 0.8517 0
  0.76915 9 - 3
    0.227055 0.5806 22
    0.294148 0.2807 19
    0.340192 0.1387 17
  0.794 3 + 2
    0.754378 0.5 2
    0.794 0.5 0
  0.83607 11 - 3
    0.742311 0.2039 5
    0.794265 0.6172 3
    0.83607 0.1789 0
  0.84 3 + 2
    0.800378 0.5 2
    0.84 0.5 0
  0.89964 19 + 3
    0.22683 0.1516 36
    0.860018 0.1804 2
    0.890863 0.668 1
  0.909 5 + 2
    0.867195 0.5 3
    0.900223 0.5 1
  0.91116 13 - 2
    0.755306 0.1937 7
    0.817401 0.8063 5
  0.93218 7 - 4
    0.16429 0.04456 45
    0.838421 0.02125 5
    0.890375 0.327697 3
    0.93218 0.606494 0
  0.93464 3 + 2
    0.26183 0.2051 36
    0.852041 0.7949 4
  0.947 21 + 1
    0.635143 1 11
  0.98814 9 - 2
    0.894381 0.4013 5
    0.946335 0.5987 3
  1.05577 11 - 3
    0.899916 0.9374 7
    0.962011 0.03092 5
    1.01615 0.03168 2
  1.07505 9 + 3
    0.981291 0.014499 5
    1.03324 0.143886 3
    1.07505 0.841616 0
  1.13391 13 - 1
    1.04015 1 5
  1.14378 11 + 2
    1.05002 0.2319 5
    1.10197 0.7681 3
  1.15064 5 - 3
    0.721682 0.276128 17
    0.761469 0.574957 14
    1.15064 0.148915 0
  1.186 7 + 2
    1.14638 0.5 2
    1.186 0.5 0
  1.22301 7 + 4
    0.794052 0.197206 17
    0.833839 0.608618 14
    1.1812 0.120804 3
    1.22301 0.073372 0
  1.22754 13 + 1
    0.998298 1 9
  1.311 1 + 2
    0.933438 0.5 13
    1.30222 0.5 1
  1.347 5 - 2
    1.30738 0.5 2
    1.347 0.5 0
  1.39 3 + 2
    1.35038 0.5 2
    1.39 0.5 0

97 250 41
  0 4 - 0
  0.03447 6 - 1
    0.03447 1 0
  0.03559 8 + 1
    0.03559 1 0
  0.07833 10 + 1
    0.04274 1 2
  0.08026 8 - 2
    0.04579 0.5 1
    0.08026 0.5 0
  0.086 14 + 1
    0.00767 1 3
  0.09749 10 - 1
    0.0619 1 2
  0.10383 2 - 1
    0.10383 1 0
  0.11545 6 + 1
    0.07986 1 2
  0.12501 4 - 2
    0.09054 0.7499 1
    0.12501 0.2501 0
  0.13049 12 + 2
    0.05216 0.5 3
    0.0949 0.5 2
  0.13732 10 - 2
    0.05706 0.5 4
    0.10285 0.5 1
  0.14643 4 - 2
    0.11196 0.5 1
    0.14643 0.5 0
  0.1486 8 + 2
    0.07027 0.5 3
    0.11301 0.5 2
  0.156 16 + 1
    0.07 1 5
  0.15739 6 - 3
    0.05356 0.333333 7
    0.07713 0.333333 4
    0.12292 0.333333 1
  0.16709 12 - 1
    0.0696 1 6
  0.17513 2 + 3
    0.05012 0.2059 9
    0.0713 0.6725 7
    0.17513 0.1216 0
  0.17999 6 - 2
    0.14552 0.5 1
    0.17999 0.5 0
  0.19 14 + 2
    0.104 0.5 5
    0.11167 0.5 3
  0.20364 8 - 2
    0.12338 0.5 4
    0.16917 0.5 1
  0.21182 4 + 3
    0.09637 0.255 8
    0.17735 0.284 1
    0.21182 0.461 0
  0.21594 0 + 2
    0.04081 0.5 17
    0.11211 0.5 7
  0.23674 6 + 2
    0.12129 0.5 8
    0.20227 0.5 1
  0.241 18 + 1
    0.085 1 14
  0.2479 14 - 2
    0.08081 0.5 16
    0.15041 0.5 6
  0.27046 8 + 2
    0.05864 0.5 21
    0.23599 0.5 1
  0.298 2 - 2
    0.19417 0.5 7
    0.26353 0.5 1
  0.316 10 + 2
    0.23574 0.5 4
    0.23767 0.5 3
  0.32073 10 + 2
    0.2424 0.5 3
    0.28514 0.5 2
  0.325 12 - 2
    0.22751 0.2424 6
    0.24667 0.7576 3
  0.333 4 - 2
    0.25274 0.5 4
    0.333 0.5 0
  0.341 2 - 2
    0.23717 0.5 7
    0.30653 0.5 1
  0.36961 12 + 2
    0.23912 0.5 10
    0.29128 0.5 3
  0.406 12 + 2
    0.30851 0.5 6
    0.37041 0.5 2
  0.413 6 - 1
    0.31551 1 6
  0.471 8 - 1
    0.30391 1 16
  0.526 4 + 2
    0.49041 0.5 2
    0.49153 0.5 1
  0.5395 0 - 2
    0.41449 0.5 9
    0.5395 0.5 0
  0.552 6 + 2
    0.47367 0.5 3
    0.552 0.5 0
  0.566 16 - 2
    0.39891 0.5 16
    0.48 0.5 5

97 251 12
  0 3 - 0
  0.0325 5 - 1
    0.0325 1 0
  0.0355 7 + 1
    0.0355 1 0
  0.07 9 + 1
    0.07 1 0
  0.124 11 + 1
    0.0885 1 2
  0.2691 1 + 1
    0.2336 1 2
  0.3117 13 + 1
    0.3117 1 0
  0.4222 15 + 2
    0.3897 0.641 1
    0.4222 0.359 0
  0.4382 7 + 1
    0.4382 1 0
  0.5426 5 - 1
    0.5426 1 0
  0.5625 9 - 2
    0.53 0.6135 1
    0.5625 0.3865 0
  0.9784 3 - 4
    0.4159 0.109611 10
    0.4358 0.10271 9
    0.9459 0.10271 1
    0.9784 0.684968 0

97 252 1
  0 2 + 0

