35 69 2
  0 9 + 0
  3.95 1 + 1
    3.95 1 0

35 70 33
  0 0 + 0
  0.9336 4 + 1
    0.9336 1 0
  1.3364 6 + 1
    0.4028 1 1
  1.657 10 + 1
    0.3206 1 2
  1.7604 6 + 1
    0.424 1 2
  2.0023 8 + 2
    0.6659 0.5 2
    1.0687 0.5 1
  2.2923 18 + 1
    2.2923 1 0
  2.3509 10 + 2
    0.3486 0.5 5
    0.6939 0.5 3
  2.677 12 + 1
    0.3261 1 7
  2.683 14 + 2
    0.3907 0.321 6
    1.026 0.679 3
  3.0273 16 + 2
    0.3443 0.5691 9
    0.735 0.4309 6
  3.0985 20 + 1
    0.8062 1 6
  3.5472 22 + 1
    1.2549 1 6
  3.6811 16 + 1
    0.9981 1 9
  4.4462 20 + 3
    0.7651 0.2409 13
    1.4189 0.6172 10
    2.1539 0.1419 6
  4.5312 24 + 1
    1.4327 1 11
  4.8848 26 + 1
    1.3376 1 12
  5.4433 24 + 1
    0.9971 1 14
  6.0509 28 + 1
    1.5197 1 15
  6.4874 30 + 1
    1.6026 1 16
  6.7879 28 + 1
    1.3446 1 17
  7.6591 32 + 1
    1.6082 1 18
  7.7124 32 + 1
    1.6615 1 18
  8.0698 34 + 1
    1.5824 1 19
  8.4307 32 + 1
    1.6428 1 20
  9.4704 36 + 1
    1.758 1 22
  9.5074 36 + 1
    1.795 1 22
  9.782 38 + 1
    1.7122 1 23
  11.6671 42 + 1
    1.8851 1 27
  13.786 46 + 1
    2.1189 1 28
  16.1577 50 + 1
    2.3717 1 29
  18.6628 54 + 1
    2.5051 1 30
  21.4119 58 + 1
    2.7491 1 31

35 71 76
  0 5 - 0
  0.00981 1 - 1
    0.00981 1 0
  0.2078 3 - 2
    0.19799 0.5 1
    0.2078 0.5 0
  0.40703 5 - 1
    0.39722 1 1
  0.61506 7 - 2
    0.20803 0.5 3
    0.40726 0.5 2
  0.66956 5 + 3
    0.26253 0.1859 3
    0.46176 0.4847 2
    0.66956 0.3294 0
  0.722 7 - 1
    0.5142 1 2
  0.75906 9 + 2
    0.0895 0.7002 5
    0.75906 0.2998 0
  0.7761 5 - 1
    0.5683 1 2
  0.8065 7 - 1
    0.5987 1 2
  0.89207 7 + 3
    0.13301 0.264489 7
    0.22251 0.680873 5
    0.27701 0.054638 4
  0.92926 7 - 3
    0.52223 0.4051 3
    0.72146 0.2348 2
    0.92926 0.3601 0
  1.0554 9 - 1
    1.0554 1 0
  1.0702 7 - 1
    0.66317 1 3
  1.17402 9 + 3
    0.28195 0.1695 10
    0.41496 0.4011 7
    0.50446 0.4294 5
  1.4902 11 + 2
    0.31618 0.3032 14
    0.73114 0.6968 7
  1.4918 9 - 1
    0.56254 1 11
  1.4966 13 + 1
    0.73754 1 7
  1.5861 11 + 1
    0.82704 1 7
  1.6834 9 - 1
    0.6132 1 13
  1.7141 11 - 1
    0.95504 1 7
  2.122 13 + 3
    0.5359 0.130493 18
    0.6254 0.059947 17
    0.94798 0.809559 14
  2.2165 13 - 2
    0.7247 0.556 16
    1.1611 0.444 12
  2.28475 13 + 2
    0.69865 0.5 18
    0.79455 0.5 15
  2.3524 15 + 1
    0.8622 1 15
  2.3927 17 + 1
    0.8961 1 17
  2.4776 13 - 2
    0.7635 0.5252 20
    0.7942 0.4748 19
  2.5199 15 - 2
    0.3034 0.01094 22
    0.8058 0.98906 20
  3.0466 17 + 1
    0.76185 1 23
  3.1878 17 - 1
    0.9713 1 22
  3.262 17 + 2
    0.8693 0.1597 25
    1.14 0.8403 21
  3.3769 17 - 2
    0.857 0.578 27
    0.8993 0.422 26
  3.434 19 + 1
    1.0816 1 24
  3.4752 21 + 1
    1.0825 1 25
  3.5293 19 - 1
    1.0094 1 27
  4.0158 21 - 2
    0.4865 0.6248 34
    0.6389 0.3752 31
  4.0922 21 + 1
    1.0456 1 28
  4.3111 21 - 3
    0.7818 0.1609 34
    0.9342 0.3809 31
    1.1233 0.4582 29
  4.3137 21 + 1
    1.0517 1 30
  4.503 25 + 1
    1.0278 1 33
  4.7418 23 - 1
    1.2125 1 34
  4.7436 25 + 1
    1.2684 1 33
  4.7459 23 + 1
    1.3119 1 32
  4.9694 25 + 2
    0.6557 0.5158 38
    1.4942 0.4842 33
  5.3137 25 + 1
    1.2215 1 36
  5.3751 25 - 3
    0.6333 0.293329 40
    1.064 0.456546 37
    1.3593 0.250125 35
  5.8117 29 + 2
    0.8423 0.5436 43
    1.3087 0.4564 39
  5.9948 27 + 1
    1.2489 1 42
  6.1672 27 - 1
    1.4254 1 40
  6.1908 29 + 1
    1.4472 1 41
  6.6134 29 - 2
    0.446199 0.032952 48
    1.2383 0.967048 45
  6.7092 29 + 1
    1.3955 1 44
  7.1571 33 + 1
    1.3454 1 46
  7.4247 3 - 1
    1.2575 1 48
  7.4708 31 + 1
    1.476 1 47
  7.7591 31 - 1
    1.5919 1 48
  7.7855 33 - 1
    1.1721 1 50
  7.7898 33 + 1
    1.599 1 49
  8.2448 33 + 1
    1.5356 1 51
  8.4226 3 - 2
    0.637099 0.5 56
    0.997899 0.5 53
  8.9557 37 + 1
    1.7986 1 52
  9.0904 35 + 1
    1.6196 1 54
  9.1948 37 - 1
    1.4093 1 56
  9.3204 35 - 1
    1.5613 1 55
  9.5267 37 + 1
    1.7369 1 57
  9.7216 3 - 1
    1.299 1 59
  9.9968 37 + 1
    1.752 1 58
  10.7521 39 + 1
    1.6617 1 61
  10.9924 41 + 1
    2.0367 1 60
  11.0308 41 - 1
    1.836 1 62
  11.434 41 + 1
    1.9073 1 64
  11.4876 5 - 1
    1.766 1 65
  12.381 43 + 1
    1.6289 1 67
  12.875 45 + 1
    1.8826 1 68
  13.472 45 + 1
    2.038 1 70
  14.959 49 + 1
    2.084 1 73

35 72 110
  0 2 + 0
  0.10076 6 - 1
    0.10076 1 0
  0.12413 2 + 1
    0.12413 1 0
  0.13109 4 - 1
    0.03033 1 1
  0.16267 2 + 2
    0.03854 0.044762 2
    0.16267 0.955238 0
  0.21807 2 - 3
    0.08698 0.824541 3
    0.11731 0.125606 1
    0.21807 0.049852 0
  0.22966 6 + 1
    0.22966 1 0
  0.28935 6 + 1
    0.28935 1 0
  0.30984 2 + 6
    0.09177 0.002645 5
    0.14717 0.0281 4
    0.17875 0.131401 3
    0.18571 0.001461 2
    0.20908 0.03729 1
    0.30984 0.799103 0
  0.31361 2 - 1
    0.31361 1 0
  0.32844 2 - 3
    0.16577 0.07919 4
    0.20431 0.07341 2
    0.32844 0.8474 0
  0.33298 6 - 2
    0.11491 0.4379 5
    0.20189 0.5621 3
  0.37056 8 - 3
    0.03758 0.524752 11
    0.15249 0.136614 5
    0.23947 0.338634 3
  0.37901 2 - 2
    0.25488 0.1921 2
    0.37901 0.8079 0
  0.39265 2 + 2
    0.22998 0.3887 4
    0.39265 0.6113 0
  0.39804 4 - 4
    0.0882 0.057035 8
    0.26695 0.095989 3
    0.27391 0.211519 2
    0.39804 0.635457 0
  0.40251 8 - 1
    0.18444 1 5
  0.41505 2 + 6
    0.10521 0.03094 8
    0.19698 0.02076 5
    0.25238 0.139801 4
    0.28396 0.04306 3
    0.29092 0.002833 2
    0.41505 0.762605 0
  0.4673 10 - 2
    0.13432 0.089264 11
    0.24923 0.910736 5
  0.5096 2 - 3
    0.13059 0.319 13
    0.19599 0.4888 9
    0.38547 0.1922 2
  0.5439 10 + 1
    0.25455 1 7
  0.54528 2 - 2
    0.14724 0.1641 15
    0.23544 0.8359 8
  0.57572 2 + 5
    0.16067 0.052548 17
    0.17768 0.063578 15
    0.18307 0.130196 14
    0.26588 0.222193 8
    0.57572 0.531484 0
  0.57674 2 + 3
    0.41407 0.480419 4
    0.45261 0.054262 2
    0.57674 0.465319 0
  0.6031 4 - 1
    0.37344 1 6
  0.65911 10 - 2
    0.19181 0.0772 18
    0.32613 0.9228 11
  0.66805 8 - 5
    0.12415 0.077331 20
    0.20075 0.083761 18
    0.27001 0.529405 15
    0.3787 0.218802 7
    0.43839 0.090701 6
  0.6823 2 + 2
    0.51963 0.5002 4
    0.6823 0.4998 0
  0.70785 2 - 5
    0.13213 0.076315 22
    0.37941 0.043897 10
    0.48978 0.082444 5
    0.54518 0.364075 4
    0.70785 0.43327 0
  0.7167 12 - 1
    0.2494 1 18
  0.72205 2 - 5
    0.14633 0.021701 22
    0.307 0.161008 17
    0.41221 0.329917 8
    0.55938 0.422721 4
    0.72205 0.064653 0
  0.74869 10 - 2
    0.34618 0.5207 16
    0.41571 0.4793 11
  0.75551 2 + 3
    0.42707 0.04869 10
    0.63138 0.213902 2
    0.75551 0.737407 0
  0.7958 4 - 5
    0.38075 0.346979 17
    0.48596 0.251385 8
    0.63313 0.252985 4
    0.67167 0.069306 2
    0.7958 0.079345 0
  0.90186 2 + 4
    0.35658 0.059025 21
    0.50382 0.198116 15
    0.77773 0.24762 2
    0.90186 0.49524 0
  0.93918 2 + 5
    0.54114 0.07421 15
    0.54653 0.07713 14
    0.61074 0.05536 10
    0.81505 0.2226 2
    0.93918 0.5707 0
  0.95832 14 - 1
    0.49102 1 18
  0.9911 12 - 3
    0.2744 0.01524 29
    0.32305 0.9564 26
    0.388 0.02836 24
  1.02761 2 + 8
    0.45189 0.097195 22
    0.48233 0.078394 21
    0.62957 0.079474 15
    0.63496 0.373319 14
    0.6486 0.096265 13
    0.69917 0.137307 10
    0.86494 0.052243 4
    1.02761 0.085804 0
  1.1542 2 - 3
    0.73915 0.4717 17
    0.84436 0.4245 8
    0.99153 0.1038 4
  1.1728 2 + 3
    0.77476 0.24 15
    0.84436 0.3156 10
    0.95473 0.4444 5
  1.18786 14 - 2
    0.47116 0.6574 29
    0.52875 0.3426 25
  1.26004 14 - 1
    0.26894 1 37
  1.31898 14 - 2
    0.57029 0.2583 31
    0.65987 0.7417 25
  1.3228 2 + 2
    0.99436 0.4565 10
    1.16013 0.5435 4
  1.34473 16 - 1
    0.35363 1 37
  1.38592 2 + 8
    0.48406 0.2181 34
    0.59012 0.196 33
    0.8102 0.1306 22
    0.84064 0.1589 21
    1.05748 0.1523 10
    1.07608 0.05007 8
    1.16785 0.01023 5
    1.38592 0.0838 0
  1.44828 18 + 1
    0.10355 1 45
  1.60484 2 + 4
    1.02912 0.402188 22
    1.44217 0.043429 4
    1.48071 0.268992 2
    1.60484 0.285391 0
  1.61237 16 - 2
    0.65405 0.5715 36
    0.89567 0.4285 29
  1.7037 2 + 3
    0.80184 0.355679 34
    0.9079 0.555467 33
    1.54103 0.088855 4
  1.7218 4 + 1
    0.7307 1 37
  1.77193 2 + 9
    0.61773 0.081037 39
    0.87007 0.050058 34
    0.97613 0.23829 33
    1.04988 0.195392 30
    1.37389 0.083147 15
    1.39292 0.080997 13
    1.60926 0.116695 4
    1.6478 0.136995 2
    1.77193 0.017389 0
  1.7994 2 + 4
    1.22266 0.2142 23
    1.63673 0.2777 4
    1.67527 0.3966 2
    1.7994 0.1115 0
  1.83546 2 + 5
    1.03966 0.394804 33
    1.45645 0.209202 13
    1.67279 0.04737 4
    1.71133 0.319803 2
    1.83546 0.02882 0
  1.9435 2 - 1
    1.9435 1 0
  1.95 2 - 1
    1.95 1 0
  1.9884 2 - 1
    1.9884 1 0
  1.9895 18 - 2
    0.64477 0.7321 45
    0.72946 0.2679 42
  2.0822 18 - 2
    0.76322 0.4765 43
    0.89434 0.5235 41
  2.1864 20 - 2
    0.73812 0.074054 47
    0.84167 0.925946 45
  2.4797 20 - 1
    0.86733 1 49
  2.4976 22 + 2
    0.3112 0.3513 60
    1.04932 0.6487 47
  3.0267 22 - 2
    0.8403 0.2188 60
    1.0372 0.7812 58
  3.078 22 - 1
    0.9958 1 59
  3.3049 2 + 1
    3.3049 1 0
  3.3296 24 - 1
    1.1432 1 60
  3.5161 24 - 1
    1.0364 1 61
  3.6289 26 + 2
    0.2993 0.1471 66
    1.1313 0.8529 62
  4.204 26 - 1
    1.126 1 64
  4.3267 26 - 1
    1.3 1 63
  4.7156 28 - 1
    1.386 1 66
  4.7184 28 - 1
    1.2023 1 67
  4.8869 30 + 2
    0.1713 0.0981 71
    1.258 0.9019 68
  5.3241 30 - 1
    1.1201 1 69
  5.3611 4 + 1
    1.1571 1 69
  5.5162 30 - 1
    1.1895 1 70
  5.6531 28 + 1
    1.4491 1 69
  5.9917 32 - 1
    1.2733 1 72
  6.2423 32 - 1
    1.5267 1 71
  6.2649 34 + 1
    1.378 1 73
  6.5627 34 - 2
    1.2016 0.342 75
    1.2386 0.658 74
  7.0486 34 - 1
    1.5324 1 76
  7.1041 32 + 1
    1.451 1 77
  7.3764 36 - 1
    1.3847 1 78
  7.8766 38 + 1
    1.6117 1 80
  7.9125 36 - 1
    1.6702 1 79
  7.9668 38 - 1
    1.4041 1 81
  8.0896 4 + 1
    1.8473 1 79
  8.7532 36 + 1
    1.6491 1 83
  8.8037 38 - 1
    1.7551 1 82
  8.809 40 - 1
    1.4326 1 84
  9.5299 42 - 1
    1.5631 1 87
  9.7456 40 - 1
    1.8331 1 86
  9.8189 42 + 1
    1.9423 1 85
  10.4067 44 - 1
    1.5977 1 91
  10.5432 40 + 1
    1.79 1 89
  11.2989 46 - 1
    1.769 1 92
  11.8024 44 - 1
    2.0568 1 93
  11.846 46 + 1
    2.0271 1 94
  12.3679 48 - 1
    1.9612 1 95
  12.5347 44 + 1
    1.9915 1 96
  13.3823 50 - 1
    2.0834 1 97
  13.9384 50 + 1
    2.0924 1 99
  14.8097 52 - 1
    2.4418 1 100
  15.8993 54 - 1
    2.517 1 102
  16.2324 54 + 1
    2.294 1 103
  17.8007 56 - 1
    2.991 1 104
  18.808 58 + 1
    2.5756 1 106
  18.9679 58 - 1
    3.0686 1 105

35 73 122
  0 1 - 0
  0.02692 5 - 1
    0.02692 1 0
  0.17808 3 - 2
    0.15116 0.1991 1
    0.17808 0.8009 0
  0.2405 5 - 2
    0.06242 0.5983 2
    0.21358 0.4017 1
  0.28613 5 + 4
    0.04563 0.663907 3
    0.10805 0.129601 2
    0.25921 0.077491 1
    0.28613 0.129001 0
  0.41906 5 + 2
    0.24098 0.6589 2
    0.39214 0.3411 1
  0.4234 3 + 3
    0.1829 0.1181 3
    0.39648 0.4667 1
    0.4234 0.4152 0
  0.4735 3 - 2
    0.44658 0.2127 1
    0.4735 0.7873 0
  0.47751 9 + 1
    0.19138 1 4
  0.48139 5 - 2
    0.30331 0.3515 2
    0.45447 0.6485 1
  0.63526 5 - 3
    0.45718 0.4214 2
    0.60834 0.1055 1
    0.63526 0.4731 0
  0.68125 7 - 2
    0.50317 0.6997 2
    0.65433 0.3003 1
  0.7133 3 - 2
    0.68638 0.910755 1
    0.7133 0.089246 0
  0.94321 9 - 1
    0.91629 1 1
  1.05674 13 + 1
    0.57923 1 8
  1.13756 5 - 4
    0.65617 0.108411 9
    0.7185 0.137914 5
    0.95948 0.492649 2
    1.11064 0.261026 1
  1.25516 11 - 1
    0.57391 1 11
  1.473 7 + 2
    1.29492 0.3711 2
    1.44608 0.6289 1
  1.5424 1 + 2
    0.90714 0.5155 10
    1.36432 0.4845 2
  1.66221 13 - 1
    0.719 1 13
  1.8611 17 + 1
    0.80436 1 14
  1.98966 15 - 1
    0.7345 1 16
  2.154 7 + 3
    1.67261 0.353365 9
    1.97592 0.332167 2
    2.12708 0.314469 1
  2.2616 1 + 2
    2.08352 0.8333 2
    2.2616 0.1667 0
  2.51242 17 - 1
    0.85021 1 19
  2.555 3 + 2
    2.07361 0.6757 9
    2.52808 0.3243 1
  2.8563 21 + 1
    0.9952 1 20
  2.87427 19 - 1
    0.88461 1 21
  3.0174 7 + 3
    2.3041 0.208321 12
    2.53601 0.270827 9
    2.83932 0.520852 2
  3.2522 3 + 1
    2.77081 1 9
  3.2852 9 + 1
    3.10712 1 2
  3.4623 7 + 2
    3.28422 0.6494 2
    3.43538 0.3506 1
  3.4649 21 - 1
    0.95248 1 24
  3.4692 1 + 1
    3.29112 1 2
  3.91 23 - 1
    1.03573 1 27
  3.9674 25 + 1
    1.1111 1 26
  4.0204 25 + 1
    1.1641 1 26
  4.0673 25 + 1
    1.211 1 26
  4.28 3 - 2
    3.99387 0.5 4
    4.10192 0.5 2
  4.33 5 - 2
    4.30308 0.5 1
    4.33 0.5 0
  4.38 7 - 2
    4.09387 0.5 4
    4.20192 0.5 2
  4.43 3 + 2
    4.40308 0.5 1
    4.43 0.5 0
  4.46 1 - 2
    4.43308 0.5 1
    4.46 0.5 0
  4.5 5 + 2
    4.21387 0.5 4
    4.32192 0.5 2
  4.53 3 - 2
    4.24387 0.5 4
    4.35192 0.5 2
  4.5369 25 - 1
    1.072 1 32
  4.6 7 + 2
    4.3595 0.5 3
    4.57308 0.5 1
  4.64 9 + 2
    4.22094 0.5 5
    4.35387 0.5 4
  4.67 5 - 2
    4.64308 0.5 1
    4.67 0.5 0
  4.71 3 + 2
    4.68308 0.5 1
    4.71 0.5 0
  4.74 1 - 2
    4.71308 0.5 1
    4.74 0.5 0
  4.78 7 + 2
    4.5395 0.5 3
    4.75308 0.5 1
  4.83 11 - 2
    4.14875 0.5 11
    4.35249 0.5 8
  4.89 5 + 2
    4.60387 0.5 4
    4.71192 0.5 2
  4.96 3 - 2
    4.67387 0.5 4
    4.78192 0.5 2
  5.04 9 + 2
    4.62094 0.5 5
    4.75387 0.5 4
  5.09 1 - 2
    5.06308 0.5 1
    5.09 0.5 0
  5.1305 27 - 1
    1.2205 1 34
  5.17 5 + 2
    4.88387 0.5 4
    4.99192 0.5 2
  5.23 7 + 2
    4.9895 0.5 3
    5.20308 0.5 1
  5.27 3 - 2
    4.98387 0.5 4
    5.09192 0.5 2
  5.31 5 + 2
    5.02387 0.5 4
    5.13192 0.5 2
  5.3347 29 + 1
    1.3143 1 36
  5.34 3 - 2
    5.05387 0.5 4
    5.16192 0.5 2
  5.39 7 - 2
    5.10387 0.5 4
    5.21192 0.5 2
  5.45 1 + 2
    5.16387 0.5 4
    5.27192 0.5 2
  5.5 9 - 2
    5.2595 0.5 3
    5.47308 0.5 1
  5.56 5 + 2
    5.27387 0.5 4
    5.38192 0.5 2
  5.61 3 - 2
    5.32387 0.5 4
    5.43192 0.5 2
  5.6412 29 + 2
    1.5739 0.5 37
    1.6208 0.5 36
  5.65 7 - 2
    5.36387 0.5 4
    5.47192 0.5 2
  5.7 5 + 2
    5.41387 0.5 4
    5.52192 0.5 2
  5.75 1 - 2
    5.72308 0.5 1
    5.75 0.5 0
  5.7529 29 - 1
    1.216 1 45
  5.79 3 + 2
    5.76308 0.5 1
    5.79 0.5 0
  5.83 7 + 2
    5.5895 0.5 3
    5.80308 0.5 1
  5.89 5 - 2
    5.86308 0.5 1
    5.89 0.5 0
  5.96 9 + 2
    5.54094 0.5 5
    5.67387 0.5 4
  6.06 3 - 2
    5.77387 0.5 4
    5.88192 0.5 2
  6.14 11 + 2
    4.667 0.5 17
    5.19679 0.5 13
  6.19 1 - 2
    6.16308 0.5 1
    6.19 0.5 0
  6.24 5 + 2
    5.95387 0.5 4
    6.06192 0.5 2
  6.29 7 - 2
    6.00387 0.5 4
    6.11192 0.5 2
  6.38 3 + 2
    6.35308 0.5 1
    6.38 0.5 0
  6.403 31 - 1
    1.2725 1 57
  6.48 5 + 2
    6.19387 0.5 4
    6.30192 0.5 2
  6.801 33 + 1
    1.4663 1 62
  7.1 33 - 1
    1.3471 1 73
  7.25 33 + 2
    1.6088 0.5 69
    1.9153 0.5 62
  7.874 35 - 1
    1.471 1 84
  8.452 37 + 1
    1.651 1 86
  8.563 37 - 1
    1.463 1 87
  9.007 37 + 1
    1.757 1 88
  9.511 39 - 1
    1.637 1 89
  9.621 39 - 1
    1.747 1 89
  10.156 41 - 1
    1.593 1 91
  10.277 41 + 1
    1.825 1 90
  10.793 41 + 1
    1.786 1 92
  11.291 43 - 1
    1.78 1 93
  11.583 43 - 1
    1.962 1 94
  11.958 45 - 1
    1.802 1 95
  12.236 45 + 1
    1.959 1 96
  12.668 45 + 1
    1.875 1 97
  13.286 47 - 1
    1.995 1 98
  13.999 47 - 1
    2.416 1 99
  14.019 49 - 1
    2.061 1 100
  14.336 49 + 1
    2.1 1 101
  15.532 51 - 1
    2.246 1 103
  16.373 53 - 1
    2.354 1 105
  16.632 53 + 1
    2.296 1 106
  16.66 53 + 1
    2.324 1 106
  18.116 55 - 1
    2.584 1 107
  18.317 55 - 1
    2.785 1 107
  19.094 57 - 1
    2.721 1 108
  19.11 57 - 1
    2.737 1 108
  19.163 57 + 2
    2.503 0.5 110
    2.531 0.5 109
  20.679 59 - 2
    2.362 0.5 112
    2.563 0.5 111
  21.972 61 + 1
    2.809 1 115
  22.272 61 - 2
    3.162 0.5 114
    3.178 0.5 113
  23.702 63 - 1
    3.023 1 116
  25.18 65 + 1
    3.208 1 117
  25.968 65 - 1
    3.696 1 118

35 74 94
  0 0 - 0
  0.00984 2 - 1
    0.00984 1 0
  0.01358 8 + 1
    0.01358 1 0
  0.07263 4 - 2
    0.06279 0.949571 1
    0.07263 0.050428 0
  0.08571 6 - 1
    0.07213 1 2
  0.08963 2 - 2
    0.07979 0.01609 1
    0.08963 0.98391 0
  0.1326 4 - 1
    0.1326 1 0
  0.1791 2 + 2
    0.08947 0.8191 5
    0.1791 0.1809 0
  0.18059 4 - 2
    0.09096 0.8285 5
    0.18059 0.1715 0
  0.20082 6 - 2
    0.12819 0.948838 3
    0.19098 0.051162 1
  0.20195 8 - 2
    0.11624 0.6169 4
    0.18837 0.3831 2
  0.20748 10 + 1
    0.1939 1 2
  0.21284 2 + 4
    0.12321 0.243481 5
    0.14021 0.229782 3
    0.203 0.50026 1
    0.21284 0.026478 0
  0.2385 8 - 1
    0.22492 1 2
  0.25561 2 + 5
    0.04277 0.191906 12
    0.16598 0.511115 5
    0.18298 0.086273 3
    0.24577 0.110403 1
    0.25561 0.100303 0
  0.2719 4 - 1
    0.18619 1 4
  0.29636 4 - 1
    0.22373 1 3
  0.30658 2 + 7
    0.05097 0.108796 14
    0.09374 0.123595 12
    0.12748 0.017339 7
    0.21695 0.191092 5
    0.23395 0.103696 3
    0.29674 0.234791 1
    0.30658 0.220691 0
  0.3294 8 - 4
    0.12745 0.254 10
    0.12858 0.4295 9
    0.24369 0.2062 4
    0.25677 0.1103 3
  0.33967 6 - 2
    0.08406 0.7291 14
    0.15908 0.2709 8
  0.37118 10 - 3
    0.16923 0.721536 10
    0.28547 0.250313 4
    0.3576 0.028151 2
  0.38 8 - 2
    0.17918 0.7371 9
    0.30737 0.2629 3
  0.39005 2 - 4
    0.08347 0.167808 17
    0.21095 0.066553 7
    0.30042 0.60323 5
    0.39005 0.162408 0
  0.39454 8 - 2
    0.19259 0.1755 10
    0.30883 0.8245 4
  0.39695 12 + 2
    0.18947 0.6326 11
    0.38337 0.3674 2
  0.40629 4 - 2
    0.09971 0.2795 17
    0.40629 0.7205 0
  0.41563 10 - 2
    0.14373 0.8302 15
    0.21368 0.1698 10
  0.42436 10 - 2
    0.05318 0.1544 20
    0.22241 0.8456 10
  0.4349 2 - 2
    0.12832 0.8887 17
    0.4349 0.1113 0
  0.4433 8 - 2
    0.23582 0.586 11
    0.42972 0.414 2
  0.4629 10 - 1
    0.2244 1 13
  0.4691 4 - 2
    0.39647 0.7751 3
    0.4691 0.2249 0
  0.48576 12 - 3
    0.0614 0.071963 27
    0.11458 0.295012 20
    0.28381 0.633025 10
  0.5347 2 - 3
    0.44507 0.540773 5
    0.52486 0.086446 1
    0.5347 0.372781 0
  0.54329 10 - 4
    0.14875 0.2237 23
    0.16329 0.1088 21
    0.21389 0.2596 18
    0.34134 0.4079 10
  0.588 4 - 2
    0.18171 0.8645 25
    0.588 0.1355 0
  0.59326 10 - 3
    0.21326 0.4068 21
    0.26386 0.19 18
    0.39244 0.4032 9
  0.60912 2 + 5
    0.35351 0.099191 14
    0.39628 0.259803 12
    0.51949 0.191002 5
    0.53649 0.109101 3
    0.60912 0.340903 0
  0.6129 2 - 1
    0.35729 1 14
  0.61976 12 - 4
    0.134 0.238 32
    0.1954 0.2773 27
    0.24858 0.1968 20
    0.41781 0.2879 10
  0.6631 10 + 3
    0.2198 0.3958 29
    0.26615 0.3248 24
    0.45562 0.2794 11
  0.66972 14 + 2
    0.27277 0.6813 24
    0.46224 0.3187 11
  0.70128 2 + 6
    0.31123 0.242483 22
    0.48844 0.077685 12
    0.61165 0.059316 5
    0.62865 0.077565 3
    0.69144 0.086684 1
    0.70128 0.456268 0
  0.7362 12 - 2
    0.2733 0.6341 30
    0.4977 0.3659 13
  0.8027 12 + 3
    0.1396 0.1219 40
    0.40575 0.3227 24
    0.59522 0.5554 11
  0.81554 10 - 3
    0.22228 0.3036 36
    0.27225 0.3638 34
    0.48614 0.3326 18
  0.82048 12 - 4
    0.22722 0.205479 36
    0.27719 0.233677 34
    0.4493 0.270173 20
    0.49108 0.290671 18
  0.82613 16 + 2
    0.15641 0.2973 41
    0.42918 0.7027 24
  0.8318 2 - 2
    0.61896 0.6135 12
    0.8318 0.3865 0
  0.86151 14 - 4
    0.24175 0.195508 39
    0.37575 0.159806 32
    0.43715 0.074263 27
    0.49033 0.570423 20
  0.92231 12 - 2
    0.37902 0.286 34
    0.54231 0.714 21
  0.9699 2 + 3
    0.75706 0.5954 12
    0.88027 0.1547 5
    0.9699 0.2499 0
  0.9783 2 + 3
    0.72269 0.3534 14
    0.76546 0.3534 12
    0.9783 0.2932 0
  0.98999 14 - 3
    0.37023 0.2607 39
    0.50423 0.4564 32
    0.61881 0.2829 20
  1.0494 14 - 2
    0.3132 0.5474 43
    0.5865 0.4526 30
  1.16435 14 - 4
    0.24204 0.1628 50
    0.34387 0.1268 46
    0.62106 0.4359 34
    0.67859 0.2745 32
  1.1704 14 + 2
    0.34427 0.5183 47
    0.3677 0.4817 44
  1.17389 18 + 2
    0.34776 0.8336 47
    0.50417 0.1664 41
  1.1972 16 + 2
    0.52748 0.5885 41
    0.80025 0.4115 24
  1.20171 14 - 2
    0.38123 0.3907 46
    0.60845 0.6093 36
  1.27277 16 - 4
    0.28278 0.094982 53
    0.41126 0.248205 49
    0.65301 0.393408 39
    0.78701 0.263405 32
  1.3841 16 - 2
    0.3347 0.48 54
    0.6479 0.52 43
  1.4854 16 + 4
    0.31151 0.1838 57
    0.315 0.3468 56
    0.6827 0.2175 44
    0.81568 0.2519 41
  1.4879 18 + 2
    0.2907 0.2198 58
    0.81818 0.7802 41
  1.4891 16 - 2
    0.28739 0.3562 59
    0.66862 0.6438 46
  1.6337 16 - 2
    0.46935 0.3942 55
    0.71139 0.6058 50
  1.6601 20 + 2
    0.48621 0.069853 57
    0.83397 0.930146 47
  1.688 18 - 3
    0.41523 0.2748 60
    0.69801 0.1158 53
    0.82649 0.6094 49
  1.7287 18 - 2
    0.3446 0.3597 61
    0.6793 0.6403 54
  1.893 18 - 3
    0.2593 0.1407 65
    0.72865 0.4232 55
    0.90301 0.4361 53
  1.983 18 + 2
    0.3229 0.2599 66
    0.4976 0.7401 62
  2.0001 18 - 2
    0.511 0.2189 64
    0.79839 0.7811 59
  2.0679 22 + 2
    0.4078 0.3716 66
    0.89401 0.6284 57
  2.1338 20 + 2
    0.9366 0.1379 58
    0.95991 0.8621 57
  2.1402 20 - 2
    0.4522 0.2191 67
    0.86743 0.7809 60
  2.263 20 + 1
    1.08911 1 57
  2.3315 20 - 2
    0.3314 0.2489 71
    0.8424 0.7511 64
  2.4408 20 + 2
    0.4578 0.4876 70
    0.9554 0.5124 62
  2.5061 20 - 2
    0.6131 0.5989 69
    0.8724 0.4011 65
  2.6162 22 - 2
    0.476 0.2484 74
    0.9282 0.7516 67
  2.7659 24 + 2
    0.698 0.2127 72
    1.1058 0.7873 66
  2.8334 22 - 1
    0.9404 1 69
  3.1561 24 - 1
    1.0159 1 74
  3.1766 26 + 1
    1.1087 1 72
  3.3079 24 + 2
    1.1741 0.5988 73
    1.24 0.4012 72
  3.4465 24 + 1
    1.3786 1 72
  3.6843 26 - 1
    1.0681 1 79
  4.0971 28 + 1
    1.3312 1 80
  4.341 28 - 1
    1.1849 1 82
  4.4921 30 + 1
    1.3155 1 83
  4.9087 30 - 1
    1.2244 1 86
  5.6145 32 + 1
    1.5174 1 87
  5.9621 34 + 1
    1.47 1 89
  7.6143 38 + 1
    1.6522 1 92

35 75 103
  0 3 - 0
  0.11952 5 - 1
    0.11952 1 0
  0.13246 5 + 1
    0.13246 1 0
  0.15461 3 + 2
    0.02215 0.4497 2
    0.15461 0.5503 0
  0.17932 5 - 1
    0.17932 1 0
  0.2208 9 + 2
    0.08834 0.970371 2
    0.2208 0.029629 0
  0.2731 3 + 1
    0.2731 1 0
  0.29564 5 - 1
    0.29564 1 0
  0.35247 5 - 2
    0.23295 0.057019 1
    0.35247 0.942981 0
  0.37397 7 + 3
    0.15317 0.8164 5
    0.21936 0.0322 3
    0.24151 0.1514 2
  0.51805 7 - 3
    0.29725 0.081391 5
    0.39853 0.144101 1
    0.51805 0.774508 0
  0.52433 3 + 1
    0.22869 1 7
  0.77349 9 - 4
    0.25544 0.041317 10
    0.42102 0.032257 8
    0.55269 0.12289 5
    0.65397 0.803536 1
  0.7822 3 - 1
    0.62759 1 3
  0.78374 13 + 1
    0.56294 1 5
  0.79297 3 + 2
    0.67345 0.1639 1
    0.79297 0.8361 0
  0.82491 5 - 3
    0.6703 0.061391 3
    0.69245 0.061391 2
    0.82491 0.877218 0
  0.8478 9 + 2
    0.627 0.7143 5
    0.71534 0.2857 2
  0.90151 5 + 3
    0.7469 0.29633 3
    0.76905 0.529153 2
    0.90151 0.174517 0
  0.93964 11 + 3
    0.1559 0.04411 14
    0.56567 0.534295 9
    0.71884 0.421596 5
  1.07249 1 - 3
    0.69852 0.3293 9
    0.94003 0.4016 2
    0.95297 0.2691 1
  1.14981 11 - 3
    0.35684 0.022869 15
    0.37632 0.036759 12
    0.63176 0.940372 10
  1.2582 9 - 1
    0.90573 1 8
  1.5121 13 + 3
    0.57246 0.070019 19
    0.6643 0.50009 17
    0.72836 0.429891 14
  1.51591 13 - 3
    0.3661 0.0218 21
    0.73217 0.1086 14
    0.74242 0.8696 12
  1.60199 1 + 4
    0.70048 0.1481 18
    1.22802 0.1019 9
    1.46953 0.287 2
    1.60199 0.463 0
  1.6125 7 - 3
    0.78759 0.3184 16
    1.23853 0.4484 9
    1.6125 0.2332 0
  1.6139 17 + 1
    0.83016 1 14
  1.79125 15 + 2
    0.85161 0.7195 19
    1.00751 0.2805 14
  1.89743 15 - 1
    0.74762 1 21
  2.0425 7 - 2
    1.24953 0.578 15
    1.66853 0.422 9
  2.0697 13 - 1
    0.8115 1 22
  2.1333 13 - 2
    0.61739 0.2483 24
    0.98349 0.7517 21
  2.3014 17 + 2
    0.7893 0.6898 23
    1.51766 0.3102 14
  2.35596 17 - 3
    0.45853 0.044512 29
    0.74206 0.066643 27
    0.84005 0.888844 24
  2.6063 15 - 1
    0.473 1 32
  2.65931 21 + 1
    1.04541 1 27
  2.75614 19 - 1
    0.85871 1 29
  2.7758 17 - 5
    0.41984 0.083504 34
    0.6425 0.250113 32
    0.7061 0.083354 31
    0.87837 0.249913 29
    1.25989 0.333117 24
  2.86366 19 + 1
    1.07241 1 28
  2.9459 1 + 1
    1.332 1 27
  2.9588 7 + 3
    0.9163 0.137 30
    1.3463 0.6849 26
    1.35681 0.1781 25
  3.2231 21 + 3
    0.56379 0.1175 36
    0.9217 0.4695 33
    1.6092 0.413 27
  3.2258 19 - 3
    0.45 0.3337 38
    0.6195 0.3334 35
    1.32837 0.3329 29
  3.27402 21 - 2
    0.51788 0.065491 37
    0.91806 0.934509 34
  3.3263 19 - 2
    0.57016 0.5001 37
    0.72 0.4999 35
  3.4387 21 + 2
    0.77939 0.5001 36
    1.1373 0.4999 33
  3.6653 21 - 3
    0.8895 0.637019 38
    0.90916 0.089173 37
    1.30934 0.273808 34
  3.77777 23 - 1
    1.02163 1 37
  3.87042 25 + 1
    1.21111 1 36
  4.0165 3 + 1
    1.15284 1 39
  4.1371 23 + 1
    1.27344 1 39
  4.1718 23 - 2
    0.8455 0.2 45
    0.946 0.8 43
  4.1987 25 + 2
    0.9756 0.2648 42
    1.53939 0.7352 36
  4.3496 25 - 2
    0.57183 0.035719 48
    1.07558 0.964281 44
  4.4166 25 + 1
    1.1935 1 42
  4.5251 25 + 2
    1.0864 0.5556 46
    1.302 0.4444 42
  4.7821 25 - 1
    1.1168 1 47
  4.9688 27 - 1
    1.19103 1 48
  5.19233 29 + 1
    1.32191 1 49
  5.2939 27 - 1
    1.1221 1 52
  5.5264 29 + 2
    1.3277 0.3334 53
    1.65598 0.6666 49
  5.6038 29 - 1
    1.2542 1 54
  5.7088 29 + 1
    1.2922 1 55
  5.8112 29 + 1
    1.2861 1 56
  6.23781 31 - 1
    1.26901 1 58
  6.5873 31 - 1
    1.2934 1 60
  6.6308 33 + 1
    1.43847 1 59
  6.94011 33 - 1
    1.33631 1 62
  6.9919 33 + 1
    1.4655 1 61
  7.0767 33 + 2
    1.5503 0.7752 61
    1.88437 0.2248 59
  7.114 1 - 2
    6.95939 0.5 3
    6.99448 0.5 1
  7.2252 33 + 1
    1.414 1 64
  7.452 1 + 2
    7.31954 0.5 2
    7.452 0.5 0
  7.64182 35 - 1
    1.40401 1 65
  7.955 1 + 2
    7.82254 0.5 2
    7.955 0.5 0
  7.973 5 - 2
    7.81839 0.5 3
    7.85348 0.5 1
  8.042 1 + 2
    7.90954 0.5 2
    8.042 0.5 0
  8.0517 35 - 1
    1.4644 1 66
  8.068 3 + 2
    7.91339 0.5 3
    7.94848 0.5 1
  8.209 1 + 2
    8.07654 0.5 2
    8.209 0.5 0
  8.2787 37 + 1
    1.6479 1 67
  8.33433 37 - 1
    1.39422 1 68
  8.359 5 - 2
    8.20439 0.5 3
    8.23948 0.5 1
  8.436 3 - 2
    8.30354 0.5 2
    8.436 0.5 0
  8.555 5 + 2
    8.42254 0.5 2
    8.555 0.5 0
  8.599 1 + 2
    8.46654 0.5 2
    8.599 0.5 0
  8.645 37 + 1
    1.6531 1 69
  8.6925 37 + 1
    1.6158 1 70
  9.2125 39 - 1
    1.57068 1 74
  9.7047 39 - 1
    1.653 1 78
  9.8838 41 - 1
    1.54947 1 82
  10.151 41 + 1
    1.8723 1 81
  10.4125 41 + 1
    1.72 1 88
  10.4445 41 + 1
    1.752 1 88
  10.4528 41 + 1
    1.8078 1 87
  10.9093 43 - 1
    1.6968 1 89
  11.5157 43 - 1
    1.811 1 90
  11.6564 45 - 1
    1.7726 1 91
  12.107 45 + 1
    1.956 1 92
  12.208 45 + 1
    2.057 1 92
  12.799 47 - 1
    1.8897 1 96
  13.6824 49 - 1
    2.026 1 98

35 76 68
  0 2 - 0
  0.04547 4 - 1
    0.04547 1 0
  0.10258 8 + 1
    0.05711 1 1
  0.15052 4 - 1
    0.10505 1 1
  0.2121 6 - 2
    0.16663 0.5 1
    0.2121 0.5 0
  0.2448 10 + 1
    0.14222 1 2
  0.25228 4 + 1
    0.25228 1 0
  0.3016 8 - 2
    0.0895 0.5 4
    0.19902 0.5 2
  0.31578 2 + 3
    0.0635 0.001549 6
    0.27031 0.350483 1
    0.31578 0.647968 0
  0.31711 4 + 4
    0.16659 0.031509 3
    0.21453 0.060788 2
    0.27164 0.817875 1
    0.31711 0.089827 0
  0.35533 2 + 4
    0.03955 0.013159 8
    0.10305 0.33128 6
    0.30986 0.232786 1
    0.35533 0.422775 0
  0.3568 12 + 2
    0.112 0.8612 5
    0.25422 0.1388 2
  0.3631 8 - 2
    0.151 0.5378 4
    0.31763 0.4622 1
  0.4257 4 - 1
    0.1241 1 7
  0.44618 2 + 3
    0.09085 0.4876 10
    0.1939 0.1124 6
    0.29566 0.4 3
  0.45199 2 + 6
    0.09666 0.004533 10
    0.13488 0.098625 9
    0.13621 0.040818 8
    0.19971 0.046068 6
    0.40652 0.447576 1
    0.45199 0.362381 0
  0.4673 10 - 4
    0.1042 0.25 12
    0.1657 0.25 7
    0.2225 0.25 5
    0.36472 0.25 2
  0.4874 2 - 2
    0.03541 0.6647 15
    0.17162 0.3353 8
  0.4956 2 + 2
    0.17982 0.1904 8
    0.4956 0.8096 0
  0.5051 2 - 2
    0.45963 0.2755 1
    0.5051 0.7245 0
  0.5278 6 - 2
    0.48233 0.2366 1
    0.5278 0.7634 0
  0.5484 2 + 2
    0.23262 0.3697 8
    0.5484 0.6303 0
  0.5835 10 - 2
    0.2204 0.5 12
    0.3714 0.5 4
  0.5947 14 + 2
    0.2379 0.9011 11
    0.3499 0.0989 5
  0.61613 2 + 4
    0.29902 0.428691 9
    0.30035 0.214296 8
    0.36385 0.289194 6
    0.57066 0.067819 1
  0.6877 12 - 5
    0.1042 0.2 22
    0.2204 0.2 16
    0.3309 0.2 11
    0.3861 0.2 7
    0.4429 0.2 5
  0.72465 16 + 2
    0.12995 0.5424 23
    0.36785 0.4576 11
  0.7611 12 - 1
    0.03645 1 26
  0.8152 2 + 2
    0.45987 0.0826 10
    0.49942 0.9174 8
  0.8682 2 + 3
    0.55242 0.769423 8
    0.82273 0.115288 1
    0.8682 0.115288 0
  0.8825 8 + 1
    0.5194 1 12
  0.89841 2 + 5
    0.54308 0.131396 10
    0.5813 0.227293 9
    0.58263 0.505085 8
    0.85294 0.060548 1
    0.89841 0.075678 0
  0.93655 2 + 7
    0.03814 0.271089 31
    0.48456 0.047338 15
    0.49037 0.130895 14
    0.61944 0.278189 9
    0.68427 0.108496 6
    0.89108 0.086167 1
    0.93655 0.077827 0
  0.9883 8 - 3
    0.3006 0.333333 25
    0.4048 0.333333 22
    0.521 0.333333 16
  1.0254 14 - 2
    0.30075 0.5 26
    0.5581 0.5 16
  1.04789 2 + 5
    0.23269 0.075582 28
    0.43176 0.106402 24
    0.73078 0.263505 9
    0.79561 0.393308 6
    1.00242 0.161203 1
  1.1205 18 + 2
    0.39585 0.909109 26
    0.5258 0.090891 23
  1.3383 16 - 3
    0.3129 0.333333 34
    0.35 0.333333 33
    0.61365 0.333333 26
  1.5113 20 + 2
    0.3908 0.213 36
    0.78665 0.787 26
  1.6105 6 - 1
    0.88585 1 26
  1.7478 6 - 3
    0.4095 0.333333 37
    0.7224 0.333333 34
    0.7595 0.333333 33
  1.8253 18 - 2
    0.487 0.5 37
    0.7999 0.5 34
  1.9933 22 + 2
    0.482 0.6806 38
    0.8728 0.3194 36
  2.0801 4 - 1
    0.9596 1 36
  2.1978 6 - 1
    1.0773 1 36
  2.2191 20 - 2
    0.4713 0.5 40
    0.8808 0.5 37
  2.5773 4 - 1
    1.066 1 38
  2.6261 24 + 1
    1.1148 1 38
  2.6898 6 - 3
    0.4707 0.333333 45
    0.8645 0.333333 41
    0.942 0.333333 40
  2.7365 22 - 1
    0.9112 1 41
  3.1076 26 + 1
    1.1143 1 42
  3.118 4 + 1
    1.1247 1 42
  3.2862 24 - 2
    0.5964 0.5 48
    1.0671 0.5 45
  3.7067 6 + 2
    0.4205 0.5 52
    1.0169 0.5 48
  3.8353 4 - 1
    1.258 1 46
  4 28 + 1
    1.3739 1 47
  4.434 30 + 1
    1.3264 1 50
  4.9 0 + 2
    4.64772 0.5 6
    4.9 0.5 0
  5.4 4 + 2
    5.29742 0.5 2
    5.4 0.5 0
  5.55 32 + 1
    1.55 1 55
  5.93 34 + 1
    1.496 1 56
  6.1 6 - 2
    5.99742 0.5 2
    6.1 0.5 0
  6.5 4 + 2
    6.39742 0.5 2
    6.5 0.5 0
  6.9 8 + 2
    6.6879 0.5 4
    6.79742 0.5 2
  7.2 6 - 2
    7.09742 0.5 2
    7.2 0.5 0
  7.303 36 + 1
    1.753 1 59
  7.585 38 + 1
    1.655 1 60
  9.415 42 + 1
    1.83 1 66

35 77 111
  0 3 - 0
  0.10586 9 + 1
    0.10586 1 0
  0.12964 5 + 2
    0.02378 0.061772 1
    0.12964 0.938228 0
  0.16193 5 - 1
    0.16193 1 0
  0.16673 1 - 1
    0.16673 1 0
  0.2267 3 - 2
    0.05997 0.8093 4
    0.2267 0.1907 0
  0.27622 3 + 2
    0.14658 0.930637 2
    0.27622 0.069363 0
  0.3367 1 - 2
    0.16997 0.1011 4
    0.3367 0.8989 0
  0.41771 7 + 2
    0.28807 0.04731 2
    0.31185 0.95269 1
  0.4247 5 - 2
    0.25797 0.1556 4
    0.4247 0.8444 0
  0.4712 3 - 3
    0.2445 0.5796 5
    0.30447 0.202 4
    0.4712 0.2184 0
  0.57586 7 - 2
    0.41393 0.2128 3
    0.57586 0.7872 0
  0.64013 13 + 1
    0.53427 1 1
  0.6492 5 - 2
    0.37298 0.5 6
    0.51956 0.5 2
  0.7157 5 - 2
    0.489 0.1872 5
    0.7157 0.8128 0
  0.771 1 + 1
    0.49478 1 6
  0.7811 7 - 2
    0.3564 0.5453 9
    0.61437 0.4547 4
  0.78249 9 + 2
    0.65285 0.2482 2
    0.67663 0.7518 1
  0.79068 9 - 3
    0.21482 0.053161 11
    0.62875 0.889109 3
    0.68482 0.057731 1
  0.8315 1 - 1
    0.8315 1 0
  0.86453 3 + 4
    0.58831 0.20141 6
    0.6978 0.073794 4
    0.73489 0.671134 2
    0.86453 0.053663 0
  0.8869 1 - 2
    0.72017 0.3507 4
    0.8869 0.6493 0
  0.94761 11 + 3
    0.30748 0.417758 12
    0.5299 0.291371 8
    0.84175 0.290871 1
  0.96721 7 + 2
    0.83757 0.4318 2
    0.86135 0.5682 1
  0.9695 5 + 4
    0.55179 0.25 8
    0.69328 0.25 6
    0.83986 0.25 2
    0.9695 0.25 0
  1.02446 5 + 3
    0.60675 0.727378 8
    0.74824 0.054528 6
    0.89482 0.218093 2
  1.0938 11 + 4
    0.31131 0.25 17
    0.45367 0.25 12
    0.67609 0.25 8
    0.98794 0.25 1
  1.09771 5 + 2
    0.96807 0.2647 2
    0.99185 0.7353 1
  1.1226 5 - 2
    0.95587 0.5 4
    0.96067 0.5 3
  1.1279 3 + 3
    0.7912 0.2516 7
    0.9012 0.1195 5
    1.1279 0.6289 0
  1.1389 7 + 2
    0.86268 0.5 6
    0.97697 0.5 3
  1.2399 7 + 2
    0.96368 0.5 6
    1.07797 0.5 3
  1.27444 11 - 3
    0.48376 0.1494 18
    0.69858 0.7462 11
    1.16858 0.1044 1
  1.2755 5 - 2
    1.10877 0.5 4
    1.11357 0.5 3
  1.2868 9 - 2
    0.5057 0.5 16
    0.8621 0.5 9
  1.3049 13 + 4
    0.35729 0.052038 22
    0.52241 0.346386 17
    0.66477 0.335487 12
    1.19904 0.266089 1
  1.3626 3 + 2
    1.19587 0.5 4
    1.20067 0.5 3
  1.3932 3 - 2
    1.26356 0.5 2
    1.3932 0.5 0
  1.4622 1 + 2
    1.33256 0.5 2
    1.4622 0.5 0
  1.48253 17 + 1
    0.8424 1 12
  1.4843 7 - 2
    1.37844 0.5 1
    1.4843 0.5 0
  1.53903 13 - 3
    0.26459 0.042402 32
    0.74835 0.914637 18
    0.8989 0.042962 12
  1.5541 3 + 2
    1.38737 0.5 4
    1.39217 0.5 3
  1.57615 5 - 4
    1.15844 0.080546 8
    1.29993 0.671147 6
    1.44651 0.194614 2
    1.57615 0.053694 0
  1.6028 9 + 2
    0.316 0.5 34
    0.8217 0.5 16
  1.645 13 + 2
    0.5512 0.5 26
    1.00487 0.5 12
  1.6515 7 - 2
    1.54564 0.5 1
    1.6515 0.5 0
  1.7164 3 - 2
    1.58676 0.5 2
    1.7164 0.5 0
  1.7463 1 + 2
    1.61666 0.5 2
    1.7463 0.5 0
  1.74739 15 + 1
    0.79978 1 22
  1.774 3 - 2
    1.64436 0.5 2
    1.774 0.5 0
  1.7891 7 - 2
    1.68324 0.5 1
    1.7891 0.5 0
  1.82704 15 + 3
    0.34451 0.333333 39
    0.87943 0.333333 22
    1.18691 0.333333 12
  1.8551 1 + 2
    1.72546 0.5 2
    1.8551 0.5 0
  1.879 5 - 2
    1.71227 0.5 4
    1.71707 0.5 3
  1.9076 9 - 2
    1.48989 0.5 8
    1.74567 0.5 3
  1.9988 3 + 2
    1.83207 0.5 4
    1.83687 0.5 3
  2.0189 7 - 2
    1.91304 0.5 1
    2.0189 0.5 0
  2.02186 15 - 2
    0.74742 0.8001 32
    1.38173 0.1999 12
  2.047 17 + 1
    0.7421 1 35
  2.1291 3 - 3
    1.03139 0.19 27
    1.99946 0.5 2
    2.1291 0.31 0
  2.1499 5 + 2
    2.04404 0.5 1
    2.1499 0.5 0
  2.1724 5 + 2
    2.06654 0.5 1
    2.1724 0.5 0
  2.1936 7 - 2
    2.03167 0.2366 3
    2.06396 0.7634 2
  2.224 9 + 2
    2.09436 0.5 2
    2.11814 0.5 1
  2.2483 3 - 2
    2.11866 0.5 2
    2.2483 0.5 0
  2.2747 1 + 2
    2.14506 0.5 2
    2.2747 0.5 0
  2.2967 5 - 2
    2.12997 0.5 4
    2.13477 0.5 3
  2.3399 17 - 2
    0.31804 0.0744 58
    0.80087 0.9256 41
  2.3443 7 + 2
    1.47977 0.4872 20
    2.06808 0.5128 6
  2.5508 21 + 1
    1.06827 1 39
  2.64819 19 + 1
    0.9008 1 49
  2.79281 19 - 2
    0.77095 0.5496 58
    1.31028 0.4504 39
  2.9269 19 + 2
    1.09986 0.5 52
    1.44437 0.5 39
  2.93202 17 - 2
    0.59212 0.5003 68
    1.39299 0.4997 41
  3.037 21 + 1
    0.99 1 59
  3.201 21 - 1
    0.8611 1 68
  3.21985 19 - 2
    0.28783 0.6682 74
    1.73732 0.3318 39
  3.6101 21 - 1
    0.39025 1 77
  3.6427 23 - 1
    0.84989 1 72
  3.72829 23 + 1
    1.0801 1 71
  3.7298 23 - 1
    0.93699 1 72
  3.7749 25 + 1
    1.2241 1 70
  4.15 23 - 1
    0.5399 1 78
  4.2163 25 + 1
    1.1793 1 75
  4.2473 25 - 1
    1.0463 1 76
  4.903 27 - 1
    1.1732 1 81
  4.9811 27 + 1
    1.25281 1 80
  5.1494 29 + 1
    1.3745 1 82
  5.5174 29 - 1
    1.2701 1 85
  5.5283 29 + 1
    1.312 1 84
  6.297 31 - 1
    1.394 1 86
  6.4108 31 + 1
    1.4297 1 87
  6.6916 33 + 1
    1.5422 1 88
  6.9795 33 - 1
    1.4621 1 89
  7.876 35 - 1
    1.579 1 91
  8.0288 35 + 1
    1.618 1 92
  8.401 1 - 2
    8.23427 0.5 4
    8.23907 0.5 3
  8.421 37 + 1
    1.7294 1 93
  8.5795 37 - 1
    1.6 1 94
  8.608 3 + 2
    8.44127 0.5 4
    8.44607 0.5 3
  8.922 3 - 2
    8.79236 0.5 2
    8.922 0.5 0
  9.092 5 + 2
    8.98614 0.5 1
    9.092 0.5 0
  9.364 1 + 2
    9.23436 0.5 2
    9.364 0.5 0
  9.43 3 - 2
    9.30036 0.5 2
    9.43 0.5 0
  9.488 1 - 2
    9.32127 0.5 4
    9.32607 0.5 3
  9.609 39 - 1
    1.733 1 95
  9.632 5 + 2
    9.52614 0.5 1
    9.632 0.5 0
  10.28 41 - 1
    1.7005 1 99
  10.316 41 + 1
    1.895 1 98
  11.344 43 - 1
    1.735 1 106

35 78 85
  0 2 + 0
  0.03232 4 - 1
    0.03232 1 0
  0.05511 2 + 1
    0.05511 1 0
  0.12514 2 + 1
    0.12514 1 0
  0.18089 8 + 1
    0.14857 1 1
  0.1934 2 + 1
    0.1934 1 0
  0.19724 2 - 3
    0.0721 0.725485 3
    0.14213 0.054919 2
    0.16492 0.219596 1
  0.2044 4 + 2
    0.07926 0.067081 3
    0.2044 0.932919 0
  0.22767 10 + 1
    0.04678 1 4
  0.24282 4 - 2
    0.04558 0.7997 6
    0.24282 0.2003 0
  0.24462 6 + 2
    0.2123 0.5235 1
    0.24462 0.4765 0
  0.26336 6 - 2
    0.23104 0.5674 1
    0.26336 0.4326 0
  0.26503 10 - 2
    0.03736 0.8209 8
    0.08414 0.1791 4
  0.2843 6 - 1
    0.2843 1 0
  0.2922 4 + 1
    0.2922 1 0
  0.31194 4 - 2
    0.1868 0.34 3
    0.31194 0.66 0
  0.32952 4 + 2
    0.20438 0.8861 3
    0.32952 0.1139 0
  0.33785 12 + 2
    0.07282 0.034539 12
    0.11018 0.965461 8
  0.3674 10 + 3
    0.10237 0.217122 12
    0.33508 0.551055 1
    0.3674 0.231823 0
  0.389 6 - 2
    0.19176 0.5 6
    0.20811 0.5 4
  0.3909 6 + 3
    0.1865 0.3516 7
    0.35858 0.1604 1
    0.3909 0.488 0
  0.4148 6 - 1
    0.4148 1 0
  0.4234 12 - 1
    0.19573 1 8
  0.4335 4 + 2
    0.30836 0.5034 3
    0.4335 0.4966 0
  0.43774 14 + 1
    0.09989 1 17
  0.44705 10 - 2
    0.20243 0.7689 10
    0.41473 0.2311 1
  0.45722 4 + 2
    0.25998 0.695 6
    0.45722 0.305 0
  0.46781 16 + 1
    0.03007 1 24
  0.4739 14 + 1
    0.20887 1 12
  0.47693 8 - 3
    0.23231 0.617137 10
    0.27969 0.345721 6
    0.47693 0.037142 0
  0.4985 4 + 1
    0.4985 1 0
  0.508 8 - 2
    0.28033 0.5 8
    0.47568 0.5 1
  0.5267 12 + 1
    0.1593 1 18
  0.551 0 - 2
    0.51868 0.5 1
    0.551 0.5 0
  0.57943 4 + 1
    0.1025 1 29
  0.6012 12 + 1
    0.33617 1 12
  0.643 8 - 2
    0.41533 0.5 8
    0.61068 0.5 1
  0.64759 8 + 2
    0.40477 0.627 9
    0.41992 0.373 8
  0.663 2 - 2
    0.4586 0.5 7
    0.46576 0.5 6
  0.6849 14 - 3
    0.2615 0.328 22
    0.34705 0.2232 17
    0.45723 0.4488 8
  0.717 6 + 2
    0.68468 0.5 1
    0.717 0.5 0
  0.7933 4 + 1
    0.21387 1 34
  0.8283 16 - 1
    0.4049 1 22
  0.854 0 - 2
    0.82168 0.5 1
    0.854 0.5 0
  0.868 2 - 2
    0.6636 0.5 7
    0.67076 0.5 6
  0.891 6 - 2
    0.69376 0.5 6
    0.71011 0.5 4
  0.912 8 - 1
    0.1187 1 41
  0.93 2 - 2
    0.7256 0.5 7
    0.73276 0.5 6
  0.9771 18 + 1
    0.50929 1 27
  0.989 6 - 2
    0.79176 0.5 6
    0.80811 0.5 4
  1.001 0 - 1
    0.2077 1 41
  1.026 2 - 2
    0.8216 0.5 7
    0.82876 0.5 6
  1.0302 16 - 3
    0.3453 0.1378 39
    0.59246 0.0991 24
    0.6068 0.7631 22
  1.039 6 + 2
    1.00668 0.5 1
    1.039 0.5 0
  1.06 8 - 2
    0.83233 0.5 8
    1.02768 0.5 1
  1.13 4 + 2
    0.93276 0.5 6
    0.94911 0.5 4
  1.173 6 - 2
    0.97576 0.5 6
    0.99211 0.5 4
  1.188 2 + 2
    1.15568 0.5 1
    1.188 0.5 0
  1.2 8 - 2
    0.97233 0.5 8
    1.16768 0.5 1
  1.243 4 + 2
    1.04576 0.5 6
    1.06211 0.5 4
  1.261 6 - 2
    1.06376 0.5 6
    1.08011 0.5 4
  1.3718 20 + 2
    0.3947 0.16 48
    0.90399 0.84 27
  1.395 2 - 2
    1.1906 0.5 7
    1.19776 0.5 6
  1.4631 18 - 2
    0.4329 0.3107 52
    0.7782 0.6893 39
  1.486 4 + 2
    1.28876 0.5 6
    1.30511 0.5 4
  1.57 0 + 2
    1.3656 0.5 7
    1.37276 0.5 6
  1.691 6 - 2
    1.49376 0.5 6
    1.51011 0.5 4
  1.746 8 + 2
    1.5416 0.5 7
    1.56511 0.5 4
  1.823 2 - 2
    1.6186 0.5 7
    1.62576 0.5 6
  1.905 20 - 1
    0.8748 1 52
  1.9405 22 + 2
    0.5687 0.8961 61
    0.9634 0.1039 48
  1.985 4 + 2
    1.78776 0.5 6
    1.80411 0.5 4
  2.062 10 - 2
    1.79864 0.5 11
    1.88111 0.5 4
  2.162 6 + 2
    2.12968 0.5 1
    2.162 0.5 0
  2.4555 22 - 1
    0.9924 1 63
  2.5853 24 + 1
    1.2135 1 61
  3.0165 24 - 1
    1.1115 1 69
  3.1488 26 + 2
    0.5635 0.5131 75
    1.2083 0.4869 70
  3.6199 26 - 1
    1.1644 1 74
  4.0493 28 + 1
    1.464 1 75
  4.2965 28 - 1
    1.28 1 76
  4.5418 30 + 1
    1.393 1 77
  4.9219 30 - 1
    1.302 1 78
  5.6043 32 + 1
    1.555 1 79
  6.0869 34 + 1
    1.5451 1 81

35 79 140
  0 3 - 0
  0.20761 9 + 1
    0.20761 1 0
  0.2171 5 - 1
    0.2171 1 0
  0.26133 3 - 2
    0.04423 0.03511 2
    0.26133 0.96489 0
  0.30651 3 - 1
    0.30651 1 0
  0.3815 5 + 2
    0.17389 0.0908 1
    0.3815 0.9092 0
  0.39748 3 - 3
    0.13615 0.087092 3
    0.18038 0.01049 2
    0.39748 0.902418 0
  0.52311 5 - 2
    0.30601 0.099491 2
    0.52311 0.900509 0
  0.60603 3 - 5
    0.20855 0.064241 6
    0.29952 0.126503 4
    0.3447 0.01944 3
    0.38893 0.124102 2
    0.60603 0.665713 0
  0.76131 7 - 4
    0.2382 0.084626 7
    0.54421 0.558639 2
    0.5537 0.038513 1
    0.76131 0.318222 0
  0.7934 5 - 4
    0.48689 0.082637 4
    0.53207 0.146894 3
    0.5763 0.311988 2
    0.7934 0.458482 0
  0.79683 13 + 1
    0.58922 1 1
  0.83197 3 - 5
    0.43449 0.02186 6
    0.52546 0.218398 4
    0.57064 0.003029 3
    0.61487 0.05282 2
    0.83197 0.703894 0
  0.90645 7 - 2
    0.52495 0.1453 5
    0.69884 0.8547 1
  0.9401 3 + 1
    0.5586 1 5
  0.95404 7 - 3
    0.69271 0.4631 3
    0.73694 0.3148 2
    0.95404 0.2221 0
  0.99355 3 + 2
    0.47044 0.5 7
    0.77645 0.5 2
  1.0324 9 - 1
    0.6509 1 5
  1.0388 1 + 2
    0.77747 0.5 3
    1.0388 0.5 0
  1.06829 9 - 3
    0.30698 0.096972 9
    0.54518 0.071611 7
    0.85119 0.831417 2
  1.0797 5 - 2
    0.55659 0.5 7
    0.8626 0.5 2
  1.1125 1 - 6
    0.28053 0.047089 12
    0.50647 0.398788 8
    0.71502 0.027719 6
    0.85117 0.173195 3
    0.8954 0.050218 2
    1.1125 0.302991 0
  1.124 3 - 3
    0.86267 0.1509 3
    0.9069 0.2905 2
    1.124 0.5586 0
  1.13167 3 + 4
    0.73419 0.181818 6
    0.87034 0.109111 3
    0.91457 0.10301 2
    1.13167 0.606061 0
  1.1767 5 + 3
    0.2366 0.066516 14
    0.27025 0.385235 13
    0.7952 0.548249 5
  1.18068 11 + 2
    0.38385 0.1146 11
    0.97307 0.8854 1
  1.1894 5 - 2
    0.9723 0.5715 2
    1.1894 0.4285 0
  1.2216 5 - 1
    0.8401 1 5
  1.2543 3 - 2
    0.99297 0.7813 3
    1.2543 0.2187 0
  1.2565 7 - 1
    0.875 1 5
  1.3138 5 - 3
    0.55249 0.309303 9
    0.79069 0.605906 7
    1.3138 0.084791 0
  1.33228 3 - 8
    0.50031 0.01296 12
    0.72625 0.01499 8
    0.80917 0.076318 7
    0.9348 0.095377 6
    1.02577 0.119196 4
    1.07095 0.047679 3
    1.11518 0.292891 2
    1.33228 0.34059 0
  1.35446 9 - 3
    0.59315 0.724757 9
    0.83135 0.210087 7
    1.13736 0.065156 2
  1.376 1 + 2
    1.11467 0.5 3
    1.376 0.5 0
  1.3904 9 + 2
    0.48395 0.2425 13
    1.0089 0.7575 5
  1.4708 9 - 2
    0.4384 0.4876 17
    1.0893 0.5124 5
  1.4917 9 + 1
    0.69487 1 11
  1.5016 3 + 3
    1.10412 0.5556 6
    1.19509 0.1111 4
    1.24027 0.3333 3
  1.5127 1 - 1
    0.5726 1 14
  1.51505 3 - 3
    1.25372 0.2418 3
    1.29795 0.3484 2
    1.51505 0.4098 0
  1.5173 1 + 2
    1.25597 0.5 3
    1.5173 0.5 0
  1.561 7 + 2
    1.03789 0.5 7
    1.3439 0.5 2
  1.5735 5 + 2
    1.3564 0.813 2
    1.5735 0.187 0
  1.6131 5 - 4
    1.08999 0.429217 7
    1.21562 0.377715 6
    1.30659 0.021461 4
    1.6131 0.171607 0
  1.6216 5 + 1
    0.71515 1 13
  1.68277 13 + 3
    0.50209 0.4591 25
    0.88594 0.2567 11
    1.47516 0.2842 1
  1.6922 7 + 3
    1.43087 0.189319 3
    1.4751 0.218922 2
    1.6922 0.591759 0
  1.71353 11 - 4
    0.35907 0.10079 32
    0.64524 0.251275 19
    0.75949 0.145685 15
    0.95222 0.50225 9
  1.73202 17 + 1
    0.93519 1 11
  1.7423 7 + 1
    0.94547 1 11
  1.7786 7 + 2
    1.47209 0.3197 4
    1.7786 0.6803 0
  1.78079 11 - 4
    0.42633 0.168783 32
    0.7125 0.161184 19
    0.82675 0.30397 15
    1.01948 0.366063 9
  1.7927 1 + 1
    0.5711 1 27
  1.7947 7 + 2
    1.27159 0.5 7
    1.5776 0.5 2
  1.8 7 - 2
    1.59239 0.5 1
    1.8 0.5 0
  1.9082 1 + 2
    1.64687 0.5 3
    1.9082 0.5 0
  1.9467 1 + 2
    1.68537 0.5 3
    1.9467 0.5 0
  1.94821 13 - 3
    0.23468 0.02504 47
    0.87992 0.9172 19
    1.15138 0.05776 11
  1.95722 15 + 2
    0.77654 0.097518 25
    1.16039 0.902482 11
  1.9738 5 + 2
    1.76619 0.5 1
    1.9738 0.5 0
  2.0161 7 + 2
    1.49299 0.5 7
    1.799 0.5 2
  2.0398 5 + 2
    1.83219 0.5 1
    2.0398 0.5 0
  2.0489 11 + 1
    0.86822 1 25
  2.0751 1 + 2
    1.81377 0.5 3
    2.0751 0.5 0
  2.1594 5 + 2
    1.95179 0.5 1
    2.1594 0.5 0
  2.1828 7 - 2
    1.97519 0.5 1
    2.1828 0.5 0
  2.2027 9 + 2
    1.8212 0.5 5
    1.99509 0.5 1
  2.2352 3 - 2
    1.97387 0.5 3
    2.2352 0.5 0
  2.2602 5 + 2
    2.05259 0.5 1
    2.2602 0.5 0
  2.2795 1 - 2
    0.56597 0.4872 47
    0.92504 0.5128 32
  2.3146 7 + 2
    1.79149 0.5 7
    2.0975 0.5 2
  2.3447 3 - 2
    2.08337 0.5 3
    2.3447 0.5 0
  2.3557 11 + 1
    0.62368 1 48
  2.3633 5 - 2
    1.84019 0.5 7
    2.1462 0.5 2
  2.39289 13 - 4
    0.44468 0.3294 57
    0.6121 0.2336 51
    1.3246 0.2169 19
    1.59606 0.2201 11
  2.4144 9 + 2
    2.0329 0.5 5
    2.20679 0.5 1
  2.42132 17 + 3
    0.4641 0.177818 58
    0.73855 0.467347 45
    1.62449 0.354835 11
  2.4248 3 - 2
    2.16347 0.5 3
    2.4248 0.5 0
  2.4349 7 + 2
    1.91179 0.5 7
    2.2178 0.5 2
  2.4634 5 - 2
    1.94029 0.5 7
    2.2463 0.5 2
  2.46859 15 - 4
    0.52189 0.048419 56
    0.6878 0.349593 51
    0.73657 0.135997 48
    0.75506 0.465991 47
  2.47871 13 - 2
    0.5305 0.7876 57
    1.41042 0.2124 19
  2.5114 1 + 2
    2.25007 0.5 3
    2.5114 0.5 0
  2.5289 3 + 2
    2.00579 0.5 7
    2.3118 0.5 2
  2.548 7 + 2
    2.02489 0.5 7
    2.3309 0.5 2
  2.5685 5 - 2
    2.04539 0.5 7
    2.3514 0.5 2
  2.5748 3 + 1
    0.84278 1 48
  2.58012 15 - 8
    0.10141 0.067573 81
    0.18723 0.177209 74
    0.30062 0.038312 69
    0.63191 0.083474 57
    0.79933 0.155608 51
    0.8481 0.148807 48
    0.86659 0.103705 47
    1.78329 0.225311 11
  2.72559 17 - 3
    0.257 0.1269 80
    0.77738 0.74 57
    0.99357 0.1331 48
  2.77378 17 - 3
    0.19366 0.7663 87
    0.30519 0.0832 80
    0.82557 0.1505 57
  2.8021 5 + 1
    1.07008 1 48
  2.86624 21 + 1
    1.13422 1 48
  2.90236 19 + 2
    0.94514 0.2806 58
    1.17034 0.7194 48
  3.08804 19 - 2
    0.31426 0.935553 89
    0.36245 0.064447 88
  3.16932 19 - 4
    0.39554 0.236514 89
    0.44373 0.023641 88
    0.70073 0.590135 80
    1.4373 0.149709 48
  3.2353 1 + 1
    0.9558 1 69
  3.36558 21 + 4
    0.46322 0.060972 92
    0.49934 0.165405 91
    0.94426 0.434713 76
    1.63356 0.33891 48
  3.53528 21 - 3
    0.44724 0.665233 93
    0.7615 0.115588 89
    0.80969 0.219178 88
  3.55962 21 - 5
    0.3903 0.152994 94
    0.47158 0.363785 93
    0.69338 0.072637 91
    0.78584 0.116295 89
    0.83403 0.294288 88
  3.6709 21 + 3
    0.76854 0.120288 92
    0.80466 0.546545 91
    1.93888 0.333167 48
  3.8169 3 + 2
    0.91454 0.5495 92
    0.95066 0.4505 91
  3.9084 7 - 3
    0.34878 0.2857 98
    0.82036 0.2381 93
    1.13462 0.4762 89
  3.93609 23 + 3
    0.57051 0.1677 96
    1.03373 0.3248 92
    1.06985 0.5075 91
  4.0667 23 - 3
    0.50708 0.2026 98
    0.89738 0.6701 94
    0.97866 0.1273 93
  4.11689 25 + 1
    1.25065 1 91
  4.1531 23 - 3
    0.59348 0.5077 98
    0.61782 0.401 97
    1.06506 0.0913 93
  4.3409 5 + 3
    0.67 0.4274 99
    1.43854 0.2863 92
    1.47466 0.2863 91
  4.5302 25 + 2
    1.16462 0.8265 96
    1.66396 0.1735 91
  4.5813 25 - 3
    0.5146 0.2344 103
    1.02168 0.3689 98
    1.04602 0.3967 97
  4.721 25 + 4
    0.60411 0.408359 104
    0.78491 0.228577 102
    1.0501 0.20398 99
    1.85476 0.159084 91
  4.8036 25 - 2
    0.6505 0.7875 105
    1.26832 0.2125 97
  4.8961 3 - 1
    1.0792 1 100
  4.9651 5 + 1
    1.0567 1 101
  5.132 27 + 2
    1.01511 0.5319 104
    1.19591 0.4681 102
  5.2141 27 - 1
    1.1474 1 103
  5.5055 29 + 1
    1.38861 1 104
  5.5793 27 - 2
    0.7757 0.5849 110
    1.4262 0.4151 105
  5.8241 29 - 1
    1.2428 1 108
  5.8638 29 + 1
    1.3336 1 107
  6.0193 29 + 4
    0.5138 0.222 115
    0.8873 0.3891 113
    1.2983 0.2217 109
    1.90241 0.1672 104
  6.1994 7 - 1
    1.2343 1 112
  6.3846 29 - 2
    0.8053 0.5716 116
    1.581 0.4284 110
  6.5269 31 + 2
    1.0214 0.4624 115
    1.3949 0.5376 113
  6.5369 31 - 1
    1.3228 1 114
  7.0668 33 + 1
    1.5613 1 115
  7.2243 33 - 1
    1.4002 1 117
  7.3799 33 + 1
    1.5161 1 118
  7.5918 3 - 1
    1.3924 1 120
  8.0617 35 - 1
    1.5248 1 123
  8.1494 35 + 2
    1.0826 0.3977 124
    1.6225 0.6023 122
  8.7778 37 - 1
    1.5535 1 125
  8.8115 37 + 1
    1.7447 1 124
  10.843 3 - 2
    10.5817 0.5 3
    10.843 0.5 0
  10.966 1 + 2
    10.7047 0.5 3
    10.966 0.5 0
  11.077 5 + 2
    10.8694 0.5 1
    11.077 0.5 0
  11.352 1 + 2
    11.0907 0.5 3
    11.352 0.5 0
  11.431 3 + 2
    10.9079 0.5 7
    11.2139 0.5 2
  11.557 5 + 2
    11.3494 0.5 1
    11.557 0.5 0
  11.623 3 + 2
    11.0999 0.5 7
    11.4059 0.5 2
  11.831 7 - 2
    11.6234 0.5 1
    11.831 0.5 0

35 80 120
  0 2 + 0
  0.037053 4 - 1
    0.037053 1 0
  0.085843 10 - 1
    0.04879 1 1
  0.256431 4 - 1
    0.219378 1 1
  0.271375 4 + 2
    0.234322 0.3148 1
    0.271375 0.6852 0
  0.281292 6 - 1
    0.244239 1 1
  0.299891 4 + 1
    0.299891 1 0
  0.309471 8 - 1
    0.223628 1 2
  0.314982 2 + 2
    0.043607 0.01762 4
    0.314982 0.98238 0
  0.331048 10 + 1
    0.245205 1 2
  0.344317 6 - 3
    0.063025 0.377162 5
    0.087886 0.108989 3
    0.307264 0.513849 1
  0.35723 12 + 2
    0.026182 0.8199 9
    0.271387 0.1801 2
  0.366608 4 - 4
    0.095233 0.01397 4
    0.110177 0.0178 3
    0.329555 0.057549 1
    0.366608 0.910682 0
  0.37991 12 - 1
    0.294067 1 2
  0.383095 6 - 4
    0.101803 0.062891 5
    0.11172 0.005994 4
    0.126664 0.224504 3
    0.346042 0.706611 1
  0.385731 8 - 2
    0.104439 0.040952 5
    0.299888 0.959048 2
  0.390519 8 - 1
    0.059471 1 9
  0.44787 14 + 2
    0.09064 0.99483 11
    0.116822 0.00517 9
  0.456375 8 - 5
    0.07328 0.068988 14
    0.146904 0.31859 7
    0.156484 0.020239 6
    0.175083 0.33389 5
    0.370532 0.258292 2
  0.468983 4 + 5
    0.124666 0.006447 10
    0.154001 0.005209 8
    0.187691 0.003303 5
    0.197608 0.05124 4
    0.468983 0.933801 0
  0.48108 6 - 5
    0.090561 0.005951 16
    0.097985 0.0154 14
    0.171609 0.220793 7
    0.199788 0.018079 5
    0.444027 0.739777 1
  0.492886 4 - 9
    0.109791 0.021902 14
    0.126278 0.126011 12
    0.148569 0.005732 10
    0.192995 0.002813 6
    0.211594 0.256722 5
    0.221511 0.022672 4
    0.236455 0.222419 3
    0.455833 0.179815 1
    0.492886 0.161914 0
  0.5002 8 - 3
    0.190729 0.076945 7
    0.218908 0.34122 5
    0.414357 0.581835 2
  0.523289 10 - 4
    0.137558 0.184006 15
    0.143379 0.098083 13
    0.213818 0.636219 7
    0.437446 0.081692 2
  0.547 6 - 2
    0.275625 0.5 4
    0.461157 0.5 2
  0.549563 6 + 6
    0.08058 0.049869 19
    0.159044 0.115897 16
    0.240092 0.058838 7
    0.278188 0.069318 4
    0.51251 0.361389 1
    0.549563 0.34469 0
  0.572933 6 - 2
    0.187202 0.1083 15
    0.263462 0.8917 7
  0.586122 6 + 1
    0.195603 1 16
  0.608818 6 + 1
    0.608818 1 0
  0.61532 16 + 1
    0.16745 1 17
  0.63098 8 - 2
    0.374549 0.5 3
    0.593927 0.5 1
  0.64645 14 + 2
    0.315402 0.935109 9
    0.560607 0.064891 2
  0.660566 4 + 6
    0.074444 0.019901 27
    0.111003 0.005361 25
    0.191583 0.015101 19
    0.345584 0.138805 8
    0.389191 0.326813 4
    0.660566 0.494019 0
  0.68291 6 + 4
    0.18271 0.039971 22
    0.226535 0.242707 18
    0.303 0.278408 13
    0.373439 0.438913 7
  0.68527 6 - 2
    0.299539 0.4124 15
    0.375799 0.5876 7
  0.6948 8 - 2
    0.438369 0.5 3
    0.657747 0.5 1
  0.71755 10 - 2
    0.331819 0.2651 15
    0.408079 0.7349 7
  0.723989 4 - 6
    0.255006 0.010819 19
    0.357381 0.036957 12
    0.409007 0.12479 8
    0.452614 0.566855 4
    0.686936 0.113291 1
    0.723989 0.147288 0
  0.727077 2 - 7
    0.245997 0.017679 20
    0.343982 0.029688 14
    0.360469 0.031698 12
    0.38276 0.020209 10
    0.445785 0.017289 5
    0.470646 0.165388 3
    0.690024 0.71805 1
  0.731152 4 + 6
    0.181589 0.06962 25
    0.262169 0.05619 19
    0.364544 0.0496 12
    0.386835 0.03099 10
    0.459777 0.6202 4
    0.731152 0.1734 0
  0.73714 2 - 1
    0.370532 1 12
  0.7548 8 - 2
    0.498369 0.5 3
    0.717747 0.5 1
  0.765891 4 + 3
    0.105325 0.079018 32
    0.296908 0.602788 19
    0.450909 0.318194 8
  0.7712 8 - 2
    0.247911 0.8013 23
    0.461729 0.1987 7
  0.77416 14 - 2
    0.39425 0.572 13
    0.688317 0.428 2
  0.805126 6 - 4
    0.081137 0.081912 37
    0.14456 0.054371 32
    0.31224 0.106402 21
    0.438518 0.757315 12
  0.813892 6 + 4
    0.22777 0.01011 27
    0.344909 0.059252 19
    0.423373 0.021811 16
    0.542517 0.908827 4
  0.8219 0 - 1
    0.784847 1 1
  0.82527 12 - 2
    0.3774 0.6946 17
    0.494222 0.3054 9
  0.830877 4 + 5
    0.170311 0.018449 32
    0.361894 0.075168 19
    0.464269 0.067448 12
    0.793824 0.089857 1
    0.830877 0.749077 0
  0.85235 6 + 4
    0.485742 0.164084 12
    0.580975 0.111189 4
    0.595919 0.19578 3
    0.815297 0.528947 1
  0.860655 4 + 6
    0.274533 0.763315 27
    0.311092 0.034281 25
    0.494047 0.045481 12
    0.516338 0.090942 10
    0.545673 0.045511 8
    0.58928 0.02047 4
  0.88359 4 - 1
    0.88359 1 0
  0.908054 4 - 5
    0.184065 0.023229 37
    0.247488 0.127496 32
    0.321932 0.293691 27
    0.358491 0.118296 25
    0.636679 0.437287 4
  0.914581 4 + 5
    0.190592 0.121002 37
    0.254015 0.034881 32
    0.570264 0.113002 10
    0.643206 0.066501 4
    0.914581 0.664613 0
  0.9185 2 + 1
    0.662069 1 3
  0.95846 4 + 4
    0.050406 0.05047 53
    0.10611 0.006145 50
    0.127583 0.009883 49
    0.702029 0.933502 3
  0.971733 8 - 6
    0.140856 0.017269 49
    0.205842 0.016959 42
    0.247744 0.085426 37
    0.385611 0.553472 27
    0.42217 0.243488 25
    0.50275 0.083386 19
  0.9877 2 - 2
    0.731269 0.5 3
    0.9877 0.5 0
  0.997318 4 + 5
    0.144968 0.019251 50
    0.504432 0.210613 21
    0.63071 0.071894 12
    0.716026 0.513431 5
    0.960265 0.184811 1
  1.02133 8 - 4
    0.049597 0.052082 57
    0.106749 0.019641 54
    0.255439 0.087853 42
    0.721439 0.840425 6
  1.02239 4 - 8
    0.06393 0.009939 56
    0.256499 0.01111 42
    0.28525 0.015181 40
    0.436268 0.038742 27
    0.707408 0.055292 8
    0.751015 0.24631 4
    0.765959 0.502821 3
    1.02239 0.120605 0
  1.03306 16 + 3
    0.20779 0.070028 48
    0.41774 0.128496 29
    0.67583 0.801476 11
  1.05159 2 + 2
    0.684982 0.641 12
    1.05159 0.359 0
  1.0536 4 - 4
    0.139019 0.078545 54
    0.222723 0.112107 49
    0.393034 0.222913 32
    0.560714 0.586435 21
  1.0652 4 - 4
    0.204545 0.01413 51
    0.341211 0.070279 37
    0.479078 0.538595 27
    0.755729 0.376996 7
  1.07557 6 + 3
    0.22322 0.124212 50
    0.619195 0.437944 18
    0.819139 0.437844 3
  1.11692 2 + 4
    0.119602 0.016691 59
    0.303028 0.039572 46
    0.567357 0.164007 25
    0.860489 0.779731 3
  1.1301 10 - 1
    0.35594 1 44
  1.14102 18 + 1
    0.5257 1 29
  1.14343 4 - 5
    0.171697 0.009537 57
    0.235376 0.01017 53
    0.482864 0.196099 32
    0.557308 0.502797 27
    1.14343 0.281398 0
  1.14639 4 + 6
    0.09279 0.008393 64
    0.12506 0.01169 60
    0.238336 0.02737 53
    0.315513 0.636104 49
    0.419313 0.04434 38
    0.889959 0.272102 3
  1.14805 2 - 5
    0.233469 0.04669 54
    0.382159 0.109801 42
    0.66697 0.160402 20
    0.876675 0.261503 4
    1.14805 0.421604 0
  1.19073 2 - 4
    0.276149 0.071619 54
    0.604608 0.310194 27
    0.919355 0.339693 4
    1.19073 0.278494 0
  1.19822 8 + 5
    0.05183 0.540916 71
    0.226487 0.141304 57
    0.283639 0.073342 54
    0.290166 0.059032 53
    0.34587 0.185406 50
  1.20304 4 - 5
    0.475963 0.029461 38
    0.819945 0.109304 14
    0.888058 0.420117 8
    0.921748 0.201708 5
    1.20304 0.23941 0
  1.21233 4 + 7
    0.13676 0.120805 66
    0.15873 0.017361 64
    0.16074 0.01131 63
    0.297749 0.049682 54
    0.845722 0.548522 12
    0.931038 0.071313 5
    1.17528 0.181007 1
  1.22397 2 - 4
    0.908988 0.3906 8
    0.924079 0.1406 6
    0.952595 0.2969 4
    0.967539 0.1719 3
  1.24881 8 + 5
    0.277077 0.031932 57
    0.334229 0.051423 54
    0.933828 0.121106 8
    0.977435 0.159008 4
    1.24881 0.636532 0
  1.2605 8 - 1
    1.00407 1 3
  1.274 4 + 2
    0.992708 0.5 5
    1.00263 0.5 4
  1.2794 8 + 1
    1.24235 1 1
  1.301 0 + 2
    1.00111 0.5 6
    1.02963 0.5 4
  1.32026 6 - 5
    0.11722 0.023988 75
    0.17683 0.041596 70
    0.827374 0.406263 21
    0.83918 0.22348 20
    1.32026 0.304673 0
  1.32209 6 + 4
    0.20517 0.02472 67
    0.595013 0.210596 38
    0.865715 0.298394 18
    1.32209 0.466291 0
  1.3468 14 - 1
    0.73148 1 29
  1.3578 6 + 2
    1.32075 0.5 1
    1.3578 0.5 0
  1.35885 6 - 6
    0.2108 0.018182 72
    0.30525 0.041005 64
    0.498195 0.522863 51
    0.809287 0.130616 25
    1.08747 0.172421 4
    1.27301 0.114914 2
  1.383 4 + 2
    1.10171 0.5 5
    1.11163 0.5 4
  1.401 6 + 2
    1.36395 0.5 1
    1.401 0.5 0
  1.4059 16 + 1
    0.79058 1 29
  1.428 2 + 2
    1.39095 0.5 1
    1.428 0.5 0
  1.445 2 + 2
    1.40795 0.5 1
    1.445 0.5 0
  1.499 0 + 2
    1.19911 0.5 6
    1.22763 0.5 4
  1.52 2 + 2
    1.48295 0.5 1
    1.52 0.5 0
  1.5343 0 + 2
    0.91898 0.4872 29
    1.08643 0.5128 17
  1.576 2 + 2
    1.53895 0.5 1
    1.576 0.5 0
  1.58811 20 + 2
    0.44709 0.5107 69
    0.97279 0.4893 29
  1.598 10 - 2
    1.31671 0.5 5
    1.51216 0.5 2
  1.637 2 + 2
    1.59995 0.5 1
    1.637 0.5 0
  1.665 0 - 2
    1.62795 0.5 1
    1.665 0.5 0
  1.702 2 + 2
    1.66495 0.5 1
    1.702 0.5 0
  1.724 10 - 2
    1.44271 0.5 5
    1.63816 0.5 2
  1.746 0 + 2
    1.44611 0.5 6
    1.47463 0.5 4
  1.759 2 - 2
    1.47771 0.5 5
    1.48762 0.5 4
  1.8511 18 - 1
    1.07694 1 44
  1.857 10 + 2
    1.52595 0.5 9
    1.54753 0.5 7
  1.88 6 + 2
    1.84295 0.5 1
    1.88 0.5 0
  1.953 2 - 2
    1.67171 0.5 5
    1.68163 0.5 4
  1.9542 0 + 2
    0.8241 0.4382 68
    1.18004 0.5618 44
  2.00172 6 - 2
    0.46742 0.115 95
    0.8607 0.885 69
  2.25702 22 + 2
    0.66891 0.7753 97
    1.116 0.2247 69
  2.379 2 - 1
    1.23798 1 69
  2.7968 12 + 1
    0.79508 1 110
  2.9149 8 - 2
    0.9607 0.4118 109
    1.0638 0.5882 105
  2.94413 24 + 1
    1.35602 1 97
  3.212 6 - 1
    0.95498 1 111
  3.605 26 + 1
    1.34798 1 111
  3.6581 10 - 1
    0.71397 1 115
  4.4501 28 + 1
    1.50597 1 115

35 81 113
  0 3 - 0
  0.275985 5 - 1
    0.275985 1 0
  0.5362 9 + 1
    0.260215 1 1
  0.5382 3 - 1
    0.5382 1 0
  0.56604 3 - 2
    0.290055 0.7263 1
    0.56604 0.2737 0
  0.6499 3 - 1
    0.6499 1 0
  0.76704 5 - 2
    0.491055 0.1313 1
    0.76704 0.8687 0
  0.7894 5 + 2
    0.513415 0.2702 1
    0.7894 0.7298 0
  0.82829 3 - 4
    0.17839 0.0149 5
    0.29009 0.03761 3
    0.552305 0.228798 1
    0.82829 0.718693 0
  0.83678 7 - 2
    0.560795 0.7376 1
    0.83678 0.2624 0
  0.906 1 + 2
    0.3678 0.5 3
    0.906 0.5 0
  0.975 7 + 2
    0.20796 0.5 6
    0.699015 0.5 1
  1.0237 5 - 4
    0.45766 0.141106 4
    0.4855 0.127605 3
    0.747715 0.670927 1
    1.0237 0.060362 0
  1.0762 3 + 2
    0.538 0.5 3
    1.0762 0.5 0
  1.1053 1 - 3
    0.53926 0.166 4
    0.829315 0.3602 1
    1.1053 0.4738 0
  1.17 11 + 1
    0.195 1 11
  1.1768 13 + 1
    0.6406 1 2
  1.1899 5 - 2
    0.42286 0.5 6
    0.913915 0.5 1
  1.23788 3 + 2
    0.961895 0.5 1
    1.23788 0.5 0
  1.2664 9 - 2
    0.42962 0.3108 9
    0.990415 0.6892 1
  1.2834 7 - 3
    0.44662 0.4003 9
    0.51636 0.4 6
    1.2834 0.1997 0
  1.3 1 + 2
    0.7618 0.5 3
    1.3 0.5 0
  1.323 5 - 3
    0.48622 0.1369 9
    1.04702 0.7193 1
    1.323 0.1438 0
  1.3273 3 - 3
    0.56026 0.148215 6
    0.6774 0.111111 5
    0.7891 0.740674 3
  1.3498 5 - 3
    0.3261 0.530147 12
    0.58276 0.290471 6
    1.3498 0.179382 0
  1.3715 7 + 1
    0.5821 1 7
  1.4009 1 - 2
    0.57261 0.4598 8
    1.4009 0.5402 0
  1.4817 7 - 2
    0.71466 0.2425 6
    0.91566 0.7575 4
  1.5129 3 - 1
    0.94686 1 4
  1.5223 11 + 1
    0.9861 1 2
  1.5359 3 - 2
    0.9977 0.4153 3
    1.5359 0.5847 0
  1.5388 1 + 4
    0.8889 0.370437 5
    1.0006 0.140714 3
    1.26282 0.188919 1
    1.5388 0.29993 0
  1.5416 9 + 1
    0.7522 1 7
  1.543 5 - 3
    0.71471 0.849675 8
    0.77596 0.090047 6
    1.543 0.060278 0
  1.56505 3 - 3
    0.72827 0.105 9
    0.99901 0.3426 4
    1.28907 0.5524 1
  1.5869 1 + 1
    0.7975 1 7
  1.6012 3 - 2
    1.32522 0.2908 1
    1.6012 0.7092 0
  1.615 7 + 2
    0.84796 0.5 6
    1.33902 0.5 1
  1.6707 3 - 2
    1.39472 0.187 1
    1.6707 0.813 0
  1.6812 7 - 2
    0.6575 0.1526 12
    0.84442 0.8474 9
  1.6962 3 + 1
    0.9068 1 7
  1.7515 7 - 1
    0.91472 1 9
  1.7889 7 + 1
    0.9995 1 7
  1.7989 5 - 1
    1.03186 1 6
  1.8664 3 - 1
    1.02962 1 9
  1.8852 9 + 2
    1.04842 0.1071 9
    1.31916 0.8929 4
  1.9456 11 - 2
    0.6792 0.5002 19
    1.10882 0.4998 9
  1.9482 9 + 1
    0.4259 1 29
  1.9856 5 + 2
    1.4494 0.5 2
    1.9856 0.5 0
  1.9959 7 - 2
    0.7295 0.3903 19
    0.9722 0.6097 12
  2.0003 5 + 1
    0.8235 1 16
  2.0222 5 + 1
    1.2328 1 7
  2.056 1 + 2
    1.5178 0.5 3
    2.056 0.5 0
  2.085 9 + 2
    1.2956 0.5 7
    1.5488 0.5 2
  2.1181 15 + 1
    1.3287 1 7
  2.1639 13 + 2
    0.9871 0.5 16
    1.6277 0.5 2
  2.215 1 + 2
    1.6768 0.5 3
    2.215 0.5 0
  2.2213 5 + 1
    1.4319 1 7
  2.245 9 + 2
    1.4556 0.5 7
    1.7088 0.5 2
  2.2778 17 + 1
    1.101 1 16
  2.2883 1 + 2
    1.7501 0.5 3
    2.2883 0.5 0
  2.305 7 - 1
    1.46822 1 9
  2.3875 13 - 2
    0.4419 0.3595 46
    1.1211 0.6405 19
  2.41 5 + 2
    1.8738 0.5 2
    2.41 0.5 0
  2.4211 11 - 1
    1.2443 1 16
  2.4776 7 + 2
    1.71056 0.5 6
    2.20161 0.5 1
  2.5317 5 - 2
    1.76466 0.5 6
    2.25571 0.5 1
  2.5494 13 - 2
    0.6038 0.1454 46
    1.283 0.8546 19
  2.62 9 + 2
    1.8306 0.5 7
    2.0838 0.5 2
  2.657 5 + 2
    2.1208 0.5 2
    2.657 0.5 0
  2.6685 15 - 2
    0.1191 0.8629 67
    0.7229 0.1371 46
  2.7043 7 + 2
    1.93726 0.5 6
    2.42832 0.5 1
  2.732 1 + 2
    2.1938 0.5 3
    2.732 0.5 0
  2.788 3 - 2
    2.2498 0.5 3
    2.788 0.5 0
  2.7974 5 - 2
    2.03036 0.5 6
    2.52142 0.5 1
  2.9124 9 + 2
    2.123 0.5 7
    2.3762 0.5 2
  2.94 11 - 2
    2.10322 0.5 9
    2.4038 0.5 2
  2.9421 17 - 1
    0.2736 1 70
  3.001 7 + 2
    2.23396 0.5 6
    2.72501 0.5 1
  3.027 3 + 2
    2.25996 0.5 6
    2.75102 0.5 1
  3.067 5 - 2
    2.29996 0.5 6
    2.79102 0.5 1
  3.089 1 + 1
    0.1469 1 77
  3.101 3 - 2
    2.5628 0.5 3
    3.101 0.5 0
  3.19 7 + 2
    2.42296 0.5 6
    2.91402 0.5 1
  3.1961 5 - 1
    0.254 1 77
  3.242 9 + 2
    2.4526 0.5 7
    2.7058 0.5 2
  3.322 3 - 2
    2.7838 0.5 3
    3.322 0.5 0
  3.3335 19 - 1
    0.3914 1 77
  3.429 1 + 2
    2.8908 0.5 3
    3.429 0.5 0
  3.508 5 + 2
    2.9718 0.5 2
    3.508 0.5 0
  3.5268 21 + 1
    1.249 1 59
  3.598 7 - 2
    3.0618 0.5 2
    3.598 0.5 0
  3.68 3 - 2
    3.1418 0.5 3
    3.68 0.5 0
  3.74 5 + 2
    3.2038 0.5 2
    3.74 0.5 0
  3.759 7 - 2
    3.2228 0.5 2
    3.759 0.5 0
  3.7987 21 - 1
    0.4652 1 87
  3.835 9 + 2
    3.0456 0.5 7
    3.2988 0.5 2
  3.965 1 + 2
    3.4268 0.5 3
    3.965 0.5 0
  4.106 3 - 2
    3.5678 0.5 3
    4.106 0.5 0
  4.174 5 + 2
    3.6378 0.5 2
    4.174 0.5 0
  4.302 11 - 2
    3.46522 0.5 9
    3.7658 0.5 2
  4.428 7 + 2
    3.66096 0.5 6
    4.15201 0.5 1
  4.512 3 - 2
    3.9738 0.5 3
    4.512 0.5 0
  4.559 5 + 2
    4.0228 0.5 2
    4.559 0.5 0
  5.632 1 - 2
    4.86496 0.5 6
    5.35601 0.5 1
  5.791 9 + 2
    5.0016 0.5 7
    5.2548 0.5 2
  11.2839 1 - 2
    10.5169 0.5 6
    11.0079 0.5 1
  11.3889 7 + 2
    10.6219 0.5 6
    11.1129 0.5 1
  11.7529 3 - 2
    11.2147 0.5 3
    11.7529 0.5 0
  12.2949 5 + 2
    11.7587 0.5 2
    12.2949 0.5 0
  12.4259 1 + 2
    11.8877 0.5 3
    12.4259 0.5 0
  12.5069 5 + 2
    11.9707 0.5 2
    12.5069 0.5 0
  12.6659 3 - 2
    12.1277 0.5 3
    12.6659 0.5 0

35 82 68
  0 10 - 0
  0.045949 4 - 1
    0.045949 1 0
  0.075062 2 + 1
    0.029113 1 1
  0.290781 6 - 2
    0.215719 0.006594 2
    0.244832 0.993406 1
  0.362801 4 + 2
    0.07202 0.00508 3
    0.287739 0.99492 2
  0.3767 12 - 1
    0.3767 1 0
  0.420068 4 + 3
    0.057267 0.03604 4
    0.345006 0.867109 2
    0.374119 0.096851 1
  0.475425 8 - 1
    0.184644 1 3
  0.540989 4 + 3
    0.178188 0.018061 4
    0.250208 0.373115 3
    0.49504 0.608824 1
  0.627237 4 + 5
    0.151812 0.043348 7
    0.264436 0.662274 4
    0.336456 0.019739 3
    0.552175 0.092046 2
    0.581288 0.182593 1
  0.638 6 - 2
    0.347219 0.5 3
    0.638 0.5 0
  0.641164 6 + 5
    0.221096 0.100297 6
    0.278363 0.165595 4
    0.350383 0.079688 3
    0.566102 0.590182 2
    0.595215 0.064238 1
  0.689249 6 - 2
    0.14826 0.1112 8
    0.6433 0.8888 1
  0.759949 6 + 5
    0.118785 0.020401 11
    0.284524 0.024561 7
    0.339881 0.208808 6
    0.397148 0.201808 4
    0.684887 0.544422 2
  0.76213 2 - 2
    0.687068 0.063647 2
    0.716181 0.936353 1
  0.763714 2 + 3
    0.400913 0.355993 4
    0.688652 0.097818 2
    0.717765 0.546189 1
  0.792276 10 + 2
    0.316851 0.826 7
    0.501495 0.174 3
  0.822811 6 - 3
    0.133562 0.065649 12
    0.181647 0.054359 11
    0.402743 0.879991 6
  0.846689 4 - 5
    0.205525 0.013711 11
    0.3057 0.018811 8
    0.426621 0.080934 6
    0.483888 0.647232 4
    0.771627 0.239312 2
  0.8867 2 - 2
    0.245536 0.3215 11
    0.466632 0.6785 6
  0.91077 10 + 2
    0.283533 0.043719 9
    0.91077 0.956281 0
  0.935301 6 + 1
    0.459876 1 7
  0.96751 12 + 2
    0.59081 0.4765 5
    0.96751 0.5235 0
  0.970918 6 + 4
    0.207204 0.03712 15
    0.329754 0.1904 11
    0.608117 0.7023 4
    0.680137 0.07018 3
  0.988151 6 + 2
    0.346987 0.5856 11
    0.62535 0.4144 4
  1.0079 6 + 2
    0.932838 0.8065 2
    0.961951 0.1935 1
  1.02247 4 + 4
    0.13577 0.019229 19
    0.602402 0.104797 6
    0.947408 0.100797 2
    0.976521 0.775177 1
  1.05898 6 + 4
    0.088062 0.036402 23
    0.295266 0.148009 15
    0.696179 0.087445 4
    1.01303 0.728144 1
  1.06873 14 + 2
    0.10122 0.7403 22
    0.69203 0.2597 5
  1.08285 4 + 4
    0.393601 0.189319 12
    0.455613 0.208421 9
    0.541861 0.287129 8
    1.0369 0.315132 1
  1.09317 2 - 4
    0.08527 0.103505 25
    0.465933 0.747137 9
    0.730369 0.082134 4
    0.802389 0.067223 3
  1.10979 4 - 3
    0.746989 0.2822 4
    1.03473 0.6135 2
    1.06384 0.1043 1
  1.13993 4 + 2
    0.379981 0.3337 13
    0.498766 0.6663 11
  1.1551 2 + 4
    0.308411 0.027561 18
    0.391386 0.087422 15
    0.735032 0.214604 6
    1.08004 0.670413 2
  1.1794 4 + 8
    0.06961 0.024802 31
    0.09655 0.017172 29
    0.419451 0.119611 13
    0.538236 0.082947 11
    0.759332 0.122611 6
    0.816599 0.188917 4
    0.888619 0.11261 3
    1.13345 0.33133 1
  1.18669 10 - 3
    0.27592 0.035231 20
    0.363879 0.040951 17
    0.895909 0.923818 3
  1.21652 8 - 4
    0.10673 0.092354 31
    0.20862 0.688559 25
    0.228369 0.103094 24
    1.14146 0.115993 2
  1.22654 6 + 4
    0.255622 0.027629 23
    0.31577 0.792276 20
    0.585376 0.078298 11
    0.599303 0.101797 9
  1.23257 4 + 3
    0.09264 0.04628 32
    0.17359 0.072311 27
    1.15751 0.881409 2
  1.24359 4 - 2
    0.23569 0.2436 25
    0.880789 0.7564 4
  1.26103 16 + 1
    0.1923 1 28
  1.2762 6 + 5
    0.512486 0.396432 15
    0.856132 0.209717 6
    0.913399 0.034023 4
    1.20114 0.225418 2
    1.23025 0.134411 1
  1.366 8 - 2
    0.9893 0.5 5
    1.32005 0.5 1
  1.386 8 - 2
    1.0093 0.5 5
    1.34005 0.5 1
  1.432 0 - 2
    1.35694 0.5 2
    1.38605 0.5 1
  1.478 8 - 2
    1.1013 0.5 5
    1.43205 0.5 1
  1.489 2 - 2
    1.1262 0.5 4
    1.19822 0.5 3
  1.497 0 - 2
    1.42194 0.5 2
    1.45105 0.5 1
  1.535 8 - 2
    1.1583 0.5 5
    1.48905 0.5 1
  1.548 2 - 2
    1.1852 0.5 4
    1.25722 0.5 3
  1.629 0 - 2
    1.55394 0.5 2
    1.58305 0.5 1
  1.65 8 - 2
    1.2733 0.5 5
    1.60405 0.5 1
  1.678 2 - 2
    1.3152 0.5 4
    1.38722 0.5 3
  1.721 8 + 2
    1.43022 0.5 3
    1.721 0.5 0
  1.743 2 - 2
    1.3802 0.5 4
    1.45222 0.5 3
  1.774 0 + 2
    1.35393 0.5 6
    1.4112 0.5 4
  1.7938 18 + 1
    0.53277 1 40
  1.807 10 - 2
    1.51622 0.5 3
    1.807 0.5 0
  1.83 2 - 2
    1.4672 0.5 4
    1.53922 0.5 3
  1.866 8 + 2
    1.57522 0.5 3
    1.866 0.5 0
  1.897 4 - 2
    1.82194 0.5 2
    1.85105 0.5 1
  1.916 12 + 2
    0.94849 0.5 22
    1.916 0.5 0
  1.942 0 - 2
    1.86694 0.5 2
    1.89605 0.5 1
  1.955 2 - 2
    1.5922 0.5 4
    1.66422 0.5 3
  2.026 4 + 2
    1.6632 0.5 4
    1.73522 0.5 3
  2.112 10 + 2
    1.63658 0.5 7
    1.7353 0.5 5
  2.212 8 - 2
    1.8353 0.5 5
    2.16605 0.5 1
  2.2433 20 + 2
    0.4495 0.5469 56
    0.98227 0.4531 40

35 83 89
  0 3 - 0
  0.35668 5 - 1
    0.35668 1 0
  0.79909 5 - 2
    0.44241 0.043138 1
    0.79909 0.956862 0
  0.86674 7 - 2
    0.51006 0.8712 1
    0.86674 0.1288 0
  0.8718 1 - 2
    0.07271 0.5 2
    0.51512 0.5 1
  0.98794 3 - 3
    0.18885 0.01098 2
    0.63126 0.027701 1
    0.98794 0.961319 0
  1.02157 5 + 1
    0.66489 1 1
  1.03067 3 - 3
    0.23158 0.008981 2
    0.67399 0.414666 1
    1.03067 0.576353 0
  1.05383 3 - 1
    1.05383 1 0
  1.0919 9 + 2
    0.22516 0.961762 3
    0.73522 0.038238 1
  1.114 7 + 2
    0.31491 0.5 2
    0.75732 0.5 1
  1.35255 5 + 4
    0.48581 0.20258 3
    0.55346 0.289271 2
    0.99587 0.112089 1
    1.35255 0.39606 0
  1.42083 7 - 5
    0.32893 0.075909 9
    0.43289 0.02005 5
    0.62174 0.072349 2
    1.06415 0.688493 1
    1.42083 0.143199 0
  1.4231 11 + 1
    0.3091 1 10
  1.43862 9 - 2
    0.57188 0.6805 3
    1.08194 0.3195 1
  1.66003 3 - 2
    1.30335 0.3104 1
    1.66003 0.6896 0
  1.7006 3 - 2
    0.83386 0.5 3
    1.7006 0.5 0
  1.70263 13 + 1
    0.61073 1 9
  1.7041 1 + 2
    0.71616 0.5 5
    1.7041 0.5 0
  1.80411 7 + 3
    0.45156 0.20342 11
    0.71221 0.688569 9
    1.44743 0.108011 1
  1.81009 7 + 5
    0.37147 0.02918 14
    0.38926 0.03136 12
    0.45754 0.168598 11
    0.71819 0.728693 9
    0.94335 0.04217 3
  1.91543 3 + 3
    0.88476 0.097718 7
    1.11634 0.327593 2
    1.55875 0.574688 1
  2.05145 3 - 6
    0.39142 0.006433 15
    0.99762 0.064137 8
    1.02078 0.113595 7
    1.06351 0.186492 5
    1.69477 0.041168 1
    2.05145 0.588175 0
  2.05847 9 - 4
    0.70592 0.06417 11
    0.96657 0.04803 9
    1.19173 0.7277 3
    1.25938 0.1601 2
  2.1271 11 - 2
    0.68848 0.5078 14
    1.26036 0.4922 3
  2.13408 11 + 2
    0.43145 0.1457 17
    1.04218 0.8543 9
  2.24 1 - 2
    1.44091 0.5 2
    1.88332 0.5 1
  2.3376 11 + 2
    0.52751 0.1737 20
    0.63497 0.8263 17
  2.39761 5 + 3
    0.5935 0.4673 19
    1.30571 0.3925 9
    1.53087 0.1402 3
  2.53116 5 + 3
    0.47269 0.1294 23
    1.11033 0.3731 12
    1.66442 0.4975 3
  2.64667 7 + 8
    0.83658 0.416296 20
    1.20805 0.02497 14
    1.22584 0.04078 12
    1.29412 0.054099 11
    1.55477 0.079049 9
    1.77993 0.065319 3
    1.84758 0.02829 2
    2.28999 0.291197 1
  2.69381 7 + 8
    0.2962 0.011021 28
    0.63534 0.014891 23
    0.88372 0.277014 20
    0.99118 0.011931 17
    1.34126 0.20551 11
    1.82707 0.050913 3
    1.89472 0.297715 2
    2.33713 0.131007 1
  2.7296 1 - 2
    1.93051 0.5 2
    2.37292 0.5 1
  2.73788 5 + 10
    0.34027 0.031641 28
    0.67941 0.071272 23
    0.92779 0.01491 20
    0.93377 0.049451 19
    1.03525 0.026181 17
    1.29926 0.363611 14
    1.31705 0.276408 12
    1.38533 0.026181 11
    1.64598 0.031641 9
    1.87114 0.108703 3
  2.7599 9 - 2
    1.96081 0.5 2
    2.40322 0.5 1
  2.7654 17 + 1
    1.06277 1 17
  2.7776 5 - 2
    1.6857 0.5208 9
    2.42092 0.4792 1
  2.7887 13 + 1
    0.65462 1 25
  2.80972 1 - 3
    1.77905 0.817267 7
    2.45304 0.139494 1
    2.80972 0.043238 0
  2.8114 13 - 2
    0.6843 0.4222 24
    1.37278 0.5778 14
  2.94624 5 + 7
    0.20836 0.1739 33
    0.41508 0.1468 29
    0.81216 0.03439 25
    0.88777 0.3864 23
    1.24361 0.06144 17
    1.50762 0.04637 14
    1.85434 0.1507 9
  2.9533 3 + 2
    2.15421 0.5 2
    2.59662 0.5 1
  2.9938 9 - 2
    2.19471 0.5 2
    2.63712 0.5 1
  3.0239 1 + 2
    0.2352 0.1736 37
    0.88982 0.8264 25
  3.0346 7 - 2
    2.16786 0.5 3
    3.0346 0.5 0
  3.0503 15 + 3
    0.2616 0.1603 37
    0.91622 0.2724 25
    1.34767 0.5673 17
  3.0688 19 - 1
    0.3034 1 35
  3.0912 5 + 2
    2.73452 0.5525 1
    3.0912 0.4475 0
  3.1306 1 + 2
    2.14266 0.5 5
    3.1306 0.5 0
  3.135 17 - 1
    1.43237 1 17
  3.1366 3 - 5
    0.19036 0.067281 40
    0.44279 0.137603 31
    1.43397 0.281306 17
    1.71577 0.208004 12
    2.0447 0.305806 9
  3.26 5 + 2
    0.4946 0.1525 35
    1.55737 0.8475 17
  3.3334 15 - 2
    0.522 0.5653 39
    1.2063 0.4347 24
  3.369 7 + 2
    2.56991 0.5 2
    3.01232 0.5 1
  3.4184 15 + 1
    0.6297 1 37
  3.441 3 - 2
    2.57426 0.5 3
    3.441 0.5 0
  3.5336 5 - 1
    0.3986 1 49
  3.5484 9 + 2
    2.52683 0.5 6
    2.68166 0.5 3
  3.6137 3 - 2
    2.74696 0.5 3
    3.6137 0.5 0
  3.6678 7 + 2
    2.86871 0.5 2
    3.31112 0.5 1
  3.7493 5 - 2
    2.95021 0.5 2
    3.39262 0.5 1
  3.8049 1 + 2
    2.81696 0.5 5
    3.8049 0.5 0
  3.8747 3 - 1
    0.8059 1 46
  3.9675 9 + 2
    2.94593 0.5 6
    3.10076 0.5 3
  4.0163 7 - 2
    3.14956 0.5 3
    4.0163 0.5 0
  4.0492 5 + 2
    3.18246 0.5 3
    4.0492 0.5 0
  4.0976 3 - 2
    3.23086 0.5 3
    4.0976 0.5 0
  4.1603 7 + 2
    3.36121 0.5 2
    3.80362 0.5 1
  4.1941 5 - 2
    3.39501 0.5 2
    3.83742 0.5 1
  4.2219 21 + 1
    1.4565 1 35
  4.5824 1 - 1
    0.3605 1 69
  5.1182 3 + 1
    1.2435 1 62
  5.3907 9 - 1
    0.2725 1 71
  5.635 5 + 2
    0.2443 0.5 72
    0.5168 0.5 71
  13.566 7 - 2
    12.6993 0.5 3
    13.566 0.5 0
  13.622 3 + 2
    12.8229 0.5 2
    13.2653 0.5 1
  13.784 1 + 2
    12.7961 0.5 5
    13.784 0.5 0
  13.826 5 + 2
    12.9593 0.5 3
    13.826 0.5 0
  14.105 9 - 2
    13.3059 0.5 2
    13.7483 0.5 1
  14.345 5 + 2
    13.4783 0.5 3
    14.345 0.5 0
  14.608 5 + 2
    13.7413 0.5 3
    14.608 0.5 0
  14.938 5 + 2
    14.0713 0.5 3
    14.938 0.5 0
  14.972 1 + 2
    13.9841 0.5 5
    14.972 0.5 0
  15.622 5 + 2
    14.7553 0.5 3
    15.622 0.5 0
  15.761 3 + 2
    14.9619 0.5 2
    15.4043 0.5 1
  15.78 1 + 2
    14.7921 0.5 5
    15.78 0.5 0
  16.046 5 + 2
    15.1793 0.5 3
    16.046 0.5 0
  16.165 7 - 2
    15.2983 0.5 3
    16.165 0.5 0
  16.236 5 + 2
    15.3693 0.5 3
    16.236 0.5 0

35 84 10
  0 4 - 0
  0.32 12 - 1
    0.32 1 0
  0.4082 2 + 1
    0.4082 1 0
  0.8499 14 - 1
    0.5299 1 1
  1.8215 14 + 2
    0.9716 0.5001 3
    1.5015 0.4999 1
  2.0156 16 + 1
    0.1941 1 4
  2.15345 16 - 1
    1.30355 1 3
  2.2909 18 - 2
    0.13745 0.5019 6
    1.441 0.4981 3
  2.7104 20 - 2
    0.4195 0.5267 7
    0.55695 0.4733 6
  2.7416 18 + 1
    0.726 1 5

35 85 26
  0 3 - 0
  0.34519 5 - 1
    0.34519 1 0
  0.95582 3 - 2
    0.61063 0.4221 1
    0.95582 0.5779 0
  1.1913 1 - 1
    1.1913 1 0
  1.4272 3 - 2
    1.08201 0.2593 1
    1.4272 0.7407 0
  1.5533 3 - 3
    0.59748 0.2015 2
    1.20811 0.671 1
    1.5533 0.1275 0
  1.7247 3 - 1
    1.7247 1 0
  1.7952 1 - 3
    0.83938 0.520948 2
    1.45001 0.322868 1
    1.7952 0.156184 0
  1.8595 5 - 1
    0.4323 1 4
  1.9438 1 + 3
    0.98798 0.458754 2
    1.59861 0.252275 1
    1.9438 0.288971 0
  2.31 3 - 2
    1.35418 0.5 2
    2.31 0.5 0
  2.8005 3 - 4
    0.941 0.3237 8
    1.2472 0.2006 5
    1.3733 0.1942 4
    2.45531 0.2815 1
  3.0078 3 - 1
    3.0078 1 0
  3.401 7 - 2
    2.44518 0.5 2
    3.401 0.5 0
  3.5396 3 - 2
    2.58378 0.5882 2
    3.5396 0.4118 0
  3.6446 9 + 2
    1.7008 0.7519 9
    2.0913 0.2481 5
  3.68037 7 + 1
    2.72455 1 2
  3.7417 3 + 3
    2.5504 0.167595 3
    3.39651 0.761577 1
    3.7417 0.070828 0
  3.8246 5 + 2
    2.0294 0.5952 7
    3.47941 0.4048 1
  3.9704 7 + 4
    2.2457 0.067009 6
    2.4171 0.515495 5
    2.5432 0.170098 4
    3.62521 0.247398 1
  4.0004 5 + 2
    2.4471 0.1071 5
    3.65521 0.8929 1
  4.0288 3 + 4
    2.2336 0.404892 7
    2.3041 0.076918 6
    2.6016 0.202396 4
    3.68361 0.315794 1
  4.119 9 + 2
    2.5657 0.2481 5
    3.77381 0.7519 1
  4.1724 11 + 1
    3.82721 1 1
  4.2994 5 + 2
    2.8722 0.4505 4
    3.95421 0.5495 1
  4.5109 7 + 1
    3.55508 1 2

35 86 22
  0 2 - 0
  0.0051 4 - 1
    0.0051 1 0
  0.0533 6 - 1
    0.0482 1 1
  0.1305 8 - 1
    0.0772 1 2
  0.20739 10 - 2
    0.15409 0.2806 2
    0.20739 0.7194 0
  0.2436 8 - 1
    0.1903 1 2
  0.2982 0 - 1
    0.2931 1 1
  0.43565 4 - 4
    0.22826 0.151695 4
    0.38235 0.689679 2
    0.43055 0.089657 1
    0.43565 0.068968 0
  0.5747 10 - 2
    0.3311 0.8004 5
    0.4442 0.1996 3
  1.0472 6 + 6
    0.61155 0.04918 7
    0.749 0.1749 6
    0.83981 0.04918 4
    0.9939 0.5464 2
    1.0421 0.1257 1
    1.0472 0.05464 0
  1.1704 2 + 1
    1.1171 1 2
  1.4942 12 + 2
    0.9195 0.2481 8
    1.2506 0.7519 5
  1.6243 14 + 3
    0.1301 0.079317 11
    1.0496 0.793771 8
    1.4938 0.126911 3
  1.7797 4 + 1
    1.205 1 8
  1.9202 6 + 1
    1.3455 1 8
  2.4463 2 + 5
    1.2759 0.03187 10
    1.3991 0.08313 9
    2.01065 0.1481 7
    2.23891 0.1119 4
    2.4412 0.625 1
  2.6651 2 + 1
    2.66 1 1
  2.6874 4 + 1
    1.0631 1 12
  3.0739 8 - 1
    1.1537 1 14
  3.2405 6 + 1
    1.6162 1 12
  3.7633 4 - 1
    0.5228 1 19
  3.814 0 + 2
    0.5735 0.2857 19
    1.1266 0.7143 17

35 87 9
  0 3 - 0
  0.24251 1 - 1
    0.24251 1 0
  0.334 5 - 1
    0.334 1 0
  0.57317 7 - 1
    0.57317 1 0
  0.71051 9 - 2
    0.468 0.7092 1
    0.71051 0.2908 0
  1.0355 11 - 1
    0.7015 1 2
  1.87814 13 - 3
    1.16763 0.3 4
    1.30497 0.3 3
    1.87814 0.4 0
  3.9264 5 - 2
    3.68389 0.3631 1
    3.9264 0.6369 0
  3.9871 3 - 1
    3.74459 1 1

35 88 9
  0 4 - 0
  0.1592 0 - 1
    0.1592 1 0
  0.2592 6 - 1
    0.2592 1 0
  0.2701 2 - 1
    0.1109 1 1
  0.2727 8 - 2
    0.1135 0.177 1
    0.2727 0.823 0
  0.4087 10 - 2
    0.2495 0.4565 1
    0.4087 0.5435 0
  0.566 12 - 2
    0.2933 0.5076 4
    0.566 0.4924 0
  1.90372 4 - 4
    1.49502 0.152915 5
    1.64452 0.267627 2
    1.74452 0.285329 1
    1.90372 0.294129 0
  3.1541 6 - 1
    2.8949 1 2

35 89 1
  0 3 - 0

35 90 1
  0 4 - 0

35 91 1
  0 5 - 0

35 92 1
  0 4 - 0

35 93 1
  0 5 - 0

35 94 1
  0 20 - 0

35 95 1
  0 9 + 0

35 96 1
  0 12 + 0

35 97 1
  0 3 - 0

35 98 1
  0 14 + 0

