98 237 1
  0 5 + 0

98 238 1
  0 0 + 0

98 239 1
  0 11 + 0

98 240 1
  0 0 + 0

98 241 2
  0 7 - 0
  0.15 1 + 1
    0.15 1 0

98 242 1
  0 0 + 0

98 243 3
  0 1 + 0
  0.15 3 + 1
    0.15 1 0
  0.21 5 + 1
    0.21 1 0

98 244 2
  0 0 + 0
  0.041 4 + 1
    0.041 1 0

98 245 3
  0 1 + 0
  0.005 3 + 1
    0.005 1 0
  0.055 7 + 1
    0.05 1 1

98 246 3
  0 0 + 0
  0.044 4 + 1
    0.044 1 0
  2.5 6 + 1
    2.5 1 0

98 247 13
  0 7 + 0
  0.055 9 + 1
    0.055 1 0
  0.1221 11 + 2
    0.0671 0.8344 1
    0.1221 0.1656 0
  0.201 13 + 1
    0.146 1 1
  0.3832 5 + 1
    0.3832 1 0
  0.4272 7 + 2
    0.044 0.5 4
    0.3722 0.5 1
  0.4804 9 - 3
    0.3583 0.1912 2
    0.4254 0.574 1
    0.4804 0.2348 0
  0.532 11 - 3
    0.331 0.255 3
    0.4099 0.3601 2
    0.477 0.3849 1
  0.551 11 + 1
    0.496 1 1
  0.595 13 - 2
    0.1146 0.5 6
    0.4729 0.5 2
  0.634 13 + 2
    0.433 0.5 3
    0.579 0.5 1
  0.678 7 - 2
    0.623 0.2128 1
    0.678 0.7872 0
  0.738 9 - 2
    0.6159 0.556 2
    0.683 0.444 1

98 248 19
  0 0 + 0
  0.04153 4 + 1
    0.04153 1 0
  0.13781 8 + 1
    0.09628 1 1
  0.285 12 + 1
    0.14719 1 2
  0.5922 4 - 1
    0.55067 1 1
  0.63 6 - 2
    0.49219 0.5 2
    0.58847 0.5 1
  0.677 8 - 1
    0.0848 1 4
  0.735 10 - 2
    0.45 0.5 3
    0.59719 0.5 2
  0.806 12 - 1
    0.129 1 6
  0.885 14 - 2
    0.15 0.5 7
    0.6 0.5 3
  0.979 16 - 1
    0.173 1 8
  1.477 4 - 2
    0.8 0.5 6
    0.8848 0.5 4
  1.509 6 - 2
    1.37119 0.5 2
    1.46747 0.5 1
  1.557 8 - 2
    0.88 0.5 6
    0.9648 0.5 4
  1.577 14 - 2
    0.842 0.5 7
    1.292 0.5 3
  1.621 10 - 2
    1.336 0.5 3
    1.48319 0.5 2
  1.663 16 - 2
    0.684 0.5 10
    0.857 0.5 8
  1.686 12 - 2
    0.88 0.5 8
    1.009 0.5 6
  1.781 18 - 2
    0.204 0.5 14
    0.896 0.5 9

98 249 71
  0 9 - 0
  0.06248 11 - 1
    0.06248 1 0
  0.1362 13 - 2
    0.07372 0.5 1
    0.1362 0.5 0
  0.14498 5 + 1
    0.14498 1 0
  0.18797 7 + 1
    0.04299 1 3
  0.2206 15 - 1
    0.15812 1 1
  0.24313 9 + 1
    0.05516 1 4
  0.315 11 + 2
    0.1788 0.5 2
    0.315 0.5 0
  0.3171 17 - 1
    0.1809 1 2
  0.37954 7 + 4
    0.13641 0.02555 6
    0.19157 0.053161 4
    0.23456 0.01038 3
    0.37954 0.910909 0
  0.384 13 + 2
    0.1634 0.5 5
    0.32152 0.5 1
  0.4168 1 + 1
    0.27182 1 3
  0.4257 19 - 1
    0.2051 1 5
  0.43756 9 + 3
    0.05802 0.50581 9
    0.37508 0.403308 1
    0.43756 0.090882 0
  0.44 3 + 2
    0.06046 0.5 9
    0.25203 0.5 4
  0.44299 7 + 4
    0.06345 0.52893 9
    0.25502 0.104286 4
    0.29801 0.358853 3
    0.44299 0.007931 0
  0.46 5 + 2
    0.21687 0.5 6
    0.31502 0.5 3
  0.5006 9 + 2
    0.35562 0.5 3
    0.43812 0.5 1
  0.545 21 - 1
    0.2279 1 8
  0.5506 3 - 2
    0.1338 0.5 11
    0.40562 0.5 3
  0.606 5 - 2
    0.41803 0.5 4
    0.606 0.5 0
  0.668 13 - 2
    0.5318 0.5 2
    0.668 0.5 0
  0.6758 23 - 1
    0.2501 1 12
  0.751 15 - 2
    0.5304 0.5 5
    0.68852 0.5 1
  0.81321 5 - 5
    0.37022 0.01423 15
    0.43367 0.006304 9
    0.62524 0.01312 4
    0.66823 0.02416 3
    0.81321 0.942187 0
  0.8179 25 - 2
    0.1421 0.5 22
    0.2729 0.5 18
  0.85219 7 - 5
    0.60906 0.016119 6
    0.66422 0.005365 4
    0.70721 0.016079 3
    0.78971 0.544565 1
    0.85219 0.417873 0
  0.90251 9 - 3
    0.76631 0.4453 2
    0.84003 0.4674 1
    0.90251 0.0873 0
  0.92 11 + 2
    0.7838 0.5 2
    0.92 0.5 0
  0.962 11 - 2
    0.7414 0.5 5
    0.89952 0.5 1
  0.9708 27 - 2
    0.1529 0.5 25
    0.295 0.5 22
  0.992 13 + 2
    0.7714 0.5 5
    0.92952 0.5 1
  1.00792 9 + 9
    0.50732 0.032209 17
    0.56493 0.155194 15
    0.57036 0.039629 13
    0.62838 0.137095 9
    0.76479 0.065888 6
    0.81995 0.006456 4
    0.86294 0.01055 3
    0.94544 0.137295 1
    1.00792 0.415685 0
  1.031 3 + 2
    0.65146 0.5 9
    0.84303 0.5 4
  1.063 13 + 2
    0.8424 0.5 5
    1.00052 0.5 1
  1.078 15 + 2
    0.763 0.5 7
    0.9418 0.5 2
  1.115 5 - 2
    0.92703 0.5 4
    1.115 0.5 0
  1.1349 29 - 2
    0.1641 0.5 30
    0.317 0.5 25
  1.145 15 + 2
    0.83 0.5 7
    1.0088 0.5 2
  1.164 7 + 2
    0.97603 0.5 4
    1.164 0.5 0
  1.178 17 + 2
    0.794 0.5 10
    0.9574 0.5 5
  1.192 3 - 2
    0.7752 0.5 11
    1.04702 0.5 3
  1.1998 1 - 2
    1.13732 0.3865 1
    1.1998 0.6135 0
  1.2185 7 - 1
    1.2185 1 0
  1.236 17 + 2
    0.852 0.5 10
    1.0154 0.5 5
  1.23806 5 + 2
    1.09308 0.5747 3
    1.23806 0.4253 0
  1.251 3 - 2
    0.8342 0.5 11
    1.10602 0.5 3
  1.2677 9 - 2
    1.20522 0.834 1
    1.2677 0.166 0
  1.3043 5 + 1
    1.3043 1 0
  1.3089 31 - 2
    0.174 0.5 37
    0.3381 0.5 30
  1.34 19 + 2
    0.795 0.5 18
    1.0229 0.5 8
  1.415 7 + 2
    1.22703 0.5 4
    1.415 0.5 0
  1.463 9 + 2
    1.31802 0.5 3
    1.40052 0.5 1
  1.482 3 - 2
    1.0652 0.5 11
    1.33702 0.5 3
  1.4939 33 - 2
    0.185 0.5 49
    0.359 0.5 37
  1.498 1 + 2
    1.0812 0.5 11
    1.35302 0.5 3
  1.53 11 + 2
    1.3938 0.5 2
    1.53 0.5 0
  1.541 5 - 2
    1.35303 0.5 4
    1.541 0.5 0
  1.603 13 + 2
    1.3824 0.5 5
    1.54052 0.5 1
  1.648 7 - 2
    1.50302 0.5 3
    1.58552 0.5 1
  1.674 3 - 2
    1.2572 0.5 11
    1.52902 0.5 3
  1.6889 35 - 1
    0.38 1 49
  1.709 5 + 2
    1.46587 0.5 6
    1.56402 0.5 3
  1.8949 37 - 1
    0.401 1 54
  1.914 7 + 2
    1.72603 0.5 4
    1.914 0.5 0
  2.1079 39 - 1
    0.419 1 61
  2.3339 41 - 1
    0.439 1 63
  2.5649 43 - 1
    0.457 1 65
  2.8089 45 - 1
    0.475 1 66
  3.055 47 - 1
    0.4901 1 67
  3.315 49 - 1
    0.5061 1 68

98 250 48
  0 0 + 0
  0.042721 4 + 1
    0.042721 1 0
  0.141875 8 + 1
    0.099154 1 1
  0.29622 12 + 1
    0.154345 1 2
  0.5 16 + 1
    0.20378 1 3
  0.87157 4 - 1
    0.828849 1 1
  0.90589 6 - 3
    0.03432 0.843142 5
    0.764015 0.068793 2
    0.863169 0.088064 1
  0.95198 8 - 3
    0.04609 0.5794 6
    0.08041 0.2824 5
    0.810105 0.1382 2
  1.00851 10 - 4
    0.05653 0.5046 7
    0.10262 0.3109 6
    0.71229 0.09377 3
    0.866635 0.09073 2
  1.03185 4 + 5
    0.12596 8.2e-05 6
    0.16028 0.000403 5
    0.889975 0.0187 2
    0.989129 0.547908 1
    1.03185 0.432907 0
  1.07 12 - 1
    0.11802 1 7
  1.07137 6 + 5
    0.11939 0.000121 7
    0.16548 0.000258 6
    0.1998 0.000193 5
    0.929495 0.201006 2
    1.02865 0.798423 1
  1.123 8 + 2
    0.981125 0.5 2
    1.08028 0.5 1
  1.15424 0 + 1
    1.11152 1 1
  1.17552 2 - 3
    0.30395 0.073246 5
    1.1328 0.308985 1
    1.17552 0.617769 0
  1.18939 4 + 2
    1.04751 0.1424 2
    1.14667 0.8576 1
  1.20997 4 - 1
    1.16725 1 1
  1.211 6 - 2
    1.06913 0.5 2
    1.16828 0.5 1
  1.2182 8 - 1
    1.17548 1 1
  1.2445 4 + 3
    1.10262 0.053928 2
    1.20178 0.759277 1
    1.2445 0.186794 0
  1.247 6 - 2
    1.10513 0.5 2
    1.20428 0.5 1
  1.25539 8 - 5
    0.18402 0.005383 11
    0.24688 0.109802 8
    0.30341 0.472008 7
    0.3495 0.251304 6
    0.38382 0.161503 5
  1.2666 0 + 2
    1.22388 0.5 1
    1.2666 0.5 0
  1.272 10 - 2
    0.97578 0.5 3
    1.13013 0.5 2
  1.2966 4 + 3
    1.15473 0.753992 2
    1.25388 0.175298 1
    1.2966 0.070709 0
  1.311 10 - 1
    0.05561 1 21
  1.313 10 - 2
    1.01678 0.5 3
    1.17112 0.5 2
  1.335 6 - 2
    1.19312 0.5 2
    1.29228 0.5 1
  1.37776 12 - 1
    0.06676 1 25
  1.3855 2 + 2
    1.34278 0.4819 1
    1.3855 0.5181 0
  1.39609 10 - 2
    0.08509 0.1838 25
    0.1407 0.8162 21
  1.41133 14 + 2
    1.36861 0.8403 1
    1.41133 0.1597 0
  1.42686 6 - 1
    0.55529 1 5
  1.45776 12 - 3
    0.06167 0.881426 30
    0.08 0.048971 28
    0.14676 0.069602 25
  1.47837 10 - 2
    0.08228 0.838 30
    0.22298 0.162 21
  1.49953 12 - 2
    0.04177 0.8548 33
    0.10344 0.1452 30
  1.53 14 - 2
    1.03 0.5 4
    1.23378 0.5 3
  1.541 10 - 2
    1.24478 0.5 3
    1.39912 0.5 2
  1.55 12 - 2
    0.48 0.5 10
    0.59802 0.5 7
  1.57 2 + 2
    0.49863 0.5 11
    0.69843 0.5 5
  1.575 14 - 2
    1.075 0.5 4
    1.27878 0.5 3
  1.6 12 - 2
    0.53 0.5 10
    0.64802 0.5 7
  1.626 2 + 2
    0.55463 0.5 11
    0.75443 0.5 5
  1.658 4 + 6
    0.58663 0.06741 11
    0.62615 0.26 9
    0.78643 0.04302 5
    1.51612 0.01017 2
    1.61528 0.3903 1
    1.658 0.2291 0
  1.69515 6 + 2
    1.55327 0.3561 2
    1.65243 0.6439 1
  1.735 8 + 2
    1.59313 0.5 2
    1.69228 0.5 1
  1.915 8 + 2
    1.77313 0.5 2
    1.87228 0.5 1
  2.015 2 + 2
    0.94363 0.5 11
    1.14343 0.5 5

98 251 59
  0 1 + 0
  0.024826 3 + 1
    0.024826 1 0
  0.047832 5 + 1
    0.047832 1 0
  0.105738 7 + 2
    0.057906 0.3607 2
    0.080912 0.6393 1
  0.126519 7 + 2
    0.078687 0.3703 2
    0.101693 0.6297 1
  0.146729 9 + 2
    0.040991 0.7233 3
    0.098897 0.2767 2
  0.166303 9 + 1
    0.039784 1 4
  0.177602 3 + 1
    0.177602 1 0
  0.21153 5 + 3
    0.163698 0.950638 2
    0.186704 0.037682 1
    0.21153 0.01168 0
  0.23771 11 + 2
    0.090981 0.7744 5
    0.131972 0.2256 3
  0.23933 11 + 2
    0.073027 0.933719 6
    0.112811 0.066281 4
  0.258514 7 + 3
    0.111785 0.628194 5
    0.210682 0.271997 2
    0.233688 0.099809 1
  0.29597 13 + 1
    0.149241 1 5
  0.319643 9 + 3
    0.172914 0.769146 5
    0.213905 0.216585 3
    0.271811 0.014269 2
  0.32529 13 + 2
    0.08596 0.8679 10
    0.158987 0.1321 6
  0.37047 11 - 4
    0.04518 0.02801 14
    0.13114 0.434296 10
    0.204167 0.397696 6
    0.243951 0.139999 4
  0.39233 11 + 2
    0.245601 0.2928 5
    0.286592 0.7072 3
  0.42 9 + 1
    0.18229 1 9
  0.42392 15 + 1
    0.18459 1 10
  0.4339 9 - 4
    0.06343 0.987565 15
    0.19457 0.001136 10
    0.267597 0.004798 6
    0.307381 0.006502 4
  0.535 5 - 1
    0.20971 1 14
  0.54399 5 + 8
    0.285476 0.050894 11
    0.33246 0.265322 8
    0.366388 0.523943 7
    0.397261 0.000131 5
    0.417471 0.12251 4
    0.496158 0.013221 2
    0.519164 0.014221 1
    0.54399 0.009758 0
  0.569 15 - 2
    0.24371 0.5 14
    0.27303 0.5 12
  0.59001 7 + 11
    0.19768 0.001255 16
    0.270367 0.092078 13
    0.331496 0.328528 11
    0.35068 0.000757 10
    0.37848 0.394633 8
    0.412408 0.002934 7
    0.423707 0.094178 6
    0.443281 0.008098 5
    0.463491 0.041864 4
    0.542178 0.030243 2
    0.565184 0.005433 1
  0.60104 3 - 2
    0.553208 0.637 2
    0.60104 0.363 0
  0.62512 7 - 1
    0.478391 1 5
  0.63202 1 - 3
    0.454418 0.1291 7
    0.607194 0.3335 1
    0.63202 0.5374 0
  0.64894 9 + 7
    0.25661 0.127211 16
    0.329297 0.393135 13
    0.390426 0.315528 11
    0.40961 0.083418 10
    0.482637 0.033013 6
    0.502211 0.040864 5
    0.601108 0.006831 2
  0.683 9 + 2
    0.536271 0.5 5
    0.635168 0.5 2
  0.691 11 - 2
    0.524697 0.5 6
    0.544271 0.5 5
  0.70805 5 - 3
    0.530448 0.070909 7
    0.660218 0.720293 2
    0.683224 0.208798 1
  0.7205 11 + 4
    0.39521 0.169795 14
    0.400857 0.694979 13
    0.573771 0.113597 5
    0.614762 0.021629 3
  0.729 3 - 2
    0.681168 0.5 2
    0.729 0.5 0
  0.758 11 + 2
    0.631481 0.5 4
    0.652262 0.5 3
  0.774 3 + 1
    0.774 1 0
  0.858 17 - 1
    0.43408 1 18
  0.94248 5 - 3
    0.73095 0.078537 8
    0.764878 0.137395 7
    0.815961 0.784069 4
  0.97398 9 + 3
    0.73465 0.0861 10
    0.807677 0.4828 6
    0.847461 0.4311 4
  0.98151 3 - 6
    0.34949 0.051341 26
    0.38047 0.090601 24
    0.76998 0.185602 8
    0.803908 0.255603 7
    0.956684 0.067451 1
    0.98151 0.349404 0
  1.00913 5 - 8
    0.30108 0.033798 30
    0.40809 0.085655 24
    0.750616 0.103094 11
    0.7976 0.224487 8
    0.831528 0.145191 7
    0.882611 0.033498 4
    0.961298 0.110693 2
    0.984304 0.263584 1
  1.015 7 - 2
    0.868271 0.5 5
    0.967168 0.5 2
  1.04377 7 - 5
    0.724127 0.202496 13
    0.785256 0.036859 11
    0.83224 0.247095 8
    0.938032 0.065059 3
    0.995938 0.448491 2
  1.05 1 - 2
    0.872398 0.5 7
    1.02517 0.5 1
  1.061 13 - 2
    0.82167 0.5 10
    0.82329 0.5 9
  1.07756 9 - 5
    0.64366 0.021341 19
    0.70709 0.063724 15
    0.83823 0.042683 10
    0.911257 0.253615 6
    0.951041 0.618637 4
  1.08646 9 - 4
    0.65256 0.379862 19
    0.71599 0.244776 15
    0.84713 0.192481 10
    0.920157 0.182882 6
  1.09457 9 - 3
    0.70224 0.2217 16
    0.947841 0.2525 5
    0.988832 0.5258 3
  1.146 7 - 2
    0.999271 0.5 5
    1.09817 0.5 2
  1.1558 11 - 3
    0.76347 0.417042 16
    0.85983 0.374837 12
    0.91809 0.208121 9
  1.183 5 - 2
    1.07726 0.5 3
    1.15817 0.5 1
  1.1855 1 - 3
    0.64151 0.1727 21
    1.0192 0.1707 6
    1.05898 0.6566 4
  1.222 3 - 2
    1.17417 0.5 2
    1.222 0.5 0
  1.24998 7 + 6
    0.81608 0.176404 19
    0.991466 0.123002 11
    1.03845 0.122002 8
    1.07238 0.252505 7
    1.08368 0.288806 6
    1.14424 0.037281 3
  1.256 1 - 2
    1.0784 0.5 7
    1.23117 0.5 1
  1.262 5 - 2
    1.15626 0.5 3
    1.23717 0.5 1
  1.304 13 + 2
    1.1377 0.5 6
    1.15727 0.5 5
  1.326 9 - 2
    1.19948 0.5 4
    1.22026 0.5 3
  1.335 3 - 2
    1.28717 0.5 2
    1.335 0.5 0
  1.374 19 + 2
    0.516 0.5 35
    0.95008 0.5 18

98 252 10
  0 0 + 0
  0.04572 4 + 1
    0.04572 1 0
  0.15174 8 + 1
    0.10602 1 1
  0.8048 4 + 2
    0.75908 0.5656 1
    0.8048 0.4344 0
  0.8308 4 - 1
    0.78508 1 1
  0.8457 6 + 2
    0.69396 0.2373 2
    0.79998 0.7627 1
  0.8675 6 - 2
    0.71576 0.7131 2
    0.82178 0.2869 1
  0.9003 8 + 2
    0.74856 0.6909 2
    0.85458 0.3091 1
  0.917 8 - 1
    0.76526 1 2
  0.9698 6 + 5
    0.1023 0.088412 6
    0.139 0.715014 4
    0.165 0.064471 3
    0.81806 0.031401 2
    0.92408 0.100702 1

98 253 6
  0 7 + 0
  0.06161 9 + 1
    0.06161 1 0
  0.13662 11 + 2
    0.07501 0.918509 1
    0.13662 0.081491 0
  0.24101 9 + 3
    0.10439 0.055991 2
    0.1794 0.628106 1
    0.24101 0.315903 0
  0.32121 11 + 1
    0.0802 1 3
  0.417 13 + 2
    0.17599 0.5 3
    0.35539 0.5 1

98 254 1
  0 0 + 0

98 255 1
  0 7 + 0

98 256 1
  0 0 + 0

