96 233 1
  0 3 + 0

96 234 1
  0 0 + 0

96 235 2
  0 5 + 0
  0.05 1 + 1
    0.05 1 0

96 236 2
  0 0 + 0
  0.045 4 + 1
    0.045 1 0

96 237 2
  0 5 - 0
  0.194 1 - 1
    0.194 1 0

96 238 2
  0 0 + 0
  0.035 4 + 1
    0.035 1 0

96 239 2
  0 7 - 0
  0.152 1 + 1
    0.152 1 0

96 240 4
  0 0 + 0
  0.038 4 + 1
    0.038 1 0
  2 6 + 1
    2 1 0
  3 8 + 1
    2.962 1 1

96 241 8
  0 1 + 0
  0.0055 3 + 1
    0.0055 1 0
  0.0571 5 + 2
    0.0516 0.5 1
    0.0571 0.5 0
  0.081 7 + 1
    0.0755 1 1
  0.163 9 + 1
    0.1059 1 2
  0.2678 5 + 2
    0.2107 0.5 2
    0.2678 0.5 0
  0.4202 7 + 2
    0.3392 0.5 3
    0.4147 0.5 1
  2.3 11 + 2
    1.8798 0.5 6
    2.219 0.5 3

96 242 5
  0 0 + 0
  0.04213 4 + 1
    0.04213 1 0
  0.137 8 + 1
    0.09487 1 1
  0.288 12 + 1
    0.151 1 2
  2.8 6 + 1
    2.8 1 0

96 243 31
  0 5 + 0
  0.042 7 + 1
    0.042 1 0
  0.0874 1 + 1
    0.0874 1 0
  0.094 9 + 1
    0.094 1 0
  0.112 3 + 1
    0.07 1 1
  0.13 7 + 2
    0.018 0.5 4
    0.088 0.5 1
  0.153 11 + 2
    0.023 0.5 5
    0.111 0.5 1
  0.164 13 + 1
    0.07 1 3
  0.187 9 + 2
    0.093 0.5 3
    0.187 0.5 0
  0.219 5 - 2
    0.107 0.5 4
    0.177 0.5 1
  0.228 15 - 1
    0.064 1 7
  0.26 9 + 2
    0.166 0.5 3
    0.26 0.5 0
  0.53 3 - 2
    0.4426 0.5 2
    0.53 0.5 0
  0.729 1 - 2
    0.51 0.5 9
    0.617 0.5 4
  0.769 11 - 2
    0.605 0.5 7
    0.675 0.5 3
  0.798 5 - 2
    0.686 0.5 4
    0.756 0.5 1
  0.842 7 - 2
    0.748 0.5 3
    0.842 0.5 0
  0.86 17 - 1
    0.86 1 0
  0.892 3 - 2
    0.8046 0.5 2
    0.892 0.5 0
  0.904 13 - 2
    0.044 0.5 17
    0.751 0.5 6
  0.93 5 + 2
    0.8426 0.5 2
    0.93 0.5 0
  0.973 7 - 2
    0.879 0.5 3
    0.973 0.5 0
  1.015 11 + 2
    0.885 0.5 5
    0.973 0.5 1
  1.023 19 - 1
    0.795 1 10
  1.046 9 + 2
    0.952 0.5 3
    1.046 0.5 0
  1.136 3 - 2
    1.0486 0.5 2
    1.136 0.5 0
  1.217 5 + 2
    1.1296 0.5 2
    1.217 0.5 0
  1.222 7 - 2
    1.128 0.5 3
    1.222 0.5 0
  1.359 15 + 2
    0.499 0.5 17
    1.206 0.5 6
  1.367 1 - 2
    1.148 0.5 9
    1.255 0.5 4
  1.9 9 + 2
    1.806 0.5 3
    1.9 0.5 0

96 244 13
  0 0 + 0
  0.042965 4 + 1
    0.042965 1 0
  0.142348 8 + 1
    0.099383 1 1
  0.296211 12 + 1
    0.153863 1 2
  0.501786 16 + 1
    0.205575 1 3
  0.97 6 + 1
    0.97 1 0
  0.984914 0 + 2
    0.941949 0.5 1
    0.984914 0.5 0
  1.02076 4 + 1
    0.977795 1 1
  1.038 10 + 1
    0.068 1 5
  1.04019 12 + 3
    0.538404 0.006909 4
    0.743979 0.711994 3
    0.897842 0.281097 2
  1.08418 2 - 2
    1.04122 0.3464 1
    1.08418 0.6536 0
  1.10591 6 - 2
    1.06295 0.8696 1
    1.10591 0.1304 0
  1.187 8 - 2
    0.149 0.5 8
    0.217 0.5 5

96 245 62
  0 7 + 0
  0.054789 9 + 1
    0.054789 1 0
  0.121584 11 + 2
    0.066795 0.8298 1
    0.121584 0.1702 0
  0.1974 13 + 1
    0.075816 1 2
  0.25284 5 + 2
    0.198051 0.003345 1
    0.25284 0.996655 0
  0.295708 7 + 3
    0.042868 0.751 4
    0.240919 0.1684 1
    0.295708 0.0806 0
  0.35066 9 + 2
    0.054952 0.6763 5
    0.229076 0.3237 2
  0.35592 1 + 1
    0.10308 1 4
  0.3614 3 + 2
    0.065692 0.5 5
    0.3614 0.5 0
  0.388181 9 - 5
    0.037521 0.000497 6
    0.092473 0.004587 5
    0.266597 0.008793 2
    0.333392 0.173104 1
    0.388181 0.813018 0
  0.41661 11 + 1
    0.06595 1 6
  0.4187 5 + 2
    0.16586 0.5 4
    0.363911 0.5 1
  0.431 7 + 2
    0.309416 0.5 2
    0.431 0.5 0
  0.442918 11 - 2
    0.054737 0.986049 9
    0.321334 0.013951 2
  0.4976 13 + 1
    0.08099 1 10
  0.50887 13 - 2
    0.065952 0.5 13
    0.120689 0.5 9
  0.532 9 + 2
    0.3346 0.5 3
    0.477211 0.5 1
  0.545 3 - 2
    0.18908 0.5 7
    0.29216 0.5 4
  0.5547 11 + 1
    0.258992 1 5
  0.5879 15 - 1
    0.07903 1 15
  0.5976 15 + 1
    0.1 1 14
  0.63364 3 - 2
    0.27224 0.005109 8
    0.3808 0.994891 4
  0.638 5 - 2
    0.342292 0.5 5
    0.638 0.5 0
  0.64364 7 - 4
    0.255459 0.807293 9
    0.3908 0.141199 4
    0.588851 0.003599 1
    0.64364 0.04791 0
  0.66 5 - 2
    0.364292 0.5 5
    0.66 0.5 0
  0.66153 5 - 2
    0.365822 0.6635 5
    0.40869 0.3365 4
  0.672 17 - 2
    0.0744 0.5 20
    0.16313 0.5 15
  0.701817 9 - 4
    0.406109 0.633462 5
    0.580233 0.023159 2
    0.647028 0.212387 1
    0.701817 0.130992 0
  0.722 7 + 2
    0.600416 0.5 2
    0.722 0.5 0
  0.7363 3 - 1
    0.48346 1 4
  0.74097 1 + 2
    0.38505 0.984761 7
    0.48813 0.015239 4
  0.7692 3 + 2
    0.3505 0.7637 11
    0.4078 0.2363 8
  0.77186 11 - 3
    0.4212 0.578 6
    0.650276 0.1769 2
    0.717071 0.2451 1
  0.7743 11 - 1
    0.652716 1 2
  0.78523 9 + 1
    0.663646 1 2
  0.791 5 + 2
    0.53816 0.5 4
    0.736211 0.5 1
  0.8411 7 + 1
    0.8411 1 0
  0.8492 9 - 2
    0.59636 0.915437 4
    0.8492 0.084563 0
  0.85259 11 + 2
    0.731006 0.8367 2
    0.797801 0.1633 1
  0.856 7 + 2
    0.734416 0.5 2
    0.856 0.5 0
  0.866 13 - 2
    0.477819 0.5 9
    0.744416 0.5 2
  0.89061 9 + 1
    0.89061 1 0
  0.9001 9 + 1
    0.48349 1 10
  0.9066 11 - 1
    0.9066 1 0
  0.913 1 - 2
    0.275 0.5 22
    0.5516 0.5 8
  0.936 5 - 2
    0.640292 0.5 5
    0.936 0.5 0
  0.942 3 - 2
    0.58608 0.5 7
    0.68916 0.5 4
  0.956 5 - 2
    0.660292 0.5 5
    0.956 0.5 0
  0.97138 7 - 4
    0.71854 0.733721 4
    0.849796 0.01467 2
    0.916591 0.249407 1
    0.97138 0.002201 0
  0.98 1 - 2
    0.342 0.5 22
    0.6186 0.5 8
  0.995 3 - 2
    0.63908 0.5 7
    0.74216 0.5 4
  1.009 19 - 1
    0.4211 1 19
  1.017 5 + 2
    0.76416 0.5 4
    0.962211 0.5 1
  1.042 7 - 2
    0.78916 0.5 4
    0.987211 0.5 1
  1.05 15 + 2
    0.63339 0.5 10
    0.928416 0.5 2
  1.0547 3 - 1
    1.0547 1 0
  1.083 5 + 2
    0.83016 0.5 4
    1.02821 0.5 1
  1.1023 7 - 1
    1.1023 1 0
  1.259 1 + 2
    0.90308 0.5 7
    1.00616 0.5 4
  1.271 17 - 2
    0.6734 0.5 20
    0.76213 0.5 15
  1.473 13 + 2
    1.2756 0.5 3
    1.41821 0.5 1
  2.1 3 - 2
    1.74408 0.5 7
    1.84716 0.5 4

96 246 74
  0 0 + 0
  0.042852 4 + 1
    0.042852 1 0
  0.141989 8 + 1
    0.099137 1 1
  0.29489 12 + 1
    0.152901 1 2
  0.5005 16 + 1
    0.20561 1 3
  0.7533 20 + 1
    0.2528 1 4
  0.841671 4 - 1
    0.798819 1 1
  0.876434 6 - 3
    0.034763 0.769669 6
    0.734445 0.091136 2
    0.833582 0.139194 1
  0.9233 8 - 3
    0.046866 0.246275 7
    0.081629 0.331567 6
    0.781311 0.422158 2
  0.9806 10 - 2
    0.68571 0.5006 3
    0.838611 0.4994 2
  1.0501 24 + 1
    0.2968 1 5
  1.0515 12 - 2
    0.1282 0.6351 8
    0.75661 0.3649 3
  1.059 2 - 2
    1.01615 0.5 1
    1.059 0.5 0
  1.07884 2 - 3
    0.237169 0.005442 6
    1.03599 0.311987 1
    1.07884 0.682571 0
  1.10485 4 - 3
    0.263179 0.004256 6
    0.962861 3.4e-05 2
    1.062 0.99571 1
  1.12426 4 + 3
    0.982271 0.028242 2
    1.08141 0.552333 1
    1.12426 0.419425 0
  1.12801 6 - 3
    0.251576 0.001584 7
    0.986021 0.384906 2
    1.08516 0.61351 1
  1.14714 14 - 2
    0.64664 0.3342 4
    0.85225 0.6658 3
  1.16548 6 + 3
    0.289046 0.034271 7
    1.02349 0.276308 2
    1.12263 0.689421 1
  1.17472 0 + 1
    1.13187 1 1
  1.1797 16 - 2
    0.1282 0.3029 11
    0.6792 0.6971 4
  1.21052 4 + 2
    1.16767 0.6926 1
    1.21052 0.3074 0
  1.21995 8 + 2
    0.92506 0.7104 3
    1.1771 0.2896 1
  1.221 10 - 2
    0.92611 0.5 3
    1.07901 0.5 2
  1.24977 2 - 5
    0.17093 0.297079 13
    0.373336 0.049457 7
    0.408099 0.023508 6
    1.20692 0.314978 1
    1.24977 0.314978 0
  1.2893 0 + 1
    1.2893 1 0
  1.30043 6 - 4
    0.37713 0.052076 8
    0.423996 0.072185 7
    1.15844 0.212385 2
    1.25758 0.663354 1
  1.31756 4 + 1
    1.27471 1 1
  1.34015 4 - 2
    1.19816 0.7593 2
    1.2973 0.2407 1
  1.34886 2 - 6
    0.24401 0.454 14
    0.27002 0.5014 13
    0.472426 0.00735 7
    0.507189 0.01345 6
    1.30601 0.001179 1
    1.34886 0.02262 0
  1.36662 4 - 6
    0.23861 0.321614 16
    0.26177 0.289513 14
    0.28778 0.284013 13
    0.44332 0.003125 8
    0.524949 0.080624 6
    1.32377 0.021111 1
  1.37922 8 + 2
    1.23723 0.283 2
    1.33637 0.717 1
  1.3871 28 + 1
    0.337 1 10
  1.397 10 - 2
    1.10211 0.5 3
    1.25501 0.5 2
  1.45188 2 + 5
    0.27716 0.041223 19
    0.32762 0.026412 15
    0.610209 0.333723 6
    1.40903 0.254818 1
    1.45188 0.343824 0
  1.47842 4 + 5
    0.22865 0.389908 24
    0.2679 0.063781 21
    0.636749 0.116702 6
    1.33643 0.178504 2
    1.43557 0.251105 1
  1.50922 6 + 6
    0.28927 0.096146 22
    0.34374 0.486581 18
    0.38121 0.024919 16
    1.36723 0.25719 2
    1.46637 0.122195 1
    1.50922 0.012969 0
  1.52592 6 - 11
    0.30597 0.000774 22
    0.36044 0.03533 18
    0.39791 0.005485 16
    0.40166 0.164002 15
    0.42107 0.01469 14
    0.44708 0.0008 13
    0.60262 0.148102 8
    0.649486 0.234903 7
    0.684249 0.380205 6
    1.38393 0.003297 2
    1.48307 0.01241 1
  1.57374 2 + 2
    1.53089 0.338 1
    1.57374 0.662 0
  1.59369 4 - 12
    0.22707 0.012771 30
    0.24483 0.005168 29
    0.29326 0.003031 26
    0.34392 0.015961 24
    0.46568 0.014581 16
    0.46943 0.0055 15
    0.48884 0.067094 14
    0.51485 0.060654 13
    0.67039 0.004493 8
    0.717256 0.152609 7
    0.752019 0.51403 6
    1.55084 0.144108 1
  1.60122 6 + 7
    0.38127 0.002143 22
    0.47696 0.030929 15
    0.67792 0.046968 8
    0.724786 0.22259 7
    0.759549 0.669971 6
    1.45923 0.00991 2
    1.55837 0.017489 1
  1.60416 2 - 3
    0.35439 0.03609 24
    1.56131 0.464505 1
    1.60416 0.499405 0
  1.62149 6 - 9
    0.32106 0.02271 26
    0.45601 0.0144 18
    0.49348 0.149499 16
    0.51664 0.01056 14
    0.69819 0.134199 8
    0.745056 0.282797 7
    0.779819 0.074209 6
    1.4795 0.232898 2
    1.57864 0.078729 1
  1.62892 8 + 2
    1.48693 0.2857 2
    1.58607 0.7143 1
  1.63353 4 - 9
    0.26691 0.01031 30
    0.29338 0.008256 28
    0.38376 0.048689 24
    0.42301 0.006206 21
    0.50552 0.01837 16
    0.52868 0.02923 14
    0.55469 0.02216 13
    0.791859 0.096089 6
    1.59068 0.760691 1
  1.65919 2 - 3
    0.55434 0.598142 14
    1.61634 0.074735 1
    1.65919 0.327123 0
  1.66164 2 + 5
    0.45112 0.007333 21
    0.48692 0.034952 19
    0.819969 0.009958 6
    1.61879 0.320319 1
    1.66164 0.627438 0
  1.67099 6 - 8
    0.45104 0.005701 22
    0.50551 0.027887 18
    0.54298 0.110488 16
    0.56614 0.121686 14
    0.74769 0.057754 8
    0.829319 0.041455 6
    1.529 0.509643 2
    1.62814 0.125386 1
  1.68079 4 + 4
    0.46084 0.020399 22
    1.5388 0.007651 2
    1.63794 0.965669 1
    1.68079 0.006281 0
  1.71237 6 + 2
    1.57038 0.4961 2
    1.66952 0.5039 1
  1.7602 32 + 1
    0.3731 1 32
  1.7808 4 + 6
    0.41418 0.03728 30
    0.65654 0.077491 15
    0.904366 0.202202 7
    0.939129 0.271803 6
    1.73795 0.397104 1
    1.7808 0.01412 0
  1.82175 10 - 2
    1.7789 0.938091 1
    1.82175 0.061909 0
  1.83673 8 - 3
    0.960296 0.518664 7
    1.79388 0.035268 1
    1.83673 0.446069 0
  1.85659 6 + 5
    0.34737 0.461128 36
    0.63664 0.201212 22
    0.73233 0.256815 15
    1.7146 0.035842 2
    1.81374 0.045003 1
  1.87019 12 - 3
    0.58089 0.294915 25
    1.82734 0.670233 1
    1.87019 0.034852 0
  1.87552 10 + 3
    0.75126 0.96339 15
    1.83267 0.01349 1
    1.87552 0.02312 0
  1.88676 2 + 4
    0.43488 0.326233 34
    1.04509 0.310131 6
    1.84391 0.151415 1
    1.88676 0.212221 0
  1.89807 4 + 4
    0.73259 0.821125 18
    1.75608 0.074602 2
    1.85522 0.080212 1
    1.89807 0.024061 0
  1.90131 8 - 2
    1.75932 0.965252 2
    1.85846 0.034748 1
  1.90611 10 - 2
    1.76412 0.4872 2
    1.86326 0.5128 1
  1.90931 8 - 2
    1.86646 0.7752 1
    1.90931 0.2248 0
  1.92456 12 + 2
    1.88171 0.4764 1
    1.92456 0.5236 0
  1.94707 14 - 3
    0.32558 0.740774 42
    1.80508 0.111111 2
    1.90422 0.148115 1
  1.965 10 + 2
    0.9135 0.5 11
    1.0417 0.5 8
  1.98334 8 - 4
    0.27097 0.277211 49
    0.36185 0.676127 42
    1.94049 0.030431 1
    1.98334 0.016231 0
  2.0325 12 + 4
    0.37086 0.286697 46
    0.58062 0.573394 34
    1.98965 0.071099 1
    2.0325 0.068809 0
  2.14604 14 - 2
    2.10319 0.3377 1
    2.14604 0.6623 0
  2.1651 36 + 1
    0.4049 1 50
  2.1714 8 - 3
    0.57771 0.7746 39
    2.02941 0.1069 2
    2.12855 0.1185 1
  2.5981 40 + 1
    0.433 1 68
  3.056 44 + 1
    0.4579 1 70
  3.5351 48 + 1
    0.4791 1 71
  4.0332 52 + 1
    0.4981 1 72

96 247 55
  0 9 - 0
  0.06167 11 - 1
    0.06167 1 0
  0.13465 13 - 2
    0.07298 0.7133 1
    0.13465 0.2867 0
  0.219 15 - 2
    0.08435 0.939281 2
    0.15733 0.060719 1
  0.22738 5 + 2
    0.16571 0.045471 1
    0.22738 0.954529 0
  0.26586 7 + 2
    0.03848 0.937763 4
    0.26586 0.062238 0
  0.28541 7 + 2
    0.05803 0.6127 4
    0.28541 0.3873 0
  0.309 3 + 2
    0.02359 0.5 6
    0.04314 0.5 5
  0.3183 9 + 3
    0.05244 0.947471 5
    0.25663 0.038289 1
    0.3183 0.01424 0
  0.336 1 - 1
    0.027 1 7
  0.3459 9 + 3
    0.06049 0.786308 6
    0.28423 0.157802 1
    0.3459 0.055891 0
  0.37 5 - 2
    0.10414 0.5 5
    0.37 0.5 0
  0.381 11 + 2
    0.24635 0.5 2
    0.381 0.5 0
  0.398 3 - 1
    0.17062 1 4
  0.4049 1 + 1
    0.17752 1 4
  0.417 5 - 2
    0.15114 0.5 5
    0.417 0.5 0
  0.433 3 + 2
    0.14759 0.5 6
    0.16714 0.5 5
  0.439 7 - 2
    0.21162 0.5 4
    0.37733 0.5 1
  0.448 5 + 2
    0.1297 0.5 8
    0.22062 0.5 4
  0.506 1 + 2
    0.108 0.5 13
    0.27862 0.5 4
  0.5167 7 + 1
    0.28932 1 4
  0.51858 3 + 2
    0.11368 0.1562 14
    0.2912 0.8438 4
  0.55 9 + 2
    0.32262 0.5 4
    0.48833 0.5 1
  0.5817 5 + 2
    0.31584 0.6866 5
    0.35432 0.3134 4
  0.592 13 - 2
    0.45735 0.5 2
    0.592 0.5 0
  0.604 7 + 2
    0.33814 0.5 5
    0.604 0.5 0
  0.668 11 - 2
    0.449 0.5 3
    0.60633 0.5 1
  0.687 17 - 2
    0.095 0.5 24
    0.55235 0.5 2
  0.699 9 + 2
    0.47162 0.5 4
    0.63733 0.5 1
  0.749 19 - 1
    0.53 1 3
  0.784 15 - 2
    0.565 0.5 3
    0.72233 0.5 1
  0.803 11 - 2
    0.584 0.5 3
    0.74133 0.5 1
  0.819 13 - 2
    0.68435 0.5 2
    0.819 0.5 0
  0.856 3 - 2
    0.458 0.5 13
    0.62862 0.5 4
  0.897 5 - 2
    0.63114 0.5 5
    0.897 0.5 0
  0.947 7 + 2
    0.68114 0.5 5
    0.947 0.5 0
  0.957 21 - 1
    0.27 1 27
  0.988 9 + 2
    0.76062 0.5 4
    0.92633 0.5 1
  1.001 5 - 2
    0.73514 0.5 5
    1.001 0.5 0
  1.044 7 + 2
    0.77814 0.5 5
    1.044 0.5 0
  1.064 3 - 2
    0.666 0.5 13
    0.83662 0.5 4
  1.079 11 + 2
    0.94435 0.5 2
    1.079 0.5 0
  1.091 1 - 2
    0.755 0.5 9
    0.782 0.5 7
  1.159 13 + 2
    0.94 0.5 3
    1.09733 0.5 1
  1.182 5 - 2
    0.91614 0.5 5
    1.182 0.5 0
  1.199 7 + 2
    0.93314 0.5 5
    1.199 0.5 0
  1.239 9 - 2
    1.10435 0.5 2
    1.239 0.5 0
  1.247 3 + 2
    0.96159 0.5 6
    0.98114 0.5 5
  1.271 11 - 2
    1.052 0.5 3
    1.20933 0.5 1
  1.283 17 + 2
    0.534 0.5 29
    1.064 0.5 3
  1.317 5 - 2
    1.05114 0.5 5
    1.317 0.5 0
  1.356 7 + 2
    1.09014 0.5 5
    1.356 0.5 0
  1.364 9 - 2
    1.22935 0.5 2
    1.364 0.5 0
  1.372 15 + 2
    0.991 0.5 12
    1.23735 0.5 2
  1.512 3 - 2
    1.114 0.5 13
    1.28462 0.5 4

96 248 45
  0 0 + 0
  0.0434 4 + 1
    0.0434 1 0
  0.1436 8 + 1
    0.1002 1 1
  0.2981 12 + 1
    0.1545 1 2
  0.505 16 + 1
    0.2069 1 3
  0.7607 20 + 1
    0.2557 1 4
  1.049 4 + 2
    1.0056 0.5 1
    1.049 0.5 0
  1.05515 2 - 2
    1.01175 0.5 1
    1.05515 0.5 0
  1.0613 24 + 1
    0.3006 1 5
  1.084 0 + 2
    1.0406 0.5 1
    1.084 0.5 0
  1.094 6 - 2
    0.9504 0.5 2
    1.0506 0.5 1
  1.126 4 + 2
    1.0826 0.5 1
    1.126 0.5 0
  1.143 8 + 2
    0.9994 0.5 2
    1.0996 0.5 1
  1.172 10 - 2
    0.8739 0.5 3
    1.0284 0.5 2
  1.222 8 + 2
    1.0784 0.5 2
    1.1786 0.5 1
  1.235 6 - 2
    1.0914 0.5 2
    1.1916 0.5 1
  1.302 6 - 2
    1.1584 0.5 2
    1.2586 0.5 1
  1.314 10 - 2
    1.0159 0.5 3
    1.1704 0.5 2
  1.353 14 - 2
    0.848 0.5 4
    1.0549 0.5 3
  1.394 2 - 2
    1.3506 0.5 1
    1.394 0.5 0
  1.4025 28 + 1
    0.3412 1 8
  1.435 12 - 1
    1.435 1 0
  1.464 10 - 2
    1.1659 0.5 3
    1.3204 0.5 2
  1.482 6 - 2
    1.3384 0.5 2
    1.4386 0.5 1
  1.509 8 - 1
    0.074 1 21
  1.547 4 - 1
    0.038 1 24
  1.649 2 + 1
    0.102 1 25
  1.68 22 - 1
    0.6187 1 8
  1.7796 32 + 1
    0.3771 1 20
  1.883 6 - 2
    1.7394 0.5 2
    1.8396 0.5 1
  1.938 10 + 2
    0.429 0.5 24
    0.503 0.5 21
  1.9535 26 - 2
    0.2735 0.5 27
    0.551 0.5 20
  1.969 8 + 2
    1.8254 0.5 2
    1.9256 0.5 1
  2 4 - 2
    0.453 0.5 25
    0.491 0.5 24
  2.1877 36 + 1
    0.4081 1 28
  2.238 30 - 2
    0.2845 0.5 31
    0.4584 0.5 28
  2.574 34 - 2
    0.336 0.5 35
    0.3863 0.5 34
  2.6215 40 + 1
    0.4338 1 34
  2.944 38 - 1
    0.37 1 36
  3.0772 44 + 1
    0.4557 1 37
  3.344 42 - 1
    0.4 1 38
  3.5524 48 + 1
    0.4752 1 39
  3.772 46 - 1
    0.428 1 40
  4.0482 52 + 1
    0.4958 1 41
  4.5645 56 + 1
    0.5163 1 43

96 249 84
  0 1 + 0
  0.026236 3 + 1
    0.026236 1 0
  0.048205 5 + 1
    0.048205 1 0
  0.079125 7 + 1
    0.052889 1 1
  0.10949 9 + 1
    0.030365 1 3
  0.129287 7 + 1
    0.103051 1 1
  0.1484 9 + 2
    0.03891 0.5 4
    0.100195 0.5 2
  0.18277 11 + 1
    0.07328 1 4
  0.207998 3 + 5
    0.078711 0.325797 5
    0.128873 0.03811 3
    0.159793 0.114999 2
    0.181762 0.245998 1
    0.207998 0.275097 0
  0.242004 5 + 3
    0.162879 0.390392 3
    0.193799 0.561989 2
    0.242004 0.047619 0
  0.24477 11 + 1
    0.115483 1 5
  0.2688 13 + 1
    0.08603 1 7
  0.28902 7 + 2
    0.209895 0.3986 3
    0.240815 0.6014 2
  0.299 13 + 1
    0.1506 1 6
  0.3069 3 - 2
    0.258695 0.5 2
    0.3069 0.5 0
  0.35 9 + 2
    0.24051 0.5 4
    0.301795 0.5 2
  0.37523 11 - 2
    0.19246 0.2917 7
    0.26574 0.7083 4
  0.42977 15 + 1
    0.185 1 10
  0.452 5 - 2
    0.372875 0.5 3
    0.425764 0.5 1
  0.470208 3 - 3
    0.422003 0.527584 2
    0.443972 0.036329 1
    0.470208 0.436087 0
  0.494486 1 - 2
    0.46825 0.4386 1
    0.494486 0.5614 0
  0.4986 17 + 1
    0.1996 1 13
  0.50201 7 - 2
    0.35361 0.4848 6
    0.453805 0.5152 2
  0.518 5 - 2
    0.438875 0.5 3
    0.491764 0.5 1
  0.52643 9 + 2
    0.41694 0.3912 4
    0.447305 0.6088 3
  0.52964 5 + 2
    0.24062 0.8453 12
    0.321642 0.1547 8
  0.533 15 - 2
    0.234 0.5 13
    0.2642 0.5 11
  0.546854 5 - 3
    0.076646 0.834817 19
    0.257834 0.131803 12
    0.338856 0.033381 8
  0.57751 11 - 2
    0.27851 0.2813 13
    0.42911 0.7187 6
  0.585718 7 + 1
    0.456431 1 5
  0.593 15 - 2
    0.294 0.5 13
    0.3242 0.5 11
  0.604 11 + 2
    0.474713 0.5 5
    0.524875 0.5 3
  0.634 9 - 2
    0.504713 0.5 5
    0.554875 0.5 3
  0.66347 19 + 1
    0.2337 1 17
  0.6905 7 - 2
    0.58101 0.5 4
    0.642295 0.5 2
  0.69911 15 - 1
    0.40011 1 13
  0.718 3 - 2
    0.669795 0.5 2
    0.718 0.5 0
  0.7405 21 + 1
    0.246014 1 20
  0.77275 3 - 6
    0.225896 0.193 27
    0.278264 0.1008 20
    0.302542 0.238 19
    0.530746 0.1058 9
    0.724545 0.2339 2
    0.77275 0.1285 0
  0.818889 5 - 3
    0.233171 0.132313 29
    0.272035 0.275028 27
    0.348681 0.592659 19
  0.858974 1 - 2
    0.31212 0.1803 27
    0.832738 0.8197 1
  0.8683 19 - 1
    0.3697 1 21
  0.91756 1 - 3
    0.423074 0.3749 20
    0.447352 0.2117 19
    0.891324 0.4134 1
  0.9425 23 + 1
    0.27903 1 33
  0.96312 3 - 2
    0.914915 0.637 2
    0.96312 0.363 0
  0.971177 5 - 2
    0.441537 0.1891 25
    0.84189 0.8109 5
  1.0113 7 - 2
    0.90181 0.5 4
    0.963095 0.5 2
  1.0295 25 + 1
    0.289 1 37
  1.03886 9 + 1
    0.959735 1 3
  1.04782 13 - 4
    0.076643 0.20392 45
    0.0847 0.208721 44
    0.13026 0.485449 42
    0.228931 0.10191 39
  1.09 7 - 2
    0.98051 0.5 4
    1.0418 0.5 2
  1.15336 9 - 4
    0.182183 0.098593 45
    0.606506 0.098593 27
    0.683152 0.098593 19
    1.12712 0.704221 1
  1.17589 13 + 3
    0.705682 0.2192 19
    0.967892 0.3242 8
    1.17589 0.4566 0
  1.2037 5 - 2
    1.12458 0.5 3
    1.17746 0.5 1
  1.2633 7 + 2
    1.18418 0.5 3
    1.23706 0.5 1
  1.2655 27 + 1
    0.323 1 43
  1.26931 11 - 1
    1.26931 1 0
  1.3144 9 - 2
    1.18511 0.5 5
    1.23528 0.5 3
  1.353 13 + 2
    1.2046 0.5 6
    1.24351 0.5 4
  1.3595 29 + 1
    0.33 1 47
  1.382 3 - 2
    1.33379 0.5 2
    1.382 0.5 0
  1.5048 17 + 1
    0.6365 1 41
  1.528 5 - 2
    1.44888 0.5 3
    1.50176 0.5 1
  1.55 7 - 2
    1.44051 0.5 4
    1.50179 0.5 2
  1.56 9 + 2
    1.45051 0.5 4
    1.51179 0.5 2
  1.57 11 - 2
    1.4216 0.5 6
    1.46051 0.5 4
  1.6275 31 + 1
    0.362 1 55
  1.65 5 - 2
    1.57088 0.5 3
    1.62376 0.5 1
  1.7255 33 + 1
    0.366 1 59
  1.838 15 - 2
    1.539 0.5 13
    1.5692 0.5 11
  1.898 7 + 2
    1.81887 0.5 3
    1.87176 0.5 1
  2.0245 35 + 1
    0.397 1 66
  2.1235 37 + 1
    0.398 1 68
  2.4505 39 + 1
    0.426 1 71
  2.5485 41 + 1
    0.425 1 72
  2.8995 43 + 1
    0.449 1 73
  2.9945 45 + 1
    0.446 1 74
  3.3655 47 + 1
    0.466 1 75
  3.4575 49 + 1
    0.463 1 76
  3.8435 51 + 1
    0.478 1 77
  3.9335 53 + 1
    0.476 1 78
  4.3375 55 + 1
    0.494 1 79
  4.4265 57 + 1
    0.493 1 80
  4.71346 1 + 17
    3.39906 0.019971 57
    3.44415 0.138906 56
    3.45016 0.012741 54
    3.50976 0.072093 53
    3.53757 0.190208 52
    3.5601 0.068483 51
    3.66564 0.056122 49
    3.70216 0.017501 46
    3.75034 0.117905 44
    3.7959 0.040332 42
    3.85449 0.01141 40
    4.02296 0.024541 34
    4.21897 0.108604 20
    4.24325 0.066963 19
    4.40656 0.014271 14
    4.50546 0.023591 8
    4.71346 0.016361 0

96 250 2
  0 0 + 0
  0.043 4 + 1
    0.043 1 0

96 251 1
  0 1 + 0

96 252 1
  0 0 + 0

