24 42 1
  0 0 + 0

24 43 1
  0 3 + 0

24 44 1
  0 0 + 0

24 45 1
  0 7 - 0

24 46 22
  0 0 + 0
  0.89216 4 + 1
    0.89216 1 0
  1.9871 8 + 1
    1.09494 1 1
  3.1965 6 - 1
    2.30434 1 1
  3.2269 12 + 1
    1.2398 1 2
  3.296 6 - 1
    2.40384 1 1
  3.4943 10 - 1
    1.5072 1 2
  3.5937 8 - 2
    0.3972 0.572 3
    1.6066 0.428 2
  3.6822 8 - 1
    1.6951 1 2
  3.7158 4 + 1
    0.5193 1 3
  3.7781 8 - 2
    0.5816 0.3335 3
    1.791 0.6665 2
  3.9867 10 - 4
    0.393 0.055919 7
    0.4924 0.279194 6
    0.7598 0.199896 4
    0.7902 0.464991 3
  4.235 2 + 1
    2.2479 1 2
  4.3055 2 + 1
    0.7118 1 7
  4.4344 4 + 2
    0.8407 0.1803 7
    1.2075 0.8197 4
  4.8174 16 + 1
    1.5905 1 4
  4.83 12 - 1
    1.2363 1 7
  5.117 2 - 1
    1.4012 1 9
  5.346 14 - 1
    1.3593 1 11
  6.1795 20 + 1
    1.3621 1 15
  8.1625 24 + 1
    1.983 1 19
  9.152 8 + 2
    7.1649 0.5 2
    8.25984 0.5 1

24 47 32
  0 3 - 0
  0.0991 5 - 1
    0.0991 1 0
  0.1742 7 - 2
    0.0751 0.98629 1
    0.1742 0.01371 0
  0.4717 3 + 2
    0.3726 0.1453 1
    0.4717 0.8547 0
  0.8701 5 + 3
    0.3984 0.214396 3
    0.771 0.071419 1
    0.8701 0.714186 0
  1.3321 11 - 1
    1.1579 1 2
  1.3455 7 + 3
    0.4754 0.5001 4
    0.8738 0.3749 3
    1.2464 0.125 1
  1.451 1 + 2
    0.5809 0.5 4
    1.451 0.5 0
  1.541 9 + 2
    0.6709 0.5 4
    1.3668 0.5 2
  1.831 1 + 2
    0.9609 0.5 4
    1.831 0.5 0
  1.9563 9 + 3
    0.6108 0.053347 6
    1.0862 0.666667 4
    1.7821 0.279986 2
  2.131 3 - 2
    1.9568 0.5 2
    2.131 0.5 0
  2.406 5 - 2
    1.9343 0.5 3
    2.3069 0.5 1
  2.557 3 - 2
    2.3828 0.5 2
    2.557 0.5 0
  2.6183 11 + 3
    0.662 0.037042 10
    1.2728 0.740744 6
    1.2862 0.222213 5
  2.6538 15 - 1
    1.3217 1 5
  2.848 1 - 2
    2.3763 0.5 3
    2.7489 0.5 1
  3.43 5 + 2
    3.2558 0.5 2
    3.43 0.5 0
  3.4705 13 + 2
    0.8522 0.047619 14
    1.5142 0.952381 10
  3.504 7 - 2
    3.3298 0.5 2
    3.504 0.5 0
  3.747 3 - 2
    3.5728 0.5 2
    3.747 0.5 0
  3.7664 17 - 1
    1.1126 1 15
  4.139 19 - 2
    0.3726 0.047662 21
    1.4852 0.952338 15
  4.169 5 + 2
    3.9948 0.5 2
    4.169 0.5 0
  4.2149 15 + 2
    0.7444 0.2 18
    1.5966 0.8 14
  4.295 3 + 2
    3.8233 0.5 3
    4.1959 0.5 1
  5.375 1 - 1
    1.236 1 22
  5.409 5 + 2
    5.2348 0.5 2
    5.409 0.5 0
  5.905 23 - 2
    0.53 0.115 26
    1.766 0.885 22
  7.379 25 - 1
    1.474 1 28
  7.911 27 - 2
    0.532 0.5 29
    2.006 0.5 28
  10.022 31 - 1
    2.111 1 30

24 48 62
  0 0 + 0
  0.75219 4 + 1
    0.75219 1 0
  1.85847 8 + 1
    1.10628 1 1
  3.42 0 + 2
    2.66781 0.5 1
    3.42 0.5 0
  3.4449 12 + 1
    1.58643 1 2
  3.5243 0 + 1
    2.77211 1 1
  3.5335 8 - 2
    0.0886 0.1264 4
    1.67503 0.8736 2
  3.6323 4 + 1
    2.88011 1 1
  4.0343 2 + 1
    3.28211 1 1
  4.0639 6 + 2
    2.20543 0.7246 2
    3.31171 0.2754 1
  4.17215 10 - 1
    0.63865 1 6
  4.28 0 + 2
    3.52781 0.5 1
    4.28 0.5 0
  4.4287 8 + 2
    2.57023 0.051228 2
    3.67651 0.948772 1
  4.5129 14 + 1
    1.068 1 4
  4.64 4 + 2
    3.88781 0.5 1
    4.64 0.5 0
  4.653 2 - 1
    3.90081 1 1
  4.7656 6 - 1
    2.90713 1 2
  4.876 12 - 2
    0.70385 0.2482 10
    1.3425 0.7518 6
  5.0326 2 - 2
    3.17413 0.1935 2
    4.28041 0.8065 1
  5.1309 4 - 1
    1.067 1 9
  5.1883 16 + 1
    1.7434 1 4
  5.2942 6 - 1
    3.43573 1 2
  5.43 0 + 2
    4.67781 0.5 1
    5.43 0.5 0
  5.5956 2 - 1
    2.0621 1 6
  5.6086 4 - 2
    3.75013 0.6667 2
    4.85641 0.3333 1
  5.649 14 - 2
    0.773 0.095864 17
    1.47685 0.904136 10
  5.67 0 + 2
    4.91781 0.5 1
    5.67 0.5 0
  5.785 6 - 1
    2.3401 1 4
  5.79277 8 + 6
    0.76017 0.050022 18
    1.13977 0.115603 15
    1.36407 0.377211 12
    1.62062 0.01517 10
    2.25927 0.031981 6
    3.9343 0.410012 2
  5.8346 2 - 1
    2.3011 1 6
  5.96 0 + 2
    5.20781 0.5 1
    5.96 0.5 0
  6.0852 4 - 1
    1.91305 1 10
  6.1 4 + 2
    5.34781 0.5 1
    6.1 0.5 0
  6.2575 18 + 1
    1.0692 1 20
  6.2784 6 - 1
    2.10625 1 10
  6.42 10 - 2
    2.9751 0.5 4
    4.56153 0.5 2
  6.855 0 + 2
    6.10281 0.5 1
    6.855 0.5 0
  7.0638 20 + 1
    1.8755 1 20
  7.55 2 - 2
    6.79781 0.5 1
    7.55 0.5 0
  7.6713 18 - 1
    2.0223 1 25
  7.94 4 - 2
    3.9057 0.5 8
    4.4065 0.5 6
  8.4108 24 + 1
    1.347 1 37
  8.4626 2 - 1
    2.2051 1 33
  8.75 0 + 2
    7.99781 0.5 1
    8.75 0.5 0
  8.76 0 + 2
    8.00781 0.5 1
    8.76 0.5 0
  9.04 6 - 2
    7.18153 0.5 2
    8.28781 0.5 1
  9.18 4 - 2
    5.1457 0.5 8
    5.6465 0.5 6
  9.53 0 + 2
    8.77781 0.5 1
    9.53 0.5 0
  9.8714 22 - 1
    2.2001 1 39
  9.9 2 - 2
    9.14781 0.5 1
    9.9 0.5 0
  10.2797 28 + 1
    1.8689 1 41
  10.4328 26 + 1
    2.022 1 41
  10.6118 28 + 1
    2.201 1 41
  11.1056 6 - 1
    2.643 1 42
  11.32 0 + 2
    10.5678 0.5 1
    11.32 0.5 0
  11.6489 26 - 1
    1.7775 1 48
  12.3015 4 - 1
    2.4301 1 48
  13.3088 32 + 1
    3.0291 1 50
  15.119 2 - 1
    3.4701 1 55
  15.7341 32 + 1
    5.4544 1 50
  17.3421 4 - 1
    2.2231 1 58
  17.3782 6 - 1
    4.0694 1 57

24 49 186
  0 5 - 0
  0.27172 7 - 1
    0.27172 1 0
  1.0836 9 - 2
    0.81188 0.940738 1
    1.0836 0.059262 0
  1.5621 11 - 2
    0.4785 0.5129 2
    1.29038 0.4871 1
  1.7032 1 - 1
    1.7032 1 0
  1.7414 3 - 2
    1.46968 0.2857 1
    1.7414 0.7143 0
  1.9818 3 + 4
    0.2404 0.016649 5
    0.2786 0.180291 4
    1.71008 0.110794 1
    1.9818 0.692265 0
  2.1685 5 + 3
    0.4271 0.020461 5
    1.89678 0.441318 1
    2.1685 0.538222 0
  2.4318 5 + 4
    0.45 0.458772 6
    0.6904 0.030898 5
    2.16008 0.011959 1
    2.4318 0.49837 0
  2.5001 13 - 2
    0.938 0.900909 3
    1.4165 0.099091 2
  2.5026 7 - 2
    2.23088 0.3289 1
    2.5026 0.6711 0
  2.5781 1 + 3
    0.5963 0.111111 6
    0.8367 0.555556 5
    0.8749 0.333333 4
  2.6131 3 - 2
    2.34138 0.5917 1
    2.6131 0.4083 0
  2.9117 7 + 4
    0.4799 0.3301 8
    0.9299 0.1287 6
    2.63998 0.3102 1
    2.9117 0.231 0
  2.9787 3 + 5
    0.4006 0.235207 11
    0.5469 0.398412 8
    0.8102 0.159305 7
    0.9969 0.107503 6
    1.2373 0.099573 5
  3.0517 9 - 2
    1.9681 0.5587 2
    2.77998 0.4413 1
  3.1901 15 - 2
    0.69 0.4792 9
    1.628 0.5208 3
  3.2017 9 - 2
    2.1181 0.3103 2
    2.92998 0.6897 1
  3.2509 5 + 3
    0.8191 0.4406 8
    1.2691 0.4405 6
    3.2509 0.1189 0
  3.407 5 - 1
    0.7939 1 12
  3.4997 11 - 1
    2.4161 1 2
  3.511 7 - 2
    2.4274 0.4792 2
    3.511 0.5208 0
  3.5276 13 - 4
    0.3375 0.780839 16
    1.0275 0.163008 9
    1.9655 0.039772 3
    2.444 0.016381 2
  3.6286 9 + 5
    0.7169 0.293712 13
    1.1968 0.112004 8
    2.0665 0.040262 3
    2.545 0.25131 2
    3.35688 0.302712 1
  3.6874 11 - 2
    2.1253 0.3103 3
    2.6038 0.6897 2
  3.717 1 - 2
    2.0138 0.5 4
    3.717 0.5 0
  3.8024 11 - 3
    1.3023 0.1484 9
    2.7188 0.3022 2
    3.53068 0.5494 1
  3.8439 7 + 1
    1.4121 1 8
  3.8922 13 + 4
    0.3646 0.110891 22
    0.7021 0.068175 16
    1.3921 0.110791 9
    2.3301 0.710143 3
  3.8991 15 - 3
    0.709 0.3497 16
    1.399 0.3496 9
    2.337 0.3007 3
  3.913 3 - 5
    1.2999 0.2 12
    1.3349 0.2 11
    1.9312 0.2 6
    2.1716 0.2 5
    2.2098 0.2 4
  3.9288 7 - 1
    1.947 1 6
  3.938 3 + 2
    2.2348 0.5 4
    3.938 0.5 0
  3.975 5 + 2
    2.2336 0.5 5
    3.70328 0.5 1
  4.019 1 + 2
    1.8505 0.5 7
    2.2776 0.5 5
  4.0515 9 + 3
    1.1398 0.1001 13
    2.4894 0.2706 3
    2.9679 0.6293 2
  4.07885 5 - 2
    2.99525 0.5 2
    4.07885 0.5 0
  4.1057 13 - 2
    1.6056 0.5291 9
    3.0221 0.4709 2
  4.151 7 - 2
    2.5889 0.5 3
    3.87928 0.5 1
  4.186 1 + 2
    2.0175 0.5 7
    2.4446 0.5 5
  4.2017 13 - 2
    1.7016 0.5587 9
    3.1181 0.4413 2
  4.2181 17 - 2
    1.028 0.7247 16
    1.718 0.2753 9
  4.259 5 + 2
    2.5176 0.5 5
    3.98728 0.5 1
  4.2795 11 + 4
    0.6509 0.2769 23
    1.3678 0.4132 13
    2.7174 0.1818 3
    3.1959 0.1281 2
  4.2968 9 + 1
    1.3851 1 13
  4.323 3 + 2
    2.6198 0.5 4
    4.323 0.5 0
  4.366 19 - 2
    0.1479 0.0553 41
    1.1759 0.9447 16
  4.379 3 + 2
    2.6758 0.5 4
    4.379 0.5 0
  4.426 3 + 1
    2.4442 1 6
  4.4597 11 + 1
    3.3761 1 2
  4.4671 15 + 4
    0.5749 0.789908 28
    0.9395 0.060021 22
    1.277 0.109801 16
    1.967 0.04027 9
  4.493 5 + 2
    2.7516 0.5 5
    4.22128 0.5 1
  4.559 3 + 2
    2.8558 0.5 4
    4.559 0.5 0
  4.5715 17 - 2
    1.3814 0.5 16
    2.0714 0.5 9
  4.5865 1 + 1
    2.6047 1 6
  4.594 3 + 2
    2.8908 0.5 4
    4.594 0.5 0
  4.651 5 + 2
    2.9096 0.5 5
    4.37928 0.5 1
  4.698 1 + 2
    2.5295 0.5 7
    2.9566 0.5 5
  4.7162 13 + 2
    2.2161 0.5587 9
    3.1541 0.4413 3
  4.7494 3 - 2
    2.2493 0.4083 9
    3.1873 0.5917 3
  4.764 7 - 3
    3.6804 0.3005 2
    4.49228 0.6394 1
    4.764 0.0601 0
  4.773 5 + 2
    3.0316 0.5 5
    4.50128 0.5 1
  4.8091 3 - 2
    1.619 0.4413 16
    2.309 0.5587 9
  4.8372 5 + 1
    3.2751 1 3
  4.852 1 - 2
    3.1488 0.5 4
    4.852 0.5 0
  4.879 3 + 2
    3.1758 0.5 4
    4.879 0.5 0
  4.913 5 - 2
    3.8294 0.5 2
    4.913 0.5 0
  4.942 1 + 2
    2.7735 0.5 7
    3.2006 0.5 5
  4.9436 11 + 1
    1.315 1 23
  4.994 3 - 2
    3.2526 0.5 5
    4.72228 0.5 1
  5.0323 5 - 1
    3.4702 1 3
  5.0484 13 + 3
    1.4198 0.209021 23
    2.5483 0.381138 9
    3.4863 0.409841 3
  5.058 7 - 1
    3.4959 1 3
  5.1797 3 + 1
    2.6771 1 10
  5.189 1 - 2
    3.4858 0.5 4
    5.189 0.5 0
  5.273 5 + 2
    3.5316 0.5 5
    5.00128 0.5 1
  5.3027 17 + 2
    0.835601 0.7194 50
    1.4105 0.2806 28
  5.384 3 - 2
    3.6426 0.5 5
    5.11228 0.5 1
  5.428 7 - 2
    3.8659 0.5 3
    5.15628 0.5 1
  5.495 5 + 2
    3.7536 0.5 5
    5.22328 0.5 1
  5.573 3 + 3
    3.1412 0.25 8
    3.5912 0.5 6
    5.573 0.25 0
  5.625 1 - 2
    3.9218 0.5 4
    5.625 0.5 0
  5.637 5 - 2
    4.5534 0.5 2
    5.637 0.5 0
  5.66 7 + 2
    4.5764 0.5 2
    5.66 0.5 0
  5.696 3 - 2
    3.9546 0.5 5
    5.42428 0.5 1
  5.747 1 + 2
    3.5785 0.5 7
    4.0056 0.5 5
  5.784 5 - 2
    4.7004 0.5 2
    5.784 0.5 0
  5.934 3 + 2
    4.2308 0.5 4
    5.934 0.5 0
  5.9624 23 - 1
    1.5964 1 46
  5.981 7 + 2
    4.8974 0.5 2
    5.981 0.5 0
  6.006 1 + 2
    3.8375 0.5 7
    4.2646 0.5 5
  6.036 5 - 2
    4.9524 0.5 2
    6.036 0.5 0
  6.09 3 - 2
    4.3486 0.5 5
    5.81828 0.5 1
  6.127 5 + 2
    4.3856 0.5 5
    5.85528 0.5 1
  6.1341 21 - 2
    1.7681 0.4644 46
    1.916 0.5356 41
  6.278 3 + 2
    4.5748 0.5 4
    6.278 0.5 0
  6.309 7 - 2
    4.7469 0.5 3
    6.03728 0.5 1
  6.3419 19 + 2
    1.0392 0.3507 76
    1.8748 0.6493 50
  6.361 1 - 2
    4.6578 0.5 4
    6.361 0.5 0
  6.38 5 + 2
    4.6386 0.5 5
    6.10828 0.5 1
  6.41 3 - 2
    4.6686 0.5 5
    6.13828 0.5 1
  6.423 7 + 5
    2.51 0.234914 30
    3.8099 0.290017 12
    3.8449 0.290017 11
    4.6816 0.092526 5
    4.7198 0.092526 4
  6.47 1 + 5
    2.532 0.092782 32
    3.8569 0.229105 12
    3.8919 0.229105 11
    4.7286 0.224504 5
    4.7668 0.224504 4
  6.548 5 - 2
    5.4644 0.5 2
    6.548 0.5 0
  6.639 3 - 2
    4.8976 0.5 5
    6.36728 0.5 1
  6.705 5 + 2
    4.9636 0.5 5
    6.43328 0.5 1
  6.734 3 - 2
    4.9926 0.5 5
    6.46228 0.5 1
  6.765 1 + 5
    2.827 0.2 32
    4.1519 0.2 12
    4.1869 0.2 11
    5.0236 0.2 5
    5.0618 0.2 4
  6.823 7 - 2
    5.2609 0.5 3
    6.55128 0.5 1
  6.884 9 + 2
    5.3219 0.5 3
    6.61228 0.5 1
  6.948 3 - 2
    5.2066 0.5 5
    6.67628 0.5 1
  6.995 5 + 2
    5.2536 0.5 5
    6.72328 0.5 1
  7.005 7 - 2
    5.4429 0.5 3
    6.73328 0.5 1
  7.084 1 + 2
    4.9155 0.5 7
    5.3426 0.5 5
  7.115 3 - 2
    5.3736 0.5 5
    6.84328 0.5 1
  7.161 5 + 2
    5.4196 0.5 5
    6.88928 0.5 1
  7.186 3 - 2
    5.4446 0.5 5
    6.91428 0.5 1
  7.225 1 + 2
    5.0565 0.5 7
    5.4836 0.5 5
  7.264 5 - 2
    6.1804 0.5 2
    7.264 0.5 0
  7.2692 21 + 2
    0.9273 0.2 97
    1.9665 0.8 76
  7.308 7 - 2
    5.7459 0.5 3
    7.03628 0.5 1
  7.35 9 + 2
    5.7879 0.5 3
    7.07828 0.5 1
  7.391 3 - 2
    5.6496 0.5 5
    7.11928 0.5 1
  7.432 5 + 2
    5.6906 0.5 5
    7.16028 0.5 1
  7.48 1 + 2
    5.3115 0.5 7
    5.7386 0.5 5
  7.503 7 - 2
    5.9409 0.5 3
    7.23128 0.5 1
  7.537 3 - 2
    5.7956 0.5 5
    7.26528 0.5 1
  7.584 1 + 2
    5.4155 0.5 7
    5.8426 0.5 5
  7.601 5 - 2
    6.5174 0.5 2
    7.601 0.5 0
  7.627 1 + 2
    5.4585 0.5 7
    5.8856 0.5 5
  7.889 3 - 2
    6.1476 0.5 5
    7.61728 0.5 1
  8.0074 27 - 1
    2.045 1 88
  8.02 1 + 2
    5.8515 0.5 7
    6.2786 0.5 5
  8.05 1 + 2
    5.8815 0.5 7
    6.3086 0.5 5
  8.092 5 - 2
    7.0084 0.5 2
    8.092 0.5 0
  8.128 7 + 2
    7.0444 0.5 2
    8.128 0.5 0
  8.157 3 - 2
    6.4156 0.5 5
    7.88528 0.5 1
  8.231 1 + 2
    6.0625 0.5 7
    6.4896 0.5 5
  8.265 1 + 2
    6.0965 0.5 7
    6.5236 0.5 5
  8.331 1 + 2
    6.1625 0.5 7
    6.5896 0.5 5
  8.3333 25 - 1
    0.3259 1 131
  8.368 5 - 2
    7.2844 0.5 2
    8.368 0.5 0
  8.405 3 - 2
    6.6636 0.5 5
    8.13328 0.5 1
  8.441 7 + 2
    7.3574 0.5 2
    8.441 0.5 0
  8.476 5 - 2
    7.3924 0.5 2
    8.476 0.5 0
  8.527 3 + 2
    6.8238 0.5 4
    8.527 0.5 0
  8.548 9 - 2
    7.4644 0.5 2
    8.548 0.5 0
  8.557 5 + 2
    6.8156 0.5 5
    8.28528 0.5 1
  8.655 3 - 2
    6.9136 0.5 5
    8.38328 0.5 1
  8.683 7 + 2
    7.5994 0.5 2
    8.683 0.5 0
  8.716 5 - 2
    7.6324 0.5 2
    8.716 0.5 0
  8.77 3 + 2
    7.0668 0.5 4
    8.77 0.5 0
  8.83 1 + 2
    6.6615 0.5 7
    7.0886 0.5 5
  8.896 1 + 2
    6.7275 0.5 7
    7.1546 0.5 5
  9.031 9 - 2
    7.9474 0.5 2
    9.031 0.5 0
  9.064 7 - 2
    7.5019 0.5 3
    8.79228 0.5 1
  9.123 5 - 2
    8.0394 0.5 2
    9.123 0.5 0
  9.131 3 + 2
    7.4278 0.5 4
    9.131 0.5 0
  9.145 5 - 2
    8.0614 0.5 2
    9.145 0.5 0
  9.198 1 + 2
    7.0295 0.5 7
    7.4566 0.5 5
  9.265 3 - 2
    7.5236 0.5 5
    8.99328 0.5 1
  9.292 7 + 2
    8.2084 0.5 2
    9.292 0.5 0
  9.321 3 - 2
    7.5796 0.5 5
    9.04928 0.5 1
  9.365 5 + 2
    7.6236 0.5 5
    9.09328 0.5 1
  9.399 9 - 2
    8.3154 0.5 2
    9.399 0.5 0
  9.447 7 + 2
    8.3634 0.5 2
    9.447 0.5 0
  9.521 3 - 2
    7.7796 0.5 5
    9.24928 0.5 1
  9.662 1 + 2
    7.4935 0.5 7
    7.9206 0.5 5
  9.711 5 - 2
    8.6274 0.5 2
    9.711 0.5 0
  9.745 3 + 2
    8.0418 0.5 4
    9.745 0.5 0
  9.788 1 + 2
    7.6195 0.5 7
    8.0466 0.5 5
  9.857 5 - 2
    8.7734 0.5 2
    9.857 0.5 0
  9.945 7 - 2
    8.3829 0.5 3
    9.67328 0.5 1
  9.968 9 + 2
    8.4059 0.5 3
    9.69628 0.5 1
  10.039 3 - 2
    8.2976 0.5 5
    9.76728 0.5 1
  10.105 5 + 2
    8.3636 0.5 5
    9.83328 0.5 1
  10.125 7 - 2
    8.5629 0.5 3
    9.85328 0.5 1
  10.17 3 + 2
    8.4668 0.5 4
    10.17 0.5 0
  10.218 5 - 2
    9.1344 0.5 2
    10.218 0.5 0
  10.2224 29 - 1
    2.215 1 131
  10.266 1 + 2
    8.0975 0.5 7
    8.5246 0.5 5
  10.302 1 + 2
    8.1335 0.5 7
    8.5606 0.5 5
  10.374 3 - 2
    8.6326 0.5 5
    10.1023 0.5 1
  10.428 5 + 2
    8.6866 0.5 5
    10.1563 0.5 1
  10.526 7 - 2
    8.9639 0.5 3
    10.2543 0.5 1
  10.7003 31 - 2
    0.477899 0.5001 179
    2.6929 0.4999 131

24 50 162
  0 0 + 0
  0.78332 4 + 1
    0.78332 1 0
  1.88131 8 + 1
    1.09799 1 1
  2.92425 4 + 2
    2.14093 0.917427 1
    2.92425 0.082572 0
  3.1612 4 + 1
    2.37788 1 1
  3.16372 12 + 1
    1.28241 1 2
  3.32457 8 + 3
    0.16085 0.030791 5
    1.44326 0.961517 2
    2.54125 0.007692 1
  3.59457 8 + 2
    1.71326 0.4118 2
    2.81125 0.5882 1
  3.6114 8 + 3
    0.44768 0.069059 5
    0.4502 0.069059 4
    1.73009 0.861883 2
  3.6296 2 + 2
    2.84628 0.3333 1
    3.6296 0.6667 0
  3.694 0 + 2
    2.91068 0.5 1
    3.694 0.5 0
  3.6979 2 + 1
    2.91458 1 1
  3.792 8 + 2
    0.46743 0.4953 6
    1.91069 0.5047 2
  3.82553 12 + 2
    0.66181 0.8681 5
    1.94422 0.1319 2
  3.8443 4 + 3
    0.6831 0.127987 4
    1.96299 0.581342 2
    3.06098 0.290671 1
  3.85 0 + 2
    3.06668 0.5 1
    3.85 0.5 0
  3.87514 12 + 3
    0.55057 0.1659 6
    0.71142 0.3317 5
    1.99383 0.5024 2
  3.8946 8 + 2
    0.7334 0.047629 4
    3.11128 0.952371 1
  3.9376 8 + 3
    1.01335 0.085009 3
    2.05629 0.499995 2
    3.15428 0.414996 1
  4.04 0 + 2
    3.25668 0.5 1
    4.04 0.5 0
  4.0517 6 - 5
    0.4403 0.020841 8
    0.45713 0.01042 7
    0.8905 0.213509 4
    1.12745 0.520821 3
    3.26838 0.234409 1
  4.0701 4 - 3
    0.4405 0.071448 9
    0.4587 0.035779 8
    3.28678 0.892773 1
  4.1295 2 - 3
    0.4999 0.01429 9
    1.20525 0.271403 3
    4.1295 0.714307 0
  4.1926 4 + 4
    0.4947 0.054109 11
    1.26835 0.189198 3
    3.40928 0.216198 1
    4.1926 0.540495 0
  4.207 6 - 2
    2.32569 0.5 2
    3.42368 0.5 1
  4.282 6 - 2
    2.40069 0.5 2
    3.49868 0.5 1
  4.35 0 + 2
    3.56668 0.5 1
    4.35 0.5 0
  4.367 10 - 5
    0.54147 0.2311 13
    0.575 0.3788 12
    1.04243 0.1288 6
    1.20328 0.1401 5
    2.48569 0.1212 2
  4.5244 8 + 5
    0.7324 0.072836 12
    1.36068 0.184491 5
    1.3632 0.184491 4
    1.60015 0.072806 3
    3.74108 0.485376 1
  4.5462 6 - 5
    0.4945 0.090991 20
    1.385 0.275472 4
    1.62195 0.184582 3
    2.66489 0.220378 2
    3.76288 0.228577 1
  4.6543 6 + 5
    0.9564 0.021652 11
    1.49058 0.041133 5
    1.4931 0.021652 4
    1.73005 0.699149 3
    3.87098 0.216415 1
  4.676 4 + 2
    3.89268 0.5 1
    4.676 0.5 0
  4.7 2 + 2
    1.0021 0.5 11
    1.0704 0.5 9
  4.728 0 + 2
    3.94468 0.5 1
    4.728 0.5 0
  4.74453 16 + 1
    1.58081 1 5
  4.755 2 - 2
    3.97168 0.5 1
    4.755 0.5 0
  4.772 4 + 2
    3.98868 0.5 1
    4.772 0.5 0
  4.801 2 - 2
    4.01768 0.5 1
    4.801 0.5 0
  4.906 6 - 2
    3.02469 0.5 2
    4.12268 0.5 1
  4.924 2 - 2
    4.14068 0.5 1
    4.924 0.5 0
  4.961 4 - 2
    1.2631 0.5 11
    1.3314 0.5 9
  4.9985 2 + 1
    4.21518 1 1
  5.015 6 - 2
    3.13369 0.5 2
    4.23168 0.5 1
  5.039 4 - 2
    1.3411 0.5 11
    1.4094 0.5 9
  5.053 6 - 2
    3.17169 0.5 2
    4.26968 0.5 1
  5.078 2 - 2
    4.29468 0.5 1
    5.078 0.5 0
  5.093 4 - 2
    1.3951 0.5 11
    1.4634 0.5 9
  5.198 10 - 2
    2.03428 0.5 5
    3.31669 0.5 2
  5.207 2 - 2
    4.42368 0.5 1
    5.207 0.5 0
  5.2132 12 - 2
    0.846201 0.4012 27
    1.4212 0.5988 12
  5.233 6 - 2
    3.35169 0.5 2
    4.44968 0.5 1
  5.25 4 - 2
    1.5521 0.5 11
    1.6204 0.5 9
  5.272 2 - 2
    4.48868 0.5 1
    5.272 0.5 0
  5.297 6 - 2
    3.41569 0.5 2
    4.51368 0.5 1
  5.336 4 - 2
    1.6381 0.5 11
    1.7064 0.5 9
  5.376 2 - 2
    4.59268 0.5 1
    5.376 0.5 0
  5.429 6 - 2
    3.54769 0.5 2
    4.64568 0.5 1
  5.445 4 - 2
    1.7471 0.5 11
    1.8154 0.5 9
  5.455 10 - 2
    2.29128 0.5 5
    3.57369 0.5 2
  5.548 2 - 2
    4.76468 0.5 1
    5.548 0.5 0
  5.597 4 + 2
    4.81368 0.5 1
    5.597 0.5 0
  5.611 6 - 2
    3.72969 0.5 2
    4.82768 0.5 1
  5.623 2 + 2
    1.9251 0.5 11
    1.9934 0.5 9
  5.684 4 - 2
    1.9861 0.5 11
    2.0544 0.5 9
  5.731 6 + 2
    2.0331 0.5 11
    2.1014 0.5 9
  5.741 10 - 2
    2.57728 0.5 5
    3.85969 0.5 2
  5.78 4 + 2
    4.99668 0.5 1
    5.78 0.5 0
  5.813 2 - 2
    5.02968 0.5 1
    5.813 0.5 0
  5.835 6 + 2
    2.1371 0.5 11
    2.2054 0.5 9
  5.859 4 - 2
    2.1611 0.5 11
    2.2294 0.5 9
  5.903 2 + 2
    2.2051 0.5 11
    2.2734 0.5 9
  5.929 8 - 2
    1.2747 0.5 30
    1.8589 0.5 21
  5.944 6 + 2
    2.2461 0.5 11
    2.3144 0.5 9
  5.957 4 - 2
    2.2591 0.5 11
    2.3274 0.5 9
  5.983 2 + 2
    2.2851 0.5 11
    2.3534 0.5 9
  5.9979 14 - 2
    0.784699 0.4048 49
    1.6309 0.5952 27
  6.027 0 + 2
    5.24368 0.5 1
    6.027 0.5 0
  6.032 4 - 2
    2.3341 0.5 11
    2.4024 0.5 9
  6.071 6 + 2
    2.3731 0.5 11
    2.4414 0.5 9
  6.083 2 - 2
    5.29968 0.5 1
    6.083 0.5 0
  6.116 8 + 2
    4.23469 0.5 2
    5.33268 0.5 1
  6.123 4 - 2
    2.4251 0.5 11
    2.4934 0.5 9
  6.138 6 + 2
    2.4401 0.5 11
    2.5084 0.5 9
  6.175 2 - 2
    5.39168 0.5 1
    6.175 0.5 0
  6.202 10 + 2
    0.988799 0.5 49
    1.5477 0.5 30
  6.226 4 - 2
    2.5281 0.5 11
    2.5964 0.5 9
  6.23 0 + 2
    5.44668 0.5 1
    6.23 0.5 0
  6.243 6 - 2
    4.36169 0.5 2
    5.45968 0.5 1
  6.272 2 + 2
    2.5741 0.5 11
    2.6424 0.5 9
  6.305 4 - 2
    2.6071 0.5 11
    2.6754 0.5 9
  6.33 8 + 2
    4.44869 0.5 2
    5.54668 0.5 1
  6.3402 20 + 1
    1.59567 1 34
  6.342 2 - 2
    5.55868 0.5 1
    6.342 0.5 0
  6.376 4 - 2
    2.6781 0.5 11
    2.7464 0.5 9
  6.45 6 - 2
    4.56869 0.5 2
    5.66668 0.5 1
  6.65 6 - 2
    4.76869 0.5 2
    5.86668 0.5 1
  6.7541 20 + 2
    0.4139 0.1307 91
    2.00957 0.8693 34
  6.79 6 - 2
    4.90869 0.5 2
    6.00668 0.5 1
  6.9502 22 + 2
    0.196101 0.029981 96
    0.610001 0.970019 91
  7.34 4 + 2
    6.55668 0.5 1
    7.34 0.5 0
  7.36 2 + 2
    3.6621 0.5 11
    3.7304 0.5 9
  7.61 8 - 2
    2.9557 0.5 30
    3.5399 0.5 21
  7.6125 24 + 2
    0.662299 0.972771 98
    1.2723 0.027229 91
  7.6466 4 - 1
    7.6466 1 0
  7.78 2 + 2
    4.0821 0.5 11
    4.1504 0.5 9
  7.86 0 - 2
    4.1621 0.5 11
    4.2304 0.5 9
  7.98 2 + 2
    4.2821 0.5 11
    4.3504 0.5 9
  8.27 2 + 2
    4.5721 0.5 11
    4.6404 0.5 9
  8.36 4 - 2
    4.6621 0.5 11
    4.7304 0.5 9
  8.425 12 + 2
    5.26128 0.5 5
    6.54369 0.5 2
  8.5 2 + 2
    4.8021 0.5 11
    4.8704 0.5 9
  8.638 2 + 2
    4.9401 0.5 11
    5.0084 0.5 9
  8.68 4 - 2
    4.9821 0.5 11
    5.0504 0.5 9
  8.748 8 + 2
    6.86669 0.5 2
    7.96468 0.5 1
  8.813 4 + 2
    8.02968 0.5 1
    8.813 0.5 0
  8.8888 2 - 1
    8.8888 1 0
  9.01 2 + 2
    5.3121 0.5 11
    5.3804 0.5 9
  9.19 2 + 2
    5.4921 0.5 11
    5.5604 0.5 9
  9.3266 24 + 2
    1.7141 0.4595 102
    2.5725 0.5405 96
  9.4 2 + 2
    5.7021 0.5 11
    5.7704 0.5 9
  9.57 2 + 2
    5.8721 0.5 11
    5.9404 0.5 9
  9.6409 26 + 2
    2.0284 0.9542 102
    2.6907 0.0458 98
  9.71 2 + 2
    6.0121 0.5 11
    6.0804 0.5 9
  9.9 4 + 2
    9.11668 0.5 1
    9.9 0.5 0
  9.9139 28 + 2
    0.273 0.1314 121
    2.3014 0.8686 102
  10.11 2 + 2
    6.4121 0.5 11
    6.4804 0.5 9
  10.24 2 + 2
    6.5421 0.5 11
    6.6104 0.5 9
  10.38 2 + 2
    6.6821 0.5 11
    6.7504 0.5 9
  10.5 2 + 2
    6.8021 0.5 11
    6.8704 0.5 9
  10.75 4 + 2
    9.96668 0.5 1
    10.75 0.5 0
  10.7968 26 + 1
    3.1843 1 102
  10.82 2 + 2
    7.1221 0.5 11
    7.1904 0.5 9
  11.0143 26 + 1
    3.4018 1 102
  11.06 2 + 2
    7.3621 0.5 11
    7.4304 0.5 9
  11.18 2 + 2
    7.4821 0.5 11
    7.5504 0.5 9
  11.4 6 - 2
    9.51869 0.5 2
    10.6167 0.5 1
  11.53 0 + 2
    10.7467 0.5 1
    11.53 0.5 0
  11.66 2 + 2
    7.9621 0.5 11
    8.0304 0.5 9
  11.68 0 + 2
    10.8967 0.5 1
    11.68 0.5 0
  11.82 2 + 2
    8.1221 0.5 11
    8.1904 0.5 9
  11.87 0 + 2
    11.0867 0.5 1
    11.87 0.5 0
  12.3 2 + 2
    8.6021 0.5 11
    8.6704 0.5 9
  12.3906 30 + 2
    1.5938 0.7143 130
    2.4767 0.2857 124
  12.5428 28 + 1
    4.9303 1 102
  12.68 6 - 2
    10.7987 0.5 2
    11.8967 0.5 1
  12.79 6 - 2
    10.9087 0.5 2
    12.0067 0.5 1
  12.95 4 - 2
    9.2521 0.5 11
    9.3204 0.5 9
  13.2195 30 + 3
    2.2052 0.4808 132
    3.3056 0.2596 124
    3.5786 0.2596 121
  13.222 0 + 2
    12.4387 0.5 1
    13.222 0.5 0
  13.494 4 - 1
    3.8531 1 121
  13.6416 28 + 1
    2.6273 1 132
  13.9 0 + 2
    13.1167 0.5 1
    13.9 0.5 0
  13.9199 30 + 1
    4.006 1 124
  14.5 6 - 2
    12.6187 0.5 2
    13.7167 0.5 1
  14.57 4 - 2
    10.8721 0.5 11
    10.9404 0.5 9
  14.9 0 + 2
    14.1167 0.5 1
    14.9 0.5 0
  15.0352 32 + 3
    1.8157 0.232405 147
    2.4924 0.063381 143
    5.1213 0.704214 124
  15.81 32 + 2
    2.1684 0.2754 150
    2.5905 0.7246 147
  16.0505 34 + 1
    2.831 1 147
  17.6682 6 - 1
    3.7483 1 152
  17.7891 4 - 1
    5.3985 1 142
  17.9576 36 + 1
    2.9224 1 156

24 51 274
  0 7 - 0
  0.7491 3 - 1
    0.7491 1 0
  0.77695 1 - 1
    0.02785 1 1
  1.16459 9 - 1
    1.16459 1 0
  1.35265 5 - 3
    0.5757 0.090182 2
    0.60355 0.563411 1
    1.35265 0.346407 0
  1.48007 11 - 2
    0.31548 0.4814 3
    1.48007 0.5186 0
  1.55726 7 - 3
    0.20461 0.051181 4
    0.80816 0.794016 1
    1.55726 0.154803 0
  1.8992 3 - 3
    1.12225 0.079091 2
    1.1501 0.181802 1
    1.8992 0.739107 0
  2.00191 5 - 1
    2.00191 1 0
  2.2555 15 - 1
    0.77543 1 5
  2.31258 7 - 2
    1.14799 0.8613 3
    2.31258 0.1387 0
  2.37946 9 - 5
    0.8222 0.128887 6
    0.89939 0.179282 5
    1.02681 0.260474 4
    1.21487 0.151285 3
    2.37946 0.280072 0
  2.3854 13 - 1
    0.90533 1 5
  2.5 3 + 2
    1.14735 0.5 4
    1.72305 0.5 2
  2.699 5 - 2
    1.53441 0.5 3
    1.92205 0.5 2
  2.70439 11 - 4
    1.14713 0.739663 6
    1.22432 0.139793 5
    1.5398 0.090225 3
    2.70439 0.030318 0
  2.7626 1 + 1
    2.0135 1 1
  2.7673 9 - 4
    0.45472 0.02099 10
    1.28723 0.214802 5
    1.60271 0.264703 3
    2.7673 0.499505 0
  2.8285 3 - 3
    0.82659 0.377462 8
    0.9293 0.132387 7
    2.0794 0.490151 1
  2.8902 3 - 6
    0.51074 0.171017 11
    0.88829 0.279128 8
    0.991 0.10051 7
    1.53755 0.245625 4
    2.11325 0.142314 2
    2.1411 0.061406 1
  2.9081 5 - 1
    2.159 1 1
  2.911 7 - 4
    1.35374 0.581377 6
    1.55835 0.058138 4
    2.1619 0.110496 1
    2.911 0.24999 0
  2.9482 5 - 3
    1.049 0.3094 7
    1.39094 0.3597 6
    2.9482 0.3309 0
  2.97 3 + 2
    1.61735 0.5 4
    2.19305 0.5 2
  3.0017 5 - 1
    3.0017 1 0
  3.0044 3 + 2
    1.00249 0.5495 8
    2.2553 0.4505 1
  3.016 5 + 2
    2.2669 0.5 1
    3.016 0.5 0
  3.0186 11 - 4
    0.6332 0.1819 12
    1.53853 0.0625 5
    1.85401 0.1875 3
    3.0186 0.5681 0
  3.0559 1 - 3
    1.1567 0.221622 7
    2.27895 0.540554 2
    2.3068 0.237824 1
  3.10921 7 + 4
    1.1073 0.340093 8
    1.75656 0.030019 4
    1.94462 0.249995 3
    3.10921 0.379892 0
  3.1259 3 - 3
    1.12399 0.192319 8
    2.34895 0.258226 2
    2.3768 0.549455 1
  3.1348 3 - 2
    1.78215 0.939853 4
    3.1348 0.060147 0
  3.1807 17 - 1
    0.9252 1 9
  3.2041 5 - 1
    3.2041 1 0
  3.20722 7 - 5
    0.29622 0.00402 21
    1.64996 0.111101 6
    1.85457 0.197602 4
    2.04263 0.617506 3
    3.20722 0.069771 0
  3.2626 3 - 2
    2.5135 0.5814 1
    3.2626 0.4186 0
  3.2669 1 + 2
    1.78683 0.8621 5
    2.10231 0.1379 3
  3.34421 3 - 4
    0.43321 0.014151 21
    1.3423 0.292815 8
    1.78695 0.650733 6
    3.34421 0.042302 0
  3.3483 5 - 1
    2.5992 1 1
  3.3511 5 - 3
    1.4519 0.3298 7
    1.79384 0.3509 6
    1.99845 0.3193 4
  3.376 9 - 2
    2.02335 0.5 4
    2.21141 0.5 3
  3.4475 13 - 1
    1.192 1 9
  3.5784 11 + 1
    1.193 1 12
  3.59 15 - 2
    1.3345 0.5 9
    2.10993 0.5 5
  3.719 1 + 2
    1.8198 0.5 7
    2.9699 0.5 1
  3.7221 5 - 2
    2.16484 0.909918 6
    3.7221 0.090082 0
  3.759 9 - 2
    2.40635 0.5 4
    2.59441 0.5 3
  3.7668 3 - 2
    2.98985 0.4764 2
    3.0177 0.5236 1
  3.7705 1 - 3
    0.8624 0.033339 20
    2.99355 0.299988 2
    3.0214 0.666673 1
  3.8167 19 - 1
    0.636 1 32
  3.83137 9 - 4
    1.45191 0.040538 11
    2.27411 0.450482 6
    2.3513 0.189192 5
    3.83137 0.319787 0
  3.863 1 + 2
    1.9638 0.5 7
    3.1139 0.5 1
  3.8707 11 - 1
    2.70611 1 3
  3.897 7 + 2
    2.54435 0.5 4
    2.73241 0.5 3
  3.9003 5 + 2
    2.0011 0.074072 7
    3.9003 0.925928 0
  3.9275 5 + 3
    1.0373 0.389139 19
    2.44743 0.330733 5
    3.9275 0.280128 0
  3.9337 9 - 1
    2.76911 1 3
  3.947 1 + 2
    2.0478 0.5 7
    3.1979 0.5 1
  3.9532 5 + 3
    2.60055 0.3094 4
    3.2041 0.2422 1
    3.9532 0.4484 0
  3.9712 7 + 1
    0.8453 1 30
  3.9774 5 + 3
    2.42014 0.181318 6
    2.62475 0.518152 4
    3.2283 0.30053 1
  3.9848 5 + 4
    0.9831 0.309703 24
    1.98289 0.159302 8
    2.42754 0.088491 6
    3.9848 0.442504 0
  3.99 5 + 2
    3.2409 0.5 1
    3.99 0.5 0
  4.0052 7 - 2
    2.00329 0.5 8
    2.106 0.5 7
  4.0066 5 - 2
    2.44934 0.5 6
    4.0066 0.5 0
  4.0172 7 - 2
    3.2681 0.5 1
    4.0172 0.5 0
  4.02 9 - 1
    3.2709 1 1
  4.04 1 - 4
    0.9141 0.065481 30
    2.1408 0.131003 7
    3.26305 0.595212 2
    3.2909 0.208304 1
  4.056 1 + 2
    2.1568 0.3197 7
    2.70335 0.6803 4
  4.0712 5 + 3
    2.51394 0.333333 6
    3.3221 0.333333 1
    4.0712 0.333333 0
  4.099 9 + 2
    2.61893 0.5 5
    4.099 0.5 0
  4.1067 9 + 2
    1.105 0.4083 24
    2.94211 0.5917 3
  4.111 5 - 3
    1.3484 0.333333 16
    2.10909 0.333333 8
    3.3619 0.333333 1
  4.1191 3 + 1
    2.11719 1 8
  4.1367 1 - 2
    1.3741 0.1525 16
    2.78405 0.8475 4
  4.155 9 + 1
    4.155 1 0
  4.1615 7 - 2
    2.60424 0.3789 6
    2.99691 0.6211 3
  4.174 11 - 2
    2.69393 0.5 5
    4.174 0.5 0
  4.1817 5 + 1
    3.01711 1 3
  4.1892 5 + 1
    4.1892 1 0
  4.198 3 + 2
    2.84535 0.5 4
    3.42105 0.5 2
  4.214 15 - 2
    1.9585 0.5 9
    2.73393 0.5 5
  4.2392 11 - 1
    4.2392 1 0
  4.2542 9 + 1
    4.2542 1 0
  4.258 3 + 2
    2.90535 0.5 4
    3.48105 0.5 2
  4.273 3 - 1
    4.273 1 0
  4.2893 3 + 1
    3.51235 1 2
  4.318 3 + 2
    2.96535 0.5 4
    3.54105 0.5 2
  4.336 9 - 2
    2.98335 0.5 4
    3.17141 0.5 3
  4.3546 3 - 1
    1.592 1 16
  4.359 5 + 2
    3.6099 0.5 1
    4.359 0.5 0
  4.4056 1 + 1
    1.643 1 16
  4.426 3 + 2
    3.07335 0.5 4
    3.64905 0.5 2
  4.439 7 + 2
    3.08635 0.5 4
    3.27441 0.5 3
  4.451 3 + 2
    3.09835 0.5 4
    3.67405 0.5 2
  4.495 1 - 2
    3.14235 0.5 4
    3.71805 0.5 2
  4.508 7 + 2
    3.15535 0.5 4
    3.34341 0.5 3
  4.533 3 + 2
    3.18035 0.5 4
    3.75605 0.5 2
  4.552 1 + 2
    2.6528 0.5 7
    3.8029 0.5 1
  4.5609 7 + 1
    3.20825 1 4
  4.569 3 + 2
    3.21635 0.5 4
    3.79205 0.5 2
  4.577 1 + 2
    2.6778 0.5 7
    3.8279 0.5 1
  4.583 3 + 2
    3.23035 0.5 4
    3.80605 0.5 2
  4.609 1 + 2
    2.7098 0.5 7
    3.8599 0.5 1
  4.629 7 + 2
    3.27635 0.5 4
    3.46441 0.5 3
  4.637 3 + 3
    1.8085 0.162 18
    3.28435 0.1338 4
    3.86005 0.7042 2
  4.647 7 + 2
    3.29435 0.5 4
    3.48241 0.5 3
  4.668 5 + 2
    3.9189 0.5 1
    4.668 0.5 0
  4.6765 3 + 2
    3.32385 0.5 4
    3.89955 0.5 2
  4.684 1 + 2
    2.7848 0.5 7
    3.9349 0.5 1
  4.707 5 + 2
    3.9579 0.5 1
    4.707 0.5 0
  4.73 7 + 2
    3.37735 0.5 4
    3.56541 0.5 3
  4.742 3 + 2
    3.38935 0.5 4
    3.96505 0.5 2
  4.7696 1 + 2
    1.0028 0.218778 47
    4.0205 0.781222 1
  4.793 5 + 2
    4.0439 0.5 1
    4.793 0.5 0
  4.823 3 + 2
    3.47035 0.5 4
    4.04605 0.5 2
  4.8336 7 + 1
    4.8336 1 0
  4.849 5 + 2
    4.0999 0.5 1
    4.849 0.5 0
  4.874 3 - 2
    4.1249 0.5 1
    4.874 0.5 0
  4.916 1 + 2
    3.0168 0.5 7
    4.1669 0.5 1
  4.93 7 - 2
    4.1809 0.5 1
    4.93 0.5 0
  4.939 5 + 2
    4.1899 0.5 1
    4.939 0.5 0
  4.964 3 - 2
    4.2149 0.5 1
    4.964 0.5 0
  4.978 1 + 2
    3.0788 0.5 7
    4.2289 0.5 1
  4.997 5 - 2
    3.83241 0.5 3
    4.22005 0.5 2
  5.03 3 + 2
    3.67735 0.5 4
    4.25305 0.5 2
  5.053 7 - 2
    4.3039 0.5 1
    5.053 0.5 0
  5.078 1 + 2
    3.1788 0.5 7
    4.3289 0.5 1
  5.113 1 + 2
    3.2138 0.5 7
    4.3639 0.5 1
  5.1175 3 - 2
    4.3684 0.5 1
    5.1175 0.5 0
  5.121 5 - 2
    3.95641 0.5 3
    4.34405 0.5 2
  5.145 7 + 2
    3.79235 0.5 4
    3.98041 0.5 3
  5.155 3 - 2
    4.4059 0.5 1
    5.155 0.5 0
  5.177 5 + 2
    4.4279 0.5 1
    5.177 0.5 0
  5.203 3 - 2
    4.4539 0.5 1
    5.203 0.5 0
  5.2052 5 + 1
    3.306 1 7
  5.222 7 - 2
    4.4729 0.5 1
    5.222 0.5 0
  5.23 1 + 2
    3.3308 0.5 7
    4.4809 0.5 1
  5.2396 3 - 2
    4.4905 0.5 1
    5.2396 0.5 0
  5.249 5 + 2
    4.4999 0.5 1
    5.249 0.5 0
  5.265 7 - 2
    4.5159 0.5 1
    5.265 0.5 0
  5.27 3 + 2
    3.91735 0.5 4
    4.49305 0.5 2
  5.284 5 - 2
    4.11941 0.5 3
    4.50705 0.5 2
  5.306 1 + 2
    3.4068 0.5 7
    4.5569 0.5 1
  5.332 7 - 2
    4.5829 0.5 1
    5.332 0.5 0
  5.344 3 + 2
    3.99135 0.5 4
    4.56705 0.5 2
  5.346 5 - 2
    4.18141 0.5 3
    4.56905 0.5 2
  5.357 1 + 2
    3.4578 0.5 7
    4.6079 0.5 1
  5.395 3 - 2
    4.6459 0.5 1
    5.395 0.5 0
  5.409 5 + 2
    4.6599 0.5 1
    5.409 0.5 0
  5.42 7 - 2
    4.6709 0.5 1
    5.42 0.5 0
  5.447 3 + 2
    4.09435 0.5 4
    4.67005 0.5 2
  5.449 1 - 2
    4.09635 0.5 4
    4.67205 0.5 2
  5.455 5 + 2
    4.7059 0.5 1
    5.455 0.5 0
  5.464 9 - 2
    4.11135 0.5 4
    4.29941 0.5 3
  5.473 7 + 2
    4.12035 0.5 4
    4.30841 0.5 3
  5.495 3 - 2
    4.7459 0.5 1
    5.495 0.5 0
  5.532 5 + 2
    4.7829 0.5 1
    5.532 0.5 0
  5.537 1 - 2
    4.18435 0.5 4
    4.76005 0.5 2
  5.56 3 + 2
    4.20735 0.5 4
    4.78305 0.5 2
  5.563 21 - 1
    1.7463 1 49
  5.58 7 + 2
    4.22735 0.5 4
    4.41541 0.5 3
  5.605 5 - 2
    4.44041 0.5 3
    4.82805 0.5 2
  5.63 3 + 2
    4.27735 0.5 4
    4.85305 0.5 2
  5.656 1 - 2
    4.30335 0.5 4
    4.87905 0.5 2
  5.6682 9 + 3
    0.834599 0.4425 116
    1.1073 0.1991 99
    4.89125 0.3584 2
  5.699 5 - 2
    4.53441 0.5 3
    4.92205 0.5 2
  5.711 23 - 1
    1.8943 1 49
  5.718 3 + 2
    4.36535 0.5 4
    4.94105 0.5 2
  5.725 7 + 2
    4.37235 0.5 4
    4.56041 0.5 3
  5.741 1 - 2
    4.38835 0.5 4
    4.96405 0.5 2
  5.761 5 + 2
    5.0119 0.5 1
    5.761 0.5 0
  5.769 3 - 2
    5.0199 0.5 1
    5.769 0.5 0
  5.787 7 + 2
    4.43435 0.5 4
    4.62241 0.5 3
  5.812 5 - 2
    4.64741 0.5 3
    5.03505 0.5 2
  5.832 3 + 2
    4.47935 0.5 4
    5.05505 0.5 2
  5.85 1 - 2
    4.49735 0.5 4
    5.07305 0.5 2
  5.88 9 + 2
    4.39993 0.5 5
    5.88 0.5 0
  5.928 5 - 2
    4.76341 0.5 3
    5.15105 0.5 2
  5.943 3 + 2
    4.59035 0.5 4
    5.16605 0.5 2
  5.95 7 - 2
    5.2009 0.5 1
    5.95 0.5 0
  5.964 1 + 2
    4.0648 0.5 7
    5.2149 0.5 1
  5.97 5 - 2
    4.80541 0.5 3
    5.19305 0.5 2
  5.991 1 + 2
    4.0918 0.5 7
    5.2419 0.5 1
  6.034 3 - 2
    5.2849 0.5 1
    6.034 0.5 0
  6.075 7 + 2
    4.72235 0.5 4
    4.91041 0.5 3
  6.107 5 - 2
    4.94241 0.5 3
    5.33005 0.5 2
  6.122 3 + 2
    4.76935 0.5 4
    5.34505 0.5 2
  6.136 9 - 2
    4.78335 0.5 4
    4.97141 0.5 3
  6.157 3 + 2
    4.80435 0.5 4
    5.38005 0.5 2
  6.162 5 - 1
    2.3453 1 49
  6.184 1 + 2
    4.2848 0.5 7
    5.4349 0.5 1
  6.219 7 - 2
    5.4699 0.5 1
    6.219 0.5 0
  6.236 3 + 2
    4.88335 0.5 4
    5.45905 0.5 2
  6.254 1 + 2
    4.3548 0.5 7
    5.5049 0.5 1
  6.285 5 - 2
    5.12041 0.5 3
    5.50805 0.5 2
  6.306 7 - 2
    5.5569 0.5 1
    6.306 0.5 0
  6.332 9 + 2
    4.85193 0.5 5
    6.332 0.5 0
  6.36 1 + 2
    4.4608 0.5 7
    5.6109 0.5 1
  6.378 3 - 2
    5.6289 0.5 1
    6.378 0.5 0
  6.413 5 - 2
    5.24841 0.5 3
    5.63605 0.5 2
  6.438 1 + 2
    4.5388 0.5 7
    5.6889 0.5 1
  6.478 3 - 2
    5.7289 0.5 1
    6.478 0.5 0
  6.485 5 + 2
    5.7359 0.5 1
    6.485 0.5 0
  6.518 7 - 2
    5.7689 0.5 1
    6.518 0.5 0
  6.523 11 + 2
    4.14354 0.5 11
    5.35841 0.5 3
  6.564 3 - 2
    5.8149 0.5 1
    6.564 0.5 0
  6.604 5 + 2
    5.8549 0.5 1
    6.604 0.5 0
  6.611 7 - 2
    5.8619 0.5 1
    6.611 0.5 0
  6.66 13 + 2
    4.4045 0.5 9
    5.17993 0.5 5
  6.68 3 - 2
    5.9309 0.5 1
    6.68 0.5 0
  6.693 9 + 2
    5.21293 0.5 5
    6.693 0.5 0
  6.718 5 - 2
    5.55341 0.5 3
    5.94105 0.5 2
  6.723 3 + 2
    5.37035 0.5 4
    5.94605 0.5 2
  6.741 7 - 2
    5.9919 0.5 1
    6.741 0.5 0
  6.76 5 + 2
    6.0109 0.5 1
    6.76 0.5 0
  6.775 1 - 2
    5.42235 0.5 4
    5.99805 0.5 2
  6.803 3 + 2
    5.45035 0.5 4
    6.02605 0.5 2
  6.82 5 - 2
    5.65541 0.5 3
    6.04305 0.5 2
  6.866 9 + 2
    5.38593 0.5 5
    6.866 0.5 0
  6.879 7 - 2
    6.1299 0.5 1
    6.879 0.5 0
  6.894 3 + 1
    1.331 1 160
  6.896 1 - 2
    5.54335 0.5 4
    6.11905 0.5 2
  6.92 5 + 2
    6.1709 0.5 1
    6.92 0.5 0
  6.979 3 - 2
    6.2299 0.5 1
    6.979 0.5 0
  6.995 11 + 2
    4.61554 0.5 11
    5.83041 0.5 3
  7.018 1 + 2
    5.1188 0.5 7
    6.2689 0.5 1
  7.038 7 - 2
    6.2889 0.5 1
    7.038 0.5 0
  7.078 5 - 2
    5.91341 0.5 3
    6.30105 0.5 2
  7.088 3 + 2
    5.73535 0.5 4
    6.31105 0.5 2
  7.13 9 - 2
    5.77735 0.5 4
    5.96541 0.5 3
  7.141 5 + 2
    6.3919 0.5 1
    7.141 0.5 0
  7.167 7 - 2
    6.4179 0.5 1
    7.167 0.5 0
  7.2084 3 + 1
    5.20649 1 8
  7.24 1 - 2
    5.88735 0.5 4
    6.46305 0.5 2
  7.2479 5 + 2
    3.2767 0.3789 59
    3.8996 0.6211 38
  7.271 3 - 2
    6.5219 0.5 1
    7.271 0.5 0
  7.282 7 + 2
    5.92935 0.5 4
    6.11741 0.5 3
  7.302 1 + 2
    5.4028 0.5 7
    6.5529 0.5 1
  7.342 1 + 2
    5.4428 0.5 7
    6.5929 0.5 1
  7.388 5 - 2
    6.22341 0.5 3
    6.61105 0.5 2
  7.426 3 - 2
    6.6769 0.5 1
    7.426 0.5 0
  7.445 9 - 2
    6.09235 0.5 4
    6.28041 0.5 3
  7.479 5 + 2
    6.7299 0.5 1
    7.479 0.5 0
  7.504 3 - 2
    6.7549 0.5 1
    7.504 0.5 0
  7.555 7 + 2
    6.20235 0.5 4
    6.39041 0.5 3
  7.59 1 + 2
    5.6908 0.5 7
    6.8409 0.5 1
  7.628 5 - 2
    6.46341 0.5 3
    6.85105 0.5 2
  7.643 3 - 2
    6.8939 0.5 1
    7.643 0.5 0
  7.67 1 + 2
    5.7708 0.5 7
    6.9209 0.5 1
  7.689 7 - 2
    6.9399 0.5 1
    7.689 0.5 0
  7.703 11 + 2
    5.32354 0.5 11
    6.53841 0.5 3
  7.721 3 - 2
    6.9719 0.5 1
    7.721 0.5 0
  7.758 5 + 2
    7.0089 0.5 1
    7.758 0.5 0
  7.787 9 - 2
    6.43435 0.5 4
    6.62241 0.5 3
  7.818 3 + 2
    6.46535 0.5 4
    7.04105 0.5 2
  7.835 5 - 2
    6.67041 0.5 3
    7.05805 0.5 2
  7.856 7 + 2
    6.50335 0.5 4
    6.69141 0.5 3
  7.874 13 - 2
    5.49454 0.5 11
    6.70941 0.5 3
  7.901 1 + 2
    6.0018 0.5 7
    7.1519 0.5 1
  7.932 3 - 2
    7.1829 0.5 1
    7.932 0.5 0
  7.954 1 + 2
    6.0548 0.5 7
    7.2049 0.5 1
  8.003 1 + 2
    6.1038 0.5 7
    7.2539 0.5 1
  8.024 5 - 2
    6.85941 0.5 3
    7.24705 0.5 2
  8.047 1 + 2
    6.1478 0.5 7
    7.2979 0.5 1
  8.078 1 + 2
    6.1788 0.5 7
    7.3289 0.5 1
  8.124 3 - 2
    7.3749 0.5 1
    8.124 0.5 0
  8.42 1 + 2
    6.5208 0.5 7
    7.6709 0.5 1
  8.48 1 + 2
    6.5808 0.5 7
    7.7309 0.5 1
  8.485 5 - 1
    2.767 1 168
  9 7 - 2
    8.2509 0.5 1
    9 0.5 0
  9.22 1 + 2
    7.3208 0.5 7
    8.4709 0.5 1
  9.26163 1 + 18
    2.01373 0.008797 235
    2.05323 0.000977 233
    3.31163 0.000749 180
    3.59343 0.009774 165
    4.05643 0.001531 135
    4.49203 0.006842 113
    4.62463 0.012049 105
    4.97233 0.004561 86
    5.22163 0.025089 67
    5.49113 0.019219 48
    5.49483 0.021829 47
    6.13573 0.097735 30
    6.20573 0.002281 28
    6.37143 0.043328 19
    6.43313 0.001075 18
    7.36243 0.134894 7
    8.48468 0.283486 2
    8.51253 0.325784 1
  9.33 3 - 2
    8.5809 0.5 1
    9.33 0.5 0

24 52 294
  0 0 + 0
  1.43409 4 + 1
    1.43409 1 0
  2.36963 8 + 1
    0.93554 1 1
  2.6469 0 + 1
    1.21281 1 1
  2.76777 8 + 2
    0.39814 0.017329 2
    1.33368 0.98267 1
  2.96479 4 + 2
    1.5307 0.991081 1
    2.96479 0.008919 0
  3.11386 12 + 2
    0.34609 0.01082 4
    0.74423 0.98918 2
  3.16174 4 + 2
    1.72765 0.909091 1
    3.16174 0.090909 0
  3.41532 8 + 3
    0.64755 0.7969 4
    1.04569 0.1354 2
    1.98123 0.0677 1
  3.47225 6 + 2
    0.70448 0.7813 4
    2.03816 0.2187 1
  3.61593 10 + 4
    0.20061 0.009962 8
    0.50207 0.02694 6
    0.84816 0.424799 4
    1.2463 0.538299 2
  3.7396 4 + 2
    2.30551 0.5 1
    3.7396 0.5 0
  3.77172 4 + 2
    2.33763 0.7937 1
    3.77172 0.2063 0
  3.9485 4 + 1
    3.9485 1 0
  4.01551 10 + 5
    0.39958 0.175702 10
    0.60019 0.374104 8
    0.90165 0.04225 6
    1.24774 0.362704 4
    1.64588 0.04524 2
  4.0392 8 + 1
    0.56695 1 9
  4.1 6 - 2
    1.73037 0.5 2
    2.66591 0.5 1
  4.47 6 - 2
    2.10037 0.5 2
    3.03591 0.5 1
  4.563 6 - 2
    0.79128 0.5 12
    3.12891 0.5 1
  4.611 2 - 2
    3.17691 0.5 1
    4.611 0.5 0
  4.62732 8 + 1
    2.25769 1 2
  4.702 4 + 2
    3.26791 0.5 1
    4.702 0.5 0
  4.73 8 + 2
    2.36037 0.5 2
    3.29591 0.5 1
  4.7423 4 + 2
    3.30821 0.5 1
    4.7423 0.5 0
  4.75032 16 + 1
    1.63646 1 6
  4.8001 2 - 2
    3.36601 0.5 1
    4.8001 0.5 0
  4.80619 12 + 3
    0.79068 0.6897 14
    1.19026 0.1517 10
    1.69233 0.1586 6
  4.8157 2 - 2
    3.38161 0.5 1
    4.8157 0.5 0
  4.8413 2 - 2
    3.40721 0.5 1
    4.8413 0.5 0
  4.951 8 + 2
    2.58137 0.5 2
    3.51691 0.5 1
  5.0543 8 + 2
    2.68467 0.5 2
    3.62021 0.5 1
  5.0974 4 + 1
    3.66331 1 1
  5.139 12 + 2
    2.37123 0.5 4
    2.76937 0.5 2
  5.211 2 - 2
    3.77691 0.5 1
    5.211 0.5 0
  5.285 8 - 2
    1.66907 0.5 10
    1.81275 0.5 9
  5.346 6 - 2
    2.97637 0.5 2
    3.91191 0.5 1
  5.397 14 + 2
    0.59081 0.8681 26
    1.38149 0.1319 14
  5.41 4 + 2
    3.97591 0.5 1
    5.41 0.5 0
  5.425 8 + 2
    3.05537 0.5 2
    3.99091 0.5 1
  5.432 2 - 2
    3.99791 0.5 1
    5.432 0.5 0
  5.4464 8 + 2
    3.07677 0.5 2
    4.01231 0.5 1
  5.4908 6 - 2
    3.12117 0.5 2
    4.05671 0.5 1
  5.5 6 - 2
    3.13037 0.5 2
    4.06591 0.5 1
  5.541 8 + 2
    3.17137 0.5 2
    4.10691 0.5 1
  5.5444 2 + 1
    5.5444 1 0
  5.5635 2 + 2
    0.0191 0.5 44
    2.09125 0.5 9
  5.584 6 + 2
    1.96807 0.5 10
    2.11175 0.5 9
  5.6 0 + 2
    4.16591 0.5 1
    5.6 0.5 0
  5.6644 4 + 2
    4.23031 0.5 1
    5.6644 0.5 0
  5.7253 2 + 2
    0.1809 0.5 44
    2.25305 0.5 9
  5.7375 8 + 2
    3.36787 0.5 2
    4.30341 0.5 1
  5.755 6 - 2
    3.38537 0.5 2
    4.32091 0.5 1
  5.796 2 - 2
    4.36191 0.5 1
    5.796 0.5 0
  5.811 4 - 2
    0.526 0.5 34
    2.33875 0.5 9
  5.818 6 - 2
    3.44837 0.5 2
    4.38391 0.5 1
  5.8248 16 + 1
    0.4278 1 36
  5.8605 2 - 2
    4.42641 0.5 1
    5.8605 0.5 0
  5.865 4 - 2
    0.58 0.5 34
    2.39275 0.5 9
  5.873 6 - 2
    3.50337 0.5 2
    4.43891 0.5 1
  5.891 0 - 2
    0.3275 0.5 45
    0.3466 0.5 44
  5.919 2 - 2
    4.48491 0.5 1
    5.919 0.5 0
  5.953 4 + 2
    4.51891 0.5 1
    5.953 0.5 0
  5.96 4 - 2
    0.675001 0.5 34
    2.48775 0.5 9
  5.996 6 - 2
    3.62637 0.5 2
    4.56191 0.5 1
  6.026 2 + 2
    0.4816 0.5 44
    2.55375 0.5 9
  6.0353 10 - 2
    3.26753 0.5 4
    3.66567 0.5 2
  6.055 4 + 2
    4.62091 0.5 1
    6.055 0.5 0
  6.065 0 - 2
    0.5015 0.5 45
    0.5206 0.5 44
  6.106 0 + 2
    4.67191 0.5 1
    6.106 0.5 0
  6.1367 4 + 1
    6.1367 1 0
  6.153 4 + 2
    4.71891 0.5 1
    6.153 0.5 0
  6.164 6 - 2
    3.79437 0.5 2
    4.72991 0.5 1
  6.175 4 + 2
    4.74091 0.5 1
    6.175 0.5 0
  6.193 2 + 2
    0.6486 0.5 44
    2.72075 0.5 9
  6.2054 2 - 2
    4.77131 0.5 1
    6.2054 0.5 0
  6.21 6 - 2
    3.84037 0.5 2
    4.77591 0.5 1
  6.22 2 - 2
    4.78591 0.5 1
    6.22 0.5 0
  6.233 6 + 2
    2.61707 0.5 10
    2.76075 0.5 9
  6.243 6 - 2
    3.87337 0.5 2
    4.80891 0.5 1
  6.252 10 - 2
    3.48423 0.5 4
    3.88237 0.5 2
  6.272 2 - 2
    4.83791 0.5 1
    6.272 0.5 0
  6.293 4 - 2
    1.008 0.5 34
    2.82075 0.5 9
  6.324 0 - 2
    0.7605 0.5 45
    0.7796 0.5 44
  6.349 2 + 2
    0.8046 0.5 44
    2.87675 0.5 9
  6.3653 4 - 1
    1.61498 1 24
  6.3754 6 - 2
    4.00577 0.5 2
    4.94131 0.5 1
  6.3895 2 + 2
    0.8451 0.5 44
    2.91725 0.5 9
  6.392 6 - 2
    4.02237 0.5 2
    4.95791 0.5 1
  6.426 4 - 2
    1.141 0.5 34
    2.95375 0.5 9
  6.437 10 - 2
    3.66923 0.5 4
    4.06737 0.5 2
  6.4534 18 + 3
    0.6286 0.2175 55
    1.0564 0.1615 36
    1.70308 0.621 24
  6.4596 4 - 2
    1.1746 0.5 34
    2.98735 0.5 9
  6.482 2 - 2
    5.04791 0.5 1
    6.482 0.5 0
  6.4938 4 + 2
    5.05971 0.5 1
    6.4938 0.5 0
  6.541 0 - 2
    0.9775 0.5 45
    0.9966 0.5 44
  6.568 6 - 2
    4.19837 0.5 2
    5.13391 0.5 1
  6.58 6 - 2
    4.21037 0.5 2
    5.14591 0.5 1
  6.637 2 - 2
    5.20291 0.5 1
    6.637 0.5 0
  6.678 4 + 2
    5.24391 0.5 1
    6.678 0.5 0
  6.7 2 - 2
    5.26591 0.5 1
    6.7 0.5 0
  6.704 10 - 2
    3.93623 0.5 4
    4.33437 0.5 2
  6.76 0 + 2
    5.32591 0.5 1
    6.76 0.5 0
  6.7954 6 - 2
    4.42577 0.5 2
    5.36131 0.5 1
  6.81 4 + 2
    5.37591 0.5 1
    6.81 0.5 0
  6.871 10 - 2
    4.10323 0.5 4
    4.50137 0.5 2
  6.894 2 + 2
    1.3496 0.5 44
    3.42175 0.5 9
  6.928 4 + 2
    5.49391 0.5 1
    6.928 0.5 0
  6.956 6 - 2
    4.58637 0.5 2
    5.52191 0.5 1
  6.993 6 - 2
    4.62337 0.5 2
    5.55891 0.5 1
  7.03 2 + 2
    1.4856 0.5 44
    3.55775 0.5 9
  7.08 4 + 2
    5.64591 0.5 1
    7.08 0.5 0
  7.1 6 - 2
    4.73037 0.5 2
    5.66591 0.5 1
  7.14 8 + 2
    4.77037 0.5 2
    5.70591 0.5 1
  7.17 2 + 2
    1.6256 0.5 44
    3.69775 0.5 9
  7.217 4 + 2
    5.78291 0.5 1
    7.217 0.5 0
  7.223 0 + 2
    5.78891 0.5 1
    7.223 0.5 0
  7.2379 20 + 1
    0.7845 1 90
  7.26 2 + 2
    1.7156 0.5 44
    3.78775 0.5 9
  7.278 8 + 2
    4.90837 0.5 2
    5.84391 0.5 1
  7.31 4 + 2
    5.87591 0.5 1
    7.31 0.5 0
  7.322 4 + 2
    5.88791 0.5 1
    7.322 0.5 0
  7.342 2 + 2
    1.7976 0.5 44
    3.86975 0.5 9
  7.359 6 + 2
    3.74307 0.5 10
    3.88675 0.5 9
  7.376 10 - 2
    4.60823 0.5 4
    5.00637 0.5 2
  7.395 0 + 2
    5.96091 0.5 1
    7.395 0.5 0
  7.409 6 - 2
    5.03937 0.5 2
    5.97491 0.5 1
  7.45 4 - 2
    2.165 0.5 34
    3.97775 0.5 9
  7.458 2 - 2
    6.02391 0.5 1
    7.458 0.5 0
  7.482 6 - 2
    5.11237 0.5 2
    6.04791 0.5 1
  7.487 8 + 2
    5.11737 0.5 2
    6.05291 0.5 1
  7.524 2 + 2
    1.9796 0.5 44
    4.05175 0.5 9
  7.56 4 + 2
    6.12591 0.5 1
    7.56 0.5 0
  7.585 6 - 2
    5.21537 0.5 2
    6.15091 0.5 1
  7.59 4 + 2
    6.15591 0.5 1
    7.59 0.5 0
  7.679 2 - 2
    6.24491 0.5 1
    7.679 0.5 0
  7.7 2 + 2
    2.1556 0.5 44
    4.22775 0.5 9
  7.73 2 + 2
    2.1856 0.5 44
    4.25775 0.5 9
  7.738 6 - 2
    5.36837 0.5 2
    6.30391 0.5 1
  7.75 4 + 2
    6.31591 0.5 1
    7.75 0.5 0
  7.76 8 + 2
    5.39037 0.5 2
    6.32591 0.5 1
  7.81 0 - 2
    2.2465 0.5 45
    2.2656 0.5 44
  7.82 2 + 2
    2.2756 0.5 44
    4.34775 0.5 9
  7.823 6 - 2
    5.45337 0.5 2
    6.38891 0.5 1
  7.854 4 + 2
    6.41991 0.5 1
    7.854 0.5 0
  7.893 8 + 2
    5.52337 0.5 2
    6.45891 0.5 1
  7.896 2 - 2
    6.46191 0.5 1
    7.896 0.5 0
  7.9 6 - 2
    5.53037 0.5 2
    6.46591 0.5 1
  7.92 4 + 2
    6.48591 0.5 1
    7.92 0.5 0
  7.93 0 + 2
    6.49591 0.5 1
    7.93 0.5 0
  7.967 6 - 2
    5.59737 0.5 2
    6.53291 0.5 1
  8.01 4 + 2
    6.57591 0.5 1
    8.01 0.5 0
  8.022 4 + 2
    6.58791 0.5 1
    8.022 0.5 0
  8.083 10 + 2
    4.46707 0.5 10
    4.61075 0.5 9
  8.087 6 - 2
    5.71737 0.5 2
    6.65291 0.5 1
  8.1 16 - 2
    1.6466 0.5 90
    2.703 0.5 36
  8.121 8 + 2
    5.75137 0.5 2
    6.68691 0.5 1
  8.181 4 + 2
    6.74691 0.5 1
    8.181 0.5 0
  8.19 2 - 2
    6.75591 0.5 1
    8.19 0.5 0
  8.213 0 + 2
    6.77891 0.5 1
    8.213 0.5 0
  8.2165 22 - 1
    0.9786 1 116
  8.234 4 - 2
    2.949 0.5 34
    4.76175 0.5 9
  8.25 8 + 2
    5.88037 0.5 2
    6.81591 0.5 1
  8.281 6 - 2
    5.91137 0.5 2
    6.84691 0.5 1
  8.283 2 + 2
    2.7386 0.5 44
    4.81075 0.5 9
  8.337 8 + 2
    5.96737 0.5 2
    6.90291 0.5 1
  8.35 4 + 2
    6.91591 0.5 1
    8.35 0.5 0
  8.374 6 - 2
    6.00437 0.5 2
    6.93991 0.5 1
  8.39 2 + 2
    2.8456 0.5 44
    4.91775 0.5 9
  8.412 4 + 2
    6.97791 0.5 1
    8.412 0.5 0
  8.42 12 - 2
    4.40449 0.5 14
    4.80407 0.5 10
  8.451 10 + 2
    4.83507 0.5 10
    4.97875 0.5 9
  8.457 6 - 2
    6.08737 0.5 2
    7.02291 0.5 1
  8.505 6 - 2
    6.13537 0.5 2
    7.07091 0.5 1
  8.569 0 + 2
    7.13491 0.5 1
    8.569 0.5 0
  8.6 6 - 2
    6.23037 0.5 2
    7.16591 0.5 1
  8.617 2 - 2
    7.18291 0.5 1
    8.617 0.5 0
  8.679 6 - 2
    6.30937 0.5 2
    7.24491 0.5 1
  8.71 4 + 2
    7.27591 0.5 1
    8.71 0.5 0
  8.728 6 - 2
    6.35837 0.5 2
    7.29391 0.5 1
  8.778 6 - 2
    6.40837 0.5 2
    7.34391 0.5 1
  8.79 4 - 2
    3.505 0.5 34
    5.31775 0.5 9
  8.827 2 - 2
    7.39291 0.5 1
    8.827 0.5 0
  8.86 4 - 2
    3.575 0.5 34
    5.38775 0.5 9
  8.89 2 - 2
    7.45591 0.5 1
    8.89 0.5 0
  8.94 8 - 2
    5.32407 0.5 10
    5.46775 0.5 9
  9.004 2 + 2
    3.4596 0.5 44
    5.53175 0.5 9
  9.05 4 - 2
    3.765 0.5 34
    5.57775 0.5 9
  9.08 16 - 2
    2.6266 0.5 90
    3.683 0.5 36
  9.1427 2 + 2
    3.5983 0.5 44
    5.67045 0.5 9
  9.2 10 - 2
    6.43223 0.5 4
    6.83037 0.5 2
  9.214 2 + 2
    3.6696 0.5 44
    5.74175 0.5 9
  9.245 0 + 2
    7.81091 0.5 1
    9.245 0.5 0
  9.32 2 + 2
    3.7756 0.5 44
    5.84775 0.5 9
  9.37 4 - 2
    4.085 0.5 34
    5.89775 0.5 9
  9.42 2 + 2
    3.8756 0.5 44
    5.94775 0.5 9
  9.44 6 - 2
    7.07037 0.5 2
    8.00591 0.5 1
  9.45 16 - 2
    2.9966 0.5 90
    4.053 0.5 36
  9.47 4 + 2
    8.03591 0.5 1
    9.47 0.5 0
  9.58 0 + 2
    8.14591 0.5 1
    9.58 0.5 0
  9.612 2 + 2
    4.0676 0.5 44
    6.13975 0.5 9
  9.66 16 - 2
    3.2066 0.5 90
    4.263 0.5 36
  9.724 2 + 2
    4.1796 0.5 44
    6.25175 0.5 9
  9.787 2 - 2
    8.35291 0.5 1
    9.787 0.5 0
  9.83 2 + 2
    4.2856 0.5 44
    6.35775 0.5 9
  9.878 2 + 2
    4.3336 0.5 44
    6.40575 0.5 9
  9.91 16 - 2
    3.4566 0.5 90
    4.513 0.5 36
  9.981 4 - 2
    4.696 0.5 34
    6.50875 0.5 9
  10.008 2 + 2
    4.4636 0.5 44
    6.53575 0.5 9
  10.11 16 - 2
    3.6566 0.5 90
    4.713 0.5 36
  10.13 8 - 2
    6.51407 0.5 10
    6.65775 0.5 9
  10.18 4 - 2
    4.895 0.5 34
    6.70775 0.5 9
  10.24 2 - 2
    8.80591 0.5 1
    10.24 0.5 0
  10.27 4 - 2
    4.985 0.5 34
    6.79775 0.5 9
  10.3 8 - 2
    6.68407 0.5 10
    6.82775 0.5 9
  10.33 12 - 2
    6.31449 0.5 14
    6.71407 0.5 10
  10.34 2 - 2
    8.90591 0.5 1
    10.34 0.5 0
  10.38 2 + 2
    4.8356 0.5 44
    6.90775 0.5 9
  10.433 2 + 2
    4.8886 0.5 44
    6.96075 0.5 9
  10.464 2 + 2
    4.9196 0.5 44
    6.99175 0.5 9
  10.5 2 - 2
    9.06591 0.5 1
    10.5 0.5 0
  10.51 4 - 2
    5.225 0.5 34
    7.03775 0.5 9
  10.604 2 + 2
    5.0596 0.5 44
    7.13175 0.5 9
  10.71 2 - 2
    9.27591 0.5 1
    10.71 0.5 0
  10.76 4 - 2
    5.475 0.5 34
    7.28775 0.5 9
  10.79 2 + 2
    5.2456 0.5 44
    7.31775 0.5 9
  10.8 6 - 2
    8.43037 0.5 2
    9.36591 0.5 1
  10.82 8 - 2
    7.20407 0.5 10
    7.34775 0.5 9
  10.927 4 - 2
    5.642 0.5 34
    7.45475 0.5 9
  10.97 0 + 2
    9.53591 0.5 1
    10.97 0.5 0
  11 16 - 2
    4.5466 0.5 90
    5.603 0.5 36
  11.07 2 - 2
    9.63591 0.5 1
    11.07 0.5 0
  11.14 0 + 2
    9.70591 0.5 1
    11.14 0.5 0
  11.16 6 - 2
    8.79037 0.5 2
    9.72591 0.5 1
  11.17 16 - 2
    4.7166 0.5 90
    5.773 0.5 36
  11.229 4 - 2
    5.944 0.5 34
    7.75675 0.5 9
  11.2565 4 - 2
    8.29171 0.5405 5
    8.48873 0.4595 4
  11.2649 6 + 5
    7.84958 0.186594 8
    8.15104 0.119596 6
    8.49713 0.052628 4
    8.89527 0.478486 2
    9.83081 0.162695 1
  11.27 16 - 2
    4.8166 0.5 90
    5.873 0.5 36
  11.2746 10 + 9
    4.4792 0.18 102
    4.8992 0.06 85
    5.0692 0.09 74
    5.2393 0.05 65
    5.5493 0.25 49
    7.25909 0.15 14
    7.3261 0.06 13
    7.85928 0.02 8
    8.90497 0.14 2
  11.2911 8 - 1
    9.85701 1 1
  11.33 4 - 2
    6.045 0.5 34
    7.85775 0.5 9
  11.37 16 - 2
    4.9166 0.5 90
    5.973 0.5 36
  11.4 8 + 6
    5.8365 0.252115 45
    5.9536 0.119807 40
    7.78407 0.107406 10
    7.98468 0.086785 8
    8.28614 0.020661 6
    9.03037 0.413225 2
  11.402 6 - 2
    9.03237 0.5 2
    9.96791 0.5 1
  11.51 4 - 2
    6.225 0.5 34
    8.03775 0.5 9
  11.55 16 - 2
    5.0966 0.5 90
    6.153 0.5 36
  11.57 6 + 2
    7.95407 0.5 10
    8.09775 0.5 9
  11.61 4 + 2
    10.1759 0.5 1
    11.61 0.5 0
  11.656 6 + 2
    8.04007 0.5 10
    8.18375 0.5 9
  11.66 16 - 2
    5.2066 0.5 90
    6.263 0.5 36
  11.6918 4 + 12
    5.3023 0.088468 86
    6.0274 0.061659 48
    6.2454 0.142097 40
    6.6375 0.034849 30
    6.9495 0.099198 23
    8.21955 0.080428 9
    8.27648 0.01877 8
    8.53006 0.034849 7
    8.72701 0.072389 5
    8.92403 0.026809 4
    9.32217 0.072389 2
    10.2577 0.268095 1
  11.713 8 - 2
    8.09707 0.5 10
    8.24075 0.5 9
  11.725 6 + 2
    8.10907 0.5 10
    8.25275 0.5 9
  11.745 4 - 2
    6.46 0.5 34
    8.27275 0.5 9
  11.765 8 + 2
    9.39537 0.5 2
    10.3309 0.5 1
  11.77 16 - 2
    5.3166 0.5 90
    6.373 0.5 36
  11.78 4 + 2
    10.3459 0.5 1
    11.78 0.5 0
  11.837 6 - 2
    9.46737 0.5 2
    10.4029 0.5 1
  11.88 16 - 2
    5.4266 0.5 90
    6.483 0.5 36
  11.96 16 - 2
    5.5066 0.5 90
    6.563 0.5 36
  12.0348 16 - 9
    6.4713 0.05164 45
    6.5884 0.05164 40
    7.40748 0.1127 20
    8.56255 0.03991 9
    8.61948 0.2347 8
    9.07001 0.03991 5
    9.26703 0.1737 4
    9.66517 0.1831 2
    10.6007 0.1127 1
  12.0418 6 + 9
    6.5954 0.110489 40
    7.23561 0.049995 26
    8.56955 0.121088 9
    8.62648 0.049995 8
    8.88006 0.163184 7
    9.07701 0.018418 5
    9.27403 0.081572 4
    9.67217 0.263174 2
    10.6077 0.142086 1
  12.05 4 - 2
    6.765 0.5 34
    8.57775 0.5 9
  12.0999 8 + 13
    6.2394 0.087441 56
    6.3624 0.087441 50
    6.6535 0.067261 40
    7.0025 0.02915 31
    7.47258 0.067261 20
    8.0607 0.067261 15
    8.08439 0.02915 14
    8.1514 0.04933 13
    8.48397 0.058301 10
    8.62765 0.03812 9
    8.68458 0.116601 8
    9.33213 0.078481 4
    9.73027 0.224202 2
  12.13 0 + 2
    10.6959 0.5 1
    12.13 0.5 0
  12.24 12 - 2
    8.22449 0.5 14
    8.62407 0.5 10
  12.26 4 + 2
    10.8259 0.5 1
    12.26 0.5 0
  12.5 6 - 2
    10.1304 0.5 2
    11.0659 0.5 1
  12.56 2 + 2
    7.0156 0.5 44
    9.08775 0.5 9
  12.665 6 + 2
    9.04907 0.5 10
    9.19275 0.5 9
  12.73 16 - 2
    6.2766 0.5 90
    7.333 0.5 36
  12.734 14 + 2
    8.71849 0.5 14
    9.11807 0.5 10
  12.7948 8 + 2
    9.17887 0.4475 10
    10.4252 0.5525 2
  12.9 2 + 2
    7.3556 0.5 44
    9.42775 0.5 9
  12.977 4 - 2
    7.692 0.5 34
    9.50475 0.5 9
  12.994 4 + 2
    11.5599 0.5 1
    12.994 0.5 0
  13.038 0 + 2
    11.6039 0.5 1
    13.038 0.5 0
  13.22 16 - 2
    6.7666 0.5 90
    7.823 0.5 36
  13.319 4 - 2
    8.034 0.5 34
    9.84675 0.5 9
  13.393 12 - 2
    9.37749 0.5 14
    9.77707 0.5 10
  13.419 0 + 2
    11.9849 0.5 1
    13.419 0.5 0
  13.57 12 - 2
    9.55449 0.5 14
    9.95407 0.5 10
  13.58 6 + 2
    9.96407 0.5 10
    10.1078 0.5 9
  13.63 0 + 2
    12.1959 0.5 1
    13.63 0.5 0
  13.71 12 - 2
    9.69449 0.5 14
    10.0941 0.5 10
  13.95 4 - 2
    8.665 0.5 34
    10.4778 0.5 9
  14.03 12 - 2
    10.0145 0.5 14
    10.4141 0.5 10
  14.11 4 + 2
    12.6759 0.5 1
    14.11 0.5 0
  14.34 12 - 2
    10.3245 0.5 14
    10.7241 0.5 10
  14.43 16 - 2
    7.9766 0.5 90
    9.033 0.5 36
  15.27 12 - 2
    11.2545 0.5 14
    11.6541 0.5 10
  15.482 16 - 2
    9.0286 0.5 90
    10.085 0.5 36
  16.4 12 - 2
    12.3845 0.5 14
    12.7841 0.5 10
  16.69 16 - 2
    10.2366 0.5 90
    11.293 0.5 36

24 53 179
  0 3 - 0
  0.56403 1 - 1
    0.56403 1 0
  1.00627 5 - 2
    0.44224 0.004288 1
    1.00627 0.995712 0
  1.28952 7 - 2
    0.28325 0.0567 2
    1.28952 0.9433 0
  1.53662 7 - 3
    0.2471 0.260192 3
    0.53035 0.648981 2
    1.53662 0.090827 0
  1.97366 5 - 2
    0.68414 0.1597 3
    1.97366 0.8403 0
  2.17233 11 - 1
    0.88281 1 3
  2.23316 9 - 1
    0.69654 1 4
  2.32071 3 - 1
    2.32071 1 0
  2.4531 9 - 2
    1.16358 0.4012 3
    1.44683 0.5988 2
  2.462 3 - 2
    1.17248 0.5 3
    2.462 0.5 0
  2.6565 7 - 3
    1.36698 0.267116 3
    1.65023 0.684941 2
    2.6565 0.047943 0
  2.6699 1 - 2
    2.10587 0.4012 1
    2.6699 0.5988 0
  2.70587 11 - 1
    0.53354 1 6
  2.7085 3 - 4
    0.73484 0.1383 5
    1.70223 0.2903 2
    2.14447 0.4608 1
    2.7085 0.1106 0
  2.723 1 - 2
    1.71673 0.5 2
    2.15897 0.5 1
  2.771 7 - 1
    1.48148 1 3
  2.8265 11 - 1
    0.59334 1 7
  2.9925 7 - 2
    1.70298 0.5814 3
    1.98623 0.4186 2
  3.08411 15 - 2
    0.37824 0.00697 13
    0.91178 0.99303 6
  3.1371 5 + 1
    1.84758 1 3
  3.1721 1 - 1
    3.1721 1 0
  3.18005 3 - 4
    1.89053 0.1 3
    2.17378 0.15 2
    2.61602 0.5 1
    3.18005 0.25 0
  3.24358 13 - 2
    0.15947 0.5 19
    1.07125 0.5 6
  3.26214 5 + 3
    1.72552 0.2 4
    2.25587 0.2286 2
    3.26214 0.5714 0
  3.351 5 - 2
    2.34473 0.5 2
    2.78697 0.5 1
  3.3817 9 - 1
    1.84508 1 4
  3.4346 7 - 1
    2.14508 1 3
  3.5924 13 - 1
    0.7659 1 17
  3.595 3 - 2
    2.30548 0.5 3
    3.595 0.5 0
  3.61651 1 - 1
    3.61651 1 0
  3.6955 7 - 1
    3.6955 1 0
  3.7065 9 + 1
    2.41698 1 3
  3.781 5 + 2
    2.49148 0.5 3
    3.781 0.5 0
  3.838 3 + 2
    2.83173 0.5 2
    3.27397 0.5 1
  3.9711 5 + 1
    3.40707 1 1
  3.9852 3 + 2
    3.42117 0.7519 1
    3.9852 0.2481 0
  4.046 5 + 2
    2.75648 0.5 3
    4.046 0.5 0
  4.073 3 + 2
    3.06673 0.5 2
    3.50897 0.5 1
  4.128 1 + 2
    1.80729 0.5 8
    4.128 0.5 0
  4.1351 5 + 3
    1.81439 0.4608 8
    3.12883 0.3687 2
    4.1351 0.1705 0
  4.171 3 + 2
    3.16473 0.5 2
    3.60697 0.5 1
  4.1866 5 + 2
    2.89708 0.5 3
    4.1866 0.5 0
  4.204 1 + 2
    1.88329 0.5 8
    4.204 0.5 0
  4.2305 3 + 2
    2.94098 0.1597 3
    3.22423 0.8403 2
  4.2364 17 - 1
    0.99282 1 23
  4.286 5 + 2
    2.99648 0.5 3
    4.286 0.5 0
  4.2937 7 + 2
    2.32004 0.5 5
    3.28743 0.5 2
  4.317 3 + 2
    3.31073 0.5 2
    3.75297 0.5 1
  4.331 1 + 2
    2.01029 0.5 8
    4.331 0.5 0
  4.3467 17 + 1
    1.10312 1 23
  4.3498 15 - 1
    0.7574 1 28
  4.3616 5 + 1
    3.07208 1 3
  4.39 3 + 2
    3.38373 0.5 2
    3.82597 0.5 1
  4.427 1 + 2
    2.10629 0.5 8
    4.427 0.5 0
  4.453 7 + 2
    2.47934 0.5 5
    3.44673 0.5 2
  4.484 1 + 2
    2.16329 0.5 8
    4.484 0.5 0
  4.5 5 + 2
    3.21048 0.5 3
    4.5 0.5 0
  4.522 3 + 2
    3.51573 0.5 2
    3.95797 0.5 1
  4.5316 9 + 2
    2.99498 0.5 4
    3.24208 0.5 3
  4.551 5 + 2
    3.26148 0.5 3
    4.551 0.5 0
  4.57 3 + 2
    3.56373 0.5 2
    4.00597 0.5 1
  4.61 7 + 2
    2.63634 0.5 5
    3.60373 0.5 2
  4.642 5 + 2
    3.35248 0.5 3
    4.642 0.5 0
  4.661 3 - 2
    3.37148 0.5 3
    4.661 0.5 0
  4.675 9 + 2
    3.13838 0.5 4
    3.38548 0.5 3
  4.69 1 + 2
    2.36929 0.5 8
    4.69 0.5 0
  4.69691 19 - 1
    1.6128 1 19
  4.71 7 - 2
    3.42048 0.5 3
    4.71 0.5 0
  4.745 5 + 2
    3.45548 0.5 3
    4.745 0.5 0
  4.79 3 - 2
    3.50048 0.5 3
    4.79 0.5 0
  4.804 5 + 2
    3.51448 0.5 3
    4.804 0.5 0
  4.815 3 - 2
    3.52548 0.5 3
    4.815 0.5 0
  4.85 7 + 2
    2.87634 0.5 5
    3.84373 0.5 2
  4.884 1 - 2
    3.87773 0.5 2
    4.31997 0.5 1
  4.906 3 + 2
    3.89973 0.5 2
    4.34197 0.5 1
  4.929 5 - 2
    3.92273 0.5 2
    4.36497 0.5 1
  4.967 9 + 2
    3.43038 0.5 4
    3.67748 0.5 3
  5.0014 17 - 3
    0.6516 0.01716 51
    1.75782 0.02955 23
    1.91729 0.95329 19
  5.047 7 + 2
    3.07334 0.5 5
    4.04073 0.5 2
  5.093 1 - 2
    4.08673 0.5 2
    4.52897 0.5 1
  5.123 3 + 2
    4.11673 0.5 2
    4.55897 0.5 1
  5.14 5 - 2
    4.13373 0.5 2
    4.57597 0.5 1
  5.174 3 + 2
    4.16773 0.5 2
    4.60997 0.5 1
  5.208 5 - 2
    4.20173 0.5 2
    4.64397 0.5 1
  5.225 7 + 2
    3.25134 0.5 5
    4.21873 0.5 2
  5.2589 21 + 1
    0.9122 1 50
  5.265 1 - 2
    4.25873 0.5 2
    4.70097 0.5 1
  5.274 3 - 2
    3.98448 0.5 3
    5.274 0.5 0
  5.31 5 + 2
    4.02048 0.5 3
    5.31 0.5 0
  5.33 9 - 2
    3.35634 0.5 5
    4.32373 0.5 2
  5.397 7 + 2
    3.42334 0.5 5
    4.39073 0.5 2
  5.42 1 - 2
    4.41373 0.5 2
    4.85597 0.5 1
  5.452 3 + 2
    4.44573 0.5 2
    4.88797 0.5 1
  5.471 5 - 2
    4.46473 0.5 2
    4.90697 0.5 1
  5.514 3 + 2
    4.50773 0.5 2
    4.94997 0.5 1
  5.5392 21 - 2
    0.84229 0.4012 67
    1.0076 0.5988 59
  5.557 7 + 2
    3.58334 0.5 5
    4.55073 0.5 2
  5.584 5 - 2
    4.57773 0.5 2
    5.01997 0.5 1
  5.596 1 + 2
    3.27529 0.5 8
    5.596 0.5 0
  5.624 3 - 2
    4.33448 0.5 3
    5.624 0.5 0
  5.674 9 + 2
    4.13738 0.5 4
    4.38448 0.5 3
  5.701 5 - 2
    4.69473 0.5 2
    5.13697 0.5 1
  5.736 7 + 2
    3.76234 0.5 5
    4.72973 0.5 2
  5.75 1 - 2
    4.74373 0.5 2
    5.18597 0.5 1
  5.805 3 + 2
    4.79873 0.5 2
    5.24097 0.5 1
  5.843 5 - 2
    4.83673 0.5 2
    5.27897 0.5 1
  5.862 11 + 2
    3.4089 0.5 9
    3.62884 0.5 7
  5.877 3 - 2
    4.58748 0.5 3
    5.877 0.5 0
  5.9 7 + 2
    3.92634 0.5 5
    4.89373 0.5 2
  5.937 1 - 2
    4.93073 0.5 2
    5.37297 0.5 1
  5.951 5 + 2
    4.66148 0.5 3
    5.951 0.5 0
  5.962 3 - 2
    4.67248 0.5 3
    5.962 0.5 0
  5.976 9 + 2
    4.43938 0.5 4
    4.68648 0.5 3
  6.009 21 - 1
    1.0076 1 78
  6.039 5 + 2
    4.74948 0.5 3
    6.039 0.5 0
  6.068 7 - 2
    4.77848 0.5 3
    6.068 0.5 0
  6.114 3 + 2
    5.10773 0.5 2
    5.54997 0.5 1
  6.135 1 - 2
    5.12873 0.5 2
    5.57097 0.5 1
  6.154 5 + 2
    4.86448 0.5 3
    6.154 0.5 0
  6.18 3 - 2
    4.89048 0.5 3
    6.18 0.5 0
  6.216 7 + 2
    4.24234 0.5 5
    5.20973 0.5 2
  6.231 1 + 2
    3.91029 0.5 8
    6.231 0.5 0
  6.258 5 - 2
    5.25173 0.5 2
    5.69397 0.5 1
  6.305 1 + 2
    3.98429 0.5 8
    6.305 0.5 0
  6.335 3 - 2
    5.04548 0.5 3
    6.335 0.5 0
  6.37 9 - 2
    4.39634 0.5 5
    5.36373 0.5 2
  6.387 5 + 2
    5.09748 0.5 3
    6.387 0.5 0
  6.415 7 - 2
    5.12548 0.5 3
    6.415 0.5 0
  6.43 3 + 2
    5.42373 0.5 2
    5.86597 0.5 1
  6.445 11 - 2
    4.90838 0.5 4
    5.15548 0.5 3
  6.46 5 + 2
    5.17048 0.5 3
    6.46 0.5 0
  6.495 3 - 2
    5.20548 0.5 3
    6.495 0.5 0
  6.524 7 + 2
    4.55034 0.5 5
    5.51773 0.5 2
  6.55 1 - 2
    5.54373 0.5 2
    5.98597 0.5 1
  6.575 9 + 2
    5.03838 0.5 4
    5.28548 0.5 3
  6.6 5 - 2
    5.59373 0.5 2
    6.03597 0.5 1
  6.63 3 + 2
    5.62373 0.5 2
    6.06597 0.5 1
  6.665 1 + 2
    4.34429 0.5 8
    6.665 0.5 0
  6.7 1 + 2
    4.37929 0.5 8
    6.7 0.5 0
  6.735 5 - 2
    5.72873 0.5 2
    6.17097 0.5 1
  6.781 3 - 2
    5.49148 0.5 3
    6.781 0.5 0
  6.8 7 - 2
    5.51048 0.5 3
    6.8 0.5 0
  6.831 1 + 2
    4.51029 0.5 8
    6.831 0.5 0
  6.873 5 - 2
    5.86673 0.5 2
    6.30897 0.5 1
  6.896 3 + 2
    5.88973 0.5 2
    6.33197 0.5 1
  6.927 7 - 2
    5.63748 0.5 3
    6.927 0.5 0
  6.94445 23 - 1
    2.24754 1 67
  6.961 1 + 2
    4.64029 0.5 8
    6.961 0.5 0
  7.004 3 + 2
    5.99773 0.5 2
    6.43997 0.5 1
  7.025 5 - 2
    6.01873 0.5 2
    6.46097 0.5 1
  7.056 9 + 2
    5.51938 0.5 4
    5.76648 0.5 3
  7.08 7 - 2
    5.79048 0.5 3
    7.08 0.5 0
  7.12 3 + 2
    6.11373 0.5 2
    6.55597 0.5 1
  7.14 5 - 2
    6.13373 0.5 2
    6.57597 0.5 1
  7.167 1 + 2
    4.84629 0.5 8
    7.167 0.5 0
  7.225 3 - 2
    5.93548 0.5 3
    7.225 0.5 0
  7.288 5 + 2
    5.99848 0.5 3
    7.288 0.5 0
  7.3 7 - 2
    6.01048 0.5 3
    7.3 0.5 0
  7.321 9 + 2
    5.78438 0.5 4
    6.03148 0.5 3
  7.385 3 - 2
    6.09548 0.5 3
    7.385 0.5 0
  7.44 5 + 2
    6.15048 0.5 3
    7.44 0.5 0
  7.484 11 - 2
    5.94738 0.5 4
    6.19448 0.5 3
  7.5 7 + 2
    5.52634 0.5 5
    6.49373 0.5 2
  7.542 3 - 2
    6.25248 0.5 3
    7.542 0.5 0
  7.5669 21 - 1
    2.86999 1 67
  7.573 5 + 2
    6.28348 0.5 3
    7.573 0.5 0
  7.605 3 + 2
    6.59873 0.5 2
    7.04097 0.5 1
  7.6137 25 - 1
    1.6047 1 114
  7.619 5 + 2
    6.32948 0.5 3
    7.619 0.5 0
  7.6953 9 - 1
    0.75085 1 147
  7.93912 3 - 12
    3.64542 0.033147 47
    3.75252 0.068134 42
    4.32261 0.033147 30
    4.67698 0.152886 24
    4.75907 0.082863 22
    5.23062 0.069974 14
    5.26922 0.036827 12
    5.61841 0.042356 8
    5.96546 0.11049 5
    6.93285 0.099441 2
    7.37509 0.086552 1
    7.93912 0.184183 0
  9.2988 23 - 2
    1.6035 0.047619 170
    1.7319 0.952381 165
  9.4581 25 - 1
    3.9189 1 96
  10.1108 27 - 2
    2.4155 0.4152 170
    3.16635 0.5848 147
  10.65 7 - 2
    9.36048 0.5 3
    10.65 0.5 0
  11.2912 25 - 1
    1.9924 1 172
  12.52 1 + 2
    10.1993 0.5 8
    12.52 0.5 0
  12.59 5 + 2
    11.3005 0.5 3
    12.59 0.5 0

24 54 138
  0 0 + 0
  0.834855 4 + 1
    0.834855 1 0
  1.82393 8 + 1
    0.989075 1 1
  2.61968 4 + 2
    1.78482 0.958771 1
    2.61968 0.041229 0
  2.82962 0 + 1
    1.99476 1 1
  3.07407 4 + 2
    2.23921 0.98922 1
    3.07407 0.01078 0
  3.15957 8 + 2
    1.33564 0.5319 2
    2.32471 0.4681 1
  3.22245 12 + 1
    1.39852 1 2
  3.39341 4 - 2
    2.55855 0.6329 1
    3.39341 0.3671 0
  3.43688 4 + 2
    0.8172 0.029129 3
    2.60202 0.970871 1
  3.468 2 - 2
    2.63314 0.5 1
    3.468 0.5 0
  3.514 6 - 2
    1.69007 0.5 2
    2.67914 0.5 1
  3.65523 8 + 1
    1.8313 1 2
  3.72003 4 + 3
    0.89041 0.086627 4
    1.10035 0.125996 3
    3.72003 0.787376 0
  3.78571 10 + 3
    0.56326 0.282003 7
    0.62614 0.04699 6
    1.96178 0.671007 2
  3.79854 8 + 3
    0.63897 0.3102 6
    1.97461 0.3875 2
    2.96368 0.3023 1
  3.86102 4 + 2
    1.24134 0.625 3
    3.02616 0.375 1
  3.8704 4 + 2
    1.25072 0.5 3
    3.03554 0.5 1
  3.92555 4 - 2
    0.20552 0.1458 13
    3.09069 0.8542 1
  3.92769 4 + 1
    3.92769 1 0
  3.98742 4 + 1
    0.59401 1 8
  4.0129 0 + 1
    3.17805 1 1
  4.0433 10 + 2
    0.82085 0.8439 7
    2.21937 0.1561 2
  4.08325 4 + 5
    0.64637 0.033921 9
    0.92368 0.122502 6
    1.00918 0.02076 5
    1.46357 0.130803 3
    2.25932 0.692014 2
  4.126 4 + 1
    1.05193 1 5
  4.12705 6 - 2
    1.50737 0.3151 3
    3.29219 0.6849 1
  4.1908 4 + 2
    3.35595 0.5 1
    4.1908 0.5 0
  4.21751 4 + 3
    1.59783 0.1239 3
    2.39358 0.4174 2
    3.38265 0.4587 1
  4.2391 4 + 2
    1.61942 0.5 3
    3.40424 0.5 1
  4.2564 4 + 2
    3.42155 0.5 1
    4.2564 0.5 0
  4.38095 2 - 1
    3.5461 1 1
  4.451 8 + 1
    2.62707 1 2
  4.4584 4 + 1
    4.4584 1 0
  4.5708 6 - 1
    2.74687 1 2
  4.583 0 + 2
    3.74815 0.5 1
    4.583 0.5 0
  4.618 2 - 2
    3.78315 0.5 1
    4.618 0.5 0
  4.6336 4 + 1
    1.80398 1 4
  4.6815 16 + 1
    1.45905 1 7
  4.687 2 - 2
    3.85215 0.5 1
    4.687 0.5 0
  4.74 6 - 2
    2.91607 0.5 2
    3.90515 0.5 1
  4.8447 4 - 1
    4.00984 1 1
  4.865 2 - 2
    4.03015 0.5 1
    4.865 0.5 0
  4.87236 6 - 6
    0.74531 0.035939 25
    0.94467 0.01765 19
    0.94681 0.029629 18
    1.43548 0.137497 9
    1.79829 0.148797 5
    4.87236 0.630487 0
  4.921 2 - 2
    4.08615 0.5 1
    4.921 0.5 0
  4.936 6 - 2
    3.11207 0.5 2
    4.10114 0.5 1
  4.997 2 - 2
    4.16214 0.5 1
    4.997 0.5 0
  5.017 6 - 2
    3.19307 0.5 2
    4.18215 0.5 1
  5.026 2 - 2
    4.19114 0.5 1
    5.026 0.5 0
  5.062 8 + 2
    3.23807 0.5 2
    4.22715 0.5 1
  5.0858 14 - 1
    1.0425 1 22
  5.1136 4 + 2
    4.27874 0.5 1
    5.1136 0.5 0
  5.156 6 - 2
    3.33207 0.5 2
    4.32114 0.5 1
  5.18962 4 + 1
    1.10637 1 23
  5.191 2 - 2
    4.35614 0.5 1
    5.191 0.5 0
  5.215 6 - 2
    3.39107 0.5 2
    4.38014 0.5 1
  5.22656 4 + 2
    0.84561 0.8065 30
    2.06699 0.1935 6
  5.26846 4 + 3
    1.34077 0.342897 19
    1.83158 0.085709 9
    4.43361 0.571394 1
  5.275 4 + 2
    4.44015 0.5 1
    5.275 0.5 0
  5.2913 6 + 2
    4.45644 0.5 1
    5.2913 0.5 0
  5.29423 2 - 3
    2.46461 0.1307 4
    2.67455 0.3011 3
    4.45937 0.5682 1
  5.321 2 - 2
    4.48614 0.5 1
    5.321 0.5 0
  5.3457 4 - 1
    4.51084 1 1
  5.3639 14 + 4
    0.2781 0.017479 49
    0.6824 0.602852 37
    1.3206 0.150688 22
    2.14145 0.228982 7
  5.387 6 - 2
    3.56307 0.5 2
    4.55214 0.5 1
  5.458 4 + 2
    4.62315 0.5 1
    5.458 0.5 0
  5.498 2 - 2
    4.66315 0.5 1
    5.498 0.5 0
  5.557 8 + 2
    3.73307 0.5 2
    4.72215 0.5 1
  5.58694 6 - 4
    1.45989 0.088354 25
    1.50369 0.132507 23
    2.96726 0.377519 3
    4.75209 0.40162 1
  5.67 2 - 2
    4.83514 0.5 1
    5.67 0.5 0
  5.698 10 - 2
    2.53843 0.5 6
    3.87407 0.5 2
  5.74 6 - 2
    3.91607 0.5 2
    4.90515 0.5 1
  5.7979 14 - 2
    1.1109 0.1863 38
    2.57545 0.8137 7
  5.8215 2 - 1
    2.10147 1 13
  5.8564 0 - 1
    5.02154 1 1
  5.893 8 + 2
    4.06907 0.5 2
    5.05814 0.5 1
  5.935 2 - 2
    5.10014 0.5 1
    5.935 0.5 0
  5.981 6 - 2
    4.15707 0.5 2
    5.14614 0.5 1
  6.113 2 - 2
    5.27815 0.5 1
    6.113 0.5 0
  6.12 6 - 2
    4.29607 0.5 2
    5.28514 0.5 1
  6.14231 8 - 2
    0.84808 0.6173 59
    2.7489 0.3827 8
  6.193 0 - 2
    2.26745 0.5 18
    2.79959 0.5 8
  6.212 10 - 2
    3.05243 0.5 6
    4.38807 0.5 2
  6.255 2 + 2
    2.32945 0.5 18
    2.86159 0.5 8
  6.289 6 - 2
    4.46507 0.5 2
    5.45415 0.5 1
  6.31639 8 + 1
    2.23314 1 23
  6.35 2 - 2
    5.51514 0.5 1
    6.35 0.5 0
  6.374 6 + 2
    2.58829 0.5 14
    2.98059 0.5 8
  6.391 0 - 2
    2.46545 0.5 18
    2.99759 0.5 8
  6.421 10 + 2
    2.3777 0.5 22
    2.63529 0.5 14
  6.4462 18 - 1
    1.3604 1 49
  6.51 2 + 2
    2.58445 0.5 18
    3.11659 0.5 8
  6.525 6 - 2
    4.70107 0.5 2
    5.69015 0.5 1
  6.556 8 + 2
    4.73207 0.5 2
    5.72114 0.5 1
  6.585 2 - 2
    5.75015 0.5 1
    6.585 0.5 0
  6.6178 18 + 2
    1.2539 0.6803 62
    1.9363 0.3197 37
  6.633 6 - 2
    4.80907 0.5 2
    5.79814 0.5 1
  6.658 0 + 2
    5.82315 0.5 1
    6.658 0.5 0
  6.678 8 - 2
    2.89229 0.5 14
    3.28459 0.5 8
  6.699 2 + 2
    2.77345 0.5 18
    3.30559 0.5 8
  6.7241 20 + 1
    2.0426 1 37
  6.743 6 - 2
    4.91907 0.5 2
    5.90815 0.5 1
  6.78 12 - 2
    2.7367 0.5 22
    2.99429 0.5 14
  6.814 2 + 2
    2.88845 0.5 18
    3.42059 0.5 8
  6.831 10 - 2
    3.67143 0.5 6
    5.00707 0.5 2
  6.875 6 + 2
    3.08929 0.5 14
    3.48159 0.5 8
  6.899 8 - 2
    3.11329 0.5 14
    3.50559 0.5 8
  6.941 2 + 2
    3.01545 0.5 18
    3.54759 0.5 8
  6.96 0 - 2
    3.03445 0.5 18
    3.56659 0.5 8
  6.991 6 + 2
    3.20529 0.5 14
    3.59759 0.5 8
  7.05 2 - 2
    6.21514 0.5 1
    7.05 0.5 0
  7.084 8 + 2
    5.26007 0.5 2
    6.24914 0.5 1
  7.103 4 - 2
    3.17745 0.5 18
    3.70959 0.5 8
  7.127 6 + 2
    3.34129 0.5 14
    3.73359 0.5 8
  7.159 10 - 2
    3.99943 0.5 6
    5.33507 0.5 2
  7.174 2 + 2
    3.24845 0.5 18
    3.78059 0.5 8
  7.199 4 - 2
    3.27345 0.5 18
    3.80559 0.5 8
  7.2353 18 + 3
    0.6175 0.224 94
    1.8714 0.376 62
    2.5538 0.4 37
  7.2921 18 - 3
    1.4942 0.3481 71
    1.9282 0.1546 62
    2.6106 0.4973 37
  7.37 6 + 2
    3.58429 0.5 14
    3.97659 0.5 8
  7.4 0 - 2
    3.47445 0.5 18
    4.00659 0.5 8
  7.59 4 - 2
    3.66445 0.5 18
    4.19659 0.5 8
  7.85 2 + 2
    3.92445 0.5 18
    4.45659 0.5 8
  7.895 20 + 1
    3.2135 1 37
  8.2369 22 + 2
    1.5128 0.1274 99
    1.6191 0.8726 94
  8.3 8 - 2
    4.51429 0.5 14
    4.90659 0.5 8
  8.5 4 - 2
    4.57445 0.5 18
    5.10659 0.5 8
  8.8254 24 + 1
    2.1013 1 99
  8.8591 20 - 1
    1.567 1 117
  8.99 6 + 2
    5.20429 0.5 14
    5.59659 0.5 8
  9.1544 22 - 2
    1.9191 0.2908 116
    2.4303 0.7092 99
  9.3 2 + 2
    5.37445 0.5 18
    5.90659 0.5 8
  9.42 4 + 2
    8.58515 0.5 1
    9.42 0.5 0
  9.6344 24 + 1
    2.9103 1 99
  9.9718 26 + 1
    1.7349 1 123
  10.5516 22 + 1
    3.8275 1 99
  11.1159 22 - 1
    2.2568 1 127
  11.7859 30 + 1
    1.8141 1 133
  12.5399 26 - 1
    3.3855 1 129

24 55 111
  0 3 - 0
  0.24191 1 - 1
    0.24191 1 0
  0.5177 5 - 1
    0.5177 1 0
  0.56591 3 - 2
    0.324 0.1151 1
    0.56591 0.8849 0
  0.88071 5 - 3
    0.3148 0.049349 3
    0.36301 0.070478 2
    0.88071 0.880174 0
  1.131 9 + 1
    0.6133 1 2
  1.21475 5 - 3
    0.33404 0.272997 4
    0.69705 0.077909 2
    1.21475 0.649094 0
  1.43882 9 - 2
    0.22407 0.1864 6
    0.92112 0.8136 2
  1.4742 1 - 3
    0.90829 0.502275 3
    1.23229 0.055747 1
    1.4742 0.441978 0
  1.47903 7 - 1
    0.96133 1 2
  2.008 5 + 2
    1.44209 0.5 3
    2.008 0.5 0
  2.08385 3 - 2
    1.84194 0.3671 1
    2.08385 0.6329 0
  2.0861 9 + 2
    0.60707 0.5814 9
    0.87135 0.4186 6
  2.26924 1 + 2
    1.70333 0.5 3
    2.26924 0.5 0
  2.3142 9 - 1
    0.83517 1 9
  2.32 3 - 2
    1.75409 0.5 3
    2.32 0.5 0
  2.355 7 + 2
    1.47429 0.5 4
    1.8373 0.5 2
  2.3904 11 - 1
    0.95158 1 7
  2.545 7 - 2
    1.97909 0.5 3
    2.545 0.5 0
  2.596 7 - 2
    2.03009 0.5 3
    2.596 0.5 0
  2.68699 3 - 3
    2.12108 0.2038 3
    2.44508 0.2038 1
    2.68699 0.5924 0
  2.71 3 - 2
    2.14409 0.5 3
    2.71 0.5 0
  2.75549 13 - 3
    0.36509 0.315109 17
    0.44129 0.042471 14
    1.31667 0.642419 7
  2.874 5 + 2
    2.30809 0.5 3
    2.874 0.5 0
  2.88036 13 + 2
    0.48996 0.3507 17
    0.79426 0.6493 12
  2.89454 1 - 3
    2.32863 0.1823 3
    2.65263 0.2969 1
    2.89454 0.5208 0
  2.9887 13 - 1
    0.5983 1 17
  3.009 5 + 2
    2.44309 0.5 3
    3.009 0.5 0
  3.017 1 - 2
    2.4993 0.5 2
    2.77509 0.5 1
  3.114 3 + 2
    2.5963 0.5 2
    2.87209 0.5 1
  3.145 5 - 2
    2.6273 0.5 2
    2.90309 0.5 1
  3.1826 13 - 1
    1.74378 1 7
  3.2 7 + 2
    2.31929 0.5 4
    2.6823 0.5 2
  3.294 3 + 2
    2.7763 0.5 2
    3.05209 0.5 1
  3.30622 15 + 2
    0.55073 0.8 22
    0.91582 0.2 17
  3.351 5 + 2
    2.78509 0.5 3
    3.351 0.5 0
  3.519 7 + 2
    2.63829 0.5 4
    3.0013 0.5 2
  3.574 3 - 2
    3.00809 0.5 3
    3.574 0.5 0
  3.631 1 + 2
    3.06509 0.5 3
    3.631 0.5 0
  3.696 5 + 2
    3.13009 0.5 3
    3.696 0.5 0
  3.8 3 + 2
    3.2823 0.5 2
    3.55809 0.5 1
  3.81 7 + 2
    2.92929 0.5 4
    3.2923 0.5 2
  3.828 5 + 2
    3.26209 0.5 3
    3.828 0.5 0
  3.852 1 + 2
    3.28609 0.5 3
    3.852 0.5 0
  3.902 3 + 2
    3.3843 0.5 2
    3.66009 0.5 1
  3.938 11 + 2
    1.6238 0.5 14
    2.49918 0.5 7
  4.001 5 + 2
    3.43509 0.5 3
    4.001 0.5 0
  4.0054 17 + 1
    1.12504 1 24
  4.04425 1 + 2
    3.47834 0.2248 3
    4.04425 0.7752 0
  4.059 7 - 2
    3.49309 0.5 3
    4.059 0.5 0
  4.142 3 - 2
    3.57609 0.5 3
    4.142 0.5 0
  4.1516 17 - 2
    0.84538 0.4681 34
    1.39611 0.5319 22
  4.181 5 + 2
    3.61509 0.5 3
    4.181 0.5 0
  4.276 3 + 2
    3.7583 0.5 2
    4.03409 0.5 1
  4.308 7 - 2
    3.74209 0.5 3
    4.308 0.5 0
  4.382 1 + 2
    3.81609 0.5 3
    4.382 0.5 0
  4.418 5 - 2
    3.9003 0.5 2
    4.17609 0.5 1
  4.466 9 + 2
    2.98697 0.5 9
    3.335 0.5 5
  4.517 3 - 2
    3.95109 0.5 3
    4.517 0.5 0
  4.545 5 + 2
    3.97909 0.5 3
    4.545 0.5 0
  4.571 7 - 2
    4.00509 0.5 3
    4.571 0.5 0
  4.607 3 + 2
    4.0893 0.5 2
    4.36509 0.5 1
  4.631 1 - 2
    4.1133 0.5 2
    4.38909 0.5 1
  4.646 5 + 2
    4.08009 0.5 3
    4.646 0.5 0
  4.663 9 - 2
    3.78229 0.5 4
    4.1453 0.5 2
  4.734 3 + 2
    4.2163 0.5 2
    4.49209 0.5 1
  4.739 1 + 2
    4.17309 0.5 3
    4.739 0.5 0
  4.767 7 - 2
    4.20109 0.5 3
    4.767 0.5 0
  4.854 5 - 2
    4.3363 0.5 2
    4.61209 0.5 1
  4.869 3 + 2
    4.3513 0.5 2
    4.62709 0.5 1
  4.9 11 - 2
    3.42097 0.5 9
    3.769 0.5 5
  4.95 7 + 2
    4.06929 0.5 4
    4.4323 0.5 2
  4.962 5 - 2
    4.4443 0.5 2
    4.72009 0.5 1
  5.016 3 + 2
    4.4983 0.5 2
    4.77409 0.5 1
  5.049 1 - 2
    4.5313 0.5 2
    4.80709 0.5 1
  5.07 9 + 2
    3.59097 0.5 9
    3.939 0.5 5
  5.093 5 - 2
    4.5753 0.5 2
    4.85109 0.5 1
  5.118 3 + 2
    4.6003 0.5 2
    4.87609 0.5 1
  5.154 7 - 2
    4.58809 0.5 3
    5.154 0.5 0
  5.157 1 + 2
    4.59109 0.5 3
    5.157 0.5 0
  5.199 5 - 2
    4.6813 0.5 2
    4.95709 0.5 1
  5.245 3 + 2
    4.7273 0.5 2
    5.00309 0.5 1
  5.264 7 - 2
    4.69809 0.5 3
    5.264 0.5 0
  5.295 9 + 2
    3.81597 0.5 9
    4.164 0.5 5
  5.327 5 - 2
    4.8093 0.5 2
    5.08509 0.5 1
  5.352 3 + 2
    4.8343 0.5 2
    5.11009 0.5 1
  5.433 1 - 2
    4.9153 0.5 2
    5.19109 0.5 1
  5.455 5 + 2
    4.88909 0.5 3
    5.455 0.5 0
  5.489 3 - 2
    4.92309 0.5 3
    5.489 0.5 0
  5.515 7 + 2
    4.63429 0.5 4
    4.9973 0.5 2
  5.575 11 - 2
    4.09597 0.5 9
    4.444 0.5 5
  5.615 1 + 2
    5.04909 0.5 3
    5.615 0.5 0
  5.6486 21 + 1
    1.6432 1 47
  5.668 3 - 2
    5.10209 0.5 3
    5.668 0.5 0
  5.719 5 - 2
    5.2013 0.5 2
    5.47709 0.5 1
  5.75 7 + 2
    4.86929 0.5 4
    5.2323 0.5 2
  5.806 9 - 2
    4.92529 0.5 4
    5.2883 0.5 2
  5.82 3 + 2
    5.3023 0.5 2
    5.57809 0.5 1
  5.858 5 - 2
    5.3403 0.5 2
    5.61609 0.5 1
  5.885 1 + 2
    5.31909 0.5 3
    5.885 0.5 0
  5.956 3 - 2
    5.39009 0.5 3
    5.956 0.5 0
  5.98 5 + 2
    5.41409 0.5 3
    5.98 0.5 0
  6 7 - 2
    5.43409 0.5 3
    6 0.5 0
  6.068 1 + 2
    5.50209 0.5 3
    6.068 0.5 0
  6.136 3 - 2
    5.57009 0.5 3
    6.136 0.5 0
  6.164 5 + 2
    5.59809 0.5 3
    6.164 0.5 0
  6.306 9 - 2
    5.42529 0.5 4
    5.7883 0.5 2
  6.556 7 + 2
    5.67529 0.5 4
    6.0383 0.5 2
  6.583 3 - 2
    6.01709 0.5 3
    6.583 0.5 0
  6.644 5 + 2
    6.07809 0.5 3
    6.644 0.5 0
  7.4333 25 + 1
    1.7847 1 92

24 56 37
  0 0 + 0
  1.00661 4 + 1
    1.00661 1 0
  1.6745 0 + 1
    0.66789 1 1
  1.8316 4 + 2
    0.82499 0.8475 1
    1.8316 0.1525 0
  2.0766 4 + 1
    1.06999 1 1
  2.3268 4 + 1
    1.32019 1 1
  2.6817 8 + 1
    0.8501 1 3
  3.165 4 - 1
    2.15839 1 1
  3.252 8 + 1
    1.1754 1 4
  3.402 2 - 2
    2.39539 0.5 1
    3.402 0.5 0
  3.451 6 - 2
    1.6194 0.5 3
    2.44439 0.5 1
  3.509 4 + 2
    2.50239 0.5 1
    3.509 0.5 0
  3.648 2 - 2
    2.64139 0.5 1
    3.648 0.5 0
  3.675 6 - 2
    1.8434 0.5 3
    2.66839 0.5 1
  3.794 6 - 2
    1.9624 0.5 3
    2.78739 0.5 1
  3.819 2 - 2
    2.81239 0.5 1
    3.819 0.5 0
  3.897 0 + 2
    2.89039 0.5 1
    3.897 0.5 0
  3.916 10 - 2
    0.664 0.5 8
    1.2343 0.5 6
  4.014 2 - 2
    3.00739 0.5 1
    4.014 0.5 0
  4.112 6 - 2
    2.2804 0.5 3
    3.10539 0.5 1
  4.175 12 + 2
    0.923 0.5 8
    1.4933 0.5 6
  4.247 8 - 1
    1.082 1 7
  4.284 2 + 1
    1.119 1 7
  4.349 6 - 2
    2.5174 0.5 3
    3.34239 0.5 1
  4.4489 10 + 1
    1.1969 1 8
  4.631 2 - 2
    3.62439 0.5 1
    4.631 0.5 0
  4.678 4 + 2
    3.67139 0.5 1
    4.678 0.5 0
  4.8 6 - 2
    2.9684 0.5 3
    3.79339 0.5 1
  4.848 8 + 2
    3.0164 0.5 3
    3.84139 0.5 1
  4.892 14 - 2
    0.717 0.5 20
    0.976 0.5 17
  4.924 4 + 2
    3.91739 0.5 1
    4.924 0.5 0
  4.989 2 - 2
    3.98239 0.5 1
    4.989 0.5 0
  5.06 6 + 2
    0.813 0.5 21
    1.895 0.5 7
  5.121 6 - 2
    3.2894 0.5 3
    4.11439 0.5 1
  5.6033 4 + 1
    1.1544 1 24
  6.15 8 - 2
    1.903 0.5 21
    2.985 0.5 7
  7.23 2 + 2
    2.946 0.5 22
    4.065 0.5 7

24 57 23
  0 3 - 0
  0.26787 5 - 1
    0.26787 1 0
  0.69269 5 - 2
    0.42482 0.1982 1
    0.69269 0.8018 0
  0.94179 7 - 3
    0.2491 0.3224 2
    0.67392 0.1495 1
    0.94179 0.5281 0
  1.50691 9 + 1
    0.56512 1 3
  1.58113 9 - 2
    0.63934 0.7813 3
    1.31326 0.2187 1
  1.5852 1 - 1
    0.89251 1 2
  1.8581 9 - 2
    1.16541 0.3789 2
    1.59023 0.6211 1
  2.09814 11 - 3
    0.24004 0.053115 7
    0.51701 0.383335 5
    1.15635 0.563551 3
  2.3445 13 + 1
    0.83759 1 4
  2.6116 13 - 2
    0.51346 0.4319 8
    1.03047 0.5681 5
  3.3776 3 + 1
    1.27946 1 8
  3.5004 17 + 1
    1.1559 1 9
  3.5554 15 - 1
    0.9438 1 10
  4.1364 3 + 1
    0.7588 1 11
  4.827 7 + 1
    1.3266 1 12
  4.8564 5 + 1
    0.72 1 14
  4.9201 1 + 1
    1.3647 1 13
  5.0186 21 + 1
    1.5182 1 12
  6.8147 25 + 1
    1.7961 1 18
  8.8444 29 + 1
    2.0297 1 19
  10.972 33 + 1
    2.1276 1 20
  12.95 37 + 1
    1.978 1 21

24 58 14
  0 0 + 0
  0.8807 4 + 1
    0.8807 1 0
  1.9386 8 + 1
    1.0579 1 1
  2.9818 8 + 1
    1.0432 1 2
  3.2193 12 + 1
    1.2807 1 2
  3.2561 2 + 1
    1.3175 1 2
  3.311 10 - 1
    1.3724 1 2
  3.6177 6 - 1
    1.6791 1 2
  3.7151 12 - 1
    0.4041 1 6
  3.9548 4 - 1
    2.0162 1 2
  3.9812 2 - 1
    0.7619 1 4
  4.1854 14 - 3
    0.4703 0.1786 8
    0.8744 0.4694 6
    0.9661 0.352 4
  4.6702 16 - 2
    0.4848 0.1229 11
    0.9551 0.8771 8
  4.6797 16 + 1
    1.4604 1 4

24 59 4
  0 1 - 0
  0.208 3 - 1
    0.208 1 0
  0.31 5 - 1
    0.102 1 1
  0.503 9 + 1
    0.193 1 2

24 60 2
  0 0 + 0
  0.646 4 + 1
    0.646 1 0

24 61 5
  0 5 - 0
  0.097 1 - 1
    0.097 1 0
  0.31 3 - 1
    0.213 1 1
  0.45 7 - 2
    0.353 0.5 1
    0.45 0.5 0
  1.027 9 - 3
    0.717 0.333333 2
    0.93 0.333333 1
    1.027 0.333333 0

24 62 3
  0 0 + 0
  0.446 4 + 1
    0.446 1 0
  1.175 8 + 1
    0.729 1 1

24 63 1
  0 1 - 0

24 64 3
  0 0 + 0
  0.42 4 + 1
    0.42 1 0
  1.131 8 + 1
    0.711 1 1

24 65 1
  0 1 - 0

24 66 1
  0 0 + 0

24 68 1
  0 0 + 0

