55 112 1
  0 2 + 0

55 113 1
  0 3 + 0

55 114 1
  0 2 + 0

55 115 1
  0 3 + 0

55 116 2
  0 2 + 0
  0.1 0 + 1
    0.1 1 0

55 117 34
  0 9 + 0
  0.2311 11 + 1
    0.2311 1 0
  0.3 3 + 1
    0.3 1 0
  0.3452 7 + 1
    0.0452 1 2
  0.4894 13 + 2
    0.2583 0.8614 1
    0.4894 0.1386 0
  0.7722 15 + 2
    0.2828 0.8098 4
    0.5411 0.1902 1
  0.7808 11 + 1
    0.4356 1 3
  1.0779 17 + 2
    0.3057 0.6239 5
    0.5885 0.3761 4
  1.3373 15 + 1
    0.5565 1 6
  1.4043 19 + 2
    0.3264 0.5077 7
    0.6321 0.4923 5
  1.747 21 + 2
    0.3427 0.5162 9
    0.6691 0.4838 7
  1.9034 19 + 1
    0.5661 1 8
  2.1046 23 + 2
    0.3576 0.5246 10
    0.7003 0.4754 9
  2.453 23 + 1
    0.5496 1 11
  2.4737 25 + 2
    0.3691 0.3853 12
    0.7267 0.6147 10
  2.8521 27 + 2
    0.3784 0.3457 14
    0.7475 0.6543 12
  3.0693 27 + 1
    0.6163 1 13
  3.2386 29 + 2
    0.3865 0.3937 15
    0.7649 0.6063 14
  3.6352 31 + 2
    0.3966 0.3096 17
    0.7831 0.6904 15
  3.7815 31 + 1
    0.7122 1 16
  4.0437 33 + 2
    0.4085 0.2614 18
    0.8051 0.7386 17
  4.4652 35 + 2
    0.4215 0.1559 20
    0.83 0.8441 18
  4.5863 35 + 1
    0.8048 1 19
  4.9044 37 + 2
    0.4392 0.2637 21
    0.8607 0.7363 20
  5.3368 39 + 2
    0.4324 0.092173 23
    0.8716 0.907827 21
  5.4681 39 + 1
    0.881801 1 22
  5.806 41 + 1
    0.9016 1 23
  6.258 43 + 1
    0.9212 1 24
  6.3959 43 + 1
    0.927799 1 25
  6.8008 45 + 1
    0.9948 1 26
  7.2324 47 + 1
    0.9744 1 27
  7.3893 47 + 1
    0.9934 1 28
  8.4169 51 + 1
    1.0276 1 31
  9.5412 55 + 1
    1.1243 1 32

55 118 2
  0 4 + 0
  0.1 0 + 1
    0.1 1 0

55 119 10
  0 9 + 0
  0.1 3 + 1
    0.1 1 0
  0.2397 11 + 1
    0.2397 1 0
  0.5093 13 + 2
    0.2696 0.972229 2
    0.5093 0.027771 0
  0.8068 15 + 2
    0.2975 0.8454 3
    0.5671 0.1546 2
  1.1287 17 + 2
    0.3219 0.8114 4
    0.6194 0.1886 3
  1.4716 19 + 2
    0.3429 0.2808 5
    0.6648 0.7192 4
  1.83 21 + 2
    0.3584 0.7563 6
    0.7013 0.2437 5
  2.1998 23 + 2
    0.3698 0.944581 7
    0.7282 0.055419 6
  2.5759 25 + 2
    0.3761 0.1767 8
    0.7459 0.8233 7

55 120 13
  0 4 + 0
  0.1 14 - 1
    0.1 1 0
  0.10258 2 + 1
    0.10258 1 0
  0.1348 8 - 1
    0.1348 1 0
  0.17944 2 + 2
    0.07686 0.1835 2
    0.17944 0.8165 0
  0.19277 2 + 1
    0.19277 1 0
  0.2489 8 - 1
    0.2489 1 0
  0.26991 8 - 1
    0.26991 1 0
  0.2852 8 + 1
    0.18262 1 2
  0.31915 2 + 2
    0.12638 0.1633 5
    0.13971 0.8367 4
  0.3369 8 - 1
    0.23432 1 2
  0.34515 2 + 3
    0.07524 0.9547 7
    0.15238 0.01766 5
    0.16571 0.02764 4
  0.4073 12 + 1
    0.1221 1 8

55 121 44
  0 3 + 0
  0.0685 9 + 1
    0.0685 1 0
  0.0982 7 + 1
    0.0982 1 0
  0.0992 3 - 1
    0.0992 1 0
  0.2098 5 - 2
    0.1106 0.3612 3
    0.1116 0.6388 2
  0.2108 7 + 1
    0.2108 1 0
  0.3139 11 + 1
    0.2454 1 1
  0.5899 13 + 2
    0.276 0.7951 6
    0.5214 0.2049 1
  0.6277 11 + 1
    0.4169 1 5
  0.8939 15 + 1
    0.304 1 7
  1.1979 15 + 1
    0.5702 1 8
  1.2208 17 + 2
    0.3269 0.5692 9
    0.6309 0.4308 7
  1.5681 19 + 2
    0.3473 0.425 11
    0.6742 0.575 9
  1.8639 19 + 1
    0.666 1 10
  1.8888 17 - 1
    0.9949 1 9
  1.9283 21 + 2
    0.3602 0.4851 12
    0.7075 0.5149 11
  2.0775 19 - 1
    0.1887 1 14
  2.2946 21 - 1
    0.2171 1 16
  2.37335 23 + 2
    0.44505 0.5 15
    0.80525 0.5 12
  2.4514 23 + 1
    0.5875 1 13
  2.5436 23 - 2
    0.249 0.5277 17
    0.4661 0.4723 16
  2.6615 25 + 1
    0.7332 1 15
  2.8249 25 - 2
    0.2813 0.7334 20
    0.5303 0.2666 17
  3.0193 27 + 1
    0.3578 1 21
  3.0315 27 + 1
    0.5801 1 19
  3.1386 27 - 1
    0.3137 1 22
  3.3695 29 + 2
    0.3502 0.3811 23
    0.708 0.6189 21
  3.4822 29 - 1
    0.3436 1 25
  3.6985 31 + 1
    0.667 1 24
  3.776 31 + 1
    0.4065 1 26
  3.8568 31 - 1
    0.3746 1 27
  4.1709 33 + 2
    0.3949 0.2095 29
    0.8014 0.7905 26
  4.2565 33 - 2
    0.3997 0.0594 30
    0.7743 0.9406 27
  4.4556 35 + 1
    0.7571 1 28
  4.623 35 + 1
    0.847 1 29
  4.6838 35 - 1
    0.4273 1 32
  5.0661 37 + 1
    0.8952 1 31
  5.2944 39 + 1
    0.8388 1 33
  6.2163 43 + 1
    0.9219 1 37
  7.2258 47 + 1
    1.0095 1 38
  8.3229 51 + 1
    1.0971 1 39
  9.5122 55 + 1
    1.1893 1 40
  10.7962 59 + 1
    1.284 1 41
  12.184 63 + 1
    1.3878 1 42

55 122 91
  0 2 + 0
  0.01556 6 - 1
    0.01556 1 0
  0.04587 6 + 1
    0.04587 1 0
  0.06953 4 - 2
    0.05397 0.5 1
    0.06953 0.5 0
  0.1169 0 + 2
    0.10134 0.5 1
    0.1169 0.5 0
  0.12227 6 + 1
    0.12227 1 0
  0.12494 4 + 4
    0.05541 0.25 3
    0.07907 0.25 2
    0.10938 0.25 1
    0.12494 0.25 0
  0.12707 10 - 1
    0.0812 1 2
  0.14 16 - 1
    0.14 1 0
  0.14236 4 - 4
    0.07283 0.25 3
    0.09649 0.25 2
    0.1268 0.25 1
    0.14236 0.25 0
  0.16136 4 + 5
    0.03909 0.2 5
    0.04446 0.2 4
    0.09183 0.2 3
    0.11549 0.2 2
    0.16136 0.2 0
  0.1777 8 - 1
    0.13183 1 2
  0.20563 4 + 3
    0.08873 0.333333 4
    0.1361 0.333333 3
    0.19007 0.333333 1
  0.2237 4 - 2
    0.1068 0.5 4
    0.2237 0.5 0
  0.2353 18 - 1
    0.0953 1 8
  0.23765 10 + 5
    0.05995 0.2 11
    0.07629 0.2 10
    0.11271 0.2 6
    0.16812 0.2 3
    0.23765 0.2 0
  0.2611 4 - 3
    0.05547 0.333333 12
    0.1442 0.333333 4
    0.2611 0.333333 0
  0.26575 10 - 3
    0.08805 0.333333 11
    0.21988 0.333333 2
    0.26575 0.333333 0
  0.27238 18 + 1
    0.13238 1 8
  0.27367 4 + 3
    0.15677 0.333333 4
    0.25811 0.333333 1
    0.27367 0.333333 0
  0.28 10 - 2
    0.1023 0.5 11
    0.26444 0.5 1
  0.3019 4 - 2
    0.14054 0.5 10
    0.23237 0.5 3
  0.3074 0 - 3
    0.14604 0.333333 10
    0.1905 0.333333 4
    0.23787 0.333333 3
  0.31993 10 - 5
    0.08228 0.2 15
    0.17757 0.2 9
    0.19499 0.2 6
    0.19766 0.2 5
    0.30437 0.2 1
  0.32379 20 + 1
    0.05141 1 18
  0.3329 10 + 2
    0.1552 0.5 11
    0.17154 0.5 10
  0.339 4 - 2
    0.17764 0.5 10
    0.21406 0.5 6
  0.3502 0 - 2
    0.20784 0.5 9
    0.3502 0.5 0
  0.36471 10 + 5
    0.05731 0.2 22
    0.06281 0.2 21
    0.08471 0.2 20
    0.22235 0.2 9
    0.31884 0.2 2
  0.36572 20 - 2
    0.13042 0.95621 14
    0.22572 0.04379 8
  0.41122 10 + 4
    0.09129 0.25 23
    0.24986 0.25 10
    0.26886 0.25 9
    0.28628 0.25 6
  0.42708 22 + 2
    0.10329 0.97529 24
    0.1547 0.02471 18
  0.4538 20 + 1
    0.2185 1 14
  0.48482 10 - 8
    0.0736 0.125 30
    0.12011 0.125 28
    0.15192 0.125 25
    0.22372 0.125 16
    0.24717 0.125 15
    0.34246 0.125 9
    0.35988 0.125 6
    0.43895 0.125 2
  0.50855 24 + 2
    0.08147 0.955948 31
    0.18476 0.044052 24
  0.5379 4 + 2
    0.2768 0.5 16
    0.33227 0.5 12
  0.55056 10 + 5
    0.06574 0.2 33
    0.23063 0.2 23
    0.27689 0.2 19
    0.3892 0.2 10
    0.55056 0.2 0
  0.569 22 - 2
    0.20328 0.8958 29
    0.3337 0.1042 14
  0.78779 24 - 2
    0.21879 0.5158 37
    0.42207 0.4842 29
  0.81481 26 + 2
    0.30626 0.906873 34
    0.38773 0.093127 31
  0.8916 22 - 1
    0.52588 1 29
  0.9095 22 - 2
    0.4557 0.5114 32
    0.54378 0.4886 29
  0.98113 28 + 2
    0.16632 0.3308 39
    0.47258 0.6692 34
  1.0559 26 + 1
    0.54735 1 34
  1.07259 26 - 2
    0.2848 0.627 38
    0.50359 0.373 37
  1.0828 24 - 1
    0.5138 1 37
  1.3583 26 - 2
    0.4488 0.6332 41
    0.4667 0.3668 40
  1.36143 28 - 2
    0.28884 0.3687 44
    0.57364 0.6313 38
  1.3737 30 + 2
    0.39257 0.7437 42
    0.55889 0.2563 39
  1.6327 30 + 2
    0.5768 0.3103 43
    0.65157 0.6897 42
  1.6404 32 + 2
    0.2667 0.092082 48
    0.65927 0.907918 42
  1.6996 28 - 1
    0.6168 1 45
  1.70726 30 - 2
    0.34583 0.385 47
    0.63467 0.615 44
  1.9378 30 - 1
    0.5795 1 46
  2.0517 32 - 3
    0.34444 0.247225 52
    0.678 0.229623 48
    0.69027 0.523152 47
  2.078 34 + 2
    0.4376 0.5588 50
    0.7043 0.4412 48
  2.3685 34 + 1
    0.7358 1 49
  2.3987 32 - 1
    0.6991 1 51
  2.444 34 - 2
    0.3923 0.2459 54
    0.73674 0.7541 52
  2.4544 36 + 2
    0.3764 0.083391 55
    0.814 0.916609 50
  2.624 34 - 1
    0.6862 1 53
  2.8363 36 - 1
    0.7846 1 54
  2.91 38 + 2
    0.4556 0.4183 59
    0.832 0.5817 55
  3.1942 36 - 1
    0.7955 1 57
  3.2344 38 + 1
    0.8659 1 56
  3.2628 38 - 2
    0.4265 0.412 61
    0.8188 0.588 58
  3.3914 40 + 2
    0.4814 0.2207 62
    0.937 0.7793 59
  3.4072 38 - 1
    0.7832 1 60
  3.7064 40 - 2
    0.4436 0.3453 65
    0.8701 0.6547 61
  3.7574 40 + 1
    1.303 1 59
  3.848 42 + 2
    0.4566 0.189 66
    0.938 0.811 62
  4.0202 40 - 1
    0.826 1 63
  4.1566 42 - 2
    0.4502 0.2674 68
    0.8938 0.7326 65
  4.1892 42 + 1
    0.9548 1 64
  4.2799 42 - 1
    0.8727 1 67
  4.2875 42 - 1
    0.8803 1 67
  4.4262 44 + 1
    1.0348 1 66
  4.5854 44 + 1
    1.194 1 66
  4.6526 44 - 1
    0.9462 1 68
  4.8734 46 + 2
    0.4472 0.6485 76
    1.0254 0.3515 70
  4.8862 44 - 1
    0.866 1 71
  5.1209 46 - 2
    0.4683 0.2984 78
    0.9643 0.7016 72
  5.2519 46 - 1
    0.972 1 74
  5.5282 48 + 1
    1.102 1 76
  5.6516 48 - 1
    0.999 1 78
  5.8372 48 - 1
    0.951001 1 80
  5.9614 50 + 1
    1.088 1 79
  6.1659 50 - 1
    1.045 1 81
  6.6672 52 + 1
    1.139 1 83
  7.105 54 + 1
    1.1436 1 86
  7.873 56 + 1
    1.2058 1 88

55 123 53
  0 1 + 0
  0.03059 5 + 1
    0.03059 1 0
  0.09457 5 + 2
    0.06398 0.2604 1
    0.09457 0.7396 0
  0.12352 3 + 2
    0.09293 0.5862 1
    0.12352 0.4138 0
  0.1468 5 + 3
    0.05223 0.1139 2
    0.11621 0.7649 1
    0.1468 0.1212 0
  0.15627 11 - 1
    0.0617 1 2
  0.21457 7 - 3
    0.0583 0.622512 5
    0.06777 0.027981 4
    0.12 0.349507 2
  0.23163 7 + 4
    0.08483 0.062751 4
    0.10811 0.01713 3
    0.13706 0.288506 2
    0.20104 0.631613 1
  0.32809 9 + 2
    0.09646 0.855 7
    0.23352 0.145 2
  0.46757 9 + 2
    0.23594 0.1527 7
    0.373 0.8473 2
  0.47488 7 - 4
    0.26031 0.576248 6
    0.35136 0.066284 3
    0.38031 0.10849 2
    0.44429 0.248978 1
  0.4768 15 - 1
    0.32053 1 5
  0.49405 5 + 6
    0.26242 0.011289 7
    0.34725 0.021828 4
    0.37053 0.391773 3
    0.39948 0.077865 2
    0.46346 0.068875 1
    0.49405 0.42837 0
  0.52469 1 + 2
    0.40117 0.2554 3
    0.52469 0.7446 0
  0.55751 3 + 3
    0.41071 0.5669 4
    0.52692 0.3713 1
    0.55751 0.0618 0
  0.58852 3 + 2
    0.44172 0.063028 4
    0.49395 0.936972 2
  0.6209 5 + 6
    0.38927 0.03241 7
    0.4741 0.04015 4
    0.49738 0.400404 3
    0.52633 0.223902 2
    0.59031 0.227502 1
    0.6209 0.075631 0
  0.6599 11 + 1
    0.6599 1 0
  0.69912 9 + 3
    0.23155 0.1916 9
    0.46749 0.2201 7
    0.48455 0.5883 6
  0.728 3 - 2
    0.63343 0.8334 2
    0.69741 0.1666 1
  0.74964 5 - 4
    0.60284 0.123198 4
    0.62612 0.084318 3
    0.71905 0.648287 1
    0.74964 0.144197 0
  0.78437 13 - 2
    0.30949 0.2654 10
    0.5698 0.7346 6
  0.81117 5 + 6
    0.33629 0.050872 10
    0.66437 0.027691 4
    0.68765 0.073803 3
    0.7166 0.461018 2
    0.78058 0.170407 1
    0.81117 0.216209 0
  0.81715 5 - 3
    0.67035 0.66984 4
    0.78656 0.080345 1
    0.81715 0.249815 0
  0.86646 3 - 5
    0.63483 0.268511 7
    0.71966 0.599624 4
    0.77189 0.023981 2
    0.83587 0.053942 1
    0.86646 0.053942 0
  0.8697 9 - 2
    0.54161 0.925619 8
    0.7229 0.074381 4
  0.90543 7 - 6
    0.6738 0.03415 7
    0.75863 0.136601 4
    0.78191 0.195102 3
    0.81086 0.487805 2
    0.87484 0.082931 1
    0.90543 0.063411 0
  0.9992 19 - 1
    0.5224 1 11
  1.02168 1 - 5
    0.5468 0.463005 10
    0.80711 0.129601 6
    0.89816 0.138901 3
    0.99109 0.175902 1
    1.02168 0.092591 0
  1.04875 7 - 4
    0.42785 0.3426 16
    0.81712 0.3371 7
    1.01816 0.118 1
    1.04875 0.2023 0
  1.1597 17 - 1
    0.6829 1 11
  1.2602 15 + 1
    0.6003 1 17
  1.5934 19 - 2
    0.4337 0.8026 30
    1.1166 0.1974 11
  1.6847 23 - 1
    0.6855 1 27
  1.7296 21 - 2
    0.5699 0.2861 30
    0.7304 0.7139 27
  1.9944 19 + 1
    0.7342 1 31
  2.0034 19 + 1
    0.7432 1 31
  2.1966 23 - 3
    0.467 0.252 34
    0.6032 0.4994 32
    1.1974 0.2486 27
  2.4363 25 - 2
    0.7067 0.3974 34
    0.7516 0.6026 33
  2.4855 27 - 1
    0.8008 1 33
  2.9178 27 - 2
    0.7212 0.6672 37
    1.2331 0.3328 33
  3.2271 29 - 2
    0.7416 0.3337 39
    0.7908 0.6663 38
  3.3538 31 - 1
    0.8683 1 39
  3.7293 31 - 2
    0.8115 0.5004 40
    1.2438 0.4996 39
  4.0555 33 - 2
    0.7017 0.5007 42
    0.8284 0.4993 41
  4.2585 35 - 1
    0.9047 1 42
  4.6211 35 - 1
    0.8918 1 43
  5.214 39 - 1
    0.9555 1 45
  6.238 43 - 1
    1.024 1 47
  7.351 47 - 1
    1.113 1 48
  8.557 51 - 1
    1.206 1 49
  9.8605 55 - 1
    1.3035 1 50
  11.2325 59 - 1
    1.372 1 51

55 124 119
  0 2 + 0
  0.16951 2 + 1
    0.16951 1 0
  0.188981 4 + 1
    0.188981 1 0
  0.21165 6 + 1
    0.21165 1 0
  0.2429 6 + 2
    0.053919 0.955962 2
    0.2429 0.044038 0
  0.25322 2 + 2
    0.08371 0.084027 1
    0.25322 0.915972 0
  0.27029 6 + 2
    0.10078 0.087336 1
    0.27029 0.912663 0
  0.2721 0 + 2
    0.10259 0.1279 1
    0.2721 0.8721 0
  0.27765 6 + 2
    0.10814 0.6641 1
    0.27765 0.3359 0
  0.28264 6 + 3
    0.07099 0.33678 3
    0.093659 0.593164 2
    0.11313 0.070056 1
  0.30114 8 - 2
    0.05824 0.3781 4
    0.08949 0.6219 3
  0.31247 4 + 4
    0.05925 0.059858 5
    0.06957 0.73917 4
    0.123489 0.134095 2
    0.31247 0.066877 0
  0.3385 4 - 2
    0.08528 0.5 5
    0.3385 0.5 0
  0.34882 4 - 1
    0.06618 1 9
  0.36273 6 + 5
    0.05026 0.059654 11
    0.08508 0.260418 8
    0.11983 0.598442 4
    0.15108 0.069535 3
    0.36273 0.011951 0
  0.3736 10 + 1
    0.1307 1 4
  0.37911 8 + 1
    0.16746 1 3
  0.39773 10 - 2
    0.09659 0.1067 10
    0.18608 0.8933 3
  0.39951 8 + 2
    0.15661 0.960981 4
    0.210529 0.039019 2
  0.40127 2 + 6
    0.12917 0.067885 7
    0.14805 0.053286 5
    0.15837 0.048047 4
    0.18962 0.161489 3
    0.23176 0.072535 1
    0.40127 0.596758 0
  0.40425 4 + 5
    0.13396 0.037071 6
    0.15103 0.312306 5
    0.1926 0.442709 3
    0.23474 0.045311 1
    0.40425 0.162603 0
  0.41722 8 + 2
    0.10475 0.8764 11
    0.11608 0.1236 10
  0.4275 12 + 1
    0.0539 1 15
  0.44147 8 + 4
    0.15883 0.430317 9
    0.19857 0.101104 4
    0.22982 0.068863 3
    0.252489 0.399716 2
  0.44389 2 + 2
    0.08116 0.6721 14
    0.13142 0.3279 11
  0.46263 14 + 2
    0.0649 0.9777 17
    0.16149 0.0223 10
  0.46493 4 + 2
    0.25328 0.5133 3
    0.46493 0.4867 0
  0.47902 10 + 5
    0.03755 0.763614 23
    0.07951 0.181603 18
    0.08129 0.01392 17
    0.17788 0.031771 10
    0.19638 0.009092 9
  0.4915 12 + 2
    0.064 0.7725 22
    0.09377 0.2275 17
  0.49488 12 - 1
    0.09715 1 17
  0.50567 4 + 5
    0.06178 0.018291 24
    0.08845 0.107506 21
    0.15685 0.65894 13
    0.26277 0.072554 4
    0.29402 0.142709 3
  0.51233 6 + 3
    0.22969 0.111 9
    0.25911 0.2247 5
    0.30068 0.6643 3
  0.52997 10 - 3
    0.13224 0.301803 17
    0.15086 0.616406 16
    0.22883 0.081791 10
  0.543985 14 + 2
    0.052485 0.9736 28
    0.170385 0.0264 15
  0.55797 2 + 2
    0.28768 0.7028 6
    0.55797 0.2972 0
  0.56569 12 - 3
    0.03572 0.2905 32
    0.07081 0.3213 29
    0.16796 0.3882 17
  0.5865 12 - 2
    0.09162 0.3829 29
    0.18877 0.6171 17
  0.5885 16 + 1
    0.044515 1 33
  0.59616 8 - 3
    0.23343 0.057038 14
    0.28369 0.275989 11
    0.407179 0.666973 2
  0.605295 0 - 4
    0.092965 0.19922 31
    0.099625 0.232723 30
    0.362395 0.284828 4
    0.393645 0.283228 3
  0.61395 4 + 4
    0.10162 0.222393 31
    0.10828 0.538884 30
    0.17006 0.204194 24
    0.21268 0.034529 19
  0.6488 14 - 3
    0.08311 0.844334 35
    0.11883 0.018461 32
    0.15392 0.137205 29
  0.6601 18 + 1
    0.0716 1 37
  0.67143 4 + 3
    0.066135 0.097845 39
    0.482449 0.79906 2
    0.67143 0.103095 0
  0.6774 14 - 2
    0.11171 0.416 35
    0.18252 0.584 29
  0.7432 14 - 2
    0.1567 0.4233 36
    0.17751 0.5767 35
  0.75164 2 + 5
    0.43917 0.067228 11
    0.47954 0.230093 7
    0.49842 0.018939 5
    0.562659 0.057258 2
    0.75164 0.626481 0
  0.7575 16 - 3
    0.0801 0.069438 44
    0.1087 0.876174 41
    0.26262 0.054388 29
  0.77085 2 + 7
    0.1569 0.440487 40
    0.165555 0.397088 39
    0.43235 0.021109 12
    0.45838 0.01422 11
    0.52795 0.024709 4
    0.581869 0.077688 2
    0.60134 0.024699 1
  0.7841 20 + 1
    0.124 1 42
  0.7967 16 - 3
    0.1193 0.4843 44
    0.1479 0.296 41
    0.30182 0.2197 29
  0.8465 2 - 1
    0.44523 1 19
  0.8641 4 - 2
    0.59381 0.2756 6
    0.8641 0.7244 0
  0.8957 2 - 2
    0.53297 0.3892 14
    0.61805 0.6108 8
  0.92068 4 + 2
    0.55795 0.5887 14
    0.60821 0.4113 11
  0.93381 0 - 3
    0.53254 0.078691 19
    0.68059 0.207202 5
    0.93381 0.714107 0
  0.9504 6 - 1
    0.7075 1 4
  0.9741 18 - 3
    0.1774 0.306206 50
    0.2166 0.650013 47
    0.3253 0.043781 41
  1.00089 0 - 3
    0.59664 0.1477 20
    0.83138 0.4985 1
    1.00089 0.3538 0
  1.01445 6 + 3
    0.2436 0.574457 48
    0.6102 0.282228 20
    0.77155 0.143314 4
  1.04029 4 - 4
    0.63902 0.081591 19
    0.78707 0.206602 5
    0.851309 0.168502 2
    1.04029 0.543305 0
  1.04921 2 - 3
    0.27836 0.169417 48
    0.79599 0.210821 5
    1.04921 0.619762 0
  1.0914 18 - 3
    0.3339 0.3795 47
    0.3482 0.4897 45
    0.414 0.1308 44
  1.0961 22 + 2
    0.312 0.925928 49
    0.436 0.074072 42
  1.09787 8 - 5
    0.32702 0.221987 48
    0.69362 0.065146 20
    0.82577 0.233786 7
    0.92836 0.095804 1
    1.09787 0.383277 0
  1.13192 2 - 6
    0.72767 0.237807 20
    0.76919 0.304909 14
    0.81945 0.128004 11
    0.8787 0.131104 5
    0.88902 0.067072 4
    1.13192 0.131104 0
  1.14159 6 - 3
    0.04372 0.781222 64
    0.80309 0.062494 12
    1.14159 0.156284 0
  1.1686 8 - 3
    0.41696 0.4762 46
    0.76435 0.2857 20
    1.1686 0.2381 0
  1.1964 20 - 2
    0.2223 0.6843 57
    0.4389 0.3157 47
  1.21659 2 + 9
    0.32089 0.01161 53
    0.62043 0.0764 38
    0.65862 0.01286 34
    0.81234 0.006417 20
    0.93894 0.02242 8
    0.9463 0.09416 6
    1.02761 0.02243 2
    1.04708 0.1134 1
    1.21659 0.640302 0
  1.24455 2 + 17
    0.2301 0.007642 59
    0.32387 0.047765 54
    0.38045 0.025763 52
    0.39805 0.025743 51
    0.4737 0.233724 48
    0.57312 0.046535 43
    0.64839 0.008864 38
    0.68658 0.020882 34
    0.78192 0.004614 25
    0.8403 0.020832 20
    0.88182 0.154216 14
    0.93208 0.185019 11
    0.9669 0.10261 8
    0.97426 0.034664 6
    1.0329 0.015482 3
    1.05557 0.056406 2
    1.24455 0.009241 0
  1.2598 2 + 10
    0.33912 0.121605 54
    0.4133 0.034791 51
    0.48895 0.049112 48
    0.70183 0.024361 34
    0.85853 0.083373 19
    0.98951 0.107504 6
    1.00658 0.048582 5
    1.07082 0.017351 2
    1.09029 0.346914 1
    1.2598 0.166407 0
  1.2896 20 - 2
    0.4929 0.6671 50
    0.5321 0.3329 47
  1.3003 22 + 1
    0.5162 1 49
  1.3157 24 + 2
    0.2196 0.5325 63
    0.5316 0.4675 49
  1.38888 2 + 8
    0.29101 0.03315 64
    0.37443 0.180702 59
    0.61803 0.01558 48
    0.79272 0.03336 38
    0.98761 0.221502 19
    1.11123 0.161602 8
    1.21937 0.177102 1
    1.38888 0.177002 0
  1.4333 6 - 2
    0.39301 0.6369 60
    0.83714 0.3631 38
  1.4946 22 - 2
    0.2982 0.477 68
    0.5205 0.523 57
  1.5341 6 - 1
    0.75 1 49
  1.5894 8 - 3
    0.91797 0.136086 43
    1.40042 0.183682 2
    1.5894 0.680232 0
  1.6115 22 - 2
    0.4151 0.2502 68
    0.5201 0.7498 62
  1.6232 10 - 2
    1.45369 0.75 1
    1.6232 0.25 0
  1.6383 4 - 2
    0.4697 0.5 67
    1.6383 0.5 0
  1.671 24 + 2
    0.3707 0.3092 73
    0.5749 0.6908 63
  1.7073 6 - 2
    0.93645 0.1667 48
    1.7073 0.8333 0
  1.7133 26 + 2
    0.3976 0.7385 74
    0.6172 0.2615 63
  1.8056 24 - 2
    0.311 0.3411 77
    0.6092 0.6589 68
  1.8459 8 - 1
    0.3118 1 78
  1.9326 26 + 3
    0.2616 0.072663 83
    0.6169 0.572923 74
    0.6323 0.354414 73
  1.9494 24 - 1
    0.6598 1 72
  2.0292 28 + 3
    0.0966 0.046562 88
    0.3159 0.176907 85
    0.7135 0.776531 74
  2.1695 26 - 2
    0.3639 0.3683 86
    0.6749 0.6317 77
  2.1775 4 - 1
    0.5065 1 83
  2.2631 26 - 1
    0.6516 1 80
  2.3049 28 + 3
    0.3723 0.1398 88
    0.5916 0.7232 85
    0.6339 0.137 83
  2.4861 30 + 2
    0.4569 0.6564 90
    0.7728 0.3436 85
  2.5447 28 - 2
    0.3752 0.1835 91
    0.7391 0.8165 86
  2.7059 30 + 3
    0.401 0.404232 94
    0.6767 0.099528 90
    0.7733 0.49624 88
  2.7096 6 - 1
    0.5321 1 92
  2.8043 28 - 1
    0.8549 1 89
  2.8983 32 + 1
    0.8691 1 90
  2.9082 4 - 1
    0.6033 1 94
  2.945 30 - 2
    0.4003 0.279 96
    0.7755 0.721 91
  3.0089 30 - 1
    0.7458 1 93
  3.1301 32 + 2
    0.644 0.6675 95
    0.8252 0.3325 94
  3.3501 32 - 1
    0.8054 1 96
  3.3839 34 + 2
    0.4856 0.444 100
    0.8978 0.556 95
  3.6137 34 + 2
    0.4836 0.2387 104
    0.9078 0.7613 97
  3.7676 34 - 1
    0.8226 1 102
  3.8174 34 - 1
    0.8085 1 103
  3.8721 36 + 1
    0.9738 1 100
  4.2067 36 - 1
    0.8566 1 105
  4.3822 38 + 2
    0.5101 0.3773 110
    0.9983 0.6227 106
  4.6425 38 - 1
    0.8749 1 108
  4.688 38 - 1
    0.8706 1 109
  4.9467 40 + 1
    1.0746 1 110
  5.1282 40 - 1
    0.921501 1 111
  5.4639 42 + 1
    1.0817 1 112
  6.127 44 + 1
    1.1803 1 115

55 125 67
  0 1 + 0
  0.07711 3 + 1
    0.07711 1 0
  0.08482 5 + 1
    0.08482 1 0
  0.1403 3 - 3
    0.05548 0.490825 2
    0.06319 0.065753 1
    0.1403 0.443422 0
  0.1851 5 - 3
    0.0448 0.649 3
    0.10028 0.1535 2
    0.10799 0.1975 1
  0.2531 7 + 2
    0.16828 0.5757 2
    0.17599 0.4243 1
  0.2661 11 - 1
    0.013 1 5
  0.5407 9 + 1
    0.2746 1 6
  0.6318 15 - 1
    0.3657 1 6
  0.6833 11 + 1
    0.4302 1 5
  0.85 11 + 1
    0.3093 1 7
  1.1966 13 + 2
    0.3466 0.6724 10
    0.6559 0.3276 7
  1.2038 19 - 1
    0.572 1 8
  1.279 17 - 1
    0.6472 1 8
  1.2936 15 + 1
    0.6103 1 9
  1.5748 15 + 2
    0.3782 0.8573 11
    0.7248 0.1427 10
  1.7539 19 - 2
    0.4749 0.8215 13
    1.1221 0.1785 8
  1.8991 21 - 2
    0.6201 0.2248 13
    0.6953 0.7752 12
  1.963 23 - 1
    0.7592 1 12
  1.9866 17 + 1
    0.4118 1 15
  2.0553 19 + 1
    0.7617 1 14
  2.3183 17 + 1
    1.6865 1 8
  2.3966 19 + 1
    1.1176 1 13
  2.4245 23 - 1
    0.5254 1 17
  2.47195 19 + 2
    0.48535 0.5036 19
    0.89715 0.4964 15
  2.5185 21 + 2
    0.1219 0.904736 22
    0.7646 0.095264 16
  2.5708 23 - 1
    1.367 1 12
  2.691 25 - 2
    0.728 0.5005 18
    0.7919 0.4995 17
  2.6991 23 + 1
    0.1806 1 25
  2.8329 27 - 1
    0.8699 1 18
  2.8959 21 + 1
    0.42395 1 24
  2.9196 23 + 1
    0.8643 1 20
  2.9439 23 + 1
    0.8886 1 20
  2.9457 25 + 1
    0.2466 1 28
  3.1782 27 - 1
    1.2152 1 18
  3.2411 25 + 1
    0.542 1 28
  3.2438 27 - 1
    0.8193 1 23
  3.2575 27 + 1
    0.3118 1 33
  3.3855 23 - 2
    0.4896 0.5 30
    0.91355 0.5 24
  3.5001 27 + 3
    0.2563 0.333333 36
    0.5544 0.333333 33
    0.801 0.333333 28
  3.5534 29 - 2
    0.7205 0.4018 29
    0.8624 0.5982 27
  3.6169 29 + 1
    0.3594 1 37
  3.7239 31 - 1
    0.891 1 29
  3.841 29 + 3
    0.3409 0.333333 39
    0.5835 0.333333 37
    0.8953 0.333333 33
  3.976 31 - 1
    1.1431 1 29
  4.0102 31 + 1
    0.3933 1 41
  4.2127 31 + 3
    0.3717 0.333333 43
    0.5958 0.333333 41
    0.9552 0.333333 37
  4.3583 33 - 2
    0.6344 0.5 42
    0.8049 0.5 40
  4.4512 33 + 1
    0.441 1 45
  4.5932 35 - 1
    0.8693 1 42
  4.6043 33 + 3
    0.3916 0.333333 46
    0.5941 0.333333 45
    0.9874 0.333333 41
  4.9204 35 - 2
    0.9444 0.5 44
    1.1965 0.5 42
  4.9257 35 + 2
    0.474501 0.5 48
    0.915501 0.5 45
  5.0284 35 + 3
    0.4241 0.333333 50
    0.5772 0.333333 48
    1.0182 0.333333 45
  5.2128 37 - 2
    0.6196 0.5 49
    0.8545 0.5 47
  5.4292 37 + 1
    0.978001 1 48
  5.4958 37 + 3
    0.4674 0.333333 53
    0.570099 0.333333 52
    1.0446 0.333333 48
  5.5189 39 - 1
    0.9257 1 49
  5.937 39 + 2
    0.507799 0.5 55
    1.0113 0.5 52
  6.189 41 - 2
    0.6701 0.5 57
    0.9762 0.5 54
  6.4691 41 + 2
    0.5321 0.5 58
    1.0399 0.5 55
  6.5202 43 - 1
    1.0013 1 57
  7.2731 45 - 2
    0.752899 0.5 61
    1.0841 0.5 59
  7.6002 47 - 1
    1.08 1 61
  8.7592 51 - 1
    1.159 1 63
  10.0032 55 - 1
    1.244 1 64
  11.3102 59 - 1
    1.307 1 65

55 126 84
  0 2 + 0
  0.21786 2 + 1
    0.21786 1 0
  0.23363 2 + 1
    0.23363 1 0
  0.24101 4 - 1
    0.24101 1 0
  0.2576 0 + 1
    0.2576 1 0
  0.273 2 + 2
    0.03199 0.5 3
    0.05514 0.5 1
  0.2812 2 - 1
    0.2812 1 0
  0.32828 2 + 2
    0.09465 0.1936 2
    0.32828 0.8064 0
  0.3453 2 - 1
    0.12744 1 1
  0.34781 2 + 1
    0.12995 1 1
  0.3734 0 - 1
    0.1004 1 5
  0.4217 2 + 2
    0.07389 0.5 9
    0.20384 0.5 1
  0.4547 4 + 1
    0.10689 1 9
  0.45711 2 - 2
    0.23925 0.3977 1
    0.45711 0.6023 0
  0.4839 4 - 2
    0.1105 0.5 10
    0.2109 0.5 5
  0.48941 2 + 3
    0.20821 0.1206 6
    0.23181 0.2198 4
    0.48941 0.6596 0
  0.4956 2 + 3
    0.0739 0.333333 11
    0.14779 0.333333 9
    0.1503 0.333333 8
  0.5085 0 + 1
    0.29064 1 1
  0.5133 2 - 1
    0.16549 1 9
  0.53888 2 + 1
    0.53888 1 0
  0.54267 4 + 3
    0.28507 0.2547 4
    0.30904 0.2018 2
    0.54267 0.5435 0
  0.5747 4 - 1
    0.153 1 11
  0.58945 4 + 1
    0.34844 1 3
  0.5961 2 + 2
    0.1122 0.5 14
    0.2227 0.5 10
  0.6256 6 + 4
    0.0509 0.25 21
    0.1123 0.25 18
    0.2039 0.25 11
    0.40774 0.25 1
  0.6455 0 - 2
    0.1616 0.5 14
    0.2721 0.5 10
  0.6756 6 + 5
    0.1623 0.2 18
    0.18 0.2 16
    0.32779 0.2 9
    0.3303 0.2 8
    0.45774 0.2 1
  0.68184 2 + 4
    0.35356 0.083407 7
    0.40064 0.176493 6
    0.44083 0.061028 3
    0.68184 0.679073 0
  0.70953 0 - 3
    0.20103 0.2512 17
    0.4759 0.1353 2
    0.70953 0.6135 0
  0.7106 8 + 2
    0.035 0.5 26
    0.085 0.5 24
  0.7596 10 + 1
    0.049 1 29
  0.7766 2 + 1
    0.53559 1 3
  0.78151 2 - 1
    0.78151 1 0
  0.7985 0 - 2
    0.153 0.5 25
    0.3146 0.5 14
  0.84192 2 + 4
    0.30304 0.070265 19
    0.56072 0.151889 6
    0.60829 0.214785 2
    0.84192 0.563061 0
  0.8769 2 - 2
    0.54862 0.6948 7
    0.8769 0.3052 0
  0.9006 12 + 1
    0.141 1 30
  0.9035 0 - 2
    0.68564 0.6453 1
    0.9035 0.3547 0
  1.09748 2 + 10
    0.32088 0.01531 31
    0.41564 0.112798 27
    0.5586 0.02126 19
    0.60807 0.074279 15
    0.64037 0.102898 13
    0.64278 0.066259 12
    0.83988 0.087208 4
    0.85647 0.131797 3
    0.86385 0.264195 2
    1.09748 0.123998 0
  1.1405 6 - 2
    0.55105 0.781222 22
    0.89949 0.218778 3
  1.1831 8 - 2
    0.5376 0.5 25
    0.8378 0.5 8
  1.21075 2 + 5
    0.66808 0.080311 20
    0.88247 0.080081 7
    0.92955 0.164802 6
    0.97712 0.175102 2
    1.21075 0.499705 0
  1.23433 6 - 10
    0.39241 0.081324 34
    0.45282 0.019061 32
    0.69166 0.083864 20
    0.74492 0.058453 15
    0.90605 0.038122 7
    0.95313 0.050833 6
    0.97673 0.185509 4
    0.99332 0.254113 3
    1.0007 0.025411 2
    1.23433 0.20331 0
  1.2386 14 + 2
    0.338 0.5 36
    0.479 0.5 30
  1.24163 2 + 6
    0.69896 0.081676 20
    0.70275 0.022862 19
    0.91335 0.127109 7
    0.98403 0.325723 4
    1.008 0.14001 2
    1.24163 0.302621 0
  1.29301 2 + 10
    0.58348 0.045013 28
    0.61117 0.053463 27
    0.75034 0.012301 20
    0.8359 0.016351 13
    0.96473 0.022511 7
    1.01181 0.081715 6
    1.03541 0.180011 4
    1.052 0.134808 3
    1.05938 0.045003 2
    1.29301 0.408825 0
  1.338 8 - 2
    0.1549 0.5 40
    0.5395 0.5 33
  1.3976 6 - 2
    0.497 0.5 36
    0.638 0.5 30
  1.4936 16 + 3
    0.096 0.333333 47
    0.255 0.333333 43
    0.593 0.333333 36
  1.7597 8 - 2
    0.3621 0.5 47
    0.5211 0.5 43
  1.8895 18 + 2
    0.3959 0.5 48
    0.6509 0.5 43
  1.8956 6 - 2
    0.5576 0.5 46
    0.7125 0.5 40
  2.046 10 - 1
    0.708 1 46
  2.0867 4 - 3
    0.327 0.333333 49
    0.5931 0.333333 48
    0.6891 0.333333 47
  2.1 6 - 1
    0.762 1 46
  2.2325 20 + 3
    0.1458 0.333333 53
    0.343 0.333333 50
    0.7389 0.333333 48
  2.2837 8 - 1
    0.524 1 49
  2.4314 4 - 1
    0.5419 1 50
  2.5641 6 - 1
    0.8044 1 49
  2.6965 22 + 2
    0.464 0.5 55
    0.807 0.5 50
  2.7476 8 - 1
    0.852 1 51
  2.8583 10 - 3
    0.4269 0.333333 57
    0.7716 0.333333 53
    0.9688 0.333333 50
  2.8647 4 - 1
    0.581 1 56
  2.892 6 - 1
    0.846 1 52
  2.935 8 - 1
    0.889 1 52
  3.1114 24 + 3
    0.2531 0.333333 61
    0.68 0.333333 57
    0.8789 0.333333 55
  3.3334 4 - 2
    0.6369 0.5 59
    0.7693 0.5 58
  3.6074 26 + 2
    0.496 0.5 65
    0.9109 0.5 59
  3.774 6 - 1
    0.882 1 63
  3.7944 10 - 2
    0.461 0.5 66
    0.9361 0.5 61
  3.86 8 + 1
    0.968 1 63
  4.0724 28 + 2
    0.278 0.5 69
    0.961 0.5 65
  4.58 4 - 1
    0.806 1 68
  4.6004 30 + 2
    0.528 0.5 71
    0.993 0.5 67
  4.638 6 - 1
    0.864 1 68
  4.8024 10 - 1
    1.008 1 69
  5.1174 32 + 1
    1.045 1 71
  5.6724 34 + 2
    0.555 0.5 76
    1.072 0.5 73
  5.8694 4 - 1
    1.067 1 75
  6.2524 6 - 1
    1.135 1 76
  6.8204 8 + 1
    1.148 1 77
  7.4504 4 - 1
    1.198 1 79
  7.9684 6 + 1
    1.148 1 80
  8.687 12 - 1
    1.2366 1 81

55 127 85
  0 1 + 0
  0.06609 5 + 1
    0.06609 1 0
  0.13896 3 + 2
    0.07287 0.8471 1
    0.13896 0.1529 0
  0.18092 3 + 2
    0.11483 0.5048 1
    0.18092 0.4952 0
  0.24653 5 + 1
    0.18044 1 1
  0.27288 7 + 2
    0.13392 0.192 2
    0.20679 0.808 1
  0.45223 11 - 2
    0.17935 0.8915 5
    0.38614 0.1085 1
  0.4544 9 + 1
    0.38831 1 1
  0.56762 3 - 2
    0.42866 0.4419 2
    0.56762 0.5581 0
  0.578 5 - 1
    0.578 1 0
  0.5897 5 + 2
    0.45074 0.1674 2
    0.52361 0.8326 1
  0.6217 5 + 2
    0.44078 0.6692 3
    0.6217 0.3308 0
  0.686 9 + 1
    0.43947 1 4
  0.70735 11 + 1
    0.43447 1 5
  0.7131 3 + 4
    0.53218 0.250523 3
    0.57414 0.43874 2
    0.64701 0.249522 1
    0.7131 0.061216 0
  0.85415 9 + 1
    0.58127 1 5
  0.8665 15 - 1
    0.41427 1 6
  0.8725 1 + 2
    0.69158 0.3338 3
    0.8725 0.6662 0
  1.0434 13 + 1
    0.589 1 7
  1.131 11 + 1
    0.27685 1 15
  1.151 7 - 3
    1.01204 0.153815 2
    1.08491 0.591759 1
    1.151 0.254425 0
  1.20095 7 - 4
    1.02003 0.087796 3
    1.06199 0.027219 2
    1.13486 0.007024 1
    1.20095 0.877961 0
  1.2893 7 - 4
    1.10838 0.249983 3
    1.15034 0.416671 2
    1.22321 0.054166 1
    1.2893 0.27918 0
  1.3161 13 + 1
    0.6301 1 12
  1.3238 15 + 1
    0.61645 1 13
  1.4424 13 + 2
    0.3114 0.7212 19
    0.58825 0.2788 15
  1.4582 19 - 1
    0.5917 1 16
  1.4923 1 - 1
    0.6258 1 16
  1.56624 3 - 3
    1.38532 0.1166 3
    1.50015 0.435 1
    1.56624 0.4484 0
  1.618 7 - 2
    1.43708 0.047619 3
    1.618 0.952381 0
  1.7879 15 + 1
    0.3455 1 25
  1.8021 17 + 1
    0.7587 1 18
  1.9563 19 - 2
    0.464 0.6693 27
    1.0898 0.3307 16
  1.98156 5 - 4
    1.80064 0.1416 3
    1.8426 0.2146 2
    1.91547 0.2146 1
    1.98156 0.4292 0
  2.0897 9 - 4
    1.5117 0.249975 9
    1.52208 0.149385 8
    1.95074 0.275972 2
    2.0897 0.324668 0
  2.0942 13 - 1
    0.9632 1 19
  2.0969 19 + 1
    0.7731 1 24
  2.1048 17 + 1
    0.7887 1 23
  2.1175 21 - 2
    0.6252 0.4985 27
    0.6593 0.5015 26
  2.1438 3 - 2
    1.57618 0.5 8
    1.96288 0.5 3
  2.1671 17 + 1
    0.7247 1 25
  2.2025 15 - 1
    0.1083 1 35
  2.2385 7 - 4
    2.05758 0.2783 3
    2.09954 0.3058 2
    2.17241 0.3058 1
    2.2385 0.1101 0
  2.2556 5 - 2
    2.07468 0.7519 3
    2.18951 0.2481 1
  2.2583 23 - 1
    0.8001 1 26
  2.32119 3 - 5
    1.44869 0.070179 17
    1.75357 0.350896 8
    2.14027 0.052629 3
    2.18223 0.315797 2
    2.32119 0.210498 0
  2.4403 17 - 2
    0.2378 0.5 41
    0.3461 0.5 35
  2.578 19 + 2
    0.4109 0.5 40
    0.7901 0.5 30
  2.6391 23 - 2
    0.5216 0.3165 38
    0.6828 0.6835 32
  2.691 21 + 1
    0.8889 1 31
  2.6968 19 - 2
    0.2565 0.5 46
    0.4943 0.5 41
  2.7478 19 + 2
    0.643 0.5 37
    1.2555 0.5 27
  2.8976 21 + 4
    0.1498 0.25 51
    0.7928 0.25 37
    0.9413 0.25 32
    1.4394 0.25 26
  2.9357 25 - 2
    0.6774 0.4193 44
    0.8182 0.5807 38
  2.9598 5 - 1
    0.855 1 37
  3.0002 23 + 1
    0.9033 1 36
  3.0024 23 + 1
    0.9055 1 36
  3.0084 21 - 2
    0.3116 0.5 50
    0.5681 0.5 46
  3.018 21 + 2
    0.44 0.5 47
    0.8509 0.5 40
  3.0612 23 + 1
    0.1636 1 52
  3.1094 7 - 1
    1.0046 1 37
  3.1568 27 - 2
    0.2211 0.3157 53
    0.8985 0.6843 44
  3.2619 25 + 3
    0.2007 0.3464 59
    0.2595 0.327 56
    0.2617 0.3266 55
  3.3538 25 + 1
    0.2926 1 59
  3.3658 27 - 1
    0.7267 1 48
  3.3698 5 - 2
    0.3614 0.5 57
    0.673 0.5 50
  3.5636 27 + 1
    0.3017 1 62
  3.6458 27 + 1
    0.292 1 63
  3.647 3 - 1
    0.956 1 49
  3.766 7 - 2
    0.3962 0.5 65
    0.7576 0.5 57
  3.8156 29 - 1
    0.8799 1 53
  3.9137 29 + 1
    0.3501 1 66
  3.9842 5 - 1
    0.9818 1 56
  4.0368 9 - 1
    0.391 1 67
  4.1013 31 - 1
    0.9445 1 61
  4.1753 3 + 1
    1.0185 1 61
  4.3052 31 + 1
    0.391501 1 71
  4.3918 7 - 1
    0.355 1 73
  4.6404 33 - 2
    0.5391 0.5 74
    0.8248 0.5 70
  4.724 5 + 2
    0.418799 0.5 76
    0.8103 0.5 71
  4.9544 35 - 2
    0.314 0.5 78
    0.8531 0.5 74
  5.1791 9 + 2
    0.455101 0.5 79
    0.8739 0.5 76
  5.1873 3 + 1
    1.012 1 75
  5.5354 7 - 1
    0.895 1 78
  5.8654 5 + 1
    0.33 1 83

55 128 8
  0 2 + 0
  0.18788 0 + 1
    0.18788 1 0
  0.21544 4 + 1
    0.21544 1 0
  0.2295 6 + 1
    0.2295 1 0
  0.27344 2 + 1
    0.27344 1 0
  0.31715 8 + 2
    0.12927 0.4095 1
    0.31715 0.5905 0
  0.35911 10 + 2
    0.14367 0.1244 2
    0.35911 0.8756 0
  0.374998 2 + 4
    0.101558 0.085736 4
    0.159558 0.039303 2
    0.187118 0.104407 1
    0.374998 0.770554 0

55 129 71
  0 1 + 0
  0.00655 5 + 1
    0.00655 1 0
  0.13557 3 + 2
    0.12902 0.8739 1
    0.13557 0.1261 0
  0.18893 7 + 2
    0.05336 0.037552 2
    0.18238 0.962448 1
  0.20906 5 + 2
    0.07349 0.073828 2
    0.20251 0.926172 1
  0.22074 3 + 3
    0.08517 0.030529 2
    0.21419 0.588382 1
    0.22074 0.381089 0
  0.42647 9 + 1
    0.23754 1 3
  0.55165 7 + 2
    0.41608 0.3616 2
    0.55165 0.6384 0
  0.55396 1 + 2
    0.33322 0.1332 5
    0.55396 0.8668 0
  0.565195 7 + 4
    0.344455 0.142297 5
    0.356135 0.028819 4
    0.376265 0.222396 3
    0.558645 0.606488 1
  0.57544 11 - 4
    0.14897 0.2928 6
    0.36638 0.1457 4
    0.38651 0.2422 3
    0.56889 0.3193 1
  0.60336 7 + 6
    0.17689 0.307203 6
    0.38262 0.0334 5
    0.3943 0.221302 4
    0.41443 0.094991 3
    0.46779 0.165502 2
    0.59681 0.177602 1
  0.64842 11 + 1
    0.45949 1 3
  0.69028 9 + 2
    0.48122 0.5845 4
    0.50135 0.4155 3
  0.75517 7 + 6
    0.15181 0.016431 11
    0.3287 0.023111 6
    0.53443 0.138706 5
    0.54611 0.479419 4
    0.56624 0.311312 3
    0.6196 0.031021 2
  0.8791 5 + 5
    0.65836 0.069077 5
    0.67004 0.073667 4
    0.69017 0.358986 3
    0.74353 0.039088 2
    0.87255 0.459182 1
  0.96915 7 + 5
    0.54268 0.228377 6
    0.76009 0.079492 4
    0.78022 0.378462 3
    0.83358 0.151185 2
    0.9626 0.162484 1
  0.99191 7 - 3
    0.34349 0.031711 12
    0.426715 0.059271 9
    0.80298 0.909018 3
  1.02384 15 - 1
    0.4484 1 10
  1.03214 13 + 2
    0.38372 0.5 12
    0.60567 0.5 6
  1.15 13 - 1
    0.57456 1 10
  1.15618 5 + 2
    0.590985 0.1155 9
    0.93544 0.8845 5
  1.16492 3 - 2
    0.94418 0.090927 5
    1.16492 0.909073 0
  1.231 11 + 2
    0.62764 0.5 11
    0.80453 0.5 6
  1.25563 5 - 5
    0.28648 0.095984 16
    0.690435 0.111493 9
    0.82916 0.045767 6
    1.03489 0.33418 5
    1.04657 0.412575 4
  1.2794 15 + 1
    0.63098 1 12
  1.3392 13 + 1
    0.64892 1 13
  1.60935 3 - 2
    1.38861 0.2038 5
    1.47378 0.7962 2
  1.6278 19 - 1
    0.60396 1 18
  1.64795 9 - 13
    0.39232 0.147797 24
    0.49177 0.006044 21
    0.65604 0.025519 17
    0.6788 0.094018 16
    0.76885 0.01981 15
    0.89278 0.140997 14
    0.95767 0.027539 13
    0.99953 0.053729 12
    1.04459 0.094018 11
    1.07251 0.005037 10
    1.22148 0.042649 6
    1.45902 0.335792 3
    1.6414 0.007052 1
  1.66511 3 - 2
    1.45605 0.5 4
    1.52954 0.5 2
  1.68141 1 - 10
    0.42578 0.086653 24
    0.52523 0.058552 21
    0.6895 0.234207 17
    0.71226 0.161605 16
    0.92624 0.070262 14
    0.99113 0.091333 13
    1.07805 0.079632 11
    1.11621 0.147504 9
    1.47235 0.042151 4
    1.49248 0.028101 3
  1.6921 17 - 1
    0.66826 1 18
  1.69412 5 - 2
    1.14016 0.3902 8
    1.55855 0.6098 2
  1.70093 9 - 2
    1.69438 0.4845 1
    1.70093 0.5155 0
  1.7919 17 + 1
    0.75976 1 19
  1.81249 3 - 12
    0.16454 0.020478 29
    0.55686 0.087761 24
    0.82058 0.076062 17
    0.93339 0.119988 15
    1.12221 0.137486 13
    1.16407 0.026327 12
    1.20913 0.178482 11
    1.23705 0.021058 10
    1.38602 0.015508 6
    1.60343 0.008191 4
    1.62356 0.29257 3
    1.80594 0.016088 1
  1.83065 5 - 4
    1.27669 0.103295 8
    1.60991 0.282586 5
    1.69508 0.070646 2
    1.83065 0.543473 0
  1.8901 15 + 2
    0.6591 0.5 23
    1.24168 0.5 12
  1.92268 9 - 4
    1.36872 0.351718 8
    1.78711 0.139807 2
    1.91613 0.084754 1
    1.92268 0.423721 0
  1.94043 1 - 3
    1.25015 0.3468 13
    1.29201 0.4505 12
    1.7515 0.2027 3
  1.95417 1 + 5
    1.40021 0.01094 8
    1.74511 0.08051 4
    1.8186 0.07475 2
    1.94762 0.2588 1
    1.95417 0.575 0
  2.01912 3 - 4
    1.02721 0.183406 17
    1.3707 0.436713 12
    1.44368 0.362411 10
    1.83019 0.017471 3
  2.0478 19 + 1
    0.7684 1 25
  2.07776 5 - 2
    1.85702 0.5 5
    1.8687 0.5 4
  2.1223 17 + 1
    0.7831 1 26
  2.2548 5 - 1
    2.03406 1 5
  2.3086 3 - 2
    2.08786 0.5 5
    2.09954 0.5 4
  2.3201 21 - 2
    0.628 0.1379 32
    0.6923 0.8621 28
  2.3963 23 - 1
    0.7685 1 28
  2.6319 21 + 1
    0.84 1 35
  2.667 19 + 2
    0.7769 0.5 38
    1.3876 0.5 25
  2.6762 19 + 1
    0.7861 1 38
  2.8123 21 + 2
    0.1361 0.3299 52
    0.1453 0.6701 51
  2.908 23 + 1
    0.8602 1 43
  2.9512 21 + 1
    0.8289 1 45
  3.0424 23 + 1
    0.2301 1 53
  3.096 25 - 2
    0.6997 0.3012 49
    0.7759 0.6988 48
  3.2361 27 - 1
    0.8398 1 49
  3.2959 7 - 1
    0.664 1 50
  3.4063 25 + 1
    0.3639 1 56
  3.7288 27 + 1
    0.8208 1 54
  3.8019 27 + 1
    0.3956 1 60
  3.924 5 - 2
    0.6879 0.5 58
    0.828 0.5 57
  3.9489 3 - 1
    0.653 1 59
  4.115 31 - 1
    0.8789 1 58
  4.1296 29 + 1
    0.327701 1 62
  4.4358 7 - 1
    0.707 1 61
  5.0327 35 - 1
    0.917701 1 65
  5.9897 39 - 1
    0.956999 1 68
  7.0007 43 - 1
    1.011 1 69

55 130 47
  0 2 + 0
  0.08037 4 + 1
    0.08037 1 0
  0.13154 4 + 2
    0.05117 0.965629 1
    0.13154 0.034371 0
  0.14835 4 - 1
    0.14835 1 0
  0.16325 10 - 3
    0.0149 0.055821 3
    0.03171 0.540876 2
    0.08288 0.403303 1
  0.17049 6 - 1
    0.17049 1 0
  0.25387 2 - 1
    0.1735 1 1
  0.2702 2 + 1
    0.13866 1 2
  0.2788 12 - 1
    0.11555 1 4
  0.31452 2 + 1
    0.18298 1 2
  0.3181 4 + 1
    0.14761 1 5
  0.3756 14 - 1
    0.0968 1 8
  0.43213 4 + 2
    0.11761 0.5703 9
    0.30059 0.4297 2
  0.5302 2 + 1
    0.26 1 7
  0.535 6 - 1
    0.2169 1 10
  0.5655 16 - 1
    0.1899 1 11
  0.61812 16 - 1
    0.24252 1 11
  0.6382 2 + 1
    0.368 1 7
  0.68835 4 - 1
    0.41815 1 7
  0.87826 18 - 1
    0.31276 1 15
  0.9543 6 + 1
    0.52217 1 12
  0.9621 6 + 1
    0.52997 1 12
  0.9748 18 + 1
    0.4093 1 15
  0.99725 18 - 1
    0.37913 1 16
  1.0504 6 - 1
    0.61827 1 12
  1.1265 20 + 1
    0.1517 1 22
  1.1721 20 - 1
    0.6066 1 15
  1.2429 8 - 1
    0.55455 1 18
  1.2654 20 - 1
    0.64728 1 16
  1.4798 22 + 1
    0.3533 1 25
  1.5129 22 - 1
    0.63464 1 19
  1.6738 22 + 2
    0.5473 0.5 25
    0.699 0.5 22
  1.77 24 + 2
    0.2902 0.6021 29
    0.6435 0.3979 25
  1.8056 8 + 1
    0.80835 1 23
  1.9607 24 - 1
    0.7886 1 26
  2.0748 24 + 2
    0.401 0.5 31
    0.595 0.5 29
  2.0861 24 - 1
    0.8207 1 28
  2.187 26 + 2
    0.417 0.5415 32
    0.7072 0.4585 29
  2.3096 8 + 1
    0.7967 1 30
  2.4468 26 + 3
    0.372 0.333333 35
    0.6768 0.333333 32
    0.773 0.333333 31
  2.6135 28 + 2
    0.4265 0.5 37
    0.8435 0.5 32
  2.7966 28 + 3
    0.3498 0.333333 39
    0.6096 0.333333 37
    0.7218 0.333333 35
  2.8976 8 - 1
    0.9369 1 34
  3.0825 30 + 2
    0.469 0.5 40
    0.8955 0.5 37
  3.2498 30 + 2
    0.4532 0.5 41
    0.803 0.5 39
  3.5475 32 + 1
    0.934 1 40
  4.0405 34 + 2
    0.493 0.5 45
    0.958 0.5 43

55 131 94
  0 5 + 0
  0.07873 7 + 1
    0.07873 1 0
  0.123804 1 + 1
    0.123804 1 0
  0.133615 5 + 2
    0.054885 0.3674 1
    0.133615 0.6326 0
  0.216086 3 + 4
    0.082471 0.002827 3
    0.092282 0.054842 2
    0.137356 0.002603 1
    0.216086 0.939728 0
  0.274 9 + 2
    0.140385 0.5 3
    0.274 0.5 0
  0.373242 3 + 5
    0.157156 0.0112 4
    0.239627 0.128101 3
    0.249438 0.151501 2
    0.294512 0.008591 1
    0.373242 0.700606 0
  0.49611 9 + 2
    0.41738 0.04889 1
    0.49611 0.95111 0
  0.585043 3 + 6
    0.088933 0.267904 7
    0.368957 0.009508 4
    0.451428 0.02289 3
    0.461239 0.03152 2
    0.506313 0.001068 1
    0.585043 0.667109 0
  0.59635 5 + 2
    0.51762 0.5755 1
    0.59635 0.4245 0
  0.6162 11 + 1
    0.53747 1 1
  0.620128 1 + 5
    0.246886 0.01287 6
    0.404042 0.025231 4
    0.486513 0.039901 3
    0.496324 0.894727 2
    0.620128 0.027271 0
  0.65762 7 + 3
    0.072577 0.928337 8
    0.533816 0.021861 2
    0.65762 0.049802 0
  0.696487 3 + 5
    0.323245 0.009911 6
    0.480401 0.512439 4
    0.562872 0.005713 3
    0.572683 0.243219 2
    0.696487 0.228718 0
  0.75 13 - 1
    0.1338 1 10
  0.76413 5 + 1
    0.630515 1 3
  0.77528 11 - 2
    0.11766 0.914209 12
    0.27917 0.085791 7
  0.91958 5 + 7
    0.42347 0.075324 7
    0.546338 0.132807 6
    0.703494 0.267813 4
    0.785965 0.088044 3
    0.795776 0.026721 2
    0.84085 0.071074 1
    0.91958 0.338217 0
  1.04399 7 + 3
    0.26871 0.552245 16
    0.458947 0.274873 8
    0.827904 0.172883 4
  1.04768 3 + 11
    0.1281 0.007344 17
    0.351193 0.043021 13
    0.39006 0.000723 12
    0.427552 0.035021 11
    0.462637 0.017241 8
    0.674438 0.048012 6
    0.831594 0.082523 4
    0.914065 0.016781 3
    0.923876 0.262509 2
    0.96895 0.01321 1
    1.04768 0.473616 0
  1.14732 13 + 2
    0.53112 0.069272 10
    0.65121 0.930728 7
  1.17067 3 + 8
    0.40654 0.113204 15
    0.474183 0.01274 13
    0.550542 0.0117 11
    0.797428 0.193506 6
    0.954584 0.173405 4
    1.03706 0.002518 3
    1.04687 0.484215 2
    1.17067 0.008711 0
  1.212 9 - 2
    0.5958 0.5 10
    1.13327 0.5 1
  1.25782 7 + 3
    0.6002 0.1522 12
    0.66147 0.6333 9
    0.884578 0.2145 6
  1.288 15 - 2
    0.14068 0.5 20
    0.51272 0.5 16
  1.30906 15 - 1
    0.53378 1 16
  1.314 7 + 2
    1.09791 0.5 4
    1.23527 0.5 1
  1.3241 15 + 1
    0.7079 1 10
  1.34196 3 + 7
    0.29797 0.337103 18
    0.74561 0.110201 9
    0.756917 0.04213 8
    1.12587 0.229502 4
    1.20835 0.148601 3
    1.21816 0.04201 2
    1.34196 0.090451 0
  1.355 1 - 2
    0.981758 0.5 6
    1.13891 0.5 4
  1.383 5 - 2
    1.16691 0.5 4
    1.30427 0.5 1
  1.40444 13 - 1
    0.62916 1 16
  1.458 9 - 2
    0.8418 0.5 10
    1.37927 0.5 1
  1.498 7 - 2
    1.36438 0.5 3
    1.498 0.5 0
  1.558 11 - 2
    1.06189 0.5 7
    1.284 0.5 5
  1.587 5 + 2
    1.4632 0.5 2
    1.587 0.5 0
  1.617 1 - 2
    1.24376 0.5 6
    1.40091 0.5 4
  1.6361 15 - 1
    0.23166 1 31
  1.671 7 + 2
    1.45491 0.5 4
    1.59227 0.5 1
  1.708 9 - 2
    1.0918 0.5 10
    1.62927 0.5 1
  1.744 5 - 2
    1.52791 0.5 4
    1.66527 0.5 1
  1.92777 17 + 2
    0.60367 0.1302 27
    0.78045 0.8698 20
  1.94839 15 - 2
    0.54395 0.7942 31
    0.63933 0.2058 25
  1.97269 19 - 1
    0.66363 1 25
  2.0063 15 - 3
    0.60186 0.333333 31
    0.69724 0.333333 25
    1.23102 0.333333 16
  2.02178 17 - 2
    0.61734 0.2367 31
    0.71272 0.7633 25
  2.1546 19 + 2
    0.22683 0.025529 41
    0.8305 0.974471 27
  2.2227 17 - 1
    0.27431 1 42
  2.34348 19 - 4
    0.12078 0.087082 47
    0.37079 0.139987 43
    0.39509 0.578948 42
    0.70738 0.193983 37
  2.5535 17 + 2
    0.62573 0.6464 41
    1.2294 0.3536 27
  2.5724 19 - 3
    0.5661 0.333333 44
    0.59971 0.333333 43
    1.26334 0.333333 25
  2.65985 21 - 2
    0.63807 0.1999 45
    0.68716 0.8001 43
  2.6753 21 - 2
    0.33182 0.7102 48
    0.70261 0.2898 43
  2.6854 19 + 1
    0.1319 1 49
  2.7335 21 + 2
    0.5789 0.1242 46
    0.80573 0.8758 41
  2.7794 21 + 1
    0.85163 1 41
  2.81598 23 - 2
    0.15613 0.070209 51
    0.84329 0.929791 43
  2.834 21 + 2
    0.1486 0.2866 53
    0.90623 0.7134 41
  2.8741 23 + 3
    0.0947 0.098228 55
    0.1406 0.790163 54
    0.7195 0.111609 46
  3.0326 23 + 1
    0.878 1 46
  3.0415 25 + 1
    0.1674 1 58
  3.0573 23 + 3
    0.2233 0.6015 57
    0.2779 0.1734 55
    0.9027 0.2251 46
  3.0634 23 - 2
    0.3881 0.5929 52
    0.71992 0.4071 48
  3.1628 25 + 2
    0.2887 0.8597 58
    0.34682 0.1403 56
  3.2787 23 - 3
    0.46272 0.333333 56
    0.7063 0.333333 50
    1.30601 0.333333 43
  3.4136 25 + 2
    0.3563 0.8339 61
    0.381 0.1661 59
  3.4246 25 - 2
    0.3612 0.4034 62
    0.7493 0.5966 52
  3.4644 25 - 3
    0.401 0.091954 62
    0.64842 0.781153 56
    0.80455 0.126892 51
  3.5209 25 - 2
    0.70492 0.2313 56
    0.86105 0.7687 51
  3.5918 25 + 1
    0.5503 1 60
  3.62 27 - 3
    0.0991 0.044558 68
    0.1556 0.064977 67
    0.80402 0.890464 56
  3.667 27 + 2
    0.6255 0.5 60
    0.7929 0.5 58
  3.7222 27 + 2
    0.3086 0.7586 65
    0.6649 0.2414 61
  3.7245 27 - 3
    0.2036 0.3252 68
    0.2601 0.1183 67
    0.90852 0.5565 56
  3.856 29 + 2
    0.6932 0.5955 63
    0.8145 0.4045 60
  3.8676 29 + 2
    0.7048 0.225 63
    0.8261 0.775 60
  3.8709 27 - 2
    0.4463 0.2149 66
    0.8075 0.7851 62
  3.9714 27 + 1
    0.9388 1 59
  4.0108 29 - 2
    0.2863 0.3303 73
    0.3908 0.6697 70
  4.0432 27 - 2
    0.3187 0.5 73
    1.22722 0.5 56
  4.1438 29 + 2
    0.4216 0.8354 72
    0.7302 0.1646 65
  4.2906 29 - 2
    0.4197 0.1828 76
    0.866 0.8172 66
  4.3472 29 + 2
    0.4796 0.5 75
    0.7554 0.5 69
  4.3863 31 - 2
    0.3755 0.785 78
    0.7663 0.215 70
  4.623 31 + 1
    0.956 1 71
  4.6416 31 - 1
    0.9171 1 73
  4.6527 31 + 2
    0.5089 0.4034 80
    0.9305 0.5966 72
  4.7167 31 - 2
    0.426101 0.5 81
    0.845801 0.5 76
  4.7337 33 + 2
    0.8661 0.3104 75
    0.8777 0.6896 74
  4.8562 33 + 1
    0.9886 1 75
  4.9042 33 - 2
    0.517901 0.8277 83
    0.893401 0.1723 78
  5.0782 33 + 2
    0.4255 0.5 86
    0.9344 0.5 80
  5.2642 35 - 2
    0.359999 0.4144 90
    0.8779 0.5856 83
  5.7351 37 + 1
    1.0014 1 88

55 132 74
  0 4 + 0
  0.0862 6 + 1
    0.0862 1 0
  0.1083 8 + 2
    0.0221 0.5 1
    0.1083 0.5 0
  0.136 8 + 2
    0.0277 0.5 2
    0.136 0.5 0
  0.153 2 + 1
    0.0668 1 1
  0.1836 8 + 1
    0.0974 1 1
  0.1859 10 + 1
    0.0776 1 2
  0.213 12 + 2
    0.077 0.5 3
    0.1047 0.5 2
  0.2401 10 - 3
    0.0542 0.333333 6
    0.0565 0.333333 5
    0.1318 0.333333 2
  0.27 4 - 2
    0.117 0.5 4
    0.1838 0.5 1
  0.291 6 - 2
    0.1827 0.5 2
    0.291 0.5 0
  0.3117 14 - 1
    0.0716 1 8
  0.327 2 - 2
    0.036 0.5 10
    0.327 0.5 0
  0.352 0 - 2
    0.082 0.5 9
    0.199 0.5 4
  0.3793 16 - 1
    0.0676 1 11
  0.4 4 - 2
    0.247 0.5 4
    0.3138 0.5 1
  0.426 6 + 2
    0.273 0.5 4
    0.3398 0.5 1
  0.505 2 - 2
    0.214 0.5 10
    0.505 0.5 0
  0.521 4 + 2
    0.4127 0.5 2
    0.521 0.5 0
  0.5376 16 - 1
    0.2259 1 11
  0.551 6 + 2
    0.398 0.5 4
    0.4648 0.5 1
  0.7878 18 - 1
    0.4085 1 14
  0.98 18 - 2
    0.4424 0.4929 19
    0.6683 0.5071 11
  1.0815 20 - 2
    0.2937 0.082354 21
    0.7022 0.917646 14
  1.1313 18 + 2
    0.3435 0.1852 21
    0.5937 0.8148 19
  1.2147 20 - 2
    0.2347 0.2913 22
    0.6771 0.7087 19
  1.2819 20 + 2
    0.1506 0.8759 24
    0.4941 0.1241 21
  1.4746 22 - 2
    0.3931 0.7335 23
    0.6868 0.2665 21
  1.6835 22 + 1
    0.4016 1 26
  1.7292 20 + 1
    0.4473 1 26
  1.8261 22 - 2
    0.6114 0.4884 25
    0.8461 0.5116 22
  1.8352 22 + 2
    0.5533 0.4179 26
    0.7039 0.5821 24
  1.8912 22 + 3
    0.162 0.205 29
    0.6093 0.6685 26
    0.7599 0.1265 24
  1.9339 24 - 2
    0.4593 0.2448 27
    0.8524 0.7552 23
  1.982 24 + 3
    0.1468 0.3248 31
    0.2985 0.1566 28
    0.7001 0.5186 26
  1.9879 24 + 3
    0.1527 0.548 31
    0.3044 0.1808 28
    0.706 0.2712 26
  2.0894 24 - 2
    0.2633 0.3082 30
    0.8747 0.6918 25
  2.2016 24 + 2
    0.3104 0.628 32
    0.5181 0.372 28
  2.316 26 - 2
    0.3821 0.3101 33
    0.8414 0.6899 27
  2.3687 26 + 2
    0.1671 0.4202 37
    0.3867 0.5798 34
  2.3957 28 + 2
    0.4078 0.7735 35
    0.4137 0.2265 34
  2.41 26 + 3
    0.4221 0.2846 35
    0.428 0.548 34
    0.7265 0.1674 28
  2.5154 26 + 1
    0.3138 1 37
  2.636 26 - 2
    0.5466 0.5566 36
    0.7021 0.4434 33
  2.7728 28 - 1
    0.1368 1 43
  2.8651 28 + 3
    0.4551 0.1529 41
    0.4964 0.4034 39
    0.8831 0.4437 34
  2.8685 28 - 2
    0.5525 0.1535 38
    0.9346 0.8465 33
  2.8936 28 + 2
    0.3782 0.428 42
    0.4836 0.572 41
  2.9097 28 + 1
    0.541 1 39
  2.9887 30 - 1
    0.2159 1 44
  3.0289 30 + 1
    0.6332 1 40
  3.1653 24 + 1
    1.0759 1 36
  3.232 30 - 3
    0.2433 0.1903 49
    0.3635 0.1545 46
    0.916 0.6552 38
  3.2709 32 - 1
    0.2822 1 49
  3.3106 30 + 2
    0.4455 0.5684 45
    0.9006 0.4316 41
  3.3735 30 - 1
    1.0575 1 38
  3.3895 32 + 2
    0.3606 0.1056 50
    0.9938 0.8944 40
  3.5859 32 - 2
    0.2124 0.5715 55
    0.3539 0.4285 52
  3.6657 34 - 1
    0.3948 1 53
  3.7591 34 + 1
    0.7302 1 50
  3.7887 32 + 2
    0.4781 0.3447 54
    0.9236 0.6553 45
  3.9856 34 - 2
    0.3997 0.423 57
    0.7536 0.577 52
  4.1728 36 - 1
    0.5071 1 58
  4.187 34 - 1
    0.955 1 52
  4.2415 34 + 2
    0.4528 0.3743 60
    0.9309 0.6257 54
  4.3863 36 + 1
    0.9968 1 56
  4.4874 36 - 1
    0.5018 1 61
  4.6655 36 + 2
    0.424 0.4635 64
    0.8768 0.5365 60
  4.7559 38 - 1
    0.5831 1 62
  4.9437 38 - 1
    0.4563 1 66
  5.0736 38 + 1
    0.8321 1 64
  5.2124 4 - 1
    0.8261 1 65
  5.4236 40 - 1
    0.6677 1 68
  5.6965 40 + 1
    1.3102 1 65

55 133 58
  0 7 + 0
  0.080998 5 + 1
    0.080998 1 0
  0.160612 5 + 2
    0.079614 0.8988 1
    0.160612 0.1012 0
  0.383849 3 + 3
    0.223237 0.01728 2
    0.302851 0.665313 1
    0.383849 0.317406 0
  0.437011 1 + 3
    0.053162 0.170097 3
    0.276399 0.087918 2
    0.356013 0.741985 1
  0.63256 11 + 1
    0.63256 1 0
  0.6404 3 + 3
    0.479788 0.501115 2
    0.559402 0.479014 1
    0.6404 0.019871 0
  0.70557 9 + 2
    0.624572 0.7812 1
    0.70557 0.2188 0
  0.72916 5 - 2
    0.648162 0.2249 1
    0.72916 0.7751 0
  0.76768 9 + 2
    0.607068 0.082663 2
    0.76768 0.917337 0
  0.7886 3 + 1
    0.7886 1 0
  0.81906 5 - 3
    0.658448 0.2991 2
    0.738062 0.2108 1
    0.81906 0.4901 0
  0.87186 7 + 2
    0.711248 0.1528 2
    0.87186 0.8472 0
  0.91609 7 - 3
    0.755478 0.4588 2
    0.835092 0.1514 1
    0.91609 0.3898 0
  0.9416 7 - 2
    0.860602 0.7247 1
    0.9416 0.2753 0
  1.0711 11 - 1
    0.36553 1 7
  1.08925 7 + 4
    0.705401 0.8469 3
    0.928638 0.09222 2
    1.00825 0.03467 1
    1.08925 0.02621 0
  1.17269 13 - 2
    0.788841 0.8264 3
    1.17269 0.1736 0
  1.21933 1 - 2
    0.34747 0.5348 12
    1.21933 0.4652 0
  1.4299 15 + 1
    0.79734 1 5
  1.44222 9 - 1
    0.67454 1 9
  1.5096 3 - 2
    0.78044 0.6452 8
    1.5096 0.3548 0
  1.6039 15 - 1
    0.5328 1 15
  1.67465 5 - 3
    0.96908 0.606094 7
    1.03425 0.090909 6
    1.67465 0.302997 0
  1.6924 1 - 2
    1.6114 0.3711 1
    1.6924 0.6289 0
  1.7448 15 - 1
    0.6737 1 15
  1.8806 3 + 2
    1.49675 0.6369 3
    1.8806 0.3631 0
  1.9194 9 - 3
    1.04754 0.636964 12
    1.1308 0.184718 10
    1.9194 0.178318 0
  1.923 19 + 1
    0.3191 1 22
  1.9515 17 - 1
    0.3476 1 22
  2.0014 5 + 2
    1.27224 0.5988 8
    2.0014 0.4012 0
  2.0356 11 - 3
    1.30644 0.328 8
    1.65175 0.5376 3
    2.0356 0.1344 0
  2.1562 7 + 3
    0.93687 0.142886 18
    1.06695 0.680232 16
    2.1562 0.176882 0
  2.2951 19 + 1
    0.8652 1 19
  2.321 5 - 2
    1.40491 0.6061 13
    1.93715 0.3939 3
  2.415 3 - 2
    2.25439 0.5 2
    2.334 0.5 1
  2.438 9 + 2
    2.27739 0.5 2
    2.357 0.5 1
  2.462 1 - 2
    1.8216 0.5 6
    2.07815 0.5 3
  2.5283 21 + 1
    0.2332 1 33
  2.6434 23 - 1
    0.1151 1 38
  2.645 7 + 2
    2.26115 0.5 3
    2.645 0.5 0
  2.672 3 - 2
    2.51139 0.5 2
    2.591 0.5 1
  2.722 5 + 2
    2.56139 0.5 2
    2.641 0.5 1
  2.744 13 - 2
    1.57131 0.5 17
    2.11144 0.5 5
  2.759 9 + 2
    2.59839 0.5 2
    2.678 0.5 1
  2.815 7 - 2
    2.65439 0.5 2
    2.734 0.5 1
  2.8342 25 + 1
    0.1908 1 39
  2.858 5 - 2
    2.47415 0.5 3
    2.858 0.5 0
  2.873 3 + 2
    2.48915 0.5 3
    2.873 0.5 0
  2.909 11 - 2
    2.14132 0.5 9
    2.20343 0.5 7
  2.944 1 + 2
    2.78339 0.5 2
    2.863 0.5 1
  3.039 5 - 2
    2.65515 0.5 3
    3.039 0.5 0
  3.296 7 + 2
    2.91215 0.5 3
    3.296 0.5 0
  3.322 3 - 2
    3.16139 0.5 2
    3.241 0.5 1
  3.422 9 + 2
    3.26139 0.5 2
    3.341 0.5 1
  3.517 5 - 2
    3.13315 0.5 3
    3.517 0.5 0
  3.526 7 + 2
    3.14215 0.5 3
    3.526 0.5 0
  3.672 3 - 2
    3.51139 0.5 2
    3.591 0.5 1

55 134 122
  0 8 + 0
  0.011244 10 + 1
    0.011244 1 0
  0.06003 6 + 1
    0.06003 1 0
  0.138744 16 - 2
    0.1275 0.994802 1
    0.138744 0.005198 0
  0.173794 6 + 2
    0.113764 0.992399 2
    0.173794 0.007601 0
  0.176404 8 - 2
    0.116374 0.704 2
    0.176404 0.296 0
  0.183451 2 + 1
    0.123421 1 2
  0.190261 6 + 3
    0.130231 0.906176 2
    0.179017 0.088648 1
    0.190261 0.005176 0
  0.193616 8 - 3
    0.017212 0.988858 5
    0.133586 0.009791 2
    0.182372 0.001351 1
  0.197782 4 + 4
    0.014331 0.580735 6
    0.023988 0.312819 4
    0.137752 0.052353 2
    0.197782 0.054093 0
  0.209546 8 + 3
    0.149516 0.047249 2
    0.198302 0.888573 1
    0.209546 0.064178 0
  0.234334 6 + 4
    0.044073 0.072649 7
    0.174304 0.289696 2
    0.22309 0.003563 1
    0.234334 0.634092 0
  0.257108 12 - 3
    0.063492 0.076918 8
    0.118364 0.538789 3
    0.245864 0.384292 1
  0.267662 10 - 1
    0.074046 1 8
  0.271349 6 + 7
    0.037015 0.204784 11
    0.073567 0.205284 9
    0.081088 0.036067 7
    0.094945 0.015409 5
    0.097555 0.103592 4
    0.211319 0.288077 2
    0.271349 0.146788 0
  0.290967 4 + 3
    0.093185 0.524 9
    0.107516 0.2648 6
    0.117173 0.2112 4
  0.344359 14 - 2
    0.087251 0.3359 12
    0.205615 0.6641 3
  0.377102 8 + 4
    0.142768 0.252503 11
    0.167556 0.02279 10
    0.186841 0.500505 7
    0.317072 0.224202 2
  0.382983 12 - 3
    0.038624 0.9414 16
    0.115321 0.01215 13
    0.371739 0.04645 1
  0.434175 12 - 2
    0.177067 0.1053 12
    0.295431 0.8947 3
  0.450238 10 - 5
    0.067255 0.809122 18
    0.240692 0.007333 10
    0.256622 0.082152 8
    0.438994 0.046821 1
    0.450238 0.054571 0
  0.451425 6 + 10
    0.180076 0.126295 14
    0.217091 0.009075 11
    0.253643 0.031899 9
    0.257809 0.020659 8
    0.261164 0.480982 7
    0.267974 0.006213 6
    0.275021 0.01282 5
    0.277631 0.083407 4
    0.391395 0.086857 2
    0.451425 0.141795 0
  0.454088 8 + 6
    0.076986 0.046156 17
    0.219754 0.460963 11
    0.244542 0.037057 10
    0.263827 0.094732 7
    0.442844 0.276478 1
    0.454088 0.084613 0
  0.483657 8 - 1
    0.307253 1 5
  0.502841 6 + 6
    0.125739 0.041487 17
    0.293295 0.323077 10
    0.305059 0.14139 9
    0.31258 0.015859 7
    0.491597 0.049617 1
    0.502841 0.42857 0
  0.519322 6 + 6
    0.14222 0.01532 17
    0.284988 0.073611 11
    0.309776 0.357404 10
    0.329061 0.090961 7
    0.508078 0.185202 1
    0.519322 0.277503 0
  0.539657 8 + 2
    0.479627 0.0621 2
    0.528413 0.9379 1
  0.570827 8 - 5
    0.120589 0.731871 20
    0.303165 0.055878 13
    0.336493 0.0115 11
    0.510797 0.126095 2
    0.570827 0.074657 0
  0.579131 6 + 7
    0.127706 0.179213 21
    0.307782 0.063654 14
    0.344797 0.054594 11
    0.38887 0.027492 7
    0.39568 0.162011 6
    0.519101 0.411629 2
    0.579131 0.101407 0
  0.58418 6 + 6
    0.132755 0.111999 21
    0.349846 0.098259 11
    0.400729 0.069519 6
    0.410386 0.02973 4
    0.52415 0.535595 2
    0.58418 0.154898 0
  0.613021 10 - 3
    0.345359 0.3844 13
    0.601777 0.4611 1
    0.613021 0.1545 0
  0.621997 8 + 3
    0.244895 0.061809 17
    0.412451 0.301697 10
    0.561967 0.636494 2
  0.624007 10 - 3
    0.189832 0.1696 19
    0.279648 0.1562 16
    0.356345 0.6742 13
  0.6407 16 + 1
    0.206525 1 19
  0.643964 8 - 5
    0.193726 0.038271 20
    0.376302 0.047281 13
    0.386856 0.178204 12
    0.450348 0.710014 8
    0.46756 0.026231 5
  0.6533 4 - 2
    0.479506 0.5 4
    0.59327 0.5 2
  0.665 2 - 2
    0.374033 0.5 15
    0.467218 0.5 9
  0.676 4 - 2
    0.502206 0.5 4
    0.61597 0.5 2
  0.6807 14 - 1
    0.246525 1 19
  0.684504 6 - 2
    0.200847 0.909936 23
    0.393537 0.090064 15
  0.688626 8 + 8
    0.064619 0.035729 32
    0.237201 0.028229 21
    0.417277 0.262092 14
    0.47908 0.023629 10
    0.490844 0.029079 9
    0.514832 0.065858 4
    0.628596 0.34509 2
    0.688626 0.210294 0
  0.693838 6 + 5
    0.402871 0.050783 15
    0.422489 0.090065 14
    0.503577 0.214111 7
    0.520044 0.088814 4
    0.633808 0.556228 2
  0.702 8 - 7
    0.131173 0.025189 27
    0.218343 0.410788 23
    0.430651 0.007779 14
    0.434338 0.080298 13
    0.508384 0.130596 8
    0.525596 0.32799 5
    0.64197 0.017359 2
  0.715823 6 - 4
    0.232166 0.274414 23
    0.518041 0.030792 9
    0.522207 0.062063 8
    0.539419 0.632732 5
  0.7204 4 - 2
    0.546606 0.5 4
    0.66037 0.5 2
  0.741277 6 + 7
    0.221955 0.015979 25
    0.364175 0.044098 17
    0.531731 0.106795 10
    0.567483 0.093265 4
    0.681247 0.332083 2
    0.730033 0.19219 1
    0.741277 0.215589 0
  0.7487 20 - 1
    0.609956 1 3
  0.752703 8 - 7
    0.050703 0.294612 42
    0.108739 0.030361 34
    0.302465 0.168607 20
    0.485041 0.109604 13
    0.495595 0.111704 12
    0.559087 0.148306 8
    0.576299 0.136805 5
  0.7838 2 + 2
    0.610006 0.5 4
    0.72377 0.5 2
  0.801253 4 + 3
    0.529904 0.4235 14
    0.566919 0.0796 11
    0.603471 0.4969 9
  0.8028 2 - 2
    0.511833 0.5 15
    0.605018 0.5 9
  0.8192 4 - 2
    0.645406 0.5 4
    0.75917 0.5 2
  0.8207 12 + 1
    0.681956 1 3
  0.826645 8 + 5
    0.247514 0.0479 28
    0.535678 0.2678 15
    0.592311 0.1209 11
    0.628863 0.3258 9
    0.766615 0.2376 2
  0.831684 10 - 4
    0.078981 0.381462 47
    0.207677 0.280672 32
    0.564022 0.132987 13
    0.574576 0.20488 12
  0.835714 8 - 8
    0.316392 0.089342 25
    0.381626 0.051895 22
    0.384289 0.103791 21
    0.564365 0.083532 14
    0.60138 0.079533 11
    0.645453 0.397564 7
    0.66192 0.071154 4
    0.835714 0.123189 0
  0.839813 6 - 6
    0.268986 0.272325 27
    0.356156 0.256423 23
    0.462711 0.011611 17
    0.646197 0.162915 8
    0.663409 0.183517 5
    0.666019 0.11321 4
  0.8419 2 + 2
    0.668106 0.5 4
    0.78187 0.5 2
  0.8454 4 + 2
    0.647618 0.5 9
    0.8454 0.5 0
  0.8508 2 - 2
    0.559833 0.5 15
    0.653018 0.5 9
  0.862 4 + 2
    0.664218 0.5 9
    0.862 0.5 0
  0.880349 8 + 6
    0.178349 0.060462 42
    0.296169 0.057402 29
    0.426261 0.110804 22
    0.682567 0.107504 9
    0.869105 0.436717 1
    0.880349 0.227109 0
  0.912608 8 + 9
    0.223982 0.013359 40
    0.290611 0.060996 31
    0.461183 0.252282 21
    0.678274 0.112492 11
    0.714826 0.052376 9
    0.722347 0.187287 7
    0.738814 0.059426 4
    0.852578 0.119692 2
    0.901364 0.14209 1
  0.916175 6 - 5
    0.272211 0.196494 34
    0.465937 0.032109 20
    0.648513 0.67858 13
    0.681841 0.048029 11
    0.739771 0.044789 5
  0.93241 4 - 2
    0.758616 0.5 4
    0.87238 0.5 2
  0.93763 8 - 5
    0.293666 0.059969 34
    0.366803 0.040449 27
    0.487392 0.267095 20
    0.554647 0.528889 18
    0.703296 0.103598 11
  0.941343 8 - 3
    0.55836 0.045467 18
    0.881313 0.188487 2
    0.930099 0.766046 1
  0.948138 4 - 3
    0.377311 0.715029 27
    0.408481 0.030061 26
    0.464481 0.25491 23
  0.97631 6 - 8
    0.136497 0.038851 56
    0.235033 0.021801 45
    0.405483 0.120104 27
    0.526072 0.137404 20
    0.708648 0.456114 13
    0.741976 0.053242 11
    0.782694 0.046081 8
    0.799906 0.126404 5
  0.9821 2 + 2
    0.808306 0.5 4
    0.92207 0.5 2
  0.991882 10 - 5
    0.367875 0.492215 32
    0.421055 0.190506 27
    0.541644 0.130704 20
    0.61478 0.109503 17
    0.734774 0.077072 12
  1.00361 0 + 2
    0.712643 0.5 15
    0.805828 0.5 9
  1.01454 2 + 2
    0.840746 0.5 4
    0.95451 0.5 2
  1.0287 14 + 1
    0.388 1 33
  1.03271 4 + 2
    0.834928 0.5 9
    1.03271 0.5 0
  1.04352 8 + 4
    0.540679 0.7266 24
    0.559863 0.09736 23
    0.593282 0.05984 20
    0.752553 0.1162 15
  1.0676 2 - 2
    0.776633 0.5 15
    0.869818 0.5 9
  1.08842 6 - 5
    0.444456 0.285114 34
    0.517593 0.141907 27
    0.820758 0.20941 13
    0.912016 0.293315 5
    1.02839 0.070254 2
  1.09455 4 - 8
    0.146412 0.06887 67
    0.254737 0.1841 56
    0.610893 0.2111 23
    0.823201 0.07568 14
    0.860216 0.08828 11
    0.904289 0.1072 7
    0.911099 0.08617 6
    1.03452 0.1786 2
  1.10033 6 - 6
    0.12402 0.017111 68
    0.260517 0.036571 56
    0.456366 0.026391 34
    0.529503 0.825833 27
    0.809363 0.052372 15
    0.902548 0.041722 9
  1.1148 0 + 2
    0.823833 0.5 15
    0.917018 0.5 9
  1.12 2 + 2
    0.946206 0.5 4
    1.05997 0.5 2
  1.13305 4 + 2
    0.935268 0.5 9
    1.13305 0.5 0
  1.14286 8 - 5
    0.194722 0.155905 67
    0.427037 0.019121 43
    0.458356 0.097953 39
    0.949244 0.077902 8
    0.966456 0.649119 5
  1.15754 0 + 2
    0.866573 0.5 15
    0.959758 0.5 9
  1.16251 6 - 7
    0.22488 0.024129 65
    0.591683 0.118996 27
    0.708422 0.105397 22
    0.712272 0.32009 20
    0.968894 0.118296 8
    0.986106 0.150295 5
    1.10248 0.162795 2
  1.17136 4 + 2
    0.973578 0.5 9
    1.17136 0.5 0
  1.1816 2 - 2
    0.890633 0.5 15
    0.983818 0.5 9
  1.1883 10 + 2
    1.12827 0.5 2
    1.17706 0.5 1
  1.21024 4 - 2
    1.03645 0.5 4
    1.15021 0.5 2
  1.2151 2 + 2
    1.04131 0.5 4
    1.15507 0.5 2
  1.21885 10 - 2
    1.0093 0.5 10
    1.21885 0.5 0
  1.23283 4 + 2
    1.03505 0.5 9
    1.23283 0.5 0
  1.23887 10 - 3
    0.861768 0.2738 17
    0.894511 0.4809 16
    1.04525 0.2453 8
  1.25075 12 + 2
    1.0412 0.5 10
    1.25075 0.5 0
  1.2542 8 - 9
    0.15965 0.009231 78
    0.306062 0.03483 67
    0.338025 0.07612 63
    0.341592 0.03332 62
    0.427555 0.03921 53
    0.538377 0.08046 43
    0.683373 0.09613 27
    0.770543 0.2316 23
    1.0778 0.3991 5
  1.2632 0 + 2
    0.972233 0.5 15
    1.06542 0.5 9
  1.26617 8 - 6
    0.550347 0.066248 43
    0.695343 0.153995 27
    0.726513 0.074478 26
    0.815932 0.130896 20
    0.998508 0.438487 13
    1.07255 0.135896 8
  1.27152 2 + 2
    1.09773 0.5 4
    1.21149 0.5 2
  1.27605 4 - 2
    1.10226 0.5 4
    1.21602 0.5 2
  1.2796 2 + 2
    1.10581 0.5 4
    1.21957 0.5 2
  1.2882 4 - 2
    1.11441 0.5 4
    1.22817 0.5 2
  1.2944 12 + 2
    1.08485 0.5 10
    1.2944 0.5 0
  1.3129 0 - 2
    0.6596 0.5 35
    1.12945 0.5 6
  1.31931 10 + 2
    1.25928 0.5 2
    1.30807 0.5 1
  1.32341 4 - 2
    1.14962 0.5 4
    1.26338 0.5 2
  1.32559 2 + 2
    1.1518 0.5 4
    1.26556 0.5 2
  1.3385 4 - 2
    1.16471 0.5 4
    1.27847 0.5 2
  1.3607 20 + 1
    0.54 1 52
  1.3713 6 - 2
    1.17352 0.5 9
    1.3713 0.5 0
  1.38162 2 + 2
    1.20783 0.5 4
    1.32159 0.5 2
  1.3858 12 - 2
    1.24706 0.5 3
    1.37456 0.5 1
  1.3937 20 + 2
    0.645 0.5 46
    0.753 0.5 33
  1.39793 10 - 2
    1.18838 0.5 10
    1.39793 0.5 0
  1.4039 4 + 2
    1.20612 0.5 9
    1.4039 0.5 0
  1.4069 6 - 2
    1.20912 0.5 9
    1.4069 0.5 0
  1.418 0 + 2
    1.12703 0.5 15
    1.22022 0.5 9
  1.4567 14 - 1
    0.816 1 33
  1.5517 18 + 1
    0.158 1 112
  1.9707 2 - 1
    0.419 1 118
  2.0987 4 + 2
    0.128 0.5 119
    0.738 0.5 108
  2.2537 6 - 1
    0.155 1 120

55 135 11
  0 7 + 0
  0.249767 5 + 1
    0.249767 1 0
  0.408026 3 + 2
    0.158259 0.4475 1
    0.408026 0.5525 0
  0.608153 5 + 3
    0.200127 0.003672 2
    0.358386 0.071621 1
    0.608153 0.924707 0
  0.786838 11 + 1
    0.786838 1 0
  0.981396 9 + 3
    0.373243 0.204812 3
    0.57337 0.063644 2
    0.731629 0.731544 1
  1.06239 1 + 4
    0.454237 0.029159 3
    0.654364 0.365893 2
    0.812623 0.571789 1
    1.06239 0.033159 0
  1.133 13 + 1
    1.133 1 0
  1.192 7 + 1
    1.192 1 0
  1.358 3 - 1
    1.358 1 0
  1.6329 19 - 1
    0.846062 1 4

55 136 2
  0 10 + 0
  0.1 16 - 1
    0.1 1 0

55 137 67
  0 7 + 0
  0.455491 5 + 1
    0.455491 1 0
  0.84888 9 - 2
    0.393389 0.1957 1
    0.84888 0.8043 0
  1.18469 11 + 1
    1.18469 1 0
  1.2732 11 - 1
    1.2732 1 0
  1.49 1 + 1
    1.03451 1 1
  1.56411 7 + 3
    0.71523 0.0981 2
    1.10862 0.7549 1
    1.56411 0.147 0
  1.56983 3 - 2
    1.11434 0.5183 1
    1.56983 0.4817 0
  1.57483 9 - 2
    1.11934 0.5998 1
    1.57483 0.4002 0
  1.65123 7 - 3
    0.80235 0.068531 2
    1.19574 0.853809 1
    1.65123 0.077661 0
  1.67169 15 + 1
    0.487 1 3
  1.78346 7 - 2
    1.32797 0.066319 1
    1.78346 0.933681 0
  1.86786 9 - 4
    0.29803 0.632106 7
    0.59466 0.257103 4
    0.68317 0.061551 3
    1.86786 0.04924 0
  1.89399 17 + 1
    0.2223 1 10
  1.91627 5 + 3
    1.06739 0.30327 2
    1.46078 0.10489 1
    1.91627 0.591841 0
  2.06802 3 + 3
    1.21914 0.02084 2
    1.61253 0.904118 1
    2.06802 0.075042 0
  2.0994 7 + 3
    1.25052 0.314209 2
    1.64391 0.044871 1
    2.0994 0.640919 0
  2.15 1 + 2
    0.66 0.5 5
    1.69451 0.5 1
  2.21678 5 - 2
    1.76129 0.7143 1
    2.21678 0.2857 0
  2.36783 3 - 2
    1.51895 0.2248 2
    2.36783 0.7752 0
  2.78419 21 + 1
    0.8902 1 13
  2.79592 5 - 2
    1.23181 0.3711 6
    1.94704 0.6289 2
  2.8491 13 - 2
    2.00022 0.1797 2
    2.39361 0.8203 1
  2.86307 3 - 10
    0.495235 0.020498 19
    0.646285 0.003416 18
    0.763665 0.028467 16
    0.946795 0.113888 14
    0.995205 0.28467 12
    1.07961 0.074002 11
    1.29324 0.012809 7
    1.58987 0.139485 4
    1.67838 0.072292 3
    2.86307 0.250473 0
  2.8761 19 + 1
    0.98211 1 13
  2.94517 5 - 2
    2.09629 0.7246 2
    2.48968 0.2754 1
  3.0373 1 + 3
    2.18842 0.227277 2
    2.58181 0.649335 1
    3.0373 0.123388 0
  3.10415 3 - 2
    1.23629 0.578 12
    2.25527 0.422 2
  3.15945 9 + 2
    1.97476 0.090909 3
    3.15945 0.909091 0
  3.1681 19 + 1
    1.27411 1 13
  3.3036 19 - 1
    1.40961 1 13
  3.37746 5 - 5
    1.594 0.119298 11
    1.72623 0.089458 9
    2.52858 0.054339 2
    2.92197 0.662687 1
    3.37746 0.074219 0
  3.4653 23 + 1
    0.68111 1 20
  3.49639 23 - 1
    0.7122 1 20
  3.5034 21 - 1
    1.60941 1 13
  3.5841 7 + 4
    1.93287 0.236924 9
    2.3109 0.170717 4
    2.73522 0.243924 2
    3.5841 0.348435 0
  3.6941 3 + 1
    3.6941 1 0
  3.7367 5 - 2
    2.4635 0.6944 4
    3.7367 0.3056 0
  3.78692 11 + 2
    2.00346 0.6173 11
    2.21209 0.3827 8
  3.82396 9 - 2
    1.90769 0.8547 14
    2.63927 0.1453 3
  3.9072 1 + 2
    3.45171 0.2593 1
    3.9072 0.7407 0
  3.9377 7 - 1
    1.72092 1 18
  3.9388 3 + 2
    2.28757 0.8475 9
    3.9388 0.1525 0
  3.9524 5 - 2
    1.08933 0.5464 23
    2.08454 0.4536 12
  3.9557 13 + 2
    2.30447 0.6211 9
    3.9557 0.3789 0
  3.9765 9 - 1
    3.9765 1 0
  4.1176 19 + 1
    2.22361 1 13
  4.291 21 + 1
    2.39701 1 13
  4.3516 23 + 1
    1.56741 1 20
  4.4083 27 - 1
    0.91191 1 33
  4.7766 25 + 1
    0.425 1 48
  5.023 29 - 1
    0.6147 1 49
  5.4942 31 - 1
    0.4712 1 51
  10.195 7 - 2
    8.9218 0.5 4
    9.73951 0.5 1
  10.794 3 - 2
    9.304 0.5 5
    10.3385 0.5 1
  11.173 1 - 2
    8.95622 0.5 18
    9.10498 0.5 15
  11.421 9 - 2
    10.5721 0.5 2
    11.421 0.5 0
  11.498 5 - 2
    10.6491 0.5 2
    11.498 0.5 0
  11.724 7 - 2
    10.4508 0.5 4
    11.2685 0.5 1
  11.94 5 - 2
    11.0911 0.5 2
    11.94 0.5 0
  12.05 3 - 2
    10.56 0.5 5
    11.5945 0.5 1
  12.14 1 - 2
    9.92322 0.5 18
    10.072 0.5 15
  12.209 5 - 2
    11.3601 0.5 2
    12.209 0.5 0
  12.399 1 - 2
    10.1822 0.5 18
    10.331 0.5 15
  12.479 5 - 2
    11.6301 0.5 2
    12.479 0.5 0
  12.698 3 - 2
    11.208 0.5 5
    12.2425 0.5 1
  12.788 1 - 2
    10.5712 0.5 18
    10.72 0.5 15

55 138 29
  0 6 - 0
  0.01086 4 - 1
    0.01086 1 0
  0.015744 2 - 1
    0.004884 1 1
  0.0799 12 - 1
    0.0799 1 0
  0.2584 4 - 2
    0.242656 0.1009 2
    0.2584 0.8991 0
  0.33537 4 + 2
    0.32451 0.1804 1
    0.33537 0.8196 0
  0.40372 4 + 2
    0.06835 0.5 5
    0.40372 0.5 0
  0.41226 2 - 4
    0.15386 0.4783 4
    0.396516 0.3832 2
    0.4014 0.1343 1
    0.41226 0.0042 0
  0.45032 2 - 1
    0.434576 1 2
  0.54099 4 + 4
    0.13727 0.117192 6
    0.28259 0.540062 4
    0.53013 0.315478 1
    0.54099 0.027268 0
  0.55598 4 - 1
    0.55598 1 0
  0.69115 2 - 3
    0.675406 0.461 2
    0.68029 0.3411 1
    0.69115 0.1979 0
  0.91247 8 + 5
    0.37148 0.342479 9
    0.50021 0.246585 7
    0.65407 0.099314 4
    0.896726 0.089035 2
    0.91247 0.222587 0
  0.95208 6 + 3
    0.69368 0.1929 4
    0.936336 0.2995 2
    0.94122 0.5076 1
  1.10958 10 + 6
    0.56859 0.282603 9
    0.69732 0.02035 7
    0.77421 0.060291 5
    0.85118 0.064051 4
    1.09384 0.376804 2
    1.09872 0.195902 1
  1.15738 8 + 1
    1.14164 1 2
  1.16093 6 + 4
    0.61994 0.075891 9
    0.90253 0.147301 4
    1.14519 0.446404 2
    1.16093 0.330403 0
  1.20525 0 + 6
    0.75493 0.081233 8
    0.79299 0.070033 7
    0.94685 0.198908 4
    1.18951 0.26051 2
    1.19439 0.280111 1
    1.20525 0.109204 0
  1.37214 10 - 3
    0.81616 0.4587 10
    1.3564 0.3211 2
    1.36128 0.2202 1
  1.48888 8 + 2
    1.07662 0.5587 7
    1.47314 0.4413 2
  1.53792 6 - 2
    0.58584 0.2308 13
    0.99693 0.7692 9
  1.55957 14 + 2
    0.6471 0.1736 12
    1.54871 0.8264 1
  1.79406 12 - 3
    0.58881 0.534747 17
    1.3818 0.29947 7
    1.7832 0.165783 1
  2.02222 8 + 2
    0.53334 0.053028 19
    1.5719 0.946972 8
  2.02673 2 + 8
    0.53785 0.003592 19
    0.8658 0.009235 16
    0.86935 0.018979 15
    0.91715 0.028218 14
    1.11426 0.045147 12
    1.61447 0.007183 7
    1.76833 0.513069 4
    2.01587 0.374577 1
  2.26312 2 + 8
    0.70355 0.006156 21
    1.10219 0.01119 16
    1.15354 0.003358 14
    1.31104 0.008954 13
    1.8128 0.01903 8
    1.85086 0.151102 7
    2.00472 0.559607 4
    2.25226 0.240603 1
  2.33764 2 + 11
    0.77807 0.01461 21
    0.79972 0.005184 20
    0.84876 0.01461 19
    1.22806 0.020739 14
    1.38556 0.024509 13
    1.64649 0.021679 11
    1.88732 0.022619 8
    1.92538 0.183794 7
    2.07924 0.471284 4
    2.3219 0.202593 2
    2.32678 0.018379 1
  2.49101 2 + 5
    0.95309 0.061642 20
    1.57854 0.109603 12
    1.79986 0.075342 11
    2.04069 0.068492 8
    2.47527 0.684921 2
  2.50842 2 + 2
    2.49268 0.2366 2
    2.49756 0.7634 1

55 139 71
  0 7 + 0
  0.218644 7 + 1
    0.218644 1 0
  0.28976 5 + 2
    0.071116 0.1017 1
    0.28976 0.8983 0
  0.39348 7 + 3
    0.10372 0.030419 2
    0.174836 0.643987 1
    0.39348 0.325593 0
  0.454505 7 + 1
    0.235861 1 1
  0.51522 3 + 5
    0.060715 0.033319 4
    0.12174 0.004319 3
    0.22546 0.121396 2
    0.296576 0.827376 1
    0.51522 0.01359 0
  0.59543 5 - 1
    0.59543 1 0
  0.6015 9 - 1
    0.6015 1 0
  0.64652 5 + 2
    0.35676 0.4785 2
    0.64652 0.5215 0
  0.71029 3 - 1
    0.491646 1 1
  0.73238 3 + 4
    0.3389 0.177425 3
    0.44262 0.050667 2
    0.513736 0.236433 1
    0.73238 0.535475 0
  0.89158 3 + 5
    0.18129 0.085967 9
    0.4981 0.026549 3
    0.60182 0.698379 2
    0.672936 0.086307 1
    0.89158 0.102797 0
  0.94254 5 + 6
    0.42732 0.02437 5
    0.488035 0.02068 4
    0.54906 0.2324 3
    0.65278 0.09036 2
    0.723896 0.6056 1
    0.94254 0.02659 0
  1.00673 3 + 5
    0.49151 0.134004 5
    0.552225 0.415612 4
    0.61325 0.113003 3
    0.71697 0.01487 2
    0.788086 0.32251 1
  1.0203 7 + 4
    0.50508 0.17461 5
    0.62682 0.463528 3
    0.73054 0.073544 2
    0.801656 0.288317 1
  1.03727 5 - 3
    0.30489 0.097418 10
    0.32698 0.227695 9
    0.818626 0.674886 1
  1.0709 11 + 2
    0.4694 0.5 7
    0.47547 0.5 6
  1.13911 5 - 3
    0.62389 0.153003 5
    0.684605 0.756915 4
    0.74563 0.090082 3
  1.1458 5 - 1
    1.1458 1 0
  1.21502 5 - 3
    0.6998 0.185919 5
    0.996376 0.656566 1
    1.21502 0.157516 0
  1.39525 1 - 5
    0.38852 0.133587 13
    0.88003 0.342466 5
    1.00177 0.133587 3
    1.10549 0.219178 2
    1.17661 0.171183 1
  1.4117 9 - 1
    0.89648 1 5
  1.46131 1 - 8
    0.44101 0.102897 14
    0.45458 0.278092 13
    0.51877 0.054508 12
    0.56973 0.164095 11
    0.94609 0.066738 5
    1.00681 0.018079 4
    1.06783 0.158495 3
    1.17155 0.157095 2
  1.4988 13 - 1
    0.4279 1 16
  1.50824 9 - 5
    0.5657 0.091188 12
    0.77586 0.086628 10
    1.05374 0.177296 4
    1.11476 0.138297 3
    1.2896 0.50659 1
  1.51033 11 - 1
    0.9149 1 6
  1.59999 1 + 3
    1.14549 0.30167 4
    1.20651 0.558644 3
    1.31023 0.139686 2
  1.65275 15 - 8
    0.71021 0.088064 12
    0.76117 0.088064 11
    1.00623 0.115706 8
    1.13753 0.160308 5
    1.25927 0.246712 3
    1.36299 0.140807 2
    1.43411 0.111006 1
    1.65275 0.049332 0
  1.69392 9 + 4
    0.96154 0.09982 10
    1.1787 0.5872 5
    1.23942 0.08808 4
    1.40416 0.2249 2
  1.71843 11 - 3
    0.57932 0.098673 17
    0.98605 0.533316 10
    1.26392 0.368011 4
  1.72194 13 + 1
    1.12651 1 6
  1.7357 7 - 2
    0.2369 0.5 23
    0.5899 0.5 18
  1.73869 3 + 4
    1.28419 0.513085 4
    1.34521 0.051308 3
    1.44893 0.071318 2
    1.52005 0.364289 1
  1.7932 9 - 2
    0.78647 0.2647 13
    1.7932 0.7353 0
  1.8165 1 + 1
    1.8165 1 0
  1.8314 17 - 4
    0.88886 0.1401 12
    1.31618 0.3185 5
    1.37689 0.2357 4
    1.61276 0.3057 1
  2.0636 7 + 4
    0.92449 0.1563 17
    1.41708 0.1688 8
    1.77384 0.2938 2
    2.0636 0.3811 0
  2.09962 3 - 2
    1.36724 0.578 10
    1.5844 0.422 5
  2.1038 11 + 1
    2.1038 1 0
  2.11964 9 - 3
    0.05604 0.3644 36
    0.98053 0.4237 17
    1.09934 0.2119 14
  2.18558 19 + 11
    0.44689 0.027662 32
    0.58559 0.012461 26
    0.77388 0.031003 21
    0.97056 0.023102 19
    1.04647 0.081767 17
    1.17885 0.0076 13
    1.24304 0.179015 12
    1.4532 0.134311 10
    1.67036 0.304025 5
    1.89582 0.165013 2
    1.96694 0.034043 1
  2.2388 7 - 1
    0.74 1 23
  2.30471 1 + 5
    0.11913 0.0431 40
    1.29798 0.2763 13
    2.01495 0.1085 2
    2.08607 0.3918 1
    2.30471 0.1803 0
  2.32877 5 - 13
    0.59008 0.028641 32
    0.67602 0.055342 27
    0.82053 0.026701 24
    1.11375 0.068913 19
    1.2915 0.058142 15
    1.30847 0.112404 14
    1.38623 0.174407 12
    1.81355 0.040912 5
    1.87427 0.038112 4
    1.93529 0.038112 3
    2.03901 0.026701 2
    2.11013 0.116305 1
    2.32877 0.215309 0
  2.37295 3 + 5
    0.63426 0.043127 32
    0.7202 0.087594 27
    1.23384 0.050536 17
    1.85773 0.14489 5
    1.97947 0.673853 3
  2.4235 13 - 3
    1.41677 0.632963 13
    2.20486 0.183518 1
    2.4235 0.183518 0
  2.43244 7 + 4
    0.83245 0.2054 26
    1.54086 0.1741 11
    1.70006 0.4464 10
    1.78592 0.1741 8
  2.4916 9 - 1
    0.7559 1 31
  2.51046 5 + 7
    0.77177 0.03189 32
    1.49016 0.117001 14
    1.50373 0.114701 13
    1.86394 0.169802 8
    2.11698 0.181202 3
    2.29182 0.229402 1
    2.51046 0.156002 0
  2.58606 3 - 6
    0.84737 0.23407 32
    1.19081 0.07628 20
    1.57933 0.176977 13
    1.93954 0.085429 8
    2.13155 0.30516 4
    2.36742 0.122084 1
  2.6206 11 + 6
    0.92668 0.040111 28
    0.96785 0.080212 27
    1.02061 0.046721 26
    1.48149 0.079332 17
    1.61387 0.312909 13
    2.22712 0.440713 3
  2.72763 1 - 2
    1.21939 0.6667 24
    2.43787 0.3333 2
  2.75413 5 + 8
    0.93763 0.086163 34
    1.61502 0.200384 17
    1.86255 0.092173 11
    2.02175 0.12829 10
    2.23891 0.186385 5
    2.46437 0.142289 2
    2.53549 0.078154 1
    2.75413 0.086163 0
  2.79755 7 - 6
    1.77725 0.1617 14
    1.79082 0.3759 13
    1.85501 0.1128 12
    2.34305 0.2293 4
    2.50779 0.06767 2
    2.57891 0.05263 1
  2.85231 3 + 2
    1.19956 0.6289 27
    2.63367 0.3711 1
  2.93684 9 - 2
    1.4286 0.7692 24
    2.93684 0.2308 0
  2.9662 15 + 1
    0.7274 1 41
  2.96746 5 - 6
    1.22877 0.093115 32
    1.45922 0.291485 24
    1.82835 0.093115 17
    2.02492 0.064777 12
    2.45224 0.052627 5
    2.57398 0.40488 3
  2.98045 7 + 3
    1.14905 0.543446 35
    1.76543 0.19568 19
    2.76181 0.260874 1
  3.13033 3 - 4
    2.67582 0.308631 4
    2.73685 0.308631 3
    2.91169 0.175918 1
    3.13033 0.206821 0
  3.1467 11 + 2
    2.25512 0.5952 11
    3.1467 0.4048 0
  3.15608 1 - 3
    0.78313 0.268827 44
    1.03644 0.537654 39
    3.15608 0.193519 0
  3.20883 9 + 3
    1.60884 0.2394 26
    2.69361 0.1972 5
    2.75432 0.5634 4
  3.37272 5 - 4
    1.2731 0.19 37
    1.91141 0.5 22
    2.43018 0.165 12
    2.64034 0.145 10
  3.3754 7 + 4
    1.544 0.06 35
    1.68148 0.4 28
    1.72265 0.224 27
    3.3754 0.316 0
  3.50467 3 - 8
    1.71147 0.420208 33
    1.85192 0.142903 27
    2.61309 0.050421 11
    2.98945 0.109202 5
    3.05016 0.058821 4
    3.11119 0.058821 3
    3.21491 0.058821 2
    3.50467 0.100802 0
  3.7455 13 + 4
    1.01787 0.2 51
    1.6417 0.3509 38
    2.00681 0.2491 32
    2.85392 0.2 11
  3.776 5 - 2
    1.3525 0.243 45
    2.76927 0.757 13
  3.81523 9 + 2
    2.87269 0.6667 12
    3.16871 0.3333 8
  3.92474 7 - 3
    0.95728 0.251125 57
    2.90444 0.292229 14
    2.91801 0.456646 13
  4.22767 3 + 2
    1.80417 0.6452 45
    2.83242 0.3548 20

55 140 41
  0 2 - 0
  0.013931 4 - 1
    0.013931 1 0
  0.064756 6 - 1
    0.050825 1 1
  0.080118 2 - 1
    0.080118 1 0
  0.1031 4 - 3
    0.038344 0.5545 2
    0.089169 0.1259 1
    0.1031 0.3196 0
  0.112511 4 - 2
    0.047755 0.1225 2
    0.112511 0.8775 0
  0.118447 4 - 3
    0.038329 0.078882 3
    0.104516 0.255405 1
    0.118447 0.665713 0
  0.14901 6 + 2
    0.04591 0.8672 4
    0.084254 0.1328 2
  0.1595 2 - 1
    0.079382 1 3
  0.21206 2 - 6
    0.093613 0.057647 6
    0.099549 0.018399 5
    0.10896 0.024079 4
    0.147304 0.010029 2
    0.198129 0.17459 1
    0.21206 0.715257 0
  0.22356 2 + 1
    0.158804 1 2
  0.23208 6 - 4
    0.119569 0.097897 5
    0.12898 0.028259 4
    0.167324 0.811676 2
    0.218149 0.062168 1
  0.29491 2 - 5
    0.176463 0.060571 6
    0.182399 0.124001 5
    0.214792 0.151902 3
    0.280979 0.641206 1
    0.29491 0.02232 0
  0.34506 10 + 7
    0.1215 0.266001 10
    0.133 0.668601 9
    0.19605 0.01676 7
    0.226613 0.003033 6
    0.232549 0.006855 5
    0.24196 0.01342 4
    0.331129 0.02533 1
  0.43863 4 - 6
    0.22657 0.009467 9
    0.320183 0.020948 6
    0.326119 0.019418 5
    0.33553 0.063335 4
    0.373874 0.153788 2
    0.43863 0.733043 0
  0.51482 2 + 4
    0.21991 0.031431 12
    0.28274 0.050342 11
    0.396373 0.388012 6
    0.51482 0.530216 0
  0.54787 4 - 6
    0.20281 0.071711 13
    0.25296 0.02206 12
    0.429423 0.276003 6
    0.435359 0.087661 5
    0.483114 0.069761 2
    0.54787 0.472805 0
  0.62203 4 - 9
    0.27697 0.029998 13
    0.38995 0.075775 11
    0.40997 0.009945 9
    0.503583 0.009041 6
    0.509519 0.043137 5
    0.51893 0.052556 4
    0.557274 0.256283 2
    0.608099 0.114592 1
    0.62203 0.408672 0
  0.65336 0 - 5
    0.35845 0.01634 12
    0.4413 0.07726 9
    0.573242 0.0209 3
    0.639429 0.1909 1
    0.65336 0.6946 0
  0.7541 6 - 1
    0.5946 1 8
  0.77413 2 - 3
    0.56207 0.064 9
    0.655683 0.1497 6
    0.77413 0.7863 0
  0.80038 4 + 8
    0.45532 0.041198 13
    0.50547 0.077655 12
    0.5683 0.059566 11
    0.58832 0.023829 9
    0.69728 0.106194 4
    0.735624 0.125492 2
    0.786449 0.244485 1
    0.80038 0.321581 0
  0.90301 8 + 3
    0.69095 0.092173 9
    0.889079 0.447013 1
    0.90301 0.460814 0
  0.96578 2 - 8
    0.34375 0.026599 17
    0.67087 0.137796 12
    0.7337 0.130596 11
    0.847333 0.091767 6
    0.86268 0.074378 4
    0.901024 0.091657 2
    0.951849 0.403988 1
    0.96578 0.043219 0
  0.9825 8 + 2
    0.864053 0.3243 6
    0.9825 0.6757 0
  1.08177 8 + 3
    0.73671 0.2757 13
    0.78686 0.5405 12
    0.963323 0.1838 6
  1.13707 10 + 6
    0.84216 0.119186 12
    0.92501 0.295964 9
    1.01862 0.059363 6
    1.02456 0.052764 5
    1.12314 0.032976 1
    1.13707 0.439747 0
  1.15971 12 + 3
    0.72108 0.1824 14
    0.93615 0.1887 10
    1.07959 0.6289 3
  1.1695 8 + 2
    1.08938 0.5 3
    1.1695 0.5 0
  1.1936 6 + 3
    0.57157 0.2713 17
    1.17967 0.3411 1
    1.1936 0.3876 0
  1.2085 10 + 1
    0.4544 1 19
  1.2892 14 + 6
    0.85057 0.125604 14
    1.07714 0.047951 9
    1.17075 0.030071 6
    1.17669 0.32911 5
    1.20908 0.406312 3
    1.2892 0.060952 0
  1.395 12 + 1
    0.6409 1 19
  1.42758 2 + 19
    0.13838 0.000491 31
    0.29051 0.006751 26
    0.44508 0.010739 24
    0.4618 0.022789 23
    0.52457 0.007058 22
    0.6272 0.015139 21
    0.65345 0.073766 20
    0.77422 0.008295 18
    0.80555 0.307184 17
    0.87971 0.042078 16
    0.91276 0.013539 15
    0.98895 0.046678 14
    1.13267 0.010129 12
    1.21552 0.004298 9
    1.30913 0.098235 6
    1.31507 0.125893 5
    1.34746 0.002149 3
    1.41365 0.18729 1
    1.42758 0.017499 0
  1.772 6 + 2
    0.377 0.5 32
    0.5635 0.5 30
  1.98956 8 + 4
    0.56198 0.346986 33
    0.82006 0.052738 28
    1.08655 0.312287 22
    1.18918 0.287988 21
  2.1586 10 - 1
    0.7636 1 32
  2.28605 6 + 2
    2.07399 0.578 9
    2.28605 0.422 0
  2.32431 2 + 4
    1.15481 0.2721 28
    1.88568 0.3082 14
    2.11225 0.3279 9
    2.2118 0.0918 5
  2.4057 8 - 1
    0.6337 1 34
  2.9303 0 - 1
    0.7717 1 36

55 141 33
  0 7 + 0
  0.06905 3 + 1
    0.06905 1 0
  0.10594 5 + 2
    0.03689 0.5 1
    0.10594 0.5 0
  0.11682 9 + 1
    0.04777 1 1
  0.18776 1 + 3
    0.08182 0.253692 2
    0.11871 0.648481 1
    0.18776 0.097827 0
  0.20665 11 + 3
    0.08983 0.119788 3
    0.10071 0.676532 2
    0.1376 0.20368 1
  0.3695 11 + 1
    0.3695 1 0
  0.389 13 + 3
    0.28306 0.241407 2
    0.31995 0.027071 1
    0.389 0.731522 0
  0.468 5 + 5
    0.26135 0.00836 5
    0.28024 0.01608 4
    0.36206 0.257205 2
    0.39895 0.075242 1
    0.468 0.643113 0
  0.4928 7 - 6
    0.1233 0.012529 6
    0.28615 0.062634 5
    0.30504 0.044116 4
    0.38686 0.158486 2
    0.42375 0.544651 1
    0.4928 0.177584 0
  0.5571 3 + 5
    0.0891 0.033009 8
    0.1681 0.008107 7
    0.36934 0.330094 4
    0.45116 0.049799 2
    0.5571 0.57899 0
  0.6442 9 + 5
    0.2552 0.249493 7
    0.43755 0.029629 5
    0.45644 0.146996 4
    0.53826 0.389888 2
    0.6442 0.183994 0
  0.6687 15 - 4
    0.46205 0.4854 5
    0.48094 0.1505 4
    0.59965 0.2136 1
    0.6687 0.1505 0
  0.801 5 - 6
    0.333 0.04587 8
    0.412 0.01835 7
    0.59435 0.192698 5
    0.61324 0.458695 4
    0.73195 0.210998 1
    0.801 0.073389 0
  0.8431 7 - 3
    0.286 0.309869 10
    0.4736 0.220678 6
    0.8431 0.469453 0
  0.8508 15 + 1
    0.4813 1 6
  0.8624 3 - 2
    0.4734 0.5 7
    0.4929 0.5 6
  0.9752 1 - 2
    0.4824 0.641 9
    0.5072 0.359 8
  0.9798 5 - 7
    0.3356 0.00902 11
    0.4227 0.077745 10
    0.5118 0.095784 8
    0.77315 0.429574 5
    0.79204 0.068726 4
    0.87386 0.018469 2
    0.9798 0.300682 0
  1.0971 9 - 8
    0.254 0.003605 14
    0.4529 0.01764 11
    0.54 0.169203 10
    0.6043 0.01764 9
    0.6291 0.01917 8
    0.7081 0.003068 7
    0.90934 0.766912 4
    1.0971 0.002761 0
  1.121 7 - 7
    0.32 0.020278 13
    0.4768 0.040927 11
    0.91435 0.195284 5
    0.93324 0.032667 4
    1.01506 0.106291 2
    1.05195 0.37547 1
    1.121 0.229082 0
  1.1343 3 - 5
    0.6415 0.451273 9
    0.7453 0.060016 7
    0.94654 0.037448 4
    1.02836 0.383577 2
    1.1343 0.067686 0
  1.1955 5 - 5
    0.5513 0.327913 11
    0.8065 0.131105 7
    0.98885 0.131105 5
    1.00774 0.311512 4
    1.08956 0.098364 2
  1.3387 1 - 4
    1.13205 0.126411 5
    1.15094 0.22412 4
    1.23276 0.574752 2
    1.26965 0.074717 1
  1.483 19 + 1
    0.6322 1 15
  1.4885 7 - 1
    0.6261 1 16
  1.5566 9 + 10
    0.4223 0.031501 21
    0.4356 0.01277 20
    0.4595 0.425708 19
    0.5768 0.029801 18
    0.7556 0.103902 13
    0.9995 0.01107 10
    1.0638 0.061301 9
    1.1676 0.003831 7
    1.36884 0.097912 4
    1.5566 0.222204 0
  1.5775 3 - 1
    0.7267 1 15
  2.1129 5 + 1
    0.6244 1 25
  2.1313 23 + 1
    0.6483 1 24
  2.784 11 - 1
    0.6711 1 28
  2.7893 27 + 1
    0.658 1 29
  3.5017 31 + 1
    0.7124 1 31

55 142 32
  0 0 - 0
  0.012929 4 - 1
    0.012929 1 0
  0.039436 4 + 1
    0.039436 1 0
  0.07058 2 + 2
    0.057651 0.5 1
    0.07058 0.5 0
  0.08541 2 + 2
    0.045974 0.5286 2
    0.072481 0.4714 1
  0.204 2 + 3
    0.164564 0.290029 2
    0.191071 0.40214 1
    0.204 0.307831 0
  0.210113 2 - 3
    0.124703 0.50971 4
    0.170677 0.081282 2
    0.197184 0.409008 1
  0.24289 2 + 4
    0.03889 0.783213 5
    0.15748 0.048771 4
    0.203454 0.162003 2
    0.24289 0.006014 0
  0.2507 2 + 2
    0.211264 0.116 2
    0.2507 0.884 0
  0.30442 2 - 6
    0.094307 0.100796 6
    0.10042 0.014469 5
    0.21901 0.179993 4
    0.264984 0.051758 2
    0.291491 0.593876 1
    0.30442 0.059108 0
  0.41934 2 - 2
    0.379904 0.7382 2
    0.41934 0.2618 0
  0.59814 6 - 1
    0.39414 1 5
  0.60007 8 - 1
    0.34937 1 8
  0.65717 10 + 10
    0.35275 0.03059 9
    0.40647 0.02588 8
    0.41428 0.110601 7
    0.447057 0.04 6
    0.45317 0.047061 5
    0.57176 0.235303 4
    0.58659 0.007059 3
    0.617734 0.169402 2
    0.644241 0.148202 1
    0.65717 0.185902 0
  0.71886 6 - 2
    0.46816 0.967119 8
    0.71886 0.032881 0
  0.73263 8 + 4
    0.31329 0.182418 10
    0.42821 0.325733 9
    0.66205 0.182418 3
    0.693194 0.309431 2
  0.75742 12 - 5
    0.10025 0.02016 13
    0.547307 0.366907 6
    0.67201 0.403208 4
    0.717984 0.040321 2
    0.744491 0.169403 1
  0.77701 6 + 4
    0.01959 0.1497 16
    0.11984 0.1198 13
    0.737574 0.5988 2
    0.77701 0.1317 0
  0.88665 4 - 3
    0.58223 0.31 9
    0.80124 0.4367 4
    0.81607 0.2533 3
  0.94433 10 + 3
    0.16732 0.077518 17
    0.28716 0.775185 13
    0.94433 0.147297 0
  1.06696 8 - 2
    0.86296 0.4286 5
    0.99638 0.5714 3
  1.06826 6 + 3
    0.46819 0.39526 12
    0.98285 0.292471 4
    1.06826 0.312269 0
  1.08994 4 - 2
    0.43277 0.9009 13
    1.08994 0.0991 0
  1.19549 14 + 7
    0.10555 0.017799 22
    0.43807 0.054756 16
    0.53832 0.684445 13
    0.89107 0.102692 9
    0.99149 0.075284 5
    1.18256 0.023958 1
    1.19549 0.041067 0
  1.31238 8 - 4
    1.10838 0.009816 5
    1.22697 0.264596 4
    1.29945 0.426793 1
    1.31238 0.298795 0
  1.61453 10 + 4
    0.52459 0.343631 22
    0.95736 0.302427 13
    1.41053 0.268024 5
    1.6016 0.085918 1
  1.87576 6 - 10
    0.8075 0.204296 21
    1.1569 0.237495 14
    1.21859 0.223296 13
    1.45642 0.042759 10
    1.62506 0.028499 8
    1.63287 0.049879 7
    1.79035 0.040379 4
    1.80518 0.042759 3
    1.83632 0.068879 2
    1.87576 0.061759 0
  1.96132 4 + 5
    0.76583 0.32049 23
    1.30415 0.227593 13
    1.36318 0.169895 11
    1.71062 0.198694 8
    1.71843 0.083327 7
  1.98461 12 - 4
    0.91765 0.434817 20
    1.04028 0.230409 19
    1.38454 0.24781 12
    1.97168 0.086963 1
  2.0955 8 + 3
    1.33808 0.4082 16
    1.37664 0.3102 14
    1.8448 0.2816 8
  2.28179 6 - 3
    1.39514 0.3472 18
    1.86245 0.3056 10
    2.07779 0.3472 5
  2.50004 4 + 5
    0.40454 0.108296 29
    1.18766 0.316687 24
    1.43178 0.066667 21
    1.78118 0.091666 14
    1.9019 0.416683 11

55 143 30
  0 3 + 0
  0.0766 5 + 1
    0.0766 1 0
  0.0903 7 + 1
    0.0903 1 0
  0.3491 9 + 2
    0.2588 0.5 2
    0.2725 0.5 1
  0.3724 11 + 1
    0.2821 1 2
  0.7559 13 + 2
    0.3835 0.5 4
    0.4068 0.5 3
  0.7691 15 + 1
    0.3967 1 4
  0.8166 9 - 1
    0.7263 1 2
  0.8726 11 - 2
    0.5002 0.5 4
    0.5235 0.5 3
  1.0721 13 - 2
    0.2555 0.5 7
    0.6997 0.5 4
  1.1556 15 - 3
    0.0835 0.333333 9
    0.283 0.333333 8
    0.3997 0.333333 5
  1.1823 13 - 1
    0.8099 1 4
  1.2538 19 + 1
    0.4847 1 6
  1.32635 17 + 2
    0.55725 0.5 6
    0.57045 0.5 5
  1.398 17 - 2
    0.3259 0.5 9
    0.6289 0.5 6
  1.5499 19 - 3
    0.1519 0.333333 14
    0.22355 0.333333 13
    0.3943 0.333333 10
  1.5588 17 - 2
    0.3765 0.5 11
    0.7897 0.5 6
  1.8032 21 - 2
    0.4052 0.5 14
    0.5494 0.5 12
  1.8049 23 + 1
    0.5511 1 12
  1.8125 21 + 2
    0.48615 0.5 13
    0.5587 0.5 12
  2.0324 23 - 1
    0.4825 1 15
  2.053 21 - 1
    0.4942 1 16
  2.2936 25 - 2
    0.4887 0.5 18
    0.4904 0.5 17
  2.4239 27 + 1
    0.619 1 18
  2.4276 25 + 2
    0.6151 0.5 19
    0.6227 0.5 18
  2.5811 27 - 1
    0.5487 1 20
  2.6273 5 + 1
    0.5743 1 21
  2.8603 7 - 1
    0.5667 1 22
  3.0866 29 + 1
    0.659 1 24
  3.1179 3 - 1
    0.694 1 23

55 144 4
  0 2 - 0
  0.0428 4 - 1
    0.0428 1 0
  0.0922 8 - 1
    0.0494 1 1
  0.2 6 - 1
    0.2 1 0

55 145 8
  0 3 + 0
  0.0887 1 + 1
    0.0887 1 0
  0.2038 5 + 2
    0.1151 0.5 1
    0.2038 0.5 0
  0.3594 7 + 2
    0.1556 0.5 2
    0.2707 0.5 1
  0.5508 9 + 1
    0.1914 1 3
  0.7428 11 + 1
    0.192 1 4
  1.0681 13 + 1
    0.3253 1 5
  1.5108 5 + 1
    0.4427 1 6

55 146 1
  0 2 - 0

55 147 1
  0 3 + 0

55 148 1
  0 4 + 0

55 149 1
  0 1 + 0

55 150 1
  0 16 - 0

55 151 1
  0 1 + 0

