29 53 1
  0 3 - 0

29 54 1
  0 6 + 0

29 55 1
  0 3 - 0

29 56 1
  0 8 + 0

29 57 9
  0 3 - 0
  1.028 5 - 1
    1.028 1 0
  1.106 1 - 1
    1.106 1 0
  2.398 5 - 1
    2.398 1 0
  2.52 7 - 1
    2.52 1 0
  3.28 9 - 2
    0.882 0.5 3
    2.252 0.5 1
  3.51 3 - 2
    0.99 0.5 4
    3.51 0.5 0
  5.35 11 - 1
    2.83 1 4
  5.71 7 - 2
    3.19 0.5 4
    5.71 0.5 0

29 58 118
  0 2 + 0
  0.20299 0 + 1
    0.20299 1 0
  0.44364 6 + 1
    0.44364 1 0
  1.0515 2 + 1
    0.84851 1 1
  1.42785 4 + 4
    0.37635 0.029981 3
    0.98421 0.074832 2
    1.22486 0.01496 1
    1.42785 0.880226 0
  1.5495 8 + 1
    1.10586 1 2
  1.64741 6 + 2
    1.20377 0.2126 2
    1.64741 0.7874 0
  1.6525 4 + 3
    0.601 0.053078 3
    1.20886 0.899264 2
    1.44951 0.047658 1
  2.065 10 + 3
    0.41759 0.083554 6
    0.5155 0.275714 5
    1.62136 0.640732 2
  2.07 12 - 1
    0.005 1 8
  2.17 4 - 2
    1.72636 0.5 2
    2.17 0.5 0
  2.2492 4 - 2
    0.5967 0.8929 7
    0.82135 0.1071 4
  2.27 8 - 2
    0.62259 0.5 6
    1.82636 0.5 2
  2.69 8 + 2
    1.1405 0.5 5
    1.26215 0.5 4
  2.7502 8 + 3
    1.10279 0.401332 6
    1.2007 0.549744 5
    2.30656 0.048924 2
  2.78 2 - 2
    1.35215 0.5 4
    2.57701 0.5 1
  2.8152 6 - 3
    1.1627 0.4202 7
    1.38735 0.2395 4
    2.37156 0.3403 2
  2.84 2 - 2
    1.41215 0.5 4
    2.63701 0.5 1
  2.9206 10 + 1
    2.47696 1 2
  2.9309 6 - 2
    1.2784 0.7692 7
    1.50305 0.2308 4
  2.949 2 + 2
    2.50536 0.5 2
    2.949 0.5 0
  3.23 4 - 2
    2.78636 0.5 2
    3.23 0.5 0
  3.2802 0 - 2
    1.6277 0.8403 7
    1.85235 0.1597 4
  3.31 6 - 2
    1.7605 0.5 5
    1.88215 0.5 4
  3.421 14 + 2
    0.5004 0.074191 18
    1.356 0.925809 8
  3.4601 2 + 1
    3.25711 1 1
  3.5126 4 - 1
    0.592 1 18
  3.57 4 - 2
    3.12636 0.5 2
    3.57 0.5 0
  3.6779 2 + 2
    3.23426 0.5 2
    3.47491 0.5 1
  3.717 2 + 2
    3.27336 0.5 2
    3.717 0.5 0
  3.82 6 - 2
    2.2705 0.5 5
    2.39215 0.5 4
  3.89 4 - 2
    3.44636 0.5 2
    3.89 0.5 0
  4.01 0 - 2
    2.9585 0.5 3
    4.01 0.5 0
  4.0656 14 + 2
    1.145 0.375 18
    2.0006 0.625 8
  4.21 6 - 2
    2.6605 0.5 5
    2.78215 0.5 4
  4.4414 16 + 1
    1.0204 1 24
  4.72 2 + 2
    4.27636 0.5 2
    4.72 0.5 0
  5.065 2 + 2
    4.62136 0.5 2
    5.065 0.5 0
  5.16 2 + 2
    4.71636 0.5 2
    5.16 0.5 0
  5.1906 14 + 1
    3.1256 1 8
  5.348 18 + 2
    0.9066 0.1936 35
    1.927 0.8064 24
  5.451 2 + 2
    5.00736 0.5 2
    5.451 0.5 0
  5.5749 18 + 1
    1.5093 1 33
  5.645 2 + 2
    5.20136 0.5 2
    5.645 0.5 0
  6.038 2 + 2
    5.59436 0.5 2
    6.038 0.5 0
  6.086 2 + 2
    5.64236 0.5 2
    6.086 0.5 0
  6.3872 20 + 2
    1.0392 0.1736 40
    1.9458 0.8264 35
  6.497 2 + 2
    6.05336 0.5 2
    6.497 0.5 0
  6.7941 18 - 1
    1.4461 1 40
  6.844 2 + 2
    6.40036 0.5 2
    6.844 0.5 0
  7.105 2 + 2
    6.66136 0.5 2
    7.105 0.5 0
  7.143 2 + 2
    6.69936 0.5 2
    7.143 0.5 0
  7.3926 22 + 2
    1.8177 0.1379 42
    2.0446 0.8621 40
  7.586 2 + 2
    7.14236 0.5 2
    7.586 0.5 0
  7.7 2 + 2
    7.25636 0.5 2
    7.7 0.5 0
  7.752 2 + 2
    7.30836 0.5 2
    7.752 0.5 0
  7.907 2 + 2
    7.46336 0.5 2
    7.907 0.5 0
  7.993 2 + 2
    7.54936 0.5 2
    7.993 0.5 0
  8.063 2 + 2
    7.61936 0.5 2
    8.063 0.5 0
  8.1273 22 - 1
    1.7401 1 46
  8.159 2 + 2
    7.71536 0.5 2
    8.159 0.5 0
  8.199 2 + 2
    7.75536 0.5 2
    8.199 0.5 0
  8.2282 18 + 2
    2.6533 0.6667 42
    3.0376 0.3333 39
  8.282 2 + 2
    7.83836 0.5 2
    8.282 0.5 0
  8.37 2 + 2
    7.92636 0.5 2
    8.37 0.5 0
  8.421 2 + 2
    7.97736 0.5 2
    8.421 0.5 0
  8.4873 24 + 1
    2.1001 1 46
  8.52 2 + 2
    8.07636 0.5 2
    8.52 0.5 0
  8.566 2 + 2
    8.12236 0.5 2
    8.566 0.5 0
  8.614 2 + 2
    8.17036 0.5 2
    8.614 0.5 0
  8.725 2 + 2
    8.28136 0.5 2
    8.725 0.5 0
  8.837 2 + 2
    8.39336 0.5 2
    8.837 0.5 0
  8.8816 4 - 2
    1.489 0.5556 52
    2.0875 0.4444 48
  8.9 4 - 2
    8.45636 0.5 2
    8.9 0.5 0
  8.9169 18 + 2
    4.8513 0.5 33
    5.4959 0.5 24
  8.959 2 + 2
    8.51536 0.5 2
    8.959 0.5 0
  9 2 + 2
    8.55636 0.5 2
    9 0.5 0
  9.129 2 + 2
    8.68536 0.5 2
    9.129 0.5 0
  9.172 2 + 2
    8.72836 0.5 2
    9.172 0.5 0
  9.209 2 + 2
    8.76536 0.5 2
    9.209 0.5 0
  9.307 2 + 2
    8.86336 0.5 2
    9.307 0.5 0
  9.371 2 + 2
    8.92736 0.5 2
    9.371 0.5 0
  9.444 2 + 2
    9.00036 0.5 2
    9.444 0.5 0
  9.567 2 + 2
    9.12336 0.5 2
    9.567 0.5 0
  9.645 2 + 2
    9.20136 0.5 2
    9.645 0.5 0
  9.6807 4 - 1
    2.2881 1 52
  9.7472 22 + 4
    0.8303 0.645232 74
    1.519 0.148407 62
    4.1723 0.174109 42
    4.3992 0.032252 40
  9.783 2 + 2
    9.33936 0.5 2
    9.783 0.5 0
  9.8043 24 - 2
    1.317 0.3333 66
    1.677 0.6667 59
  9.861 2 + 2
    9.41736 0.5 2
    9.861 0.5 0
  9.989 2 + 2
    9.54536 0.5 2
    9.989 0.5 0
  10.291 2 + 2
    9.84736 0.5 2
    10.291 0.5 0
  10.329 2 + 2
    9.88536 0.5 2
    10.329 0.5 0
  10.388 2 + 2
    9.94436 0.5 2
    10.388 0.5 0
  10.554 2 + 2
    10.1104 0.5 2
    10.554 0.5 0
  10.597 2 + 2
    10.1534 0.5 2
    10.597 0.5 0
  10.7766 4 - 1
    1.895 1 72
  10.825 2 + 2
    10.3814 0.5 2
    10.825 0.5 0
  10.9445 26 + 1
    1.1973 1 86
  11.137 2 + 2
    10.6934 0.5 2
    11.137 0.5 0
  11.358 2 + 2
    10.9144 0.5 2
    11.358 0.5 0
  11.553 6 - 1
    3.0657 1 66
  11.562 2 + 2
    11.1184 0.5 2
    11.562 0.5 0
  11.815 2 + 2
    11.3714 0.5 2
    11.815 0.5 0
  11.842 4 - 1
    2.0377 1 88
  11.903 2 + 2
    11.4594 0.5 2
    11.903 0.5 0
  12.034 2 + 2
    11.5904 0.5 2
    12.034 0.5 0
  12.45 6 - 2
    10.9005 0.5 5
    11.0222 0.5 4
  12.5209 30 + 1
    1.5764 1 98
  12.88 2 + 2
    12.4364 0.5 2
    12.88 0.5 0
  13.13 4 - 1
    2.3534 1 96
  14.4759 34 + 1
    1.955 1 108
  14.881 6 - 1
    3.039 1 104
  16 4 - 2
    15.5564 0.5 2
    16 0.5 0
  16.818 38 + 1
    2.3421 1 111
  19.566 42 + 1
    2.748 1 114
  22.747 46 + 1
    3.181 1 115
  24 4 - 2
    23.5564 0.5 2
    24 0.5 0

29 59 255
  0 3 - 0
  0.4911 1 - 1
    0.4911 1 0
  0.91401 5 - 2
    0.42291 0.009929 1
    0.91401 0.990071 0
  1.39856 7 - 2
    0.48455 0.1159 2
    1.39856 0.8841 0
  1.86522 7 - 3
    0.46666 0.1502 3
    0.95121 0.5497 2
    1.86522 0.3001 0
  1.98783 5 + 1
    1.98783 1 0
  2.26634 3 + 2
    1.77524 0.48 1
    2.26634 0.52 0
  2.3181 1 - 2
    1.827 0.1701 1
    2.3181 0.8299 0
  2.32387 3 + 2
    1.40986 0.099918 2
    2.32387 0.900082 0
  2.36 3 + 2
    1.44599 0.5 2
    1.8689 0.5 1
  2.39092 9 - 2
    0.99236 0.095027 3
    1.47691 0.904973 2
  2.58774 11 - 2
    0.72252 0.01186 4
    1.18918 0.98814 3
  2.6645 9 - 2
    0.79928 0.8929 4
    1.26594 0.1071 3
  2.70604 5 - 3
    1.30748 0.1398 3
    1.79203 0.59 2
    2.21494 0.2702 1
  2.71501 7 - 4
    0.72718 0.1513 5
    1.31645 0.1993 3
    1.801 0.2804 2
    2.71501 0.369 0
  2.9282 5 - 4
    0.94037 0.1099 5
    2.01419 0.45 2
    2.4371 0.0999 1
    2.9282 0.3402 0
  2.9929 7 - 3
    1.00507 0.04989 5
    2.07889 0.580006 2
    2.9929 0.370104 0
  3.0248 5 - 3
    2.11079 0.1499 2
    2.5337 0.4001 1
    3.0248 0.45 0
  3.04271 9 + 5
    0.45497 0.014239 11
    1.17749 0.196993 4
    1.64415 0.749072 3
    2.1287 0.029959 2
    3.04271 0.009738 0
  3.1141 5 - 2
    2.623 0.2801 1
    3.1141 0.7199 0
  3.1216 5 + 2
    2.20759 0.5 2
    2.6305 0.5 1
  3.12967 3 - 3
    2.21566 0.3597 2
    2.63857 0.3489 1
    3.12967 0.2914 0
  3.309 7 - 3
    1.91044 0.2995 3
    2.39499 0.449 2
    3.309 0.2515 0
  3.31927 7 + 2
    1.05293 0.5 6
    2.40526 0.5 2
  3.32954 11 - 4
    0.66504 0.4879 12
    0.7418 0.2 11
    1.46432 0.1853 4
    1.93098 0.1268 3
  3.434 5 + 2
    2.51999 0.6998 2
    3.434 0.3002 0
  3.437 7 + 2
    1.17066 0.5 6
    2.52299 0.5 2
  3.44289 1 + 1
    3.44289 1 0
  3.44778 13 - 2
    0.86004 0.1489 11
    1.05686 0.8511 10
  3.5506 5 - 2
    2.63659 0.6502 2
    3.5506 0.3498 0
  3.5739 5 - 2
    2.17534 0.3002 3
    2.65989 0.6998 2
  3.5781 3 - 3
    1.71288 0.329933 4
    2.66409 0.329933 2
    3.5781 0.340134 0
  3.58031 5 + 7
    0.5376 0.030653 18
    1.31397 0.231321 6
    1.59248 0.098649 5
    1.71509 0.10881 4
    2.18175 0.139413 3
    2.6663 0.340131 2
    3.58031 0.051025 0
  3.615 3 - 2
    3.1239 0.6502 1
    3.615 0.3498 0
  3.654 1 - 2
    2.73999 0.5 2
    3.1629 0.5 1
  3.699 7 - 1
    2.78499 1 2
  3.7289 5 - 3
    1.40503 0.4285 8
    1.74107 0.3333 5
    2.33034 0.2382 3
  3.7418 3 - 4
    1.75397 0.099609 5
    2.82779 0.390396 2
    3.2507 0.398396 1
    3.7418 0.111599 0
  3.7577 5 + 2
    2.35914 0.4001 3
    2.84369 0.5999 2
  3.8855 3 - 3
    1.89767 0.1302 5
    3.3944 0.2699 1
    3.8855 0.5999 0
  3.9052 3 - 4
    1.91737 0.109911 5
    2.99119 0.170317 2
    3.4141 0.170317 1
    3.9052 0.549455 0
  3.93 5 + 2
    2.53144 0.7502 3
    3.01599 0.2498 2
  4 1 - 3
    1.67613 0.4405 8
    3.5089 0.4097 1
    4 0.1498 0
  4.051 1 + 4
    1.0262 0.089382 17
    1.72713 0.100591 8
    3.5599 0.251377 1
    4.051 0.55865 0
  4.072 9 + 2
    2.08417 0.7502 5
    3.15799 0.2498 2
  4.10026 13 - 3
    0.65248 0.077863 28
    0.77072 0.598824 24
    1.43576 0.323313 12
  4.108 3 - 3
    3.19399 0.709235 2
    3.6169 0.241112 1
    4.108 0.049652 0
  4.154 1 + 2
    2.16617 0.5 5
    4.154 0.5 0
  4.183 9 + 2
    1.47696 0.5999 13
    2.78444 0.4001 3
  4.207 3 + 4
    1.88313 0.2598 8
    2.80844 0.2207 3
    3.29299 0.2793 2
    4.207 0.2402 0
  4.213 1 + 2
    2.22517 0.5 5
    4.213 0.5 0
  4.258 7 + 2
    1.99166 0.5 6
    3.34399 0.5 2
  4.267 3 + 2
    3.35299 0.5 2
    3.7759 0.5 1
  4.2952 11 + 1
    4.2952 1 0
  4.3013 5 - 3
    2.90274 0.547316 3
    3.38729 0.365111 2
    4.3013 0.087573 0
  4.307 5 - 1
    3.39299 1 2
  4.3489 1 - 7
    1.21923 0.170276 21
    1.3241 0.081079 17
    2.02503 0.270262 8
    2.0308 0.089178 7
    2.08256 0.170276 6
    3.8578 0.159478 1
    4.3489 0.059452 0
  4.4099 3 + 2
    3.49589 0.5 2
    3.9188 0.5 1
  4.441 7 + 2
    3.04244 0.5 3
    3.52699 0.5 2
  4.465 9 + 1
    3.55099 1 2
  4.5 1 - 1
    4.5 1 0
  4.52827 13 + 2
    1.48556 0.5 18
    1.94053 0.5 11
  4.53 7 + 1
    3.61599 1 2
  4.6222 3 + 1
    4.6222 1 0
  4.699 3 + 3
    2.37513 0.1601 8
    4.2079 0.2098 1
    4.699 0.6301 0
  4.7112 1 - 2
    3.79719 0.5 2
    4.2201 0.5 1
  4.7702 3 - 13
    1.0284 0.020159 37
    1.32731 0.039597 27
    1.64053 0.020159 21
    1.842 0.020159 15
    2.05519 0.010079 14
    2.06416 0.020159 13
    2.4521 0.068395 7
    2.50386 0.079184 6
    2.78237 0.111592 5
    2.90498 0.029878 4
    3.85619 0.190787 2
    4.2791 0.359975 1
    4.7702 0.029878 0
  4.81 9 + 2
    2.94478 0.5 4
    3.41144 0.5 3
  4.8178 3 - 7
    1.3838 0.0099 25
    2.49393 0.030248 8
    2.55146 0.019799 6
    2.82997 0.069855 5
    3.90379 0.050056 2
    4.3267 0.550061 1
    4.8178 0.270081 0
  4.90364 15 - 2
    0.80338 0.6897 45
    1.5741 0.3103 24
  4.9142 7 + 1
    4.00019 1 2
  4.9314 5 + 2
    3.53284 0.5 3
    4.9314 0.5 0
  4.9727 1 + 2
    2.98487 0.5 5
    4.9727 0.5 0
  5.0425 7 + 2
    2.77616 0.5 6
    4.12849 0.5 2
  5.0537 5 - 6
    1.9396 0.090159 19
    2.33869 0.068519 14
    2.33869 0.02993 14
    3.06587 0.360596 5
    4.13969 0.151498 2
    5.0537 0.299297 0
  5.1057 11 + 3
    4.19169 0.333333 2
    4.6146 0.333333 1
    5.1057 0.333333 0
  5.2187 9 + 6
    1.89943 0.050999 23
    2.17599 0.04435 18
    2.50369 0.02069 14
    2.5542 0.02217 12
    3.35348 0.122699 4
    3.82014 0.739093 3
  5.231 1 - 5
    1.78811 0.01031 27
    2.2062 0.01031 17
    2.96466 0.06014 6
    4.7399 0.06014 1
    5.231 0.8591 0
  5.255 3 + 1
    5.255 1 0
  5.264 3 - 12
    1.3588 0.03158 40
    1.82111 0.01053 27
    1.83 0.01053 25
    2.1499 0.1193 19
    2.3358 0.07018 15
    2.55796 0.07018 13
    2.94013 0.07017 8
    2.9459 0.0386 7
    3.27617 0.01053 5
    4.34999 0.0386 2
    4.7729 0.1789 1
    5.264 0.3509 0
  5.306 1 - 7
    1.4008 0.01974 40
    1.691 0.01974 33
    1.86311 0.03947 27
    2.17633 0.098689 21
    2.2812 0.072369 17
    2.98213 0.657893 8
    5.306 0.092099 0
  5.4275 17 + 2
    0.52386 0.5 69
    0.89923 0.5 61
  5.431 5 + 2
    4.03244 0.5 3
    5.431 0.5 0
  5.4436 3 + 10
    2.4188 0.029929 17
    2.5154 0.098988 15
    2.72859 0.02003 14
    2.73756 0.02003 13
    3.11973 0.119698 8
    3.17726 0.050639 6
    3.45577 0.230195 5
    4.52959 0.140397 2
    4.9525 0.179596 1
    5.4436 0.110498 0
  5.474 7 + 1
    5.474 1 0
  5.482 5 - 11
    1.9039 0.03994 31
    2.3679 0.050151 19
    2.43929 0.03003 18
    2.4572 0.050151 17
    3.15813 0.150101 8
    3.21566 0.159202 6
    3.49417 0.060061 5
    3.61678 0.090091 4
    4.08344 0.03003 3
    4.56799 0.03994 2
    4.9909 0.300303 1
  5.5223 5 + 4
    2.80729 0.009795 14
    4.12374 0.040069 3
    4.60829 0.059659 2
    5.5223 0.890478 0
  5.542 7 + 2
    3.27566 0.5 6
    4.62799 0.5 2
  5.55 5 + 9
    1.8082 0.029979 37
    1.935 0.049958 33
    2.10711 0.029979 27
    2.116 0.009993 25
    2.4359 0.039969 19
    2.6218 0.069948 15
    3.28366 0.169894 6
    3.68478 0.230192 4
    5.55 0.370088 0
  5.584 9 + 2
    3.71878 0.5 4
    4.18544 0.5 3
  5.589 3 - 2
    4.19044 0.5 3
    5.589 0.5 0
  5.596 1 + 2
    3.60817 0.5 5
    5.596 0.5 0
  5.6008 3 - 6
    2.576 0.13 17
    3.2827 0.1 7
    3.33446 0.11 6
    4.68679 0.03 2
    5.1097 0.13 1
    5.6008 0.5 0
  5.608 1 - 2
    4.69399 0.5 2
    5.1169 0.5 1
  5.62 7 - 9
    1.437 0.109001 48
    2.57729 0.02844 18
    2.6918 0.009479 15
    2.90499 0.01896 14
    2.91396 0.109001 13
    2.9555 0.189602 12
    3.63217 0.04265 5
    4.22144 0.01896 3
    5.62 0.473905 0
  5.645 3 - 12
    1.946 0.02102 35
    2.5234 0.03003 20
    2.6521 0.06907 16
    3.32113 0.03003 8
    3.32113 0.06907 8
    3.37866 0.0991 6
    3.65717 0.02102 5
    3.77978 0.02102 4
    4.24644 0.03904 3
    4.73099 0.1802 2
    5.1539 0.1201 1
    5.645 0.3003 0
  5.657 5 - 12
    2.042 0.02311 33
    2.0789 0.01394 31
    2.1064 0.004582 29
    2.6322 0.004582 17
    2.7288 0.009363 15
    2.94199 0.05558 14
    3.3389 0.01394 7
    3.39066 0.03705 6
    3.66917 0.02311 5
    3.79178 0.01394 4
    4.25844 0.199201 3
    4.74299 0.601602 2
  5.694 7 + 1
    5.694 1 0
  5.711 5 - 9
    1.9692 0.02017 37
    2.1329 0.059949 31
    2.277 0.039779 25
    2.5969 0.039779 19
    2.99599 0.039779 14
    3.44466 0.070029 6
    4.31244 0.100298 3
    4.79699 0.070029 2
    5.711 0.560189 0
  5.719 9 + 7
    2.6942 0.048948 17
    2.7908 0.069927 15
    3.39513 0.220289 8
    3.4009 0.150292 7
    3.73117 0.349683 5
    5.2279 0.031468 1
    5.719 0.129394 0
  5.72195 17 - 2
    0.818311 0.2482 69
    1.62169 0.7518 45
  5.7775 3 + 1
    5.7775 1 0
  5.801 11 + 2
    3.1365 0.5 12
    3.41008 0.5 10
  5.822 7 + 2
    3.55566 0.5 6
    4.90799 0.5 2
  5.8327 5 + 1
    5.8327 1 0
  5.839 5 + 2
    4.44044 0.5 3
    5.839 0.5 0
  5.846 1 - 2
    4.93199 0.5 2
    5.3549 0.5 1
  5.8542 5 - 1
    5.8542 1 0
  5.8807 3 + 6
    2.1817 0.0101 35
    3.16569 0.03102 14
    3.5626 0.1342 7
    3.89287 0.04113 5
    4.96669 0.06205 2
    5.8807 0.7215 0
  5.897 7 - 3
    2.7829 0.059859 19
    3.90917 0.059859 5
    4.49844 0.880282 3
  5.914 5 + 1
    2.8892 1 17
  5.923 3 + 2
    5.00899 0.5 2
    5.4319 0.5 1
  5.931 5 - 1
    5.931 1 0
  5.941 9 + 3
    3.6229 0.333333 7
    3.67466 0.333333 6
    5.941 0.333333 0
  5.95 9 + 2
    4.08478 0.5 4
    4.55144 0.5 3
  5.9584 1 - 1
    5.9584 1 0
  5.968 3 - 3
    4.56944 0.333333 3
    5.05399 0.333333 2
    5.968 0.333333 0
  5.971 7 + 3
    4.57244 0.333333 3
    5.05699 0.333333 2
    5.971 0.333333 0
  6.033 3 - 2
    4.63444 0.5 3
    6.033 0.5 0
  6.039 3 + 10
    2.34 0.010119 35
    2.4609 0.040017 31
    3.1108 0.019778 15
    3.32399 0.019778 14
    3.71513 0.090153 8
    3.77266 0.069914 6
    4.05117 0.080034 5
    5.12499 0.090153 2
    5.5479 0.12009 1
    6.039 0.459963 0
  6.076 3 - 1
    5.5849 1 1
  6.086 1 + 2
    4.09817 0.5 5
    6.086 0.5 0
  6.0918 3 - 5
    2.5137 0.009804 31
    3.067 0.03011 17
    3.76793 0.109898 8
    5.6007 0.149898 1
    6.0918 0.70029 0
  6.103 5 + 2
    4.70444 0.5 3
    6.103 0.5 0
  6.1275 3 - 2
    5.6364 0.5 1
    6.1275 0.5 0
  6.197 3 - 5
    2.6189 0.22 31
    3.48199 0.07995 14
    3.87313 0.2301 8
    3.93066 0.07995 6
    5.7059 0.39 1
  6.201 3 + 11
    2.75811 0.060672 27
    3.0869 0.129704 19
    3.1762 0.050212 17
    3.2728 0.039751 15
    3.49496 0.039751 13
    3.87713 0.179905 8
    3.93466 0.050212 6
    4.21317 0.209206 5
    5.28699 0.060672 2
    5.7099 0.129704 1
    6.201 0.050212 0
  6.206 9 + 5
    3.0919 0.030231 19
    3.16329 0.839625 18
    3.49099 0.030231 14
    3.61826 0.059612 11
    4.21817 0.040301 5
  6.21 7 - 2
    4.81144 0.5 3
    6.21 0.5 0
  6.229 1 - 2
    5.31499 0.5 2
    5.7379 0.5 1
  6.2367 3 - 7
    2.6586 0.088439 31
    3.2119 0.04082 17
    3.97036 0.071429 6
    4.24887 0.04082 5
    4.83814 0.139499 3
    5.7456 0.278897 1
    6.2367 0.340097 0
  6.296 1 - 2
    5.38199 0.5 2
    5.8049 0.5 1
  6.3041 3 - 11
    2.6891 0.01978 33
    3.1825 0.07912 20
    3.3759 0.2 15
    3.58909 0.05055 14
    3.59806 0.01978 13
    3.98023 0.05055 8
    4.03776 0.03956 6
    4.31627 0.1802 5
    4.43888 0.05055 4
    5.813 0.2198 1
    6.3041 0.09011 0
  6.31 9 + 2
    4.44478 0.5 4
    4.91144 0.5 3
  6.3239 5 + 8
    3.60889 0.049951 14
    4.0058 0.109803 7
    4.05756 0.040051 6
    4.45868 0.450013 4
    4.92534 0.090013 3
    5.40989 0.049951 2
    5.8328 0.130104 1
    6.3239 0.080112 0
  6.326 3 - 5
    4.0079 0.059779 7
    4.05966 0.120199 6
    4.46078 0.120199 4
    5.8349 0.05003 1
    6.326 0.649794 0
  6.336 5 + 2
    4.93744 0.5 3
    6.336 0.5 0
  6.3442 7 + 9
    2.76389 0.029911 32
    2.7936 0.080073 29
    3.3194 0.01012 17
    3.3513 0.029911 16
    3.62919 0.069953 14
    4.07786 0.179907 6
    5.43019 0.460218 2
    5.8531 0.069953 1
    6.3442 0.069953 0
  6.365 3 + 2
    5.45099 0.5 2
    5.8739 0.5 1
  6.37325 3 - 5
    2.79294 0.08 32
    3.65824 0.03 14
    5.45924 0.14 2
    5.88215 0.4 1
    6.37325 0.35 0
  6.381 7 + 2
    4.11466 0.5 6
    5.46699 0.5 2
  6.396 5 + 2
    4.99744 0.5 3
    6.396 0.5 0
  6.404 1 - 2
    5.48999 0.5 2
    5.9129 0.5 1
  6.41 7 + 2
    4.42217 0.5 5
    6.41 0.5 0
  6.419 3 - 5
    4.09513 0.1926 8
    4.15266 0.232 6
    5.50499 0.1926 2
    5.9279 0.1995 1
    6.419 0.1833 0
  6.444 11 + 2
    3.7795 0.5 12
    4.05308 0.5 10
  6.451 5 - 1
    6.451 1 0
  6.457 5 + 16
    2.1557 0.054968 54
    2.758 0.047169 35
    2.8831 0.067058 30
    2.9064 0.01481 29
    3.01411 0.01209 27
    3.023 0.017149 25
    3.32733 0.01404 21
    3.3429 0.017149 19
    3.4641 0.026899 16
    3.5288 0.01092 15
    3.75096 0.118896 13
    4.13313 0.061988 8
    4.46917 0.037819 5
    5.05844 0.044049 3
    5.54299 0.389888 2
    6.457 0.065108 0
  6.461 3 - 12
    2.846 0.020411 33
    2.8829 0.045922 31
    3.33133 0.073984 21
    3.4362 0.030612 17
    3.75496 0.068883 13
    4.13713 0.117306 8
    4.1429 0.125006 7
    4.19466 0.056123 6
    4.47317 0.025511 5
    5.54699 0.255113 2
    5.9699 0.135207 1
    6.461 0.045922 0
  6.47 1 + 5
    3.76396 0.2 13
    4.1519 0.2 7
    4.20366 0.2 6
    5.55599 0.2 2
    5.9789 0.2 1
  6.481 7 - 2
    5.08244 0.5 3
    6.481 0.5 0
  6.487 1 + 2
    4.49917 0.5 5
    6.487 0.5 0
  6.493 7 - 20
    2.186 0.015354 55
    2.1917 0.013435 54
    2.286 0.057589 49
    2.31 0.046073 48
    2.421 0.026869 44
    2.563 0.015354 41
    2.5878 0.013435 40
    2.6075 0.021111 39
    2.794 0.044154 35
    2.9191 0.051831 30
    2.9424 0.023031 29
    3.059 0.076781 25
    3.17373 0.17273 23
    3.3789 0.017273 19
    3.45029 0.021111 18
    3.5648 0.086377 15
    3.77799 0.191922 14
    3.78696 0.074862 13
    3.8285 0.026869 12
    4.50517 0.00384 5
  6.519 5 + 2
    5.12044 0.5 3
    6.519 0.5 0
  6.5302 3 - 1
    6.5302 1 0
  6.559 9 + 1
    6.559 1 0
  6.598 11 - 2
    4.73278 0.5 4
    5.19944 0.5 3
  6.6112 19 - 2
    0.889249 0.5 100
    1.70756 0.5 69
  6.6249 3 + 7
    3.0468 0.047758 31
    3.1909 0.060987 25
    3.6967 0.019839 15
    4.30103 0.046288 8
    4.3068 0.051427 7
    6.1338 0.038938 1
    6.6249 0.734763 0
  6.632 5 + 2
    5.23344 0.5 3
    6.632 0.5 0
  6.644 3 - 1
    6.644 1 0
  6.661 7 + 1
    6.661 1 0
  6.6905 1 - 1
    6.6905 1 0
  6.6997 17 + 1
    1.79606 1 69
  6.7083 3 - 8
    3.2713 0.02696 26
    3.57863 0.025 21
    3.7801 0.02696 15
    4.38443 0.01716 8
    4.3902 0.009804 7
    4.44196 0.03382 6
    6.2172 0.490198 1
    6.7083 0.370099 0
  6.7274 5 + 7
    2.8222 0.019819 40
    2.8419 0.023949 39
    3.1493 0.042108 31
    4.01239 0.028899 14
    4.40353 0.033859 8
    5.32884 0.025599 3
    6.2363 0.825767 1
  6.7459 5 + 5
    2.8604 0.02295 39
    3.172 0.02295 30
    4.4278 0.02913 7
    5.34734 0.04237 3
    6.7459 0.8826 0
  6.76 3 - 3
    4.77217 0.052629 5
    5.36144 0.070179 3
    6.76 0.877191 0
  6.7985 19 + 1
    1.371 1 81
  6.8101 3 - 4
    3.8819 0.5 15
    4.82227 0.16 5
    6.319 0.28 1
    6.8101 0.06 0
  6.8339 9 + 5
    1.9197 0.018171 70
    3.79119 0.648932 18
    4.11889 0.012981 14
    4.24616 0.120706 11
    5.43534 0.19921 3
  6.8423 3 - 5
    4.51843 0.043919 8
    4.57596 0.032089 6
    5.92829 0.050109 2
    6.3512 0.310794 1
    6.8423 0.563089 0
  6.8649 3 - 4
    4.59856 0.060258 6
    5.95089 0.076277 2
    6.3738 0.76277 1
    6.8649 0.100696 0
  6.8771 5 + 8
    3.299 0.043888 31
    3.763 0.040748 19
    3.8842 0.137894 16
    4.17106 0.059558 13
    4.55323 0.075237 8
    5.47854 0.134795 3
    5.96309 0.313487 2
    6.8771 0.194392 0
  6.885 7 - 9
    2.5837 0.043843 54
    4.17896 0.054284 13
    4.56113 0.066815 8
    4.61866 0.098127 6
    4.89717 0.110608 5
    5.01978 0.087686 4
    5.48644 0.198314 3
    5.97099 0.208815 2
    6.885 0.131509 0
  6.894 5 - 10
    3.3434 0.05589 29
    3.7799 0.03593 19
    4.17899 0.05988 14
    4.18796 0.0499 13
    4.57013 0.1058 8
    4.62766 0.1297 6
    4.90617 0.1417 5
    5.49544 0.1996 3
    5.97999 0.1118 2
    6.894 0.1098 0
  6.9029 9 + 12
    1.6842 0.02234 76
    1.9887 0.01787 70
    2.3729 0.01042 62
    2.4379 0.008935 59
    2.4619 0.01936 58
    3.1452 0.01489 38
    3.86019 0.744611 18
    4.18789 0.02606 14
    4.31516 0.065521 11
    5.03768 0.01042 4
    5.50434 0.034251 3
    5.98889 0.02532 2
  6.9215 5 + 3
    3.3434 0.1578 31
    4.93367 0.4602 5
    6.00749 0.382 2
  6.939 3 - 10
    3.2101 0.161908 36
    3.9461 0.046562 16
    4.22399 0.079824 14
    4.61513 0.097565 8
    4.6209 0.037692 7
    4.67266 0.221711 6
    5.07378 0.057653 4
    6.02499 0.086474 2
    6.4479 0.133007 1
    6.939 0.077604 0
  6.94 1 + 2
    4.95217 0.5 5
    6.94 0.5 0
  6.9461 3 - 5
    4.62223 0.071137 8
    4.628 0.129995 7
    4.67976 0.237091 6
    6.455 0.105796 1
    6.9461 0.455982 0
  6.959 3 + 2
    4.69266 0.5 6
    6.959 0.5 0
  6.9677 7 - 6
    3.3896 0.039171 31
    3.83803 0.02016 21
    4.70136 0.058761 6
    4.97987 0.062791 5
    6.05369 0.243105 2
    6.9677 0.576012 0
  7.0137 1 + 1
    7.0137 1 0
  7.0277 3 - 1
    7.0277 1 0
  7.0448 7 + 1
    7.0448 1 0
  7.1368 5 + 1
    7.1368 1 0
  7.18 1 - 2
    6.26599 0.5 2
    6.6889 0.5 1
  7.197 3 - 2
    6.28299 0.2424 2
    6.7059 0.7576 1
  7.251 7 + 5
    4.54496 0.116181 13
    4.98466 0.095945 6
    5.85244 0.156575 3
    6.33699 0.12628 2
    7.251 0.505019 0
  7.299 3 + 8
    4.16933 0.060964 21
    4.3708 0.109807 15
    4.59296 0.093366 13
    5.03266 0.045583 6
    5.31117 0.045583 5
    5.90044 0.034602 3
    6.38499 0.060964 2
    7.299 0.549133 0
  7.332 3 - 1
    7.332 1 0
  7.348 3 - 3
    3.7699 0.2 31
    6.43399 0.1197 2
    7.348 0.6803 0
  7.3535 19 + 4
    0.554999 0.25 168
    0.653799 0.25 163
    1.63155 0.25 100
    1.926 0.25 81
  7.3916 5 + 4
    3.8177 0.719943 30
    5.40377 0.130308 5
    5.52638 0.079915 4
    7.3916 0.069834 0
  7.407 1 - 1
    7.407 1 0
  7.444 3 + 3
    3.829 0.149885 33
    3.8659 0.149885 31
    7.444 0.70023 0
  7.4458 21 - 2
    0.8346 0.5 157
    1.72385 0.5 100
  7.45 7 - 2
    6.05144 0.5 3
    7.45 0.5 0
  7.4711 5 + 1
    7.4711 1 0
  7.4742 1 - 2
    6.56019 0.5 2
    6.9831 0.5 1
  7.503 9 + 1
    7.503 1 0
  7.5182 5 - 2
    6.11964 0.6998 3
    7.5182 0.3002 0
  7.523 7 + 1
    7.523 1 0
  7.5364 3 - 3
    6.62239 0.2002 2
    7.0453 0.5501 1
    7.5364 0.2497 0
  7.65 5 + 2
    6.25144 0.4001 3
    7.65 0.5999 0
  7.697 5 - 4
    5.70917 0.1204 5
    5.83178 0.2047 4
    6.29844 0.217 3
    7.697 0.4579 0
  7.73 1 + 2
    5.74217 0.5 5
    7.73 0.5 0
  7.7939 17 + 2
    2.07195 0.5 100
    2.89026 0.5 69
  7.81 7 - 2
    6.41144 0.5 3
    7.81 0.5 0
  7.8281 17 + 3
    2.10615 0.333333 100
    2.4006 0.333333 81
    2.92446 0.333333 69
  7.92 9 - 2
    5.52908 0.5 10
    7.00599 0.5 2
  7.94 1 - 2
    7.02599 0.5 2
    7.4489 0.5 1
  8.013 3 + 2
    7.5219 0.3302 1
    8.013 0.6698 0
  8.077 7 - 1
    8.077 1 0
  8.1173 21 + 3
    0.7638 0.333333 193
    1.4176 0.333333 163
    1.5061 0.333333 157
  8.1545 19 + 4
    0.326399 0.25 210
    0.3606 0.25 208
    2.43255 0.25 100
    2.727 0.25 81
  8.193 5 + 2
    6.79444 0.5 3
    8.193 0.5 0
  8.223 11 - 1
    8.223 1 0
  8.23 5 - 2
    7.31599 0.5 2
    7.7389 0.5 1
  8.258 5 + 1
    8.258 1 0
  8.39 1 - 2
    7.47599 0.5 2
    7.8989 0.5 1
  8.55 7 - 2
    7.15144 0.5 3
    8.55 0.5 0
  8.659 21 + 1
    3.2315 1 81
  8.729 21 + 3
    0.5745 0.333333 216
    2.1178 0.333333 157
    3.3015 0.333333 81
  8.8149 23 - 2
    1.3691 0.5 197
    2.2037 0.5 157
  8.9444 23 + 3
    0.827101 0.333333 215
    1.4986 0.333333 197
    1.5909 0.333333 193
  9.06 9 + 2
    7.19478 0.5 4
    7.66144 0.5 3
  9.28 7 + 2
    7.01366 0.5 6
    8.36599 0.5 2
  9.4573 23 + 2
    0.7283 0.5 224
    1.3028 0.5 216
  9.6737 25 + 2
    0.729299 0.5 226
    1.5564 0.5 215
  9.78 5 + 2
    8.38144 0.5 3
    9.78 0.5 0
  10.13 1 + 2
    8.14217 0.5 5
    10.13 0.5 0
  10.1446 21 + 1
    4.7171 1 81
  10.2785 25 + 2
    0.821201 0.5 229
    1.5495 0.5 224
  10.3642 21 + 2
    3.753 0.5 157
    4.9367 0.5 81
  10.5 5 + 2
    9.10144 0.5 3
    10.5 0.5 0
  10.6066 27 + 2
    0.9329 0.5 230
    1.6622 0.5 226
  11.1 7 - 2
    9.70144 0.5 3
    11.1 0.5 0
  11.2137 27 + 2
    0.935199 0.5 234
    1.7564 0.5 229
  11.9215 25 + 6
    1.5573 0.166667 235
    1.7769 0.166667 233
    2.4642 0.166667 229
    3.1066 0.166667 225
    3.2625 0.166667 223
    3.8042 0.166667 215
  12.0416 25 + 2
    2.5843 0.5 229
    3.9243 0.5 215
  12.2496 29 + 2
    1.0359 0.5 239
    1.9711 0.5 234
  13.3551 29 + 2
    1.3135 0.5 241
    1.4336 0.5 240
  13.36 31 + 2
    1.1104 0.5 242
    2.1463 0.5 239
  14.5855 33 + 2
    1.2255 0.5 244
    2.3359 0.5 242
  14.9551 33 + 1
    1.6 1 243
  16.0321 35 + 1
    2.6721 1 244
  16.8551 37 + 1
    1.9 1 246
  19.0972 41 + 1
    2.2421 1 248
  21.7082 45 + 1
    2.611 1 249
  24.7123 49 + 1
    3.0041 1 250
  27.9 5 - 2
    26.986 0.5 2
    27.4089 0.5 1
  28.137 53 + 1
    3.4247 1 251
  31.964 57 + 1
    3.827 1 253

29 60 89
  0 4 + 0
  0.0622 2 + 1
    0.0622 1 0
  0.2872 4 + 2
    0.225 0.6999 1
    0.2872 0.3001 0
  0.3358 6 + 1
    0.2736 1 1
  0.3646 2 + 1
    0.3646 1 0
  0.4538 6 + 2
    0.1666 0.01002 2
    0.4538 0.98998 0
  0.5575 8 + 3
    0.1037 0.317568 5
    0.2703 0.110189 2
    0.5575 0.572243 0
  0.571 4 - 3
    0.2352 0.333333 3
    0.2838 0.333333 2
    0.571 0.333333 0
  0.587 6 + 2
    0.2512 0.5 3
    0.5248 0.5 1
  0.6 8 - 1
    0.6 1 0
  0.6702 2 + 2
    0.3344 0.1235 3
    0.6702 0.8765 0
  0.781 6 + 2
    0.3272 0.4511 5
    0.781 0.5489 0
  0.904 6 - 1
    0.904 1 0
  0.9145 6 - 2
    0.357 0.329 6
    0.4607 0.671 5
  0.947 4 + 3
    0.376 0.333333 7
    0.4932 0.333333 5
    0.947 0.333333 0
  0.975 4 - 1
    0.4175 1 6
  1.007 6 + 1
    0.3368 1 10
  1.249 4 + 1
    0.9132 1 3
  1.333 0 - 2
    0.9684 0.5 4
    1.2708 0.5 1
  1.368 4 + 1
    1.0808 1 2
  1.4215 4 + 1
    0.9677 1 5
  1.427 6 + 1
    1.427 1 0
  1.492 2 - 2
    1.2048 0.5 2
    1.492 0.5 0
  1.505 2 + 1
    1.0512 1 5
  1.6036 10 + 1
    1.0461 1 6
  1.646 8 - 2
    1.1922 0.5 5
    1.3102 0.5 3
  1.66 0 - 2
    1.2954 0.5 4
    1.5978 0.5 1
  1.668 4 - 1
    0.887 1 11
  1.694 10 - 2
    0.79 0.5 12
    1.1365 0.5 6
  1.768 2 - 2
    1.4808 0.5 2
    1.768 0.5 0
  1.7789 10 + 2
    1.2214 0.5 6
    1.3251 0.5 5
  1.791 4 - 2
    1.4264 0.5 4
    1.791 0.5 0
  1.878 8 - 1
    0.373 1 23
  1.918 12 - 2
    0.3144 0.5 24
    1.318 0.5 9
  1.981 2 - 2
    1.6938 0.5 2
    1.981 0.5 0
  2.0266 10 + 1
    1.4691 1 6
  2.035 0 - 1
    1.3648 1 10
  2.17 8 - 2
    1.7162 0.5 5
    1.8342 0.5 3
  2.1972 12 + 1
    1.6397 1 6
  2.231 2 - 2
    1.9438 0.5 2
    2.231 0.5 0
  2.246 14 - 1
    0.6424 1 24
  2.286 2 - 2
    1.9988 0.5 2
    2.286 0.5 0
  2.3495 6 + 1
    1.792 1 6
  2.474 8 - 2
    2.0202 0.5 5
    2.1382 0.5 3
  2.519 4 + 1
    0.9154 1 24
  2.524 0 - 1
    2.1594 1 4
  2.536 0 + 3
    1.8658 0.5917 10
    2.1714 0.1598 4
    2.4738 0.2485 1
  2.539 2 - 1
    0.9354 1 24
  2.593 6 + 2
    2.2572 0.5 3
    2.5308 0.5 1
  2.633 4 - 2
    2.2972 0.5 3
    2.5708 0.5 1
  2.658 8 + 1
    0.4608 1 38
  2.6917 12 + 1
    1.0881 1 24
  2.726 2 - 2
    2.4388 0.5 2
    2.726 0.5 0
  2.79 4 - 1
    0.5928 1 38
  2.8171 12 + 1
    0.7905 1 35
  2.888 6 - 2
    2.6008 0.5 2
    2.888 0.5 0
  2.915 4 + 2
    2.6278 0.5 2
    2.915 0.5 0
  3.001 2 - 2
    2.7138 0.5 2
    3.001 0.5 0
  3.044 6 + 2
    2.7082 0.5 3
    2.9818 0.5 1
  3.0666 8 - 1
    2.5091 1 6
  3.094 4 + 2
    2.8068 0.5 2
    3.094 0.5 0
  3.1555 12 - 1
    1.5519 1 24
  3.162 2 + 2
    2.8262 0.5 3
    3.0998 0.5 1
  3.1908 14 + 1
    1.5872 1 24
  3.282 6 - 2
    2.9948 0.5 2
    3.282 0.5 0
  3.315 4 - 5
    1.2884 0.2 35
    1.437 0.2 32
    1.5361 0.2 30
    1.8935 0.2 20
    2.715 0.2 9
  3.344 2 + 2
    3.0082 0.5 3
    3.2818 0.5 1
  3.3545 14 - 1
    1.1573 1 38
  3.452 8 + 2
    3.1648 0.5 2
    3.452 0.5 0
  3.545 6 - 2
    3.2578 0.5 2
    3.545 0.5 0
  3.575 4 + 4
    1.051 0.25 45
    1.3778 0.25 38
    1.9714 0.25 24
    2.628 0.25 14
  3.594 2 - 1
    1.3968 1 38
  3.624 0 + 1
    1.5974 1 35
  3.699 4 - 4
    1.175 0.25 45
    2.031 0.25 27
    2.7845 0.25 13
    2.795 0.25 12
  3.772 14 - 2
    0.4175 0.4711 67
    0.6165 0.5289 61
  3.837 6 + 1
    1.6398 1 38
  3.874 10 + 2
    3.4202 0.5 5
    3.5382 0.5 3
  3.877 8 + 2
    1.6798 0.5 38
    3.877 0.5 0
  3.98 2 - 2
    3.6928 0.5 2
    3.98 0.5 0
  4.093 4 - 1
    0.7385 1 67
  4.479 6 + 1
    0.386 1 79
  4.5208 4 - 2
    1.1663 0.5 67
    1.3653 0.5 61
  4.619 2 + 2
    4.2832 0.5 3
    4.5568 0.5 1
  4.638 6 - 2
    4.3508 0.5 2
    4.638 0.5 0
  5.1881 18 - 2
    1.4161 0.5406 74
    1.8336 0.4594 67
  5.827 8 + 1
    1.734 1 79
  5.99 18 + 1
    2.7992 1 63
  7.2 4 - 2
    6.8642 0.5 3
    7.1378 0.5 1
  10 2 + 2
    9.6642 0.5 3
    9.9378 0.5 1

29 61 122
  0 3 - 0
  0.4751 1 - 1
    0.4751 1 0
  0.97006 5 - 2
    0.49496 0.009032 1
    0.97006 0.990968 0
  1.31054 7 - 2
    0.34048 0.062038 2
    1.31054 0.937962 0
  1.3942 5 - 3
    0.42414 0.028168 2
    0.9191 0.119392 1
    1.3942 0.85244 0
  1.66046 3 - 4
    0.26626 0.0459 4
    0.6904 0.1568 2
    1.18536 0.1443 1
    1.66046 0.653 0
  1.7326 7 - 4
    0.3384 0.022932 4
    0.42206 0.222816 3
    0.76254 0.13601 2
    1.7326 0.618243 0
  1.90418 5 - 3
    0.59364 0.2212 3
    0.93412 0.4165 2
    1.90418 0.3623 0
  1.93266 3 - 3
    0.9626 0.0757 2
    1.45756 0.2545 1
    1.93266 0.6698 0
  1.94248 7 - 5
    0.20988 0.099683 6
    0.54828 0.00498 4
    0.63194 0.191987 3
    0.97242 0.599658 2
    1.94248 0.103693 0
  2.08886 1 - 2
    1.61376 0.3197 1
    2.08886 0.6803 0
  2.20342 5 - 4
    0.47082 0.114411 6
    0.89288 0.187419 3
    1.23336 0.468547 2
    1.72832 0.229623 1
  2.2951 9 - 5
    0.35262 0.076082 9
    0.5625 0.199204 6
    0.9009 0.257905 4
    0.98456 0.342007 3
    1.32504 0.124802 2
  2.33647 9 - 4
    0.39399 0.01729 9
    0.94227 0.01201 4
    1.02593 0.22 3
    1.36641 0.7507 2
  2.35819 3 - 4
    0.42553 0.1078 8
    0.69773 0.3091 5
    1.88309 0.3471 1
    2.35819 0.236 0
  2.39902 7 - 2
    1.08848 0.4179 3
    1.42896 0.5821 2
  2.47246 3 - 3
    1.5024 0.101195 2
    1.99736 0.843158 1
    2.47246 0.055647 0
  2.58375 3 + 2
    0.64127 0.1804 9
    0.85115 0.8196 6
  2.59816 3 + 1
    2.59816 1 0
  2.61172 9 - 4
    0.31662 0.014089 12
    0.66924 0.301179 9
    0.87912 0.585759 6
    1.30118 0.098973 3
  2.62715 11 - 3
    0.29068 0.016341 13
    0.33205 0.025921 12
    1.31661 0.957738 3
  2.68412 3 - 3
    1.28992 0.027032 4
    2.20902 0.540538 1
    2.68412 0.43243 0
  2.72071 9 + 5
    0.10899 0.04767 19
    0.32169 0.01215 15
    0.77823 0.01379 9
    0.98811 0.374996 6
    1.41017 0.551394 3
  2.72834 7 - 4
    0.32932 0.027171 15
    0.52492 0.039182 11
    1.4178 0.331317 3
    1.75828 0.60233 2
  2.79263 5 - 3
    1.13217 0.1 5
    1.48209 0.4455 3
    2.79263 0.4545 0
  2.84049 3 - 2
    0.75163 0.5572 10
    2.84049 0.4428 0
  2.8571 3 - 2
    2.382 0.2 1
    2.8571 0.8 0
  2.9242 1 + 6
    0.29705 0.05097 20
    0.31248 0.02482 19
    0.52518 0.04352 15
    0.6291 0.02603 12
    0.98172 0.09226 9
    1.1916 0.7624 6
  2.93274 3 - 3
    1.53854 0.1024 4
    2.45764 0.7874 1
    2.93274 0.1102 0
  3.00161 5 + 3
    0.79819 0.1354 11
    1.60741 0.26 4
    3.00161 0.6046 0
  3.01572 11 - 3
    0.67925 0.1371 13
    0.72062 0.1341 12
    1.70518 0.7288 3
  3.0193 3 - 2
    2.5442 0.7092 1
    3.0193 0.2908 0
  3.037 1 + 2
    1.37654 0.5 5
    3.037 0.5 0
  3.042 3 - 2
    2.5669 0.6173 1
    3.042 0.3827 0
  3.06554 3 - 4
    0.70735 0.097691 14
    1.16136 0.390604 7
    1.67134 0.308603 4
    3.06554 0.203102 0
  3.0921 3 - 1
    3.0921 1 0
  3.19858 7 + 3
    1.2561 0.2615 9
    1.46598 0.4587 6
    1.80438 0.2798 4
  3.249 5 + 2
    1.93846 0.5 3
    3.249 0.5 0
  3.25978 11 - 3
    0.64806 0.3963 19
    0.96468 0.1321 12
    1.52718 0.4716 6
  3.2771 7 + 1
    3.2771 1 0
  3.3231 3 - 1
    2.01256 1 3
  3.357 5 + 2
    2.04646 0.5 3
    3.357 0.5 0
  3.3727 9 + 1
    1.6401 1 6
  3.406 3 + 2
    2.43594 0.5 2
    2.9309 0.5 1
  3.437 1 + 2
    1.77654 0.5 5
    3.437 0.5 0
  3.4544 3 + 3
    1.05538 0.050838 15
    1.7218 0.201792 6
    2.14386 0.74737 3
  3.5212 5 + 1
    3.5212 1 0
  3.547 11 - 1
    1.34358 1 11
  3.578 1 + 2
    1.91754 0.5 5
    3.578 0.5 0
  3.597 5 + 2
    2.28646 0.5 3
    3.597 0.5 0
  3.618 1 + 2
    1.95754 0.5 5
    3.618 0.5 0
  3.646 5 + 2
    2.33546 0.5 3
    3.646 0.5 0
  3.6537 7 + 1
    1.04198 1 19
  3.686 5 + 2
    2.37546 0.5 3
    3.686 0.5 0
  3.706 1 + 2
    2.04554 0.5 5
    3.706 0.5 0
  3.73 7 + 2
    2.3358 0.5 4
    2.75994 0.5 2
  3.7395 11 + 1
    1.4444 1 12
  3.7795 11 - 1
    1.44303 1 13
  3.7901 5 + 1
    2.82004 1 2
  3.802 1 + 2
    2.14154 0.5 5
    3.802 0.5 0
  3.844 1 + 2
    2.18354 0.5 5
    3.844 0.5 0
  3.8531 7 + 1
    1.13239 1 22
  3.863 5 + 2
    2.55246 0.5 3
    3.863 0.5 0
  3.9428 11 + 1
    1.22209 1 22
  3.947 9 + 2
    2.5528 0.5 4
    3.4719 0.5 1
  3.9803 5 + 2
    2.66976 0.5 3
    3.9803 0.5 0
  4.0518 7 + 1
    0.79202 1 38
  4.06 13 + 2
    1.33929 0.5 22
    1.43285 0.5 20
  4.082 13 + 2
    0.7093 0.2482 42
    1.36129 0.7518 22
  4.1328 9 + 2
    2.4002 0.6494 6
    2.82226 0.3506 3
  4.2863 13 - 2
    1.94983 0.5 13
    1.9912 0.5 12
  4.3321 5 - 1
    3.02156 1 3
  4.357 1 + 2
    2.69654 0.5 5
    4.357 0.5 0
  4.3806 7 - 1
    2.04413 1 13
  4.4672 15 - 1
    1.84005 1 20
  4.47 5 + 2
    3.15946 0.5 3
    4.47 0.5 0
  4.484 7 - 2
    3.17346 0.5 3
    4.484 0.5 0
  4.5897 13 + 6
    0.2091 0.166667 73
    0.6469 0.166667 63
    0.936 0.166667 52
    1.0427 0.166667 47
    1.32992 0.166667 38
    1.86899 0.166667 22
  4.603 5 - 2
    3.63294 0.5 2
    4.1279 0.5 1
  4.8187 15 - 3
    0.7669 0.333333 66
    1.55892 0.333333 38
    2.19155 0.333333 20
  4.859 1 + 2
    3.19854 0.5 5
    4.859 0.5 0
  4.991 15 + 1
    0.909 1 68
  5.072 3 - 2
    3.76146 0.5 3
    5.072 0.5 0
  5.1192 17 + 4
    0.3005 0.25 79
    0.5295 0.25 77
    0.652 0.25 74
    1.0372 0.25 68
  5.1363 5 - 1
    0.85 1 70
  5.278 7 + 2
    3.8838 0.5 4
    4.30794 0.5 2
  5.431 3 - 2
    4.12046 0.5 3
    5.431 0.5 0
  5.4623 9 + 1
    0.326 1 84
  5.7013 5 - 1
    0.565 1 84
  5.732 1 + 2
    4.07154 0.5 5
    5.732 0.5 0
  5.8552 19 - 1
    0.736 1 83
  6.0543 3 + 2
    0.353 0.5 88
    1.9723 0.5 68
  6.084 1 + 2
    4.42354 0.5 5
    6.084 0.5 0
  6.3506 3 - 2
    5.04006 0.5 3
    6.3506 0.5 0
  6.3615 3 - 2
    5.05096 0.5 3
    6.3615 0.5 0
  6.3723 3 + 2
    5.40224 0.5 2
    5.8972 0.5 1
  6.3782 3 - 2
    5.06766 0.5 3
    6.3782 0.5 0
  6.3929 3 + 2
    5.42284 0.5 2
    5.9178 0.5 1
  6.441 5 - 2
    5.47094 0.5 2
    5.9659 0.5 1
  6.4461 5 + 2
    5.13556 0.5 3
    6.4461 0.5 0
  6.457 7 - 2
    5.14646 0.5 3
    6.457 0.5 0
  6.627 1 + 2
    4.96654 0.5 5
    6.627 0.5 0
  6.645 1 - 2
    5.67494 0.5 2
    6.1699 0.5 1
  6.701 7 + 2
    5.3068 0.5 4
    5.73094 0.5 2
  6.8232 21 + 1
    1.704 1 83
  7.3882 5 - 1
    1.533 1 90
  7.401 9 - 2
    6.0068 0.5 4
    6.43094 0.5 2
  7.9352 23 + 1
    1.112 1 104
  8.446 9 + 2
    6.7134 0.5 6
    7.13546 0.5 3
  8.45 9 + 2
    6.7174 0.5 6
    7.13946 0.5 3
  8.453 9 + 2
    6.7204 0.5 6
    7.14246 0.5 3
  8.457 9 + 2
    6.7244 0.5 6
    7.14646 0.5 3
  8.463 9 + 2
    6.7304 0.5 6
    7.15246 0.5 3
  8.465 9 + 2
    6.7324 0.5 6
    7.15446 0.5 3
  8.472 9 + 2
    6.7394 0.5 6
    7.16146 0.5 3
  8.475 9 + 2
    6.7424 0.5 6
    7.16446 0.5 3
  8.477 9 + 2
    6.7444 0.5 6
    7.16646 0.5 3
  8.48 9 + 2
    6.7474 0.5 6
    7.16946 0.5 3
  8.484 9 + 2
    6.7514 0.5 6
    7.17346 0.5 3
  8.561 5 - 2
    7.59094 0.5 2
    8.0859 0.5 1
  9.4062 27 - 1
    1.471 1 107
  9.963 7 - 2
    8.65246 0.5 3
    9.963 0.5 0

29 62 131
  0 2 + 0
  0.04084 4 + 1
    0.04084 1 0
  0.24342 4 + 2
    0.20258 0.004295 1
    0.24342 0.995705 0
  0.28781 4 + 1
    0.24697 1 1
  0.39013 8 + 2
    0.14671 0.04031 2
    0.34929 0.95969 1
  0.42619 6 + 1
    0.38535 1 1
  0.54831 2 + 4
    0.2605 0.042521 3
    0.30489 0.009167 2
    0.50747 0.467006 1
    0.54831 0.481306 0
  0.63746 2 + 4
    0.34965 0.01557 3
    0.39404 0.07733 2
    0.59662 0.898297 1
    0.63746 0.008803 0
  0.64482 4 + 1
    0.64482 1 0
  0.67496 6 + 3
    0.28483 0.1854 4
    0.43154 0.4405 2
    0.63412 0.3741 1
  0.69831 4 + 3
    0.27212 0.2545 5
    0.45489 0.3553 2
    0.65747 0.3902 1
  0.72772 4 + 3
    0.43991 0.1022 3
    0.4843 0.5377 2
    0.68688 0.3601 1
  0.7558 4 + 1
    0.7558 1 0
  0.91533 4 + 4
    0.48914 0.435096 5
    0.62752 0.02131 3
    0.67191 0.121799 2
    0.91533 0.421796 0
  0.98271 6 + 3
    0.55652 0.1983 5
    0.59258 0.3514 4
    0.94187 0.4503 1
  1.02302 4 + 3
    0.7796 0.4 2
    0.98218 0.1 1
    1.02302 0.5 0
  1.0516 0 - 1
    0.37664 1 9
  1.0772 4 + 2
    0.68707 0.5954 4
    1.03636 0.4046 1
  1.14166 6 + 3
    0.71547 0.3 5
    0.75153 0.5 4
    0.89824 0.2 2
  1.1441 4 + 2
    0.46914 0.5 9
    0.75397 0.5 4
  1.17 4 + 2
    0.92658 0.5 2
    1.12916 0.5 1
  1.22151 8 - 1
    1.22151 1 0
  1.24867 6 + 5
    0.57371 0.099136 9
    0.82248 0.351386 5
    0.85854 0.049548 4
    1.00525 0.049548 2
    1.20783 0.450382 1
  1.28512 4 + 3
    0.58681 0.333333 10
    0.85893 0.333333 5
    0.99731 0.333333 3
  1.3463 4 + 4
    0.61858 0.25 11
    0.67134 0.25 9
    1.10288 0.25 2
    1.30546 0.25 1
  1.3543 4 - 4
    0.43897 0.2009 13
    0.70948 0.2176 8
    0.92811 0.1632 5
    1.06649 0.4183 3
  1.367 4 + 1
    1.32616 1 1
  1.37052 10 + 2
    0.94433 0.04671 5
    0.98039 0.95329 4
  1.3739 4 + 2
    1.08609 0.5 3
    1.13048 0.5 2
  1.395 2 - 2
    1.15158 0.5 2
    1.35416 0.5 1
  1.4033 8 + 3
    0.72834 0.333333 9
    1.01317 0.333333 4
    1.36246 0.333333 1
  1.4102 2 - 1
    0.42749 1 14
  1.4161 4 - 5
    0.68838 0.2 11
    0.71779 0.2 10
    0.74114 0.2 9
    1.17268 0.2 2
    1.37526 0.2 1
  1.4275 2 - 2
    0.75254 0.5 9
    1.38666 0.5 1
  1.42958 2 + 7
    0.73127 0.024143 10
    0.79212 0.08968 7
    0.88127 0.144816 6
    1.14177 0.344838 3
    1.18616 0.037934 2
    1.38874 0.082759 1
    1.42958 0.27583 0
  1.433 2 + 4
    0.73469 0.25 10
    0.75804 0.25 9
    0.88469 0.25 6
    1.00681 0.25 5
  1.48567 6 + 3
    0.81071 0.2028 9
    1.05948 0.6993 5
    1.09554 0.0979 4
  1.5049 2 - 1
    0.77718 1 11
  1.5073 6 - 1
    0.83234 1 9
  1.5112 8 - 3
    1.08501 0.333333 5
    1.12107 0.333333 4
    1.47036 0.333333 1
  1.52591 6 + 3
    0.8276 0.323 10
    1.48507 0.0559 1
    1.52591 0.6211 0
  1.56806 6 - 4
    0.8931 0.25 9
    1.14187 0.25 5
    1.32464 0.25 2
    1.52722 0.25 1
  1.5816 0 - 4
    0.88329 0.25 10
    1.15541 0.25 5
    1.29379 0.25 3
    1.33818 0.25 2
  1.587 10 - 2
    0.1837 0.5 30
    1.19687 0.5 4
  1.67764 10 + 7
    0.42897 0.089849 22
    0.92184 0.058859 12
    1.00268 0.151198 9
    1.04018 0.140099 7
    1.25145 0.260397 5
    1.28751 0.279997 4
    1.43422 0.0196 2
  1.6791 8 - 2
    0.95138 0.5 11
    0.98079 0.5 10
  1.6821 4 - 2
    0.98379 0.5 10
    1.39429 0.5 3
  1.71051 6 + 3
    1.03555 0.082582 9
    1.28432 0.458709 5
    1.71051 0.458709 0
  1.7363 2 - 1
    1.06134 1 9
  1.745 0 - 1
    1.04669 1 10
  1.7595 4 - 2
    1.06119 0.5 10
    1.11468 0.5 8
  1.775 4 + 2
    1.53158 0.5 2
    1.73416 0.5 1
  1.8203 8 - 1
    1.43017 1 4
  1.8276 2 + 1
    1.40141 1 5
  1.843 12 - 1
    0.86029 1 14
  1.91672 0 - 3
    0.5462 0.333333 27
    1.49053 0.333333 5
    1.87588 0.333333 1
  1.98139 6 + 2
    1.30643 0.5 9
    1.5552 0.5 5
  1.996 8 + 2
    1.75258 0.5 2
    1.95516 0.5 1
  2.022 10 + 2
    1.34704 0.5 9
    1.59581 0.5 5
  2.0675 2 + 2
    1.39254 0.5 9
    1.64131 0.5 5
  2.107 6 + 2
    1.68081 0.5 5
    2.107 0.5 0
  2.139 8 + 2
    1.89558 0.5 2
    2.09816 0.5 1
  2.1459 0 - 1
    0.77538 1 27
  2.14799 12 + 2
    0.77747 0.2064 27
    1.75786 0.7936 4
  2.1547 2 - 2
    1.47974 0.3007 9
    1.72851 0.6993 5
  2.16064 6 - 2
    1.46233 0.9009 10
    1.91722 0.0991 2
  2.176 8 - 2
    1.50104 0.5 9
    1.74981 0.5 5
  2.224 2 + 2
    1.79781 0.5 5
    2.224 0.5 0
  2.2395 6 + 1
    1.84937 1 4
  2.29533 12 - 2
    0.92481 0.98814 27
    1.9052 0.01186 4
  2.315 10 + 2
    1.64004 0.5 9
    1.88881 0.5 5
  2.36 0 - 2
    1.81169 0.5 6
    2.36 0.5 0
  2.374 2 + 2
    1.94781 0.5 5
    2.374 0.5 0
  2.422 6 + 2
    1.99581 0.5 5
    2.422 0.5 0
  2.4441 8 + 1
    1.19543 1 22
  2.486 14 - 2
    0.33801 0.5 63
    0.899 0.5 43
  2.506 2 + 2
    2.07981 0.5 5
    2.506 0.5 0
  2.5187 6 - 1
    1.14818 1 27
  2.547 8 + 2
    2.30358 0.5 2
    2.50616 0.5 1
  2.565 10 - 2
    1.1617 0.5 30
    2.17487 0.5 4
  2.61 2 - 2
    2.36658 0.5 2
    2.56916 0.5 1
  2.6227 6 - 1
    2.23257 1 4
  2.6386 0 - 1
    1.26808 1 27
  2.704 16 + 2
    0.218 0.5 75
    0.55601 0.5 63
  2.725 2 - 2
    2.48158 0.5 2
    2.68416 0.5 1
  2.74 6 - 1
    1.82467 1 13
  2.829 8 - 1
    0.53367 1 69
  2.835 4 - 2
    2.40881 0.5 5
    2.835 0.5 0
  2.86 2 + 2
    2.43381 0.5 5
    2.86 0.5 0
  2.876 6 + 2
    2.44981 0.5 5
    2.876 0.5 0
  2.89223 14 - 1
    0.5969 1 69
  2.92 0 + 2
    2.67658 0.5 2
    2.87916 0.5 1
  2.944 4 - 2
    2.51781 0.5 5
    2.944 0.5 0
  2.993 8 + 2
    2.74958 0.5 2
    2.95216 0.5 1
  3.008 10 - 2
    1.6047 0.5 30
    2.61787 0.5 4
  3.02949 14 - 2
    0.13726 0.1283 90
    0.73416 0.8717 69
  3.15 2 - 2
    2.90658 0.5 2
    3.10916 0.5 1
  3.19151 12 - 2
    1.51387 0.2806 44
    1.82099 0.7194 27
  3.31 6 + 2
    2.88381 0.5 5
    3.31 0.5 0
  3.42 4 - 2
    2.99381 0.5 5
    3.42 0.5 0
  3.4348 16 - 2
    0.24329 0.376 97
    1.13947 0.624 69
  3.55 2 - 2
    3.30658 0.5 2
    3.50916 0.5 1
  3.58 4 - 1
    1.28467 1 69
  3.6275 16 - 2
    0.73527 0.2723 90
    1.33217 0.7277 69
  3.97923 18 - 2
    0.35173 0.1948 103
    0.54443 0.8052 100
  4.16492 18 - 3
    0.53742 0.2409 103
    1.13543 0.1858 95
    1.27269 0.5733 90
  4.44723 18 - 4
    0.468 0.383073 104
    1.01243 0.249083 100
    1.41774 0.068965 95
    1.555 0.298879 90
  4.62894 14 + 2
    1.19414 0.5556 100
    1.43743 0.4444 97
  4.74635 18 + 1
    1.11885 1 103
  4.99995 18 - 2
    0.83503 0.819 105
    1.37245 0.181 103
  5.04829 6 - 2
    0.41935 0.7675 107
    1.06906 0.2325 104
  5.61959 4 - 1
    0.5713 1 110
  5.72 4 + 2
    5.47658 0.5 2
    5.67916 0.5 1
  5.785 4 + 2
    5.54158 0.5 2
    5.74416 0.5 1
  6.00811 22 - 2
    1.00816 0.3464 109
    1.26176 0.6536 108
  6.39 2 - 2
    6.14658 0.5 2
    6.34916 0.5 1
  7.10082 24 - 1
    1.09271 1 114
  7.61983 24 - 1
    1.61172 1 114
  7.71 6 - 2
    7.46658 0.5 2
    7.66916 0.5 1
  7.97 8 + 2
    7.72658 0.5 2
    7.92916 0.5 1
  8.19 2 + 2
    7.76381 0.5 5
    8.19 0.5 0
  9.057 6 - 2
    8.81358 0.5 2
    9.01616 0.5 1
  9.288 8 - 2
    8.61304 0.5 9
    8.86181 0.5 5
  9.43 2 - 2
    9.18658 0.5 2
    9.38916 0.5 1
  9.49 6 + 2
    9.06381 0.5 5
    9.49 0.5 0
  9.64 4 - 2
    9.21381 0.5 5
    9.64 0.5 0
  9.701 0 + 2
    9.45758 0.5 2
    9.66016 0.5 1
  9.928 2 - 2
    9.68458 0.5 2
    9.88716 0.5 1
  10.095 4 + 2
    9.85158 0.5 2
    10.0542 0.5 1
  10.228 6 - 2
    9.98458 0.5 2
    10.1872 0.5 1
  10.417 8 + 2
    10.1736 0.5 2
    10.3762 0.5 1

29 63 255
  0 3 - 0
  0.66993 1 - 1
    0.66993 1 0
  0.96202 5 - 1
    0.96202 1 0
  1.32676 7 - 2
    0.36474 0.1585 2
    1.32676 0.8415 0
  1.41216 5 - 3
    0.45014 0.218113 2
    0.74223 0.065244 1
    1.41216 0.716643 0
  1.547 3 - 3
    0.58498 0.215196 2
    0.87707 0.02212 1
    1.547 0.762685 0
  1.86063 7 - 2
    0.89861 0.4506 2
    1.86063 0.5494 0
  1.95203 3 + 1
    0.99001 1 2
  2.01292 3 - 5
    0.46592 0.024062 5
    0.60076 0.019242 4
    1.0509 0.254825 2
    1.34299 0.221122 1
    2.01292 0.480748 0
  2.06245 1 - 3
    0.51545 0.363836 5
    1.39252 0.478348 1
    2.06245 0.157816 0
  2.08132 5 - 4
    0.53432 0.10121 5
    0.75456 0.268527 3
    1.1193 0.241224 2
    2.08132 0.389039 0
  2.09213 7 - 3
    0.76537 0.396996 3
    1.13011 0.515395 2
    2.09213 0.087609 0
  2.20784 9 - 2
    0.88108 0.5715 3
    1.24582 0.4285 2
  2.33654 5 - 3
    0.92438 0.077482 4
    1.37452 0.218304 2
    2.33654 0.704214 0
  2.37103 3 + 2
    1.40901 0.5 2
    1.7011 0.5 1
  2.40466 7 - 3
    0.9925 0.219822 4
    1.0779 0.349135 3
    1.44264 0.431043 2
  2.43037 3 - 4
    0.56974 0.19862 6
    0.88337 0.381638 5
    1.46835 0.309131 2
    2.43037 0.110611 0
  2.49719 3 - 4
    1.08503 0.01479 4
    1.53517 0.02383 2
    1.82726 0.139697 1
    2.49719 0.821684 0
  2.5035 5 - 2
    1.54148 0.5 2
    2.5035 0.5 0
  2.50508 9 + 5
    0.29724 0.02968 12
    0.41295 0.307497 11
    0.64445 0.370296 6
    1.17832 0.251797 3
    1.54306 0.04073 2
  2.51106 3 + 3
    1.0989 0.2442 4
    1.84113 0.1744 1
    2.51106 0.5814 0
  2.53583 5 - 8
    0.4437 0.057638 11
    0.6752 0.049918 6
    0.98883 0.01344 5
    1.12367 0.383888 4
    1.20907 0.042219 3
    1.57381 0.092117 2
    1.8659 0.069088 1
    2.53583 0.291691 0
  2.54728 9 - 3
    0.68665 0.6945 6
    1.22052 0.125 3
    1.58526 0.1805 2
  2.61795 5 - 2
    0.52582 0.4683 11
    1.29119 0.5317 3
  2.63065 1 - 2
    1.66863 0.7937 2
    2.63065 0.2063 0
  2.67293 5 - 3
    0.8123 0.1338 6
    1.34617 0.2293 3
    2.67293 0.6369 0
  2.67684 11 - 2
    0.469 0.3009 12
    1.35008 0.6991 3
  2.67843 1 + 2
    1.13143 0.629 5
    1.71641 0.371 2
  2.68227 3 - 2
    2.01234 0.6289 1
    2.68227 0.3711 0
  2.69666 1 - 4
    0.68374 0.037048 8
    1.14966 0.157392 5
    2.02673 0.462977 1
    2.69666 0.342583 0
  2.71647 3 - 6
    0.62434 0.16429 11
    1.16947 0.089545 5
    1.38971 0.49747 3
    1.75445 0.049737 2
    2.04654 0.044767 1
    2.71647 0.154191 0
  2.76409 5 - 3
    0.90346 0.416742 6
    1.43733 0.366637 3
    1.80207 0.216622 2
  2.77636 3 - 2
    1.81434 0.7194 2
    2.10643 0.2806 1
  2.78023 3 - 5
    0.2444 0.127418 21
    0.71778 0.242434 9
    1.23323 0.085772 5
    2.1103 0.171524 1
    2.78023 0.372852 0
  2.8081 3 - 3
    1.48134 0.2626 3
    2.13817 0.1788 1
    2.8081 0.5586 0
  2.81 3 - 2
    1.48324 0.5 3
    2.81 0.5 0
  2.81887 5 - 1
    2.81887 1 0
  2.83237 7 - 2
    0.97174 0.7576 6
    1.50561 0.2424 3
  2.83675 5 + 3
    0.97612 0.205 6
    2.16682 0.5 1
    2.83675 0.295 0
  2.847 7 - 2
    1.52024 0.5 3
    2.847 0.5 0
  2.8579 1 - 4
    1.44574 0.314531 4
    1.89588 0.109511 2
    2.18797 0.222622 1
    2.8579 0.353335 0
  2.86548 7 - 3
    1.00485 0.463 6
    1.45332 0.3194 4
    2.86548 0.2176 0
  2.8889 3 - 4
    0.80758 0.098982 10
    1.92688 0.52081 2
    2.21897 0.161503 1
    2.8889 0.218704 0
  2.91108 5 - 1
    0.406 1 19
  2.95729 5 - 3
    0.94437 0.3135 8
    1.99527 0.3134 2
    2.95729 0.3731 0
  2.97747 3 - 2
    2.30754 0.4012 1
    2.97747 0.5988 0
  3.0327 3 - 3
    1.70594 0.3756 3
    2.07068 0.1168 2
    3.0327 0.5076 0
  3.04259 5 - 4
    0.5454 0.051758 17
    1.49559 0.057468 5
    2.37266 0.574683 1
    3.04259 0.31609 0
  3.09524 3 - 2
    2.42531 0.2366 1
    3.09524 0.7634 0
  3.1014 3 - 2
    2.43147 0.4506 1
    3.1014 0.5494 0
  3.1281 9 + 1
    1.11518 1 8
  3.183 7 + 2
    1.77084 0.5 4
    2.22098 0.5 2
  3.208 3 + 2
    2.24598 0.5 2
    2.53807 0.5 1
  3.21 1 + 2
    1.663 0.5 5
    3.21 0.5 0
  3.21775 9 - 2
    1.80559 0.5 4
    2.25573 0.5 2
  3.2255 5 - 2
    2.55557 0.6579 1
    3.2255 0.3421 0
  3.248 5 + 1
    2.57807 1 1
  3.2637 7 + 2
    2.59377 0.4012 1
    3.2637 0.5988 0
  3.28 5 - 2
    2.31798 0.5 2
    2.61007 0.5 1
  3.291 5 + 1
    2.62107 1 1
  3.2926 3 + 1
    3.2926 1 0
  3.29483 11 + 3
    0.61799 0.3351 26
    0.78975 0.5319 19
    1.08699 0.133 12
  3.29769 1 + 2
    2.62776 0.6803 1
    3.29769 0.3197 0
  3.3075 3 + 5
    1.24505 0.296421 9
    1.29458 0.14331 8
    2.34548 0.325723 2
    2.63757 0.153111 1
    3.3075 0.081436 0
  3.3097 7 + 2
    1.7627 0.5 5
    3.3097 0.5 0
  3.37 1 + 2
    1.823 0.5 5
    3.37 0.5 0
  3.389 9 + 2
    1.52837 0.5 6
    2.06224 0.5 3
  3.4064 1 + 1
    3.4064 1 0
  3.4181 3 + 2
    0.92091 0.3789 17
    3.4181 0.6211 0
  3.426 1 - 2
    2.75607 0.4048 1
    3.426 0.5952 0
  3.4299 3 - 2
    2.46788 0.187 2
    3.4299 0.813 0
  3.4601 3 + 1
    0.95502 1 19
  3.46117 11 + 1
    0.95609 1 19
  3.4651 3 - 2
    2.79517 0.4595 1
    3.4651 0.5405 0
  3.4761 5 + 1
    3.4761 1 0
  3.5 5 + 2
    2.17324 0.5 3
    3.5 0.5 0
  3.5376 1 + 2
    2.86767 0.5952 1
    3.5376 0.4048 0
  3.5401 1 + 2
    1.9931 0.606 5
    2.12794 0.394 4
  3.55325 1 + 2
    2.59123 0.3289 2
    3.55325 0.6711 0
  3.5654 5 + 3
    2.0184 0.335067 5
    2.89547 0.141386 1
    3.5654 0.523548 0
  3.5701 5 + 1
    3.5701 1 0
  3.575 3 - 1
    2.90507 1 1
  3.5811 1 - 2
    2.91117 0.6289 1
    3.5811 0.3711 0
  3.5833 7 - 2
    2.25654 0.4792 3
    2.62128 0.5208 2
  3.607 5 - 1
    3.607 1 0
  3.6492 5 - 2
    1.58675 0.074081 9
    2.97927 0.925919 1
  3.6579 3 + 1
    3.6579 1 0
  3.6809 5 - 1
    2.71888 1 2
  3.683 5 + 2
    2.35624 0.5 3
    3.683 0.5 0
  3.708 3 - 2
    2.38124 0.5 3
    3.708 0.5 0
  3.7191 7 + 3
    2.75708 0.4259 2
    3.04917 0.463 1
    3.7191 0.1111 0
  3.73 7 - 2
    2.40324 0.5 3
    3.73 0.5 0
  3.7401 9 + 2
    2.1931 0.359 5
    3.7401 0.641 0
  3.7746 5 - 5
    1.43806 0.112011 13
    1.71215 0.170117 9
    1.91397 0.136914 6
    2.44784 0.166017 3
    3.7746 0.414941 0
  3.779 5 + 2
    2.45224 0.5 3
    3.779 0.5 0
  3.7867 1 - 5
    1.10443 0.060119 28
    1.77378 0.03279 8
    2.37454 0.207698 4
    2.82468 0.152998 2
    3.11677 0.546395 1
  3.81 7 + 2
    2.39784 0.5 4
    2.84798 0.5 2
  3.84 9 + 2
    1.97937 0.5 6
    2.51324 0.5 3
  3.8671 7 + 1
    2.90508 1 2
  3.881 7 + 2
    2.46884 0.5 4
    2.91898 0.5 2
  3.88568 9 + 2
    2.02505 0.5 6
    2.55892 0.5 3
  3.8886 13 + 3
    2.56184 0.4831 3
    2.92658 0.3333 2
    3.8886 0.1836 0
  3.892 5 + 1
    3.892 1 0
  3.8951 11 + 1
    3.8951 1 0
  3.9021 7 + 1
    3.9021 1 0
  3.92 9 + 2
    2.05937 0.5 6
    2.59324 0.5 3
  3.9601 7 + 1
    3.9601 1 0
  3.97 11 + 2
    1.42272 0.5 22
    1.76216 0.5 12
  3.9792 13 + 2
    1.91675 0.2806 9
    1.96628 0.7194 8
  4.0171 9 + 1
    4.0171 1 0
  4.0392 3 - 2
    2.17857 0.4819 6
    2.71244 0.5181 3
  4.0551 7 + 2
    3.38517 0.3939 1
    4.0551 0.6061 0
  4.1105 1 + 1
    4.1105 1 0
  4.117 1 + 1
    4.117 1 0
  4.1257 7 + 3
    2.11278 0.224 8
    2.5787 0.376 5
    4.1257 0.4 0
  4.12957 13 + 2
    0.6684 0.5001 72
    1.62449 0.4999 19
  4.1331 9 + 2
    3.17108 0.625 2
    4.1331 0.375 0
  4.1451 15 + 2
    3.18308 0.4949 2
    4.1451 0.5051 0
  4.148 11 + 1
    3.47807 1 1
  4.15556 13 + 3
    0.69439 0.220787 72
    0.86073 0.089655 61
    1.65048 0.689559 19
  4.182 7 + 1
    4.182 1 0
  4.189 1 + 1
    4.189 1 0
  4.2221 9 - 2
    3.26008 0.8 2
    4.2221 0.2 0
  4.26 7 + 2
    2.84784 0.5 4
    3.29798 0.5 2
  4.2869 17 - 2
    3.32488 0.6211 2
    4.2869 0.3789 0
  4.2891 5 + 2
    3.32708 0.1935 2
    4.2891 0.8065 0
  4.294 1 - 2
    3.33198 0.5 2
    3.62407 0.5 1
  4.35475 3 + 2
    3.39273 0.5 2
    3.68482 0.5 1
  4.3581 7 - 3
    3.39608 0.069772 2
    3.68817 0.775223 1
    4.3581 0.155005 0
  4.3621 5 + 2
    3.69217 0.375 1
    4.3621 0.625 0
  4.371 11 - 2
    2.51037 0.5 6
    3.04424 0.5 3
  4.381 9 + 1
    4.381 1 0
  4.4031 3 - 2
    3.44108 0.4949 2
    3.73317 0.5051 1
  4.416 1 + 1
    3.00384 1 4
  4.4211 5 - 2
    2.40818 0.3377 8
    4.4211 0.6623 0
  4.4329 1 + 2
    3.76297 0.5208 1
    4.4329 0.4792 0
  4.4572 7 - 3
    2.39475 0.274773 9
    3.78727 0.274773 1
    4.4572 0.450455 0
  4.47078 3 + 2
    3.50876 0.5 2
    3.80085 0.5 1
  4.49765 17 + 2
    0.34209 0.917537 119
    0.36808 0.082463 115
  4.4988 5 - 1
    4.4988 1 0
  4.5012 3 - 1
    4.5012 1 0
  4.5072 7 + 1
    3.09504 1 4
  4.5115 9 - 2
    3.54948 0.6667 2
    4.5115 0.3333 0
  4.5171 5 + 2
    3.84717 0.7752 1
    4.5171 0.2248 0
  4.5311 3 - 1
    3.56908 1 2
  4.533 1 + 1
    4.533 1 0
  4.5767 15 + 2
    0.42114 0.73 119
    0.44713 0.27 115
  4.581 7 - 2
    3.25424 0.5 3
    4.581 0.5 0
  4.5931 5 - 1
    3.63108 1 2
  4.598 3 + 1
    4.598 1 0
  4.637 9 - 1
    4.637 1 0
  4.6441 5 + 2
    3.0971 0.5988 5
    4.6441 0.4012 0
  4.6472 7 - 1
    4.6472 1 0
  4.666 3 + 2
    3.70398 0.5 2
    3.99607 0.5 1
  4.6918 1 - 2
    3.72978 0.5 2
    4.02187 0.5 1
  4.735 11 + 2
    2.18772 0.5 22
    2.52716 0.5 12
  4.7531 5 - 1
    3.2061 1 5
  4.772 3 + 2
    3.80998 0.5 2
    4.10207 0.5 1
  4.7892 7 - 1
    4.7892 1 0
  4.7961 1 + 1
    3.83408 1 2
  4.8059 1 + 2
    4.13597 0.5 1
    4.8059 0.5 0
  4.8102 5 - 1
    4.8102 1 0
  4.8392 3 - 1
    4.8392 1 0
  4.8697 9 + 2
    3.45754 0.3976 4
    3.90768 0.6024 2
  4.87665 5 - 2
    3.91463 0.5 2
    4.20672 0.5 1
  4.89 7 + 2
    3.47784 0.5 4
    3.92798 0.5 2
  4.919 3 - 1
    0.42135 1 138
  4.9559 5 + 3
    2.87458 0.454545 10
    2.94298 0.390939 8
    4.9559 0.154515 0
  5.00765 19 + 1
    0.51 1 138
  5.0162 7 - 1
    4.05418 1 2
  5.0532 3 - 1
    5.0532 1 0
  5.0732 9 + 1
    5.0732 1 0
  5.1012 5 - 1
    5.1012 1 0
  5.1402 1 + 1
    5.1402 1 0
  5.1622 3 - 1
    5.1622 1 0
  5.191 11 + 2
    2.64372 0.5 22
    2.98316 0.5 12
  5.2262 7 - 1
    5.2262 1 0
  5.253 5 + 1
    5.253 1 0
  5.2742 3 - 1
    5.2742 1 0
  5.292 1 + 1
    5.292 1 0
  5.304 5 - 2
    3.97724 0.5 3
    5.304 0.5 0
  5.3122 7 + 1
    5.3122 1 0
  5.31865 9 - 1
    0.821 1 138
  5.337 1 + 1
    3.32408 1 8
  5.3585 19 + 1
    0.86085 1 138
  5.3662 1 + 1
    5.3662 1 0
  5.4015 3 - 2
    3.8545 0.5 5
    3.98934 0.5 4
  5.413 17 + 1
    0.8363 1 146
  5.5432 5 - 1
    4.58118 1 2
  5.566 3 - 1
    4.60398 1 2
  5.5723 7 - 1
    4.16014 1 4
  5.5793 5 + 1
    5.5793 1 0
  5.5923 3 - 1
    5.5923 1 0
  5.6021 9 + 1
    4.93217 1 1
  5.645 7 - 2
    4.31824 0.5 3
    5.645 0.5 0
  5.713 5 + 2
    4.38624 0.5 3
    5.713 0.5 0
  5.7353 3 - 1
    5.7353 1 0
  5.76866 11 + 1
    1.27101 1 138
  5.7973 5 - 1
    5.7973 1 0
  5.8043 7 + 1
    5.8043 1 0
  5.8283 3 - 1
    5.8283 1 0
  5.835 1 + 2
    4.288 0.5 5
    5.16507 0.5 1
  5.86763 9 - 2
    4.45547 0.5 4
    4.90561 0.5 2
  5.878 5 + 2
    4.91598 0.5 2
    5.878 0.5 0
  6.0933 3 - 1
    6.0933 1 0
  6.2837 19 + 2
    1.707 0.115 146
    1.78605 0.885 138
  6.3753 7 - 1
    6.3753 1 0
  6.4955 1 + 1
    1.137 1 184
  7.07371 23 + 1
    0.79001 1 205
  7.4003 1 - 4
    5.38738 0.047902 8
    5.8533 0.071863 5
    6.73037 0.281411 1
    7.4003 0.598824 0
  7.4727 1 - 6
    4.3713 0.069767 49
    4.5838 0.029069 42
    4.69247 0.040698 33
    4.97551 0.081397 17
    5.9257 0.197692 5
    7.4727 0.581377 0
  7.5133 3 + 9
    4.4119 0.081549 49
    4.6244 0.03004 42
    4.73307 0.068669 33
    5.01611 0.060089 17
    5.9663 0.201698 5
    6.10114 0.03863 4
    6.55128 0.02146 2
    6.84337 0.429196 1
    7.5133 0.068669 0
  7.5298 1 - 10
    4.74957 0.032432 33
    5.03261 0.081084 17
    5.46735 0.048652 9
    5.66917 0.021621 6
    5.9828 0.081084 5
    6.11764 0.037842 4
    6.20304 0.032432 3
    6.56778 0.091895 2
    6.85987 0.540527 1
    7.5298 0.032432 0
  7.6056 1 + 7
    4.56301 0.031501 47
    4.90894 0.039371 29
    5.10841 0.070871 17
    5.54315 0.01969 9
    6.0586 0.090552 5
    6.93567 0.393708 1
    7.6056 0.354307 0
  7.7302 1 - 2
    6.76818 0.5 2
    7.06027 0.5 1
  8.56494 1 - 20
    4.79034 0.028979 93
    4.90704 0.048308 86
    5.10377 0.041072 72
    5.13504 0.053149 70
    5.15854 0.038644 67
    5.25524 0.082127 64
    5.27234 0.062798 60
    5.30124 0.016902 57
    5.33944 0.053149 55
    5.46354 0.048308 49
    5.52235 0.038644 47
    5.58747 0.028979 45
    5.60765 0.036231 44
    5.67604 0.036231 42
    5.86828 0.055561 29
    5.88651 0.108694 27
    6.02911 0.009662 21
    6.06775 0.108694 17
    6.16028 0.01933 15
    6.50249 0.08454 9
  8.5942 5 + 2
    7.26744 0.5 3
    8.5942 0.5 0
  8.6291 5 - 10
    5.3194 0.058931 64
    5.79673 0.078571 37
    6.61618 0.108901 8
    6.76847 0.078571 6
    7.0821 0.178602 5
    7.21694 0.089291 4
    7.30234 0.089291 3
    7.66708 0.158902 2
    7.95917 0.01964 1
    8.6291 0.139301 0
  8.63932 5 - 20
    5.32962 0.085008 64
    5.34672 0.038642 60
    5.37562 0.044819 57
    5.41382 0.030907 55
    5.51122 0.030907 50
    5.53792 0.030907 49
    5.59673 0.05409 47
    5.75042 0.023183 42
    5.85909 0.040189 33
    5.96089 0.027824 27
    6.10349 0.075738 21
    6.14213 0.051007 17
    6.30278 0.029372 13
    6.558 0.038642 10
    6.57687 0.038642 9
    6.6264 0.027824 8
    7.09232 0.089638 5
    7.22716 0.098921 4
    7.31256 0.047913 3
    7.6773 0.095826 2
  8.6941 3 + 3
    6.68118 0.227277 8
    8.02417 0.123388 1
    8.6941 0.649335 0
  8.7009 7 + 3
    7.28874 0.181818 4
    8.03097 0.363636 1
    8.7009 0.454545 0
  8.7186 3 - 2
    7.75658 0.074072 2
    8.7186 0.925928 0
  8.72128 3 - 2
    7.75926 0.5714 2
    8.72128 0.4286 0
  8.72345 3 - 6
    6.63132 0.25 11
    6.64213 0.1 10
    6.86282 0.16 6
    7.17645 0.21 5
    7.76143 0.14 2
    8.72345 0.14 0
  8.7278 3 - 5
    6.64648 0.101796 10
    6.66535 0.059878 9
    7.31564 0.071857 4
    8.05787 0.167693 1
    8.7278 0.598776 0
  8.7319 3 - 3
    7.31974 0.223011 4
    7.76988 0.719436 2
    8.7319 0.057553 0
  8.7345 3 - 4
    7.1875 0.358589 5
    7.77248 0.398388 2
    8.06457 0.091627 1
    8.7345 0.151395 0
  8.739 3 - 5
    6.67655 0.2131 9
    6.72608 0.1821 8
    7.77698 0.3436 2
    8.06907 0.1306 1
    8.739 0.1306 0
  8.7433 3 - 4
    7.1963 0.090555 5
    7.33114 0.303115 4
    7.78128 0.212611 2
    8.7433 0.39372 0
  8.74515 3 - 5
    7.19815 0.141 5
    7.33299 0.109 4
    7.78313 0.3205 2
    8.07522 0.1699 1
    8.74515 0.2596 0
  8.7466 3 - 3
    7.78458 0.450455 2
    8.07667 0.270273 1
    8.7466 0.279272 0
  8.74905 3 - 3
    7.78703 0.5917 2
    8.07912 0.2485 1
    8.74905 0.1598 0
  8.7505 3 - 4
    7.2035 0.17009 5
    7.78848 0.068026 2
    8.08057 0.081625 1
    8.7505 0.680259 0
  9.119 3 - 2
    7.79224 0.5 3
    9.119 0.5 0
  9.584 1 - 2
    8.62198 0.5 2
    8.91407 0.5 1
  9.8065 5 + 1
    7.30142 1 19
  9.8295 7 + 1
    7.32442 1 19
  9.8415 5 + 1
    7.33642 1 19
  9.849 9 + 2
    7.98837 0.5 6
    8.52224 0.5 3
  9.8545 7 + 1
    7.34942 1 19
  9.8643 5 + 10
    7.35324 0.692993 20
    7.45964 0.02911 15
    7.77217 0.03604 11
    8.00367 0.02287 6
    8.3173 0.0201 5
    8.45214 0.02772 4
    8.53754 0.02911 3
    8.90228 0.060979 2
    9.19437 0.03396 1
    9.8643 0.04712 0
  9.9175 3 - 2
    8.59074 0.5 3
    9.9175 0.5 0
  9.97 7 + 2
    8.55784 0.5 4
    9.00798 0.5 2
  10.96 5 + 2
    9.63324 0.5 3
    10.96 0.5 0
  11.029 9 + 2
    9.16837 0.5 6
    9.70224 0.5 3
  11.227 5 + 2
    9.90024 0.5 3
    11.227 0.5 0
  11.23 9 + 2
    9.36937 0.5 6
    9.90324 0.5 3
  11.326 7 + 2
    9.91384 0.5 4
    10.364 0.5 2
  11.469 5 + 2
    10.1422 0.5 3
    11.469 0.5 0
  11.641 7 + 2
    10.2288 0.5 4
    10.679 0.5 2
  11.723 11 + 2
    9.17572 0.5 22
    9.51516 0.5 12
  11.816 5 + 2
    10.4892 0.5 3
    11.816 0.5 0
  11.951 7 - 2
    10.6242 0.5 3
    11.951 0.5 0
  12.056 9 + 2
    10.1954 0.5 6
    10.7292 0.5 3
  12.196 5 - 2
    11.234 0.5 2
    11.5261 0.5 1

29 64 180
  0 2 + 0
  0.159282 4 + 1
    0.159282 1 0
  0.278257 4 + 1
    0.278257 1 0
  0.343898 2 + 2
    0.184616 0.038771 1
    0.343898 0.961229 0
  0.362231 6 + 2
    0.202949 0.976639 1
    0.362231 0.023361 0
  0.574629 8 + 2
    0.212398 0.943619 4
    0.415347 0.056381 1
  0.608784 4 + 4
    0.264886 0.057569 3
    0.330527 0.04105 2
    0.449502 0.081989 1
    0.608784 0.819392 0
  0.663 2 + 4
    0.319102 0.060985 3
    0.384743 0.349569 2
    0.503718 0.269176 1
    0.663 0.320271 0
  0.739051 4 + 5
    0.37682 0.177016 4
    0.395153 0.027182 3
    0.460794 0.096049 2
    0.579769 0.631557 1
    0.739051 0.068196 0
  0.746245 6 + 3
    0.137461 0.086173 6
    0.384014 0.211006 4
    0.467988 0.702821 2
  0.878277 0 + 3
    0.534379 0.4013 3
    0.718995 0.0339 1
    0.878277 0.5648 0
  0.895714 6 + 4
    0.321085 0.15412 5
    0.617457 0.640883 2
    0.736432 0.064078 1
    0.895714 0.140918 0
  0.927079 2 + 4
    0.564848 0.087718 4
    0.648822 0.674286 2
    0.767797 0.159797 1
    0.927079 0.078198 0
  1.24109 4 + 4
    0.494845 0.39544 9
    0.632306 0.154115 6
    0.962833 0.256826 2
    1.08181 0.193619 1
  1.24265 4 + 1
    1.24265 1 0
  1.28715 2 + 1
    0.924919 1 4
  1.2886 6 - 3
    0.6256 0.243524 7
    1.01034 0.216122 2
    1.12932 0.540354 1
  1.2906 6 - 3
    0.6276 0.333333 7
    0.946702 0.333333 3
    1.13132 0.333333 1
  1.29812 2 + 5
    0.559069 0.026449 8
    0.954222 0.083696 3
    1.01986 0.229089 2
    1.13884 0.440478 1
    1.29812 0.220289 0
  1.32033 2 + 4
    0.711546 0.083363 6
    0.976432 0.098494 3
    1.04207 0.060612 2
    1.32033 0.75753 0
  1.35425 6 + 4
    0.779621 0.187892 5
    0.992019 0.160194 4
    1.19497 0.552478 1
    1.35425 0.099436 0
  1.36321 4 + 1
    1.36321 1 0
  1.43869 2 + 4
    0.77569 0.028832 7
    1.07646 0.443531 4
    1.27941 0.314822 1
    1.43869 0.212815 0
  1.46135 4 - 2
    0.565636 0.5 11
    1.09912 0.5 4
  1.49918 4 - 4
    0.890396 0.232623 6
    1.22092 0.274927 2
    1.3399 0.30213 1
    1.49918 0.190319 0
  1.52115 4 + 6
    0.85815 0.044317 7
    0.912366 0.040457 6
    0.946521 0.545262 5
    1.17725 0.013489 3
    1.36187 0.192687 1
    1.52115 0.163789 0
  1.55054 4 + 3
    0.811489 0.070854 8
    1.27228 0.764438 2
    1.39126 0.164708 1
  1.59423 12 - 1
    1.0196 1 5
  1.60085 4 - 3
    1.23861 0.662267 4
    1.25695 0.072846 3
    1.60085 0.264887 0
  1.60731 4 + 1
    1.03268 1 5
  1.6157 8 + 1
    1.04107 1 5
  1.63 10 - 2
    0.3414 0.5 16
    1.05537 0.5 5
  1.648 4 - 2
    1.3041 0.5 3
    1.648 0.5 0
  1.68312 4 - 4
    0.756041 0.03847 12
    0.936875 0.07693 9
    1.33922 0.2436 3
    1.68312 0.641 0
  1.70065 4 + 2
    0.822373 0.6623 10
    1.54137 0.3377 1
  1.7068 4 + 1
    0.960555 1 9
  1.73985 6 + 1
    1.16522 1 5
  1.74259 6 + 3
    0.846876 0.4185 11
    1.39869 0.2803 3
    1.74259 0.3012 0
  1.7492 8 - 2
    1.00296 0.5 9
    1.38697 0.5 4
  1.76899 6 + 1
    1.40676 1 4
  1.77954 4 + 3
    1.41731 0.295879 4
    1.43564 0.023668 3
    1.77954 0.680452 0
  1.85265 2 + 2
    1.50875 0.2188 3
    1.85265 0.7812 0
  1.884 8 - 2
    1.13775 0.5 9
    1.52177 0.5 4
  1.90028 2 + 2
    1.55638 0.2754 3
    1.90028 0.7246 0
  1.90509 4 + 2
    1.00938 0.2 11
    1.15884 0.8 9
  1.918 0 - 2
    1.5741 0.5 3
    1.918 0.5 0
  1.94 2 + 1
    1.94 1 0
  1.97 4 - 1
    1.97 1 0
  1.97633 4 - 1
    1.4017 1 5
  1.9793 6 + 1
    1.61707 1 4
  2.0212 6 + 2
    0.78011 0.7354 13
    2.0212 0.2646 0
  2.0419 4 + 1
    2.0419 1 0
  2.05 6 - 2
    0.69575 0.4709 20
    1.30375 0.5291 9
  2.0533 2 - 1
    1.89402 1 1
  2.06 6 - 1
    2.06 1 0
  2.065 8 - 2
    1.31875 0.5 9
    1.70277 0.5 4
  2.0732 12 + 1
    0.47897 1 27
  2.07512 4 - 1
    0.71191 1 21
  2.0801 6 + 2
    1.71787 0.4924 4
    2.0801 0.5076 0
  2.0923 2 + 1
    1.73007 1 4
  2.115 10 - 2
    0.8264 0.5 16
    1.54037 0.5 5
  2.1397 6 + 3
    1.40065 0.5618 8
    1.4767 0.309 7
    2.1397 0.1292 0
  2.14453 4 + 5
    0.29188 0.135 41
    1.48153 0.1442 7
    1.53575 0.1298 6
    1.5699 0.1105 5
    1.7823 0.4805 4
  2.1842 6 + 3
    0.82995 0.083927 20
    1.57542 0.699279 6
    2.1842 0.216793 0
  2.212 4 + 2
    1.93374 0.5 2
    2.05272 0.5 1
  2.221 6 + 1
    2.221 1 0
  2.244 4 + 1
    2.244 1 0
  2.2516 8 + 1
    1.67697 1 5
  2.25406 4 + 1
    1.91016 1 3
  2.26701 4 - 2
    1.90478 0.5 4
    1.98875 0.5 2
  2.27427 4 + 5
    0.95394 0.649393 19
    1.93037 0.181798 3
    1.99601 0.064929 2
    2.11499 0.051939 1
    2.27427 0.051939 0
  2.27975 6 + 1
    1.67097 1 6
  2.30109 4 + 5
    0.25919 0.3077 51
    1.06 0.1164 13
    1.37401 0.1654 12
    1.95719 0.1164 3
    2.30109 0.2941 0
  2.3094 6 + 4
    1.6464 0.3598 7
    2.03114 0.4673 2
    2.15012 0.09346 1
    2.3094 0.07944 0
  2.31649 2 - 2
    1.97259 0.5 3
    2.31649 0.5 0
  2.3232 10 - 1
    0.25 1 56
  2.32475 6 + 2
    1.98085 0.5 3
    2.32475 0.5 0
  2.35462 6 - 2
    1.61557 0.952381 8
    2.35462 0.047619 0
  2.36047 6 - 1
    1.11938 1 13
  2.37641 2 + 2
    0.78218 0.5 27
    1.63016 0.5 9
  2.3784 14 - 1
    0.78417 1 27
  2.3812 4 - 2
    2.10294 0.6993 2
    2.3812 0.3007 0
  2.3872 12 - 1
    0.314 1 56
  2.40247 2 + 1
    1.65623 1 9
  2.417 2 + 1
    1.754 1 7
  2.45669 2 + 1
    1.56098 1 11
  2.46547 4 - 1
    2.46547 1 0
  2.4912 4 - 2
    2.33192 0.065419 1
    2.4912 0.934581 0
  2.49357 4 - 2
    1.83057 0.4709 7
    1.91894 0.5291 5
  2.49759 2 + 6
    0.81447 0.184707 33
    0.89028 0.130605 29
    0.99841 0.169907 24
    1.61931 0.199508 10
    1.83459 0.068963 7
    2.15369 0.24631 3
  2.50729 2 - 1
    2.34801 1 1
  2.522 8 - 2
    1.77575 0.5 9
    2.15977 0.5 4
  2.53365 4 - 1
    2.53365 1 0
  2.567 6 + 2
    2.2231 0.5 3
    2.567 0.5 0
  2.586 8 - 2
    1.83975 0.5 9
    2.22377 0.5 4
  2.5949 2 + 2
    2.251 0.5 3
    2.5949 0.5 0
  2.607 0 - 2
    2.2631 0.5 3
    2.607 0.5 0
  2.622 2 + 2
    2.2781 0.5 3
    2.622 0.5 0
  2.63553 8 - 1
    0.233055 1 83
  2.64791 2 + 1
    1.32758 1 19
  2.65734 0 - 4
    0.97422 0.112597 33
    1.76163 0.066228 11
    2.49806 0.66228 1
    2.65734 0.158895 0
  2.67 8 - 2
    1.92375 0.5 9
    2.30777 0.5 4
  2.6929 10 - 1
    1.09867 1 27
  2.69522 0 - 1
    1.79951 1 11
  2.7167 8 - 1
    1.12247 1 27
  2.71797 10 - 1
    1.79089 1 12
  2.72619 0 - 5
    0.19254 0.383131 92
    0.9572 0.318025 39
    1.2875 0.076636 22
    1.42807 0.12641 18
    1.4851 0.095798 13
  2.73232 8 - 2
    2.12354 0.2593 6
    2.73232 0.7407 0
  2.76419 10 - 2
    0.68907 0.5848 57
    2.60491 0.4152 1
  2.77656 8 - 3
    2.03751 0.4739 8
    2.41433 0.218 4
    2.77656 0.3081 0
  2.807 0 - 2
    2.4631 0.5 3
    2.807 0.5 0
  2.83054 8 - 2
    1.47629 0.6098 20
    2.83054 0.3902 0
  2.854 10 - 2
    1.5654 0.5 16
    2.27937 0.5 5
  2.869 6 + 2
    2.5251 0.5 3
    2.869 0.5 0
  2.89235 2 + 2
    0.62534 0.6411 69
    1.6497 0.3589 14
  2.89684 2 + 3
    0.44015 0.1948 85
    0.80454 0.1342 59
    1.12785 0.671 39
  2.93248 4 - 1
    2.93248 1 0
  2.97 0 - 2
    2.6261 0.5 3
    2.97 0.5 0
  2.985 4 - 2
    2.6411 0.5 3
    2.985 0.5 0
  3.01307 8 - 2
    1.57438 0.8475 22
    2.66917 0.1525 3
  3.03376 10 - 1
    1.29391 1 36
  3.0512 0 - 1
    0.664 1 82
  3.06189 8 - 2
    1.81924 0.1453 14
    3.06189 0.8547 0
  3.072 4 - 2
    2.7281 0.5 3
    3.072 0.5 0
  3.08084 6 - 2
    0.58325 0.7752 89
    0.58727 0.2248 88
  3.11182 8 - 2
    0.21498 0.8 115
    3.11182 0.2 0
  3.1255 6 - 2
    2.84724 0.5 2
    2.96622 0.5 1
  3.1269 0 - 2
    0.434 0.3333 102
    1.53267 0.6667 27
  3.154 2 - 2
    2.87574 0.5 2
    2.99472 0.5 1
  3.1905 16 - 1
    1.59627 1 27
  3.19933 2 + 1
    0.94527 1 68
  3.20759 10 - 2
    0.83118 0.6536 79
    2.28051 0.3464 12
  3.231 6 - 2
    2.95274 0.5 2
    3.07172 0.5 1
  3.25761 8 - 2
    1.55696 0.2908 34
    3.25761 0.7092 0
  3.296 12 + 2
    1.6803 0.5 30
    2.72137 0.5 5
  3.31311 6 - 2
    0.251225 0.5682 122
    3.31311 0.4318 0
  3.34392 0 + 2
    1.84474 0.4624 24
    3.00002 0.5376 3
  3.35284 2 - 3
    0.63487 0.2514 105
    1.44775 0.5464 44
    3.07458 0.2022 2
  3.41219 10 + 3
    2.04898 0.3077 21
    3.13393 0.326 2
    3.25291 0.3663 1
  3.44028 8 - 1
    0.94671 1 88
  3.46557 6 + 2
    0.53309 0.7092 116
    1.19856 0.2908 69
  3.47552 2 - 2
    2.81252 0.1736 7
    3.31624 0.8264 1
  3.49337 6 + 1
    2.88459 1 6
  3.51119 8 - 3
    2.77214 0.492649 8
    3.23293 0.177318 2
    3.51119 0.330033 0
  3.5247 0 + 1
    1.25043 1 70
  3.59604 2 - 2
    1.24142 0.8333 77
    1.31629 0.1667 71
  3.60309 14 + 3
    2.72481 0.25 10
    2.99431 0.5952 6
    3.60309 0.1548 0
  3.62942 10 - 1
    0.8971 1 107
  3.687 6 + 2
    3.3431 0.5 3
    3.687 0.5 0
  3.71192 12 - 1
    3.55264 1 1
  3.763 2 + 2
    3.4191 0.5 3
    3.763 0.5 0
  3.78314 8 - 3
    2.08249 0.5495 34
    2.90486 0.0989 10
    3.62386 0.3516 1
  3.7993 18 + 1
    0.6088 1 129
  3.80274 6 - 3
    1.82641 0.085227 48
    3.13974 0.568183 7
    3.80274 0.34659 0
  3.82692 2 + 4
    1.50217 0.1473 76
    2.36557 0.2679 23
    3.46469 0.4464 4
    3.66764 0.1384 1
  3.902 0 - 2
    3.5581 0.5 3
    3.902 0.5 0
  3.973 6 + 2
    3.6291 0.5 3
    3.973 0.5 0
  3.988 4 - 1
    1.6096 1 80
  3.99085 8 + 2
    3.62862 0.7519 4
    3.71259 0.2481 2
  4.03403 2 - 4
    2.29144 0.5525 37
    3.10695 0.1215 12
    3.87475 0.1547 1
    4.03403 0.1713 0
  4.07159 10 + 5
    1.74684 0.100798 76
    2.57241 0.387592 24
    3.17588 0.279094 11
    3.72769 0.062019 3
    3.91231 0.170497 1
  4.14083 4 - 2
    1.05999 0.4536 124
    3.47783 0.5464 7
  4.257 6 + 2
    3.9131 0.5 3
    4.257 0.5 0
  4.26415 2 - 2
    3.02306 0.3671 13
    3.38587 0.6329 10
  4.316 8 - 2
    3.56975 0.5 9
    3.95377 0.5 4
  4.32767 4 + 3
    1.12834 0.4566 130
    3.43196 0.4018 11
    3.71889 0.1416 6
  4.43 6 + 2
    4.0861 0.5 3
    4.43 0.5 0
  4.43292 0 - 3
    2.83208 0.427357 28
    3.14577 0.358964 15
    3.50584 0.213679 12
  4.44448 2 + 3
    3.78148 0.183682 7
    4.16622 0.136086 2
    4.44448 0.680232 0
  4.54986 4 - 1
    1.07434 1 141
  4.56 14 + 2
    2.1728 0.5 82
    2.96577 0.5 27
  4.571 6 - 2
    4.29274 0.5 2
    4.41172 0.5 1
  4.76339 8 + 3
    0.960651 0.4032 153
    3.44306 0.2097 19
    3.52074 0.3871 14
  5.043 2 - 2
    4.76474 0.5 2
    4.88372 0.5 1
  5.32 4 + 2
    5.04174 0.5 2
    5.16072 0.5 1
  6.63 10 - 2
    5.3414 0.5 16
    6.05537 0.5 5
  6.81 0 + 2
    6.53174 0.5 2
    6.65072 0.5 1
  6.826 0 + 2
    6.54774 0.5 2
    6.66672 0.5 1
  7.339 2 + 2
    6.9951 0.5 3
    7.339 0.5 0
  8.188 4 + 2
    7.90974 0.5 2
    8.02872 0.5 1

29 65 208
  0 3 - 0
  0.77064 1 - 1
    0.77064 1 0
  1.11556 5 - 2
    0.34492 6e-05 1
    1.11556 0.99994 0
  1.48183 7 - 2
    0.36627 0.1697 2
    1.48183 0.8303 0
  1.62343 5 - 3
    0.50787 0.3309 2
    0.85279 0.1087 1
    1.62343 0.5604 0
  1.725 3 - 2
    0.60944 0.2807 2
    1.725 0.7193 0
  2.09434 7 - 4
    0.47091 0.050019 4
    0.61251 0.131397 3
    0.97878 0.531589 2
    2.09434 0.286994 0
  2.10744 5 - 5
    0.38244 0.057841 5
    0.62561 0.317803 3
    0.99188 0.360904 2
    1.3368 0.097451 1
    2.10744 0.166002 0
  2.21284 1 - 3
    0.48784 0.082045 5
    1.4422 0.546433 1
    2.21284 0.371522 0
  2.2785 7 - 2
    1.16294 0.97752 2
    2.2785 0.02248 0
  2.32905 3 - 3
    1.21349 0.2297 2
    1.55841 0.2919 1
    2.32905 0.4784 0
  2.4066 5 + 3
    0.31226 0.1734 6
    0.92477 0.5585 3
    1.29104 0.2681 2
  2.52574 9 + 1
    1.04391 1 3
  2.53304 3 - 3
    0.80804 0.093618 5
    1.7624 0.49259 1
    2.53304 0.413792 0
  2.56365 7 + 3
    0.28515 0.1529 9
    0.46931 0.4237 6
    1.08182 0.4234 3
  2.5934 5 - 3
    0.49906 0.333333 6
    1.82276 0.333333 1
    2.5934 0.333333 0
  2.62 11 + 1
    0.05635 1 14
  2.6435 3 + 2
    0.54916 0.5561 6
    1.52794 0.4439 2
  2.64967 7 - 5
    0.92467 0.123494 5
    1.02624 0.074076 4
    1.53411 0.074066 2
    1.87903 0.617269 1
    2.64967 0.111094 0
  2.6549 7 - 2
    0.9299 0.6897 5
    2.6549 0.3103 0
  2.669 5 + 1
    0.944 1 5
  2.7528 7 + 1
    1.27097 1 3
  2.839 7 + 2
    1.21557 0.5 4
    1.72344 0.5 2
  2.86277 5 - 1
    2.86277 1 0
  2.86689 5 - 3
    1.24346 0.2186 4
    1.38506 0.1192 3
    2.86689 0.6622 0
  2.87447 3 - 2
    2.10383 0.3464 1
    2.87447 0.6536 0
  2.89449 3 + 3
    1.27106 0.4566 4
    2.12385 0.411 1
    2.89449 0.1324 0
  2.90247 5 - 1
    2.90247 1 0
  2.9476 9 + 1
    1.83204 1 2
  2.977 1 + 2
    1.252 0.5 5
    2.977 0.5 0
  2.99 1 + 2
    1.265 0.5 5
    2.99 0.5 0
  2.9969 11 - 1
    1.51507 1 3
  3.036 9 + 2
    0.94166 0.5 6
    1.55417 0.5 3
  3.079 3 - 2
    1.59717 0.5 3
    3.079 0.5 0
  3.08284 3 + 2
    1.96728 0.5208 2
    2.3122 0.4792 1
  3.086 3 - 2
    1.60417 0.5 3
    3.086 0.5 0
  3.116 1 - 1
    3.116 1 0
  3.1202 3 + 2
    1.49677 0.1228 4
    1.63837 0.8772 3
  3.127 5 - 1
    2.35636 1 1
  3.132 1 - 1
    3.132 1 0
  3.143 3 - 1
    3.143 1 0
  3.157 7 - 1
    2.04144 1 2
  3.1665 5 + 1
    3.1665 1 0
  3.173 1 + 1
    3.173 1 0
  3.2403 3 - 2
    2.12474 0.5 2
    3.2403 0.5 0
  3.2611 5 - 1
    3.2611 1 0
  3.274 5 - 1
    3.274 1 0
  3.278 11 - 2
    1.18366 0.5 6
    1.79617 0.5 3
  3.3261 5 + 1
    3.3261 1 0
  3.3379 3 - 1
    1.85607 1 3
  3.347 9 + 2
    1.25266 0.5 6
    1.86517 0.5 3
  3.3553 5 + 4
    1.26096 0.420187 6
    1.6303 0.079828 5
    1.73187 0.142896 4
    3.3553 0.357089 0
  3.399 7 + 1
    3.399 1 0
  3.402 7 - 2
    1.92017 0.5 3
    3.402 0.5 0
  3.407 9 + 2
    1.31266 0.5 6
    1.92517 0.5 3
  3.427 5 - 2
    2.31144 0.5 2
    2.65636 0.5 1
  3.449 1 + 2
    1.724 0.5 5
    3.449 0.5 0
  3.457 3 + 1
    3.457 1 0
  3.482 7 + 2
    1.85857 0.5 4
    2.36644 0.5 2
  3.504 13 + 2
    0.5564 0.5 28
    0.97826 0.5 12
  3.513 9 + 2
    1.41866 0.5 6
    2.03117 0.5 3
  3.541 1 + 2
    1.816 0.5 5
    3.541 0.5 0
  3.563 15 + 1
    3.563 1 0
  3.576 9 + 2
    1.48166 0.5 6
    2.09417 0.5 3
  3.595 1 + 2
    1.87 0.5 5
    3.595 0.5 0
  3.606 13 + 2
    0.6584 0.5 28
    1.08026 0.5 12
  3.6319 3 + 2
    2.86126 0.7752 1
    3.6319 0.2248 0
  3.646 11 + 2
    1.026 0.5 16
    1.08235 0.5 14
  3.656 1 - 2
    2.54044 0.5 2
    2.88536 0.5 1
  3.685 3 + 2
    2.56944 0.5 2
    2.91436 0.5 1
  3.714 5 - 1
    2.94336 1 1
  3.728 7 + 2
    2.10457 0.5 4
    2.61244 0.5 2
  3.74 7 - 2
    2.25817 0.5 3
    3.74 0.5 0
  3.753 9 + 1
    3.753 1 0
  3.777 3 - 2
    2.29517 0.5 3
    3.777 0.5 0
  3.796 5 + 2
    2.31417 0.5 3
    3.796 0.5 0
  3.808 1 - 2
    2.69244 0.5 2
    3.03736 0.5 1
  3.825 17 + 2
    0.219 0.5 65
    0.321 0.5 59
  3.851 3 - 2
    2.36917 0.5 3
    3.851 0.5 0
  3.881 5 + 2
    2.39917 0.5 3
    3.881 0.5 0
  3.895 1 + 2
    2.17 0.5 5
    3.895 0.5 0
  3.901 9 - 1
    3.901 1 0
  3.904 9 - 2
    2.28057 0.5 4
    2.78844 0.5 2
  3.925 3 + 1
    3.925 1 0
  3.958 7 - 1
    3.958 1 0
  3.964 5 + 1
    3.964 1 0
  3.976 11 - 2
    1.88166 0.5 6
    2.49417 0.5 3
  3.987 3 + 1
    3.21636 1 1
  4.006 5 - 2
    2.89044 0.5 2
    3.23536 0.5 1
  4.014 11 - 2
    1.91966 0.5 6
    2.53217 0.5 3
  4.031 7 + 2
    2.40757 0.5 4
    2.91544 0.5 2
  4.044 1 + 2
    2.319 0.5 5
    4.044 0.5 0
  4.049 3 - 1
    4.049 1 0
  4.056 5 + 1
    4.056 1 0
  4.087 7 - 1
    4.087 1 0
  4.0955 9 + 2
    3.32486 0.4152 1
    4.0955 0.5848 0
  4.119 3 - 1
    4.119 1 0
  4.126 3 + 2
    3.01044 0.5 2
    3.35536 0.5 1
  4.141 5 - 2
    3.02544 0.5 2
    3.37036 0.5 1
  4.176 1 + 1
    4.176 1 0
  4.184 7 - 1
    4.184 1 0
  4.201 5 + 1
    4.201 1 0
  4.217 1 - 1
    4.217 1 0
  4.227 3 + 1
    4.227 1 0
  4.237 5 - 1
    4.237 1 0
  4.244 7 + 1
    4.244 1 0
  4.266 13 - 1
    4.266 1 0
  4.271 3 + 1
    4.271 1 0
  4.29 1 - 2
    3.17444 0.5 2
    3.51936 0.5 1
  4.304 5 + 2
    2.82217 0.5 3
    4.304 0.5 0
  4.32 9 - 2
    2.69657 0.5 4
    3.20444 0.5 2
  4.331 7 + 1
    4.331 1 0
  4.357 3 - 1
    4.357 1 0
  4.366 5 + 2
    2.88417 0.5 3
    4.366 0.5 0
  4.376 1 - 2
    3.26044 0.5 2
    3.60536 0.5 1
  4.389 3 + 1
    4.389 1 0
  4.397 7 - 2
    2.91517 0.5 3
    4.397 0.5 0
  4.418 5 + 1
    4.418 1 0
  4.436 9 - 1
    4.436 1 0
  4.46 3 + 1
    4.46 1 0
  4.483 1 - 1
    4.483 1 0
  4.49 5 + 2
    3.00817 0.5 3
    4.49 0.5 0
  4.513 7 - 2
    3.03117 0.5 3
    4.513 0.5 0
  4.524 11 + 1
    4.524 1 0
  4.533 3 - 2
    3.05117 0.5 3
    4.533 0.5 0
  4.54 5 + 1
    4.54 1 0
  4.566 9 - 1
    4.566 1 0
  4.598 1 + 2
    2.873 0.5 5
    4.598 0.5 0
  4.616 7 - 2
    3.13417 0.5 3
    4.616 0.5 0
  4.647 3 + 2
    3.53144 0.5 2
    3.87636 0.5 1
  4.668 5 - 2
    3.55244 0.5 2
    3.89736 0.5 1
  4.682 19 + 1
    1.119 1 62
  4.706 3 - 2
    3.22417 0.5 3
    4.706 0.5 0
  4.724 7 + 1
    4.724 1 0
  4.736 5 - 2
    3.62044 0.5 2
    3.96536 0.5 1
  4.759 1 + 1
    4.759 1 0
  4.776 3 - 1
    4.776 1 0
  4.795 9 + 2
    2.70066 0.5 6
    3.31317 0.5 3
  4.808 5 - 2
    3.69244 0.5 2
    4.03736 0.5 1
  4.822 7 + 2
    3.19857 0.5 4
    3.70644 0.5 2
  4.848 1 - 2
    3.73244 0.5 2
    4.07736 0.5 1
  4.863 3 + 1
    4.863 1 0
  4.892 5 - 1
    4.892 1 0
  4.923 11 + 1
    4.923 1 0
  4.932 7 - 1
    4.932 1 0
  5.017 3 + 1
    5.017 1 0
  5.063 5 - 1
    5.063 1 0
  5.077 1 + 1
    5.077 1 0
  5.083 9 - 1
    5.083 1 0
  5.1 3 + 1
    5.1 1 0
  5.217 7 - 1
    5.217 1 0
  5.23 5 + 1
    5.23 1 0
  5.236 13 - 1
    5.236 1 0
  5.244 1 + 1
    5.244 1 0
  5.262 3 - 1
    5.262 1 0
  5.296 5 + 1
    5.296 1 0
  5.305 7 - 1
    5.305 1 0
  5.31 9 + 1
    5.31 1 0
  5.32 3 - 1
    5.32 1 0
  5.335 5 + 1
    5.335 1 0
  5.384 1 - 1
    5.384 1 0
  5.392 7 + 1
    5.392 1 0
  5.424 3 - 1
    5.424 1 0
  5.43 5 + 1
    5.43 1 0
  5.447 11 - 1
    5.447 1 0
  5.526 9 + 1
    5.526 1 0
  5.603 3 - 1
    5.603 1 0
  5.618 1 + 2
    4.50244 0.5 2
    5.618 0.5 0
  5.632 7 - 1
    5.632 1 0
  5.732 7 - 2
    4.25017 0.5 3
    5.732 0.5 0
  5.779 5 + 1
    5.779 1 0
  6.07 3 + 2
    4.95444 0.5 2
    5.29936 0.5 1
  6.486 5 - 2
    5.37044 0.5 2
    5.71536 0.5 1
  6.556 1 + 2
    4.831 0.5 5
    6.556 0.5 0
  7.505 3 - 2
    6.02317 0.5 3
    7.505 0.5 0
  7.9393 5 + 5
    5.83186 0.063293 7
    6.2143 0.037972 5
    6.31587 0.158206 4
    6.45747 0.107604 3
    7.9393 0.632925 0
  8.4843 9 - 4
    6.27146 0.01402 8
    6.7593 0.01402 5
    7.71366 0.037379 1
    8.4843 0.934581 0
  8.535 5 + 2
    7.05317 0.5 3
    8.535 0.5 0
  9.483 5 + 2
    8.00117 0.5 3
    9.483 0.5 0
  10.513 5 + 2
    9.03117 0.5 3
    10.513 0.5 0
  10.575 3 - 2
    9.09317 0.5 3
    10.575 0.5 0
  10.9 3 - 2
    9.41817 0.5 3
    10.9 0.5 0
  11.288 3 - 2
    9.80617 0.5 3
    11.288 0.5 0
  11.502 5 + 2
    10.0202 0.5 3
    11.502 0.5 0
  11.587 7 - 2
    10.1052 0.5 3
    11.587 0.5 0
  11.928 1 + 2
    10.203 0.5 5
    11.928 0.5 0
  12.015 1 - 2
    10.8994 0.5 2
    11.2444 0.5 1
  12.337 7 + 2
    10.7136 0.5 4
    11.2214 0.5 2
  12.477 5 + 2
    10.9952 0.5 3
    12.477 0.5 0
  12.694 3 - 2
    11.2122 0.5 3
    12.694 0.5 0
  12.891 9 - 2
    11.2676 0.5 4
    11.7754 0.5 2
  13.343 5 + 2
    11.8612 0.5 3
    13.343 0.5 0
  13.391 1 + 2
    11.666 0.5 5
    13.391 0.5 0
  13.448 7 - 2
    11.9662 0.5 3
    13.448 0.5 0
  13.507 5 + 2
    12.0252 0.5 3
    13.507 0.5 0
  13.59 3 + 2
    12.4744 0.5 2
    12.8194 0.5 1
  13.693 11 - 2
    11.5987 0.5 6
    12.2112 0.5 3
  13.833 7 - 2
    12.3512 0.5 3
    13.833 0.5 0
  13.871 5 + 2
    12.3892 0.5 3
    13.871 0.5 0
  13.915 9 - 2
    12.2916 0.5 4
    12.7994 0.5 2
  13.955 1 - 2
    12.8394 0.5 2
    13.1844 0.5 1
  14.056 3 + 2
    12.9404 0.5 2
    13.2854 0.5 1
  14.111 5 + 2
    12.6292 0.5 3
    14.111 0.5 0
  14.302 5 + 2
    12.8202 0.5 3
    14.302 0.5 0
  14.441 7 - 2
    12.9592 0.5 3
    14.441 0.5 0
  14.501 5 + 2
    13.0192 0.5 3
    14.501 0.5 0
  14.537 3 - 2
    13.0552 0.5 3
    14.537 0.5 0
  15.498 5 + 2
    14.0162 0.5 3
    15.498 0.5 0

29 66 124
  0 2 + 0
  0.185953 4 + 1
    0.185953 1 0
  0.237822 2 - 1
    0.237822 1 0
  0.27503 6 + 2
    0.089077 0.986939 1
    0.27503 0.013061 0
  0.385782 2 + 2
    0.199829 0.031219 1
    0.385782 0.968781 0
  0.465165 4 + 3
    0.190135 0.036361 3
    0.279212 0.01522 1
    0.465165 0.948419 0
  0.59075 8 + 1
    0.31572 1 3
  0.679 0 + 2
    0.441178 0.5 2
    0.493047 0.5 1
  0.729824 6 + 2
    0.454794 0.090936 3
    0.543871 0.909064 1
  0.822691 4 + 4
    0.357526 0.073292 5
    0.436909 0.283309 4
    0.636738 0.043781 1
    0.822691 0.599618 0
  0.884 10 - 1
    0.29325 1 6
  0.916 8 - 2
    0.186176 0.5 8
    0.64097 0.5 3
  1.00849 4 - 1
    0.622708 1 4
  1.01714 6 + 4
    0.194449 0.170217 9
    0.42639 0.123912 6
    0.551975 0.107711 5
    0.831187 0.59816 1
  1.05208 2 + 3
    0.586915 0.1071 5
    0.814258 0.2519 2
    1.05208 0.641 0
  1.1542 12 - 1
    0.56345 1 6
  1.15809 6 - 3
    0.335399 0.3212 9
    0.56734 0.2139 6
    0.88306 0.4649 3
  1.21252 4 + 2
    0.93749 0.3899 3
    1.21252 0.6101 0
  1.24715 8 - 1
    0.97212 1 3
  1.34401 2 + 3
    0.878845 0.719964 5
    0.958228 0.256287 4
    1.34401 0.023749 0
  1.4322 2 + 2
    1.15717 0.5 3
    1.4322 0.5 0
  1.43941 4 + 2
    0.42227 0.04949 13
    1.43941 0.95051 0
  1.498 0 - 2
    1.11222 0.5 4
    1.498 0.5 0
  1.54739 4 + 3
    0.95664 0.416479 6
    1.16161 0.087746 4
    1.27236 0.495775 3
  1.56015 6 - 2
    0.21614 0.1312 19
    1.32233 0.8688 2
  1.57734 2 + 1
    0.847516 1 8
  1.63 4 - 2
    1.35497 0.5 3
    1.63 0.5 0
  1.678 2 + 4
    0.10066 0.1053 25
    0.33399 0.1108 19
    0.948176 0.2575 8
    1.678 0.5264 0
  1.69407 2 + 1
    0.48155 1 17
  1.7132 2 + 2
    0.66112 0.359 14
    0.983376 0.641 8
  1.73596 8 - 1
    1.00614 1 8
  1.74589 2 - 3
    1.47086 0.1012 3
    1.55994 0.7553 1
    1.74589 0.1435 0
  1.82035 2 + 5
    0.76827 0.138114 14
    0.997659 0.20212 9
    1.35518 0.310931 5
    1.58253 0.220722 2
    1.82035 0.128113 0
  1.879 6 - 2
    1.64118 0.5 2
    1.69305 0.5 1
  1.894 10 - 2
    1.01 0.5 10
    1.30325 0.5 6
  1.91131 6 - 2
    1.08862 0.781222 9
    1.18149 0.218778 8
  1.92719 8 - 3
    0.71467 0.086993 17
    0.91005 0.051682 13
    1.19737 0.861326 8
  1.97118 4 - 2
    0.72403 0.7588 18
    0.75866 0.2412 17
  2.01836 0 - 3
    1.28854 0.02121 8
    1.74333 0.642694 3
    1.83241 0.336097 1
  2.02331 6 - 9
    0.112 0.02996 35
    0.5839 0.03891 21
    0.6793 0.03131 19
    0.81079 0.04919 17
    1.29349 0.07603 8
    1.55814 0.0805 5
    1.63753 0.4472 4
    1.74828 0.1118 3
    1.83736 0.1351 1
  2.12409 4 - 2
    1.84906 0.5208 3
    2.12409 0.4792 0
  2.16312 10 - 1
    2.16312 1 0
  2.16601 8 + 1
    1.98006 1 1
  2.195 6 - 2
    1.95718 0.5 2
    2.00905 0.5 1
  2.26066 4 + 3
    1.20858 0.1282 14
    1.87488 0.2308 4
    1.98563 0.641 3
  2.329 0 - 2
    1.94322 0.5 4
    2.329 0.5 0
  2.347 14 + 1
    1.1928 1 15
  2.36363 6 - 1
    1.63381 1 8
  2.39493 8 + 1
    2.1199 1 3
  2.44919 4 - 1
    2.44919 1 0
  2.45305 10 + 3
    0.6327 0.2968 32
    1.72323 0.3534 8
    2.17802 0.3498 3
  2.503 12 - 2
    1.45092 0.5102 14
    1.91225 0.4898 6
  2.52077 6 + 1
    1.93002 1 6
  2.537 4 - 2
    2.26197 0.5 3
    2.537 0.5 0
  2.56043 4 - 2
    1.31328 0.6579 18
    2.56043 0.3421 0
  2.567 10 + 2
    1.83718 0.5 8
    2.29197 0.5 3
  2.58627 8 + 3
    1.14686 0.1752 21
    1.42818 0.6817 16
    2.40032 0.1431 1
  2.59749 6 - 3
    0.23386 0.2598 47
    1.25348 0.25 19
    2.41154 0.4902 1
  2.6085 0 + 1
    2.6085 1 0
  2.62929 4 - 2
    1.0819 0.5291 23
    1.8066 0.4709 9
  2.644 6 + 2
    2.36897 0.5 3
    2.644 0.5 0
  2.66444 8 - 4
    1.50635 0.2148 16
    1.6473 0.3704 13
    2.38941 0.0963 3
    2.66444 0.3185 0
  2.68116 2 + 7
    0.75397 0.1991 36
    0.86081 0.05975 32
    0.98709 0.2213 28
    1.46864 0.2212 17
    1.52307 0.02213 16
    1.62908 0.07522 14
    2.68116 0.2013 0
  2.68822 2 + 2
    2.4504 0.359 2
    2.68822 0.641 0
  2.707 4 - 2
    2.43197 0.5 3
    2.707 0.5 0
  2.73916 6 - 2
    1.39515 0.6494 19
    2.55321 0.3506 1
  2.76786 2 + 2
    1.22047 0.3507 23
    1.94517 0.6493 9
  2.79985 4 - 3
    1.05396 0.3803 31
    1.5527 0.4695 18
    2.6139 0.1502 1
  2.81384 0 + 3
    0.99349 0.2222 32
    1.37443 0.6173 21
    1.76176 0.1605 14
  2.84472 8 - 2
    2.1149 0.4709 8
    2.56969 0.5291 3
  2.86769 6 + 2
    2.40253 0.2424 5
    2.62987 0.7576 2
  2.903 6 + 2
    2.62797 0.5 3
    2.903 0.5 0
  2.94333 4 - 2
    2.55755 0.3902 4
    2.75738 0.6098 1
  2.94876 10 - 4
    0.34026 0.2193 58
    1.40137 0.1009 23
    1.50935 0.2412 21
    2.67373 0.4386 3
  2.95335 12 + 5
    0.28891 0.062956 61
    1.90127 0.17039 14
    2.13066 0.125892 9
    2.48819 0.270384 5
    2.95335 0.370378 0
  2.98796 8 - 2
    1.01678 0.5405 37
    2.98796 0.4595 0
  3.01018 4 + 3
    1.66617 0.4587 19
    2.54502 0.2202 5
    2.82423 0.3211 1
  3.02609 2 - 2
    1.2802 0.3243 31
    3.02609 0.6757 0
  3.04595 16 + 2
    2.31613 0.7407 8
    2.77092 0.2593 3
  3.04882 6 - 1
    2.86287 1 1
  3.07729 4 + 5
    0.55652 0.092918 52
    2.06015 0.110598 13
    2.2546 0.141597 9
    2.61213 0.442491 5
    2.89134 0.212396 1
  3.09137 0 - 3
    1.65196 0.6873 21
    2.03929 0.1065 14
    3.09137 0.2062 0
  3.09908 2 + 4
    2.08194 0.158816 13
    2.50833 0.259926 6
    2.7133 0.220222 4
    2.91313 0.361036 1
  3.11086 8 - 2
    1.13968 0.813 37
    3.11086 0.187 0
  3.14174 6 + 1
    2.86671 1 3
  3.15197 4 - 2
    0.78834 0.4792 47
    2.87694 0.5208 3
  3.16577 2 + 3
    2.43595 0.127513 8
    2.70061 0.671167 5
    3.16577 0.20132 0
  3.20895 10 - 2
    1.04294 0.7407 42
    3.20895 0.2593 0
  3.24783 4 + 1
    1.67049 1 25
  3.28736 6 + 2
    2.8222 0.8621 5
    2.90158 0.1379 4
  3.33377 8 + 2
    0.53392 0.2372 67
    0.7475 0.7628 56
  3.34206 2 - 1
    3.06703 1 3
  3.37123 4 - 2
    0.74194 0.6579 59
    2.64141 0.3421 8
  3.39763 0 - 2
    2.80688 0.5587 6
    3.1226 0.4413 3
  3.43237 6 + 2
    1.40906 0.1667 39
    2.38029 0.8333 14
  3.47948 2 - 2
    0.66564 0.4012 68
    3.24166 0.5988 2
  3.48705 4 + 5
    1.51587 0.089927 37
    2.47856 0.280592 12
    2.8963 0.140296 6
    3.02189 0.359689 5
    3.48705 0.129496 0
  3.50884 8 - 4
    2.4917 0.132299 13
    2.91809 0.080779 6
    3.27102 0.696393 2
    3.32289 0.090529 1
  3.53549 6 + 4
    0.4582 0.423742 80
    1.79953 0.152515 30
    1.97534 0.20342 24
    2.09608 0.220322 21
  3.559 10 - 2
    2.675 0.5 10
    2.96825 0.5 6
  3.58353 4 + 4
    0.53758 0.2014 78
    2.14412 0.3534 21
    2.37101 0.2438 17
    3.3085 0.2014 3
  3.601 2 - 4
    0.11395 0.151308 96
    1.85511 0.078954 31
    2.02366 0.657933 25
    2.87118 0.111806 8
  3.63656 12 + 7
    1.11579 0.087726 52
    1.89067 0.125309 31
    2.42404 0.170412 17
    2.58448 0.080206 14
    2.61942 0.250618 13
    3.04581 0.203014 6
    3.45061 0.082716 1
  3.672 6 - 2
    3.43418 0.5 2
    3.48605 0.5 1
  3.70508 8 + 2
    1.68177 0.4413 39
    2.45793 0.5587 18
  3.71 18 + 1
    1.363 1 46
  3.7503 4 - 5
    0.65122 0.135693 82
    1.12101 0.089146 59
    1.73194 0.19769 38
    2.00441 0.387581 31
    3.56435 0.18989 1
  3.78019 2 - 2
    0.77001 0.4186 76
    1.41656 0.5814 47
  3.81466 0 + 5
    0.41703 0.2325 93
    1.84348 0.25 37
    2.99197 0.21 9
    3.3495 0.195 5
    3.81466 0.1125 0
  3.875 6 - 2
    3.63718 0.5 2
    3.68905 0.5 1
  3.89 14 + 2
    1.543 0.5 46
    2.7358 0.5 15
  3.89638 4 - 3
    1.29889 0.6757 57
    2.16042 0.1757 30
    3.89638 0.1486 0
  3.93458 2 + 2
    1.91622 0.4505 38
    3.5488 0.5495 4
  4.01369 8 - 2
    2.99655 0.7519 13
    3.62791 0.2481 4
  4.05698 4 + 3
    1.60779 0.1309 49
    3.78195 0.3455 3
    3.87103 0.5236 1
  4.08 6 - 2
    3.84218 0.5 2
    3.89405 0.5 1
  4.11641 10 + 2
    1.30257 0.1667 68
    3.29372 0.8333 9
  4.18 14 + 2
    1.833 0.5 46
    3.0258 0.5 15
  4.25 2 - 2
    4.01218 0.5 2
    4.06405 0.5 1
  4.3002 4 - 3
    3.47751 0.480752 9
    3.83504 0.230777 5
    4.02517 0.288471 3
  4.4627 6 + 1
    4.27675 1 1
  4.52791 8 - 3
    1.72806 0.6494 67
    2.70756 0.1818 32
    2.96776 0.1688 24
  4.85076 2 + 4
    1.77347 0.09036 80
    3.13756 0.247 29
    3.17276 0.6024 27
    3.27342 0.06024 25
  5.07721 4 - 3
    1.59016 0.271127 96
    1.96635 0.444444 83
    3.38314 0.284428 28

29 67 47
  0 3 - 0
  1.1154 5 - 1
    1.1154 1 0
  1.17 1 - 1
    0.0546 1 1
  1.633 7 - 1
    1.633 1 0
  1.66963 7 - 2
    0.55423 0.4711 1
    1.66963 0.5289 0
  1.9371 3 - 2
    0.8217 0.422 1
    1.9371 0.578 0
  2.272 1 - 1
    2.272 1 0
  2.34 7 - 2
    0.707 0.5 3
    2.34 0.5 0
  2.5028 9 + 3
    0.83317 0.469481 4
    1.3874 0.061038 1
    2.5028 0.469481 0
  2.6231 1 - 1
    2.6231 1 0
  2.6801 3 - 1
    2.6801 1 0
  2.8411 1 - 1
    2.8411 1 0
  2.93 5 + 2
    1.297 0.5 3
    2.93 0.5 0
  2.94 5 + 2
    1.307 0.5 3
    2.94 0.5 0
  2.996 11 + 1
    2.996 1 0
  3.036 9 + 2
    1.36637 0.5 4
    1.403 0.5 3
  3.09 3 - 2
    1.457 0.5 3
    3.09 0.5 0
  3.123 5 + 2
    1.49 0.5 3
    3.123 0.5 0
  3.25 7 + 2
    0.254 0.5 14
    2.1346 0.5 1
  3.277 5 + 2
    1.644 0.5 3
    3.277 0.5 0
  3.334 3 + 2
    2.164 0.5 2
    2.2186 0.5 1
  3.3637 13 + 1
    0.8609 1 8
  3.394 9 + 2
    1.72437 0.5 4
    1.761 0.5 3
  3.4636 15 + 1
    0.0999 1 21
  3.48 9 + 2
    1.81037 0.5 4
    1.847 0.5 3
  3.522 7 - 2
    1.889 0.5 3
    3.522 0.5 0
  3.638 11 - 2
    1.96837 0.5 4
    2.005 0.5 3
  3.693 3 + 2
    2.523 0.5 2
    2.5776 0.5 1
  3.736 5 - 2
    2.566 0.5 2
    2.6206 0.5 1
  3.838 5 + 2
    2.205 0.5 3
    3.838 0.5 0
  3.865 5 - 2
    2.695 0.5 2
    2.7496 0.5 1
  3.947 5 + 2
    2.314 0.5 3
    3.947 0.5 0
  3.998 3 - 2
    2.365 0.5 3
    3.998 0.5 0
  4.031 1 + 2
    2.0939 0.5 5
    4.031 0.5 0
  4.059 7 - 2
    2.426 0.5 3
    4.059 0.5 0
  4.127 7 + 2
    1.131 0.5 14
    3.0116 0.5 1
  4.163 9 - 2
    1.167 0.5 14
    3.0476 0.5 1
  4.195 7 + 2
    1.199 0.5 14
    3.0796 0.5 1
  4.262 7 - 2
    2.629 0.5 3
    4.262 0.5 0
  4.315 13 + 2
    1.279 0.5 15
    1.8122 0.5 8
  4.364 3 - 2
    2.731 0.5 3
    4.364 0.5 0
  4.406 11 - 2
    2.73637 0.5 4
    2.773 0.5 3
  4.448 3 + 2
    3.278 0.5 2
    3.3326 0.5 1
  4.493 1 + 2
    2.5559 0.5 5
    4.493 0.5 0
  4.518 3 - 2
    2.885 0.5 3
    4.518 0.5 0
  4.561 5 + 2
    2.928 0.5 3
    4.561 0.5 0
  4.603 1 - 2
    3.433 0.5 2
    3.4876 0.5 1

29 68 4
  0 2 + 0
  0.0846 4 + 1
    0.0846 1 0
  0.6105 6 - 2
    0.5259 0.9852 1
    0.6105 0.0148 0
  0.7216 12 - 2
    0.1111 0.891548 2
    0.637 0.108452 1

29 69 23
  0 3 - 0
  1.096 1 - 1
    1.096 1 0
  1.2133 7 + 1
    1.2133 1 0
  1.31 5 + 1
    1.31 1 0
  1.43 9 + 1
    0.12 1 3
  1.56 11 + 1
    0.3467 1 2
  1.7108 7 - 1
    1.7108 1 0
  1.8708 7 - 2
    0.6575 0.5 2
    1.8708 0.5 0
  2.1814 9 - 1
    0.4706 1 6
  2.2853 3 + 2
    0.5745 0.949771 6
    2.2853 0.050228 0
  2.5504 5 - 3
    0.6796 0.935481 7
    1.3371 0.01029 2
    2.5504 0.054229 0
  2.5518 9 + 1
    0.681 1 7
  2.6673 9 + 1
    0.4859 1 8
  2.6964 5 + 2
    1.4831 0.956938 2
    2.6964 0.043062 0
  2.7418 13 + 2
    0.0745 0.5 12
    0.19 0.5 11
  2.7558 5 - 2
    0.2054 0.6773 10
    0.4705 0.3227 9
  2.7995 1 + 1
    0.2491 1 10
  2.939 3 - 1
    0.1832 1 15
  3 3 - 2
    1.69 0.5 3
    3 0.5 0
  3.3 1 - 2
    1.0147 0.5 9
    2.204 0.5 1
  3.3403 5 - 1
    0.5845 1 15
  3.7 3 + 2
    2.4867 0.5 2
    2.604 0.5 1
  3.9424 7 - 1
    1.6571 1 9

29 70 14
  0 12 - 0
  0.1011 6 - 1
    0.1011 1 0
  0.2285 8 - 1
    0.1274 1 1
  0.2426 2 + 1
    0.1415 1 1
  0.3207 4 + 1
    0.0781 1 3
  0.3689 4 - 3
    0.1263 0.3732 3
    0.1404 0.2985 2
    0.2678 0.3283 1
  0.506 10 - 1
    0.4049 1 1
  0.6281 0 - 1
    0.3855 1 3
  0.6977 2 + 2
    0.377 0.4384 4
    0.4551 0.5616 3
  0.7064 6 + 1
    0.3857 1 4
  0.9388 8 + 3
    0.2324 0.075272 9
    0.6181 0.537616 4
    0.6962 0.387112 3
  1.2784 2 + 5
    0.3396 0.177393 10
    0.5807 0.024849 8
    0.6503 0.068117 7
    0.9577 0.019869 4
    1.0358 0.709772 3
  1.5204 2 + 2
    1.1515 0.1667 5
    1.2778 0.8333 3
  1.9801 2 + 1
    1.6112 1 5

29 71 26
  0 3 - 0
  0.4542 1 - 1
    0.4542 1 0
  0.53444 5 - 1
    0.53444 1 0
  0.98132 7 - 2
    0.44688 0.2309 2
    0.98132 0.7691 0
  1.18946 7 - 2
    0.65502 0.090936 2
    1.18946 0.909064 0
  1.45331 9 - 1
    0.47199 1 3
  1.633 9 + 1
    0.65168 1 3
  1.7863 9 - 1
    1.25186 1 2
  1.84575 7 - 1
    1.31131 1 2
  1.89516 7 - 1
    0.7057 1 4
  1.97351 11 - 1
    0.5202 1 5
  2.12865 11 - 3
    0.34235 0.102396 7
    0.67534 0.016739 5
    0.93919 0.880865 4
  2.151 7 - 1
    2.151 1 0
  2.28997 9 + 1
    0.16132 1 11
  2.5515 7 + 1
    2.01706 1 2
  2.59984 9 - 1
    1.41038 1 4
  2.6227 15 - 2
    0.49405 0.6581 11
    0.64919 0.3419 10
  2.68651 5 + 1
    1.49705 1 4
  2.75112 11 + 1
    1.29781 1 5
  2.7557 19 - 1
    0.133 1 16
  2.8059 3 + 3
    0.20606 0.1238 15
    1.0196 0.4 7
    1.35259 0.4762 5
  2.8672 5 + 1
    1.88588 1 3
  2.92521 3 + 1
    1.13891 1 7
  3.03459 1 + 4
    0.34808 0.152515 17
    0.74462 0.107311 13
    1.24829 0.565057 7
    1.58128 0.175118 5
  4.7765 23 - 1
    2.0208 1 19
  5.3307 5 + 1
    0.5542 1 24

29 72 17
  0 4 - 0
  0.13732 6 - 1
    0.13732 1 0
  0.2193 8 - 1
    0.08198 1 1
  0.2703 12 - 1
    0.051 1 2
  0.37649 2 + 1
    0.37649 1 0
  0.45154 4 + 3
    0.07505 0.097827 4
    0.31422 0.358689 1
    0.45154 0.543484 0
  0.47056 2 + 1
    0.09407 1 4
  0.47601 10 + 1
    0.47601 1 0
  0.67329 0 + 2
    0.20273 0.5 6
    0.2968 0.5 4
  0.98731 6 - 1
    0.98731 1 0
  1.51743 8 - 2
    1.14094 0.5 4
    1.51743 0.5 0
  1.70901 4 + 1
    1.33252 1 4
  1.76222 6 - 1
    1.76222 1 0
  1.89454 2 + 3
    1.443 0.135 5
    1.51805 0.6223 4
    1.89454 0.2427 0
  2.06049 2 + 3
    1.3872 0.1304 8
    1.684 0.4348 4
    2.06049 0.4348 0
  2.19678 2 + 2
    1.74524 0.6058 5
    1.82029 0.3942 4
  2.5968 4 - 2
    2.12079 0.2481 7
    2.22031 0.7519 4

29 73 9
  0 3 - 0
  0.16607 5 - 1
    0.16607 1 0
  0.96121 7 - 1
    0.96121 1 0
  1.01014 7 - 2
    0.84407 0.422 1
    1.01014 0.578 0
  1.29796 1 - 1
    1.13189 1 1
  1.48904 9 - 1
    0.4789 1 3
  1.7088 11 - 1
    1.54273 1 1
  2.1616 7 + 1
    1.99553 1 1
  2.386 5 + 2
    0.6772 0.5682 6
    1.08804 0.4318 4

29 74 1
  0 6 - 0

29 75 1
  0 3 - 0

29 76 2
  0 8 - 0
  0.2 0 - 1
    0.2 1 0

29 77 1
  0 1 - 0

29 78 1
  0 8 - 0

29 79 1
  0 5 - 0

29 80 1
  0 0 - 0

29 81 1
  0 5 - 0

29 82 1
  0 4 - 0

