9 15 2
  0 1 + 0
  1.3 5 + 1
    1.3 1 0

9 16 28
  0 0 - 0
  0.193 2 - 1
    0.193 1 0
  0.424 4 - 1
    0.424 1 0
  0.721 6 - 1
    0.528 1 1
  3.758 2 + 2
    3.334 0.5 2
    3.758 0.5 0
  3.87 4 + 2
    3.149 0.5 3
    3.677 0.5 1
  4.372 6 + 2
    0.614 0.5 4
    3.948 0.5 2
  4.654 2 + 2
    4.23 0.5 2
    4.654 0.5 0
  4.71 8 + 2
    0.84 0.5 5
    3.989 0.5 3
  4.977 4 + 2
    4.256 0.5 3
    4.784 0.5 1
  5.272 2 - 2
    4.551 0.5 3
    5.079 0.5 1
  5.404 8 + 2
    1.534 0.5 5
    4.683 0.5 3
  5.449 0 - 2
    5.025 0.5 2
    5.449 0.5 0
  5.524 4 - 2
    5.1 0.5 2
    5.524 0.5 0
  5.57 2 - 2
    4.849 0.5 3
    5.377 0.5 1
  5.856 4 - 2
    5.432 0.5 2
    5.856 0.5 0
  6.05 0 + 2
    2.18 0.5 5
    5.857 0.5 1
  6.224 2 + 2
    5.8 0.5 2
    6.224 0.5 0
  6.372 8 - 2
    2 0.5 6
    5.948 0.5 2
  6.559 6 + 2
    2.801 0.5 4
    6.135 0.5 2
  6.679 2 - 2
    5.958 0.5 3
    6.486 0.5 1
  6.93 4 + 2
    6.209 0.5 3
    6.737 0.5 1
  7.11 0 - 2
    6.686 0.5 2
    7.11 0.5 0
  7.5 4 - 2
    7.076 0.5 2
    7.5 0.5 0
  7.9 2 + 2
    7.476 0.5 2
    7.9 0.5 0
  9.5 6 + 2
    5.742 0.5 4
    9.076 0.5 2
  9.6 2 - 2
    8.879 0.5 3
    9.407 0.5 1
  11.5 4 + 2
    10.779 0.5 3
    11.307 0.5 1

9 17 77
  0 5 + 0
  0.49533 1 + 1
    0.49533 1 0
  3.104 1 - 1
    2.60867 1 1
  3.857 5 - 1
    3.857 1 0
  4.64 3 - 2
    4.14467 0.5 1
    4.64 0.5 0
  5 3 + 2
    1.143 0.5 3
    1.896 0.5 2
  5.22 9 - 1
    1.363 1 3
  5.488 3 - 2
    4.99267 0.5 1
    5.488 0.5 0
  5.672 7 - 2
    1.032 0.5 4
    5.672 0.5 0
  5.682 5 - 2
    1.825 0.5 3
    2.578 0.5 2
  5.82 3 + 2
    1.963 0.5 3
    2.716 0.5 2
  6.037 1 - 2
    2.18 0.5 3
    2.933 0.5 2
  6.56 1 + 2
    6.06467 0.5 1
    6.56 0.5 0
  6.697 5 + 2
    6.20167 0.5 1
    6.697 0.5 0
  6.774 3 + 2
    2.917 0.5 3
    3.67 0.5 2
  7.027 5 - 2
    3.17 0.5 3
    3.923 0.5 2
  7.356 3 + 2
    3.499 0.5 3
    4.252 0.5 2
  7.448 1 + 2
    6.95267 0.5 1
    7.448 0.5 0
  7.454 7 + 2
    2.454 0.5 5
    3.597 0.5 3
  7.471 3 - 2
    6.97567 0.5 1
    7.471 0.5 0
  7.479 3 + 2
    3.622 0.5 3
    4.375 0.5 2
  7.546 7 - 2
    2.906 0.5 4
    7.546 0.5 0
  7.75 1 + 2
    7.25467 0.5 1
    7.75 0.5 0
  7.95 1 - 2
    4.093 0.5 3
    4.846 0.5 2
  8.01 5 + 2
    7.51467 0.5 1
    8.01 0.5 0
  8.07 5 + 2
    7.57467 0.5 1
    8.07 0.5 0
  8.075 3 - 2
    7.57967 0.5 1
    8.075 0.5 0
  8.2 3 - 2
    7.70467 0.5 1
    8.2 0.5 0
  8.383 5 - 2
    4.526 0.5 3
    5.279 0.5 2
  8.416 7 + 2
    3.416 0.5 5
    4.559 0.5 3
  8.436 1 - 2
    4.579 0.5 3
    5.332 0.5 2
  8.75 5 + 2
    8.25467 0.5 1
    8.75 0.5 0
  8.76 3 + 2
    4.903 0.5 3
    5.656 0.5 2
  8.825 1 - 2
    4.968 0.5 3
    5.721 0.5 2
  8.98 7 - 2
    4.34 0.5 4
    8.98 0.5 0
  9.17 3 + 2
    5.313 0.5 3
    6.066 0.5 2
  9.45 1 + 2
    8.95467 0.5 1
    9.45 0.5 0
  9.92 9 + 2
    4.248 0.5 8
    9.92 0.5 0
  10.03 3 - 2
    9.53467 0.5 1
    10.03 0.5 0
  10.04 7 - 2
    5.4 0.5 4
    10.04 0.5 0
  10.22 1 + 2
    9.72467 0.5 1
    10.22 0.5 0
  10.4 5 + 2
    9.90467 0.5 1
    10.4 0.5 0
  10.499 7 - 2
    5.859 0.5 4
    10.499 0.5 0
  10.66 3 - 2
    10.1647 0.5 1
    10.66 0.5 0
  10.79 1 + 2
    10.2947 0.5 1
    10.79 0.5 0
  10.91 1 - 2
    7.053 0.5 3
    7.806 0.5 2
  10.95 3 + 2
    7.093 0.5 3
    7.846 0.5 2
  11.1929 1 - 1
    10.6976 1 1
  11.43 3 + 2
    7.573 0.5 3
    8.326 0.5 2
  11.58 5 - 2
    7.723 0.5 3
    8.476 0.5 2
  12 3 + 2
    8.143 0.5 3
    8.896 0.5 2
  12.25 3 - 2
    11.7547 0.5 1
    12.25 0.5 0
  12.355 1 - 2
    8.498 0.5 3
    9.251 0.5 2
  12.5 7 - 2
    7.86 0.5 4
    12.5 0.5 0
  12.5501 3 - 2
    12.0548 0.5 1
    12.5501 0.5 0
  13.061 5 - 2
    9.204 0.5 3
    9.957 0.5 2
  13.08 1 + 2
    12.5847 0.5 1
    13.08 0.5 0
  13.13 5 - 2
    9.273 0.5 3
    10.026 0.5 2
  13.781 5 + 2
    13.2857 0.5 1
    13.781 0.5 0
  14 7 - 2
    9.36 0.5 4
    14 0.5 0
  14.176 3 - 2
    13.6807 0.5 1
    14.176 0.5 0
  14.304 7 - 2
    9.664 0.5 4
    14.304 0.5 0
  14.38 5 - 2
    10.523 0.5 3
    11.276 0.5 2
  14.71 1 - 2
    10.853 0.5 3
    11.606 0.5 2
  14.809 1 + 2
    14.3137 0.5 1
    14.809 0.5 0
  15.6 3 + 2
    11.743 0.5 3
    12.496 0.5 2
  17.1 5 - 2
    13.243 0.5 3
    13.996 0.5 2
  20.1 3 + 2
    16.243 0.5 3
    16.996 0.5 2
  20.4 3 + 2
    16.543 0.5 3
    17.296 0.5 2
  20.9 9 + 2
    15.228 0.5 8
    20.9 0.5 0
  21.3 1 + 2
    20.8047 0.5 1
    21.3 0.5 0
  21.8 9 + 2
    16.128 0.5 8
    21.8 0.5 0
  22.7 7 + 2
    17.7 0.5 5
    18.843 0.5 3
  23.8 7 + 2
    18.8 0.5 5
    19.943 0.5 3
  25.4 7 - 2
    20.76 0.5 4
    25.4 0.5 0
  27.2 5 - 2
    23.343 0.5 3
    24.096 0.5 2
  28.9 5 + 2
    28.4047 0.5 1
    28.9 0.5 0

9 18 99
  0 2 + 0
  0.9372 6 + 1
    0.9372 1 0
  1.04155 0 + 1
    1.04155 1 0
  1.08054 0 - 1
    1.08054 1 0
  1.12136 10 + 1
    0.18416 1 1
  1.70081 2 + 2
    0.65926 0.702 2
    1.70081 0.298 0
  2.10061 4 - 3
    1.02007 0.31 3
    1.16341 0.31 1
    2.10061 0.38 0
  2.52335 4 + 3
    0.82254 0.038877 5
    1.58615 0.214383 1
    2.52335 0.74674 0
  3.06184 4 + 3
    2.02029 0.0011 2
    2.12464 0.7669 1
    3.06184 0.232 0
  3.13387 2 - 4
    1.43306 0.02 5
    2.05333 0.25 3
    2.09232 0.34 2
    3.13387 0.39 0
  3.3582 6 + 4
    0.83485 0.06 7
    1.65739 0.4 5
    2.421 0.09 1
    3.3582 0.45 0
  3.72419 2 + 3
    0.66235 0.04 8
    2.68264 0.91 2
    3.72419 0.05 0
  3.79149 6 - 3
    0.72965 0.299412 8
    1.26814 0.021961 7
    1.69088 0.678627 6
  3.83917 4 + 4
    0.77733 0.50049 8
    2.13836 0.030029 5
    2.90197 0.089088 1
    3.83917 0.380392 0
  4.1159 6 + 2
    1.05406 0.95 8
    4.1159 0.05 0
  4.2258 4 - 6
    1.09193 0.008964 9
    2.12519 0.149405 6
    2.52499 0.092633 5
    3.14526 0.031871 3
    3.2886 0.488018 1
    4.2258 0.229108 0
  4.36015 2 + 1
    1.29831 1 8
  4.3981 8 - 3
    2.29749 0.27 6
    3.27674 0.6 4
    3.4609 0.13 1
  4.652 8 + 2
    3.53064 0.83 4
    3.7148 0.17 1
  4.753 0 + 2
    3.05219 0.08 5
    4.753 0.92 0
  4.8483 10 - 2
    1.05681 0.35 12
    3.72694 0.65 4
  4.86 2 - 4
    1.72613 0.04 9
    1.79816 0.23 8
    3.77946 0.08 3
    3.81845 0.65 2
  4.9636 4 + 1
    4.9636 1 0
  5.2976 8 + 5
    0.6456 0.01296 18
    1.9394 0.049849 10
    2.77425 0.777677 7
    4.17624 0.069788 4
    4.3604 0.089727 1
  5.502 6 - 1
    2.44016 1 8
  5.60338 2 + 3
    2.54154 0.795 8
    4.56183 0.038 2
    5.60338 0.167 0
  5.60486 2 - 5
    2.47099 0.322 9
    2.54302 0.026 8
    4.52432 0.543 3
    4.56331 0.042 2
    5.60486 0.067 0
  5.67257 2 - 7
    2.5387 0.285 9
    2.61073 0.04 8
    3.57196 0.004 6
    3.97176 0.008 5
    4.59203 0.52 3
    4.63102 0.081 2
    5.67257 0.062 0
  5.786 4 - 2
    4.70546 0.6 3
    4.8488 0.4 1
  6.0964 8 - 7
    1.4444 0.087433 18
    1.6983 0.007034 17
    1.9805 0.018088 14
    2.30491 0.014069 12
    3.99579 0.271377 6
    4.97504 0.552753 4
    5.1592 0.049246 1
  6.108 2 + 4
    3.04616 0.45 8
    4.00739 0.2 6
    5.1708 0.11 1
    6.108 0.24 0
  6.13647 0 + 5
    0.53309 0.001895 25
    1.77632 0.020937 16
    2.41228 0.358952 11
    4.43566 0.119684 5
    6.13647 0.498533 0
  6.1632 6 + 10
    1.7651 0.02 17
    1.9374 0.009 15
    2.0473 0.015 14
    2.32403 0.25 13
    2.37171 0.116 12
    3.10136 0.013 8
    3.63985 0.055 7
    5.04184 0.01 4
    5.226 0.51 1
    6.1632 0.002 0
  6.2404 6 - 8
    1.8423 0.029 17
    2.0146 0.078 15
    2.1245 0.005 14
    2.40123 0.01 13
    2.44891 0.106 12
    2.8822 0.011 10
    4.13979 0.715 6
    5.3032 0.046 1
  6.242 6 - 8
    1.8439 0.021 17
    2.0162 0.082 15
    2.1261 0.011 14
    2.40283 0.009 13
    2.45051 0.116 12
    2.8838 0.008 10
    4.14139 0.712 6
    5.3048 0.041 1
  6.262 2 + 1
    6.262 1 0
  6.2832 4 + 12
    1.92305 0.00498 16
    2.1673 0.03884 14
    2.44403 0.157402 13
    2.55901 0.01394 11
    2.925 0.02291 10
    3.14933 0.006972 9
    3.75985 0.002988 7
    4.18259 0.01195 6
    4.58239 0.056771 5
    5.24165 0.01295 2
    5.346 0.667308 1
    6.2832 0.002988 0
  6.3105 6 + 9
    1.3469 0.13 22
    2.1946 0.024 14
    2.47133 0.046 13
    2.58631 0.014 11
    3.24866 0.57 8
    3.78715 0.04 7
    4.60969 0.03 5
    5.3733 0.106 1
    6.3105 0.04 0
  6.3855 4 + 5
    2.2696 0.02307 14
    2.54633 0.141397 13
    4.68469 0.068199 5
    5.4483 0.752285 1
    6.3855 0.01505 0
  6.4849 6 + 9
    1.5213 0.02 22
    2.64573 0.09 13
    2.69341 0.04 12
    3.42306 0.21 8
    3.96155 0.04 7
    4.78409 0.04 5
    5.36354 0.1 4
    5.5477 0.33 1
    6.4849 0.13 0
  6.567 10 + 3
    1.2694 0.02289 23
    3.2088 0.825908 10
    5.6298 0.151202 1
  6.633 2 + 2
    5.6958 0.5 1
    6.633 0.5 0
  6.6437 4 - 8
    1.1417 0.04008 24
    1.7837 0.02605 21
    2.5278 0.01002 14
    2.85221 0.02405 12
    2.91951 0.009018 11
    3.50983 0.2204 9
    4.54309 0.581201 6
    5.7065 0.08918 1
  6.647 2 - 2
    4.12365 0.5 7
    5.60545 0.5 2
  6.777 8 + 3
    2.125 0.6212 18
    5.65564 0.2525 4
    5.8398 0.1263 1
  6.8031 6 + 5
    1.8395 0.07 22
    2.96393 0.03 13
    3.74126 0.5 8
    5.8659 0.2 1
    6.8031 0.2 0
  6.809 4 - 2
    5.8718 0.5 1
    6.809 0.5 0
  6.811 4 + 2
    4.28765 0.5 7
    5.76945 0.5 2
  6.857 6 - 2
    3.79516 0.5 8
    4.33365 0.5 7
  6.8774 8 - 2
    2.2254 0.91 18
    4.77679 0.09 6
  7.201 8 + 2
    4.13916 0.5 8
    4.67765 0.5 7
  7.247 2 + 2
    6.3098 0.5 1
    7.247 0.5 0
  7.291 6 - 2
    4.22916 0.5 8
    4.76765 0.5 7
  7.315 6 - 2
    4.25316 0.5 8
    4.79165 0.5 7
  7.336 2 - 6
    3.1102 0.15 15
    4.20213 0.08 9
    4.27416 0.01 8
    5.23539 0.18 6
    6.25546 0.54 3
    7.336 0.04 0
  7.406 2 + 2
    6.4688 0.5 1
    7.406 0.5 0
  7.447 0 - 2
    6.36646 0.5 3
    7.447 0.5 0
  7.454 2 - 2
    4.93065 0.5 7
    6.41245 0.5 2
  7.478 4 - 1
    6.5408 1 1
  7.485 2 - 2
    4.96165 0.5 7
    6.44345 0.5 2
  7.506 8 - 2
    6.38464 0.5 4
    6.5688 0.5 1
  7.513 4 - 4
    3.1149 0.55 17
    3.72151 0.33 12
    5.41239 0.07 6
    6.5758 0.05 1
  7.528 4 - 4
    3.73651 0.26 12
    5.42739 0.5 6
    6.5908 0.14 1
    7.528 0.1 0
  7.532 0 - 2
    6.45146 0.5 3
    7.532 0.5 0
  7.555 2 - 2
    5.03165 0.5 7
    6.51345 0.5 2
  7.584 10 - 4
    2.932 0.59 18
    6.46264 0.09 4
    6.6468 0.14 1
    7.584 0.18 0
  7.685 6 + 2
    6.7478 0.5 1
    7.685 0.5 0
  7.729 4 - 2
    6.7918 0.5 1
    7.729 0.5 0
  7.763 0 + 2
    5.23965 0.5 7
    6.72145 0.5 2
  7.878 4 - 2
    6.9408 0.5 1
    7.878 0.5 0
  7.899 4 - 2
    6.9618 0.5 1
    7.899 0.5 0
  7.941 2 + 2
    7.0038 0.5 1
    7.941 0.5 0
  8.064 0 + 2
    5.54065 0.5 7
    7.02245 0.5 2
  8.115 2 - 2
    5.59165 0.5 7
    7.07345 0.5 2
  8.209 4 - 2
    7.2718 0.5 1
    8.209 0.5 0
  8.238 8 + 2
    5.17616 0.5 8
    5.71465 0.5 7
  9.02 10 - 2
    4.368 0.5 18
    5.22851 0.5 12
  9.207 2 + 2
    8.2698 0.5 1
    9.207 0.5 0
  9.5 0 + 2
    6.97665 0.5 7
    8.45845 0.5 2
  9.58 12 + 2
    4.7317 0.5 20
    4.928 0.5 18
  10.58 2 - 2
    8.05665 0.5 7
    9.53845 0.5 2
  11.22 14 + 2
    4.653 0.5 40
    10.0986 0.5 4
  12.75 12 - 2
    8.3519 0.5 17
    11.6286 0.5 4
  13.83 4 - 2
    12.8928 0.5 1
    13.83 0.5 0
  14.02 2 + 2
    13.0828 0.5 1
    14.02 0.5 0
  14.1 4 - 2
    13.1628 0.5 1
    14.1 0.5 0
  14.18 16 + 1
    4.6 1 79
  14.65 14 + 2
    8.083 0.5 40
    13.5286 0.5 4
  15.09 2 - 2
    12.5667 0.5 7
    14.0485 0.5 2
  15.34 4 - 2
    14.4028 0.5 1
    15.34 0.5 0
  15.79 12 - 2
    11.3919 0.5 17
    14.6686 0.5 4
  16.07 2 + 2
    15.1328 0.5 1
    16.07 0.5 0
  16.72 0 + 2
    14.1967 0.5 7
    15.6785 0.5 2
  17.43 4 - 2
    16.4928 0.5 1
    17.43 0.5 0
  18.62 2 + 2
    17.6828 0.5 1
    18.62 0.5 0
  19 4 - 2
    18.0628 0.5 1
    19 0.5 0
  20.1 4 - 2
    19.1628 0.5 1
    20.1 0.5 0
  22.7 4 - 2
    21.7628 0.5 1
    22.7 0.5 0
  24.1 2 + 2
    23.1628 0.5 1
    24.1 0.5 0

9 19 191
  0 1 + 0
  0.109894 1 - 1
    0.109894 1 0
  0.197143 5 + 1
    0.197143 1 0
  1.34567 5 - 2
    1.14853 0.032 2
    1.23578 0.968 1
  1.4587 3 - 3
    1.26156 0.107 2
    1.34881 0.688 1
    1.4587 0.205 0
  1.55404 3 + 3
    1.3569 0.926 2
    1.44415 0.0485 1
    1.55404 0.0255 0
  2.77985 9 + 1
    2.58271 1 2
  3.90817 3 + 4
    2.35413 0.21 5
    3.71103 0.14 2
    3.79828 0.17 1
    3.90817 0.48 0
  3.9987 7 - 3
    2.54 0.12 4
    2.65303 0.7 3
    3.80156 0.18 2
  4.0325 9 - 1
    2.68683 1 3
  4.3777 7 + 2
    1.59785 0.195 6
    4.18056 0.805 2
  4.5499 5 + 4
    2.99586 0.18 5
    3.0912 0.08 4
    3.20423 0.05 3
    4.35276 0.69 2
  4.5561 3 - 5
    3.00206 0.06 5
    3.21043 0.04 3
    4.35896 0.09 2
    4.44621 0.45 1
    4.5561 0.36 0
  4.648 13 + 1
    1.86815 1 6
  4.6825 5 - 3
    3.2238 0.313 4
    3.33683 0.631 3
    4.48536 0.056 2
  5.1066 5 + 6
    0.7289 0.02 10
    1.19843 0.054 7
    2.32675 0.007 6
    3.55256 0.018 5
    3.6479 0.104 4
    5.1066 0.797 0
  5.337 1 + 3
    3.8783 0.20202 4
    5.22711 0.424242 1
    5.337 0.373737 0
  5.418 7 - 4
    1.3855 0.060609 9
    1.4193 0.100999 8
    3.9593 0.131299 4
    4.07233 0.707093 3
  5.4635 7 + 4
    2.68365 0.59 6
    3.90946 0.05 5
    4.11783 0.32 3
    5.26636 0.04 2
  5.5007 3 + 4
    3.94666 0.108911 5
    4.15503 0.158416 3
    5.30356 0.485148 2
    5.39081 0.247525 1
  5.535 5 + 3
    4.0763 0.454541 4
    5.33786 0.474743 2
    5.535 0.070716 0
  5.621 5 - 2
    4.27533 0.61 3
    5.42386 0.39 2
  5.938 1 + 5
    2.02983 0.08 7
    4.4793 0.63 4
    5.74086 0.02 2
    5.82811 0.2 1
    5.938 0.07 0
  6.07 7 + 5
    1.6923 0.0396 10
    3.29015 0.2277 6
    4.51596 0.009901 5
    4.72433 0.1881 3
    5.87286 0.534699 2
  6.088 3 - 3
    5.89086 0.14 2
    5.97811 0.61 1
    6.088 0.25 0
  6.1 9 - 2
    2.0675 0.5 9
    4.75433 0.5 3
  6.1606 7 - 5
    2.1281 0.02273 9
    2.1619 0.01581 8
    4.7019 0.01285 4
    4.81493 0.642306 3
    5.96346 0.306303 2
  6.255 1 + 2
    6.05786 0.5 2
    6.255 0.5 0
  6.282 5 + 5
    4.72796 0.199596 5
    4.8233 0.259495 4
    4.93633 0.359293 3
    6.08486 0.041919 2
    6.282 0.139697 0
  6.33 7 + 4
    1.9523 0.180895 10
    4.77596 0.085427 5
    4.98433 0.170895 3
    6.13286 0.562783 2
  6.429 1 - 2
    5.08333 0.5 3
    6.31911 0.5 1
  6.4967 3 + 5
    5.038 0.25 4
    5.15103 0.14 3
    6.29956 0.09 2
    6.38681 0.14 1
    6.4967 0.38 0
  6.5 11 + 2
    1.852 0.45 13
    3.72015 0.55 6
  6.5275 3 + 3
    1.9776 0.12 11
    6.41761 0.59 1
    6.5275 0.29 0
  6.554 7 + 3
    3.77415 0.26 6
    5.20833 0.55 3
    6.35686 0.19 2
  6.592 9 + 3
    2.2143 0.24 10
    3.81215 0.63 6
    6.39486 0.13 2
  6.787 3 - 6
    2.87883 0.026028 7
    5.3283 0.25028 4
    5.44133 0.053046 3
    6.58986 0.13009 2
    6.67711 0.390369 1
    6.787 0.150188 0
  6.8384 5 + 5
    5.3797 0.45 4
    5.49273 0.1 3
    6.64126 0.27 2
    6.72851 0.09 1
    6.8384 0.09 0
  6.891 3 - 3
    5.4323 0.3 4
    5.54533 0.61 3
    6.891 0.09 0
  6.9265 7 - 5
    2.894 0.013 9
    2.9278 0.013 8
    4.14665 0.024 6
    5.58083 0.22 3
    6.72936 0.73 2
  6.989 1 - 2
    5.64333 0.5 3
    6.87911 0.5 1
  7.114 7 + 2
    5.55996 0.5 5
    5.76833 0.5 3
  7.1662 11 - 3
    2.5182 0.035 13
    3.1337 0.909 9
    3.1675 0.056 8
  7.262 3 + 2
    5.91633 0.5 3
    7.15211 0.5 1
  7.364 1 + 2
    7.16686 0.5 2
    7.364 0.5 0
  7.5396 5 + 5
    2.433 0.017019 15
    3.1619 0.270292 10
    5.98556 0.410388 5
    6.19393 0.01201 3
    7.34246 0.290291 2
  7.56 7 + 2
    6.00596 0.5 5
    6.21433 0.5 3
  7.587 5 - 2
    6.24133 0.5 3
    7.47711 0.5 1
  7.6606 3 + 6
    2.554 0.058425 15
    3.1107 0.050504 11
    3.75243 0.029702 7
    6.10656 0.356429 5
    7.46346 0.12871 2
    7.6606 0.37623 0
  7.702 1 - 2
    6.35633 0.5 3
    7.59211 0.5 1
  7.74 5 - 2
    6.39433 0.5 3
    7.63011 0.5 1
  7.9 3 - 2
    7.70286 0.5 2
    7.9 0.5 0
  7.929 7 + 2
    5.14915 0.96 6
    7.73186 0.04 2
  7.937 11 + 2
    3.289 0.9 13
    5.15715 0.1 6
  8.014 5 + 2
    7.81686 0.5 2
    8.014 0.5 0
  8.084 1 - 2
    6.73833 0.5 3
    7.97411 0.5 1
  8.1377 1 + 7
    1.8827 0.02752 27
    2.1997 0.091741 22
    4.22953 0.495405 7
    6.58366 0.01835 5
    7.94056 0.073391 2
    8.02781 0.220202 1
    8.1377 0.073391 0
  8.16 3 - 2
    7.96286 0.5 2
    8.16 0.5 0
  8.199 5 + 2
    8.00186 0.5 2
    8.199 0.5 0
  8.2543 5 - 4
    4.34613 0.25 7
    6.7956 0.24 4
    6.90863 0.33 3
    8.05716 0.18 2
  8.288 13 - 2
    3.64 0.07 13
    4.2555 0.93 9
  8.31 5 + 3
    3.9323 0.4 10
    6.75596 0.48 5
    8.31 0.12 0
  8.37 7 - 4
    4.3713 0.18 8
    5.59015 0.3 6
    7.02433 0.39 3
    8.17286 0.13 2
  8.5835 5 + 12
    1.657 0.004808 39
    2.4229 0.024039 26
    2.6455 0.017309 22
    2.9625 0.021149 21
    3.12 0.019229 18
    3.1655 0.038458 17
    4.0336 0.019229 11
    4.5848 0.038458 8
    7.02946 0.192291 5
    7.23783 0.221189 3
    8.38636 0.365382 2
    8.5835 0.038458 0
  8.5919 3 - 11
    1.8049 0.003 36
    2.3099 0.006 28
    3.0912 0.015 19
    3.4853 0.01 15
    4.042 0.036 11
    4.68373 0.08 7
    7.03786 0.28 5
    7.24623 0.07 3
    8.39476 0.42 2
    8.48201 0.03 1
    8.5919 0.05 0
  8.629 7 - 6
    4.5965 0.03 9
    4.6303 0.13 8
    5.84915 0.38 6
    7.1703 0.06 4
    7.28333 0.06 3
    8.43186 0.34 2
  8.65 1 + 3
    4.74183 0.24 7
    7.1913 0.23 4
    8.54011 0.53 1
  8.7932 1 + 17
    1.1326 0.002 48
    1.4292 0.006 44
    1.5312 0.017 43
    1.8042 0.005 40
    2.0062 0.012 36
    2.2657 0.021 33
    2.2965 0.06 31
    2.5382 0.002 27
    2.7052 0.017 24
    2.8552 0.018 22
    3.4562 0.005 16
    4.88503 0.22 7
    7.23916 0.08 5
    7.3345 0.22 4
    8.59606 0.003 2
    8.68331 0.3 1
    8.7932 0.012 0
  8.864 3 - 1
    7.51833 1 3
  8.9267 3 - 6
    5.01853 0.13 7
    7.37266 0.23 5
    7.468 0.25 4
    8.72956 0.24 2
    8.81681 0.1 1
    8.9267 0.05 0
  8.953 11 - 5
    3.535 0.05 17
    4.305 0.1 13
    4.9205 0.09 9
    4.9543 0.26 8
    6.17315 0.5 6
  9.03 3 - 3
    2.96 0.26 23
    4.6523 0.3 10
    8.83286 0.44 2
  9.0997 7 - 11
    2.9997 0.12 25
    3.4787 0.033 21
    3.5647 0.013 20
    3.6817 0.19 17
    3.9931 0.012 15
    4.4172 0.02 14
    5.0672 0.07 9
    5.101 0.025 8
    6.31985 0.47 6
    7.75403 0.027 3
    8.90256 0.02 2
  9.101 1 - 5
    2.771 0.119 29
    3.031 0.1786 23
    4.7233 0.2857 10
    5.1023 0.2857 8
    6.32115 0.131 6
  9.167 1 + 3
    4.6109 0.19 12
    7.61296 0.3 5
    8.96986 0.51 2
  9.204 3 - 4
    7.85833 0.26 3
    9.00686 0.1 2
    9.09411 0.46 1
    9.204 0.18 0
  9.267 3 - 3
    4.619 0.55 13
    4.8893 0.18 10
    6.48715 0.27 6
  9.28 3 - 2
    5.2475 0.42 9
    5.2813 0.58 8
  9.318 3 + 2
    7.97233 0.5 3
    9.20811 0.5 1
  9.321 1 + 7
    4.6385 0.068 14
    4.7649 0.032 12
    5.41283 0.03 7
    7.76696 0.17 5
    7.8623 0.28 4
    9.12386 0.12 2
    9.321 0.3 0
  9.329 1 - 1
    7.77496 1 5
  9.509 3 - 3
    6.72915 0.72 6
    7.95496 0.14 5
    8.16333 0.14 3
  9.527 5 - 2
    8.18133 0.5 3
    9.41711 0.5 1
  9.5364 5 + 7
    1.5224 0.02 54
    1.8758 0.06 48
    1.9968 0.1 45
    4.4298 0.29 15
    4.8539 0.12 14
    4.9803 0.15 12
    8.19073 0.26 3
  9.566 3 - 2
    3.311 0.23 27
    9.36886 0.77 2
  9.575 3 - 6
    1.9144 0.04 48
    2.0354 0.11 45
    3.487 0.38 24
    5.0251 0.17 11
    5.66683 0.04 7
    8.1163 0.26 4
  9.586 7 - 4
    5.0361 0.21 11
    5.5873 0.17 8
    6.80615 0.3 6
    8.24033 0.32 3
  9.642 1 + 3
    5.0921 0.26 11
    8.29633 0.61 3
    9.44486 0.13 2
  9.654 1 - 2
    8.09996 0.59 5
    8.30833 0.41 3
  9.6675 3 + 14
    2.0069 0.035 48
    2.1279 0.04 45
    2.8291 0.01 37
    4.3305 0.01 16
    4.5609 0.015 15
    5.1176 0.08 11
    5.2898 0.005 10
    5.75933 0.055 7
    8.11346 0.1 5
    8.2088 0.05 4
    8.32183 0.09 3
    9.47036 0.09 2
    9.55761 0.2 1
    9.6675 0.22 0
  9.71 1 - 3
    5.062 0.01 13
    5.6775 0.8 9
    6.93015 0.19 6
  9.82 5 - 12
    4.199 0.007 21
    4.285 0.006 20
    4.402 0.1 17
    4.7134 0.003 15
    5.1375 0.048 14
    5.2701 0.005 11
    5.8213 0.01 8
    8.26596 0.3 5
    8.3613 0.08 4
    8.47433 0.024 3
    9.62286 0.41 2
    9.71011 0.007 1
  9.834 3 + 1
    5.186 1 13
  9.874 11 - 7
    1.586 0.01 60
    3.374 0.019 32
    3.774 0.038 25
    5.226 0.021 13
    5.8415 0.24 9
    5.8753 0.042 8
    7.09415 0.63 6
  9.887 1 + 7
    2.2264 0.05 48
    3.3595 0.16 33
    3.799 0.13 24
    3.949 0.04 22
    5.97883 0.32 7
    8.4283 0.15 4
    9.68986 0.15 2
  9.895 3 + 2
    8.54933 0.5 3
    9.78511 0.5 1
  9.926 9 + 6
    3.426 0.545489 32
    3.596 0.080808 29
    3.856 0.070709 23
    4.4625 0.100998 18
    7.14615 0.191896 6
    9.72886 0.0101 2
  10.088 1 - 5
    4.018 0.1 23
    4.67 0.26 17
    6.0893 0.19 8
    8.74233 0.35 3
    9.89086 0.1 2
  10.137 3 - 2
    8.6783 0.71 4
    8.79133 0.29 3
  10.162 1 + 2
    9.96486 0.5 2
    10.162 0.5 0
  10.232 1 + 2
    10.0349 0.5 2
    10.232 0.5 0
  10.254 1 + 2
    10.0569 0.5 2
    10.254 0.5 0
  10.308 3 + 2
    8.96233 0.5 3
    10.1981 0.5 1
  10.365 3 - 1
    6.3325 1 9
  10.411 13 + 3
    3.911 0.09 32
    5.7285 0.88 14
    7.63115 0.03 6
  10.469 3 - 2
    10.2719 0.5 2
    10.469 0.5 0
  10.488 5 - 2
    9.14233 0.5 3
    10.3781 0.5 1
  10.4963 3 + 2
    9.15063 0.5 3
    10.3864 0.5 1
  10.521 1 - 2
    9.17533 0.5 3
    10.4111 0.5 1
  10.5423 5 - 2
    9.19663 0.5 3
    10.4324 0.5 1
  10.555 3 + 2
    9.20933 0.5 3
    10.4451 0.5 1
  10.5647 1 - 2
    9.21903 0.5 3
    10.4548 0.5 1
  10.581 5 + 2
    10.3839 0.5 2
    10.581 0.5 0
  10.6143 5 + 2
    10.4172 0.5 2
    10.6143 0.5 0
  10.7633 1 - 2
    9.41763 0.5 3
    10.6534 0.5 1
  10.8597 5 + 2
    10.6626 0.5 2
    10.8597 0.5 0
  10.927 3 - 2
    10.7299 0.5 2
    10.927 0.5 0
  10.975 3 - 2
    10.7779 0.5 2
    10.975 0.5 0
  10.989 1 - 2
    9.64333 0.5 3
    10.8791 0.5 1
  11.072 1 + 2
    10.8749 0.5 2
    11.072 0.5 0
  11.188 1 - 2
    9.84233 0.5 3
    11.0781 0.5 1
  11.273 3 + 2
    9.92733 0.5 3
    11.1631 0.5 1
  11.286 5 + 2
    11.0889 0.5 2
    11.286 0.5 0
  11.35 1 + 2
    11.1529 0.5 2
    11.35 0.5 0
  11.45 1 - 2
    10.1043 0.5 3
    11.3401 0.5 1
  11.478 3 - 2
    11.2809 0.5 2
    11.478 0.5 0
  11.502 3 - 2
    11.3049 0.5 2
    11.502 0.5 0
  11.54 5 + 2
    11.3429 0.5 2
    11.54 0.5 0
  11.569 3 - 2
    11.3719 0.5 2
    11.569 0.5 0
  11.603 3 - 2
    11.4059 0.5 2
    11.603 0.5 0
  11.653 3 + 2
    10.3073 0.5 3
    11.5431 0.5 1
  11.84 5 + 2
    11.6429 0.5 2
    11.84 0.5 0
  11.93 1 - 2
    10.5843 0.5 3
    11.8201 0.5 1
  12.04 1 - 2
    10.6943 0.5 3
    11.9301 0.5 1
  12.136 3 - 2
    11.9389 0.5 2
    12.136 0.5 0
  12.222 3 + 2
    10.8763 0.5 3
    12.1121 0.5 1
  12.522 1 - 2
    11.1763 0.5 3
    12.4121 0.5 1
  12.577 5 + 2
    12.3799 0.5 2
    12.577 0.5 0
  12.58 1 - 2
    11.2343 0.5 3
    12.4701 0.5 1
  12.78 5 + 2
    12.5829 0.5 2
    12.78 0.5 0
  12.86 3 + 2
    11.5143 0.5 3
    12.7501 0.5 1
  12.94 5 + 2
    12.7429 0.5 2
    12.94 0.5 0
  12.98 1 - 2
    11.6343 0.5 3
    12.8701 0.5 1
  13.068 1 + 2
    12.8709 0.5 2
    13.068 0.5 0
  13.09 3 - 2
    12.8929 0.5 2
    13.09 0.5 0
  13.17 3 + 2
    11.8243 0.5 3
    13.0601 0.5 1
  13.245 1 - 2
    11.8993 0.5 3
    13.1351 0.5 1
  13.27 1 + 2
    13.0729 0.5 2
    13.27 0.5 0
  13.317 7 - 2
    11.8583 0.5 4
    13.1199 0.5 2
  13.36 3 - 2
    13.1629 0.5 2
    13.36 0.5 0
  13.532 1 + 2
    13.3349 0.5 2
    13.532 0.5 0
  13.732 7 - 2
    12.2733 0.5 4
    13.5349 0.5 2
  13.878 1 + 2
    13.6809 0.5 2
    13.878 0.5 0
  14.04 5 + 2
    13.8429 0.5 2
    14.04 0.5 0
  14.1 3 - 2
    13.9029 0.5 2
    14.1 0.5 0
  14.147 1 + 2
    13.9499 0.5 2
    14.147 0.5 0
  14.24 5 - 2
    12.8943 0.5 3
    14.1301 0.5 1
  14.255 3 + 2
    12.9093 0.5 3
    14.1451 0.5 1
  14.33 3 - 2
    14.1329 0.5 2
    14.33 0.5 0
  14.352 1 + 2
    14.1549 0.5 2
    14.352 0.5 0
  14.46 3 + 2
    13.1143 0.5 3
    14.3501 0.5 1
  14.58 5 + 2
    14.3829 0.5 2
    14.58 0.5 0
  14.7 3 - 2
    14.5029 0.5 2
    14.7 0.5 0
  14.72 1 - 2
    13.3743 0.5 3
    14.6101 0.5 1
  14.74 1 + 2
    14.5429 0.5 2
    14.74 0.5 0
  14.78 5 + 2
    14.5829 0.5 2
    14.78 0.5 0
  14.92 7 - 2
    13.4613 0.5 4
    14.7229 0.5 2
  15 5 - 2
    13.6543 0.5 3
    14.8901 0.5 1
  15.36 1 - 2
    14.0143 0.5 3
    15.2501 0.5 1
  15.4 5 + 2
    15.2029 0.5 2
    15.4 0.5 0
  15.56 3 - 2
    15.3629 0.5 2
    15.56 0.5 0
  15.77 3 - 2
    15.5729 0.5 2
    15.77 0.5 0
  16.09 3 + 2
    14.7443 0.5 3
    15.9801 0.5 1
  16.2 3 + 2
    14.8543 0.5 3
    16.0901 0.5 1
  16.23 7 - 2
    14.7713 0.5 4
    16.0329 0.5 2
  16.28 3 - 2
    16.0829 0.5 2
    16.28 0.5 0
  16.45 5 + 2
    16.2529 0.5 2
    16.45 0.5 0
  16.8 5 + 2
    16.6029 0.5 2
    16.8 0.5 0
  17.05 3 - 2
    16.8529 0.5 2
    17.05 0.5 0
  17.16 7 - 2
    15.7013 0.5 4
    16.9629 0.5 2
  17.45 3 - 2
    17.2529 0.5 2
    17.45 0.5 0
  17.65 7 - 2
    16.1913 0.5 4
    17.4529 0.5 2
  17.93 3 - 2
    17.7329 0.5 2
    17.93 0.5 0
  18.03 7 - 2
    16.5713 0.5 4
    17.8329 0.5 2
  18.92 5 + 2
    18.7229 0.5 2
    18.92 0.5 0
  19.07 3 - 2
    18.8729 0.5 2
    19.07 0.5 0
  19.83 5 - 2
    18.4843 0.5 3
    19.7201 0.5 1
  19.89 3 - 2
    19.6929 0.5 2
    19.89 0.5 0
  20.81 1 - 2
    19.4643 0.5 3
    20.7001 0.5 1
  20.93 3 - 2
    20.7329 0.5 2
    20.93 0.5 0
  21.05 7 - 2
    19.5913 0.5 4
    20.8529 0.5 2

9 20 153
  0 4 + 0
  0.65602 6 + 1
    0.65602 1 0
  0.82273 8 + 2
    0.16671 0.668 1
    0.82273 0.332 0
  0.98359 2 - 1
    0.98359 1 0
  1.05685 2 + 1
    1.05685 1 0
  1.30919 4 - 4
    0.25234 0.01 4
    0.3256 0.049 3
    0.65317 0.024 1
    1.30919 0.917 0
  1.8238 10 + 1
    1.00107 1 2
  1.8438 4 - 3
    0.53461 0.01902 5
    1.18778 0.067071 1
    1.8438 0.913909 0
  1.97083 6 - 4
    0.66164 0.296702 5
    0.98724 0.007992 3
    1.1481 0.518504 2
    1.97083 0.176801 0
  2.04398 4 + 3
    0.73479 0.007 5
    1.38796 0.918 1
    2.04398 0.075 0
  2.1943 6 + 3
    0.88511 0.018 5
    1.37157 0.512 2
    2.1943 0.47 0
  2.86486 6 - 8
    0.67056 0.07 10
    0.82088 0.12 9
    0.89403 0.07 8
    1.02106 0.07 7
    1.55567 0.12 5
    2.04213 0.12 2
    2.20884 0.05 1
    2.86486 0.38 0
  2.96611 6 + 4
    0.77181 0.024 10
    2.14338 0.583 2
    2.31009 0.122 1
    2.96611 0.271 0
  2.968 8 - 2
    0.99717 0.61 8
    2.14527 0.39 2
  3.17169 2 + 1
    2.1881 1 3
  3.48841 2 + 5
    1.64461 0.073928 7
    2.17922 0.091907 5
    2.43156 0.070928 4
    2.50482 0.037959 3
    3.48841 0.725278 0
  3.52631 0 + 1
    2.46946 1 4
  3.58654 2 + 8
    0.62043 0.025969 12
    1.39224 0.087907 10
    1.54256 0.31069 9
    1.74274 0.006993 7
    2.52969 0.101897 4
    2.60295 0.039959 3
    2.93052 0.097897 1
    3.58654 0.328689 0
  3.5898 2 - 3
    1.54582 0.061 9
    2.93378 0.107 1
    3.5898 0.832 0
  3.669 0 - 2
    2.35981 0.5 5
    2.61215 0.5 4
  3.68017 2 - 5
    1.83637 0.086 7
    2.37098 0.043 5
    2.62332 0.235 4
    3.02415 0.171 1
    3.68017 0.465 0
  3.761 4 - 2
    2.70415 0.5 4
    3.10498 0.5 1
  3.96507 2 + 4
    0.79338 0.050509 14
    2.12127 0.100999 7
    2.65588 0.585894 5
    2.98148 0.262597 3
  4.08217 2 + 4
    2.03819 0.099 9
    3.02532 0.5 4
    3.09858 0.046 3
    4.08217 0.355 0
  4.1993 4 - 2
    3.14245 0.5 4
    3.54328 0.5 1
  4.2081 0 - 2
    2.89891 0.5 5
    3.15125 0.5 4
  4.27709 4 + 3
    2.23311 0.1919 9
    3.22024 0.5657 4
    3.2935 0.2424 3
  4.312 0 + 2
    3.32841 0.5 3
    4.312 0.5 0
  4.37147 4 + 2
    0.6913 0.06 20
    3.38788 0.94 3
  4.509 2 + 1
    3.85298 1 1
  4.518 4 - 2
    3.46115 0.5 4
    3.86198 0.5 1
  4.5846 0 - 2
    3.27541 0.5 5
    3.52775 0.5 4
  4.59172 0 - 2
    3.53487 0.4 4
    3.60813 0.6 3
  4.722 4 - 2
    3.66515 0.5 4
    4.06598 0.5 1
  4.7312 8 - 2
    3.42201 0.5 5
    4.07518 0.5 1
  4.744 2 - 2
    3.76041 0.5 3
    4.744 0.5 0
  4.7648 6 + 2
    3.70795 0.5 4
    4.10878 0.5 1
  4.89276 4 + 3
    1.30622 0.45 17
    2.69846 0.2 10
    4.07003 0.35 2
  4.8994 2 - 2
    3.91581 0.5 3
    4.8994 0.5 0
  5.0415 4 - 2
    3.98465 0.5 4
    4.38548 0.5 1
  5.0668 6 + 2
    4.00995 0.5 4
    4.41078 0.5 1
  5.13 4 - 2
    4.07315 0.5 4
    4.47398 0.5 1
  5.2261 2 - 2
    4.24251 0.5 3
    5.2261 0.5 0
  5.255 2 + 2
    4.19815 0.5 4
    4.59898 0.5 1
  5.28279 6 + 2
    4.22594 0.43 4
    5.28279 0.57 0
  5.31917 2 + 5
    3.47537 0.059409 7
    4.00998 0.118799 5
    4.26232 0.0396 4
    4.33558 0.554494 3
    5.31917 0.227698 0
  5.3461 0 - 2
    4.03691 0.5 5
    4.28925 0.5 4
  5.352 4 - 2
    4.29515 0.5 4
    4.69598 0.5 1
  5.407 2 + 2
    4.35015 0.5 4
    4.75098 0.5 1
  5.4521 12 - 2
    2.4841 0.5 13
    3.6283 0.5 6
  5.4572 4 + 2
    4.63447 0.5 2
    5.4572 0.5 0
  5.46589 4 + 1
    2.60103 1 11
  5.55534 2 + 5
    2.69048 0.035 11
    3.71154 0.071 7
    4.24615 0.547 5
    4.89932 0.041 1
    5.55534 0.306 0
  5.574 0 - 2
    4.26481 0.5 5
    4.51715 0.5 4
  5.588 6 - 2
    4.76527 0.5 2
    5.588 0.5 0
  5.62313 2 + 4
    3.57915 0.158416 9
    4.31394 0.306931 5
    4.63954 0.39604 3
    5.62313 0.138614 0
  5.645 8 - 2
    4.33581 0.5 5
    4.98898 0.5 1
  5.661 4 - 2
    4.60415 0.5 4
    5.00498 0.5 1
  5.71 2 + 2
    4.65315 0.5 4
    5.05398 0.5 1
  5.725 6 - 2
    4.90227 0.5 2
    5.725 0.5 0
  5.7649 6 + 2
    4.70805 0.5 4
    5.10888 0.5 1
  5.795 0 - 2
    4.48581 0.5 5
    4.73815 0.5 4
  5.8101 2 + 2
    4.75325 0.5 4
    5.15408 0.5 1
  5.93613 4 - 17
    1.85396 0.008906 23
    1.97106 0.006805 22
    2.25596 0.05934 20
    2.34633 0.01431 18
    2.34959 0.02111 17
    2.44772 0.09617 15
    2.97002 0.01091 12
    3.07127 0.01361 11
    3.74183 0.03953 10
    3.89215 0.01231 9
    3.9653 0.3002 8
    4.09233 0.01161 7
    4.62694 0.005504 5
    4.87928 0.006104 4
    4.95254 0.04023 3
    5.28011 0.2872 1
    5.93613 0.06615 0
  5.9391 4 + 5
    2.35256 0.191919 17
    3.89512 0.131313 9
    4.0953 0.313131 7
    4.95551 0.242424 3
    5.9391 0.121212 0
  5.951 2 - 2
    4.96741 0.5 3
    5.951 0.5 0
  6.007 0 + 2
    5.02341 0.5 3
    6.007 0.5 0
  6.01778 4 - 17
    1.93561 0.0202 23
    2.05271 0.0014 22
    2.33761 0.0039 20
    2.42798 0.0526 18
    2.43124 0.0969 17
    2.52937 0.16 15
    3.05167 0.0822 12
    3.15292 0.0039 11
    3.82348 0.0293 10
    3.9738 0.0066 9
    4.04695 0.01 8
    4.17398 0.0462 7
    4.70859 0.0144 5
    4.96093 0.0075 4
    5.03419 0.172 3
    5.36176 0.0329 1
    6.01778 0.26 0
  6.04498 0 + 5
    2.07991 0.056 22
    2.45844 0.031 17
    2.55657 0.082 15
    4.20118 0.554 7
    4.73579 0.277 5
  6.065 2 - 2
    5.08141 0.5 3
    6.065 0.5 0
  6.079 2 + 2
    5.02215 0.5 4
    5.42298 0.5 1
  6.095 4 - 2
    5.03815 0.5 4
    5.43898 0.5 1
  6.111 6 + 2
    5.05415 0.5 4
    5.45498 0.5 1
  6.136 8 - 2
    4.82681 0.5 5
    5.47998 0.5 1
  6.154 2 + 2
    5.09715 0.5 4
    5.49798 0.5 1
  6.189 4 - 2
    5.13215 0.5 4
    5.53298 0.5 1
  6.213 2 + 2
    5.15615 0.5 4
    5.55698 0.5 1
  6.251 6 - 2
    5.42827 0.5 2
    6.251 0.5 0
  6.287 4 + 2
    5.46427 0.5 2
    6.287 0.5 0
  6.2991 0 - 2
    4.98991 0.5 5
    5.24225 0.5 4
  6.335 2 + 2
    5.27815 0.5 4
    5.67898 0.5 1
  6.355 4 - 2
    5.29815 0.5 4
    5.69898 0.5 1
  6.391 10 + 2
    4.5672 0.5 6
    5.73498 0.5 1
  6.413 2 - 2
    5.42941 0.5 3
    6.413 0.5 0
  6.444 6 + 2
    5.38715 0.5 4
    5.78798 0.5 1
  6.458 4 - 2
    5.40115 0.5 4
    5.80198 0.5 1
  6.481 2 + 2
    5.42415 0.5 4
    5.82498 0.5 1
  6.509 0 - 2
    5.19981 0.5 5
    5.45215 0.5 4
  6.519 0 + 2
    5.53541 0.5 3
    6.519 0.5 0
  6.578 4 - 2
    5.52115 0.5 4
    5.92198 0.5 1
  6.627 4 - 9
    2.54483 0.019519 23
    3.10069 0.074359 16
    3.13859 0.02789 15
    4.58302 0.013941 9
    4.65617 0.427575 8
    4.7832 0.074359 7
    5.31781 0.288013 5
    5.97098 0.055758 1
    6.627 0.018587 0
  6.6426 6 - 3
    3.67649 0.35 12
    5.81987 0.23 2
    5.98658 0.42 1
  6.6475 2 - 4
    3.15909 0.14 15
    4.60352 0.59 9
    5.59065 0.09 4
    5.66391 0.18 3
  6.6934 2 - 2
    5.70981 0.5 3
    6.6934 0.5 0
  6.7661 8 + 2
    5.94337 0.5 2
    6.7661 0.5 0
  6.825 4 + 2
    6.00227 0.5 2
    6.825 0.5 0
  6.8567 4 + 2
    6.03397 0.5 2
    6.8567 0.5 0
  6.905 2 + 2
    5.84815 0.5 4
    6.24898 0.5 1
  6.936 6 + 2
    5.87915 0.5 4
    6.27998 0.5 1
  6.9678 2 - 2
    5.98421 0.5 3
    6.9678 0.5 0
  7.067 0 - 2
    5.75781 0.5 5
    6.01015 0.5 4
  7.08 2 + 2
    6.02315 0.5 4
    6.42398 0.5 1
  7.166 4 + 2
    6.34327 0.5 2
    7.166 0.5 0
  7.232 6 - 2
    6.40927 0.5 2
    7.232 0.5 0
  7.283 2 + 2
    6.22615 0.5 4
    6.62698 0.5 1
  7.319 2 + 2
    6.26215 0.5 4
    6.66298 0.5 1
  7.37 2 + 2
    6.31315 0.5 4
    6.71398 0.5 1
  7.42 4 + 2
    6.59727 0.5 2
    7.42 0.5 0
  7.495 4 - 2
    6.43815 0.5 4
    6.83898 0.5 1
  7.655 4 + 2
    6.83227 0.5 2
    7.655 0.5 0
  7.734 0 - 2
    6.42481 0.5 5
    6.67715 0.5 4
  7.843 2 - 2
    6.85941 0.5 3
    7.843 0.5 0
  7.985 2 - 2
    7.00141 0.5 3
    7.985 0.5 0
  8.05 4 + 2
    7.22727 0.5 2
    8.05 0.5 0
  8.062 6 - 2
    7.23927 0.5 2
    8.062 0.5 0
  8.113 8 - 2
    6.80381 0.5 5
    7.45698 0.5 1
  8.147 0 + 2
    7.16341 0.5 3
    8.147 0.5 0
  8.268 6 - 2
    7.44527 0.5 2
    8.268 0.5 0
  8.349 4 + 2
    7.52627 0.5 2
    8.349 0.5 0
  8.421 6 - 2
    7.59827 0.5 2
    8.421 0.5 0
  8.5 2 + 2
    7.44315 0.5 4
    7.84398 0.5 1
  8.72 0 - 2
    7.41081 0.5 5
    7.66315 0.5 4
  8.77 4 + 2
    7.94727 0.5 2
    8.77 0.5 0
  8.94 2 - 2
    7.95641 0.5 3
    8.94 0.5 0
  9.01 8 + 2
    8.18727 0.5 2
    9.01 0.5 0
  9.2 4 - 2
    8.14315 0.5 4
    8.54398 0.5 1
  9.52 2 + 2
    8.46315 0.5 4
    8.86398 0.5 1
  9.65 6 - 2
    8.82727 0.5 2
    9.65 0.5 0
  9.83 0 + 2
    8.84641 0.5 3
    9.83 0.5 0
  9.85 4 - 2
    8.79315 0.5 4
    9.19398 0.5 1
  9.886 2 + 2
    8.82915 0.5 4
    9.22998 0.5 1
  9.9 6 - 2
    9.07727 0.5 2
    9.9 0.5 0
  9.929 2 + 2
    8.87215 0.5 4
    9.27298 0.5 1
  9.981 4 - 2
    8.92415 0.5 4
    9.32498 0.5 1
  10.024 0 + 2
    9.04041 0.5 3
    10.024 0.5 0
  10.1 2 - 2
    9.11641 0.5 3
    10.1 0.5 0
  10.228 4 + 2
    9.40527 0.5 2
    10.228 0.5 0
  10.48 8 - 2
    9.17081 0.5 5
    9.82398 0.5 1
  10.641 2 + 2
    9.58415 0.5 4
    9.98498 0.5 1
  10.807 6 - 2
    9.98427 0.5 2
    10.807 0.5 0
  10.99 4 + 2
    10.1673 0.5 2
    10.99 0.5 0
  11.045 0 - 2
    9.73581 0.5 5
    9.98815 0.5 4
  11.13 2 + 2
    10.0732 0.5 4
    10.474 0.5 1
  11.244 4 - 2
    10.1871 0.5 4
    10.588 0.5 1
  11.287 6 + 2
    10.2302 0.5 4
    10.631 0.5 1
  11.49 2 - 2
    10.5064 0.5 3
    11.49 0.5 0
  12 4 + 2
    11.1773 0.5 2
    12 0.5 0
  12.2 0 - 2
    10.8908 0.5 5
    11.1432 0.5 4
  12.4 2 + 2
    11.3432 0.5 4
    11.744 0.5 1
  12.7 4 - 2
    11.6432 0.5 4
    12.044 0.5 1
  13.2 6 + 2
    12.1432 0.5 4
    12.544 0.5 1
  13.7 2 - 2
    12.7164 0.5 3
    13.7 0.5 0
  14 10 + 2
    12.1762 0.5 6
    13.344 0.5 1

9 21 37
  0 5 + 0
  0.27993 1 + 1
    0.27993 1 0
  1.1009 1 - 1
    0.82097 1 1
  1.7304 3 + 2
    1.45047 0.1803 1
    1.7304 0.8197 0
  1.75483 9 + 1
    1.75483 1 0
  2.0398 3 - 2
    1.75987 0.2424 1
    2.0398 0.7576 0
  2.071 1 + 1
    2.071 1 0
  2.41 1 - 2
    0.6796 0.5 3
    1.3091 0.5 2
  3.45964 3 + 3
    1.72924 0.3305 3
    3.17971 0.4292 1
    3.45964 0.2403 0
  3.51767 3 + 2
    1.78727 0.4792 3
    3.51767 0.5208 0
  3.63895 3 + 1
    1.88412 1 4
  3.966 3 + 1
    2.2356 1 3
  3.996 5 - 2
    2.2656 0.5 3
    2.8951 0.5 2
  4.064 7 - 2
    2.30917 0.5 4
    4.064 0.5 0
  4.172 3 + 2
    2.4416 0.5 3
    3.0711 0.5 2
  4.451 5 - 2
    2.7206 0.5 3
    3.3501 0.5 2
  4.57238 3 + 2
    0.93343 0.5495 10
    4.57238 0.4505 0
  4.584 3 + 1
    4.584 1 0
  4.669 5 - 2
    2.9386 0.5 3
    3.5681 0.5 2
  4.924 7 - 2
    3.16917 0.5 4
    4.924 0.5 0
  5.029 3 - 2
    4.74907 0.5 1
    5.029 0.5 0
  5.079 3 + 2
    3.3486 0.5 3
    3.9781 0.5 2
  5.35 1 - 2
    3.6196 0.5 3
    4.2491 0.5 2
  5.486 5 - 2
    3.7556 0.5 3
    4.3851 0.5 2
  5.566 1 - 2
    3.8356 0.5 3
    4.4651 0.5 2
  5.592 5 + 2
    5.31207 0.5 1
    5.592 0.5 0
  5.787 7 - 2
    4.03217 0.5 4
    5.787 0.5 0
  5.881 1 - 2
    4.1506 0.5 3
    4.7801 0.5 2
  6.59 5 + 2
    6.31007 0.5 1
    6.59 0.5 0
  7.19 11 - 2
    3.126 0.5 13
    5.43517 0.5 4
  7.47 3 - 2
    7.19007 0.5 1
    7.47 0.5 0
  7.74 1 + 2
    7.46007 0.5 1
    7.74 0.5 0
  8.09 7 + 2
    4.63036 0.5 8
    6.3596 0.5 3
  8.17 5 - 2
    6.4396 0.5 3
    7.0691 0.5 2
  8.56 1 + 2
    8.28007 0.5 1
    8.56 0.5 0
  8.82 9 - 2
    4.369 0.5 15
    4.824 0.5 12
  9.43 5 + 2
    9.15007 0.5 1
    9.43 0.5 0

9 22 22
  0 8 + 0
  0.0716 0 + 1
    0.0716 1 0
  0.31 4 + 2
    0.2384 0.5 1
    0.31 0.5 0
  0.709 6 + 2
    0.6374 0.885 1
    0.709 0.115 0
  1.42 10 + 1
    0.711 1 3
  1.6276 2 + 1
    0.9186 1 3
  2.015 4 + 2
    1.9434 0.5 1
    2.015 0.5 0
  2.5722 2 + 1
    1.8632 1 3
  2.99 2 + 2
    1.3624 0.5 5
    2.281 0.5 3
  3.17 6 - 2
    2.86 0.5 2
    3.17 0.5 0
  3.38 8 + 2
    3.07 0.5 2
    3.38 0.5 0
  3.59 4 - 2
    1.9624 0.5 5
    2.881 0.5 3
  3.98 0 - 2
    1.4078 0.5 7
    2.3524 0.5 5
  4.2 2 - 2
    3.89 0.5 2
    4.1284 0.5 1
  4.365 4 - 2
    2.7374 0.5 5
    3.656 0.5 3
  4.63 2 - 2
    4.32 0.5 2
    4.5584 0.5 1
  4.78 6 - 2
    4.47 0.5 2
    4.78 0.5 0
  4.885 4 - 2
    3.2574 0.5 5
    4.176 0.5 3
  5.235 0 - 2
    2.6628 0.5 7
    3.6074 0.5 5
  5.59 2 - 2
    5.28 0.5 2
    5.5184 0.5 1
  5.75 4 + 2
    5.6784 0.5 1
    5.75 0.5 0
  6.595 6 - 2
    6.285 0.5 2
    6.595 0.5 0

9 23 18
  0 5 + 0
  2.383 1 + 1
    2.383 1 0
  2.92 3 + 1
    2.92 1 0
  3.385 7 + 1
    3.385 1 0
  3.833 9 + 1
    0.913 1 2
  3.887 3 + 1
    3.887 1 0
  3.986 1 + 1
    1.603 1 1
  4.061 5 + 1
    4.061 1 0
  4.63 3 + 1
    1.245 1 3
  4.757 11 - 1
    4.757 1 0
  4.932 1 - 1
    2.012 1 2
  5 5 - 2
    1.615 0.5 3
    2.08 0.5 2
  5.545 3 - 1
    1.712 1 4
  5.564 7 - 1
    2.644 1 2
  6.25 1 - 2
    2.363 0.5 5
    3.33 0.5 2
  6.362 3 - 1
    3.442 1 2
  6.873 5 - 1
    3.953 1 2
  8.18 3 - 2
    5.797 0.5 1
    8.18 0.5 0

9 24 3
  0 6 + 0
  0.5215 0 + 1
    0.5215 1 0
  1.8313 2 + 2
    1.3098 0.2958 1
    1.8313 0.7042 0

9 25 5
  0 5 + 0
  3.3 9 + 1
    3.3 1 0
  3.7 7 + 1
    3.7 1 0
  4.43 3 + 1
    0.73 1 2
  5.45 1 + 2
    1.02 0.5 3
    1.75 0.5 2

9 26 2
  0 2 + 0
  0.665 4 + 1
    0.665 1 0

9 27 2
  0 5 + 0
  0.777 1 + 1
    0.777 1 0

9 28 1
  0 2 + 0

9 29 1
  0 5 + 0

9 30 1
  0 2 - 0

9 31 1
  0 1 + 0

