26 45 1
  0 3 + 0

26 46 1
  0 0 + 0

26 47 1
  0 7 - 0

26 48 1
  0 0 + 0

26 49 3
  0 7 - 0
  0.09 1 - 1
    0.09 1 0
  0.153 3 - 1
    0.063 1 1

26 50 9
  0 0 + 0
  0.7649 4 + 1
    0.7649 1 0
  1.8515 8 + 1
    1.0866 1 1
  3.1593 12 + 1
    1.3078 1 2
  3.3972 8 + 1
    1.5457 1 2
  4.7864 16 + 1
    1.6271 1 3
  6.3674 20 + 1
    1.581 1 5
  6.9944 22 + 1
    0.627 1 6
  8.463 12 + 2
    5.3037 0.5 3
    6.6115 0.5 2

26 51 24
  0 5 - 0
  0.2535 7 - 1
    0.2535 1 0
  1.1465 9 - 2
    0.893 0.8937 1
    1.1465 0.1063 0
  1.218 3 - 1
    0.9645 1 1
  1.5165 11 - 2
    0.37 0.3058 2
    1.263 0.6942 1
  1.866 1 - 1
    1.866 1 0
  2.063 3 + 2
    0.197 0.5 5
    2.063 0.5 0
  2.489 1 + 1
    1.271 1 3
  2.9534 13 - 2
    1.4369 0.6061 4
    1.8069 0.3939 2
  3.013 5 + 2
    1.795 0.5 3
    2.7595 0.5 1
  3.127 7 + 2
    1.9805 0.5 2
    3.127 0.5 0
  3.2757 15 - 2
    0.3223 0.1001 8
    1.7592 0.8999 4
  3.31 3 + 2
    1.444 0.5 5
    3.31 0.5 0
  3.5897 17 - 2
    0.314 0.4768 11
    0.6363 0.5232 8
  3.964 5 + 2
    2.746 0.5 3
    3.7105 0.5 1
  4.0979 19 - 1
    0.5082 1 13
  4.456 3 + 2
    2.59 0.5 5
    4.456 0.5 0
  5.608 21 - 1
    1.5101 1 15
  6.492 23 - 2
    0.884 0.8065 17
    2.3941 0.1935 15
  7.269 27 - 1
    0.777001 1 18
  7.933 25 - 2
    0.664 0.3056 19
    1.441 0.6944 18
  11.468 29 - 1
    4.199 1 19
  11.712 29 - 1
    4.443 1 19
  12.65 31 - 1
    5.381 1 19

26 52 102
  0 0 + 0
  0.84945 4 + 1
    0.84945 1 0
  2.38455 8 + 1
    1.5351 1 1
  2.7588 4 + 2
    1.90935 0.2424 1
    2.7588 0.7576 0
  3.585 8 + 1
    2.73555 1 1
  4.1456 0 + 1
    3.29615 1 1
  4.3255 12 + 1
    1.94095 1 2
  4.3963 6 - 1
    3.54685 1 1
  4.456 4 + 2
    3.60655 0.5 1
    4.456 0.5 0
  4.8506 2 - 1
    2.46605 1 2
  4.8722 12 + 2
    1.2872 0.187 4
    2.48765 0.813 2
  4.896 2 - 2
    4.04655 0.5 1
    4.896 0.5 0
  5.1374 10 - 5
    0.7411 0.112905 7
    1.5524 0.020161 4
    2.3786 0.161306 3
    2.75285 0.302412 2
    4.28795 0.403216 1
  5.328 8 + 2
    2.94345 0.5 2
    4.47855 0.5 1
  5.363 0 + 2
    4.51355 0.5 1
    5.363 0.5 0
  5.439 6 - 2
    3.05445 0.5 2
    4.58955 0.5 1
  5.483 8 + 2
    3.09845 0.5 2
    4.63355 0.5 1
  5.529 8 + 2
    3.14445 0.5 2
    4.67955 0.5 1
  5.563 6 - 2
    3.17845 0.5 2
    4.71355 0.5 1
  5.6545 12 + 1
    1.329 1 6
  5.718 0 + 2
    4.86855 0.5 1
    5.718 0.5 0
  5.792 2 - 2
    4.94255 0.5 1
    5.792 0.5 0
  5.829 4 + 2
    4.97955 0.5 1
    5.829 0.5 0
  5.965 8 + 2
    3.58045 0.5 2
    5.11555 0.5 1
  6.034 4 + 2
    5.18455 0.5 1
    6.034 0.5 0
  6.044 4 + 2
    5.19455 0.5 1
    6.044 0.5 0
  6.174 12 + 2
    2.589 0.5 4
    3.78945 0.5 2
  6.231 2 - 2
    5.38155 0.5 1
    6.231 0.5 0
  6.3607 16 + 1
    2.0352 1 6
  6.416 8 + 2
    4.03145 0.5 2
    5.56655 0.5 1
  6.454 6 - 2
    4.06945 0.5 2
    5.60455 0.5 1
  6.483 4 + 2
    5.63355 0.5 1
    6.483 0.5 0
  6.4931 16 + 2
    1.6209 0.4048 10
    2.1676 0.5952 6
  6.531 6 - 2
    4.14645 0.5 2
    5.68155 0.5 1
  6.564 2 - 2
    5.71455 0.5 1
    6.564 0.5 0
  6.634 0 + 2
    5.78455 0.5 1
    6.634 0.5 0
  6.714 4 + 2
    5.86455 0.5 1
    6.714 0.5 0
  6.744 2 - 2
    5.89455 0.5 1
    6.744 0.5 0
  6.772 4 + 2
    5.92255 0.5 1
    6.772 0.5 0
  6.882 2 - 2
    6.03255 0.5 1
    6.882 0.5 0
  6.927 0 + 2
    6.07755 0.5 1
    6.927 0.5 0
  6.958 24 + 2
    0.464899 0.4312 32
    0.597299 0.5688 28
  7.013 6 - 2
    4.62845 0.5 2
    6.16355 0.5 1
  7.124 8 + 2
    4.73945 0.5 2
    6.27455 0.5 1
  7.261 12 + 2
    3.676 0.5 4
    4.87645 0.5 2
  7.289 6 - 2
    4.90445 0.5 2
    6.43955 0.5 1
  7.338 2 - 2
    6.48855 0.5 1
    7.338 0.5 0
  7.3819 20 + 2
    0.888799 0.4681 32
    1.0212 0.5319 28
  7.463 4 + 2
    6.61355 0.5 1
    7.463 0.5 0
  7.51 6 - 2
    5.12545 0.5 2
    6.66055 0.5 1
  7.611 12 + 2
    4.026 0.5 4
    5.22645 0.5 2
  7.636 8 + 2
    5.25145 0.5 2
    6.78655 0.5 1
  7.787 2 - 2
    6.93755 0.5 1
    7.787 0.5 0
  7.817 4 - 1
    7.817 1 0
  7.935 4 + 2
    7.08555 0.5 1
    7.935 0.5 0
  8.037 0 + 2
    7.18755 0.5 1
    8.037 0.5 0
  8.067 6 - 2
    5.68245 0.5 2
    7.21755 0.5 1
  8.097 2 - 2
    7.24755 0.5 1
    8.097 0.5 0
  8.122 2 - 2
    7.27255 0.5 1
    8.122 0.5 0
  8.146 6 - 2
    5.76145 0.5 2
    7.29655 0.5 1
  8.184 4 - 1
    0.367 1 53
  8.207 6 - 2
    5.82245 0.5 2
    7.35755 0.5 1
  8.24 4 - 2
    0.056001 0.5 60
    0.423001 0.5 53
  8.327 6 - 2
    5.94245 0.5 2
    7.47755 0.5 1
  8.354 4 + 2
    7.50455 0.5 1
    8.354 0.5 0
  8.401 4 + 2
    7.55155 0.5 1
    8.401 0.5 0
  8.425 2 - 2
    7.57555 0.5 1
    8.425 0.5 0
  8.461 10 - 2
    4.876 0.5 4
    6.07645 0.5 2
  8.511 8 + 2
    6.12645 0.5 2
    7.66155 0.5 1
  8.535 8 + 2
    6.15045 0.5 2
    7.68555 0.5 1
  8.561 0 + 2
    7.71155 0.5 1
    8.561 0.5 0
  8.618 2 - 2
    7.76855 0.5 1
    8.618 0.5 0
  8.661 8 + 2
    6.27645 0.5 2
    7.81155 0.5 1
  8.677 2 - 2
    7.82755 0.5 1
    8.677 0.5 0
  8.727 6 - 2
    6.34245 0.5 2
    7.87755 0.5 1
  8.748 8 + 2
    6.36345 0.5 2
    7.89855 0.5 1
  8.77 6 - 2
    6.38545 0.5 2
    7.92055 0.5 1
  8.832 4 - 2
    0.648001 0.5 60
    1.015 0.5 53
  8.872 2 - 2
    8.02255 0.5 1
    8.872 0.5 0
  8.9 4 + 2
    8.05055 0.5 1
    8.9 0.5 0
  8.936 2 - 2
    8.08655 0.5 1
    8.936 0.5 0
  8.962 12 + 2
    5.377 0.5 4
    6.57745 0.5 2
  8.985 4 - 2
    0.801001 0.5 60
    1.168 0.5 53
  9.044 6 - 2
    6.65945 0.5 2
    8.19455 0.5 1
  9.059 10 - 2
    5.474 0.5 4
    6.67445 0.5 2
  9.13 2 - 2
    8.28055 0.5 1
    9.13 0.5 0
  9.213 4 - 2
    1.029 0.5 60
    1.396 0.5 53
  9.279 8 + 2
    6.89445 0.5 2
    8.42955 0.5 1
  9.311 6 - 2
    6.92645 0.5 2
    8.46155 0.5 1
  9.338 2 - 2
    8.48855 0.5 1
    9.338 0.5 0
  9.357 4 - 2
    1.173 0.5 60
    1.54 0.5 53
  9.458 6 - 2
    7.07345 0.5 2
    8.60855 0.5 1
  9.497 4 - 2
    1.313 0.5 60
    1.68 0.5 53
  9.77 2 - 2
    8.92055 0.5 1
    9.77 0.5 0
  10.006 4 + 2
    9.15655 0.5 1
    10.006 0.5 0
  10.049 10 - 2
    6.464 0.5 4
    7.66445 0.5 2
  10.332 0 + 2
    9.48255 0.5 1
    10.332 0.5 0
  10.81 6 - 2
    8.42545 0.5 2
    9.96055 0.5 1
  10.99 0 + 2
    10.1406 0.5 1
    10.99 0.5 0
  11.44 2 - 2
    10.5906 0.5 1
    11.44 0.5 0
  11.64 4 + 2
    10.7905 0.5 1
    11.64 0.5 0
  11.78 4 + 2
    10.9306 0.5 1
    11.78 0.5 0

26 53 109
  0 7 - 0
  0.74111 3 - 1
    0.74111 1 0
  0.77442 1 - 1
    0.03331 1 1
  1.32801 9 - 1
    1.32801 1 0
  1.4235 5 - 2
    0.64908 0.2064 2
    0.68239 0.7936 1
  1.69632 7 - 3
    0.27282 0.070961 4
    0.95521 0.884809 1
    1.69632 0.04423 0
  1.896 3 - 2
    1.15489 0.5 1
    1.896 0.5 0
  2.0426 3 - 1
    2.0426 1 0
  2.315 1 + 2
    0.419 0.5 6
    1.57389 0.5 1
  2.33924 11 - 2
    1.01123 0.8696 3
    2.33924 0.1304 0
  2.405 5 - 2
    1.07699 0.5 3
    1.63058 0.5 2
  2.479 3 - 1
    1.73789 1 1
  2.5573 9 - 3
    0.86098 0.2012 5
    1.1338 0.6098 4
    2.5573 0.189 0
  2.68 3 + 2
    1.2565 0.5 4
    1.90558 0.5 2
  2.829 3 - 1
    2.829 1 0
  2.8428 11 - 3
    0.50356 0.1201 9
    1.51479 0.08 3
    2.8428 0.7999 0
  2.8448 7 - 1
    2.8448 1 0
  2.892 5 + 2
    2.15089 0.5 1
    2.892 0.5 0
  2.915 7 - 2
    2.17389 0.5 1
    2.915 0.5 0
  2.926 1 + 2
    1.03 0.5 6
    2.18489 0.5 1
  2.944 1 - 2
    1.5205 0.5 4
    2.16958 0.5 2
  2.9669 1 + 1
    2.22579 1 1
  3.0404 19 - 3
    0.70116 0.986619 9
    1.71239 0.01279 3
    3.0404 0.00059 0
  3.1759 13 - 2
    0.83666 0.8929 9
    1.84789 0.1071 3
  3.3119 11 - 2
    0.7546 0.1804 12
    1.61558 0.8196 5
  3.333 7 - 2
    2.59189 0.5 1
    3.333 0.5 0
  3.399 3 + 2
    1.9755 0.5 4
    2.62458 0.5 2
  3.4627 15 - 2
    0.2868 0.8134 23
    1.12346 0.1866 9
  3.567 7 - 2
    2.82589 0.5 1
    3.567 0.5 0
  3.697 5 + 2
    2.95589 0.5 1
    3.697 0.5 0
  3.774 13 - 3
    0.9312 0.432943 15
    1.43476 0.138514 9
    2.44599 0.428543 3
  3.776 5 + 2
    3.03489 0.5 1
    3.776 0.5 0
  3.803 5 + 2
    3.06189 0.5 1
    3.803 0.5 0
  3.852 5 + 2
    3.11089 0.5 1
    3.852 0.5 0
  3.892 3 + 2
    2.4685 0.5 4
    3.11758 0.5 2
  4.0054 17 - 2
    0.5427 0.4536 27
    0.965 0.5464 22
  4.149 5 + 2
    3.40789 0.5 1
    4.149 0.5 0
  4.17 9 + 2
    2.47368 0.5 5
    4.17 0.5 0
  4.25 7 - 2
    3.50889 0.5 1
    4.25 0.5 0
  4.253 13 - 2
    1.6957 0.5917 12
    1.91376 0.4083 9
  4.451 3 + 2
    3.0275 0.5 4
    3.67658 0.5 2
  4.555 15 - 6
    0.781 0.398496 30
    1.0923 0.139399 27
    1.2431 0.02789 24
    1.3791 0.067719 23
    1.7122 0.127499 15
    2.21576 0.238998 9
  4.557 5 + 2
    3.81589 0.5 1
    4.557 0.5 0
  4.575 1 + 2
    2.679 0.5 6
    3.83389 0.5 1
  4.604 3 + 2
    3.1805 0.5 4
    3.82958 0.5 2
  4.637 5 + 2
    3.89589 0.5 1
    4.637 0.5 0
  4.671 1 + 2
    2.775 0.5 6
    3.92989 0.5 1
  4.698 3 + 2
    3.2745 0.5 4
    3.92358 0.5 2
  4.764 5 + 2
    4.02289 0.5 1
    4.764 0.5 0
  4.7849 13 + 1
    2.44566 1 9
  4.801 9 + 2
    3.10468 0.5 5
    4.801 0.5 0
  4.8128 3 + 1
    1.3501 1 27
  4.839 7 + 2
    3.4155 0.5 4
    3.51099 0.5 3
  4.884 1 + 2
    2.988 0.5 6
    4.14289 0.5 1
  4.9311 15 - 2
    1.1571 0.6329 30
    2.59186 0.3671 9
  5.093 5 + 2
    4.35189 0.5 1
    5.093 0.5 0
  5.185 3 + 2
    3.7615 0.5 4
    4.41058 0.5 2
  5.3395 17 - 4
    0.7845 0.121412 41
    1.3341 0.10401 35
    1.5655 0.19652 30
    1.8768 0.578058 27
  5.39705 5 + 2
    2.08515 0.4924 24
    3.05781 0.5076 9
  5.454 7 + 2
    4.0305 0.5 4
    4.12599 0.5 3
  5.478 3 - 2
    4.73689 0.5 1
    5.478 0.5 0
  5.536 1 + 2
    3.64 0.5 6
    4.79489 0.5 1
  5.568 5 - 2
    4.23999 0.5 3
    4.79358 0.5 2
  5.606 3 + 2
    4.1825 0.5 4
    4.83158 0.5 2
  5.672 9 - 2
    4.2485 0.5 4
    4.34399 0.5 3
  5.722 7 + 2
    4.2985 0.5 4
    4.39399 0.5 3
  5.7517 1 - 3
    1.1967 0.3026 41
    1.7463 0.5128 35
    2.5758 0.1846 23
  5.8972 15 - 5
    1.1123 0.133987 49
    1.3422 0.311469 41
    1.8918 0.20248 35
    2.4345 0.133987 27
    2.7213 0.218078 23
  5.96 5 + 2
    5.21889 0.5 1
    5.96 0.5 0
  5.994 3 + 2
    4.5705 0.5 4
    5.21958 0.5 2
  6.072 7 - 1
    1.2871 1 49
  6.11 5 + 2
    5.36889 0.5 1
    6.11 0.5 0
  6.152 3 - 2
    5.41089 0.5 1
    6.152 0.5 0
  6.179 1 + 2
    4.283 0.5 6
    5.43789 0.5 1
  6.294 9 - 2
    4.8705 0.5 4
    4.96599 0.5 3
  6.3654 21 - 2
    2.36 0.01283 35
    3.325 0.98717 22
  6.388 1 + 2
    4.492 0.5 6
    5.64689 0.5 1
  6.419 3 + 2
    4.9955 0.5 4
    5.64458 0.5 2
  6.449 5 - 2
    5.12099 0.5 3
    5.67458 0.5 2
  6.504 1 + 2
    4.608 0.5 6
    5.76289 0.5 1
  6.528 7 - 2
    5.78689 0.5 1
    6.528 0.5 0
  6.569 3 - 2
    5.82789 0.5 1
    6.569 0.5 0
  6.6893 17 - 1
    3.2266 1 27
  6.696 5 + 2
    5.95489 0.5 1
    6.696 0.5 0
  6.8 3 + 2
    5.3765 0.5 4
    6.02558 0.5 2
  6.8286 23 - 2
    0.4632 0.01479 75
    3.7882 0.98521 22
  6.831 5 + 2
    6.08989 0.5 1
    6.831 0.5 0
  6.935 17 - 1
    3.4723 1 27
  6.942 1 + 2
    5.046 0.5 6
    6.20089 0.5 1
  7.028 1 + 2
    5.132 0.5 6
    6.28689 0.5 1
  7.122 1 + 2
    5.226 0.5 6
    6.38089 0.5 1
  7.139 19 - 1
    3.6763 1 27
  7.1813 21 - 2
    3.1759 0.4764 35
    4.1409 0.5236 22
  7.213 7 + 2
    5.7895 0.5 4
    5.88499 0.5 3
  7.214 3 - 1
    3.7513 1 27
  7.263 3 + 2
    5.8395 0.5 4
    6.48858 0.5 2
  7.304 5 - 2
    5.97599 0.5 3
    6.52958 0.5 2
  7.3278 25 - 2
    0.4992 0.2593 85
    0.9624 0.7407 75
  7.364 5 + 2
    6.62289 0.5 1
    7.364 0.5 0
  8.2738 25 - 3
    0.946 0.15 97
    1.4452 0.625 85
    1.9084 0.225 75
  8.5442 23 - 4
    1.2164 0.2105 97
    1.3629 0.2632 92
    1.7156 0.2632 85
    2.1788 0.2631 75
  9.0983 27 - 2
    1.7705 0.99108 97
    2.2697 0.00892 85
  9.2878 25 - 3
    0.743599 0.2391 100
    1.96 0.3625 97
    2.1065 0.3984 92
  9.55 25 + 2
    1.2762 0.065419 99
    2.7214 0.934581 85
  9.8806 27 - 3
    0.7823 0.092182 101
    1.6068 0.447009 99
    2.5528 0.460809 97
  10.876 27 - 2
    3.5482 0.4286 97
    4.0474 0.5714 85
  11.1921 29 - 3
    1.3115 0.060868 104
    2.0938 0.869574 101
    3.8643 0.069558 97
  11.69 27 + 1
    4.3622 1 97
  12.593 3 + 1
    0.902999 1 107

26 54 237
  0 0 + 0
  1.40819 4 + 1
    1.40819 1 0
  2.5381 8 + 1
    1.12991 1 1
  2.5613 0 + 1
    1.15311 1 1
  2.9492 12 + 1
    0.4111 1 2
  2.959 4 + 2
    1.55081 0.4506 1
    2.959 0.5494 0
  3.166 4 + 2
    1.75781 0.1936 1
    3.166 0.8064 0
  3.2948 8 + 2
    0.7567 0.8404 2
    1.88661 0.1596 1
  3.3448 6 + 2
    0.8067 0.4286 2
    1.93661 0.5714 1
  3.4374 8 + 2
    0.4882 0.8335 4
    0.8993 0.1665 2
  3.7938 10 - 1
    0.8446 1 4
  3.8332 8 + 3
    0.5384 0.019631 7
    1.2951 0.089134 2
    2.42501 0.891236 1
  3.841 2 - 1
    2.43281 1 1
  4.0309 10 + 2
    0.7361 0.8334 7
    1.4928 0.1666 2
  4.0478 8 + 4
    0.703 0.724722 8
    1.0888 0.028981 5
    1.5097 0.079692 2
    2.63961 0.166605 1
  4.0716 4 - 2
    1.5335 0.082582 2
    2.66341 0.917418 1
  4.0997 8 + 1
    0.8049 1 7
  4.1034 8 - 1
    1.1542 1 4
  4.2678 8 + 2
    1.7297 0.8 2
    2.85961 0.2 1
  4.2908 0 + 1
    2.88261 1 1
  4.5785 4 + 2
    3.17031 0.6993 1
    4.5785 0.3007 0
  4.6553 0 + 2
    0.6075 0.1076 14
    1.3605 0.8924 7
  4.696 4 - 1
    3.28781 1 1
  4.7001 8 + 3
    1.3553 0.450055 8
    2.162 0.40006 2
    3.29191 0.149885 1
  4.7819 6 - 4
    1.4371 0.112911 8
    1.4871 0.177418 7
    2.2438 0.172017 2
    3.37371 0.537654 1
  4.9487 8 + 3
    1.9995 0.0989 4
    2.4106 0.5495 2
    3.54051 0.3516 1
  5.0448 2 - 2
    1.0139 0.1667 13
    2.0956 0.8333 4
  5.08 2 - 2
    3.67181 0.6993 1
    5.08 0.3007 0
  5.145 4 + 1
    3.73681 1 1
  5.233 0 + 2
    3.82481 0.5 1
    5.233 0.5 0
  5.248 6 - 1
    3.83981 1 1
  5.2788 2 - 1
    3.87061 1 1
  5.313 6 - 2
    2.7749 0.5 2
    3.90481 0.5 1
  5.325 2 - 2
    3.91681 0.5 1
    5.325 0.5 0
  5.392 4 + 1
    3.98381 1 1
  5.404 6 - 2
    2.8659 0.5 2
    3.99581 0.5 1
  5.4311 2 - 1
    0.3863 1 26
  5.453 6 - 1
    5.453 1 0
  5.4612 2 - 1
    2.1664 1 7
  5.482 10 + 3
    1.4342 0.056609 14
    2.9439 0.471695 2
    4.07381 0.471695 1
  5.506 4 + 1
    4.09781 1 1
  5.523 6 - 2
    2.9849 0.5 2
    4.11481 0.5 1
  5.539 6 - 1
    4.13081 1 1
  5.592 2 - 2
    4.18381 0.5 1
    5.592 0.5 0
  5.621 6 - 1
    4.21281 1 1
  5.657 8 + 2
    3.1189 0.5 2
    4.24881 0.5 1
  5.666 4 - 2
    1.5944 0.5 15
    2.3212 0.5 8
  5.703 8 + 2
    3.1649 0.5 2
    4.29481 0.5 1
  5.787 2 - 2
    4.37881 0.5 1
    5.787 0.5 0
  5.809 4 + 1
    4.40081 1 1
  5.828 2 - 1
    4.41981 1 1
  5.875 4 - 2
    1.8034 0.5 15
    2.5302 0.5 8
  5.907 6 - 2
    3.3689 0.5 2
    4.49881 0.5 1
  5.9193 2 - 1
    2.9701 1 4
  5.9274 14 + 3
    0.8826 0.160608 26
    1.8965 0.036152 13
    2.9782 0.80324 4
  5.955 4 + 1
    5.955 1 0
  6.023 6 - 2
    3.4849 0.5 2
    4.61481 0.5 1
  6.038 2 - 1
    6.038 1 0
  6.057 4 - 2
    1.9854 0.5 15
    2.7122 0.5 8
  6.1 6 - 2
    3.5619 0.5 2
    4.69181 0.5 1
  6.1287 2 + 4
    1.8379 0.02502 19
    2.9627 0.02502 6
    4.72051 0.02317 1
    6.1287 0.926791 0
  6.156 4 - 2
    2.0844 0.5 15
    2.8112 0.5 8
  6.192 4 + 2
    4.78381 0.5 1
    6.192 0.5 0
  6.212 6 - 2
    3.6739 0.5 2
    4.80381 0.5 1
  6.238 2 + 2
    2.1664 0.5 15
    2.8932 0.5 8
  6.259 10 - 2
    3.3098 0.5 4
    3.7209 0.5 2
  6.2968 14 + 1
    3.3476 1 4
  6.341 6 - 2
    3.8029 0.5 2
    4.93281 0.5 1
  6.3809 16 + 1
    3.4317 1 4
  6.4 0 + 2
    4.99181 0.5 1
    6.4 0.5 0
  6.415 6 - 2
    3.8769 0.5 2
    5.00681 0.5 1
  6.429 4 + 2
    5.02081 0.5 1
    6.429 0.5 0
  6.442 2 - 2
    5.03381 0.5 1
    6.442 0.5 0
  6.484 8 + 2
    3.9459 0.5 2
    5.07581 0.5 1
  6.51 4 - 2
    2.4384 0.5 15
    3.1652 0.5 8
  6.5271 20 + 2
    0.146201 0.98241 68
    3.5779 0.01759 4
  6.551 2 - 2
    1.069 0.2857 39
    3.6018 0.7143 4
  6.563 2 - 2
    5.15481 0.5 1
    6.563 0.5 0
  6.594 4 + 2
    5.18581 0.5 1
    6.594 0.5 0
  6.607 8 + 2
    4.0689 0.5 2
    5.19881 0.5 1
  6.648 6 - 2
    4.1099 0.5 2
    5.23981 0.5 1
  6.663 4 - 2
    2.5914 0.5 15
    3.3182 0.5 8
  6.67 8 + 2
    4.1319 0.5 2
    5.26181 0.5 1
  6.71 6 - 2
    4.1719 0.5 2
    5.30181 0.5 1
  6.7241 18 + 1
    0.197 1 75
  6.749 6 - 2
    4.2109 0.5 2
    5.34081 0.5 1
  6.774 2 - 2
    5.36581 0.5 1
    6.774 0.5 0
  6.804 4 + 2
    5.39581 0.5 1
    6.804 0.5 0
  6.821 0 + 2
    5.41281 0.5 1
    6.821 0.5 0
  6.836 4 - 2
    2.7644 0.5 15
    3.4912 0.5 8
  6.8643 16 + 3
    0.9369 0.4879 54
    1.8195 0.1073 26
    3.9151 0.4048 4
  6.881 8 + 2
    4.3429 0.5 2
    5.47281 0.5 1
  6.91 2 - 2
    5.50181 0.5 1
    6.91 0.5 0
  6.951 10 - 2
    4.0018 0.5 4
    4.4129 0.5 2
  7.011 6 - 2
    4.4729 0.5 2
    5.60281 0.5 1
  7.04 4 + 2
    5.63181 0.5 1
    7.04 0.5 0
  7.0748 2 + 3
    0.778 0.2486 66
    1.1474 0.1864 54
    4.1256 0.565 4
  7.11 4 - 2
    3.0384 0.5 15
    3.7652 0.5 8
  7.128 12 + 2
    4.1788 0.5 4
    4.5899 0.5 2
  7.155 2 - 2
    5.74681 0.5 1
    7.155 0.5 0
  7.18 2 + 2
    3.1084 0.5 15
    3.8352 0.5 8
  7.2 8 + 2
    4.6619 0.5 2
    5.79181 0.5 1
  7.26 6 - 2
    4.7219 0.5 2
    5.85181 0.5 1
  7.31 4 - 2
    3.2384 0.5 15
    3.9652 0.5 8
  7.3515 18 + 3
    0.487201 0.5239 90
    0.970601 0.1256 68
    1.4241 0.3505 54
  7.377 4 + 2
    5.96881 0.5 1
    7.377 0.5 0
  7.442 0 - 2
    2.746 0.5 22
    3.3704 0.5 15
  7.486 6 - 2
    4.9479 0.5 2
    6.07781 0.5 1
  7.505 2 + 2
    0.7809 0.8696 84
    0.9779 0.1304 75
  7.55 4 + 2
    6.14181 0.5 1
    7.55 0.5 0
  7.56 0 + 2
    6.15181 0.5 1
    7.56 0.5 0
  7.5658 10 - 1
    4.6166 1 4
  7.58 4 + 2
    6.17181 0.5 1
    7.58 0.5 0
  7.603 6 - 2
    5.0649 0.5 2
    6.19481 0.5 1
  7.644 6 - 2
    5.1059 0.5 2
    6.23581 0.5 1
  7.674 2 - 2
    6.26581 0.5 1
    7.674 0.5 0
  7.76 4 + 2
    6.35181 0.5 1
    7.76 0.5 0
  7.791 2 - 2
    6.38281 0.5 1
    7.791 0.5 0
  7.859 6 + 2
    3.8281 0.5 13
    4.5142 0.5 8
  7.905 0 - 2
    3.209 0.5 22
    3.8334 0.5 15
  7.938 4 + 2
    6.52981 0.5 1
    7.938 0.5 0
  7.94 6 - 2
    5.4019 0.5 2
    6.53181 0.5 1
  8.005 6 - 2
    5.4669 0.5 2
    6.59681 0.5 1
  8.021 22 + 1
    1.4939 1 75
  8.114 2 + 2
    4.0424 0.5 15
    4.7692 0.5 8
  8.179 2 - 2
    6.77081 0.5 1
    8.179 0.5 0
  8.225 4 + 2
    6.81681 0.5 1
    8.225 0.5 0
  8.298 4 + 2
    6.88981 0.5 1
    8.298 0.5 0
  8.3188 16 - 3
    0.753 0.5556 111
    1.7678 0.2222 76
    2.022 0.2222 66
  8.334 2 + 2
    4.2624 0.5 15
    4.9892 0.5 8
  8.3743 20 + 1
    1.9934 1 68
  8.41 10 - 2
    5.4608 0.5 4
    5.8719 0.5 2
  8.44 4 - 2
    4.3684 0.5 15
    5.0952 0.5 8
  8.45 2 + 2
    4.3784 0.5 15
    5.1052 0.5 8
  8.465 0 - 2
    3.769 0.5 22
    4.3934 0.5 15
  8.521 6 - 2
    5.9829 0.5 2
    7.11281 0.5 1
  8.56 4 + 2
    7.15181 0.5 1
    8.56 0.5 0
  8.5778 20 + 2
    0.5568 0.1598 123
    1.2263 0.8402 104
  8.61 4 - 2
    4.5384 0.5 15
    5.2652 0.5 8
  8.633 2 - 2
    7.22481 0.5 1
    8.633 0.5 0
  8.666 6 + 2
    4.6351 0.5 13
    5.3212 0.5 8
  8.68 4 - 2
    4.6084 0.5 15
    5.3352 0.5 8
  8.74 10 + 2
    4.7091 0.5 13
    5.3952 0.5 8
  8.808 22 + 3
    0.787001 0.0479 123
    1.303 0.5568 108
    2.2809 0.3953 75
  8.85 2 + 2
    4.7784 0.5 15
    5.5052 0.5 8
  8.886 6 - 2
    6.3479 0.5 2
    7.47781 0.5 1
  8.93 4 - 2
    4.8584 0.5 15
    5.5852 0.5 8
  8.95 16 - 2
    2.6532 0.5 66
    3.0226 0.5 54
  8.981 2 + 2
    4.9094 0.5 15
    5.6362 0.5 8
  9.062 2 + 2
    4.9904 0.5 15
    5.7172 0.5 8
  9.112 6 - 2
    6.5739 0.5 2
    7.70381 0.5 1
  9.1236 8 - 1
    1.7721 1 104
  9.14 2 + 2
    5.0684 0.5 15
    5.7952 0.5 8
  9.15 6 - 2
    6.6119 0.5 2
    7.74181 0.5 1
  9.243 0 + 2
    7.83481 0.5 1
    9.243 0.5 0
  9.295 2 + 2
    5.2234 0.5 15
    5.9502 0.5 8
  9.353 6 - 2
    6.8149 0.5 2
    7.94481 0.5 1
  9.402 6 - 2
    6.8639 0.5 2
    7.99381 0.5 1
  9.41 2 + 2
    5.3384 0.5 15
    6.0652 0.5 8
  9.45 2 - 2
    8.04181 0.5 1
    9.45 0.5 0
  9.506 6 - 2
    6.9679 0.5 2
    8.09781 0.5 1
  9.53 2 + 2
    5.4584 0.5 15
    6.1852 0.5 8
  9.568 4 + 2
    8.15981 0.5 1
    9.568 0.5 0
  9.61 4 - 2
    5.5384 0.5 15
    6.2652 0.5 8
  9.64 8 + 2
    7.1019 0.5 2
    8.23181 0.5 1
  9.671 6 - 2
    7.1329 0.5 2
    8.26281 0.5 1
  9.716 4 + 2
    8.30781 0.5 1
    9.716 0.5 0
  9.747 6 - 2
    7.2089 0.5 2
    8.33881 0.5 1
  9.81 4 + 2
    8.40181 0.5 1
    9.81 0.5 0
  9.8453 24 + 4
    1.0373 0.126908 143
    1.8243 0.551933 123
    2.3403 0.012141 108
    3.3182 0.309019 75
  9.86 0 - 2
    5.164 0.5 22
    5.7884 0.5 15
  9.91 8 - 2
    5.8791 0.5 13
    6.5652 0.5 8
  9.94 2 + 2
    5.8684 0.5 15
    6.5952 0.5 8
  9.974 16 - 2
    3.6772 0.5 66
    4.0466 0.5 54
  9.984 4 + 2
    8.57581 0.5 1
    9.984 0.5 0
  9.9954 10 - 2
    2.4904 0.5 108
    3.2713 0.5 84
  10.027 6 - 2
    7.4889 0.5 2
    8.61881 0.5 1
  10.05 2 + 2
    5.9784 0.5 15
    6.7052 0.5 8
  10.083 6 - 2
    7.5449 0.5 2
    8.67481 0.5 1
  10.131 24 + 2
    1.323 0.6897 143
    2.11 0.3103 123
  10.137 4 + 2
    8.72881 0.5 1
    10.137 0.5 0
  10.18 2 + 2
    6.1084 0.5 15
    6.8352 0.5 8
  10.213 4 - 2
    6.1414 0.5 15
    6.8682 0.5 8
  10.25 0 + 2
    8.84181 0.5 1
    10.25 0.5 0
  10.29 8 - 2
    6.2591 0.5 13
    6.9452 0.5 8
  10.342 8 + 2
    7.8039 0.5 2
    8.93381 0.5 1
  10.38 4 - 2
    6.3084 0.5 15
    7.0352 0.5 8
  10.45 4 - 2
    6.3784 0.5 15
    7.1052 0.5 8
  10.535 2 + 2
    6.4634 0.5 15
    7.1902 0.5 8
  10.542 22 - 5
    1.734 0.2597 143
    1.9642 0.0969 137
    2.521 0.1279 123
    3.037 0.1279 108
    4.0149 0.3876 75
  10.586 10 + 2
    6.5551 0.5 13
    7.2412 0.5 8
  10.63 4 - 2
    6.5584 0.5 15
    7.2852 0.5 8
  10.66 4 - 2
    6.5884 0.5 15
    7.3152 0.5 8
  10.677 16 - 2
    4.3802 0.5 66
    4.7496 0.5 54
  10.7 0 + 2
    9.29181 0.5 1
    10.7 0.5 0
  10.74 8 + 2
    8.2019 0.5 2
    9.33181 0.5 1
  10.78 12 + 2
    7.8308 0.5 4
    8.2419 0.5 2
  10.82 6 - 2
    8.2819 0.5 2
    9.41181 0.5 1
  10.87 4 + 2
    9.46181 0.5 1
    10.87 0.5 0
  10.91 0 - 2
    6.214 0.5 22
    6.8384 0.5 15
  11.01 2 + 2
    6.9384 0.5 15
    7.6652 0.5 8
  11.05 8 - 2
    7.0191 0.5 13
    7.7052 0.5 8
  11.0934 26 + 2
    1.2481 0.919118 169
    3.0724 0.080882 123
  11.1136 24 - 4
    0.571599 0.50763 189
    1.1182 0.055843 175
    2.3056 0.274116 143
    3.0926 0.16241 123
  11.12 2 + 2
    7.0484 0.5 15
    7.7752 0.5 8
  11.23 6 - 2
    8.6919 0.5 2
    9.82181 0.5 1
  11.28 4 + 2
    9.87181 0.5 1
    11.28 0.5 0
  11.32 2 + 2
    7.2484 0.5 15
    7.9752 0.5 8
  11.36 4 - 2
    7.2884 0.5 15
    8.0152 0.5 8
  11.44 4 + 2
    10.0318 0.5 1
    11.44 0.5 0
  11.52 2 + 2
    7.4484 0.5 15
    8.1752 0.5 8
  11.62 6 - 2
    9.0819 0.5 2
    10.2118 0.5 1
  11.71 10 - 2
    8.7608 0.5 4
    9.1719 0.5 2
  11.75 2 + 2
    7.6784 0.5 15
    8.4052 0.5 8
  11.79 8 - 2
    7.7591 0.5 13
    8.4452 0.5 8
  11.85 4 + 2
    10.4418 0.5 1
    11.85 0.5 0
  11.92 2 + 2
    7.8484 0.5 15
    8.5752 0.5 8
  11.95 2 + 2
    7.8784 0.5 15
    8.6052 0.5 8
  12.04 0 + 2
    10.6318 0.5 1
    12.04 0.5 0
  12.043 26 - 1
    0.9294 1 203
  12.1 4 + 2
    10.6918 0.5 1
    12.1 0.5 0
  12.3141 28 + 2
    1.2207 0.98039 202
    2.1831 0.01961 179
  12.9533 28 + 1
    1.8599 1 202
  13.263 16 - 2
    6.9662 0.5 66
    7.3356 0.5 54
  13.358 6 - 1
    1.315 1 219
  13.52 0 + 2
    12.1118 0.5 1
    13.52 0.5 0
  13.73 8 + 2
    11.1919 0.5 2
    12.3218 0.5 1
  13.9 2 + 2
    9.8284 0.5 15
    10.5552 0.5 8
  14.05 6 - 2
    11.5119 0.5 2
    12.6418 0.5 1
  14.3883 4 - 2
    1.435 0.074072 222
    2.0742 0.925928 221
  14.54 6 - 2
    12.0019 0.5 2
    13.1318 0.5 1
  14.59 4 - 2
    10.5184 0.5 15
    11.2452 0.5 8
  14.7 6 - 2
    12.1619 0.5 2
    13.2918 0.5 1
  14.73 8 - 2
    10.6991 0.5 13
    11.3852 0.5 8
  14.85 4 + 2
    13.4418 0.5 1
    14.85 0.5 0
  14.87 0 + 2
    13.4618 0.5 1
    14.87 0.5 0
  15.062 6 - 1
    1.704 1 224

26 55 184
  0 3 - 0
  0.41142 1 - 1
    0.41142 1 0
  0.93129 5 - 2
    0.51987 0.019629 1
    0.93129 0.980371 0
  1.31654 7 - 2
    0.38525 0.0707 2
    1.31654 0.9293 0
  1.40845 7 - 3
    0.09191 0.04069 3
    0.47716 0.521505 2
    1.40845 0.437804 0
  1.9183 1 - 2
    1.50688 0.3197 1
    1.9183 0.6803 0
  2.015 3 - 2
    0.69846 0.5 3
    2.015 0.5 0
  2.0517 3 - 2
    1.64028 0.7692 1
    2.0517 0.2308 0
  2.144 5 - 4
    0.82746 0.360522 3
    1.21271 0.429226 2
    1.73258 0.030042 1
    2.144 0.180211 0
  2.21187 9 - 2
    0.80342 0.98039 4
    0.89533 0.01961 3
  2.2555 9 + 1
    0.84705 1 4
  2.30106 9 + 2
    0.98452 0.082563 3
    1.36977 0.917437 2
  2.4702 3 - 2
    2.05878 0.3378 1
    2.4702 0.6622 0
  2.49 5 - 1
    2.49 1 0
  2.53911 11 - 3
    0.23805 0.049999 11
    0.32724 0.009421 9
    1.22257 0.94058 3
  2.5777 5 - 4
    1.26116 0.033621 3
    1.64641 0.058831 2
    2.16628 0.067231 1
    2.5777 0.840317 0
  2.6 9 + 2
    1.19155 0.5 4
    1.28346 0.5 3
  2.8138 13 - 1
    0.27469 1 14
  2.8723 5 - 3
    1.55576 0.243281 3
    1.94101 0.081074 2
    2.8723 0.675646 0
  2.9389 7 - 2
    1.62236 0.4506 3
    2.9389 0.5494 0
  2.9821 11 - 1
    0.77023 1 9
  2.9844 9 - 4
    0.77253 0.25 9
    1.57595 0.25 4
    2.05311 0.25 2
    2.9844 0.25 0
  3.0285 3 - 2
    2.61708 0.3548 1
    3.0285 0.6452 0
  3.072 11 - 2
    0.2582 0.167 17
    0.53289 0.833 14
  3.076 9 - 1
    1.66755 1 4
  3.1087 7 - 3
    1.79216 0.214502 3
    2.17741 0.771608 2
    3.1087 0.01389 0
  3.285 3 - 1
    2.87358 1 1
  3.311 5 - 2
    2.37971 0.5 2
    2.89958 0.5 1
  3.362 1 + 2
    1.347 0.5 6
    3.362 0.5 0
  3.419 15 - 1
    0.6052 1 17
  3.4569 13 - 1
    0.91779 1 14
  3.5523 3 - 1
    3.5523 1 0
  3.599 1 - 2
    2.66771 0.5 2
    3.18758 0.5 1
  3.6608 5 + 1
    0.847 1 17
  3.709 7 + 2
    1.565 0.5 8
    2.77771 0.5 2
  3.722 1 + 2
    1.707 0.5 6
    3.722 0.5 0
  3.7903 1 - 3
    1.872 0.19822 5
    3.37888 0.361236 1
    3.7903 0.440544 0
  3.8006 3 - 1
    2.48406 1 3
  3.814 5 + 2
    2.49746 0.5 3
    3.814 0.5 0
  3.815 3 + 2
    2.88371 0.5 2
    3.40358 0.5 1
  3.86 7 + 2
    1.716 0.5 8
    2.92871 0.5 2
  3.9013 13 - 1
    0.9192 1 20
  3.9067 3 - 1
    3.9067 1 0
  3.96 5 + 2
    2.64346 0.5 3
    3.96 0.5 0
  4.028 5 + 2
    2.71146 0.5 3
    4.028 0.5 0
  4.057 7 + 2
    1.913 0.5 8
    3.12571 0.5 2
  4.11 1 + 2
    2.095 0.5 6
    4.11 0.5 0
  4.123 3 + 2
    3.19171 0.5 2
    3.71158 0.5 1
  4.273 1 + 2
    2.258 0.5 6
    4.273 0.5 0
  4.372 5 + 2
    3.05546 0.5 3
    4.372 0.5 0
  4.387 7 + 2
    2.243 0.5 8
    3.45571 0.5 2
  4.45 1 + 2
    2.435 0.5 6
    4.45 0.5 0
  4.463 5 + 2
    3.14646 0.5 3
    4.463 0.5 0
  4.4951 1 - 1
    4.4951 1 0
  4.538 3 + 2
    3.60671 0.5 2
    4.12658 0.5 1
  4.636 3 + 2
    3.70471 0.5 2
    4.22458 0.5 1
  4.658 7 + 2
    2.514 0.5 8
    3.72671 0.5 2
  4.673 5 + 2
    3.35646 0.5 3
    4.673 0.5 0
  4.7083 5 + 1
    2.79 1 5
  4.751 3 + 2
    3.81971 0.5 2
    4.33958 0.5 1
  4.79 7 + 2
    2.646 0.5 8
    3.85871 0.5 2
  4.824 3 + 2
    3.89271 0.5 2
    4.41258 0.5 1
  4.849 5 + 2
    3.53246 0.5 3
    4.849 0.5 0
  4.8666 3 + 1
    4.45518 1 1
  4.877 7 + 2
    2.733 0.5 8
    3.94571 0.5 2
  4.948 1 + 2
    2.933 0.5 6
    4.948 0.5 0
  4.99 5 + 2
    3.67346 0.5 3
    4.99 0.5 0
  4.999 3 + 2
    4.06771 0.5 2
    4.58758 0.5 1
  5.041 7 - 2
    3.72446 0.5 3
    5.041 0.5 0
  5.078 9 + 2
    3.66955 0.5 4
    3.76146 0.5 3
  5.0996 19 - 1
    1.6806 1 29
  5.118 5 + 1
    4.70658 1 1
  5.185 3 - 2
    3.86846 0.5 3
    5.185 0.5 0
  5.208 1 + 2
    3.193 0.5 6
    5.208 0.5 0
  5.237 5 - 2
    4.30571 0.5 2
    4.82558 0.5 1
  5.286 3 + 2
    4.35471 0.5 2
    4.87458 0.5 1
  5.306 7 - 2
    3.98946 0.5 3
    5.306 0.5 0
  5.326 1 + 2
    3.311 0.5 6
    5.326 0.5 0
  5.363 5 - 2
    4.43171 0.5 2
    4.95158 0.5 1
  5.37 3 + 2
    4.43871 0.5 2
    4.95858 0.5 1
  5.394 9 - 2
    3.25 0.5 8
    4.46271 0.5 2
  5.396 7 + 2
    3.252 0.5 8
    4.46471 0.5 2
  5.435 5 - 2
    4.50371 0.5 2
    5.02358 0.5 1
  5.445 3 + 2
    4.51371 0.5 2
    5.03358 0.5 1
  5.4768 1 - 1
    1.816 1 33
  5.497 11 + 2
    2.6832 0.5 17
    3.28513 0.5 9
  5.542 7 - 2
    4.22546 0.5 3
    5.542 0.5 0
  5.556 5 + 2
    4.23946 0.5 3
    5.556 0.5 0
  5.564 3 - 2
    4.24746 0.5 3
    5.564 0.5 0
  5.599 1 + 2
    3.584 0.5 6
    5.599 0.5 0
  5.634 3 - 2
    4.31746 0.5 3
    5.634 0.5 0
  5.668 5 + 2
    4.35146 0.5 3
    5.668 0.5 0
  5.687 1 + 2
    3.672 0.5 6
    5.687 0.5 0
  5.745 9 - 2
    3.601 0.5 8
    4.81371 0.5 2
  5.775 1 - 2
    4.84371 0.5 2
    5.36358 0.5 1
  5.817 7 + 2
    3.673 0.5 8
    4.88571 0.5 2
  5.839 3 - 2
    4.52246 0.5 3
    5.839 0.5 0
  5.872 5 + 2
    4.55546 0.5 3
    5.872 0.5 0
  5.9 7 - 2
    4.58346 0.5 3
    5.9 0.5 0
  5.933 3 + 2
    5.00171 0.5 2
    5.52158 0.5 1
  5.947 5 - 2
    5.01571 0.5 2
    5.53558 0.5 1
  5.955 1 + 2
    3.94 0.5 6
    5.955 0.5 0
  5.989 9 - 2
    3.845 0.5 8
    5.05771 0.5 2
  6.053 3 + 2
    5.12171 0.5 2
    5.64158 0.5 1
  6.059 5 - 2
    5.12771 0.5 2
    5.64758 0.5 1
  6.09 7 + 2
    3.946 0.5 8
    5.15871 0.5 2
  6.159 3 - 2
    4.84246 0.5 3
    6.159 0.5 0
  6.167 5 + 2
    4.85046 0.5 3
    6.167 0.5 0
  6.229 11 - 2
    4.82055 0.5 4
    4.91246 0.5 3
  6.237 7 + 2
    4.093 0.5 8
    5.30571 0.5 2
  6.282 1 + 2
    4.267 0.5 6
    6.282 0.5 0
  6.319 3 - 2
    5.00246 0.5 3
    6.319 0.5 0
  6.348 5 - 2
    5.41671 0.5 2
    5.93658 0.5 1
  6.374 9 + 2
    4.96555 0.5 4
    5.05746 0.5 3
  6.387 3 - 2
    5.07046 0.5 3
    6.387 0.5 0
  6.41 7 + 2
    4.266 0.5 8
    5.47871 0.5 2
  6.425 5 - 2
    5.49371 0.5 2
    6.01358 0.5 1
  6.456 3 + 2
    5.52471 0.5 2
    6.04458 0.5 1
  6.495 1 - 2
    5.56371 0.5 2
    6.08358 0.5 1
  6.5286 21 - 1
    1.429 1 70
  6.579 5 + 2
    5.26246 0.5 3
    6.579 0.5 0
  6.596 7 + 2
    4.452 0.5 8
    5.66471 0.5 2
  6.61 3 - 2
    5.29346 0.5 3
    6.61 0.5 0
  6.628 9 + 2
    5.21955 0.5 4
    5.31146 0.5 3
  6.654 5 - 2
    5.72271 0.5 2
    6.24258 0.5 1
  6.67 1 + 2
    4.655 0.5 6
    6.67 0.5 0
  6.745 3 - 2
    5.42846 0.5 3
    6.745 0.5 0
  6.776 7 + 2
    4.632 0.5 8
    5.84471 0.5 2
  6.826 5 - 2
    5.89471 0.5 2
    6.41458 0.5 1
  6.846 11 + 2
    4.0322 0.5 17
    4.63413 0.5 9
  6.857 3 - 2
    5.54046 0.5 3
    6.857 0.5 0
  6.874 1 + 2
    4.859 0.5 6
    6.874 0.5 0
  6.916 5 - 2
    5.98471 0.5 2
    6.50458 0.5 1
  6.962 1 + 2
    4.947 0.5 6
    6.962 0.5 0
  6.98 7 - 2
    5.66346 0.5 3
    6.98 0.5 0
  7.008 3 + 2
    6.07671 0.5 2
    6.59658 0.5 1
  7.03 9 - 2
    4.886 0.5 8
    6.09871 0.5 2
  7.054 5 + 2
    5.73746 0.5 3
    7.054 0.5 0
  7.07 3 - 2
    5.75346 0.5 3
    7.07 0.5 0
  7.092 7 + 2
    4.948 0.5 8
    6.16071 0.5 2
  7.105 5 - 2
    6.17371 0.5 2
    6.69358 0.5 1
  7.126 3 + 2
    6.19471 0.5 2
    6.71458 0.5 1
  7.149 9 - 2
    5.005 0.5 8
    6.21771 0.5 2
  7.178 1 + 2
    5.163 0.5 6
    7.178 0.5 0
  7.215 5 - 2
    6.28371 0.5 2
    6.80358 0.5 1
  7.235 7 + 2
    5.091 0.5 8
    6.30371 0.5 2
  7.252 3 - 2
    5.93546 0.5 3
    7.252 0.5 0
  7.27 17 + 2
    2.1704 0.5 70
    3.851 0.5 29
  7.31 5 - 2
    6.37871 0.5 2
    6.89858 0.5 1
  7.36 1 + 2
    5.345 0.5 6
    7.36 0.5 0
  7.369 3 - 2
    6.05246 0.5 3
    7.369 0.5 0
  7.382 7 + 2
    5.238 0.5 8
    6.45071 0.5 2
  7.419 11 + 2
    4.6052 0.5 17
    5.20713 0.5 9
  7.45 5 - 2
    6.51871 0.5 2
    7.03858 0.5 1
  7.48 3 - 2
    6.16346 0.5 3
    7.48 0.5 0
  7.51 9 - 2
    5.366 0.5 8
    6.57871 0.5 2
  7.6062 23 + 1
    1.0776 1 119
  7.61 5 - 2
    6.67871 0.5 2
    7.19858 0.5 1
  7.614 1 + 2
    5.599 0.5 6
    7.614 0.5 0
  7.625 7 + 2
    5.481 0.5 8
    6.69371 0.5 2
  7.73 7 - 2
    6.41346 0.5 3
    7.73 0.5 0
  7.78 7 - 2
    6.46346 0.5 3
    7.78 0.5 0
  7.808 3 + 2
    6.87671 0.5 2
    7.39658 0.5 1
  7.853 5 + 2
    6.53646 0.5 3
    7.853 0.5 0
  7.9189 23 - 1
    1.3903 1 119
  7.938 3 + 2
    7.00671 0.5 2
    7.52658 0.5 1
  8.028 1 - 2
    7.09671 0.5 2
    7.61658 0.5 1
  8.13 5 + 2
    6.81346 0.5 3
    8.13 0.5 0
  8.18 3 - 2
    6.86346 0.5 3
    8.18 0.5 0
  8.264 9 + 2
    6.85555 0.5 4
    6.94746 0.5 3
  8.42 1 - 2
    7.48871 0.5 2
    8.00858 0.5 1
  8.527 5 + 2
    7.21046 0.5 3
    8.527 0.5 0
  8.56 1 + 2
    6.545 0.5 6
    8.56 0.5 0
  8.796 3 - 2
    7.47946 0.5 3
    8.796 0.5 0
  8.843 1 + 2
    6.828 0.5 6
    8.843 0.5 0
  8.892 5 - 2
    7.96071 0.5 2
    8.48058 0.5 1
  8.91 1 + 2
    6.895 0.5 6
    8.91 0.5 0
  8.9877 25 - 1
    1.3815 1 156
  9.007 3 - 2
    7.69046 0.5 3
    9.007 0.5 0
  9.115 7 + 2
    6.971 0.5 8
    8.18371 0.5 2
  9.3053 25 - 2
    1.3864 0.5 164
    1.6991 0.5 156
  9.908 27 + 2
    0.920301 0.5 177
    2.3018 0.5 156
  10.2427 27 - 1
    1.255 1 177
  10.7277 3 + 2
    9.79641 0.5 2
    10.3163 0.5 1

26 56 299
  0 0 + 0
  0.846778 4 + 1
    0.846778 1 0
  2.0851 8 + 1
    1.23832 1 1
  2.65759 4 + 2
    1.81081 0.969929 1
    2.65759 0.030071 0
  2.9415 0 + 1
    2.09472 1 1
  2.95997 4 + 2
    2.11319 0.978861 1
    2.95997 0.021139 0
  3.0762 6 - 2
    0.9911 0.3197 2
    2.22942 0.6803 1
  3.12011 2 + 2
    2.27333 0.954019 1
    3.12011 0.045981 0
  3.12297 8 + 2
    1.03787 0.991573 2
    2.27619 0.008427 1
  3.36995 4 + 2
    2.52317 0.8547 1
    3.36995 0.1453 0
  3.38855 12 + 2
    0.26558 0.01298 8
    1.30345 0.98702 2
  3.44535 6 + 3
    0.78776 0.01437 3
    1.36025 0.200906 2
    2.59857 0.784724 1
  3.44841 2 + 2
    2.60163 0.2481 1
    3.44841 0.7519 0
  3.60021 4 + 2
    2.75343 0.1667 1
    3.60021 0.8333 0
  3.60569 4 + 3
    0.9481 0.083454 3
    2.75891 0.587529 1
    3.60569 0.329016 0
  3.61021 0 + 1
    2.76343 1 1
  3.74413 4 + 1
    2.89735 1 1
  3.75557 12 + 3
    0.36702 0.177595 10
    0.6326 0.01613 8
    1.67047 0.806276 2
  3.7596 2 - 2
    2.91282 0.5 1
    3.7596 0.5 0
  3.82977 4 + 3
    1.17218 0.30053 3
    2.98299 0.518152 1
    3.82977 0.181318 0
  3.8565 6 + 7
    0.41115 0.001564 11
    0.48655 0.003493 9
    0.73353 0.01139 8
    0.89653 0.004223 5
    1.19891 0.00257 3
    1.7714 0.917837 2
    3.00972 0.058922 1
  4.04889 6 + 3
    1.08892 0.013739 5
    1.96379 0.177893 2
    3.20211 0.808368 1
  4.08593 4 + 2
    3.23915 0.7519 1
    4.08593 0.2481 0
  4.10036 8 + 6
    0.65501 0.002801 11
    0.97739 0.112 8
    1.14039 0.01045 5
    1.44277 0.01425 3
    2.01526 0.2383 2
    3.25358 0.622199 1
  4.11994 6 + 7
    0.26344 0.002365 20
    0.67459 0.003507 11
    0.99697 0.01168 8
    1.15997 0.00888 5
    1.46235 0.007789 3
    2.03484 0.778884 2
    3.27316 0.186896 1
  4.2981 8 + 5
    0.85275 0.0133 11
    1.17513 0.609982 8
    1.64051 0.016829 3
    2.213 0.104297 2
    3.45132 0.255592 1
  4.302 0 + 1
    3.45522 1 1
  4.32 4 + 2
    3.47322 0.5 1
    4.32 0.5 0
  4.36813 6 - 2
    2.28303 0.5 2
    3.52135 0.5 1
  4.39493 6 + 2
    1.27196 0.093391 8
    3.54815 0.906609 1
  4.40127 4 + 4
    0.95592 0.278175 11
    1.4413 0.070734 5
    1.45977 0.046546 4
    3.55449 0.604546 1
  4.4477 6 - 1
    3.60092 1 1
  4.45853 8 + 3
    1.33556 0.585494 8
    2.37343 0.374696 2
    3.61175 0.03981 1
  4.50956 6 - 6
    1.06421 0.020621 11
    1.13961 0.134004 9
    1.38659 0.096223 8
    1.85197 0.34361 3
    2.42446 0.068732 2
    3.66278 0.33681 1
  4.5395 2 + 3
    1.57953 0.5701 5
    1.88191 0.2999 3
    4.5395 0.13 0
  4.55477 8 + 8
    0.7992 0.069323 17
    0.81064 0.049522 16
    1.10942 0.049512 11
    1.16622 0.079213 10
    1.4318 0.168307 8
    1.89718 0.054452 3
    2.46967 0.49502 2
    3.70799 0.034651 1
  4.60856 4 + 5
    1.48559 0.102709 8
    1.66706 0.054065 4
    1.95097 0.048654 3
    2.52346 0.540549 2
    3.76178 0.254023 1
  4.61082 8 + 5
    0.78105 0.134701 19
    1.65085 0.057691 5
    1.95323 0.126901 3
    2.52572 0.296103 2
    3.76404 0.384604 1
  4.62 2 - 2
    3.77322 0.5 1
    4.62 0.5 0
  4.65826 4 + 2
    2.57316 0.5988 2
    3.81148 0.4012 1
  4.67341 2 - 2
    3.82663 0.5 1
    4.67341 0.5 0
  4.68304 6 + 3
    1.56007 0.1194 8
    2.59794 0.3831 2
    3.83626 0.4975 1
  4.69232 8 + 6
    0.93675 0.117899 17
    0.94819 0.01415 16
    1.56935 0.075469 8
    2.03473 0.240598 3
    2.60722 0.471695 2
    3.84554 0.080189 1
  4.70063 14 + 2
    0.94506 0.1597 17
    1.31208 0.8403 10
  4.72814 4 + 2
    3.88136 0.9009 1
    4.72814 0.0991 0
  4.73 0 + 1
    3.88322 1 1
  4.73733 4 + 5
    0.61739 0.085764 24
    1.61722 0.118992 7
    2.07974 0.476167 3
    3.89055 0.128591 1
    4.73733 0.190487 0
  4.78412 4 + 3
    1.66401 0.1009 7
    3.93734 0.4587 1
    4.78412 0.4404 0
  4.802 2 - 2
    3.95522 0.5 1
    4.802 0.5 0
  4.81268 10 + 3
    0.69274 0.333333 24
    1.05711 0.333333 17
    1.36733 0.333333 11
  4.82 2 - 2
    3.97322 0.5 1
    4.82 0.5 0
  4.8479 4 + 3
    2.19031 0.333333 3
    2.7628 0.333333 2
    4.8479 0.333333 0
  4.86652 2 + 9
    1.26631 0.005137 13
    1.41811 0.082178 12
    1.42117 0.009245 11
    1.49657 0.040059 9
    1.74641 0.0113 7
    1.90655 0.281994 5
    2.20893 0.030819 3
    4.01974 0.513589 1
    4.86652 0.025679 0
  4.878 4 + 4
    1.91803 0.196 5
    2.7929 0.2736 2
    4.03122 0.3378 1
    4.878 0.1926 0
  4.8817 2 - 2
    4.03492 0.5 1
    4.8817 0.5 0
  4.8871 6 + 1
    1.05733 1 19
  5.02349 2 + 6
    0.90355 0.029923 24
    1.57508 0.240422 12
    1.65354 0.249922 9
    2.06352 0.378634 5
    4.17671 0.026882 1
    5.02349 0.074217 0
  5.0267 10 - 2
    1.9505 0.5 6
    2.9416 0.5 2
  5.03302 8 + 3
    1.27745 0.1839 17
    2.94792 0.5747 2
    4.18624 0.2414 1
  5.03849 8 + 1
    1.91552 1 8
  5.05587 6 + 2
    0.757771 0.5953 25
    2.97077 0.4047 2
  5.12211 10 - 1
    3.03701 1 2
  5.13166 4 + 5
    0.67313 0.119104 32
    1.08277 0.091273 21
    1.68631 0.396812 11
    2.00869 0.238107 8
    4.28488 0.154705 1
  5.14954 4 + 2
    2.02657 0.2126 8
    3.06444 0.7874 2
  5.1843 16 + 1
    1.42873 1 17
  5.18682 4 + 2
    1.13793 0.5 21
    3.10172 0.5 2
  5.1948 4 + 5
    1.58459 0.089851 15
    2.07469 0.089841 7
    2.2533 0.179702 4
    2.53721 0.250003 3
    4.34802 0.390604 1
  5.219 2 - 2
    4.37222 0.5 1
    5.219 0.5 0
  5.2273 2 - 1
    5.2273 1 0
  5.23257 4 + 6
    1.13221 0.04788 23
    1.18368 0.1543 21
    1.78416 0.03192 12
    1.78722 0.1489 11
    3.14747 0.0851 2
    4.38579 0.5319 1
  5.23589 8 + 9
    0.54357 0.067788 42
    0.77736 0.091647 32
    0.93779 0.063748 25
    1.13553 0.135496 23
    1.187 0.023899 21
    1.48032 0.019919 17
    1.79054 0.067718 11
    1.84734 0.131496 10
    3.15079 0.398288 2
  5.249 8 + 2
    3.1639 0.5 2
    4.40222 0.5 1
  5.2557 16 + 2
    1.50013 0.2806 17
    1.86715 0.7194 10
  5.2569 4 + 2
    4.41012 0.5 1
    5.2569 0.5 0
  5.2839 6 - 2
    3.1988 0.5 2
    4.43712 0.5 1
  5.296 0 + 2
    4.44922 0.5 1
    5.296 0.5 0
  5.30294 8 + 4
    1.00484 0.097319 25
    1.91439 0.216219 10
    2.17997 0.145913 8
    3.21784 0.540549 2
  5.30781 12 + 3
    1.00971 0.333333 25
    1.91926 0.333333 10
    3.22271 0.333333 2
  5.386 0 + 2
    4.53922 0.5 1
    5.386 0.5 0
  5.4023 2 - 1
    2.4608 1 4
  5.4516 8 + 6
    1.1535 0.1579 25
    1.1535 0.1579 25
    1.40271 0.1136 21
    1.69603 0.277 17
    2.06305 0.2659 10
    4.60482 0.0277 1
  5.47915 8 + 1
    3.39405 1 2
  5.48824 6 - 3
    1.12011 0.214 28
    2.04289 0.3209 11
    3.40314 0.4651 2
  5.50294 2 - 4
    1.40258 0.1016 23
    2.13299 0.2195 9
    2.84535 0.2724 3
    3.41784 0.4065 2
  5.5116 4 + 1
    2.14165 1 9
  5.528 6 - 2
    3.4429 0.5 2
    4.68122 0.5 1
  5.53807 2 - 4
    2.16812 0.1293 9
    2.88048 0.27 3
    4.69129 0.2205 1
    5.53807 0.3802 0
  5.56238 6 - 2
    3.47728 0.5 2
    4.7156 0.5 1
  5.57351 4 + 1
    4.72673 1 1
  5.59006 2 - 5
    2.14165 0.19918 12
    2.14471 0.131487 11
    2.22011 0.111589 9
    2.93247 0.39836 3
    4.74328 0.159384 1
  5.61836 8 + 4
    2.22981 0.065219 10
    2.65839 0.117398 5
    3.53326 0.382592 2
    4.77158 0.434791 1
  5.62386 10 - 4
    1.5235 0.1978 23
    1.86829 0.304 17
    2.50089 0.1319 8
    3.53876 0.3663 2
  5.62684 16 + 3
    0.92621 0.877218 43
    1.87127 0.043851 17
    2.23829 0.078932 10
  5.66118 6 - 1
    5.66118 1 0
  5.67033 2 - 3
    2.71036 0.2128 5
    3.58523 0.5319 2
    4.82355 0.2553 1
  5.684 6 - 2
    3.5989 0.5 2
    4.83722 0.5 1
  5.69798 4 + 1
    1.29671 1 30
  5.70543 4 + 5
    2.26008 0.207292 11
    2.58532 0.098036 7
    2.74546 0.168093 5
    3.62033 0.280089 2
    4.85865 0.24649 1
  5.725 2 - 2
    4.87822 0.5 1
    5.725 0.5 0
  5.737 6 - 2
    3.6519 0.5 2
    4.89022 0.5 1
  5.774 8 + 2
    1.3263 0.2537 31
    3.11641 0.7463 3
  5.7952 2 - 1
    4.94842 1 1
  5.80134 10 - 2
    1.97157 0.5 19
    2.85984 0.5 4
  5.8063 2 - 1
    4.95952 1 1
  5.81722 6 - 1
    2.44727 1 9
  5.8243 0 - 2
    2.37589 0.5 12
    2.70419 0.5 7
  5.853 2 - 1
    5.853 1 0
  5.8615 8 + 1
    2.90153 1 5
  5.87126 6 - 4
    1.55126 0.25 27
    2.12713 0.25 16
    2.75115 0.25 7
    3.78616 0.25 2
  5.8741 10 - 2
    2.7979 0.5 6
    3.789 0.5 2
  5.8827 2 - 2
    5.03592 0.5 1
    5.8827 0.5 0
  5.91351 4 + 2
    5.06673 0.5 1
    5.91351 0.5 0
  5.91453 6 - 5
    1.22221 0.068813 42
    1.5196 0.055052 29
    1.61643 0.110104 25
    3.82943 0.458718 2
    5.06775 0.307312 1
  5.9214 0 - 2
    2.47299 0.5 12
    2.80129 0.5 7
  5.93617 4 + 2
    2.07967 0.3289 20
    5.08939 0.6711 1
  5.94148 2 - 2
    5.0947 0.5 1
    5.94148 0.5 0
  5.96581 6 - 1
    2.36012 1 14
  5.98686 10 - 3
    1.44736 0.20098 34
    2.54151 0.478452 11
    5.14008 0.320568 1
  6.002 2 - 2
    5.15522 0.5 1
    6.002 0.5 0
  6.013 6 - 2
    3.9279 0.5 2
    5.16622 0.5 1
  6.02111 0 - 1
    5.17433 1 1
  6.03168 2 - 2
    5.1849 0.5 1
    6.03168 0.5 0
  6.041 14 - 2
    2.28543 0.5 17
    2.65245 0.5 10
  6.04753 6 - 2
    1.50803 0.5 34
    5.20075 0.5 1
  6.055 4 + 2
    5.20822 0.5 1
    6.055 0.5 0
  6.06179 8 + 6
    1.61409 0.143303 31
    1.76369 0.174504 25
    2.30622 0.077882 17
    2.46158 0.130803 13
    3.97669 0.311506 2
    5.21501 0.162003 1
  6.0716 12 + 2
    2.94863 0.5 8
    3.9865 0.5 2
  6.078 2 - 1
    6.078 1 0
  6.0922 6 - 3
    2.64379 0.333333 12
    2.72225 0.333333 9
    4.0071 0.333333 2
  6.10221 4 - 3
    2.49652 0.2813 14
    2.6538 0.5208 12
    5.25543 0.1979 1
  6.1106 10 - 1
    4.0255 1 2
  6.1157 2 - 1
    0.86 1 72
  6.13124 4 + 3
    2.0113 0.319068 24
    3.17127 0.20478 5
    5.28446 0.476152 1
  6.14635 6 - 2
    4.06125 0.5 2
    5.29957 0.5 1
  6.174 0 - 2
    2.72559 0.5 12
    3.05389 0.5 7
  6.201 2 - 2
    5.35422 0.5 1
    6.201 0.5 0
  6.219 4 - 1
    6.219 1 0
  6.25078 2 - 2
    5.404 0.3902 1
    6.25078 0.6098 0
  6.265 8 + 2
    4.1799 0.5 2
    5.41822 0.5 1
  6.289 6 - 2
    4.2039 0.5 2
    5.44222 0.5 1
  6.31275 4 - 1
    1.86505 1 31
  6.316 6 - 2
    4.2309 0.5 2
    5.46922 0.5 1
  6.3276 0 - 2
    2.87919 0.5 12
    3.20749 0.5 7
  6.351 10 - 2
    3.2748 0.5 6
    4.2659 0.5 2
  6.363 4 - 2
    2.91765 0.5 11
    3.24289 0.5 7
  6.38699 2 - 1
    2.28663 1 23
  6.397 6 - 2
    4.3119 0.5 2
    5.55022 0.5 1
  6.4348 4 - 2
    2.98945 0.5 11
    3.31469 0.5 7
  6.43708 2 - 2
    5.5903 0.5 1
    6.43708 0.5 0
  6.4395 6 - 2
    4.3544 0.5 2
    5.59272 0.5 1
  6.44291 4 - 2
    2.99756 0.5 11
    3.3228 0.5 7
  6.44692 0 - 4
    2.61715 0.1043 19
    2.84123 0.1422 14
    2.84671 0.2796 13
    3.32681 0.4739 7
  6.4544 2 - 1
    5.60762 1 1
  6.4725 10 - 1
    2.35256 1 24
  6.489 4 + 2
    5.64222 0.5 1
    6.489 0.5 0
  6.5124 0 + 2
    5.66562 0.5 1
    6.5124 0.5 0
  6.527 6 - 2
    4.4419 0.5 2
    5.68022 0.5 1
  6.543 2 - 2
    5.69622 0.5 1
    6.543 0.5 0
  6.555 4 - 2
    3.10965 0.5 11
    3.43489 0.5 7
  6.56681 0 + 2
    5.72003 0.5 1
    6.56681 0.5 0
  6.593 6 - 2
    4.5079 0.5 2
    5.74622 0.5 1
  6.613 2 - 2
    5.76622 0.5 1
    6.613 0.5 0
  6.62194 4 - 2
    3.17659 0.5 11
    3.50183 0.5 7
  6.6251 8 - 3
    3.02489 0.4484 13
    3.17975 0.2108 11
    3.66513 0.3408 5
  6.652 6 - 2
    4.5669 0.5 2
    5.80522 0.5 1
  6.66662 6 - 2
    4.58152 0.5 2
    5.81984 0.5 1
  6.67 2 - 2
    5.82322 0.5 1
    6.67 0.5 0
  6.698 2 - 2
    5.85122 0.5 1
    6.698 0.5 0
  6.7 0 + 2
    5.85322 0.5 1
    6.7 0.5 0
  6.7159 4 - 2
    3.27055 0.5 11
    3.59579 0.5 7
  6.725 8 + 2
    4.6399 0.5 2
    5.87822 0.5 1
  6.742 4 - 2
    3.29665 0.5 11
    3.62189 0.5 7
  6.76741 10 + 2
    2.91091 0.5 20
    3.32206 0.5 11
  6.781 6 - 2
    4.6959 0.5 2
    5.93422 0.5 1
  6.8 0 + 2
    5.95322 0.5 1
    6.8 0.5 0
  6.8078 4 - 2
    3.36245 0.5 11
    3.68769 0.5 7
  6.843 2 + 2
    3.39765 0.5 11
    3.72289 0.5 7
  6.8509 18 + 1
    1.22406 1 92
  6.85467 8 - 1
    1.7988 1 60
  6.86973 6 - 2
    4.78463 0.5 2
    6.02295 0.5 1
  6.88313 4 + 2
    6.03635 0.5 1
    6.88313 0.5 0
  6.88998 2 - 1
    3.94848 1 4
  6.916 4 + 2
    6.06922 0.5 1
    6.916 0.5 0
  6.926 2 - 1
    6.926 1 0
  6.94 6 + 2
    3.49465 0.5 11
    3.81989 0.5 7
  6.978 8 - 2
    3.1215 0.5 20
    3.53265 0.5 11
  6.98168 4 + 2
    4.32409 0.4624 3
    6.1349 0.5376 1
  6.994 10 - 2
    3.9178 0.5 6
    4.9089 0.5 2
  7.008 6 + 1
    4.9229 1 2
  7.0108 2 - 1
    3.9346 1 6
  7.0298 4 + 2
    6.18302 0.5 1
    7.0298 0.5 0
  7.055 12 - 2
    2.24232 0.5 49
    2.35437 0.5 43
  7.0616 2 + 2
    3.61625 0.5 11
    3.94149 0.5 7
  7.07137 8 - 1
    4.98627 1 2
  7.0846 6 + 1
    0.968899 1 131
  7.09 4 - 2
    3.64465 0.5 11
    3.96989 0.5 7
  7.102 4 + 2
    6.25522 0.5 1
    7.102 0.5 0
  7.124 0 + 2
    6.27722 0.5 1
    7.124 0.5 0
  7.135 2 - 1
    7.135 1 0
  7.154 6 - 2
    5.0689 0.5 2
    6.30722 0.5 1
  7.16727 2 + 2
    6.32049 0.3506 1
    7.16727 0.6494 0
  7.1772 20 + 1
    1.9203 1 73
  7.1883 8 - 2
    3.3318 0.5 20
    3.74295 0.5 11
  7.1985 4 - 2
    3.75315 0.5 11
    4.07839 0.5 7
  7.204 6 + 2
    3.75865 0.5 11
    4.08389 0.5 7
  7.2115 2 - 1
    6.36472 1 1
  7.22 0 + 2
    3.61979 0.4565 13
    6.37322 0.5435 1
  7.248 2 - 1
    7.248 1 0
  7.25419 0 + 1
    3.64398 1 15
  7.2858 4 - 2
    3.84045 0.5 11
    4.16569 0.5 7
  7.312 6 + 2
    3.86665 0.5 11
    4.19189 0.5 7
  7.3985 10 - 2
    4.3223 0.5 6
    5.3134 0.5 2
  7.42267 4 + 2
    6.57589 0.8547 1
    7.42267 0.1453 0
  7.4465 2 - 1
    7.4465 1 0
  7.4685 2 + 1
    7.4685 1 0
  7.475 6 - 2
    5.3899 0.5 2
    6.62822 0.5 1
  7.5036 18 + 2
    2.2467 0.1402 73
    2.3193 0.8598 64
  7.54129 8 - 2
    3.68479 0.5 20
    4.09594 0.5 11
  7.58 4 + 2
    6.73322 0.5 1
    7.58 0.5 0
  7.63 6 - 2
    5.5449 0.5 2
    6.78322 0.5 1
  7.67 4 + 2
    6.82322 0.5 1
    7.67 0.5 0
  7.72 8 - 2
    3.8635 0.5 20
    4.27465 0.5 11
  7.76861 4 + 2
    3.08557 0.5 41
    5.68351 0.5 2
  7.8206 20 + 2
    0.969701 0.8158 177
    2.5649 0.1842 72
  7.8758 4 + 2
    7.02902 0.5 1
    7.8758 0.5 0
  7.88654 6 - 2
    1.95037 0.3007 114
    7.88654 0.6993 0
  8.05 10 - 2
    4.9738 0.5 6
    5.9649 0.5 2
  8.11 0 + 2
    7.26322 0.5 1
    8.11 0.5 0
  8.12 4 + 2
    7.27322 0.5 1
    8.12 0.5 0
  8.128 2 - 1
    8.128 1 0
  8.13822 8 - 2
    4.28172 0.5 20
    4.69287 0.5 11
  8.219 6 - 1
    8.219 1 0
  8.2397 2 + 1
    8.2397 1 0
  8.24776 6 - 1
    7.40098 1 1
  8.30959 8 + 2
    7.46281 0.7407 1
    8.30959 0.2593 0
  8.32965 4 - 2
    4.8843 0.5 11
    5.20954 0.5 7
  8.4148 20 + 2
    2.78796 0.86 92
    3.1579 0.14 73
  8.44787 2 - 1
    7.60109 1 1
  8.53595 2 + 2
    5.0906 0.5 11
    5.41584 0.5 7
  8.6799 22 + 2
    0.2651 0.1414 236
    0.8593 0.8586 223
  8.75847 4 - 3
    3.97435 0.3227 47
    5.15826 0.3546 13
    5.38852 0.3227 9
  8.767 6 - 1
    8.767 1 0
  8.879 10 + 1
    8.879 1 0
  8.9099 4 - 1
    8.9099 1 0
  8.962 8 + 1
    8.962 1 0
  8.989 6 - 1
    8.989 1 0
  9.107 2 + 1
    9.107 1 0
  9.1403 2 - 1
    9.1403 1 0
  9.154 4 + 2
    8.30722 0.5 1
    9.154 0.5 0
  9.2 0 + 2
    8.35322 0.5 1
    9.2 0.5 0
  9.28 16 + 2
    5.52443 0.5 17
    5.89145 0.5 10
  9.287 6 - 1
    9.287 1 0
  9.311 4 - 1
    9.311 1 0
  9.322 8 - 1
    9.322 1 0
  9.3447 22 + 1
    1.8411 1 216
  9.3782 22 + 1
    0.9634 1 236
  9.402 6 - 1
    9.402 1 0
  9.55762 4 - 1
    9.55762 1 0
  9.666 2 + 1
    9.666 1 0
  9.737 6 - 1
    9.737 1 0
  9.768 4 + 1
    9.768 1 0
  9.895 8 - 1
    9.895 1 0
  9.9 12 + 2
    6.77703 0.5 8
    7.8149 0.5 2
  9.948 2 - 1
    9.948 1 0
  9.969 10 + 1
    9.969 1 0
  10.06 4 - 1
    10.06 1 0
  10.0944 24 + 1
    1.4145 1 239
  10.497 2 - 1
    10.497 1 0
  10.5631 24 + 1
    1.1849 1 255
  10.8989 26 + 1
    1.5542 1 254
  11.133 2 - 1
    11.133 1 0
  11.5037 6 + 2
    8.05835 0.5 11
    8.38359 0.5 7
  11.5935 2 + 2
    8.14815 0.5 11
    8.47339 0.5 7
  11.5987 2 + 2
    8.15335 0.5 11
    8.47859 0.5 7
  11.6036 2 + 2
    8.15825 0.5 11
    8.48349 0.5 7
  11.6096 4 - 2
    8.16425 0.5 11
    8.48949 0.5 7
  11.6129 2 + 2
    8.16755 0.5 11
    8.49279 0.5 7
  11.6177 6 - 2
    9.5326 0.5 2
    10.7709 0.5 1
  11.638 6 - 2
    9.5529 0.5 2
    10.7912 0.5 1
  11.6407 6 - 2
    9.5556 0.5 2
    10.7939 0.5 1
  11.644 6 - 2
    9.5589 0.5 2
    10.7972 0.5 1
  11.664 6 - 2
    9.5789 0.5 2
    10.8172 0.5 1
  11.678 8 + 2
    9.5929 0.5 2
    10.8312 0.5 1
  11.6806 8 + 2
    9.5955 0.5 2
    10.8338 0.5 1
  11.6882 8 + 2
    9.6031 0.5 2
    10.8414 0.5 1
  11.6921 4 + 2
    10.8453 0.5 1
    11.6921 0.5 0
  11.8328 6 + 2
    8.38745 0.5 11
    8.71269 0.5 7
  11.8408 6 + 2
    8.39545 0.5 11
    8.72069 0.5 7
  11.85 6 + 2
    8.40465 0.5 11
    8.72989 0.5 7
  11.8796 10 + 2
    8.0231 0.5 20
    8.43425 0.5 11
  11.8868 10 + 2
    8.0303 0.5 20
    8.44145 0.5 11
  11.9133 8 + 2
    9.8282 0.5 2
    11.0665 0.5 1
  11.9252 6 + 2
    8.47985 0.5 11
    8.80509 0.5 7
  11.9477 8 - 2
    8.0912 0.5 20
    8.50235 0.5 11
  11.9526 8 + 2
    9.8675 0.5 2
    11.1058 0.5 1
  11.9581 6 + 2
    8.51275 0.5 11
    8.83799 0.5 7
  11.964 26 + 1
    1.4009 1 268
  12.44 4 - 2
    8.99465 0.5 11
    9.31989 0.5 7
  12.52 4 - 2
    9.07465 0.5 11
    9.39989 0.5 7

26 57 180
  0 1 - 0
  0.014413 3 - 1
    0.014413 1 0
  0.136474 5 - 2
    0.122061 0.8824 1
    0.136474 0.1176 0
  0.366759 3 - 3
    0.230285 0.072681 2
    0.352346 0.787916 1
    0.366759 0.139403 0
  0.706416 5 - 4
    0.339657 0.014379 3
    0.569942 0.092915 2
    0.692003 0.844558 1
    0.706416 0.048148 0
  1.00713 7 - 3
    0.640371 0.030081 3
    0.870656 0.639813 2
    0.992717 0.330107 1
  1.1399 9 - 2
    0.433484 0.5 4
    1.00343 0.5 2
  1.19781 9 - 1
    1.06134 1 2
  1.26552 1 - 3
    0.898761 0.930237 3
    1.25111 0.044652 1
    1.26552 0.025111 0
  1.35683 7 - 3
    0.650414 0.5465 4
    0.990071 0.235 3
    1.34242 0.2185 1
  1.62726 3 - 4
    0.920844 0.085983 4
    1.2605 0.280511 3
    1.61285 0.609724 1
    1.62726 0.023781 0
  1.72538 3 - 5
    0.45986 0.003282 8
    1.01896 0.1886 4
    1.35862 0.09769 3
    1.71097 0.02733 1
    1.72538 0.683099 0
  1.97663 3 - 3
    0.25125 0.1682 11
    1.84016 0.6708 2
    1.97663 0.161 0
  1.98966 9 - 3
    0.79185 0.2705 7
    0.98253 0.3197 5
    1.28324 0.4098 4
  1.991 3 - 2
    1.62424 0.5 3
    1.97659 0.5 1
  2.11311 5 - 2
    0.84759 0.2126 8
    2.11311 0.7874 0
  2.1186 5 - 3
    1.11147 0.146485 5
    1.41218 0.50505 4
    2.10419 0.348465 1
  2.20688 5 - 4
    0.94136 0.03419 8
    1.19975 0.179502 5
    2.19247 0.427304 1
    2.20688 0.359004 0
  2.21766 5 + 3
    1.8509 0.2063 3
    2.08119 0.3453 2
    2.20325 0.4484 1
  2.2202 7 - 3
    1.85344 0.049019 3
    2.08373 0.460791 2
    2.20579 0.49019 1
  2.33041 3 + 1
    0.70315 1 10
  2.35596 11 - 2
    1.15815 0.2908 7
    1.34883 0.7092 5
  2.358 3 - 2
    1.99124 0.5 3
    2.34359 0.5 1
  2.45555 9 + 1
    1.44842 1 5
  2.48064 7 + 2
    1.77423 0.5 4
    2.34417 0.5 2
  2.50529 5 + 5
    0.77991 0.027779 11
    1.79887 0.055558 4
    2.13853 0.555578 3
    2.36882 0.26109 2
    2.49088 0.099996 1
  2.56422 3 - 2
    0.83884 0.637 11
    2.56422 0.363 0
  2.5745 5 - 2
    2.20774 0.2754 3
    2.5745 0.7246 0
  2.5936 3 - 3
    1.58647 0.41 5
    1.88718 0.5 4
    2.5936 0.09 0
  2.5994 1 - 2
    2.46293 0.6993 2
    2.5994 0.3007 0
  2.69717 1 - 4
    1.99075 0.037429 4
    2.33041 0.080207 3
    2.68276 0.534779 1
    2.69717 0.347586 0
  2.7583 7 + 2
    1.49278 0.2126 8
    2.39154 0.7874 3
  2.82107 1 + 2
    0.60341 0.6944 18
    1.81394 0.3056 5
  2.83589 13 + 6
    0.72278 0.006048 15
    1.82876 0.01815 5
    2.12947 0.403209 4
    2.46913 0.362908 3
    2.82148 0.060481 1
    2.83589 0.149203 0
  2.855 7 + 2
    2.14858 0.5 4
    2.71853 0.5 2
  2.8787 13 - 1
    1.68089 1 7
  2.90428 1 + 2
    2.19786 0.6803 4
    2.53752 0.3197 3
  2.9212 5 + 4
    1.65568 0.1927 8
    2.55444 0.1422 3
    2.90679 0.2064 1
    2.9212 0.4587 0
  2.97089 11 + 1
    2.60413 1 3
  2.98795 7 + 3
    0.65754 0.397888 20
    1.72243 0.523584 8
    2.62119 0.078528 3
  3.0591 1 + 2
    2.69234 0.3333 3
    2.92263 0.6667 2
  3.09895 5 + 1
    2.09182 1 5
  3.11 15 + 2
    0.13911 0.5 38
    0.2313 0.5 35
  3.12276 3 + 1
    2.756 1 3
  3.1348 15 - 1
    0.2561 1 35
  3.18277 7 + 6
    0.21188 0.1572 38
    0.97589 0.09748 17
    1.45739 0.07862 11
    1.82594 0.1761 9
    2.81601 0.1761 3
    3.16836 0.3145 1
  3.2056 5 + 1
    0.98794 1 18
  3.23989 1 + 7
    0.7346 0.021412 25
    1.02223 0.026753 18
    1.26326 0.053145 12
    2.87313 0.19612 3
    3.10342 0.356636 2
    3.22548 0.160516 1
    3.23989 0.185419 0
  3.26926 13 + 2
    0.81371 0.3289 23
    0.9133 0.6711 21
  3.284 3 + 2
    3.14753 0.5 2
    3.284 0.5 0
  3.30177 5 + 3
    1.67451 0.29533 10
    2.10396 0.518152 7
    2.93501 0.186519 3
  3.32248 9 + 4
    0.56418 0.333297 31
    1.1156 0.135999 17
    1.34585 0.092109 12
    1.96565 0.438596 9
  3.33659 7 + 1
    2.96983 1 3
  3.34033 3 + 1
    0.88478 1 23
  3.345 5 + 2
    2.97824 0.5 3
    3.33059 0.5 1
  3.37111 3 - 3
    1.0407 0.069235 20
    1.64573 0.161511 11
    3.3567 0.769254 1
  3.42768 3 - 4
    2.72126 0.398508 4
    3.06092 0.043601 3
    3.29121 0.089082 2
    3.41327 0.468809 1
  3.452 1 + 2
    3.08524 0.5 3
    3.43759 0.5 1
  3.473 7 + 2
    2.76658 0.5 4
    3.33653 0.5 2
  3.5138 17 + 1
    0.379 1 44
  3.535 5 - 2
    3.39853 0.5 2
    3.535 0.5 0
  3.54196 9 + 1
    1.81658 1 11
  3.548 1 - 2
    3.41153 0.5 2
    3.548 0.5 0
  3.56134 5 + 2
    0.80304 0.7246 31
    1.44823 0.2754 15
  3.608 7 - 2
    3.24124 0.5 3
    3.59359 0.5 1
  3.63476 3 + 1
    2.0075 1 10
  3.661 11 - 2
    2.30417 0.5 9
    2.65387 0.5 5
  3.752 5 + 2
    3.38524 0.5 3
    3.73759 0.5 1
  3.784 1 - 2
    3.64753 0.5 2
    3.784 0.5 0
  3.79159 3 + 7
    1.46118 0.058302 20
    1.58471 0.051152 17
    2.06621 0.357711 11
    2.16433 0.146604 10
    2.52607 0.211006 8
    3.77718 0.057222 1
    3.79159 0.118004 0
  3.827 7 - 2
    3.46024 0.5 3
    3.81259 0.5 1
  3.86242 5 + 1
    1.65554 1 17
  3.881 9 - 2
    3.17458 0.5 4
    3.74453 0.5 2
  3.902 3 + 2
    3.76553 0.5 2
    3.902 0.5 0
  3.926 1 - 2
    3.78953 0.5 2
    3.926 0.5 0
  3.9361 5 + 1
    3.92169 1 1
  3.98118 3 - 4
    1.16011 0.055757 32
    1.28401 0.286283 30
    1.38178 0.371778 29
    3.98118 0.286183 0
  4.0426 7 + 1
    2.41534 1 10
  4.081 1 - 2
    3.94453 0.5 2
    4.081 0.5 0
  4.093 5 + 2
    3.72624 0.5 3
    4.07859 0.5 1
  4.13662 3 - 7
    0.575281 0.241915 63
    0.834851 0.268816 50
    1.07752 0.051083 40
    1.21542 0.129008 37
    1.28162 0.115607 34
    1.30073 0.115607 33
    1.92974 0.077965 17
  4.13857 5 + 4
    1.63328 0.454568 25
    2.78174 0.368174 9
    3.77181 0.099993 3
    4.0021 0.077265 2
  4.1443 7 - 1
    2.51704 1 10
  4.20959 3 - 12
    0.574835 0.104101 65
    1.02682 0.03688 45
    1.11064 0.03688 41
    1.30531 0.052061 36
    1.7043 0.082431 25
    2.09648 0.03688 15
    2.58233 0.067251 10
    2.94407 0.060741 8
    3.84283 0.216902 3
    4.07312 0.156202 2
    4.19518 0.097611 1
    4.20959 0.052061 0
  4.239 9 + 2
    2.88217 0.5 9
    3.23187 0.5 5
  4.316 11 + 2
    3.11819 0.5 7
    3.1761 0.5 6
  4.363 1 - 2
    4.22653 0.5 2
    4.363 0.5 0
  4.37868 7 + 5
    0.33608 0.132993 77
    1.00757 0.101095 55
    1.25592 0.069147 43
    2.6533 0.164892 11
    4.37868 0.531873 0
  4.40592 5 - 3
    1.48472 0.164192 37
    1.70875 0.089546 30
    4.03916 0.746263 3
  4.4324 3 + 1
    1.2976 1 44
  4.4597 9 - 6
    1.11937 0.02194 53
    1.3497 0.054269 42
    1.7014 0.121198 31
    2.34659 0.063509 15
    2.73432 0.161697 11
    2.83244 0.577388 10
  4.492 5 + 2
    4.12524 0.5 3
    4.47759 0.5 1
  4.525 1 - 2
    4.38853 0.5 2
    4.525 0.5 0
  4.53477 17 + 1
    1.26551 1 48
  4.544 1 + 2
    4.17724 0.5 3
    4.52959 0.5 1
  4.5728 1 + 1
    1.9734 1 29
  4.5974 5 + 1
    2.03318 1 26
  4.652 3 - 2
    4.28524 0.5 3
    4.63759 0.5 1
  4.68 7 - 2
    4.31324 0.5 3
    4.66559 0.5 1
  4.69175 5 + 8
    1.35516 0.209602 52
    1.36927 0.209602 51
    1.48615 0.04822 46
    1.83675 0.096441 34
    1.85586 0.096441 33
    2.18646 0.064991 25
    2.48487 0.130001 17
    4.55528 0.144701 2
  4.719 3 - 2
    4.35224 0.5 3
    4.70459 0.5 1
  4.753 7 - 2
    4.38624 0.5 3
    4.73859 0.5 1
  4.771 3 - 2
    4.40424 0.5 3
    4.75659 0.5 1
  4.8239 9 + 1
    1.58401 1 47
  4.902 7 - 2
    4.53524 0.5 3
    4.88759 0.5 1
  4.9229 5 + 2
    2.41761 0.5882 25
    3.56607 0.4118 9
  4.97 3 - 2
    4.60324 0.5 3
    4.95559 0.5 1
  4.976 11 + 2
    3.77819 0.5 7
    3.8361 0.5 6
  5.019 5 - 2
    4.88253 0.5 2
    5.019 0.5 0
  5.064 3 + 2
    4.92753 0.5 2
    5.064 0.5 0
  5.085 7 - 2
    4.71824 0.5 3
    5.07059 0.5 1
  5.099 1 + 2
    4.73224 0.5 3
    5.08459 0.5 1
  5.115 1 + 2
    4.74824 0.5 3
    5.10059 0.5 1
  5.14025 3 - 3
    1.90036 0.215678 47
    2.57603 0.392161 26
    3.02714 0.392161 15
  5.17844 1 + 3
    1.19726 0.5988 76
    2.48127 0.1018 30
    5.04197 0.2994 2
  5.195 5 - 2
    5.05853 0.5 2
    5.195 0.5 0
  5.2216 9 - 3
    2.38571 0.2907 33
    3.01472 0.3876 17
    4.85484 0.3217 3
  5.2387 7 + 2
    4.53228 0.5 4
    5.10223 0.5 2
  5.25 1 + 2
    4.88324 0.5 3
    5.23559 0.5 1
  5.271 1 + 2
    4.90424 0.5 3
    5.25659 0.5 1
  5.289 5 + 2
    4.92224 0.5 3
    5.27459 0.5 1
  5.334 3 - 2
    4.96724 0.5 3
    5.31959 0.5 1
  5.3621 5 + 1
    2.85681 1 25
  5.404 3 - 2
    5.03724 0.5 3
    5.38959 0.5 1
  5.422 7 - 2
    5.05524 0.5 3
    5.40759 0.5 1
  5.445 9 - 2
    4.73858 0.5 4
    5.30853 0.5 2
  5.472 3 - 2
    5.10524 0.5 3
    5.45759 0.5 1
  5.5 1 + 2
    5.13324 0.5 3
    5.48559 0.5 1
  5.512 5 - 2
    5.37553 0.5 2
    5.512 0.5 0
  5.525 1 + 2
    5.15824 0.5 3
    5.51059 0.5 1
  5.545 7 - 2
    5.17824 0.5 3
    5.53059 0.5 1
  5.564 3 + 2
    5.42753 0.5 2
    5.564 0.5 0
  5.59 5 - 2
    5.45353 0.5 2
    5.59 0.5 0
  5.623 3 + 2
    5.48653 0.5 2
    5.623 0.5 0
  5.641 5 - 2
    5.50453 0.5 2
    5.641 0.5 0
  5.675 7 + 2
    4.96858 0.5 4
    5.53853 0.5 2
  5.688 9 - 2
    4.98158 0.5 4
    5.55153 0.5 2
  5.721 11 + 2
    4.52319 0.5 7
    4.5811 0.5 6
  5.737 1 + 2
    5.37024 0.5 3
    5.72259 0.5 1
  5.769 3 - 2
    5.40224 0.5 3
    5.75459 0.5 1
  5.802 5 - 2
    5.66553 0.5 2
    5.802 0.5 0
  5.825 7 + 2
    5.11858 0.5 4
    5.68853 0.5 2
  5.844 1 + 2
    5.47724 0.5 3
    5.82959 0.5 1
  5.864 3 - 2
    5.49724 0.5 3
    5.84959 0.5 1
  5.9 5 - 2
    5.76353 0.5 2
    5.9 0.5 0
  5.918 9 + 2
    4.56117 0.5 9
    4.91087 0.5 5
  5.936 3 - 2
    5.56924 0.5 3
    5.92159 0.5 1
  5.956 7 + 2
    5.24958 0.5 4
    5.81953 0.5 2
  5.983 5 - 2
    5.84653 0.5 2
    5.983 0.5 0
  6.025 3 + 2
    5.88853 0.5 2
    6.025 0.5 0
  6.044 5 - 2
    5.90753 0.5 2
    6.044 0.5 0
  6.083 7 + 2
    5.37658 0.5 4
    5.94653 0.5 2
  6.103 11 - 2
    4.74617 0.5 9
    5.09587 0.5 5
  6.13 1 + 2
    5.76324 0.5 3
    6.11559 0.5 1
  6.148 3 - 2
    5.78124 0.5 3
    6.13359 0.5 1
  6.171 5 + 2
    5.80424 0.5 3
    6.15659 0.5 1
  6.1871 21 + 1
    1.65233 1 93
  6.194 9 - 2
    5.48758 0.5 4
    6.05753 0.5 2
  6.212 1 + 2
    5.84524 0.5 3
    6.19759 0.5 1
  6.23 3 - 2
    5.86324 0.5 3
    6.21559 0.5 1
  6.252 7 - 2
    5.88524 0.5 3
    6.23759 0.5 1
  6.27 5 + 2
    5.90324 0.5 3
    6.25559 0.5 1
  6.305 3 - 2
    5.93824 0.5 3
    6.29059 0.5 1
  6.323 7 + 2
    5.61658 0.5 4
    6.18653 0.5 2
  6.34 5 - 2
    6.20353 0.5 2
    6.34 0.5 0
  6.37 9 + 2
    5.01317 0.5 9
    5.36287 0.5 5
  6.408 3 - 2
    6.04124 0.5 3
    6.39359 0.5 1
  6.427 5 + 2
    6.06024 0.5 3
    6.41259 0.5 1
  6.496 7 - 2
    6.12924 0.5 3
    6.48159 0.5 1
  6.512 3 + 2
    6.37553 0.5 2
    6.512 0.5 0
  6.542 1 + 2
    6.17524 0.5 3
    6.52759 0.5 1
  6.571 5 - 2
    6.43453 0.5 2
    6.571 0.5 0
  6.589 3 - 2
    6.22224 0.5 3
    6.57459 0.5 1
  6.64 9 + 2
    5.28317 0.5 9
    5.63287 0.5 5
  6.672 7 - 2
    6.30524 0.5 3
    6.65759 0.5 1
  6.703 5 + 2
    6.33624 0.5 3
    6.68859 0.5 1
  6.725 11 - 2
    5.36817 0.5 9
    5.71787 0.5 5
  7.6467 1 - 16
    3.24078 0.008975 88
    3.7207 0.008975 74
    3.85511 0.008975 69
    4.21902 0.005668 56
    4.27559 0.00803 55
    4.40681 0.006141 47
    4.46393 0.025979 45
    4.81081 0.007085 33
    4.94953 0.023619 30
    5.92132 0.026449 11
    6.01944 0.005196 10
    6.38118 0.165295 8
    7.27994 0.008975 3
    7.51023 0.024559 2
    7.63229 0.472386 1
    7.6467 0.193694 0
  8.323 25 + 1
    2.1359 1 156
  10.45 7 - 2
    10.0832 0.5 3
    10.4356 0.5 1

26 58 313
  0 0 + 0
  0.810766 4 + 1
    0.810766 1 0
  1.67473 4 + 2
    0.863964 0.5669 1
    1.67473 0.4331 0
  2.07652 8 + 1
    1.26575 1 1
  2.1339 6 + 2
    0.45917 0.265 2
    1.32313 0.735 1
  2.25795 0 + 1
    1.44718 1 1
  2.6004 8 + 4
    0.4665 0.1335 4
    0.52388 0.389 3
    0.92567 0.1768 2
    1.78963 0.3007 1
  2.78214 2 + 4
    0.52419 0.077983 5
    1.10741 0.22338 2
    1.97137 0.475257 1
    2.78214 0.22338 0
  2.86472 10 - 1
    0.26432 1 6
  2.87634 4 + 2
    2.06557 0.8547 1
    2.87634 0.1453 0
  2.97 10 - 2
    0.3696 0.5 6
    0.89348 0.5 3
  3.08369 4 + 2
    2.27292 0.7519 1
    3.08369 0.2481 0
  3.134 8 + 2
    1.45927 0.5 2
    2.32323 0.5 1
  3.23326 4 + 5
    0.63286 0.171099 6
    1.15674 0.321498 3
    1.55853 0.157299 2
    2.42249 0.341898 1
    3.23326 0.008207 0
  3.24397 0 + 1
    2.4332 1 1
  3.389 4 + 2
    2.57823 0.5 1
    3.389 0.5 0
  3.4497 8 + 2
    0.8493 0.6897 6
    1.3158 0.3103 4
  3.53797 2 + 3
    1.86324 0.149685 2
    2.7272 0.680232 1
    3.53797 0.170083 0
  3.543 4 + 2
    2.73223 0.5 1
    3.543 0.5 0
  3.5969 12 + 1
    1.52038 1 3
  3.6296 4 + 2
    2.81883 0.923363 1
    3.6296 0.076637 0
  3.7542 8 + 1
    1.67768 1 3
  3.78949 10 - 1
    1.71297 1 3
  3.854 4 + 2
    3.04323 0.5 1
    3.854 0.5 0
  3.8609 6 - 1
    2.18617 1 2
  3.8801 2 + 3
    1.09796 0.1174 7
    3.06933 0.4695 1
    3.8801 0.4131 0
  3.8864 12 + 4
    0.2895 0.317903 19
    0.4367 0.051681 16
    1.286 0.057311 6
    1.80988 0.573106 3
  3.90162 6 + 6
    1.30122 0.161508 6
    1.76772 0.734236 4
    1.8251 0.008076 3
    2.22689 0.069013 2
    3.09085 0.022761 1
    3.90162 0.004405 0
  4.0108 4 + 2
    3.20003 0.5 1
    4.0108 0.5 0
  4.01501 2 + 1
    3.20424 1 1
  4.08849 8 + 1
    1.48809 1 6
  4.13924 2 + 1
    4.13924 1 0
  4.158 0 + 2
    3.34723 0.5 1
    4.158 0.5 0
  4.21464 10 + 2
    1.61424 0.813 6
    2.13812 0.187 3
  4.23 8 - 2
    0.32838 0.5 27
    2.0961 0.5 4
  4.237 4 + 2
    3.42623 0.5 1
    4.237 0.5 0
  4.2978 4 + 2
    3.48703 0.5 1
    4.2978 0.5 0
  4.31292 4 + 7
    1.43658 0.01507 9
    1.71252 0.030731 6
    2.17902 0.208706 4
    2.2364 0.150704 3
    2.63819 0.579716 2
    3.50215 0.007536 1
    4.31292 0.007536 0
  4.3225 2 + 3
    1.23881 0.0344 11
    1.44616 0.6035 9
    4.3225 0.3621 0
  4.34 10 - 2
    1.7396 0.5 6
    2.26348 0.5 3
  4.348 4 + 2
    3.53723 0.5 1
    4.348 0.5 0
  4.35 0 + 2
    3.53923 0.5 1
    4.35 0.5 0
  4.3527 2 + 2
    1.57056 0.5 7
    2.2188 0.5 4
  4.398 6 - 2
    2.72327 0.5 2
    3.58723 0.5 1
  4.438 6 - 2
    2.76327 0.5 2
    3.62723 0.5 1
  4.44 6 - 2
    2.76527 0.5 2
    3.62923 0.5 1
  4.4443 2 + 2
    1.66216 0.5618 7
    4.4443 0.4382 0
  4.45 0 + 2
    3.63923 0.5 1
    4.45 0.5 0
  4.468 6 - 2
    2.79327 0.5 2
    3.65723 0.5 1
  4.4931 2 - 2
    2.81837 0.923363 2
    3.68233 0.076637 1
  4.514 6 + 2
    1.73186 0.5 7
    2.3801 0.5 4
  4.53015 4 + 3
    1.44646 0.5 11
    2.85542 0.32 2
    4.53015 0.18 0
  4.55037 2 + 5
    0.41113 0.007489 31
    1.3064 0.074712 14
    1.67403 0.357507 9
    2.87564 0.533611 2
    3.7396 0.026681 1
  4.59 4 + 2
    2.51348 0.2593 3
    3.77923 0.7407 1
  4.61 8 - 2
    0.70838 0.5 27
    2.4761 0.5 4
  4.62 4 + 2
    3.80923 0.5 1
    4.62 0.5 0
  4.661 6 - 2
    2.98627 0.5 2
    3.85023 0.5 1
  4.66938 14 + 4
    0.45474 0.174202 33
    0.78298 0.524005 26
    1.07248 0.251503 19
    1.80466 0.050291 8
  4.711 4 + 2
    3.90023 0.5 1
    4.711 0.5 0
  4.72 2 - 2
    3.90923 0.5 1
    4.72 0.5 0
  4.809 10 - 2
    2.2086 0.5 6
    2.73248 0.5 3
  4.83389 6 - 1
    2.69999 1 4
  4.89 4 + 2
    4.07923 0.5 1
    4.89 0.5 0
  4.937 4 + 2
    4.12623 0.5 1
    4.937 0.5 0
  4.99 6 - 2
    3.31527 0.5 2
    4.17923 0.5 1
  5.00023 2 + 3
    3.3255 0.767439 2
    4.18946 0.040677 1
    5.00023 0.191885 0
  5.02 10 - 2
    2.4196 0.5 6
    2.94348 0.5 3
  5.06 4 + 2
    4.24923 0.5 1
    5.06 0.5 0
  5.138 0 + 2
    4.32723 0.5 1
    5.138 0.5 0
  5.164 6 - 2
    3.48927 0.5 2
    4.35323 0.5 1
  5.213 4 + 2
    4.40223 0.5 1
    5.213 0.5 0
  5.2209 2 - 3
    2.13721 0.059298 11
    4.41013 0.042229 1
    5.2209 0.898473 0
  5.236 6 - 2
    3.56127 0.5 2
    4.42523 0.5 1
  5.254 6 - 2
    3.57927 0.5 2
    4.44323 0.5 1
  5.2948 2 - 3
    2.51266 0.4566 7
    3.1609 0.4018 4
    4.48403 0.1416 1
  5.315 2 - 2
    4.50423 0.5 1
    5.315 0.5 0
  5.34333 16 + 3
    0.67395 0.1698 57
    1.45693 0.606 26
    1.74643 0.2242 19
  5.37 8 - 2
    1.46838 0.5 27
    3.2361 0.5 4
  5.4 6 - 2
    3.72527 0.5 2
    4.58923 0.5 1
  5.406 0 + 2
    4.59523 0.5 1
    5.406 0.5 0
  5.4176 2 - 2
    3.2837 0.2754 4
    3.74287 0.7246 2
  5.462 4 + 2
    4.65123 0.5 1
    5.462 0.5 0
  5.5029 16 + 1
    1.906 1 19
  5.506 6 - 2
    3.83127 0.5 2
    4.69523 0.5 1
  5.523 0 + 1
    4.71223 1 1
  5.62 0 + 2
    4.80923 0.5 1
    5.62 0.5 0
  5.655 4 + 2
    4.84423 0.5 1
    5.655 0.5 0
  5.716 2 - 2
    4.90523 0.5 1
    5.716 0.5 0
  5.734 4 + 2
    4.92323 0.5 1
    5.734 0.5 0
  5.763 8 - 2
    1.86138 0.5 27
    3.6291 0.5 4
  5.788 6 - 2
    4.11327 0.5 2
    4.97723 0.5 1
  5.817 2 - 2
    5.00623 0.5 1
    5.817 0.5 0
  5.83 0 + 2
    5.01923 0.5 1
    5.83 0.5 0
  5.83208 18 + 1
    1.1627 1 57
  5.857 6 - 2
    4.18227 0.5 2
    5.04623 0.5 1
  5.88 8 - 2
    1.97838 0.5 27
    3.7461 0.5 4
  5.887 2 - 2
    5.07623 0.5 1
    5.887 0.5 0
  5.914 6 - 2
    4.23927 0.5 2
    5.10323 0.5 1
  5.952 4 + 2
    5.14123 0.5 1
    5.952 0.5 0
  5.989 2 - 2
    5.17823 0.5 1
    5.989 0.5 0
  6.03 8 - 2
    2.12838 0.5 27
    3.8961 0.5 4
  6.0329 18 + 1
    1.36352 1 57
  6.054 6 - 2
    4.37927 0.5 2
    5.24323 0.5 1
  6.1 2 - 2
    5.28923 0.5 1
    6.1 0.5 0
  6.146 4 + 2
    5.33523 0.5 1
    6.146 0.5 0
  6.168 0 + 2
    5.35723 0.5 1
    6.168 0.5 0
  6.202 8 - 2
    2.30038 0.5 27
    4.0681 0.5 4
  6.238 6 - 2
    4.56327 0.5 2
    5.42723 0.5 1
  6.279 2 - 2
    5.46823 0.5 1
    6.279 0.5 0
  6.2827 18 + 1
    0.939371 1 76
  6.295 10 - 2
    3.6946 0.5 6
    4.21848 0.5 3
  6.328 6 - 2
    4.65327 0.5 2
    5.51723 0.5 1
  6.348 2 - 2
    5.53723 0.5 1
    6.348 0.5 0
  6.37 8 - 2
    2.46838 0.5 27
    4.2361 0.5 4
  6.4 6 - 2
    4.72527 0.5 2
    5.58923 0.5 1
  6.436 2 - 2
    5.62523 0.5 1
    6.436 0.5 0
  6.45 0 + 2
    5.63923 0.5 1
    6.45 0.5 0
  6.476 4 - 2
    3.69386 0.5 7
    4.3421 0.5 4
  6.532 4 - 2
    3.74986 0.5 7
    4.3981 0.5 4
  6.558 8 - 2
    2.65638 0.5 27
    4.4241 0.5 4
  6.58 12 + 2
    3.9796 0.5 6
    4.50348 0.5 3
  6.593 6 - 2
    4.91827 0.5 2
    5.78223 0.5 1
  6.615 2 - 2
    5.80423 0.5 1
    6.615 0.5 0
  6.636 4 - 2
    3.85386 0.5 7
    4.5021 0.5 4
  6.65 0 + 2
    5.83923 0.5 1
    6.65 0.5 0
  6.679 6 - 2
    5.00427 0.5 2
    5.86823 0.5 1
  6.741 2 - 2
    5.93023 0.5 1
    6.741 0.5 0
  6.76 0 + 2
    5.94923 0.5 1
    6.76 0.5 0
  6.771 4 - 2
    3.98886 0.5 7
    4.6371 0.5 4
  6.789 8 - 2
    2.88738 0.5 27
    4.6551 0.5 4
  6.842 6 - 2
    5.16727 0.5 2
    6.03123 0.5 1
  6.87 10 - 2
    4.2696 0.5 6
    4.79348 0.5 3
  6.909 2 - 2
    6.09823 0.5 1
    6.909 0.5 0
  6.953 4 + 2
    6.14224 0.5 1
    6.953 0.5 0
  7.023 6 - 2
    5.34827 0.5 2
    6.21223 0.5 1
  7.028 4 - 2
    4.24586 0.5 7
    4.8941 0.5 4
  7.048 2 - 2
    6.23723 0.5 1
    7.048 0.5 0
  7.06 8 - 2
    3.15838 0.5 27
    4.9261 0.5 4
  7.094 4 - 2
    4.31186 0.5 7
    4.9601 0.5 4
  7.124 0 + 2
    6.31323 0.5 1
    7.124 0.5 0
  7.166 2 - 2
    6.35523 0.5 1
    7.166 0.5 0
  7.199 6 - 2
    5.52427 0.5 2
    6.38823 0.5 1
  7.23 8 - 2
    3.32838 0.5 27
    5.0961 0.5 4
  7.2426 20 + 1
    0.959899 1 109
  7.272 4 - 2
    4.48986 0.5 7
    5.1381 0.5 4
  7.289 6 - 2
    5.61427 0.5 2
    6.47823 0.5 1
  7.351 2 - 2
    6.54023 0.5 1
    7.351 0.5 0
  7.38 16 + 2
    3.4936 0.5 26
    3.7831 0.5 19
  7.429 4 - 2
    4.64686 0.5 7
    5.2951 0.5 4
  7.4567 20 + 2
    1.4238 0.6173 101
    1.62462 0.3827 93
  7.465 6 - 2
    5.79027 0.5 2
    6.65423 0.5 1
  7.473 2 - 2
    6.66223 0.5 1
    7.473 0.5 0
  7.492 4 + 2
    6.68124 0.5 1
    7.492 0.5 0
  7.507 8 - 2
    3.60538 0.5 27
    5.3731 0.5 4
  7.534 2 + 2
    4.75186 0.5 7
    5.4001 0.5 4
  7.567 6 - 2
    5.89227 0.5 2
    6.75623 0.5 1
  7.578 4 + 2
    6.76724 0.5 1
    7.578 0.5 0
  7.585 8 - 2
    3.68338 0.5 27
    5.4511 0.5 4
  7.605 2 + 2
    4.82286 0.5 7
    5.4711 0.5 4
  7.628 6 - 2
    5.95327 0.5 2
    6.81723 0.5 1
  7.653 4 + 2
    6.84223 0.5 1
    7.653 0.5 0
  7.68 10 - 2
    5.0796 0.5 6
    5.60348 0.5 3
  7.69 4 + 2
    6.87923 0.5 1
    7.69 0.5 0
  7.7313 22 + 1
    1.89922 1 93
  7.734 2 - 2
    6.92323 0.5 1
    7.734 0.5 0
  7.775 6 - 2
    6.10027 0.5 2
    6.96423 0.5 1
  7.797 8 + 2
    6.12227 0.5 2
    6.98623 0.5 1
  7.824 4 - 2
    5.04186 0.5 7
    5.6901 0.5 4
  7.846 2 + 2
    5.06386 0.5 7
    5.7121 0.5 4
  7.883 6 - 2
    6.20827 0.5 2
    7.07223 0.5 1
  7.901 4 + 2
    7.09023 0.5 1
    7.901 0.5 0
  7.918 2 - 2
    7.10723 0.5 1
    7.918 0.5 0
  7.946 6 + 2
    5.16386 0.5 7
    5.8121 0.5 4
  7.974 8 - 2
    4.07238 0.5 27
    5.8401 0.5 4
  7.997 4 + 2
    7.18623 0.5 1
    7.997 0.5 0
  8.018 12 - 2
    3.788 0.5 34
    3.80336 0.5 33
  8.045 2 + 2
    5.26286 0.5 7
    5.9111 0.5 4
  8.065 10 - 2
    5.4646 0.5 6
    5.98848 0.5 3
  8.084 6 + 2
    5.30186 0.5 7
    5.9501 0.5 4
  8.1 4 - 2
    5.31786 0.5 7
    5.9661 0.5 4
  8.121 8 + 2
    6.44627 0.5 2
    7.31023 0.5 1
  8.137 2 - 2
    7.32623 0.5 1
    8.137 0.5 0
  8.157 6 + 2
    5.37486 0.5 7
    6.0231 0.5 4
  8.182 4 - 2
    5.39986 0.5 7
    6.0481 0.5 4
  8.31 12 + 2
    5.7096 0.5 6
    6.23348 0.5 3
  9.4448 24 + 2
    1.7135 0.2 163
    1.9881 0.8 149
  9.9391 2 - 1
    2.2078 1 163
  9.9845 24 - 1
    2.2532 1 163
  10.041 2 - 2
    9.23023 0.5 1
    10.041 0.5 0
  10.0443 4 + 20
    4.5213 0.008934 84
    4.6267 0.036784 80
    4.7495 0.032848 74
    4.8234 0.026274 71
    5.04407 0.119553 65
    5.21041 0.0067 61
    5.49393 0.120925 52
    5.6 0.012219 46
    5.6916 0.027593 42
    5.7218 0.027593 38
    5.7465 0.026274 36
    5.90506 0.027593 31
    6.02929 0.013401 29
    6.1642 0.036784 25
    6.4147 0.017864 20
    6.50633 0.076206 17
    6.96061 0.116915 11
    7.16796 0.0067 9
    7.26216 0.127467 7
    8.36957 0.131371 2
  10.0462 4 + 2
    9.23544 0.5 1
    10.0462 0.5 0
  10.0485 0 - 2
    6.51053 0.5 17
    7.26636 0.5 7
  10.05 6 + 2
    7.26786 0.5 7
    7.9161 0.5 4
  10.0507 2 - 2
    9.23994 0.5 1
    10.0507 0.5 0
  10.0525 8 + 2
    8.37773 0.5 2
    9.24169 0.5 1
  10.0532 6 + 2
    7.27107 0.5 7
    7.91931 0.5 4
  10.054 4 + 2
    9.24326 0.5 1
    10.054 0.5 0
  10.055 10 + 2
    6.15343 0.5 27
    7.92115 0.5 4
  10.0565 6 + 2
    7.27436 0.5 7
    7.9226 0.5 4
  10.0579 8 + 2
    8.38313 0.5 2
    9.2471 0.5 1
  10.0585 4 + 2
    9.24776 0.5 1
    10.0585 0.5 0
  10.0594 2 - 2
    9.24858 0.5 1
    10.0594 0.5 0
  10.0604 6 - 2
    8.38567 0.5 2
    9.24964 0.5 1
  10.0623 4 + 2
    9.25154 0.5 1
    10.0623 0.5 0
  10.0633 8 - 2
    6.16171 0.5 27
    7.92943 0.5 4
  10.0641 2 + 2
    7.28201 0.5 7
    7.93025 0.5 4
  10.0653 4 + 2
    9.25453 0.5 1
    10.0653 0.5 0
  10.0666 6 - 2
    8.39189 0.5 2
    9.25586 0.5 1
  10.0678 10 - 2
    7.46735 0.5 6
    7.99123 0.5 3
  10.0699 2 - 2
    9.25914 0.5 1
    10.0699 0.5 0
  10.0713 4 + 2
    9.26054 0.5 1
    10.0713 0.5 0
  10.0727 8 - 2
    6.17108 0.5 27
    7.9388 0.5 4
  10.0743 2 - 2
    9.26349 0.5 1
    10.0743 0.5 0
  10.0754 26 + 1
    2.3441 1 163
  10.0776 6 + 2
    7.29546 0.5 7
    7.9437 0.5 4
  10.0792 4 - 2
    7.29706 0.5 7
    7.9453 0.5 4
  10.0811 6 + 2
    7.29896 0.5 7
    7.9472 0.5 4
  10.0826 8 + 2
    8.40782 0.5 2
    9.27179 0.5 1
  10.0833 4 - 2
    7.30116 0.5 7
    7.9494 0.5 4
  10.0845 2 + 2
    7.30236 0.5 7
    7.9506 0.5 4
  10.0853 2 - 2
    9.27453 0.5 1
    10.0853 0.5 0
  10.0863 6 + 2
    7.30416 0.5 7
    7.9524 0.5 4
  10.0868 4 - 2
    7.30466 0.5 7
    7.9529 0.5 4
  10.0874 0 - 2
    6.54943 0.5 17
    7.30526 0.5 7
  10.0908 2 - 2
    9.28003 0.5 1
    10.0908 0.5 0
  10.0937 10 + 2
    6.19208 0.5 27
    7.9598 0.5 4
  10.0955 6 - 2
    8.42077 0.5 2
    9.28473 0.5 1
  10.0964 4 - 2
    7.31426 0.5 7
    7.9625 0.5 4
  10.098 8 - 2
    6.19638 0.5 27
    7.9641 0.5 4
  10.0994 0 - 2
    6.56143 0.5 17
    7.31726 0.5 7
  10.1011 4 + 2
    9.29034 0.5 1
    10.1011 0.5 0
  10.1024 6 - 2
    8.42767 0.5 2
    9.29164 0.5 1
  10.1036 2 + 2
    7.32141 0.5 7
    7.96965 0.5 4
  10.1046 2 - 2
    9.29383 0.5 1
    10.1046 0.5 0
  10.106 4 + 2
    9.29527 0.5 1
    10.106 0.5 0
  10.1066 8 - 2
    6.20495 0.5 27
    7.97267 0.5 4
  10.1073 6 + 2
    7.3252 0.5 7
    7.97344 0.5 4
  10.1082 10 - 2
    7.50778 0.5 6
    8.03166 0.5 3
  10.109 4 + 2
    9.29819 0.5 1
    10.109 0.5 0
  10.1102 6 - 2
    8.43547 0.5 2
    9.29944 0.5 1
  10.1115 8 + 2
    8.43677 0.5 2
    9.30074 0.5 1
  10.1148 2 - 2
    9.30403 0.5 1
    10.1148 0.5 0
  10.116 4 + 2
    9.30523 0.5 1
    10.116 0.5 0
  10.1176 0 - 2
    6.57963 0.5 17
    7.33546 0.5 7
  10.1202 2 - 2
    9.30944 0.5 1
    10.1202 0.5 0
  10.1235 6 + 2
    7.34136 0.5 7
    7.9896 0.5 4
  10.1263 4 + 2
    9.31553 0.5 1
    10.1263 0.5 0
  10.1276 12 - 2
    5.8976 0.5 34
    5.91296 0.5 33
  10.1303 8 + 2
    8.45557 0.5 2
    9.31954 0.5 1
  10.1321 6 - 2
    8.45742 0.5 2
    9.32138 0.5 1
  10.133 4 + 2
    9.32223 0.5 1
    10.133 0.5 0
  10.1343 2 - 2
    9.32353 0.5 1
    10.1343 0.5 0
  10.1364 10 + 2
    6.23478 0.5 27
    8.0025 0.5 4
  10.1372 2 - 2
    9.32642 0.5 1
    10.1372 0.5 0
  10.1377 4 + 2
    9.32691 0.5 1
    10.1377 0.5 0
  10.1385 6 - 2
    8.46372 0.5 2
    9.32769 0.5 1
  10.1392 8 + 2
    8.46447 0.5 2
    9.32843 0.5 1
  10.141 0 - 2
    6.60303 0.5 17
    7.35886 0.5 7
  10.1422 4 + 2
    9.33144 0.5 1
    10.1422 0.5 0
  10.1427 6 - 2
    8.46797 0.5 2
    9.33194 0.5 1
  10.1439 2 + 2
    7.36176 0.5 7
    8.01 0.5 4
  10.1457 4 + 2
    9.33493 0.5 1
    10.1457 0.5 0
  10.1468 8 - 2
    6.24518 0.5 27
    8.0129 0.5 4
  10.148 6 - 2
    8.47327 0.5 2
    9.33724 0.5 1
  10.1491 2 + 2
    7.36696 0.5 7
    8.0152 0.5 4
  10.1496 4 - 2
    7.36746 0.5 7
    8.0157 0.5 4
  10.1509 10 + 2
    6.24925 0.5 27
    8.01697 0.5 4
  10.1515 0 - 2
    6.61348 0.5 17
    7.36931 0.5 7
  10.1521 2 - 2
    9.34134 0.5 1
    10.1521 0.5 0
  10.1538 2 - 2
    9.34299 0.5 1
    10.1538 0.5 0
  10.1546 6 + 2
    7.37246 0.5 7
    8.0207 0.5 4
  10.1554 4 + 2
    9.34464 0.5 1
    10.1554 0.5 0
  10.1578 8 + 2
    8.48307 0.5 2
    9.34703 0.5 1
  10.1594 6 - 2
    8.48467 0.5 2
    9.34863 0.5 1
  10.1617 4 + 2
    9.35093 0.5 1
    10.1617 0.5 0
  10.164 12 - 2
    5.934 0.5 34
    5.94936 0.5 33
  10.1664 4 + 2
    9.35564 0.5 1
    10.1664 0.5 0
  10.1674 2 - 2
    9.35664 0.5 1
    10.1674 0.5 0
  10.1694 0 - 2
    6.63146 0.5 17
    7.38729 0.5 7
  10.1705 6 + 2
    7.38831 0.5 7
    8.03655 0.5 4
  10.1718 2 - 2
    9.36104 0.5 1
    10.1718 0.5 0
  10.1733 8 + 2
    8.49857 0.5 2
    9.36253 0.5 1
  10.1741 4 + 2
    9.36333 0.5 1
    10.1741 0.5 0
  10.1764 6 - 2
    8.50167 0.5 2
    9.36564 0.5 1
  10.1785 0 - 2
    6.64053 0.5 17
    7.39636 0.5 7
  10.1802 10 + 2
    6.27858 0.5 27
    8.0463 0.5 4
  10.1829 0 - 2
    6.64493 0.5 17
    7.40076 0.5 7
  10.1908 4 + 2
    9.38004 0.5 1
    10.1908 0.5 0
  10.1922 8 + 2
    8.51747 0.5 2
    9.38144 0.5 1
  10.1948 6 - 2
    8.52007 0.5 2
    9.38404 0.5 1
  10.1969 2 + 2
    7.41476 0.5 7
    8.063 0.5 4
  10.2002 4 - 2
    7.41806 0.5 7
    8.0663 0.5 4
  10.2017 6 + 2
    7.41956 0.5 7
    8.0678 0.5 4
  10.2065 2 - 2
    9.39573 0.5 1
    10.2065 0.5 0
  10.2082 4 + 2
    9.39743 0.5 1
    10.2082 0.5 0
  10.2092 2 - 2
    9.39846 0.5 1
    10.2092 0.5 0
  10.2098 8 + 2
    8.53502 0.5 2
    9.39899 0.5 1
  10.2105 4 - 2
    7.42836 0.5 7
    8.0766 0.5 4
  10.2126 2 - 2
    9.40179 0.5 1
    10.2126 0.5 0
  10.2144 6 + 2
    7.43226 0.5 7
    8.0805 0.5 4
  10.2178 0 - 2
    6.67983 0.5 17
    7.43566 0.5 7
  10.2214 10 + 2
    6.31978 0.5 27
    8.0875 0.5 4
  10.2271 2 - 2
    9.41633 0.5 1
    10.2271 0.5 0
  10.2282 4 + 2
    9.41744 0.5 1
    10.2282 0.5 0
  10.2308 6 + 2
    7.44866 0.5 7
    8.0969 0.5 4
  10.2349 8 - 2
    6.33328 0.5 27
    8.101 0.5 4
  10.2384 4 + 2
    9.42763 0.5 1
    10.2384 0.5 0
  10.24 6 - 2
    8.56527 0.5 2
    9.42924 0.5 1
  10.2412 8 + 2
    8.56647 0.5 2
    9.43043 0.5 1
  10.3538 4 - 1
    2.6225 1 163
  11.857 28 + 1
    2.4122 1 185
  11.911 2 - 1
    1.9265 1 187
  12.8133 30 + 1
    2.7379 1 213

26 59 78
  0 3 - 0
  0.287021 1 - 1
    0.287021 1 0
  0.47274 5 - 1
    0.47274 1 0
  0.57086 5 - 1
    0.57086 1 0
  0.61304 3 - 1
    0.61304 1 0
  0.6428 5 + 1
    0.6428 1 0
  0.72641 3 - 2
    0.439389 0.035981 1
    0.72641 0.964019 0
  1.02314 7 - 3
    0.45228 0.40122 3
    0.5504 0.049452 2
    1.02314 0.549327 0
  1.07779 3 - 1
    0.46475 1 4
  1.16208 3 - 4
    0.59122 0.6808 3
    0.68934 0.0211 2
    0.875059 0.1981 1
    1.16208 0.1 0
  1.21133 1 - 1
    1.21133 1 0
  1.51723 9 + 1
    0.49409 1 7
  1.5699 5 - 1
    1.5699 1 0
  1.648 5 + 2
    1.03496 0.5 4
    1.648 0.5 0
  1.74978 3 - 2
    0.53845 0.3334 10
    1.74978 0.6666 0
  1.9189 3 - 4
    0.75682 0.03367 9
    0.84111 0.103299 8
    1.19249 0.097939 6
    1.9189 0.765092 0
  1.96196 1 - 3
    1.23555 0.684907 6
    1.34892 0.068491 4
    1.96196 0.246602 0
  2.1619 1 + 1
    1.54886 1 4
  2.2779 3 + 2
    1.55149 0.5465 6
    2.2779 0.4535 0
  2.31224 13 + 1
    0.79501 1 11
  2.3224 1 - 1
    2.3224 1 0
  2.3482 5 - 1
    1.13687 1 10
  2.3695 7 - 1
    2.3695 1 0
  2.39 7 + 2
    1.81914 0.5 3
    1.91726 0.5 2
  2.44727 3 - 4
    0.69749 0.1138 14
    1.72086 0.1937 6
    2.16025 0.625 1
    2.44727 0.0675 0
  2.4938 7 - 1
    2.4938 1 0
  2.5699 3 - 1
    1.95686 1 4
  2.735 9 + 2
    1.71186 0.5 7
    2.0922 0.5 5
  2.7569 11 + 1
    1.54557 1 10
  2.81027 1 - 4
    1.06049 0.1012 14
    1.59894 0.5952 10
    1.73248 0.1131 8
    2.08386 0.1905 6
  2.856 1 - 2
    2.38326 0.5 2
    2.56898 0.5 1
  2.947 7 + 2
    2.37614 0.5 3
    2.47426 0.5 2
  2.99 5 + 2
    2.37696 0.5 4
    2.99 0.5 0
  3.02 9 + 2
    1.99686 0.5 7
    2.3772 0.5 5
  3.0706 3 - 2
    2.4278 0.375 5
    3.0706 0.625 0
  3.1044 3 - 3
    0.6106 0.5293 25
    0.8265 0.1058 18
    2.53354 0.3649 3
  3.15967 3 - 1
    2.87265 1 1
  3.169 5 + 2
    2.55596 0.5 4
    3.169 0.5 0
  3.194 7 + 2
    2.62314 0.5 3
    2.72126 0.5 2
  3.225 5 + 2
    2.61196 0.5 4
    3.225 0.5 0
  3.2396 9 + 1
    3.2396 1 0
  3.28 7 + 2
    2.70914 0.5 3
    2.80726 0.5 2
  3.311 11 + 2
    0.5541 0.5 28
    0.921 0.5 23
  3.3843 3 - 2
    0.6274 0.5882 28
    3.09728 0.4118 1
  3.452 5 + 2
    2.83896 0.5 4
    3.452 0.5 0
  3.543 7 + 2
    2.97214 0.5 3
    3.07026 0.5 2
  3.5597 5 + 1
    1.24746 1 19
  3.565 9 + 2
    2.54186 0.5 7
    2.9222 0.5 5
  3.6 1 + 2
    2.98696 0.5 4
    3.6 0.5 0
  3.639 5 + 2
    3.02596 0.5 4
    3.639 0.5 0
  3.668 7 + 2
    3.09714 0.5 3
    3.19526 0.5 2
  3.734 11 + 2
    0.9771 0.5 28
    1.344 0.5 23
  3.7378 15 - 1
    1.42556 1 19
  3.824 5 + 2
    3.21096 0.5 4
    3.824 0.5 0
  3.872 1 - 2
    3.39926 0.5 2
    3.58498 0.5 1
  3.921 7 + 2
    3.35014 0.5 3
    3.44826 0.5 2
  3.989 9 - 2
    3.41814 0.5 3
    3.51626 0.5 2
  4.045 5 + 2
    3.43196 0.5 4
    4.045 0.5 0
  4.083 1 - 2
    3.61026 0.5 2
    3.79598 0.5 1
  4.124 3 + 2
    3.65126 0.5 2
    3.83698 0.5 1
  4.159 7 - 2
    3.54596 0.5 4
    4.159 0.5 0
  4.181 5 + 2
    3.56796 0.5 4
    4.181 0.5 0
  4.224 17 - 1
    4.224 1 0
  4.277 3 + 2
    3.80426 0.5 2
    3.98998 0.5 1
  4.377 9 - 2
    3.80614 0.5 3
    3.90426 0.5 2
  4.409 5 + 2
    3.79596 0.5 4
    4.409 0.5 0
  4.423 1 - 2
    3.95026 0.5 2
    4.13598 0.5 1
  4.516 7 + 2
    3.94514 0.5 3
    4.04326 0.5 2
  4.541 3 - 2
    3.92796 0.5 4
    4.541 0.5 0
  4.58 5 + 2
    3.96696 0.5 4
    4.58 0.5 0
  4.629 13 - 2
    1.318 0.5 42
    1.8721 0.5 28
  4.65 3 + 2
    4.17726 0.5 2
    4.36298 0.5 1
  4.66 1 - 2
    4.18726 0.5 2
    4.37298 0.5 1
  4.686 7 + 2
    4.11514 0.5 3
    4.21326 0.5 2
  4.77 5 - 2
    4.29726 0.5 2
    4.48298 0.5 1
  4.83 11 + 2
    2.0731 0.5 28
    2.44 0.5 23
  4.87 3 - 2
    4.25696 0.5 4
    4.87 0.5 0
  4.9852 9 + 1
    1.2474 1 52

26 60 50
  0 0 + 0
  0.82363 4 + 1
    0.82363 1 0
  1.9738 0 + 1
    1.15017 1 1
  2.11452 8 + 1
    1.29089 1 1
  2.2994 4 + 2
    1.47577 0.4536 1
    2.2994 0.5464 0
  2.358 0 + 2
    1.53437 0.5 1
    2.358 0.5 0
  2.6727 4 + 1
    1.84907 1 1
  2.7557 4 + 1
    1.93207 1 1
  2.7924 8 + 3
    0.493 0.247893 4
    0.67788 0.030329 3
    1.96877 0.721778 1
  3.0387 4 + 1
    2.21507 1 1
  3.072 8 + 2
    0.95748 0.3507 3
    2.24837 0.6493 1
  3.293 6 - 2
    1.17848 0.5 3
    2.46937 0.5 1
  3.3077 8 + 2
    0.635 0.5002 6
    2.48407 0.4998 1
  3.502 8 + 2
    1.38748 0.5 3
    2.67837 0.5 1
  3.5161 10 + 1
    1.40158 1 3
  3.5199 12 + 1
    1.40538 1 3
  3.541 8 + 2
    1.42648 0.5 3
    2.71737 0.5 1
  3.562 6 - 2
    1.44748 0.5 3
    2.73837 0.5 1
  3.5819 12 + 1
    1.46738 1 3
  3.635 4 + 2
    2.81137 0.5 1
    3.635 0.5 0
  3.6477 2 - 1
    2.82407 1 1
  3.698 0 + 2
    2.87437 0.5 1
    3.698 0.5 0
  3.7137 4 + 1
    2.89007 1 1
  3.867 6 - 2
    1.75248 0.5 3
    3.04337 0.5 1
  3.8747 8 - 2
    0.227 0.5 20
    3.05107 0.5 1
  3.9297 4 + 1
    3.10607 1 1
  3.9544 12 - 1
    0.4383 1 14
  3.959 14 + 3
    0.3771 0.333333 18
    0.418 0.333333 16
    0.4429 0.333333 14
  4.053 6 - 2
    1.93848 0.5 3
    3.22937 0.5 1
  4.176 4 + 2
    3.35237 0.5 1
    4.176 0.5 0
  4.28 6 - 2
    2.16548 0.5 3
    3.45637 0.5 1
  4.293 2 - 1
    0.3386 1 26
  4.2981 2 - 1
    0.3391 1 27
  4.35 14 - 2
    0.7681 0.5 18
    0.8301 0.5 15
  4.3591 10 - 1
    0.843 1 14
  4.44 6 - 2
    2.32548 0.5 3
    3.61637 0.5 1
  4.503 8 + 2
    2.38848 0.5 3
    3.67937 0.5 1
  4.65 4 + 2
    3.82637 0.5 1
    4.65 0.5 0
  4.755 6 - 2
    2.64048 0.5 3
    3.93137 0.5 1
  4.958 8 + 2
    2.84348 0.5 3
    4.13437 0.5 1
  5.0029 2 - 1
    1.0485 1 26
  5.029 8 + 2
    2.91448 0.5 3
    4.20537 0.5 1
  5.103 4 + 2
    4.27937 0.5 1
    5.103 0.5 0
  5.218 6 - 2
    3.10348 0.5 3
    4.39437 0.5 1
  5.31 10 - 2
    2.5176 0.5 8
    3.19548 0.5 3
  5.434 2 - 2
    4.61037 0.5 1
    5.434 0.5 0
  5.5503 2 - 1
    1.9684 1 18
  5.596 2 - 2
    4.77237 0.5 1
    5.596 0.5 0
  5.62 14 - 2
    2.0381 0.5 18
    2.1001 0.5 15
  6.62 2 - 2
    5.79637 0.5 1
    6.62 0.5 0

26 61 7
  0 1 - 0
  0.20676 3 - 1
    0.20676 1 0
  0.39099 5 - 1
    0.39099 1 0
  0.62866 7 - 3
    0.23767 0.02801 2
    0.4219 0.03828 1
    0.62866 0.933709 0
  0.861 9 + 1
    0.65424 1 1
  1.69 11 + 1
    1.69 1 0
  2.13 3 + 2
    1.73901 0.5 2
    2.13 0.5 0

26 62 23
  0 0 + 0
  0.87731 4 + 1
    0.87731 1 0
  2.01698 4 + 2
    1.13967 0.900909 1
    2.01698 0.099091 0
  2.17647 8 + 1
    1.29916 1 1
  2.69162 6 + 3
    0.51515 0.041062 3
    0.67464 0.138706 2
    1.81431 0.820233 1
  2.84972 12 + 1
    0.67325 1 3
  3.0089 8 - 1
    0.83243 1 3
  3.0157 10 - 1
    0.83923 1 3
  3.31 12 - 1
    0.2943 1 7
  3.3603 6 + 1
    1.18383 1 3
  3.38784 12 + 1
    1.21137 1 3
  3.60487 14 - 2
    0.29487 0.057891 8
    0.58917 0.942109 7
  3.6294 8 + 1
    0.24156 1 10
  3.63348 8 + 4
    0.94186 0.549195 4
    1.45701 0.422796 3
    1.6165 0.01428 2
    2.75617 0.01373 1
  3.6617 12 - 1
    1.48523 1 3
  3.7137 4 - 1
    1.53723 1 3
  4.0507 2 - 3
    1.20098 0.719378 5
    1.87423 0.093527 3
    3.17339 0.187094 1
  4.25177 16 + 2
    0.6469 0.062791 11
    0.86393 0.937209 10
  4.35884 16 - 2
    0.75397 0.3056 11
    1.04884 0.6944 8
  4.9022 18 - 1
    1.29733 1 11
  4.97 2 - 2
    4.09269 0.5 1
    4.97 0.5 0
  5.3195 20 + 1
    1.06773 1 17
  5.474 2 - 1
    1.22223 1 17

26 63 2
  0 5 - 0
  0.3562 3 - 1
    0.3562 1 0

26 64 16
  0 0 + 0
  0.7464 4 + 1
    0.7464 1 0
  1.4436 6 + 2
    0.6972 0.981351 1
    1.4436 0.018649 0
  1.76312 8 + 1
    1.01672 1 1
  1.8531 2 + 2
    1.1067 0.7353 1
    1.8531 0.2647 0
  2.1166 10 + 2
    1.3702 0.9009 1
    2.1166 0.0991 0
  2.84093 10 - 1
    1.07781 1 3
  2.842 12 + 1
    1.07888 1 3
  3.0933 4 + 2
    1.2402 0.4792 4
    2.3469 0.5208 1
  3.3067 6 - 2
    1.4536 0.2126 4
    2.5603 0.7874 1
  3.3169 2 - 1
    1.4638 1 4
  3.4229 14 - 1
    0.58197 1 6
  3.5289 4 - 1
    0.6869 1 7
  3.623 16 + 1
    0.781 1 7
  4.2268 8 - 6
    0.9099 0.061977 10
    0.9201 0.185992 9
    2.1102 0.144594 5
    2.3737 0.185992 4
    3.4804 0.413182 1
    4.2268 0.008264 0
  4.6284 20 + 1
    1.0054 1 13

26 65 6
  0 1 - 0
  0.364 3 + 1
    0.364 1 0
  0.397 5 - 1
    0.033 1 1
  0.402 9 + 1
    0.005 1 2
  1.1736 13 + 1
    0.7716 1 3
  2.2919 7 + 1
    1.1183 1 4

26 66 3
  0 0 + 0
  0.5744 4 + 1
    0.5744 1 0
  1.407 8 + 1
    0.8326 1 1

26 67 3
  0 5 + 0
  0.367 5 - 1
    0.367 1 0
  0.387 1 - 2
    0.02 0.5 1
    0.387 0.5 0

26 68 3
  0 0 + 0
  0.522 4 + 1
    0.522 1 0
  1.389 8 + 1
    0.867 1 1

26 69 1
  0 1 - 0

26 70 1
  0 0 + 0

26 71 1
  0 5 + 0

26 72 1
  0 0 + 0

26 73 1
  0 7 + 0

26 74 1
  0 0 + 0

