100 241 1
  0 1 - 0

100 242 1
  0 0 + 0

100 243 1
  0 7 + 0

100 244 1
  0 0 + 0

100 245 1
  0 7 - 0

100 246 1
  0 0 + 0

100 247 2
  0 5 + 0
  0.4 1 + 1
    0.4 1 0

100 248 2
  0 0 + 0
  0.044 4 + 1
    0.044 1 0

100 249 8
  0 7 + 0
  0.058 9 + 1
    0.058 1 0
  0.1286 11 + 2
    0.0706 0.5 1
    0.1286 0.5 0
  0.146 5 + 1
    0.088 1 1
  0.2095 5 + 1
    0.2095 1 0
  0.254 3 + 1
    0.254 1 0
  0.2798 9 - 3
    0.1512 0.120212 2
    0.2218 0.60086 1
    0.2798 0.278928 0
  0.669 7 - 1
    0.669 1 0

100 250 2
  0 0 + 0
  0.1 2 + 1
    0.1 1 0

100 251 10
  0 9 - 0
  0.047 11 - 1
    0.047 1 0
  0.191 5 + 1
    0.191 1 0
  0.239 7 + 1
    0.239 1 0
  0.31 9 + 2
    0.119 0.5 2
    0.263 0.5 1
  0.378 7 + 1
    0.187 1 2
  0.44 9 + 2
    0.249 0.5 2
    0.393 0.5 1
  0.55 3 + 2
    0.172 0.5 5
    0.311 0.5 3
  0.604 5 + 2
    0.294 0.5 4
    0.413 0.5 2
  0.703 1 - 1
    0.153 1 7

100 252 2
  0 0 + 0
  0.0466 4 + 1
    0.0466 1 0

100 253 5
  0 1 + 0
  0.0223 3 + 1
    0.0223 1 0
  0.0471 5 + 2
    0.0248 0.5 1
    0.0471 0.5 0
  0.1241 3 + 3
    0.077 0.6751 2
    0.1018 0.1789 1
    0.1241 0.146 0
  0.1587 5 + 1
    0.1364 1 1

100 254 5
  0 0 + 0
  0.045 4 + 1
    0.045 1 0
  0.14935 8 + 1
    0.10435 1 1
  0.69367 4 + 3
    0.54432 0.016751 2
    0.64867 0.530026 1
    0.69367 0.453223 0
  0.73365 6 + 2
    0.5843 0.1907 2
    0.68865 0.8093 1

100 255 2
  0 7 + 0
  0.06 9 + 1
    0.06 1 0

100 256 24
  0 0 + 0
  0.0483 4 + 1
    0.0483 1 0
  0.1599 8 + 1
    0.1116 1 1
  0.3326 12 + 1
    0.1727 1 2
  0.5637 16 + 1
    0.2311 1 3
  0.6823 4 + 2
    0.634 0.4859 1
    0.6823 0.5141 0
  0.7258 6 + 2
    0.5659 0.1893 2
    0.6775 0.8107 1
  0.7834 8 + 2
    0.4508 0.1207 3
    0.6235 0.8793 2
  0.8537 10 + 1
    0.6938 1 2
  0.8818 4 - 3
    0.156 0.01372 6
    0.1995 0.220896 5
    0.8335 0.765385 1
  0.9226 6 - 3
    0.1392 0.029581 7
    0.1968 0.271705 6
    0.7627 0.698714 2
  0.9392 12 + 1
    0.6066 1 3
  0.9785 8 - 1
    0.2527 1 6
  1.0394 14 + 2
    0.1857 0.3773 8
    0.7068 0.6227 3
  1.0455 10 - 2
    0.067 0.5 12
    0.1918 0.5 8
  1.1 6 + 7
    0.1774 0.079863 10
    0.2182 0.400416 9
    0.3166 0.083723 7
    0.3742 0.106404 6
    0.4177 0.110704 5
    0.9401 0.052082 2
    1.0517 0.166807 1
  1.1235 12 - 2
    0.078 0.5 14
    0.2698 0.5 8
  1.1503 16 + 2
    0.2111 0.5 11
    0.5866 0.5 4
  1.1824 8 + 1
    0.0824 1 15
  1.214 14 - 1
    0.0905 1 16
  1.2519 10 + 3
    0.3982 0.3127 8
    0.4685 0.3648 7
    0.5261 0.3225 6
  1.3287 12 + 2
    0.0768 0.5 20
    0.1463 0.5 18
  1.4255 14 - 7
    0.0968 0.081861 21
    0.2115 0.04996 19
    0.2752 0.03295 17
    0.302 0.0297 16
    0.38 0.01182 14
    0.8618 0.540305 4
    1.0929 0.253403 3
  1.5602 2 - 1
    0.1347 1 22

100 257 1
  0 9 + 0

100 258 1
  0 0 + 0

100 259 1
  0 15 - 0

