87 199 1
  0 5 - 0

87 200 1
  0 6 + 0

87 201 1
  0 9 - 0

87 202 1
  0 6 + 0

87 203 1
  0 9 - 0

87 204 3
  0 6 + 0
  0.041 14 + 1
    0.041 1 0
  0.316 20 - 1
    0.316 1 0

87 205 1
  0 9 - 0

87 206 2
  0 6 - 0
  0.1 14 + 1
    0.1 1 0

87 207 5
  0 9 - 0
  0.5996 13 - 1
    0.5996 1 0
  1.1548 17 - 1
    0.5552 1 1
  1.8085 21 - 1
    0.6537 1 2
  1.8852 5 - 1
    0.7304 1 2

87 208 3
  0 14 + 0
  0.633 18 + 1
    0.633 1 0
  0.827 20 - 1
    0.194 1 1

87 209 1
  0 9 - 0

87 210 3
  0 12 + 0
  0.1386 0 + 1
    0.1386 1 0
  0.215 6 + 1
    0.215 1 0

87 211 27
  0 9 - 0
  0.5832 11 - 1
    0.5832 1 0
  0.65262 13 - 1
    0.65262 1 0
  1.0266 15 + 1
    0.37398 1 2
  1.45292 17 - 1
    0.8003 1 2
  1.6863 21 - 1
    0.23338 1 4
  1.86 23 - 1
    0.1737 1 5
  2.2424 25 - 1
    0.3824 1 6
  2.3102 25 + 1
    0.4502 1 6
  2.4232 29 + 2
    0.113 0.8456 8
    0.5632 0.1544 6
  2.98 31 + 1
    0.5568 1 9
  3.244 33 + 2
    0.264 0.3561 10
    0.8208 0.6439 9
  3.6016 37 + 1
    0.3576 1 11
  3.9289 39 + 1
    0.3273 1 12
  4.369 37 + 1
    0.4401 1 13
  4.6573 45 - 1
    0.7284 1 13
  5.196 5 - 1
    0.827 1 14
  5.3033 7 + 1
    0.9343 1 14
  5.5564 47 - 1
    0.8991 1 15
  5.7858 3 - 1
    1.1285 1 15
  6.0238 5 + 2
    0.238 0.2 19
    1.3665 0.8 15
  6.1825 49 - 2
    0.6261 0.771 18
    1.5252 0.229 15
  6.2594 7 - 1
    0.703 1 18
  6.5601 3 - 2
    0.300701 0.1751 22
    0.377601 0.8249 21
  7.0311 9 + 1
    0.470999 1 23
  7.8221 5 + 1
    0.791001 1 24
  8.23 7 + 1
    0.407899 1 25

87 212 44
  0 10 + 0
  0.0824 8 + 1
    0.0824 1 0
  0.5422 14 + 1
    0.5422 1 0
  0.8535 6 + 2
    0.7711 0.5 1
    0.8535 0.5 0
  0.9379 4 + 1
    0.9379 1 0
  1.3894 18 + 1
    0.8472 1 2
  1.5514 22 + 1
    0.162 1 5
  1.8798 24 + 1
    0.3284 1 6
  2.3376 26 + 1
    0.4578 1 7
  2.4922 30 - 1
    0.6124 1 7
  2.4956 28 - 1
    0.158 1 8
  2.6125 28 + 2
    0.2749 0.6529 8
    0.7327 0.3471 7
  2.9517 32 + 2
    0.3392 0.5985 11
    0.4595 0.4015 9
  2.9641 32 - 2
    0.4685 0.057338 10
    0.4719 0.942662 9
  3.241 34 - 3
    0.2769 0.465233 13
    0.2893 0.054034 12
    0.7488 0.480734 9
  3.2562 2 - 1
    0.3045 1 12
  3.5836 38 - 1
    0.3426 1 14
  3.7508 6 - 1
    0.4946 1 15
  4.0256 40 - 1
    0.442 1 16
  4.0818 4 - 1
    0.331 1 17
  4.1374 40 - 1
    0.5538 1 16
  4.4471 8 - 1
    0.3653 1 19
  4.4993 12 + 1
    0.3619 1 20
  4.547 42 - 2
    0.4096 0.4601 20
    0.5214 0.5399 18
  4.6321 6 + 1
    0.8813 1 17
  4.6341 4 - 1
    0.8833 1 17
  4.7652 10 + 1
    0.739601 1 18
  4.8343 44 + 1
    0.2873 1 23
  4.9082 8 - 1
    0.2741 1 25
  5.0562 46 + 1
    0.221901 1 27
  5.1619 2 - 1
    0.5298 1 24
  5.2664 48 + 1
    0.210199 1 29
  5.8033 50 + 1
    0.5369 1 31
  5.8547 54 - 1
    0.588301 1 31
  6.0557 56 + 1
    0.200999 1 33
  6.3449 56 - 1
    0.490199 1 33
  6.6712 6 - 1
    0.3263 1 35
  6.977 58 + 3
    0.3058 0.333333 36
    0.6321 0.333333 35
    0.9213 0.333333 34
  7.054 4 - 2
    0.077 0.5 37
    1.1993 0.5 33
  7.2538 8 - 1
    0.9089 1 35
  7.6608 58 + 5
    0.407 0.2 39
    0.6068 0.2 38
    0.6838 0.2 37
    0.9896 0.2 36
    1.3159 0.2 35
  8.2557 6 - 2
    0.5949 0.5 40
    1.2017 0.5 38
  8.4071 10 + 1
    0.1514 1 41
  8.5334 4 - 2
    0.126301 0.5 42
    0.277701 0.5 41

87 213 42
  0 9 - 0
  0.498 7 - 1
    0.498 1 0
  1.105 13 + 1
    1.105 1 0
  1.18881 13 - 1
    1.18881 1 0
  1.41101 17 - 1
    0.2222 1 3
  1.59041 21 - 1
    0.1794 1 4
  1.85631 23 - 1
    0.2659 1 5
  2.53762 29 + 1
    0.68131 1 6
  2.7402 27 - 1
    0.88389 1 6
  2.9506 31 - 1
    0.41298 1 7
  3.42735 33 + 2
    0.47675 0.3141 9
    0.88973 0.6859 7
  3.4893 33 + 1
    0.5387 1 9
  3.6555 37 + 1
    0.22815 1 10
  4.0293 31 + 1
    0.54 1 11
  4.0829 39 + 1
    0.4274 1 12
  4.6536 5 + 1
    0.6243 1 13
  4.6755 3 - 1
    0.5926 1 14
  4.6959 39 - 1
    1.0404 1 12
  4.8985 41 - 1
    0.8156 1 14
  4.982 5 + 1
    0.3065 1 16
  4.9927 45 - 2
    0.094201 0.293 18
    0.909801 0.707 14
  5.002 7 + 1
    0.3265 1 16
  5.2202 11 + 1
    0.544701 1 16
  5.5063 43 - 1
    0.8104 1 17
  5.7859 47 - 3
    0.2796 0.341117 23
    0.7839 0.000151 21
    0.793199 0.658732 20
  5.8148 45 + 2
    0.3085 0.3825 23
    0.594599 0.6175 22
  5.9515 3 + 2
    0.9495 0.4764 21
    0.958799 0.5236 20
  6.1027 49 - 1
    0.316801 1 24
  6.3341 9 + 1
    0.3826 1 26
  6.5729 49 + 3
    0.2388 0.070856 28
    0.7581 0.129192 25
    0.787 0.799952 24
  6.7153 53 + 2
    0.1424 0.6743 29
    0.9294 0.3257 24
  6.7245 55 + 1
    0.621799 1 27
  6.8029 55 - 1
    0.0784 1 31
  6.8129 5 - 1
    0.4788 1 28
  7.1352 7 - 1
    0.322301 1 33
  7.2474 5 + 1
    0.112199 1 34
  7.288 57 + 1
    0.563501 1 31
  7.3743 3 - 1
    0.1269 1 35
  7.5417 57 - 4
    0.253699 0.710243 36
    0.2943 0.092336 35
    0.7388 0.090915 32
    0.8172 0.106506 31
  7.7236 59 + 4
    0.1819 0.301297 38
    0.3493 0.537995 37
    0.435599 0.073919 36
    0.9991 0.086789 31
  7.9835 61 - 1
    1.259 1 31
  8.0948 65 - 2
    0.1113 0.7565 40
    0.3712 0.2435 39

87 214 14
  0 2 - 0
  0.122 16 - 1
    0.122 1 0
  0.166 18 - 1
    0.044 1 1
  0.638 22 + 2
    0.472 0.975329 2
    0.516 0.024671 1
  0.937 22 + 1
    0.299 1 3
  1.081 24 + 2
    0.144 0.7066 4
    0.443 0.2934 3
  1.367 24 + 1
    1.201 1 2
  1.545 24 + 3
    0.178 0.133013 6
    0.608 0.241924 4
    0.907 0.625063 3
  1.597 26 - 2
    0.052 0.0719 7
    0.516 0.9281 5
  1.636 26 + 1
    0.998 1 3
  1.661 28 - 3
    0.064 0.162 8
    0.58 0.1138 5
    1.023 0.7242 3
  1.732 30 - 2
    0.071 0.8556 10
    0.135 0.1444 8
  1.851 32 - 1
    0.119 1 11
  2.164 34 + 1
    0.313 1 12

87 215 22
  0 9 - 0
  0.6703 13 - 1
    0.6703 1 0
  0.7 11 - 1
    0.7 1 0
  0.8355 13 + 2
    0.1355 0.6537 2
    0.1652 0.3463 1
  1.1215 17 - 1
    0.4512 1 1
  1.149 15 - 3
    0.3135 0.086663 3
    0.449 0.518321 2
    0.4787 0.395016 1
  1.44 19 - 2
    0.291 0.8374 5
    0.3185 0.1626 4
  1.4574 21 - 1
    0.3359 1 4
  1.5731 23 - 2
    0.1157 0.1351 7
    0.1331 0.8649 6
  1.6805 25 - 1
    0.1074 1 8
  1.8136 27 - 2
    0.1331 0.6857 9
    0.2405 0.3143 8
  2.0159 29 + 1
    0.2023 1 10
  2.2513 33 + 1
    0.2354 1 11
  2.8068 35 - 1
    0.5555 1 12
  2.9004 35 - 1
    0.6491 1 12
  3.0139 37 - 1
    0.1135 1 14
  3.0689 39 - 2
    0.2621 0.7769 13
    0.8176 0.2231 12
  3.2075 41 - 2
    0.1386 0.6896 16
    0.1936 0.3104 15
  3.4092 5 + 1
    0.3403 1 16
  3.4171 45 - 1
    0.2096 1 17
  3.4194 7 + 1
    0.519 1 14
  3.4623 47 + 1
    0.0452 1 19

87 216 19
  0 2 - 0
  0.1333 6 - 1
    0.1333 1 0
  0.1416 4 - 1
    0.1416 1 0
  0.1912 10 - 1
    0.0579 1 1
  0.212 8 - 1
    0.0787 1 1
  0.2261 12 - 2
    0.0349 0.4098 3
    0.0928 0.5902 1
  0.2478 14 - 1
    0.2478 1 0
  0.2494 0 - 1
    0.0374 1 4
  0.2544 6 - 3
    0.0424 0.1845 4
    0.1211 0.4854 1
    0.2544 0.3301 0
  0.2904 4 + 1
    0.0643 1 5
  0.3442 8 + 4
    0.0538 0.01668 9
    0.0948 0.139003 7
    0.1181 0.742915 5
    0.153 0.101402 3
  0.3493 16 + 1
    0.1373 1 4
  0.4093 10 + 1
    0.1599 1 7
  0.4934 2 + 4
    0.1492 0.111601 10
    0.203 0.03579 9
    0.244 0.454705 7
    0.2673 0.397904 5
  0.5321 6 + 4
    0.1228 0.1551 12
    0.1828 0.1551 11
    0.1879 0.4082 10
    0.306 0.2816 5
  0.5394 4 + 2
    0.1301 0.1551 12
    0.3133 0.8449 5
  0.5509 8 + 3
    0.2067 0.205279 10
    0.2965 0.572343 8
    0.3015 0.222378 7
  0.5688 12 + 2
    0.3427 0.960319 5
    0.3776 0.039681 3
  0.5815 18 - 3
    0.1722 0.368937 12
    0.3903 0.485449 3
    0.4482 0.145615 1

87 217 19
  0 9 - 0
  0.209 1 - 1
    0.209 1 0
  0.275 5 - 2
    0.066 0.5 1
    0.275 0.5 0
  0.3636 13 - 1
    0.3636 1 0
  0.484 7 - 1
    0.484 1 0
  0.7042 17 - 1
    0.3406 1 3
  1.077 21 - 1
    0.3728 1 5
  1.2561 3 - 1
    0.1791 1 6
  1.355 23 + 1
    0.278 1 6
  1.5097 25 - 2
    0.1547 0.5 8
    0.4327 0.5 6
  1.6889 11 + 2
    0.3339 0.5 8
    0.4328 0.5 7
  1.7138 27 + 2
    0.2041 0.5 9
    0.3588 0.5 8
  1.9885 29 - 2
    0.2747 0.5 11
    0.4788 0.5 9
  2.1111 31 + 2
    0.1226 0.5 12
    0.3973 0.5 11
  2.1545 5 + 1
    0.4656 1 10
  2.5165 35 + 1
    0.4054 1 13
  2.582 7 + 1
    0.4275 1 14
  2.618 3 + 1
    0.5069 1 13
  3.0023 39 + 1
    0.4858 1 15

87 218 3
  0 2 - 0
  0.046 0 - 1
    0.046 1 0
  0.086 6 - 1
    0.086 1 0

87 219 31
  0 9 - 0
  0.015 5 - 1
    0.015 1 0
  0.0561 3 - 1
    0.0411 1 1
  0.073 13 - 1
    0.073 1 0
  0.081 1 - 1
    0.066 1 1
  0.09858 7 - 3
    0.04248 0.4907 2
    0.08358 0.2464 1
    0.09858 0.2629 0
  0.1344 5 - 3
    0.03582 0.5304 5
    0.0783 0.1216 2
    0.1194 0.348 1
  0.1398 3 - 1
    0.1248 1 1
  0.19129 7 + 4
    0.05689 0.0377 6
    0.09271 0.2958 5
    0.17629 0.1127 1
    0.19129 0.5538 0
  0.2104 3 + 1
    0.1954 1 1
  0.216 11 + 1
    0.216 1 0
  0.2692 7 - 3
    0.1348 0.181218 6
    0.2542 0.352735 1
    0.2692 0.466047 0
  0.3055 9 - 3
    0.0895 0.0622 10
    0.20692 0.6099 5
    0.3055 0.3279 0
  0.325 15 + 2
    0.109 0.5 10
    0.252 0.5 3
  0.3335 11 - 2
    0.0643 0.8969 11
    0.3335 0.1031 0
  0.3403 5 + 4
    0.2059 0.01734 6
    0.24172 0.076118 5
    0.2842 0.083158 2
    0.3253 0.823384 1
  0.3695 3 + 1
    0.2297 1 7
  0.3724 7 + 4
    0.238 0.156584 6
    0.27382 0.110689 5
    0.3574 0.388061 1
    0.3724 0.344666 0
  0.3748 7 - 1
    0.3748 1 0
  0.3843 5 + 1
    0.28572 1 5
  0.432 9 - 2
    0.1265 0.6707 12
    0.216 0.3293 10
  0.445 1 + 2
    0.3052 0.5 7
    0.3889 0.5 2
  0.4622 9 + 1
    0.4622 1 0
  0.4903 5 - 4
    0.2799 0.029949 9
    0.29901 0.029779 8
    0.4342 0.631881 2
    0.4753 0.308391 1
  0.5065 9 + 2
    0.31521 0.343 8
    0.5065 0.657 0
  0.53 11 + 1
    0.53 1 0
  0.5338 7 - 1
    0.5188 1 1
  0.589 9 - 1
    0.0825 1 24
  0.65 11 - 2
    0.3808 0.5 11
    0.55142 0.5 5
  0.7055 5 + 1
    0.1717 1 26
  0.778 7 + 1
    0.0725 1 29

87 220 35
  0 2 + 0
  0.00692 6 + 1
    0.00692 1 0
  0.01237 4 + 1
    0.01237 1 0
  0.01989 8 + 1
    0.01297 1 1
  0.04838 4 + 3
    0.03601 0.092716 2
    0.04146 0.073117 1
    0.04838 0.834167 0
  0.05583 10 + 1
    0.03594 1 3
  0.07299 6 + 5
    0.02461 0.575 4
    0.0531 0.06606 3
    0.06062 0.2083 2
    0.06607 0.08291 1
    0.07299 0.06773 0
  0.12731 8 + 1
    0.05432 1 6
  0.14072 2 - 3
    0.09234 0.099482 4
    0.12835 0.174203 2
    0.14072 0.726315 0
  0.15682 4 - 5
    0.08383 0.122007 6
    0.10844 0.085775 4
    0.14445 0.157209 2
    0.1499 0.085875 1
    0.15682 0.549133 0
  0.17718 6 - 4
    0.04987 0.051957 7
    0.10419 0.145991 6
    0.1288 0.354879 4
    0.16481 0.447173 2
  0.20021 10 + 1
    0.0729 1 7
  0.21443 8 - 5
    0.03725 0.615506 10
    0.14144 0.254903 6
    0.1586 0.03665 5
    0.19454 0.01527 3
    0.20751 0.077671 1
  0.2468 12 - 2
    0.04659 0.5 11
    0.19097 0.5 5
  0.257 14 - 1
    0.257 1 0
  0.27364 2 + 3
    0.22526 0.168292 4
    0.26127 0.788661 2
    0.27364 0.043048 0
  0.27602 4 + 1
    0.26365 1 2
  0.2908 10 - 2
    0.16349 0.3544 7
    0.27091 0.6456 3
  0.29991 2 + 3
    0.25153 0.5728 4
    0.28754 0.1297 2
    0.29991 0.2975 0
  0.3069 0 - 2
    0.15008 0.5 9
    0.3069 0.5 0
  0.3148 6 + 2
    0.11459 0.8311 11
    0.25897 0.1689 5
  0.34025 0 - 4
    0.04034 0.056701 18
    0.06661 0.419804 15
    0.19953 0.497405 8
    0.34025 0.02609 0
  0.3479 4 - 1
    0.32801 1 3
  0.35513 4 - 3
    0.05522 0.092782 18
    0.07911 0.52131 16
    0.08149 0.385908 15
  0.361 2 + 1
    0.08736 1 15
  0.36416 6 + 3
    0.07336 0.99 17
    0.18698 0.006077 10
    0.35724 0.003923 1
  0.37649 4 - 3
    0.10285 0.168 15
    0.32811 0.2073 4
    0.36412 0.6247 2
  0.3801 12 - 2
    0.17989 0.5 11
    0.32427 0.5 5
  0.4146 8 - 2
    0.35877 0.5 5
    0.40768 0.5 1
  0.4422 16 - 2
    0.0621 0.5 27
    0.1954 0.5 13
  0.4524 10 + 1
    0.09727 1 23
  0.4796 8 - 2
    0.42377 0.5 5
    0.47268 0.5 1
  0.5011 12 + 2
    0.20119 0.5 18
    0.22746 0.5 15
  0.5111 14 - 1
    0.49121 1 3
  0.5799 6 + 2
    0.57298 0.5 1
    0.5799 0.5 0

87 221 33
  0 5 - 0
  0.026 1 - 1
    0.026 1 0
  0.03664 3 - 1
    0.03664 1 0
  0.03854 9 - 1
    0.03854 1 0
  0.09962 3 - 3
    0.06298 0.600194 2
    0.07362 0.068009 1
    0.09962 0.331797 0
  0.10037 3 + 2
    0.07437 0.2281 1
    0.10037 0.7719 0
  0.10089 5 - 3
    0.06425 0.3614 2
    0.07489 0.3823 1
    0.10089 0.2563 0
  0.10841 7 - 3
    0.06987 0.038233 3
    0.07177 0.177812 2
    0.10841 0.783955 0
  0.14591 1 + 2
    0.04629 0.076837 4
    0.11991 0.923163 1
  0.15007 7 + 3
    0.04918 0.01052 6
    0.11153 0.334193 3
    0.15007 0.655287 0
  0.19577 7 - 6
    0.08736 0.254595 7
    0.09488 0.146697 6
    0.09615 0.069359 4
    0.15723 0.258095 3
    0.16977 0.203496 1
    0.19577 0.067759 0
  0.22464 3 + 7
    0.07873 0.068642 8
    0.12375 0.088483 6
    0.12427 0.151705 5
    0.1861 0.097683 3
    0.188 0.475414 2
    0.19864 0.017771 1
    0.22464 0.100303 0
  0.23451 5 + 4
    0.1261 0.093127 7
    0.13362 0.168295 6
    0.13489 0.360789 4
    0.19787 0.377789 2
  0.25356 5 + 8
    0.05779 0.006468 10
    0.10349 0.031267 9
    0.14515 0.174881 7
    0.15267 0.025837 6
    0.15394 0.247473 4
    0.21692 0.338763 2
    0.22756 0.033326 1
    0.25356 0.141985 0
  0.2726 9 - 1
    0.23596 1 2
  0.27921 7 + 5
    0.12914 0.156016 9
    0.1708 0.226923 7
    0.17832 0.184718 6
    0.24067 0.124912 3
    0.27921 0.307431 0
  0.28808 9 - 3
    0.17967 0.3953 7
    0.18719 0.2296 6
    0.24954 0.3751 3
  0.29466 9 + 3
    0.14459 0.280686 9
    0.18625 0.620869 7
    0.25612 0.098445 3
  0.39335 5 + 7
    0.11414 0.108597 15
    0.13979 0.077178 13
    0.16871 0.281692 11
    0.19758 0.33029 10
    0.24328 0.085057 9
    0.28494 0.086187 7
    0.35481 0.030999 3
  0.40075 7 - 3
    0.11267 0.689 16
    0.20498 0.112 10
    0.36221 0.199 3
  0.4102 5 + 1
    0.1376 1 14
  0.4973 5 + 1
    0.45876 1 3
  0.51781 5 + 6
    0.32204 0.05725 10
    0.36774 0.01578 9
    0.41819 0.091109 4
    0.48117 0.546596 2
    0.49181 0.005667 1
    0.51781 0.283598 0
  0.55205 3 - 10
    0.29849 0.009809 13
    0.31754 0.000537 12
    0.35628 0.001342 10
    0.40614 0.036177 8
    0.45116 0.020958 6
    0.45243 0.574958 4
    0.51351 0.005154 3
    0.51541 0.116691 2
    0.52605 0.200785 1
    0.55205 0.033588 0
  0.57081 5 + 5
    0.31725 0.01805 13
    0.37504 0.197202 10
    0.4624 0.092341 7
    0.46992 0.324903 6
    0.57081 0.367504 0
  0.6022 5 - 1
    0.56556 1 2
  0.63071 5 + 6
    0.43494 0.128203 10
    0.5223 0.093762 7
    0.52982 0.374908 6
    0.53109 0.210004 4
    0.59217 0.047221 3
    0.59407 0.145903 2
  0.63772 7 - 4
    0.40321 0.03686 12
    0.5381 0.201198 4
    0.60108 0.740693 2
    0.63772 0.02125 0
  0.712 11 - 2
    0.51623 0.5 10
    0.60359 0.5 7
  0.7142 5 + 1
    0.56829 1 8
  0.74916 5 + 2
    0.60325 0.5753 8
    0.64954 0.4247 4
  0.7802 7 - 3
    0.54569 0.3348 12
    0.63013 0.1988 9
    0.67983 0.4664 5
  0.8242 11 - 1
    0.8242 1 0

87 222 2
  0 4 - 0
  0.04 0 - 1
    0.04 1 0

87 223 59
  0 3 - 0
  0.012882 5 - 1
    0.012882 1 0
  0.05498 1 - 1
    0.05498 1 0
  0.082129 7 - 2
    0.069247 0.7426 1
    0.082129 0.2574 0
  0.09953 3 - 3
    0.04455 0.091082 2
    0.086648 0.360507 1
    0.09953 0.548411 0
  0.100999 5 - 3
    0.046019 0.20452 2
    0.088117 0.376738 1
    0.100999 0.418742 0
  0.13448 3 + 5
    0.033481 0.093073 5
    0.03495 0.021588 4
    0.0795 0.385073 2
    0.121598 0.345976 1
    0.13448 0.154289 0
  0.16043 3 + 5
    0.02595 0.009947 6
    0.059431 0.007243 5
    0.0609 0.007128 4
    0.147548 0.330294 1
    0.16043 0.645388 0
  0.171963 5 + 5
    0.037483 0.063889 6
    0.072433 0.038089 4
    0.089834 0.090038 3
    0.159081 0.297794 1
    0.171963 0.51019 0
  0.18707 5 - 4
    0.05259 0.026788 6
    0.086071 0.299673 5
    0.104941 0.55875 3
    0.174188 0.11479 1
  0.18892 7 - 3
    0.087921 0.074351 5
    0.106791 0.864617 3
    0.176038 0.061031 1
  0.21953 7 + 4
    0.08505 0.127591 6
    0.118531 0.022868 5
    0.137401 0.28018 3
    0.206648 0.56936 1
  0.22298 7 + 3
    0.051017 0.023569 8
    0.0885 0.060168 6
    0.140851 0.916263 3
  0.24245 5 - 5
    0.05353 0.587182 10
    0.070487 0.046709 8
    0.10797 0.01192 6
    0.229568 0.207594 1
    0.24245 0.146596 0
  0.24357 5 - 3
    0.08314 0.01351 7
    0.161441 0.562994 3
    0.24357 0.423496 0
  0.244674 7 - 5
    0.055754 0.134097 10
    0.057604 0.101598 9
    0.143675 0.336793 5
    0.162545 0.392292 3
    0.231792 0.035219 1
  0.2987 9 - 1
    0.216571 1 3
  0.36565 3 - 3
    0.14267 0.8222 12
    0.14612 0.143 11
    0.283521 0.0348 3
  0.371 11 + 2
    0.14802 0.5 12
    0.15147 0.5 11
  0.379 9 + 2
    0.207037 0.5 8
    0.296871 0.5 3
  0.449 13 + 1
    0.07 1 19
  0.503 11 + 2
    0.28002 0.5 12
    0.28347 0.5 11
  0.5152 3 - 2
    0.41567 0.5135 4
    0.46022 0.4865 2
  0.54053 5 + 5
    0.35161 0.076955 10
    0.439531 0.16989 5
    0.441 0.270384 4
    0.527648 0.137992 1
    0.54053 0.344779 0
  0.6054 5 - 8
    0.360726 0.037368 15
    0.38242 0.001654 12
    0.41648 0.369183 10
    0.504401 0.002456 5
    0.50587 0.023799 4
    0.523271 0.068007 3
    0.592518 0.489878 1
    0.6054 0.007655 0
  0.64758 9 + 7
    0.402906 0.089304 15
    0.4246 0.010181 12
    0.45866 0.175809 10
    0.546581 0.330317 5
    0.565451 0.211511 3
    0.634698 0.159908 1
    0.64758 0.022971 0
  0.64966 5 - 8
    0.404986 0.01322 15
    0.46074 0.04478 10
    0.477697 0.0112 8
    0.548661 0.100399 5
    0.55013 0.055099 4
    0.567531 0.069709 3
    0.636778 0.204898 1
    0.64966 0.500695 0
  0.6848 7 + 2
    0.31915 0.2408 17
    0.46182 0.7592 12
  0.69862 1 + 3
    0.5097 0.571749 10
    0.526657 0.343069 8
    0.69862 0.085182 0
  0.73688 7 - 9
    0.492206 0.138603 15
    0.49331 0.01186 14
    0.5139 0.003051 12
    0.51735 0.004406 11
    0.54796 0.01439 10
    0.635881 0.364608 5
    0.654751 0.287307 3
    0.723998 0.154904 1
    0.73688 0.02087 0
  0.76321 9 + 7
    0.39756 0.069697 17
    0.52076 0.150715 13
    0.54023 0.135014 12
    0.54368 0.064026 11
    0.57614 0.435544 9
    0.591247 0.113211 8
    0.750328 0.031793 1
  0.78266 15 + 6
    0.54021 0.045249 13
    0.56313 0.040659 11
    0.610697 0.146897 8
    0.62223 0.709486 7
    0.64818 0.028199 6
    0.78266 0.029509 0
  0.83454 11 + 5
    0.589866 0.164595 15
    0.59097 0.205794 14
    0.67411 0.059668 7
    0.752411 0.514385 3
    0.821658 0.055558 1
  0.8393 13 + 3
    0.59573 0.2645 14
    0.61977 0.3223 11
    0.667337 0.4132 8
  0.89268 9 - 6
    0.6697 0.2983 12
    0.67315 0.5081 11
    0.70561 0.08181 9
    0.791681 0.03862 5
    0.810551 0.02744 3
    0.89268 0.04573 0
  0.92163 1 + 1
    0.73456 1 9
  0.98773 11 - 1
    0.74416 1 14
  0.99561 17 + 4
    0.83518 0.192987 7
    0.894611 0.584759 5
    0.982728 0.14039 1
    0.99561 0.081864 0
  0.99912 13 - 3
    0.21646 0.66228 31
    0.827157 0.080128 8
    0.94414 0.257592 2
  1.00194 15 + 3
    0.829977 0.2222 8
    0.84151 0.4831 7
    0.86746 0.2947 6
  1.03528 9 - 4
    0.8123 0.093637 12
    0.81575 0.374526 11
    0.863317 0.258418 8
    0.9008 0.273419 6
  1.04228 19 + 2
    0.79983 0.3151 13
    0.88185 0.6849 7
  1.07011 11 - 5
    0.38531 0.098855 27
    0.84713 0.280814 12
    0.85058 0.103605 11
    0.88304 0.275214 9
    0.898147 0.241512 8
  1.10281 1 + 8
    0.858136 0.078512 15
    0.88328 0.067682 11
    0.91389 0.135404 10
    0.91574 0.129904 9
    0.94238 0.270708 7
    1.00181 0.170505 5
    1.08993 0.111003 1
    1.10281 0.036281 0
  1.12024 7 - 5
    0.93132 0.099269 10
    0.948277 0.608994 8
    0.95981 0.154098 7
    1.03811 0.099269 3
    1.10736 0.03837 1
  1.2211 9 + 3
    0.97753 0.1282 14
    0.99812 0.5128 12
    1.20822 0.359 1
  1.32217 3 - 6
    0.78164 0.183793 23
    1.0775 0.113395 15
    1.09919 0.125995 12
    1.22117 0.073507 5
    1.24004 0.448182 3
    1.30929 0.055128 1
  1.35912 13 + 8
    0.75372 0.2119 24
    0.81859 0.4742 23
    1.13959 0.04647 11
    1.1702 0.05168 10
    1.18716 0.08962 8
    1.25812 0.055 5
    1.27699 0.04505 3
    1.35912 0.02608 0
  1.39829 21 - 3
    1.17531 0.4149 12
    1.31616 0.2863 3
    1.38541 0.2988 1
  1.45579 7 + 5
    0.850385 0.082917 24
    1.21111 0.209119 15
    1.21334 0.172416 13
    1.26687 0.168715 10
    1.35479 0.366833 5
  1.5124 11 - 1
    1.26883 1 14
  1.54074 9 + 5
    1.29607 0.312381 15
    1.31776 0.385677 12
    1.36878 0.065556 8
    1.43974 0.131092 5
    1.54074 0.105294 0
  1.55211 3 - 5
    1.30744 0.281603 15
    1.32913 0.255703 12
    1.33258 0.287403 11
    1.38015 0.080461 8
    1.45111 0.094831 5
  1.56656 1 + 3
    1.3946 0.1606 8
    1.40613 0.7299 7
    1.56656 0.1095 0
  1.57378 5 - 3
    1.3508 0.4484 12
    1.47278 0.1794 5
    1.49165 0.3722 3
  1.59049 7 + 3
    1.36751 0.1742 12
    1.40157 0.1806 10
    1.40342 0.6452 9
  1.59505 15 - 4
    1.37207 0.1773 12
    1.37552 0.2591 11
    1.42309 0.4545 8
    1.51292 0.1091 3
  1.6293 17 + 2
    1.40977 0.8418 11
    1.54717 0.1582 3
  1.69543 9 - 1
    1.535 1 7

87 224 1
  0 2 - 0

87 225 66
  0 3 - 0
  0.028545 5 - 1
    0.028545 1 0
  0.082515 7 - 2
    0.05397 0.7306 1
    0.082515 0.2694 0
  0.12806 9 - 2
    0.045545 0.3865 2
    0.099515 0.6135 1
  0.14259 3 + 2
    0.114045 0.2436 1
    0.14259 0.7564 0
  0.15163 5 + 3
    0.069115 0.090791 2
    0.123085 0.302203 1
    0.15163 0.607006 0
  0.181 1 + 2
    0.02937 0.5 5
    0.181 0.5 0
  0.189945 9 + 3
    0.038315 0.188987 5
    0.061885 0.022368 3
    0.10743 0.788645 2
  0.19823 7 + 4
    0.0466 0.117707 5
    0.07017 0.047743 3
    0.115715 0.106606 2
    0.169685 0.727944 1
  0.2034 9 - 3
    0.013455 0.068772 7
    0.120885 0.784624 2
    0.174855 0.146604 1
  0.205 3 + 2
    0.06241 0.5 4
    0.176455 0.5 1
  0.2072 5 - 3
    0.06461 0.01121 4
    0.178655 0.769392 1
    0.2072 0.219398 0
  0.22836 7 - 2
    0.038415 0.092736 7
    0.145845 0.907264 2
  0.24137 5 + 3
    0.08974 0.4496 5
    0.212825 0.1906 1
    0.24137 0.3598 0
  0.29323 7 + 4
    0.095 0.088956 8
    0.1416 0.065777 5
    0.16517 0.411584 3
    0.264685 0.433683 1
  0.30325 7 + 1
    0.17519 1 3
  0.3301 5 - 5
    0.1267 0.399488 9
    0.13187 0.216094 8
    0.247585 0.262692 2
    0.301555 0.028919 1
    0.3301 0.092807 0
  0.34603 9 + 5
    0.10466 0.179311 13
    0.14263 0.062644 9
    0.1478 0.194012 8
    0.156085 0.354321 7
    0.263515 0.209713 2
  0.401 11 - 2
    0.211055 0.5 7
    0.318485 0.5 2
  0.40904 5 + 4
    0.20184 0.261997 11
    0.21081 0.155698 8
    0.25741 0.494295 5
    0.40904 0.088009 0
  0.42497 7 - 2
    0.29691 0.917009 3
    0.42497 0.082991 0
  0.448 13 - 2
    0.2446 0.5 9
    0.31994 0.5 3
  0.48009 11 - 4
    0.07105 0.446522 19
    0.18686 0.127606 14
    0.25173 0.029451 12
    0.290145 0.39642 7
  0.50296 5 - 5
    0.29576 0.556506 11
    0.29956 0.063371 9
    0.30473 0.064421 8
    0.35133 0.126401 5
    0.36037 0.189302 4
  0.55968 7 - 9
    0.22958 0.097754 16
    0.31831 0.050857 13
    0.35248 0.343879 11
    0.35628 0.178589 9
    0.36145 0.027068 8
    0.369735 0.050377 7
    0.40805 0.055077 5
    0.43162 0.037708 3
    0.531135 0.15869 1
  0.57151 7 - 6
    0.36431 0.284646 11
    0.36811 0.093045 9
    0.37328 0.177428 8
    0.381565 0.099926 7
    0.41988 0.226436 5
    0.542965 0.118519 1
  0.591 15 + 1
    0.143 1 21
  0.61866 1 + 3
    0.27263 0.2608 17
    0.28856 0.378 16
    0.42043 0.3612 8
  0.63 13 + 2
    0.28397 0.5 17
    0.440055 0.5 7
  0.6356 3 + 2
    0.39423 0.2566 13
    0.48397 0.7434 5
  0.655 11 - 2
    0.465055 0.5 7
    0.572485 0.5 2
  0.66518 7 + 6
    0.1055 0.125397 24
    0.25614 0.111398 19
    0.42381 0.193696 13
    0.46178 0.068219 9
    0.46695 0.193696 8
    0.475235 0.307594 7
  0.676 17 - 2
    0.085 0.5 26
    0.228 0.5 21
  0.72106 5 - 5
    0.24097 0.008193 22
    0.51386 0.072601 11
    0.51766 0.0123 9
    0.692515 0.271802 1
    0.72106 0.635104 0
  0.74426 9 + 6
    0.33522 0.25089 19
    0.39823 0.073727 17
    0.45103 0.140994 14
    0.54603 0.364485 8
    0.554315 0.064107 7
    0.60167 0.105796 4
  0.75453 3 + 4
    0.13587 0.371722 27
    0.55113 0.17471 9
    0.564585 0.360622 7
    0.6029 0.092946 5
  0.77864 7 - 11
    0.21896 0.007518 24
    0.27568 0.004414 23
    0.3696 0.007055 19
    0.43261 0.011361 17
    0.44854 0.013771 16
    0.57144 0.062233 11
    0.62701 0.019231 5
    0.65058 0.057443 3
    0.696125 0.327917 2
    0.750095 0.462925 1
    0.77864 0.026131 0
  0.799 1 + 2
    0.64737 0.5 5
    0.799 0.5 0
  0.83218 11 - 5
    0.48615 0.2853 17
    0.59081 0.1166 13
    0.63395 0.1258 8
    0.642235 0.3067 7
    0.68055 0.1656 5
  0.83909 13 + 5
    0.20349 0.1444 29
    0.53584 0.5132 15
    0.54586 0.1428 14
    0.64086 0.0942 8
    0.71103 0.1054 3
  0.845 9 - 2
    0.71694 0.5 3
    0.816455 0.5 1
  0.86574 7 - 12
    0.36278 0.02884 23
    0.56249 0.01549 15
    0.62437 0.01388 13
    0.65854 0.0785 11
    0.66234 0.0879 9
    0.66751 0.0325 8
    0.675795 0.01743 7
    0.71411 0.03049 5
    0.72315 0.09983 4
    0.73768 0.1062 3
    0.783225 0.07754 2
    0.837195 0.4114 1
  0.88595 3 + 7
    0.14169 0.11171 34
    0.40586 0.125411 22
    0.64458 0.079257 13
    0.73432 0.156814 5
    0.74336 0.295927 4
    0.857405 0.065566 1
    0.88595 0.165315 0
  0.93568 15 + 2
    0.60558 0.5587 16
    0.80762 0.4413 3
  0.974 11 - 2
    0.784055 0.5 7
    0.891485 0.5 2
  0.97966 1 + 5
    0.40815 0.147803 25
    0.82803 0.117302 5
    0.83707 0.434609 4
    0.951115 0.239005 1
    0.97966 0.061281 0
  1.028 9 - 2
    0.89994 0.5 3
    0.999455 0.5 1
  1.04744 3 + 4
    0.29291 0.056519 35
    0.80607 0.173897 13
    0.89581 0.434791 5
    1.04744 0.334793 0
  1.06303 19 - 8
    0.3085 0.05544 35
    0.39785 0.08008 31
    0.42743 0.2053 29
    0.75978 0.1191 15
    0.83467 0.09651 12
    0.85963 0.07187 9
    0.8648 0.1766 8
    0.873085 0.1951 7
  1.10184 13 + 3
    0.89844 0.1145 9
    0.90361 0.1312 8
    0.911895 0.7543 7
  1.127 5 - 2
    0.99894 0.5 3
    1.09845 0.5 1
  1.18518 11 + 9
    0.31944 0.101202 41
    0.56652 0.062061 27
    0.70509 0.218604 22
    0.85508 0.037781 16
    0.89195 0.078522 14
    0.97798 0.043171 11
    0.98178 0.078252 9
    1.03355 0.269805 5
    1.10267 0.110602 2
  1.22603 9 - 4
    0.80106 0.1931 20
    1.0278 0.1931 8
    1.03608 0.1188 7
    1.14351 0.495 2
  1.247 3 + 2
    1.10441 0.5 4
    1.21846 0.5 1
  1.321 1 - 2
    1.17841 0.5 4
    1.29245 0.5 1
  1.351 5 + 2
    1.26849 0.5 2
    1.351 0.5 0
  1.39217 15 - 6
    0.41251 0.183102 45
    0.72699 0.123901 31
    0.82066 0.115501 25
    1.19394 0.281703 8
    1.36362 0.197202 1
    1.39217 0.098591 0
  1.398 17 + 2
    0.55891 0.5 39
    0.768 0.5 28
  1.47963 7 - 12
    0.75857 0.031791 33
    0.81445 0.039791 31
    0.99954 0.043591 22
    1.07059 0.074241 19
    1.17638 0.030461 15
    1.2814 0.032551 8
    1.28968 0.158003 7
    1.328 0.159903 5
    1.33704 0.064721 4
    1.35157 0.119902 3
    1.39711 0.054641 2
    1.45108 0.190404 1
  1.51942 9 + 5
    0.95974 0.090164 24
    1.17339 0.196708 17
    1.22619 0.102504 14
    1.32119 0.200808 8
    1.32947 0.409816 7
  1.52613 3 - 4
    1.19603 0.275728 16
    1.3279 0.332233 8
    1.44361 0.162816 2
    1.49758 0.229223 1
  1.535 5 + 2
    1.45248 0.5 2
    1.535 0.5 0
  1.57788 11 - 6
    0.94228 0.067721 29
    1.0182 0.106702 24
    1.16884 0.167003 19
    1.23185 0.092762 17
    1.49537 0.463809 2
    1.54933 0.102002 1
  1.61426 13 + 6
    0.38823 0.290723 52
    0.94908 0.180214 31
    1.1113 0.093027 23
    1.3859 0.159913 12
    1.41603 0.145312 8
    1.47167 0.13081 4
  1.65535 21 - 12
    0.47017 0.044263 51
    0.82317 0.137708 38
    0.87671 0.070494 36
    0.90082 0.062304 35
    0.99017 0.057383 31
    1.01975 0.16391 29
    1.09567 0.067214 24
    1.23038 0.052463 20
    1.45712 0.101606 8
    1.50372 0.096726 5
    1.51276 0.103306 4
    1.62681 0.042623 1
  1.74984 9 + 11
    0.7024 0.081449 47
    0.91766 0.03571 38
    1.02878 0.081449 33
    1.08466 0.068919 31
    1.13118 0.053259 27
    1.41974 0.058269 16
    1.50847 0.084589 13
    1.55161 0.091479 8
    1.5599 0.313297 7
    1.60725 0.03822 4
    1.66732 0.093359 2

87 226 1
  0 2 - 0

87 227 39
  0 1 + 0
  0.00278 3 - 1
    0.00278 1 0
  0.03205 5 + 1
    0.03205 1 0
  0.0342 5 - 1
    0.03142 1 1
  0.03988 3 + 1
    0.03988 1 0
  0.056 3 - 1
    0.056 1 0
  0.0591 3 - 1
    0.0591 1 0
  0.06307 1 - 1
    0.06307 1 0
  0.0665 3 + 1
    0.0665 1 0
  0.08796 7 - 1
    0.05376 1 3
  0.09542 3 - 3
    0.06122 0.709628 3
    0.09264 0.201108 1
    0.09542 0.089264 0
  0.12156 7 + 1
    0.08951 1 2
  0.1321 1 - 1
    0.0979 1 3
  0.14432 3 + 6
    0.0489 0.007887 10
    0.07782 0.338177 8
    0.10444 0.44747 4
    0.11227 0.137491 2
    0.14154 0.054606 1
    0.14432 0.014369 0
  0.16495 5 + 5
    0.09845 0.067691 8
    0.12507 0.02012 4
    0.1329 0.595206 2
    0.16217 0.295403 1
    0.16495 0.02158 0
  0.22413 9 + 4
    0.12871 0.927563 10
    0.13617 0.01122 9
    0.15763 0.023409 8
    0.19208 0.037808 2
  0.29835 11 - 3
    0.1334 0.2252 14
    0.15403 0.4505 13
    0.23528 0.3243 7
  0.30653 3 + 8
    0.14158 0.2705 14
    0.16221 0.4571 13
    0.17443 0.01965 12
    0.21111 0.01701 10
    0.24003 0.01587 8
    0.26665 0.05818 4
    0.30375 0.04449 1
    0.30653 0.1172 0
  0.33088 9 - 3
    0.20932 0.1107 11
    0.26781 0.7541 7
    0.29668 0.1352 3
  0.37861 13 + 1
    0.21366 1 14
  0.41896 7 - 7
    0.11243 0.03599 17
    0.19483 0.460495 15
    0.25401 0.02518 14
    0.331 0.083039 9
    0.37908 0.093599 4
    0.38691 0.116199 2
    0.41618 0.185498 1
  0.42778 11 + 5
    0.26283 0.092365 14
    0.28346 0.061077 13
    0.29568 0.444278 12
    0.33236 0.297985 10
    0.42778 0.104295 0
  0.445 9 - 2
    0.28005 0.3939 14
    0.30068 0.6061 13
  0.53465 3 - 5
    0.3697 0.129503 14
    0.46815 0.054681 8
    0.5026 0.215004 2
    0.53187 0.468609 1
    0.53465 0.132203 0
  0.57996 5 + 1
    0.52086 1 6
  0.67551 7 + 4
    0.24773 0.043291 21
    0.51056 0.090483 14
    0.64346 0.433313 2
    0.67273 0.432913 1
  0.68622 3 + 2
    0.62315 0.037871 7
    0.68622 0.962129 0
  0.68908 15 - 5
    0.24408 0.061477 22
    0.59366 0.073966 10
    0.60112 0.264187 9
    0.65488 0.120094 3
    0.65703 0.480276 2
  0.69047 13 - 1
    0.54615 1 13
  0.71601 9 + 1
    0.65294 1 7
  0.84996 11 - 1
    0.431 1 20
  0.861 5 + 5
    0.44204 0.275908 20
    0.76558 0.190406 10
    0.7945 0.388712 8
    0.79793 0.063352 7
    0.8019 0.081622 6
  0.87202 7 - 3
    0.81602 0.378273 5
    0.83782 0.088964 3
    0.87202 0.532763 0
  0.8929 17 + 5
    0.47394 0.163684 20
    0.58637 0.571043 17
    0.74858 0.131887 13
    0.8264 0.047715 8
    0.8929 0.085671 0
  0.89893 9 - 4
    0.47115 0.1147 21
    0.75461 0.2523 13
    0.83586 0.4587 7
    0.86473 0.1743 3
  0.90415 5 + 6
    0.48519 0.051997 20
    0.59762 0.180189 17
    0.68002 0.041827 15
    0.7392 0.482571 14
    0.75983 0.196588 13
    0.90137 0.046827 1
  0.92303 7 - 1
    0.59215 1 18
  0.9491 11 + 4
    0.53014 0.088779 20
    0.72497 0.295997 15
    0.80478 0.518795 13
    0.85368 0.096429 10
  0.95506 13 - 2
    0.5361 0.641 20
    0.81074 0.359 13

87 228 1
  0 4 - 0

87 229 1
  0 1 - 0

87 230 1
  0 0 - 0

87 231 1
  0 1 + 0

87 232 1
  0 10 - 0

87 233 1
  0 1 - 0

