31 60 1
  0 4 + 0

31 61 6
  0 3 - 0
  0.22 1 - 1
    0.22 1 0
  0.271 5 - 1
    0.271 1 0
  1.397 9 - 1
    1.126 1 2
  2.903 13 - 1
    1.506 1 3
  3.362 3 - 1
    3.362 1 0

31 62 18
  0 0 + 0
  0.5712 2 + 1
    0.5712 1 0
  0.8172 6 + 1
    0.246 1 1
  1.0167 4 + 1
    0.4455 1 1
  1.1935 10 + 1
    0.3763 1 2
  1.4394 8 + 1
    0.6222 1 2
  2.234 4 + 2
    0.7946 0.3939 5
    1.4168 0.6061 2
  2.3736 12 + 2
    0.9342 0.2307 5
    1.1801 0.7693 4
  2.4343 14 + 1
    1.2408 1 4
  2.6745 12 - 2
    1.2351 0.359 5
    1.481 0.641 4
  3.0148 2 - 2
    0.3403 0.5435 9
    0.6412 0.4565 7
  3.4918 14 - 2
    1.0575 0.6803 8
    1.1182 0.3197 7
  3.922 16 + 2
    0.9072 0.3103 10
    1.4877 0.6897 8
  4.6578 16 - 1
    1.166 1 11
  4.7891 18 + 2
    0.8671 0.2095 12
    2.3548 0.7905 8
  4.9452 6 - 1
    1.0232 1 12
  5.735 22 + 2
    0.7898 0.0654 15
    0.9459 0.9346 14
  6.8423 4 - 1
    1.1073 1 16

31 63 34
  0 3 - 0
  0.07532 5 - 1
    0.07532 1 0
  0.44334 3 - 1
    0.44334 1 0
  0.72246 3 - 2
    0.27912 0.071709 2
    0.72246 0.928291 0
  1.15265 9 - 1
    1.07733 1 1
  1.422 7 - 3
    0.69954 0.1421 3
    0.97866 0.1302 2
    1.422 0.7277 0
  2.04648 9 + 2
    0.62448 0.2188 5
    0.89383 0.7812 4
  2.9405 13 + 1
    0.89402 1 6
  4.0806 17 + 1
    1.1401 1 7
  4.959 15 + 1
    0.8784 1 8
  5.2439 13 + 1
    2.3034 1 7
  5.7157 21 + 1
    1.6351 1 8
  5.853 19 - 2
    0.6091 0.01242 10
    1.7724 0.98758 8
  6.2511 21 + 1
    1.2921 1 9
  6.5015 23 - 2
    0.6485 0.926019 12
    0.785799 0.073981 11
  6.9849 25 + 1
    1.2692 1 11
  7.6552 5 - 1
    1.1537 1 14
  7.7107 27 - 1
    1.2092 1 14
  7.9144 25 + 1
    1.4129 1 14
  8.4115 29 + 1
    1.4266 1 15
  9.0153 1 - 1
    1.3046 1 17
  9.0409 31 + 1
    1.3302 1 17
  9.2548 29 - 2
    1.3404 0.2564 18
    1.5441 0.7436 17
  9.6352 5 + 1
    1.98 1 16
  10.3334 33 + 1
    1.9219 1 19
  10.8268 7 - 1
    1.8115 1 20
  10.8708 35 - 1
    1.8299 1 21
  10.9655 35 - 1
    1.9246 1 21
  10.9782 33 + 2
    1.7234 0.3333 22
    1.9373 0.6667 21
  12.7383 37 + 2
    1.7601 0.5181 28
    1.8675 0.4819 26
  12.8309 3 - 1
    2.4975 1 24
  12.8341 39 - 2
    1.8686 0.7165 27
    1.9633 0.2835 26
  13.0399 5 + 1
    2.2131 1 25
  14.4652 43 - 1
    1.6311 1 31

31 64 57
  0 0 + 0
  0.04285 4 + 1
    0.04285 1 0
  0.12805 2 + 2
    0.0852 0.3714 1
    0.12805 0.6286 0
  0.17095 6 + 1
    0.1281 1 1
  0.32299 2 + 3
    0.15204 0.115212 3
    0.28014 0.675668 1
    0.32299 0.209121 0
  0.42703 2 + 2
    0.38418 0.1119 1
    0.42703 0.8881 0
  0.53453 6 + 2
    0.36358 0.4121 3
    0.49168 0.5879 1
  0.538 8 + 2
    0.36705 0.3828 3
    0.49515 0.6172 1
  0.55029 4 + 2
    0.42224 0.7874 2
    0.55029 0.2126 0
  0.60512 4 + 1
    0.43417 1 3
  0.66694 2 + 1
    0.66694 1 0
  0.70748 8 + 2
    0.38449 0.259 4
    0.66463 0.741 1
  0.71215 4 + 2
    0.5412 0.6452 3
    0.5841 0.3548 2
  0.76523 6 - 1
    0.22723 1 7
  0.8174 2 + 1
    0.77455 1 1
  0.82892 4 - 1
    0.29092 1 7
  0.852 4 + 2
    0.80915 0.5 1
    0.852 0.5 0
  0.937 2 + 2
    0.76605 0.5 3
    0.80895 0.5 2
  1.02079 10 + 4
    0.31331 0.25 11
    0.48279 0.25 7
    0.48626 0.25 6
    0.84984 0.25 3
  1.035 6 - 2
    0.497 0.5 7
    0.99215 0.5 1
  1.054 8 - 2
    0.51947 0.5 6
    0.88305 0.5 3
  1.136 12 - 2
    0.082 0.5 20
    0.11521 0.5 18
  1.233 0 - 2
    0.91001 0.5 4
    1.10495 0.5 2
  1.27979 8 + 4
    0.57231 0.25 11
    0.74179 0.25 7
    0.74526 0.25 6
    1.10884 0.25 3
  1.3571 10 + 2
    0.8191 0.5 7
    1.18615 0.5 3
  1.421 6 - 2
    0.883 0.5 7
    1.37815 0.5 1
  1.46 14 - 1
    1.46 1 0
  1.47871 6 - 3
    0.77123 0.333333 11
    0.94071 0.333333 7
    0.94418 0.333333 6
  1.552 4 - 2
    1.38105 0.5 3
    1.42395 0.5 2
  1.578 0 - 2
    1.25501 0.5 4
    1.44995 0.5 2
  1.68509 10 + 3
    0.6643 0.333333 18
    0.85617 0.333333 15
    1.51414 0.333333 3
  1.785 4 - 2
    1.61405 0.5 3
    1.65695 0.5 2
  1.7985 12 + 4
    0.77771 0.25 18
    0.96958 0.25 15
    1.09102 0.25 11
    1.2605 0.25 7
  1.818 6 - 2
    1.28 0.5 7
    1.77515 0.5 1
  1.8428 10 - 3
    0.56301 0.333333 23
    0.82201 0.333333 18
    1.13532 0.333333 11
  1.8594 2 - 2
    1.81655 0.5 1
    1.8594 0.5 0
  1.9051 0 + 2
    1.86225 0.5 1
    1.9051 0.5 0
  1.94951 12 + 3
    0.59241 0.333333 24
    0.92872 0.333333 18
    1.41151 0.333333 7
  2.004 4 - 2
    1.83305 0.5 3
    1.87595 0.5 2
  2.0332 14 - 3
    0.1904 0.333333 34
    0.2347 0.333333 32
    1.01241 0.333333 18
  2.0529 12 + 4
    0.2101 0.25 34
    0.36781 0.25 30
    0.6958 0.25 24
    1.03211 0.25 18
  2.1043 8 - 1
    0.41921 1 30
  2.1809 6 - 2
    1.6429 0.5 7
    2.13805 0.5 1
  2.3367 2 - 2
    2.29385 0.5 1
    2.3367 0.5 0
  2.3536 4 - 1
    1.33281 1 18
  2.384 6 - 2
    1.846 0.5 7
    2.34115 0.5 1
  2.3963 14 - 1
    0.5535 1 34
  2.415 2 - 2
    2.37215 0.5 1
    2.415 0.5 0
  2.4462 4 + 2
    2.40335 0.5 1
    2.4462 0.5 0
  2.5476 8 - 2
    2.01307 0.5 6
    2.37665 0.5 3
  2.94 4 + 2
    2.89715 0.5 1
    2.94 0.5 0
  3.08951 16 - 2
    0.69321 0.5 46
    1.05631 0.5 39
  3.10271 18 - 1
    1.06951 1 39
  3.1639 6 + 1
    1.111 1 40
  3.5739 18 + 2
    0.47119 0.5 52
    0.48439 0.5 51
  4.473 22 + 1
    0.8991 1 54
  5.6291 24 - 1
    1.1561 1 55

31 65 147
  0 3 - 0
  0.06194 1 - 1
    0.06194 1 0
  0.19081 5 - 1
    0.19081 1 0
  0.64967 1 - 3
    0.45886 0.052739 2
    0.58773 0.070179 1
    0.64967 0.877082 0
  0.80918 1 - 3
    0.61837 0.062822 2
    0.74724 0.053052 1
    0.80918 0.884127 0
  0.81489 3 - 2
    0.75295 0.6993 1
    0.81489 0.3007 0
  1.07584 7 - 2
    0.88503 0.2857 2
    1.07584 0.7143 0
  1.084 7 + 1
    0.89319 1 2
  1.135 9 + 1
    0.05916 1 6
  1.28741 9 - 1
    1.0966 1 2
  1.29859 3 + 3
    1.10778 0.251787 2
    1.23665 0.699265 1
    1.29859 0.048948 0
  1.3262 3 + 1
    1.13539 1 2
  1.35337 1 + 2
    0.54419 0.3591 4
    1.35337 0.6409 0
  1.3709 7 + 1
    1.18009 1 2
  1.3774 5 - 2
    1.31546 0.3007 1
    1.3774 0.6993 0
  1.469 5 + 2
    0.65411 0.5 5
    1.469 0.5 0
  1.66195 11 + 4
    0.85277 0.369104 4
    1.47114 0.141601 2
    1.60001 0.429204 1
    1.66195 0.060091 0
  1.807 5 + 2
    0.99211 0.5 5
    1.807 0.5 0
  1.864 13 - 2
    0.20205 0.5 16
    0.57659 0.5 9
  1.87938 3 + 5
    1.0702 0.138612 4
    1.22971 0.33003 3
    1.68857 0.33003 2
    1.81744 0.059415 1
    1.87938 0.141913 0
  1.902 5 - 2
    0.82616 0.4792 6
    1.902 0.5208 0
  1.9667 7 + 1
    1.9667 1 0
  1.9831 9 - 3
    1.17392 0.1479 4
    1.79229 0.7042 2
    1.92116 0.1479 1
  2.03815 9 + 4
    0.68478 0.008651 12
    0.75074 0.789931 9
    0.96231 0.156406 6
    1.84734 0.045012 2
  2.0463 3 - 2
    0.97046 0.1525 6
    1.23712 0.8475 4
  2.1617 5 + 3
    1.51203 0.139214 3
    2.09976 0.632963 1
    2.1617 0.227823 0
  2.2066 5 - 2
    2.01579 0.3007 2
    2.2066 0.6993 0
  2.28 7 + 2
    1.196 0.5 7
    2.08919 0.5 2
  2.3238 3 - 1
    2.3238 1 0
  2.357 11 + 2
    1.06959 0.5 9
    1.273 0.5 7
  2.388 1 - 2
    2.19719 0.5 2
    2.32606 0.5 1
  2.4265 7 + 4
    1.61732 0.3984 4
    1.77683 0.1514 3
    2.36456 0.2988 1
    2.4265 0.1514 0
  2.447 3 - 1
    2.447 1 0
  2.47 5 + 2
    1.65511 0.5 5
    2.47 0.5 0
  2.5028 15 - 4
    1.68791 0.098593 5
    1.69362 0.098593 4
    1.85313 0.098593 3
    2.44086 0.704221 1
  2.548 1 + 2
    1.73311 0.5 5
    2.548 0.5 0
  2.575 3 - 2
    1.76011 0.5 5
    2.575 0.5 0
  2.647 5 + 2
    1.83211 0.5 5
    2.647 0.5 0
  2.669 7 - 2
    1.85411 0.5 5
    2.669 0.5 0
  2.7041 17 + 1
    2.7041 1 0
  2.716 3 - 2
    1.90111 0.5 5
    2.716 0.5 0
  2.754 5 + 2
    1.93911 0.5 5
    2.754 0.5 0
  2.78893 13 - 1
    1.50152 1 9
  2.811 1 + 2
    2.62019 0.8 2
    2.811 0.2 0
  2.81391 11 + 2
    0.77576 0.1056 23
    1.5265 0.8944 9
  2.82 7 - 2
    2.00511 0.5 5
    2.82 0.5 0
  2.906 3 - 2
    2.09111 0.5 5
    2.906 0.5 0
  2.924 5 + 2
    2.10911 0.5 5
    2.924 0.5 0
  2.9294 9 - 2
    2.12022 0.5 4
    2.27973 0.5 3
  2.96 7 + 2
    1.876 0.5 7
    2.76919 0.5 2
  3.006 3 - 2
    2.19111 0.5 5
    3.006 0.5 0
  3.036 5 + 2
    2.22111 0.5 5
    3.036 0.5 0
  3.06506 13 + 1
    1.02691 1 23
  3.0772 1 - 1
    1.03905 1 23
  3.0851 3 - 3
    1.1831 0.242024 20
    1.20572 0.636964 19
    3.0851 0.121012 0
  3.095 5 + 1
    1.05685 1 23
  3.143 9 - 2
    2.059 0.5 7
    2.95219 0.5 2
  3.173 7 + 2
    2.089 0.5 7
    2.98219 0.5 2
  3.197 1 - 3
    1.1507 0.1586 24
    2.12116 0.4009 6
    2.38782 0.4405 4
  3.229 3 + 2
    3.03819 0.5 2
    3.16706 0.5 1
  3.25 5 - 2
    3.05919 0.5 2
    3.18806 0.5 1
  3.2793 7 + 3
    1.61735 0.534747 16
    2.47012 0.245975 4
    3.2793 0.219278 0
  3.31 3 - 2
    2.49511 0.5 5
    3.31 0.5 0
  3.415 5 + 2
    2.60011 0.5 5
    3.415 0.5 0
  3.488 1 - 2
    3.29719 0.5 2
    3.42606 0.5 1
  3.73324 15 + 3
    0.66818 0.20038 52
    0.91933 0.10189 44
    0.94431 0.69773 42
  3.9105 15 + 1
    1.09659 1 44
  4.12328 17 + 1
    1.05822 1 52
  4.33118 17 + 3
    0.420681 0.1749 66
    0.597941 0.3086 65
    1.26612 0.5165 52
  4.43408 17 + 3
    0.3108 0.6381 67
    0.70084 0.1476 65
    1.36902 0.2143 52
  4.54757 19 + 3
    0.216389 0.07279 68
    0.42429 0.07821 67
    0.81433 0.849 65
  4.63332 17 + 1
    1.56826 1 52
  4.85064 3 - 2
    0.72736 0.813 67
    1.78558 0.187 52
  5.0233 5 - 1
    0.90002 1 67
  5.065 7 - 2
    4.25011 0.5 5
    5.065 0.5 0
  5.116 9 - 2
    4.032 0.5 7
    4.92519 0.5 2
  5.192 3 - 2
    4.37711 0.5 5
    5.192 0.5 0
  5.24 5 - 2
    5.04919 0.5 2
    5.17806 0.5 1
  5.298 1 - 2
    5.10719 0.5 2
    5.23606 0.5 1
  5.339 7 + 2
    4.255 0.5 7
    5.14819 0.5 2
  5.352 1 + 2
    4.53711 0.5 5
    5.352 0.5 0
  5.384 3 - 2
    4.56911 0.5 5
    5.384 0.5 0
  5.393 5 - 2
    5.20219 0.5 2
    5.33106 0.5 1
  5.438 9 + 2
    4.303 0.5 8
    4.36216 0.5 6
  5.46758 19 - 6
    0.61694 0.188998 72
    0.83426 0.03003 71
    0.92001 0.04486 70
    1.0335 0.353196 69
    1.1364 0.089719 68
    1.3443 0.293197 67
  5.481 3 + 2
    5.29019 0.5 2
    5.41906 0.5 1
  5.49834 21 + 3
    1.06426 0.074491 69
    1.16716 0.304803 68
    1.37506 0.620706 67
  5.507 5 - 2
    5.31619 0.5 2
    5.44506 0.5 1
  5.553 7 - 2
    4.73811 0.5 5
    5.553 0.5 0
  5.563 3 + 2
    5.37219 0.5 2
    5.50106 0.5 1
  5.597 5 - 2
    5.40619 0.5 2
    5.53506 0.5 1
  5.6436 7 + 1
    1.09603 1 70
  5.656 1 - 2
    5.46519 0.5 2
    5.59406 0.5 1
  5.678 3 + 2
    5.48719 0.5 2
    5.61606 0.5 1
  5.709 5 - 2
    5.51819 0.5 2
    5.64706 0.5 1
  5.7585 9 + 2
    4.6235 0.5 8
    4.68266 0.5 6
  5.76 11 - 2
    4.625 0.5 8
    4.68416 0.5 6
  5.799 7 + 2
    4.715 0.5 7
    5.60819 0.5 2
  5.8206 3 - 2
    5.00571 0.5 5
    5.8206 0.5 0
  5.844 5 + 2
    5.02911 0.5 5
    5.844 0.5 0
  5.8537 1 - 2
    5.66289 0.5 2
    5.79176 0.5 1
  5.868 3 + 2
    5.67719 0.5 2
    5.80606 0.5 1
  5.89834 5 - 2
    5.70753 0.5 2
    5.8364 0.5 1
  5.91782 21 + 4
    0.41948 0.1027 86
    1.2845 0.1356 71
    1.48374 0.1129 69
    1.79454 0.6488 67
  5.927 7 - 1
    1.80372 1 67
  5.9358 9 + 2
    4.8008 0.5 8
    4.85996 0.5 6
  5.94529 21 - 1
    1.39772 1 70
  5.993 3 + 2
    5.80219 0.5 2
    5.93106 0.5 1
  6.12179 1 - 1
    1.57422 1 70
  6.29564 23 - 3
    0.35035 0.04261 106
    0.7973 0.303397 86
    0.82806 0.653993 84
  6.6716 1 - 2
    6.48079 0.5 2
    6.60966 0.5 1
  6.7179 3 - 2
    5.90301 0.5 5
    6.7179 0.5 0
  6.815 5 + 2
    6.00011 0.5 5
    6.815 0.5 0
  6.81711 25 + 3
    0.52147 0.039838 109
    0.89929 0.612775 103
    1.31877 0.347386 86
  6.824 9 + 2
    5.689 0.5 8
    5.74816 0.5 6
  6.835 7 + 2
    5.751 0.5 7
    6.64419 0.5 2
  6.84 5 - 2
    6.64919 0.5 2
    6.77806 0.5 1
  7.0354 27 + 1
    7.0354 1 0
  7.09007 25 - 1
    1.14478 1 106
  7.1148 5 + 2
    6.29991 0.5 5
    7.1148 0.5 0
  7.138 3 - 2
    6.32311 0.5 5
    7.138 0.5 0
  7.142 5 + 2
    6.32711 0.5 5
    7.142 0.5 0
  7.146 5 - 2
    6.95519 0.5 2
    7.08406 0.5 1
  7.152 7 + 2
    6.068 0.5 7
    6.96119 0.5 2
  7.36349 27 - 1
    1.06785 1 109
  7.66 1 + 2
    6.84511 0.5 5
    7.66 0.5 0
  7.69 3 - 2
    6.87511 0.5 5
    7.69 0.5 0
  7.94231 29 + 1
    1.1252 1 113
  8.19983 27 + 1
    1.38272 1 113
  8.49925 29 - 2
    1.13576 0.4819 124
    1.40918 0.5181 118
  8.605 7 - 2
    7.79011 0.5 5
    8.605 0.5 0
  8.7193 31 - 1
    1.35581 1 124
  8.833 3 + 2
    8.64219 0.5 2
    8.77106 0.5 1
  8.888 3 + 2
    8.69719 0.5 2
    8.82606 0.5 1
  9.33232 33 + 1
    1.39001 1 127
  9.40275 31 + 2
    1.20292 0.4414 128
    1.46044 0.5586 127
  10.1695 5 - 1
    1.4502 1 131
  10.1929 7 - 2
    1.4736 0.2248 131
    1.69365 0.7752 129
  10.5082 1 - 1
    2.56589 1 127
  10.978 35 + 2
    1.57525 0.6579 135
    1.64568 0.3421 134
  11.0695 37 + 1
    1.73718 1 134
  12.1888 3 - 2
    1.6806 0.6494 138
    2.85648 0.3506 134
  12.791 39 + 2
    1.7215 0.3243 140
    1.813 0.6757 139
  13.2391 41 + 1
    2.1696 1 140
  14.025 5 - 2
    1.8362 0.5988 141
    2.9555 0.4012 140
  15.0439 43 + 2
    1.8048 0.3197 143
    2.2529 0.6803 142
  15.9812 7 - 2
    1.9562 0.8772 144
    2.7421 0.1228 143

31 66 62
  0 0 + 0
  0.043812 2 + 1
    0.043812 1 0
  0.066139 4 + 1
    0.022327 1 1
  0.108893 2 + 3
    0.042754 0.1386 2
    0.065081 0.3403 1
    0.108893 0.5211 0
  0.162472 6 + 3
    0.053579 0.175204 3
    0.096333 0.818018 2
    0.11866 0.006778 1
  0.234043 4 + 4
    0.071571 0.027099 4
    0.12515 0.062107 3
    0.190231 0.898955 1
    0.234043 0.011839 0
  0.290908 0 + 2
    0.182015 0.9873 3
    0.247096 0.0127 1
  0.335404 4 + 4
    0.172932 0.052462 4
    0.226511 0.193608 3
    0.269265 0.196408 2
    0.291592 0.557522 1
  0.381859 2 + 6
    0.090951 0.008573 6
    0.147816 0.02647 5
    0.272966 0.211104 3
    0.31572 0.01634 2
    0.338047 0.174603 1
    0.381859 0.56291 0
  0.41534 8 + 2
    0.252868 0.96059 4
    0.349201 0.03941 2
  0.42377 6 + 3
    0.189727 0.105 5
    0.261298 0.4742 4
    0.357631 0.4208 2
  0.459878 4 + 6
    0.124474 0.01532 7
    0.225835 0.02198 5
    0.297406 0.028329 4
    0.350985 0.216696 3
    0.393739 0.075188 2
    0.416066 0.642487 1
  0.5162 8 + 2
    0.353728 0.8976 4
    0.450061 0.1024 2
  0.536618 2 + 7
    0.154759 0.013822 8
    0.24571 0.236526 6
    0.302575 0.109912 5
    0.427725 0.023223 3
    0.470479 0.322335 2
    0.492806 0.026753 1
    0.536618 0.267429 0
  0.5529 6 + 5
    0.13756 0.059638 9
    0.217496 0.01169 7
    0.318857 0.34419 5
    0.390428 0.138396 4
    0.486761 0.446087 2
  0.62098 4 + 4
    0.285576 0.01791 7
    0.386937 0.217798 5
    0.458508 0.206498 4
    0.577168 0.557794 1
  0.63958 6 + 6
    0.21581 0.01273 10
    0.22424 0.023419 9
    0.304176 0.118596 7
    0.405537 0.021279 5
    0.477108 0.66458 4
    0.573441 0.159395 2
  0.664202 4 + 6
    0.328798 0.067213 7
    0.50173 0.056834 4
    0.555309 0.10249 3
    0.598063 0.465653 2
    0.62039 0.293371 1
    0.664202 0.014439 0
  0.705995 2 + 9
    0.041793 0.027511 17
    0.169377 0.018341 13
    0.324136 0.014921 8
    0.415087 0.044702 6
    0.471952 0.343017 5
    0.597102 0.026611 3
    0.639856 0.062243 2
    0.662183 0.011731 1
    0.705995 0.450923 0
  0.72189 6 + 4
    0.386486 0.082672 7
    0.487847 0.307409 5
    0.559418 0.151405 4
    0.655751 0.458514 2
  0.78396 6 + 1
    0.717821 1 2
  0.79008 4 + 8
    0.1505 0.0216 16
    0.253462 0.03025 13
    0.330202 0.1161 11
    0.408221 0.01218 8
    0.556037 0.07683 5
    0.681187 0.06208 3
    0.723941 0.64 2
    0.746268 0.04096 1
  0.83893 4 + 6
    0.132935 0.02231 18
    0.302312 0.190896 13
    0.457071 0.064909 8
    0.730037 0.172897 3
    0.772791 0.116698 2
    0.795118 0.432291 1
  0.84503 4 + 3
    0.42969 0.1347 9
    0.610987 0.1194 5
    0.778891 0.7459 2
  0.86355 10 - 2
    0.44821 0.8402 9
    0.701078 0.1598 4
  0.86609 2 + 7
    0.201888 0.068902 17
    0.484231 0.068242 8
    0.530686 0.073472 7
    0.575182 0.089203 6
    0.757197 0.524516 3
    0.799951 0.018361 2
    0.86609 0.157305 0
  0.94386 8 + 3
    0.709817 0.150409 5
    0.781388 0.097746 4
    0.877721 0.751845 2
  0.97448 2 + 6
    0.740437 0.093772 5
    0.812008 0.036471 4
    0.865587 0.026041 3
    0.908341 0.52081 2
    0.930668 0.135403 1
    0.97448 0.187504 0
  0.99862 6 + 5
    0.462002 0.138786 13
    0.57485 0.118288 10
    0.889727 0.212779 3
    0.932481 0.337666 2
    0.954808 0.192481 1
  1.00139 2 - 3
    0.619531 0.4609 8
    0.892497 0.3087 3
    0.935251 0.2304 2
  1.01831 8 + 2
    0.60297 0.4476 9
    0.855838 0.5524 4
  1.06212 4 + 1
    0.995981 1 2
  1.06515 2 + 2
    0.902678 0.7937 4
    0.956257 0.2063 3
  1.0766 6 - 2
    0.370605 0.7709 18
    1.01046 0.2291 2
  1.0812 2 - 1
    0.972307 1 3
  1.14199 4 + 4
    0.35803 0.2814 20
    0.4201 0.2321 19
    0.58909 0.16 14
    0.72665 0.3265 9
  1.16422 0 - 2
    0.782361 0.6667 8
    1.12041 0.3333 1
  1.2102 2 - 2
    1.10131 0.813 3
    1.14406 0.187 2
  1.35063 10 + 2
    0.20864 0.061362 35
    0.93529 0.938638 9
  1.38 12 - 1
    0.02937 1 38
  1.45 8 - 2
    1.02623 0.5 10
    1.28753 0.5 4
  1.45608 2 + 6
    0.919462 0.106697 13
    1.16517 0.169995 6
    1.22204 0.33329 5
    1.34719 0.049998 3
    1.41227 0.276692 1
    1.45608 0.063328 0
  1.46433 14 - 2
    0.1137 0.6813 38
    0.60078 0.3187 24
  1.51337 12 - 3
    0.16274 0.2532 38
    0.37138 0.3319 35
    0.64982 0.4149 24
  1.55665 2 + 7
    0.55526 0.073369 29
    1.02003 0.009061 13
    1.17479 0.077659 8
    1.26574 0.050479 6
    1.32261 0.284697 5
    1.49051 0.073339 2
    1.51284 0.431395 1
  1.5737 2 + 2
    1.33966 0.074081 5
    1.50756 0.925919 2
  1.61766 12 - 1
    0.75411 1 24
  1.76936 2 + 4
    1.3875 0.080654 8
    1.47845 0.112906 6
    1.66047 0.268813 3
    1.76936 0.537627 0
  1.7749 14 - 1
    0.26153 1 43
  2.40843 16 - 1
    0.9441 1 42
  2.51244 16 - 1
    1.04811 1 42
  2.65299 18 + 1
    1.18866 1 42
  3.04345 18 + 4
    0.39046 0.354335 51
    0.53101 0.107611 50
    1.26855 0.384338 48
    1.57912 0.153715 42
  3.3623 6 - 1
    0.70931 1 51
  3.4201 20 - 1
    0.37665 1 52
  3.85 0 + 2
    3.78386 0.5 2
    3.85 0.5 0
  4.1104 20 - 1
    1.06695 1 52
  4.1621 22 - 1
    1.11865 1 52
  4.1927 4 - 1
    1.53971 1 51
  4.2717 24 - 1
    0.8516 1 54
  4.3027 6 - 1
    1.64971 1 51
  5.1092 26 - 1
    0.9471 1 57

31 67 147
  0 3 - 0
  0.16698 1 - 1
    0.16698 1 0
  0.359123 5 - 1
    0.359123 1 0
  0.828082 3 - 3
    0.468959 0.03759 2
    0.661102 0.089101 1
    0.828082 0.873309 0
  0.910928 5 - 3
    0.551805 0.021091 2
    0.743948 0.021081 1
    0.910928 0.957829 0
  1.08163 1 - 3
    0.253548 0.081064 3
    0.91465 0.688852 1
    1.08163 0.230084 0
  1.20227 7 - 2
    0.843147 0.2114 2
    1.20227 0.7886 0
  1.24 13 + 1
    1.24 1 0
  1.41271 7 - 4
    0.501782 0.113698 4
    0.584628 0.032819 3
    1.05359 0.288294 2
    1.41271 0.565189 0
  1.51917 9 - 1
    1.16005 1 2
  1.55461 5 - 4
    0.643682 0.055787 4
    1.19549 0.457077 2
    1.38763 0.062157 1
    1.55461 0.424979 0
  1.63941 3 - 6
    0.55778 0.00646 5
    0.728482 0.258282 4
    0.811328 0.086074 3
    1.28029 0.041417 2
    1.47243 0.537862 1
    1.63941 0.069905 0
  1.735 15 - 1
    0.495 1 7
  1.80899 3 - 6
    0.72736 0.071453 5
    0.898062 0.214309 4
    0.980908 0.24631 3
    1.44987 0.098514 2
    1.64201 0.137906 1
    1.80899 0.231509 0
  1.9752 1 - 1
    1.9752 1 0
  1.9779 5 - 7
    0.33849 0.023249 11
    0.42329 0.038038 10
    0.77563 0.367878 6
    1.06697 0.032778 4
    1.14982 0.399776 3
    1.61878 0.083125 2
    1.9779 0.055157 0
  2.0409 5 - 5
    0.95927 0.04135 5
    1.12997 0.05071 4
    1.21282 0.09908 3
    1.68178 0.02886 2
    2.0409 0.78 0
  2.07375 9 + 4
    0.55458 0.399478 9
    0.66104 0.000926 8
    0.87148 0.578767 6
    1.71463 0.020829 2
  2.12446 5 - 5
    0.92219 0.1674 6
    1.29638 0.3161 3
    1.76534 0.02185 2
    1.95748 0.4649 1
    2.12446 0.02975 0
  2.14185 3 - 5
    1.23092 0.1844 4
    1.31377 0.1307 3
    1.78273 0.1598 2
    1.97487 0.4096 1
    2.14185 0.1155 0
  2.14537 1 - 2
    1.31729 0.359 3
    2.14537 0.641 0
  2.17213 3 - 3
    1.34405 0.193806 3
    1.81301 0.069272 2
    2.17213 0.736922 0
  2.17608 7 - 5
    0.76337 0.05805 8
    1.26515 0.04287 4
    1.348 0.05228 3
    1.81696 0.3241 2
    2.17608 0.5227 0
  2.18349 5 - 3
    1.3554 0.7752 3
    2.0165 0.1008 1
    2.18349 0.124 0
  2.19065 9 - 4
    0.77794 0.276211 8
    0.98838 0.213209 6
    1.27972 0.484419 4
    1.83153 0.026161 2
  2.2627 5 + 1
    2.2627 1 0
  2.26378 9 - 2
    1.06151 0.5495 6
    1.35285 0.4505 4
  2.28194 7 - 3
    1.37101 0.411425 4
    1.92282 0.548533 2
    2.28194 0.040042 0
  2.3742 3 + 1
    1.46327 1 4
  2.393 11 + 2
    0.20235 0.5 24
    0.87383 0.5 9
  2.407 7 + 2
    2.24002 0.4012 1
    2.407 0.5988 0
  2.4573 11 - 1
    1.25503 1 6
  2.5267 1 + 1
    2.5267 1 0
  2.545 7 + 2
    1.63407 0.5 4
    2.18588 0.5 2
  2.568 3 - 2
    1.73992 0.5 3
    2.568 0.5 0
  2.5967 1 - 1
    1.18399 1 8
  2.6195 3 - 3
    1.70857 0.355664 4
    1.79142 0.515448 3
    2.45252 0.128887 1
  2.644 5 - 2
    2.28488 0.5 2
    2.47702 0.5 1
  2.6534 11 - 2
    1.13423 0.5 9
    1.45113 0.5 6
  2.683 7 + 2
    1.77207 0.5 4
    2.32388 0.5 2
  2.7306 3 - 2
    2.56362 0.7092 1
    2.7306 0.2908 0
  2.748 5 + 2
    1.91992 0.5 3
    2.748 0.5 0
  2.7979 9 + 1
    1.59563 1 6
  2.837 7 + 2
    1.92607 0.5 4
    2.47788 0.5 2
  2.857 1 + 2
    2.02892 0.5 3
    2.857 0.5 0
  2.86245 11 + 2
    0.7887 0.3161 17
    1.34328 0.6839 9
  2.873 3 + 2
    2.51388 0.5 2
    2.70602 0.5 1
  2.898 5 - 2
    2.53888 0.5 2
    2.73102 0.5 1
  2.916 7 + 2
    2.00507 0.5 4
    2.55688 0.5 2
  2.93 3 + 2
    2.57088 0.5 2
    2.76302 0.5 1
  2.942 3 - 2
    2.11392 0.5 3
    2.942 0.5 0
  2.978 5 + 2
    2.14992 0.5 3
    2.978 0.5 0
  2.991 1 + 2
    2.16292 0.5 3
    2.991 0.5 0
  3.014 9 + 2
    1.774 0.5 7
    1.81173 0.5 6
  3.03177 13 + 2
    0.16932 0.00203 45
    0.95802 0.99797 17
  3.036 3 - 2
    2.20792 0.5 3
    3.036 0.5 0
  3.079 5 + 2
    2.25092 0.5 3
    3.079 0.5 0
  3.094 7 + 2
    2.18307 0.5 4
    2.73488 0.5 2
  3.113 1 + 2
    2.28492 0.5 3
    3.113 0.5 0
  3.136 5 + 2
    2.30792 0.5 3
    3.136 0.5 0
  3.15 7 + 2
    2.23907 0.5 4
    2.79088 0.5 2
  3.16066 13 - 3
    1.64149 0.4975 9
    2.07903 0.0796 5
    3.16066 0.4229 0
  3.1911 11 + 2
    0.32865 0.0828 45
    1.11735 0.9172 17
  3.225 3 - 5
    2.14337 0.131305 5
    2.39692 0.152506 3
    2.86588 0.228709 2
    3.05802 0.423517 1
    3.225 0.063963 0
  3.267 5 + 2
    2.43892 0.5 3
    3.267 0.5 0
  3.291 9 + 2
    2.051 0.5 7
    2.08873 0.5 6
  3.31 1 + 2
    2.48192 0.5 3
    3.31 0.5 0
  3.337 3 - 2
    2.50892 0.5 3
    3.337 0.5 0
  3.375 7 + 2
    2.46407 0.5 4
    3.01588 0.5 2
  3.4015 5 + 2
    3.04238 0.187 2
    3.4015 0.813 0
  3.452 1 + 2
    2.62392 0.5 3
    3.452 0.5 0
  3.498 3 + 2
    3.13888 0.5 2
    3.33102 0.5 1
  3.5253 5 + 2
    0.49353 0.5 54
    1.45155 0.5 17
  3.57795 15 + 4
    0.38685 0.031671 62
    0.41729 0.033301 61
    0.54618 0.876326 54
    0.7155 0.058702 45
  3.6286 7 + 1
    0.59683 1 54
  3.6321 9 + 2
    3.46512 0.5848 1
    3.6321 0.4152 0
  3.6546 3 - 3
    1.6794 0.280472 14
    1.84561 0.609739 13
    3.6546 0.109789 0
  3.7278 5 + 2
    3.36868 0.5814 2
    3.7278 0.4186 0
  3.76 7 - 2
    2.93192 0.5 3
    3.76 0.5 0
  3.82 1 + 2
    2.99192 0.5 3
    3.82 0.5 0
  3.85599 17 + 2
    0.27804 0.01191 73
    0.82422 0.98809 54
  3.8845 3 - 1
    1.02205 1 45
  3.9 5 - 2
    3.54088 0.5 2
    3.73302 0.5 1
  3.94 9 + 2
    2.7 0.5 7
    2.73773 0.5 6
  3.98 7 - 2
    3.15192 0.5 3
    3.98 0.5 0
  4.07 3 + 2
    3.71088 0.5 2
    3.90302 0.5 1
  4.1794 5 - 1
    0.32341 1 80
  4.19858 17 + 2
    0.34259 0.3596 80
    1.16681 0.6404 54
  4.2 1 - 2
    3.84088 0.5 2
    4.03302 0.5 1
  4.2214 3 + 1
    0.36541 1 80
  4.2802 5 - 1
    1.6268 1 38
  4.29049 19 + 2
    0.434501 0.015761 80
    0.712541 0.984239 73
  4.33 7 - 2
    3.50192 0.5 3
    4.33 0.5 0
  4.3489 17 + 2
    0.49291 0.3424 80
    1.31713 0.6576 54
  4.45 1 - 2
    4.09088 0.5 2
    4.28302 0.5 1
  4.5 3 + 2
    4.14088 0.5 2
    4.33302 0.5 1
  4.55 5 - 2
    4.19088 0.5 2
    4.38302 0.5 1
  4.72 9 + 2
    3.48 0.5 7
    3.51773 0.5 6
  4.7448 7 - 1
    0.88881 1 80
  4.7499 17 - 2
    0.4697 0.1071 90
    1.58924 0.8929 61
  4.76 1 + 2
    3.93192 0.5 3
    4.76 0.5 0
  4.7801 3 + 1
    0.92411 1 80
  4.82 5 - 2
    4.46088 0.5 2
    4.65302 0.5 1
  4.9955 7 + 1
    0.705009 1 91
  5.0855 19 - 2
    0.3356 0.074281 99
    1.22951 0.925718 80
  5.1863 21 + 2
    0.895809 0.2367 91
    1.33031 0.7633 80
  5.2257 23 + 3
    0.1402 0.01387 104
    0.4758 0.043659 99
    0.935209 0.942472 91
  5.3 3 - 2
    4.47192 0.5 3
    5.3 0.5 0
  5.37 5 - 2
    5.01088 0.5 2
    5.20302 0.5 1
  5.3957 19 - 2
    0.6458 0.2482 99
    1.53971 0.7518 80
  5.417 3 + 1
    1.21842 1 87
  5.49164 21 + 4
    0.305341 0.010751 105
    1.14274 0.137707 93
    1.29306 0.509925 87
    1.63565 0.341617 80
  5.5743 5 - 1
    0.3486 1 106
  5.6771 21 + 1
    1.38661 1 91
  5.7446 21 - 2
    0.5189 0.8064 106
    0.6591 0.1936 104
  5.7512 7 + 1
    0.525501 1 106
  6.1856 23 - 3
    0.441 0.1766 114
    0.7899 0.5882 109
    1.1001 0.2352 104
  6.38019 25 + 3
    0.888549 0.959707 111
    1.19389 0.0307 105
    1.38469 0.009593 103
  6.39 1 - 2
    6.03088 0.5 2
    6.22302 0.5 1
  6.5895 27 + 1
    1.3638 1 106
  6.8702 23 - 2
    1.1256 0.2647 114
    1.6445 0.7353 106
  7.5512 3 + 1
    1.17101 1 117
  7.6012 5 - 1
    1.22101 1 117
  7.6182 29 + 1
    1.23801 1 117
  7.89 9 - 2
    6.97907 0.5 4
    7.53088 0.5 2
  7.9575 27 - 2
    1.0873 0.3334 120
    1.368 0.6666 119
  7.98 3 + 2
    7.62088 0.5 2
    7.81302 0.5 1
  7.988 5 - 2
    7.62888 0.5 2
    7.82102 0.5 1
  8.06 7 + 2
    7.14907 0.5 4
    7.70088 0.5 2
  8.076 1 - 2
    7.71688 0.5 2
    7.90902 0.5 1
  8.26 3 + 2
    7.90088 0.5 2
    8.09302 0.5 1
  8.4 3 - 2
    7.57192 0.5 3
    8.4 0.5 0
  8.47 5 + 2
    7.64192 0.5 3
    8.47 0.5 0
  8.552 9 + 4
    6.47825 0.729915 17
    7.13929 0.131403 8
    7.34973 0.080292 6
    7.64107 0.058391 4
  8.567 9 + 1
    6.49325 1 17
  8.6159 33 + 1
    0.9977 1 123
  8.64 7 - 2
    7.81192 0.5 3
    8.64 0.5 0
  8.76 5 - 2
    8.40088 0.5 2
    8.59302 0.5 1
  8.96 5 + 2
    8.13192 0.5 3
    8.96 0.5 0
  9.42 1 - 2
    9.06088 0.5 2
    9.25302 0.5 1
  9.51 3 - 2
    8.68192 0.5 3
    9.51 0.5 0
  9.63 7 + 2
    8.71907 0.5 4
    9.27088 0.5 2
  10.0835 1 - 1
    1.4676 1 135
  10.25 5 + 2
    9.42192 0.5 3
    10.25 0.5 0
  10.39 5 + 2
    9.56192 0.5 3
    10.39 0.5 0
  10.6 3 - 2
    9.77192 0.5 3
    10.6 0.5 0
  10.76 5 + 2
    9.93192 0.5 3
    10.76 0.5 0

31 68 86
  0 2 + 0
  0.175017 4 + 1
    0.175017 1 0
  0.320977 2 + 2
    0.14596 0.052319 1
    0.320977 0.947681 0
  0.374571 4 + 2
    0.199554 0.029371 1
    0.374571 0.970629 0
  0.375579 6 + 2
    0.200562 0.6881 1
    0.375579 0.3119 0
  0.49609 8 + 2
    0.120511 0.957538 4
    0.321073 0.042462 1
  0.514297 2 + 4
    0.139726 0.02799 3
    0.19332 0.008912 2
    0.33928 0.802798 1
    0.514297 0.1603 0
  0.555474 4 + 3
    0.234497 0.057481 2
    0.380457 0.564311 1
    0.555474 0.378208 0
  0.564524 2 + 5
    0.188945 0.007658 4
    0.189953 0.038078 3
    0.243547 0.045108 2
    0.389507 0.108295 1
    0.564524 0.800862 0
  0.583788 4 - 3
    0.262811 0.004829 2
    0.408771 0.01278 1
    0.583788 0.982391 0
  0.676045 4 + 3
    0.300466 0.082302 4
    0.501028 0.882418 1
    0.676045 0.035281 0
  0.806157 8 + 3
    0.310067 0.486 5
    0.430578 0.4025 4
    0.63114 0.1115 1
  0.82534 2 + 6
    0.260816 0.01837 8
    0.449761 0.064121 4
    0.450769 0.034301 3
    0.504363 0.084572 2
    0.650323 0.037321 1
    0.82534 0.761315 0
  0.838719 4 + 5
    0.283245 0.022472 7
    0.464148 0.094567 3
    0.517742 0.621944 2
    0.663702 0.153511 1
    0.838719 0.107508 0
  0.841185 4 + 5
    0.276661 0.095563 8
    0.345095 0.084513 5
    0.465606 0.106403 4
    0.466614 0.560217 3
    0.841185 0.153305 0
  0.876747 8 - 3
    0.292959 0.5329 9
    0.380657 0.1305 5
    0.501168 0.3366 4
  0.946865 2 + 8
    0.27082 0.00922 10
    0.382341 0.015321 8
    0.432568 0.035221 6
    0.571286 0.058942 4
    0.572294 0.765032 3
    0.625888 0.100204 2
    0.771848 0.008412 1
    0.946865 0.007646 0
  0.95242 4 + 2
    0.45633 0.55 5
    0.631443 0.45 2
  1.05595 4 - 1
    0.472162 1 9
  1.06411 6 - 4
    0.23877 0.031179 12
    0.688531 0.108596 4
    0.889093 0.835167 1
    1.06411 0.025059 0
  1.1012 6 - 5
    0.27586 0.061108 12
    0.536676 0.028629 8
    0.726629 0.082768 3
    0.926183 0.752277 1
    1.1012 0.075218 0
  1.10351 10 - 4
    0.226763 0.012329 15
    0.297353 0.086696 11
    0.60742 0.873856 5
    0.727931 0.027119 4
  1.11715 2 + 4
    0.278431 0.016649 13
    0.602853 0.872574 6
    0.796173 0.087227 2
    0.942133 0.023549 1
  1.12318 6 + 8
    0.284461 0.009475 13
    0.29784 0.020821 12
    0.608883 0.240313 6
    0.747601 0.074194 4
    0.748609 0.126107 3
    0.802203 0.078064 2
    0.948163 0.022301 1
    1.12318 0.428724 0
  1.126 0 - 2
    0.805023 0.5 2
    1.126 0.5 0
  1.21055 6 - 3
    0.646026 0.1349 8
    0.834971 0.7369 4
    1.03553 0.1282 1
  1.21619 4 + 3
    0.7201 0.1859 5
    0.840611 0.3717 4
    1.04117 0.4424 1
  1.22345 10 + 3
    0.417293 0.186011 11
    0.72736 0.761446 5
    0.847871 0.052543 4
  1.22517 4 + 6
    0.660646 0.053249 8
    0.849591 0.039439 4
    0.850599 0.346993 3
    0.904193 0.046929 2
    1.05015 0.394292 1
    1.22517 0.119098 0
  1.22881 4 + 4
    0.673336 0.087144 7
    0.907833 0.128906 2
    1.05379 0.087114 1
    1.22881 0.696835 0
  1.22987 14 - 2
    0.12636 0.99363 21
    0.73378 0.00637 5
  1.23169 6 - 5
    0.12818 0.1673 21
    0.354943 0.2342 15
    0.647902 0.3201 9
    0.7356 0.176 5
    0.856111 0.1024 4
  1.23985 6 - 3
    0.725553 0.1263 6
    0.918873 0.188 2
    1.23985 0.6857 0
  1.24756 10 - 1
    0.370813 1 15
  1.26721 4 + 8
    0.44187 0.04333 12
    0.683422 0.052059 9
    0.702686 0.325497 8
    0.752913 0.04784 6
    0.892639 0.139899 3
    0.946233 0.230998 2
    1.09219 0.091089 1
    1.26721 0.069289 0
  1.275 8 - 2
    0.691212 0.5 9
    0.899421 0.5 4
  1.287 6 - 2
    0.79091 0.090918 5
    1.11198 0.909082 1
  1.2964 6 - 3
    0.419653 0.5409 15
    0.712612 0.2755 9
    0.920821 0.1836 4
  1.32324 12 - 3
    0.07568 0.246102 33
    0.21973 0.695807 21
    0.446493 0.058091 15
  1.336 0 - 2
    1.01502 0.5 2
    1.336 0.5 0
  1.344 8 - 2
    0.760212 0.5 9
    0.968421 0.5 4
  1.35048 10 + 1
    0.24697 1 21
  1.419 2 - 2
    1.04443 0.5 3
    1.24398 0.5 1
  1.44248 6 + 2
    0.33897 0.2983 21
    1.0669 0.7017 4
  1.461 0 - 2
    1.14002 0.5 2
    1.461 0.5 0
  1.48917 6 - 3
    0.42506 0.1242 19
    0.99308 0.1336 5
    1.11359 0.7422 4
  1.49382 10 - 2
    0.99773 0.8163 5
    1.11824 0.1837 4
  1.51 8 - 2
    0.926212 0.5 9
    1.13442 0.5 4
  1.52321 10 - 1
    0.4197 1 21
  1.53944 4 + 1
    0.662693 1 15
  1.54825 8 - 2
    0.33206 0.4285 26
    1.05216 0.5715 5
  1.57048 6 - 1
    0.27408 1 37
  1.59 2 + 2
    1.26902 0.5 2
    1.59 0.5 0
  1.617 2 - 2
    1.24243 0.5 3
    1.44198 0.5 1
  1.646 0 + 2
    1.27143 0.5 3
    1.47098 0.5 1
  1.65661 6 + 3
    1.16052 0.2286 5
    1.28103 0.2 4
    1.48159 0.5714 1
  1.68773 8 - 5
    0.36449 0.037778 38
    0.44017 0.19499 33
    0.45786 0.182191 30
    0.58422 0.494575 21
    0.810983 0.090465 15
  1.706 2 - 2
    1.33143 0.5 3
    1.53098 0.5 1
  1.721 12 + 2
    0.914843 0.5 11
    1.22491 0.5 5
  1.735 2 - 2
    1.36043 0.5 3
    1.55998 0.5 1
  1.74238 8 - 2
    0.63887 0.1304 21
    0.68643 0.8696 18
  1.79821 0 + 2
    1.30212 0.781222 5
    1.42263 0.218778 4
  1.85729 4 + 1
    0.53405 1 38
  1.913 2 - 2
    1.53843 0.5 3
    1.73798 0.5 1
  1.94599 4 + 2
    0.71612 0.5051 30
    0.84248 0.4949 21
  1.97318 6 - 1
    0.64994 1 38
  2.028 16 + 2
    0.307 0.5 58
    0.79813 0.5 30
  2.039 2 - 2
    1.66443 0.5 3
    1.86398 0.5 1
  2.075 8 + 2
    1.70043 0.5 3
    1.89998 0.5 1
  2.08806 12 - 1
    0.86461 1 27
  2.10297 16 - 1
    0.77973 1 38
  2.141 4 + 2
    1.76643 0.5 3
    1.96598 0.5 1
  2.179 6 + 2
    1.85802 0.5 2
    2.179 0.5 0
  2.28468 0 - 1
    1.05481 1 30
  2.39678 18 - 1
    1.16691 1 30
  2.61185 16 + 1
    1.28861 1 38
  2.89609 18 + 2
    0.49931 0.5 74
    1.66622 0.5 30
  2.9532 4 - 1
    1.72333 1 30
  3.81758 18 + 3
    0.86438 0.333333 77
    0.92149 0.333333 76
    1.4208 0.333333 74
  3.8531 2 - 1
    0.95701 1 76
  3.919 6 + 3
    0.9658 0.333333 77
    1.02291 0.333333 76
    1.52222 0.333333 74
  3.96501 22 + 1
    1.06892 1 76
  4.6462 22 + 2
    0.68119 0.5 81
    0.82862 0.5 78
  5.1671 26 + 2
    0.5209 0.5 82
    1.20209 0.5 81
  6.5911 30 + 1
    1.424 1 83
  7.7252 34 + 1
    1.1341 1 84

31 69 108
  0 3 - 0
  0.31869 1 - 1
    0.31869 1 0
  0.57421 5 - 2
    0.25552 0.001934 1
    0.57421 0.998066 0
  0.87213 3 - 3
    0.29792 0.001988 2
    0.55344 0.054738 1
    0.87213 0.943274 0
  1.02858 1 - 3
    0.45437 0.026081 2
    0.70989 0.605012 1
    1.02858 0.368907 0
  1.10703 5 - 4
    0.2349 0.01 3
    0.53282 0.007307 2
    0.78834 0.009251 1
    1.10703 0.973441 0
  1.134 7 - 2
    0.26187 0.5 3
    1.134 0.5 0
  1.33669 7 - 2
    0.76248 0.048538 2
    1.33669 0.951462 0
  1.48814 7 - 4
    0.38111 0.129595 5
    0.61601 0.059738 3
    0.91393 0.313387 2
    1.48814 0.49728 0
  1.52576 3 - 4
    0.41873 0.095137 5
    0.95155 0.037689 2
    1.20707 0.516185 1
    1.52576 0.350989 0
  1.7237 5 - 5
    0.61667 0.09136 5
    0.85157 0.03914 3
    1.14949 0.287 2
    1.40501 0.1478 1
    1.7237 0.4347 0
  1.76477 9 - 1
    1.19056 1 2
  1.89163 3 - 3
    1.31742 0.004038 2
    1.57294 0.32302 1
    1.89163 0.672942 0
  1.92423 7 - 5
    0.58754 0.239393 7
    0.8172 0.029129 5
    1.0521 0.34669 3
    1.35002 0.263492 2
    1.92423 0.121296 0
  1.97239 9 + 3
    0.48425 0.183109 8
    0.6357 0.762738 7
    1.39818 0.054153 2
  1.99038 1 - 2
    1.67169 0.3289 1
    1.99038 0.6711 0
  2.00765 5 - 2
    1.13552 0.1903 3
    2.00765 0.8097 0
  2.02384 5 - 3
    1.15171 0.068559 3
    1.44963 0.074559 2
    2.02384 0.856883 0
  2.04522 5 - 3
    1.17309 0.3136 3
    1.47101 0.338 2
    2.04522 0.3484 0
  2.198 11 + 1
    0.43323 1 11
  2.21927 5 - 2
    1.90058 0.7092 1
    2.21927 0.2908 0
  2.25098 3 - 2
    1.93229 0.3827 1
    2.25098 0.6173 0
  2.31954 7 + 1
    1.21251 1 5
  2.35329 5 + 4
    1.24626 0.2105 5
    1.48116 0.2694 3
    1.77908 0.2105 2
    2.35329 0.3096 0
  2.42332 3 + 4
    0.89756 0.1345 9
    0.93518 0.3105 8
    1.84911 0.3447 2
    2.42332 0.2103 0
  2.42868 7 - 1
    1.32165 1 5
  2.45883 7 - 1
    1.88462 1 2
  2.4857 5 + 1
    2.4857 1 0
  2.5298 3 - 2
    1.65767 0.2424 3
    2.5298 0.7576 0
  2.5644 1 + 2
    1.69227 0.5 3
    2.5644 0.5 0
  2.57254 9 + 1
    1.23585 1 7
  2.6 13 + 2
    0.02746 0.5 30
    0.62761 0.5 14
  2.614 11 + 2
    0.416 0.5 19
    0.84923 0.5 11
  2.6603 3 - 1
    2.34161 1 1
  2.66829 11 + 2
    1.18015 0.3151 8
    1.3316 0.6849 7
  2.68 7 - 2
    1.80787 0.5 3
    2.68 0.5 0
  2.71801 13 + 1
    0.74562 1 14
  2.749 1 + 2
    1.87687 0.5 3
    2.749 0.5 0
  2.766 9 + 2
    1.42931 0.5 7
    1.632 0.5 6
  2.795 7 - 1
    0.82261 1 14
  2.847 3 + 2
    2.27279 0.5 2
    2.52831 0.5 1
  2.861 1 + 2
    1.98887 0.5 3
    2.861 0.5 0
  2.932 5 + 2
    2.05987 0.5 3
    2.932 0.5 0
  2.965 3 + 2
    2.39079 0.5 2
    2.64631 0.5 1
  2.9788 9 + 2
    1.64211 0.5 7
    1.8448 0.5 6
  2.995 1 + 2
    2.12287 0.5 3
    2.995 0.5 0
  3.052 5 + 2
    2.17987 0.5 3
    3.052 0.5 0
  3.077 5 + 2
    2.20487 0.5 3
    3.077 0.5 0
  3.098 3 - 2
    2.22587 0.5 3
    3.098 0.5 0
  3.11839 11 - 2
    1.146 0.4118 14
    1.35362 0.5882 11
  3.135 3 + 2
    2.56079 0.5 2
    2.81631 0.5 1
  3.192 1 - 2
    2.61779 0.5 2
    2.87331 0.5 1
  3.205 3 - 2
    2.33287 0.5 3
    3.205 0.5 0
  3.211 9 + 2
    1.87431 0.5 7
    2.077 0.5 6
  3.24243 13 - 1
    1.47766 1 11
  3.283 3 - 2
    2.41087 0.5 3
    3.283 0.5 0
  3.299 5 - 2
    2.72479 0.5 2
    2.98031 0.5 1
  3.319 7 + 2
    2.21197 0.5 5
    2.74479 0.5 2
  3.328 1 - 2
    2.75379 0.5 2
    3.00931 0.5 1
  3.358 5 + 2
    2.48587 0.5 3
    3.358 0.5 0
  3.371 3 - 2
    2.49887 0.5 3
    3.371 0.5 0
  3.38935 15 + 1
    0.67134 1 36
  3.49 7 - 2
    2.61787 0.5 3
    3.49 0.5 0
  3.54278 11 + 1
    0.82477 1 36
  3.578 9 - 2
    2.47097 0.5 5
    3.00379 0.5 2
  3.63397 17 + 1
    0.91596 1 36
  3.655 5 - 2
    3.08079 0.5 2
    3.33631 0.5 1
  3.693 1 + 2
    2.82087 0.5 3
    3.693 0.5 0
  3.72231 7 + 2
    0.33296 0.1071 61
    1.0043 0.8929 36
  3.757 3 - 2
    2.88487 0.5 3
    3.757 0.5 0
  3.78608 15 + 1
    1.11779 1 34
  3.795 5 + 2
    2.92287 0.5 3
    3.795 0.5 0
  3.881 9 - 2
    2.77397 0.5 5
    3.30679 0.5 2
  3.928 5 - 2
    3.35379 0.5 2
    3.60931 0.5 1
  3.95 3 - 2
    3.07787 0.5 3
    3.95 0.5 0
  3.966 7 - 2
    3.09387 0.5 3
    3.966 0.5 0
  3.993 1 + 2
    3.12087 0.5 3
    3.993 0.5 0
  4.032 5 - 2
    3.45779 0.5 2
    3.71331 0.5 1
  4.07819 15 - 2
    0.44422 0.1305 65
    0.83576 0.8695 54
  4.106 3 + 2
    3.53179 0.5 2
    3.78731 0.5 1
  4.16 7 + 2
    3.05297 0.5 5
    3.58579 0.5 2
  4.191 1 + 2
    3.31887 0.5 3
    4.191 0.5 0
  4.251 3 - 2
    3.37887 0.5 3
    4.251 0.5 0
  4.291 5 + 2
    3.41887 0.5 3
    4.291 0.5 0
  4.43 9 + 2
    3.09331 0.5 7
    3.296 0.5 6
  4.52809 7 + 1
    0.4499 1 78
  4.533 1 + 2
    3.66087 0.5 3
    4.533 0.5 0
  4.83 1 + 2
    3.95787 0.5 3
    4.83 0.5 0
  6.8741 1 + 9
    4.2138 0.031171 33
    4.3097 0.020921 29
    4.41527 0.031171 26
    4.88373 0.051242 15
    4.98247 0.020921 12
    5.34834 0.041842 9
    6.00197 0.166507 3
    6.55541 0.427017 1
    6.8741 0.209208 0
  7.3069 5 + 20
    3.9879 0.122412 57
    4.0239 0.029448 55
    4.0959 0.065066 53
    4.1019 0.065066 52
    4.2299 0.100714 47
    4.2549 0.106913 46
    4.3281 0.035647 44
    4.3419 0.011931 43
    4.4459 0.02324 41
    4.4599 0.011931 40
    4.5119 0.058867 39
    4.5409 0.017818 38
    4.6466 0.125512 33
    4.8212 0.058867 27
    4.84807 0.057317 26
    4.87822 0.029448 25
    4.95361 0.038747 23
    5.1089 0.014873 19
    5.38267 0.002945 13
    5.41527 0.02324 12
  9.8086 3 + 3
    8.28284 0.28 9
    8.93647 0.22 3
    9.8086 0.5 0
  10.2428 5 + 3
    7.6784 0.220778 29
    8.25243 0.649335 15
    8.75466 0.129887 8
  10.2468 3 - 3
    7.6824 0.142886 29
    8.25643 0.680232 15
    8.75866 0.176882 8
  10.2518 7 + 3
    7.6874 0.2717 29
    8.26143 0.578 15
    8.76366 0.1503 8
  10.581 3 - 2
    9.70887 0.5 3
    10.581 0.5 0
  10.592 9 + 2
    9.25531 0.5 7
    9.458 0.5 6
  10.615 3 - 2
    9.74287 0.5 3
    10.615 0.5 0
  10.65 5 + 2
    9.77787 0.5 3
    10.65 0.5 0
  10.681 5 + 2
    9.80887 0.5 3
    10.681 0.5 0
  10.692 5 + 2
    9.81987 0.5 3
    10.692 0.5 0
  10.711 5 + 2
    9.83887 0.5 3
    10.711 0.5 0
  11.399 5 + 2
    10.5269 0.5 3
    11.399 0.5 0
  11.478 1 + 2
    10.6059 0.5 3
    11.478 0.5 0
  11.596 1 - 2
    11.0218 0.5 2
    11.2773 0.5 1
  12.023 1 + 2
    11.1509 0.5 3
    12.023 0.5 0
  12.172 5 + 2
    11.2999 0.5 3
    12.172 0.5 0
  12.325 5 + 2
    11.4529 0.5 3
    12.325 0.5 0
  12.429 1 + 2
    11.5569 0.5 3
    12.429 0.5 0

31 70 98
  0 2 + 0
  0.5082 4 + 1
    0.5082 1 0
  0.6511 2 + 1
    0.6511 1 0
  0.6909 4 - 1
    0.6909 1 0
  0.8791 8 - 1
    0.1882 1 3
  0.9014 6 - 2
    0.3932 0.901055 1
    0.9014 0.098945 0
  0.9955 4 + 3
    0.3444 0.231823 2
    0.4873 0.462946 1
    0.9955 0.305231 0
  1.0026 2 - 1
    1.0026 1 0
  1.0092 0 - 1
    1.0092 1 0
  1.01215 2 + 2
    0.32125 0.8067 3
    1.01215 0.1933 0
  1.0149 4 + 2
    0.3638 0.3108 2
    1.0149 0.6892 0
  1.0239 6 + 2
    0.5157 0.909164 1
    1.0239 0.090836 0
  1.0342 10 - 1
    0.1551 1 4
  1.0863 8 - 1
    0.1849 1 5
  1.1015 4 - 1
    0.4106 1 3
  1.1354 4 + 2
    0.4445 0.1305 3
    1.1354 0.8695 0
  1.1404 2 - 2
    0.6322 0.2754 1
    1.1404 0.7246 0
  1.1806 10 + 2
    0.1464 0.3044 12
    0.3015 0.6956 4
  1.2038 4 + 1
    1.2038 1 0
  1.2345 12 - 2
    0.2003 0.944719 12
    0.3554 0.055281 4
  1.2446 4 + 1
    1.2446 1 0
  1.2535 6 - 2
    0.3744 0.7522 4
    0.5626 0.2478 3
  1.2587 8 + 2
    0.2348 0.5784 11
    0.6076 0.4216 2
  1.2628 0 - 1
    1.2628 1 0
  1.3063 6 + 2
    0.4272 0.4013 4
    0.7981 0.5987 1
  1.30955 6 - 1
    1.30955 1 0
  1.3121 4 + 1
    1.3121 1 0
  1.325 8 - 2
    0.4459 0.5 4
    0.6341 0.5 3
  1.3366 4 - 2
    0.6457 0.917472 3
    1.3366 0.082528 0
  1.3594 4 + 2
    0.8512 0.5292 1
    1.3594 0.4708 0
  1.3717 14 - 2
    0.1372 0.915863 19
    0.3375 0.084137 12
  1.4132 4 + 1
    0.905 1 1
  1.446 4 + 3
    0.7551 0.081089 3
    0.7949 0.01802 2
    1.446 0.900891 0
  1.4565 2 + 4
    0.4326 0.108493 11
    0.5551 0.398476 5
    0.9483 0.060556 1
    1.4565 0.432474 0
  1.5012 4 + 1
    1.5012 1 0
  1.5183 4 + 2
    0.8672 0.2701 2
    1.5183 0.7299 0
  1.5236 8 + 1
    0.2891 1 19
  1.5335 4 + 3
    0.3931 0.339866 16
    0.8824 0.188681 2
    1.5335 0.471453 0
  1.539 12 - 2
    0.1673 0.3035 30
    0.3045 0.6965 19
  1.5543 4 + 2
    1.0461 0.6712 1
    1.5543 0.3288 0
  1.598 6 - 2
    0.6966 0.5 5
    1.0898 0.5 1
  1.6212 4 - 3
    0.9303 0.02041 3
    0.9701 0.469395 2
    1.6212 0.510195 0
  1.6336 4 + 3
    0.9825 0.308131 2
    1.1254 0.540554 1
    1.6336 0.151315 0
  1.646 6 - 2
    0.7446 0.5 5
    1.1378 0.5 1
  1.661 2 - 2
    0.7596 0.5 5
    1.1528 0.5 1
  1.6878 12 - 1
    0.3161 1 30
  1.6925 6 - 2
    0.7911 0.5 5
    1.1843 0.5 1
  1.722 6 + 2
    1.0709 0.5 2
    1.722 0.5 0
  1.7254 4 + 1
    1.7254 1 0
  1.7265 2 - 2
    0.8251 0.5 5
    1.2183 0.5 1
  1.7355 8 - 2
    0.8564 0.5 4
    1.0446 0.5 3
  1.7942 2 + 1
    1.7942 1 0
  1.8074 2 - 1
    1.8074 1 0
  1.8241 4 + 1
    1.8241 1 0
  1.8465 10 - 2
    0.8123 0.5 12
    0.9451 0.5 5
  1.866 4 - 1
    1.866 1 0
  1.877 6 + 2
    1.2259 0.5 2
    1.877 0.5 0
  1.9067 0 + 1
    1.9067 1 0
  1.914 8 - 2
    1.0349 0.5 4
    1.2231 0.5 3
  1.9303 6 + 1
    1.9303 1 0
  1.9375 2 + 2
    1.2864 0.5 2
    1.9375 0.5 0
  1.9705 10 + 2
    0.9466 0.5 11
    1.0914 0.5 4
  1.9845 6 - 2
    1.0831 0.5 5
    1.4763 0.5 1
  2.0165 8 - 2
    1.1374 0.5 4
    1.3256 0.5 3
  2.0265 0 - 2
    1.3754 0.5 2
    2.0265 0.5 0
  2.0745 2 - 2
    1.1731 0.5 5
    1.5663 0.5 1
  2.093 6 + 2
    1.4419 0.5 2
    2.093 0.5 0
  2.1 8 + 2
    1.1986 0.5 5
    1.5918 0.5 1
  2.1163 2 - 1
    2.1163 1 0
  2.127 10 - 2
    1.0928 0.5 12
    1.2256 0.5 5
  2.1428 6 - 1
    2.1428 1 0
  2.1644 0 + 1
    2.1644 1 0
  2.1898 2 + 1
    2.1898 1 0
  2.2138 8 - 1
    2.2138 1 0
  2.2323 6 + 1
    2.2323 1 0
  2.2545 10 - 2
    1.2203 0.5 12
    1.3531 0.5 5
  2.3 2 + 2
    1.6489 0.5 2
    2.3 0.5 0
  2.3196 6 - 1
    2.3196 1 0
  2.3512 0 + 1
    2.3512 1 0
  2.374 8 - 2
    1.4949 0.5 4
    1.6831 0.5 3
  2.39 2 + 2
    1.7389 0.5 2
    2.39 0.5 0
  2.4098 6 - 1
    2.4098 1 0
  2.4305 8 + 2
    1.5291 0.5 5
    1.9223 0.5 1
  2.446 10 - 2
    1.4118 0.5 12
    1.5446 0.5 5
  2.4645 2 + 1
    2.4645 1 0
  2.4775 6 - 2
    1.5761 0.5 5
    1.9693 0.5 1
  2.5205 0 - 2
    1.8694 0.5 2
    2.5205 0.5 0
  2.5485 16 + 1
    1.1768 1 30
  2.5715 8 - 2
    1.6924 0.5 4
    1.8806 0.5 3
  2.6016 16 + 1
    1.2299 1 30
  2.6245 2 + 2
    1.9734 0.5 2
    2.6245 0.5 0
  2.6517 6 - 1
    1.28 1 30
  2.6545 12 + 2
    1.3958 0.5 22
    1.6203 0.5 12
  2.682 2 - 2
    1.7806 0.5 5
    2.1738 0.5 1
  2.698 6 + 1
    2.698 1 0
  2.702 4 - 2
    2.0509 0.5 2
    2.702 0.5 0
  2.726 8 + 2
    1.8246 0.5 5
    2.2178 0.5 1
  2.8864 18 - 1
    0.2848 1 89

31 71 87
  0 3 - 0
  0.38995 1 - 1
    0.38995 1 0
  0.48736 5 - 1
    0.48736 1 0
  0.511502 3 - 2
    0.121552 0.097609 1
    0.511502 0.902391 0
  0.714 7 - 2
    0.202498 0.5 3
    0.714 0.5 0
  0.91016 3 - 4
    0.398658 0.062878 3
    0.4228 0.00453 2
    0.52021 0.009424 1
    0.91016 0.923169 0
  0.96466 5 - 4
    0.453158 0.198108 3
    0.4773 0.039912 2
    0.57471 0.023651 1
    0.96466 0.73833 0
  1.10752 7 - 4
    0.14286 0.054451 6
    0.596018 0.331403 3
    0.62016 0.589406 2
    1.10752 0.02474 0
  1.10931 1 - 1
    1.10931 1 0
  1.39506 7 - 4
    0.4304 0.175384 6
    0.883558 0.067784 3
    0.9077 0.192083 2
    1.39506 0.564749 0
  1.47596 5 - 6
    0.36844 0.0215 7
    0.5658 0.098728 5
    0.964458 0.167297 3
    0.9886 0.428991 2
    1.08601 0.01759 1
    1.47596 0.265895 0
  1.49374 9 + 4
    0.09868 0.000713 9
    0.38622 0.998148 7
    0.52908 0.0006 6
    1.49374 0.000539 0
  1.49839 9 - 2
    0.58823 0.1157 5
    1.01103 0.8843 2
  1.6314 3 - 6
    0.66674 0.233011 6
    0.72124 0.129406 5
    1.1199 0.517524 3
    1.14404 0.019151 2
    1.24145 0.007763 1
    1.6314 0.093144 0
  1.69919 1 + 2
    1.18769 0.4186 3
    1.69919 0.5814 0
  1.7195 5 - 3
    1.208 0.245 3
    1.23214 0.3534 2
    1.7195 0.4016 0
  1.75232 3 - 3
    0.78766 0.237324 6
    1.26496 0.564956 2
    1.36237 0.19772 1
  1.90536 5 - 4
    0.79784 0.039658 7
    0.9407 0.118993 6
    1.418 0.400876 2
    1.90536 0.440474 0
  1.94165 3 + 2
    0.54659 0.6673 9
    1.45429 0.3327 2
  1.995 5 - 2
    1.50764 0.5 2
    1.60505 0.5 1
  2.06407 1 - 2
    1.55257 0.3631 3
    2.06407 0.6369 0
  2.0693 11 - 2
    0.57091 0.2909 12
    0.96178 0.7091 7
  2.08204 13 + 1
    0.5883 1 11
  2.13412 7 + 5
    0.63573 0.052019 12
    1.0266 0.288994 7
    1.16946 0.262995 6
    1.64676 0.236995 2
    2.13412 0.158997 0
  2.191 9 + 2
    1.08348 0.5 7
    1.477 0.5 4
  2.24718 7 + 5
    0.75344 0.5111 11
    0.77122 0.2657 10
    1.13966 0.03321 7
    1.28252 0.04189 6
    1.75982 0.1481 2
  2.29439 1 - 3
    1.38423 0.1531 5
    1.90444 0.7358 1
    2.29439 0.1111 0
  2.327 11 + 2
    0.19288 0.5 23
    0.82861 0.5 12
  2.396 5 - 2
    1.90864 0.5 2
    2.00605 0.5 1
  2.421 3 + 2
    1.93364 0.5 2
    2.03105 0.5 1
  2.45061 7 + 6
    0.95222 0.01538 12
    0.95687 0.30759 11
    0.97465 0.530183 10
    1.34309 0.068388 7
    1.48595 0.069978 6
    1.96325 0.008482 2
  2.48827 9 + 4
    0.99453 0.077409 11
    1.38075 0.90009 7
    2.00091 0.009901 2
    2.48827 0.0126 0
  2.529 15 + 1
    0.202 1 27
  2.551 5 + 2
    2.0395 0.5 3
    2.551 0.5 0
  2.6007 3 + 2
    1.10696 0.934581 11
    1.49318 0.065419 7
  2.614 17 + 1
    0.53196 1 22
  2.658 7 - 2
    2.1465 0.5 3
    2.658 0.5 0
  2.684 5 + 1
    1.18561 1 12
  2.72 3 + 3
    1.22626 0.2 11
    1.24404 0.6667 10
    1.61248 0.1333 7
  2.723 1 + 2
    2.2115 0.5 3
    2.723 0.5 0
  2.747 9 - 2
    1.78234 0.5 6
    2.25964 0.5 2
  2.80507 5 + 6
    1.30668 0.331093 12
    1.31133 0.304594 11
    1.41001 0.01921 9
    1.69755 0.01391 7
    1.84041 0.139097 6
    2.31771 0.192096 2
  2.812 3 + 2
    2.32464 0.5 2
    2.42205 0.5 1
  2.816 7 + 4
    1.32226 0.702751 11
    1.34004 0.030918 10
    1.70848 0.252982 7
    1.90584 0.013349 5
  2.852 11 + 2
    0.71788 0.5 23
    1.35361 0.5 12
  2.932 1 + 2
    2.4205 0.5 3
    2.932 0.5 0
  2.9412 17 + 1
    0.85916 1 22
  2.967 5 - 2
    2.47964 0.5 2
    2.57705 0.5 1
  2.974 3 - 2
    2.4625 0.5 3
    2.974 0.5 0
  3.016 7 + 2
    2.05134 0.5 6
    2.52864 0.5 2
  3.153 5 - 2
    2.66564 0.5 2
    2.76305 0.5 1
  3.227 3 + 2
    2.73964 0.5 2
    2.83705 0.5 1
  3.438 9 - 2
    2.47334 0.5 6
    2.95064 0.5 2
  3.506 1 + 2
    2.9945 0.5 3
    3.506 0.5 0
  3.607 7 - 2
    3.0955 0.5 3
    3.607 0.5 0
  3.683 5 + 2
    3.1715 0.5 3
    3.683 0.5 0
  3.6955 3 - 1
    1.0115 1 37
  3.749 13 + 2
    1.6797 0.5 21
    2.25526 0.5 11
  3.813 1 + 2
    3.3015 0.5 3
    3.813 0.5 0
  3.863 5 - 2
    3.37564 0.5 2
    3.47305 0.5 1
  3.9986 3 - 1
    1.0574 1 46
  4.0281 21 + 1
    1.0869 1 46
  4.06 7 - 2
    3.5485 0.5 3
    4.06 0.5 0
  4.13 1 + 2
    3.6185 0.5 3
    4.13 0.5 0
  4.1652 9 - 1
    0.4697 1 56
  4.211 1 + 2
    3.6995 0.5 3
    4.211 0.5 0
  4.278 5 - 2
    3.79064 0.5 2
    3.88805 0.5 1
  4.382 3 + 2
    3.89464 0.5 2
    3.99205 0.5 1
  4.487 7 - 2
    3.9755 0.5 3
    4.487 0.5 0
  4.644 1 + 2
    4.1325 0.5 3
    4.644 0.5 0
  4.692 5 - 2
    4.20464 0.5 2
    4.30205 0.5 1
  4.813 3 + 2
    4.32564 0.5 2
    4.42305 0.5 1
  5.221 1 + 2
    4.7095 0.5 3
    5.221 0.5 0
  11.59 1 - 2
    11.1026 0.5 2
    11.2 0.5 1
  11.671 3 + 2
    11.1836 0.5 2
    11.281 0.5 1
  11.702 3 + 2
    11.2146 0.5 2
    11.3121 0.5 1
  11.728 3 + 2
    11.2406 0.5 2
    11.3381 0.5 1
  11.74 3 + 2
    11.2526 0.5 2
    11.3501 0.5 1
  11.885 5 - 2
    11.3976 0.5 2
    11.495 0.5 1
  12.067 7 - 2
    11.5555 0.5 3
    12.067 0.5 0
  12.264 3 - 2
    11.7525 0.5 3
    12.264 0.5 0
  12.453 5 + 2
    11.9415 0.5 3
    12.453 0.5 0
  12.862 5 + 2
    12.3505 0.5 3
    12.862 0.5 0
  13.012 3 - 2
    12.5005 0.5 3
    13.012 0.5 0
  13.215 1 + 2
    12.7035 0.5 3
    13.215 0.5 0
  13.267 5 + 2
    12.7555 0.5 3
    13.267 0.5 0
  13.773 5 + 2
    13.2615 0.5 3
    13.773 0.5 0

31 72 111
  0 6 - 0
  0.01644 4 - 1
    0.01644 1 0
  0.11966 0 + 1
    0.10322 1 1
  0.12879 2 + 2
    0.11235 0.939409 1
    0.12879 0.060591 0
  0.16153 2 + 2
    0.04187 0.01728 2
    0.14509 0.98272 1
  0.16551 10 - 1
    0.16551 1 0
  0.19794 8 - 2
    0.1815 0.2183 1
    0.19794 0.7817 0
  0.20845 2 + 4
    0.04692 0.062381 4
    0.07966 0.133903 3
    0.08879 0.160703 2
    0.19201 0.643013 1
  0.22886 8 - 2
    0.21242 0.6609 1
    0.22886 0.3391 0
  0.24894 6 - 1
    0.24894 1 0
  0.2719 8 - 1
    0.10639 1 5
  0.28257 2 + 4
    0.12104 0.117488 4
    0.15378 0.316968 3
    0.16291 0.211879 2
    0.26613 0.353665 1
  0.33006 6 - 3
    0.13212 0.2928 6
    0.2104 0.3696 2
    0.31362 0.3376 1
  0.385 4 + 2
    0.26534 0.5 2
    0.385 0.5 0
  0.39253 4 + 4
    0.10996 0.071499 11
    0.18408 0.422596 7
    0.19459 0.460195 6
    0.231 0.04571 4
  0.4 12 - 2
    0.17114 0.5 8
    0.20206 0.5 6
  0.40814 4 + 4
    0.13624 0.176118 10
    0.2102 0.39594 6
    0.24661 0.189519 4
    0.40814 0.238424 0
  0.51297 8 - 3
    0.26403 0.228109 9
    0.38418 0.042762 3
    0.39331 0.729129 2
  0.51473 4 - 3
    0.30628 0.6995 7
    0.3532 0.1747 4
    0.49829 0.1258 1
  0.544 6 + 2
    0.41521 0.5 3
    0.52756 0.5 1
  0.555 10 - 2
    0.38949 0.5 5
    0.555 0.5 0
  0.56434 8 + 6
    0.3154 0.221716 9
    0.35589 0.059104 7
    0.40281 0.194314 4
    0.44468 0.325423 2
    0.5479 0.110908 1
    0.56434 0.088536 0
  0.60076 4 + 4
    0.31819 0.141911 11
    0.35182 0.090127 9
    0.40282 0.428934 6
    0.43923 0.339027 4
  0.61964 0 + 4
    0.39078 0.527716 8
    0.41119 0.266708 7
    0.6032 0.131804 1
    0.61964 0.073772 0
  0.63604 8 - 3
    0.30598 0.6196 12
    0.35347 0.158 11
    0.6196 0.2224 1
  0.65034 6 - 1
    0.48881 1 4
  0.684 4 + 2
    0.56434 0.5 2
    0.684 0.5 0
  0.709 8 - 2
    0.51106 0.5 6
    0.69256 0.5 1
  0.73775 8 - 3
    0.48881 0.798508 9
    0.60896 0.071991 3
    0.61809 0.129501 2
  0.74133 8 - 4
    0.41127 0.545222 12
    0.45876 0.274411 11
    0.53288 0.060162 7
    0.5798 0.120205 4
  0.76 2 + 2
    0.63121 0.5 3
    0.74356 0.5 1
  0.799 6 + 2
    0.67021 0.5 3
    0.78256 0.5 1
  0.828 2 + 2
    0.69921 0.5 3
    0.81156 0.5 1
  0.85 6 + 2
    0.72121 0.5 3
    0.83356 0.5 1
  0.857 6 + 2
    0.72821 0.5 3
    0.84056 0.5 1
  0.87 4 - 2
    0.74121 0.5 3
    0.85356 0.5 1
  0.877 2 - 2
    0.75734 0.5 2
    0.877 0.5 0
  0.894 6 - 2
    0.72849 0.5 5
    0.894 0.5 0
  0.9 10 + 2
    0.67114 0.5 8
    0.70206 0.5 6
  0.919 4 + 2
    0.79934 0.5 2
    0.919 0.5 0
  0.945 0 - 2
    0.81621 0.5 3
    0.92856 0.5 1
  0.979 6 + 2
    0.85021 0.5 3
    0.96256 0.5 1
  1.003 2 - 2
    0.88334 0.5 2
    1.003 0.5 0
  1.022 4 + 2
    0.90234 0.5 2
    1.022 0.5 0
  1.033 14 - 2
    0.478 0.5 20
    0.86749 0.5 5
  1.051 2 + 2
    0.92221 0.5 3
    1.03456 0.5 1
  1.06 6 + 2
    0.93121 0.5 3
    1.04356 0.5 1
  1.077 4 - 2
    0.94821 0.5 3
    1.06056 0.5 1
  1.084 10 - 2
    0.91849 0.5 5
    1.084 0.5 0
  1.116 12 + 2
    0.561 0.5 20
    0.95049 0.5 5
  1.13 4 - 2
    1.00121 0.5 3
    1.11356 0.5 1
  1.144 2 + 2
    1.01521 0.5 3
    1.12756 0.5 1
  1.15 6 + 2
    1.02121 0.5 3
    1.13356 0.5 1
  1.181 0 - 2
    1.05221 0.5 3
    1.16456 0.5 1
  1.187 4 - 2
    1.05821 0.5 3
    1.17056 0.5 1
  1.201 2 + 2
    1.07221 0.5 3
    1.18456 0.5 1
  1.206 10 - 2
    1.04049 0.5 5
    1.206 0.5 0
  1.217 4 + 2
    1.09734 0.5 2
    1.217 0.5 0
  1.238 0 - 2
    1.10921 0.5 3
    1.22156 0.5 1
  1.249 2 + 2
    1.12021 0.5 3
    1.23256 0.5 1
  1.263 6 - 2
    1.09749 0.5 5
    1.263 0.5 0
  1.286 4 + 2
    1.16634 0.5 2
    1.286 0.5 0
  1.297 16 - 1
    0.897 1 15
  1.324 12 + 2
    0.769 0.5 20
    1.15849 0.5 5
  1.338 2 - 2
    1.21834 0.5 2
    1.338 0.5 0
  1.36 6 - 2
    1.19449 0.5 5
    1.36 0.5 0
  1.38 4 + 2
    1.26034 0.5 2
    1.38 0.5 0
  1.396 8 + 2
    1.23049 0.5 5
    1.396 0.5 0
  1.428 10 - 2
    1.26249 0.5 5
    1.428 0.5 0
  1.435 2 + 2
    1.30621 0.5 3
    1.41856 0.5 1
  1.442 4 - 2
    1.31321 0.5 3
    1.42556 0.5 1
  1.466 6 + 2
    1.33721 0.5 3
    1.44956 0.5 1
  1.473 0 - 2
    1.34421 0.5 3
    1.45656 0.5 1
  1.489 8 + 2
    1.32349 0.5 5
    1.489 0.5 0
  1.505 4 - 2
    1.37621 0.5 3
    1.48856 0.5 1
  1.516 2 + 2
    1.38721 0.5 3
    1.49956 0.5 1
  1.533 6 - 2
    1.36749 0.5 5
    1.533 0.5 0
  1.558 4 + 2
    1.43834 0.5 2
    1.558 0.5 0
  1.592 2 - 2
    1.47234 0.5 2
    1.592 0.5 0
  1.613 6 + 2
    1.48421 0.5 3
    1.59656 0.5 1
  1.626 8 - 2
    1.42806 0.5 6
    1.60956 0.5 1
  1.63 10 + 2
    1.40114 0.5 8
    1.43206 0.5 6
  1.653 4 - 2
    1.52421 0.5 3
    1.63656 0.5 1
  1.681 0 + 2
    1.296 0.5 13
    1.56134 0.5 2
  1.691 6 - 2
    1.52549 0.5 5
    1.691 0.5 0
  1.714 2 + 2
    1.58521 0.5 3
    1.69756 0.5 1
  1.728 4 - 2
    1.59921 0.5 3
    1.71156 0.5 1
  1.75 8 - 2
    1.55206 0.5 6
    1.73356 0.5 1
  1.759 6 + 2
    1.63021 0.5 3
    1.74256 0.5 1
  1.777 2 + 2
    1.64821 0.5 3
    1.76056 0.5 1
  1.791 4 - 2
    1.66221 0.5 3
    1.77456 0.5 1
  1.802 12 + 2
    1.247 0.5 20
    1.63649 0.5 5
  1.816 10 - 2
    1.65049 0.5 5
    1.816 0.5 0
  1.834 6 + 2
    1.70521 0.5 3
    1.81756 0.5 1
  1.842 8 - 2
    1.64406 0.5 6
    1.82556 0.5 1
  1.856 4 + 2
    1.73634 0.5 2
    1.856 0.5 0
  1.87 2 - 2
    1.75034 0.5 2
    1.87 0.5 0
  1.882 0 + 2
    1.497 0.5 13
    1.76234 0.5 2
  1.898 14 - 2
    1.343 0.5 20
    1.73249 0.5 5
  1.913 6 + 2
    1.78421 0.5 3
    1.89656 0.5 1
  1.918 4 - 2
    1.78921 0.5 3
    1.90156 0.5 1
  1.925 2 + 2
    1.79621 0.5 3
    1.90856 0.5 1
  1.942 8 - 2
    1.74406 0.5 6
    1.92556 0.5 1
  1.977 4 + 2
    1.85734 0.5 2
    1.977 0.5 0
  1.989 6 - 2
    1.82349 0.5 5
    1.989 0.5 0
  2.007 2 + 2
    1.87821 0.5 3
    1.99056 0.5 1
  2.018 10 - 2
    1.85249 0.5 5
    2.018 0.5 0
  2.024 4 + 2
    1.90434 0.5 2
    2.024 0.5 0
  2.043 6 - 2
    1.87749 0.5 5
    2.043 0.5 0
  2.056 8 + 2
    1.89049 0.5 5
    2.056 0.5 0
  2.073 2 - 2
    1.95334 0.5 2
    2.073 0.5 0

31 73 31
  0 3 - 0
  0.198 5 - 1
    0.198 1 0
  0.21795 3 - 1
    0.21795 1 0
  0.49582 5 - 2
    0.27787 0.061238 2
    0.49582 0.938762 0
  0.91097 3 - 3
    0.41515 0.042429 3
    0.69302 0.158295 2
    0.91097 0.799276 0
  0.956 5 - 1
    0.04503 1 4
  1.117 3 - 2
    0.89905 0.5 2
    1.117 0.5 0
  1.235 9 + 1
    1.235 1 0
  1.396 7 + 2
    0.90018 0.5 3
    1.198 0.5 1
  1.528 7 - 2
    1.31005 0.5 2
    1.528 0.5 0
  1.578 5 - 2
    1.08218 0.5 3
    1.38 0.5 1
  1.618 5 - 2
    1.12218 0.5 3
    1.42 0.5 1
  1.6924 5 + 2
    1.47445 0.3789 2
    1.6924 0.6211 0
  1.7 1 + 2
    1.48205 0.5 2
    1.7 0.5 0
  1.771 5 - 2
    1.27518 0.5 3
    1.573 0.5 1
  1.8 3 - 2
    1.58205 0.5 2
    1.8 0.5 0
  1.9243 3 - 2
    1.42848 0.1379 3
    1.9243 0.8621 0
  1.952 1 + 2
    1.73405 0.5 2
    1.952 0.5 0
  2.001 7 + 2
    1.50518 0.5 3
    1.803 0.5 1
  2.067 11 + 2
    0.066 0.5 18
    0.671 0.5 8
  2.1085 3 - 3
    1.19753 0.3194 4
    1.61268 0.3802 3
    2.1085 0.3004 0
  2.16 9 + 2
    0.632 0.5 9
    0.925 0.5 7
  2.221 1 + 2
    2.00305 0.5 2
    2.221 0.5 0
  2.277 7 + 2
    1.78118 0.5 3
    2.079 0.5 1
  2.38 9 + 2
    0.852 0.5 9
    1.145 0.5 7
  2.411 13 + 2
    0.251 0.5 21
    1.176 0.5 7
  2.467 1 + 2
    2.24905 0.5 2
    2.467 0.5 0
  2.498 7 + 2
    2.00218 0.5 3
    2.3 0.5 1
  2.582 11 - 2
    1.054 0.5 9
    1.347 0.5 7
  2.726 15 + 1
    0.659 1 19
  2.9895 9 - 2
    2.77155 0.4475 2
    2.9895 0.5525 0

31 74 12
  0 6 - 0
  0.05655 4 - 1
    0.05655 1 0
  0.059571 0 - 2
    0.003021 0.5 1
    0.059571 0.5 0
  0.102276 2 - 2
    0.045726 0.4565 1
    0.102276 0.5435 0
  0.108654 2 + 3
    0.049083 0.760847 2
    0.052104 0.229084 1
    0.108654 0.010069 0
  0.141334 8 + 2
    0.084784 0.112 1
    0.141334 0.888 0
  0.145032 10 + 3
    0.085461 0.2142 2
    0.088482 0.6841 1
    0.145032 0.1017 0
  0.227803 4 + 4
    0.119149 0.751585 4
    0.125527 0.130397 3
    0.168232 0.080748 2
    0.171253 0.037269 1
  0.251787 2 + 7
    0.106755 0.023418 6
    0.110453 0.012379 5
    0.143133 0.523564 4
    0.149511 0.035218 3
    0.192216 0.341677 2
    0.195237 0.053926 1
    0.251787 0.009817 0
  0.45506 2 + 3
    0.346406 0.794124 4
    0.395489 0.134604 2
    0.39851 0.071272 1
  0.89411 2 + 9
    0.43905 0.052057 9
    0.642323 0.036718 8
    0.666307 0.213987 7
    0.749078 0.033628 6
    0.752776 0.305782 5
    0.785456 0.091764 4
    0.791834 0.076435 3
    0.83756 0.146791 1
    0.89411 0.042837 0
  1.08572 2 + 6
    0.63066 0.1661 9
    0.833933 0.2075 8
    0.977066 0.1618 4
    0.983444 0.1493 3
    1.02615 0.1846 2
    1.02917 0.1307 1

31 75 46
  0 3 - 0
  0.02242 1 - 1
    0.02242 1 0
  0.17836 3 - 2
    0.15594 0.970471 1
    0.17836 0.029529 0
  0.22863 5 - 1
    0.22863 1 0
  0.43218 5 - 3
    0.25382 0.049786 2
    0.40976 0.251977 1
    0.43218 0.698237 0
  0.60642 5 - 5
    0.17424 0.212598 4
    0.37779 0.304797 3
    0.42806 0.063289 2
    0.584 0.02412 1
    0.60642 0.395196 0
  0.88163 5 - 4
    0.27521 0.0562 5
    0.44945 0.2091 4
    0.653 0.373 3
    0.88163 0.3617 0
  1.167 5 - 2
    0.93837 0.5 3
    1.14458 0.5 1
  1.256 3 - 2
    1.07764 0.5 2
    1.256 0.5 0
  1.27393 7 - 2
    0.84175 0.9443 4
    1.0453 0.0557 3
  1.39279 5 + 1
    1.16416 1 3
  1.50773 9 + 1
    0.90131 1 5
  1.50956 5 + 2
    0.62793 0.934591 6
    1.48714 0.065409 1
  1.54497 5 - 4
    1.11279 0.113611 4
    1.31634 0.378838 3
    1.36661 0.280328 2
    1.54497 0.227223 0
  1.62187 5 - 2
    1.18969 0.6289 4
    1.44351 0.3711 2
  1.65527 3 + 1
    1.42664 1 3
  1.86522 7 + 3
    1.2588 0.5376 5
    1.43304 0.2312 4
    1.63659 0.2312 3
  1.935 1 - 2
    1.70637 0.5 3
    1.91258 0.5 1
  1.969 7 + 2
    1.53682 0.5 4
    1.74037 0.5 3
  2.01546 7 - 1
    1.78683 1 3
  2.083 9 + 2
    0.69021 0.5 10
    0.80907 0.5 9
  2.23366 7 + 3
    0.68869 0.1942 13
    0.7241 0.3205 12
    1.80148 0.4853 4
  2.25756 9 - 4
    0.71259 0.254 13
    0.748 0.2764 12
    1.65114 0.1523 5
    1.82538 0.3173 4
  2.27279 5 + 3
    1.66637 0.158384 5
    2.04416 0.118588 3
    2.09443 0.723028 2
  2.36915 7 - 2
    0.82418 0.3104 13
    1.76273 0.6896 5
  2.41359 5 - 4
    1.13966 0.1691 9
    1.98141 0.457 4
    2.18496 0.2331 3
    2.39117 0.1408 1
  2.43665 5 - 1
    1.83023 1 5
  2.5056 5 - 1
    2.27697 1 3
  2.55663 5 + 3
    0.90136 0.2419 15
    2.12445 0.3483 4
    2.328 0.4098 3
  2.56377 5 - 1
    1.05421 1 12
  2.59933 7 + 2
    1.7177 0.4253 6
    1.99291 0.5747 5
  2.60214 7 - 1
    1.09441 1 11
  2.63452 5 + 4
    1.75289 0.1026 6
    2.0281 0.1113 5
    2.45616 0.6662 2
    2.63452 0.1199 0
  2.63974 3 + 2
    0.62428 0.4225 19
    2.03332 0.5775 5
  2.73626 7 - 3
    0.5026 0.273227 21
    1.2267 0.286329 12
    2.12984 0.440444 5
  2.73884 7 - 1
    1.23111 1 11
  2.8123 5 + 2
    2.58367 0.1453 3
    2.8123 0.8547 0
  2.8649 7 + 3
    0.99968 0.2612 16
    1.35534 0.1019 12
    2.25848 0.6369 5
  2.8688 9 + 2
    1.35924 0.2064 12
    2.64017 0.7936 3
  2.87739 5 - 2
    2.27097 0.4792 5
    2.44521 0.5208 4
  2.91376 9 - 2
    1.63983 0.4444 9
    2.48158 0.5556 4
  2.95508 9 - 2
    1.44552 0.4737 12
    2.34866 0.5263 5
  2.99884 9 + 2
    0.72605 0.5815 23
    1.48928 0.4185 12
  3.10546 3 + 3
    1.71267 0.2228 10
    2.22383 0.5181 6
    2.87683 0.2591 3
  3.19494 1 + 2
    0.93738 0.6944 22
    1.68538 0.3056 12
  3.20898 3 + 1
    1.69942 1 12

31 76 23
  0 6 - 0
  0.17229 0 - 1
    0.17229 1 0
  0.1995 2 + 1
    0.1995 1 0
  0.27528 2 + 3
    0.07578 0.800516 2
    0.10299 0.060181 1
    0.27528 0.139303 0
  0.28157 4 + 3
    0.08207 0.439013 2
    0.10928 0.073172 1
    0.28157 0.487815 0
  0.36981 8 + 2
    0.08824 0.2481 4
    0.09453 0.7519 3
  0.56553 2 + 4
    0.29025 0.08072 3
    0.36603 0.671413 2
    0.39324 0.107186 1
    0.56553 0.140682 0
  0.68083 10 + 4
    0.40555 0.058825 3
    0.48133 0.235319 2
    0.50854 0.588247 1
    0.68083 0.117609 0
  0.78155 4 + 1
    0.60926 1 1
  1.0303 2 + 5
    0.74873 0.273403 4
    0.75502 0.390704 3
    0.8308 0.160202 2
    0.85801 0.109301 1
    1.0303 0.066391 0
  1.10603 6 - 1
    0.73622 1 5
  1.54544 2 + 7
    0.76389 0.00753 8
    0.86461 0.075302 7
    0.97991 0.071903 6
    1.26387 0.304669 4
    1.34594 0.342365 2
    1.37315 0.013349 1
    1.54544 0.184881 0
  1.56812 2 + 4
    0.78657 0.0355 8
    1.28655 0.5917 4
    1.36862 0.2485 2
    1.39583 0.1243 1
  1.62122 2 + 1
    1.25141 1 5
  1.75014 2 + 7
    0.96859 0.027381 8
    1.06931 0.179409 7
    1.18461 0.051943 6
    1.46857 0.472124 4
    1.55064 0.070824 2
    1.57785 0.108605 1
    1.75014 0.089714 0
  1.8105 2 + 1
    1.611 1 2
  1.82599 2 + 1
    1.45618 1 5
  1.89605 4 - 1
    1.72376 1 1
  1.97741 2 + 3
    1.69584 0.2896 4
    1.70213 0.4525 3
    1.97741 0.2579 0
  2.09102 2 + 5
    1.30947 0.01825 8
    1.41019 0.03649 7
    1.81574 0.3237 3
    1.91873 0.03296 1
    2.09102 0.5886 0
  2.16664 2 + 1
    1.79683 1 5
  2.42273 2 + 1
    2.22323 1 2
  2.60244 2 + 1
    2.40294 1 2

31 77 35
  0 3 - 0
  0.10572 1 - 1
    0.10572 1 0
  0.16091 3 - 2
    0.05519 0.2385 1
    0.16091 0.7615 0
  0.18949 5 - 1
    0.18949 1 0
  0.474057 5 - 4
    0.284567 0.063697 3
    0.313147 0.084846 2
    0.368337 0.145993 1
    0.474057 0.705465 0
  0.62641 3 - 4
    0.152353 0.2557 4
    0.43692 0.1937 3
    0.4655 0.217 2
    0.62641 0.3336 0
  0.87336 3 + 5
    0.24695 0.058072 5
    0.399303 0.325613 4
    0.68387 0.119305 3
    0.71245 0.045192 2
    0.87336 0.451818 0
  1.11634 5 + 3
    0.48993 0.034821 5
    0.92685 0.940719 3
    1.11634 0.02446 0
  1.23398 5 + 3
    0.759923 0.158984 4
    1.12826 0.178882 1
    1.23398 0.662134 0
  1.28234 5 - 3
    0.40898 0.1027 6
    0.808283 0.7179 4
    1.09285 0.1794 3
  1.40317 3 - 2
    1.24226 0.1667 2
    1.40317 0.8333 0
  1.47733 1 + 3
    0.19499 0.081309 9
    0.36099 0.160198 7
    0.85092 0.758492 5
  1.51588 3 + 2
    1.04182 0.8065 4
    1.32639 0.1935 3
  1.79711 3 - 1
    1.60762 1 3
  1.83198 3 + 3
    0.598 0.10129 8
    1.35792 0.270273 4
    1.83198 0.628437 0
  1.85772 1 - 2
    1.752 0.641 1
    1.85772 0.359 0
  1.87256 1 - 2
    0.75622 0.3942 7
    0.9992 0.6058 6
  1.97003 5 - 4
    0.68769 0.047038 9
    0.85369 0.329187 7
    1.09667 0.522379 6
    1.34362 0.101396 5
  2.02835 1 + 5
    0.19637 0.04178 14
    1.15499 0.236 6
    1.40194 0.09292 5
    1.55429 0.1377 4
    1.83886 0.4916 3
  2.08343 9 + 3
    0.606095 0.763577 11
    0.801085 0.062728 9
    0.967085 0.173695 7
  2.13804 7 + 7
    0.16801 0.019461 17
    0.30606 0.313915 14
    0.8557 0.119306 9
    1.0217 0.007533 7
    1.26468 0.22281 6
    1.51163 0.094164 5
    1.66398 0.22281 4
  2.14926 7 + 2
    0.29154 0.7143 15
    1.98835 0.2857 2
  2.3275 7 + 1
    0.35747 1 17
  2.34853 9 + 2
    0.3785 0.187 17
    0.51655 0.813 14
  2.35716 11 - 3
    0.21912 0.402 20
    0.38713 0.1078 17
    1.4838 0.4902 6
  2.38497 7 + 4
    0.23571 0.1579 21
    1.26863 0.1174 7
    1.75856 0.4049 5
    2.19548 0.3198 3
  2.4257 9 - 2
    2.26479 0.5 2
    2.4257 0.5 0
  2.69878 7 + 3
    0.56074 0.431 20
    0.615355 0.2845 19
    0.67043 0.2845 18
  2.80574 13 - 2
    0.6677 0.2593 20
    0.83571 0.7407 17
  2.82866 11 + 1
    0.80031 1 18
  2.8618 5 - 1
    2.67231 1 3
  3.24283 9 + 1
    1.38511 1 15
  3.26774 7 - 6
    0.84204 0.207021 26
    0.91921 0.140814 23
    1.43576 0.105611 14
    2.79368 0.10141 4
    3.10683 0.318832 2
    3.26774 0.126313 0
  3.52992 5 + 3
    1.55989 0.2727 17
    3.05586 0.4785 4
    3.34043 0.2488 3
  3.94589 15 - 1
    3.7564 1 3

31 78 21
  0 6 + 0
  0.28138 2 + 1
    0.28138 1 0
  0.34162 4 + 2
    0.06024 0.5487 1
    0.34162 0.4513 0
  0.45391 2 + 3
    0.11229 0.1384 2
    0.17253 0.103 1
    0.45391 0.7586 0
  0.5596 6 - 1
    0.21798 1 2
  0.63559 2 + 3
    0.18168 0.5032 3
    0.35421 0.1293 1
    0.63559 0.3675 0
  0.72773 6 + 4
    0.09214 0.237976 5
    0.38611 0.381062 2
    0.44635 0.209779 1
    0.72773 0.171183 0
  0.86037 2 + 3
    0.13264 0.01251 6
    0.22478 0.635194 5
    0.86037 0.352296 0
  0.95758 2 + 2
    0.32199 0.72 5
    0.95758 0.28 0
  0.97972 2 + 3
    0.11935 0.3565 7
    0.34413 0.2366 5
    0.97972 0.4069 0
  1.03108 2 + 4
    0.17071 0.179093 7
    0.30335 0.340086 6
    0.39549 0.080237 5
    0.7497 0.400584 1
  1.04821 2 - 2
    0.18784 0.7369 7
    0.41262 0.2631 5
  1.12256 2 + 1
    0.26219 1 7
  1.39783 4 - 4
    0.27527 0.2508 12
    0.44025 0.29 8
    0.53746 0.3021 7
    0.76224 0.1571 5
  1.8666 2 + 4
    0.74404 0.069637 12
    0.81839 0.132895 11
    0.90902 0.164593 8
    1.00623 0.632875 7
  2.20569 2 + 6
    0.80786 0.188709 13
    1.15748 0.045072 11
    1.17461 0.149307 10
    1.34532 0.281714 7
    1.5701 0.064783 5
    2.20569 0.270414 0
  2.627 8 - 1
    2.627 1 0
  2.65488 2 + 4
    0.78828 0.3298 14
    1.6238 0.1099 10
    1.67516 0.3662 9
    1.92715 0.1941 6
  2.8311 2 + 3
    1.97073 0.293271 7
    2.10337 0.353365 6
    2.48948 0.353365 2
  3.4246 2 + 4
    0.7976 0.1882 16
    1.558 0.102 14
    2.02677 0.3922 13
    2.56423 0.3176 7
  3.5539 2 + 3
    0.7228 0.2406 18
    2.69353 0.3375 7
    3.5539 0.4219 0

31 79 20
  0 3 - 0
  0.0054 5 - 1
    0.0054 1 0
  0.2787 7 - 2
    0.2733 0.1721 1
    0.2787 0.8279 0
  0.7076 7 - 2
    0.7022 0.7564 1
    0.7076 0.2436 0
  0.8026 7 + 2
    0.7972 0.4998 1
    0.8026 0.5002 0
  0.8712 9 - 1
    0.8658 1 1
  0.9626 5 - 3
    0.6839 0.29677 2
    0.9572 0.336966 1
    0.9626 0.366263 0
  1.066 5 - 1
    0.2634 1 4
  1.5822 5 + 2
    0.711 0.1381 5
    0.8746 0.8619 3
  1.616 5 + 2
    0.6534 0.4535 6
    0.8134 0.5465 4
  1.8383 3 - 1
    1.1307 1 3
  1.9195 7 + 1
    1.2119 1 3
  2.2143 9 + 1
    1.3431 1 5
  2.5615 7 + 1
    0.9793 1 8
  2.649 5 + 1
    1.9414 1 3
  2.7413 1 + 2
    1.7787 0.6369 6
    2.0337 0.3631 3
  2.9197 3 - 1
    0.3582 1 13
  2.9777 1 + 2
    0.2364 0.4382 15
    0.4162 0.5618 13
  3.0201 11 - 1
    1.1006 1 11
  3.3348 3 + 1
    0.7733 1 13

31 80 14
  0 6 - 0
  0.31194 0 - 1
    0.31194 1 0
  0.38678 4 - 1
    0.07484 1 1
  0.48593 2 - 1
    0.17399 1 1
  0.6856 2 + 1
    0.6856 1 0
  0.71255 8 + 1
    0.71255 1 0
  0.88929 10 + 3
    0.17674 0.454545 5
    0.40336 0.263626 3
    0.88929 0.281828 0
  0.96495 2 + 1
    0.96495 1 0
  1.17136 4 + 2
    0.28207 0.495 6
    1.17136 0.505 0
  1.33407 6 - 1
    1.33407 1 0
  1.42797 2 + 4
    0.0939 0.032661 9
    0.46302 0.106804 7
    0.71542 0.666527 5
    0.74237 0.194008 4
  1.50386 2 + 6
    0.16979 0.048438 9
    0.3325 0.062278 8
    0.61457 0.345986 6
    0.79131 0.076117 5
    1.11708 0.211092 2
    1.50386 0.25609 0
  2.07019 2 + 3
    0.56633 0.223807 11
    0.64222 0.699321 10
    0.73612 0.076872 9
  2.65502 2 + 1
    1.15116 1 11

31 81 5
  0 5 - 0
  0.3511 3 - 1
    0.3511 1 0
  0.8028 3 - 1
    0.4517 1 1
  1.236 9 - 1
    1.236 1 0
  1.6216 7 - 1
    1.6216 1 0

31 82 1
  0 8 - 0

31 83 1
  0 3 - 0

31 84 1
  0 0 - 0

31 85 1
  0 3 - 0

31 86 1
  0 4 - 0

31 87 1
  0 1 - 0

