2 3 1
  0 1 + 0

2 4 16
  0 0 + 0
  20.21 0 + 1
    20.21 1 0
  21.01 0 - 1
    21.01 1 0
  21.84 4 - 1
    0.83 1 2
  23.33 4 - 2
    1.49 0.5 3
    2.32 0.5 2
  23.64 2 - 2
    3.43 0.5 1
    23.64 0.5 0
  24.25 2 - 2
    4.04 0.5 1
    24.25 0.5 0
  25.28 0 - 2
    3.44 0.5 3
    4.27 0.5 2
  25.95 2 - 2
    5.74 0.5 1
    25.95 0.5 0
  27.42 4 + 2
    7.21 0.5 1
    27.42 0.5 0
  28.31 2 + 2
    6.47 0.5 3
    7.3 0.5 2
  28.37 2 - 2
    8.16 0.5 1
    28.37 0.5 0
  28.39 4 - 2
    6.55 0.5 3
    7.38 0.5 2
  28.64 0 - 2
    6.8 0.5 3
    7.63 0.5 2
  28.67 4 + 2
    8.46 0.5 1
    28.67 0.5 0
  29.89 4 + 2
    9.68 0.5 1
    29.89 0.5 0

2 5 1
  0 3 - 0

2 6 8
  0 0 + 0
  1.797 4 + 1
    1.797 1 0
  5.6 2 + 1
    5.6 1 0
  13.9 6 + 1
    8.3 1 2
  15.5 2 + 2
    1.6 0.5 3
    9.9 0.5 2
  24.2 0 + 2
    22.403 0.5 1
    24.2 0.5 0
  32 2 + 2
    18.1 0.5 3
    26.4 0.5 2
  36 4 + 2
    34.203 0.5 1
    36 0.5 0

2 7 3
  0 3 - 0
  2.92 5 - 1
    2.92 1 0
  5.8 1 - 1
    2.88 1 1

2 8 5
  0 0 + 0
  3.1 4 + 1
    3.1 1 0
  4.36 2 - 2
    1.26 0.5 1
    4.36 0.5 0
  6.03 6 - 2
    1.67 0.5 2
    2.93 0.5 1
  7.16 6 - 2
    2.8 0.5 2
    4.06 0.5 1

2 9 6
  0 1 + 0
  1.1 1 - 1
    1.1 1 0
  2.26 3 - 1
    2.26 1 0
  4.2 5 - 1
    3.1 1 1
  5 7 - 1
    2.74 1 2
  8 3 - 2
    5.74 0.5 2
    8 0.5 0

2 10 3
  0 0 + 0
  3.24 4 + 1
    3.24 1 0
  6.8 6 - 1
    3.56 1 1

