49 98 2
  0 2 + 0
  0.2 0 + 1
    0.2 1 0

49 99 1
  0 9 + 0

49 100 2
  0 10 + 0
  2.76 2 + 1
    2.76 1 0

49 101 9
  0 9 + 0
  1.3097 13 + 1
    1.3097 1 0
  1.6515 17 + 1
    0.3418 1 1
  2.0109 19 + 1
    0.3594 1 2
  3.2588 21 + 1
    1.2479 1 3
  4.3948 23 - 1
    1.136 1 4
  4.7816 25 - 1
    0.3868 1 5
  4.9346 23 + 1
    2.9237 1 3
  6.0742 5 + 1
    1.1396 1 7

49 102 52
  0 12 + 0
  0.094 8 + 1
    0.094 1 0
  0.14494 14 + 1
    0.14494 1 0
  0.163 6 + 1
    0.069 1 1
  0.35201 14 + 1
    0.35201 1 0
  0.483 4 + 1
    0.32 1 3
  0.7 6 + 1
    0.537 1 3
  0.938 4 + 2
    0.238 0.4648 6
    0.844 0.5352 1
  0.97967 16 + 2
    0.62766 0.093555 4
    0.83473 0.906445 2
  1.27 2 + 1
    1.107 1 3
  1.28165 18 + 3
    0.30198 0.22288 8
    0.92964 0.080183 4
    1.13671 0.696937 2
  1.3153 18 + 1
    0.33563 1 8
  1.5 18 + 1
    0.52033 1 8
  1.521 2 + 1
    0.583 1 7
  1.546 2 + 1
    1.063 1 5
  1.6633 20 + 2
    0.1633 0.0303 12
    0.38165 0.9697 10
  1.7231 20 + 2
    0.2231 0.0124 12
    0.44145 0.9876 10
  1.808 2 + 1
    1.325 1 5
  1.908 2 + 1
    1.425 1 5
  1.913 22 + 2
    0.1899 0.5722 16
    0.2497 0.4278 15
  2.039 22 + 2
    0.3159 0.2827 16
    0.3757 0.7173 15
  2.2 2 + 2
    1.5 0.5 6
    1.717 0.5 5
  2.702 4 - 1
    0.789 1 19
  3.0631 24 + 2
    1.0241 0.596 20
    1.1501 0.404 19
  3.1797 24 + 2
    1.1407 0.4653 20
    1.2667 0.5347 19
  3.679 6 - 1
    0.977 1 22
  3.8577 26 + 3
    0.678 0.4591 24
    0.7946 0.4265 23
    1.8187 0.1144 20
  3.9408 24 - 1
    2.0278 1 19
  4.046 24 - 1
    2.007 1 20
  4.1189 26 - 3
    0.1781 0.1582 27
    0.9392 0.4454 24
    1.0558 0.3964 23
  4.2124 26 - 1
    0.2716 1 27
  4.2376 24 - 1
    2.3246 1 19
  4.3137 24 - 1
    2.4007 1 19
  4.341 28 - 1
    0.2221 1 29
  4.4791 26 - 4
    0.1654 0.079746 32
    0.2415 0.389481 31
    0.4331 0.20309 28
    1.416 0.327684 23
  4.7328 26 + 4
    0.3918 0.290523 33
    1.5531 0.055644 24
    1.6697 0.097388 23
    2.8198 0.556445 19
  4.814 28 - 2
    0.3349 0.8286 34
    0.6016 0.1714 30
  4.8939 28 - 1
    0.6815 1 30
  4.9283 26 + 2
    2.8893 0.5 20
    3.0153 0.5 19
  4.9573 30 - 1
    0.6163 1 33
  5.1893 4 - 1
    0.9769 1 30
  5.1917 28 + 2
    0.4589 0.8276 35
    1.334 0.1724 26
  5.8527 30 + 3
    0.661001 0.74673 41
    0.924401 0.096864 38
    1.1199 0.156406 35
  5.978 6 - 1
    0.7887 1 40
  6.2362 32 + 3
    0.383499 0.743241 42
    1.0445 0.170986 41
    1.2789 0.085773 39
  6.4833 32 - 3
    1.526 0.258384 39
    1.5894 0.079455 37
    1.6693 0.66216 36
  6.6274 34 + 1
    0.3912 1 44
  7.4154 8 - 1
    2.4581 1 39
  7.4593 34 - 2
    0.976 0.9117 45
    2.502 0.0883 39
  8.175 4 - 1
    0.7157 1 48
  8.2477 6 - 1
    0.788401 1 48
  9.0586 4 - 1
    0.810899 1 50

49 103 33
  0 9 + 0
  0.6317 1 - 1
    0.6317 1 0
  1.07759 11 + 1
    1.07759 1 0
  1.27285 13 + 2
    0.19526 0.037448 2
    1.27285 0.962552 0
  1.3558 5 - 1
    1.3558 1 0
  1.39681 13 - 1
    1.39681 1 0
  1.42891 9 + 2
    0.35132 0.3789 2
    1.42891 0.6211 0
  1.66964 13 - 2
    0.31384 0.9276 4
    1.66964 0.0724 0
  1.7953 17 + 1
    0.52245 1 3
  1.9085 11 - 2
    0.83091 0.4188 2
    1.9085 0.5812 0
  2.025 13 + 2
    0.35536 0.901255 7
    0.62819 0.098745 5
  2.1103 19 + 1
    0.315 1 8
  2.14892 13 - 1
    0.75211 1 5
  2.17683 13 + 1
    0.82103 1 4
  2.2092 13 + 2
    0.8534 0.4654 4
    2.2092 0.5346 0
  2.3201 3 - 1
    0.9643 1 4
  2.8127 7 - 2
    0.63587 0.2857 13
    2.8127 0.7143 0
  2.9255 21 + 2
    0.8152 0.952438 11
    1.1302 0.047562 8
  3.2479 23 + 2
    0.3224 0.777 17
    1.1376 0.223 11
  3.2806 5 - 1
    1.61096 1 7
  3.4621 3 - 1
    2.1063 1 4
  3.6868 25 + 1
    0.4389 1 18
  4.1924 23 - 1
    1.2669 1 17
  4.5899 25 - 2
    0.3975 0.6739 22
    1.342 0.3261 18
  4.8108 27 + 1
    1.124 1 21
  5.0983 25 - 1
    1.8504 1 18
  5.3426 27 - 1
    0.7527 1 23
  5.5706 27 - 3
    0.472301 0.1466 25
    0.980701 0.2215 23
    1.8838 0.6319 21
  5.7038 29 - 1
    0.3612 1 26
  5.8526 29 - 2
    0.282 0.7203 27
    1.0418 0.2797 24
  6.192 31 - 1
    0.4882 1 28
  6.229 31 - 1
    0.376399 1 29
  6.3034 5 + 1
    0.450799 1 29

49 104 49
  0 12 + 0
  0.085389 14 + 1
    0.085389 1 0
  0.09322 10 + 1
    0.09322 1 0
  0.153245 6 + 1
    0.153245 1 0
  0.213011 14 + 2
    0.127622 0.029839 1
    0.213011 0.970161 0
  0.22619 4 + 1
    0.072945 1 3
  0.24134 8 + 1
    0.14812 1 2
  0.39606 6 + 3
    0.15472 0.506385 6
    0.16987 0.083527 5
    0.242815 0.410088 3
  0.73819 4 + 3
    0.34213 0.418242 7
    0.512 0.227323 5
    0.584945 0.354435 3
  0.93363 16 + 2
    0.720619 0.4188 4
    0.848241 0.5812 1
  1.13925 2 + 2
    0.40106 0.2828 8
    0.91306 0.7172 5
  1.14063 14 + 3
    0.927619 0.460946 4
    1.05524 0.382438 1
    1.14063 0.156616 0
  1.34425 18 + 4
    0.20362 0.226307 11
    0.41062 0.090973 9
    1.13124 0.153505 4
    1.25886 0.529216 1
  1.3824 2 + 1
    1.15621 1 5
  1.41145 18 + 3
    0.47782 0.6506 9
    1.19844 0.2325 4
    1.32606 0.1169 1
  1.4416 2 + 2
    0.70341 0.4824 8
    1.21541 0.5176 5
  1.4997 2 + 1
    1.27351 1 5
  1.57118 18 + 1
    0.63755 1 9
  1.5866 20 + 3
    0.17515 0.707 14
    0.24235 0.1907 12
    0.65297 0.1023 9
  1.6333 2 + 2
    0.89511 0.3551 8
    1.40711 0.6449 5
  1.651 2 + 2
    0.91281 0.7521 8
    1.42481 0.2479 5
  1.8182 16 - 2
    1.60519 0.2806 4
    1.73281 0.7194 1
  1.87976 22 + 1
    0.29316 1 18
  1.92861 20 + 2
    0.35743 0.8885 17
    0.58436 0.1115 12
  1.94402 22 + 1
    0.35742 1 18
  2.00471 18 - 3
    0.18651 0.415042 21
    0.86408 0.424442 11
    1.07108 0.160516 9
  2.0312 20 + 1
    0.61975 1 14
  2.072 2 + 1
    1.84581 1 5
  2.4152 22 + 2
    0.48659 0.8205 23
    0.8286 0.1795 18
  2.5291 20 - 2
    0.52439 0.753 25
    1.18485 0.247 12
  2.69617 24 + 2
    0.75215 0.6453 24
    0.81641 0.3547 22
  2.86898 24 + 2
    0.45378 0.2139 28
    0.92496 0.7861 24
  2.985 26 + 2
    0.28883 0.4481 30
    1.04098 0.5519 24
  3.06161 26 + 1
    0.36544 1 30
  3.10264 22 - 2
    0.57354 0.7203 29
    1.09793 0.2797 25
  3.32316 26 + 2
    0.45418 0.3208 31
    0.62699 0.6792 30
  3.56065 24 - 3
    0.45801 0.6471 34
    1.03155 0.1798 29
    1.61663 0.1731 24
  3.5662 24 - 4
    0.46356 0.398892 34
    1.151 0.391592 28
    1.62218 0.067219 24
    1.68644 0.142297 22
  3.81717 26 - 3
    0.25097 0.741922 37
    0.25652 0.174705 36
    0.94819 0.083372 31
  3.8359 24 - 1
    1.89188 1 24
  3.96554 26 - 2
    0.39934 0.4287 37
    0.40489 0.5713 36
  4.0717 26 - 1
    0.2358 1 39
  4.10304 28 - 1
    0.28587 1 38
  4.32607 28 - 1
    0.36053 1 40
  4.43771 28 + 2
    1.3761 0.3631 33
    1.45271 0.6369 32
  4.64293 30 - 1
    0.539891 1 42
  5.20388 32 - 1
    0.560949 1 45
  5.62556 34 - 1
    0.42168 1 46
  6.15269 36 - 1
    0.52713 1 47

49 105 100
  0 9 + 0
  0.67408 1 - 1
    0.67408 1 0
  0.99207 11 + 1
    0.99207 1 0
  1.2096 5 - 1
    0.53552 1 1
  1.28172 7 - 1
    1.28172 1 0
  1.3029 5 - 1
    0.62882 1 1
  1.34163 13 + 2
    0.34956 0.2664 2
    1.34163 0.7336 0
  1.4159 9 + 2
    0.42383 0.2667 2
    1.4159 0.7333 0
  1.417 11 - 1
    1.417 1 0
  1.4659 11 - 1
    1.4659 1 0
  1.5908 13 - 3
    0.2879 0.064 5
    0.30908 0.7487 4
    1.5908 0.1873 0
  1.8263 17 + 1
    0.48467 1 6
  1.8815 13 + 2
    0.59978 0.5639 4
    0.88943 0.4361 2
  1.9322 13 + 4
    0.3414 0.090264 10
    0.6293 0.305412 5
    0.7226 0.230409 3
    1.25812 0.373915 1
  1.9424 13 - 2
    0.4765 0.647 9
    1.9424 0.353 0
  1.9787 13 - 3
    0.3879 0.2145 10
    0.5617 0.3532 8
    0.69698 0.4323 4
  1.9845 9 + 1
    1.9845 1 0
  1.988 5 + 1
    0.7784 1 3
  2.0978 19 + 1
    0.2715 1 11
  2.2221 3 - 3
    0.7562 0.520852 9
    1.0125 0.328133 3
    1.54802 0.151015 1
  2.2699 3 - 1
    1.0603 1 3
  2.3116 7 + 1
    0.8957 1 7
  2.3688 3 - 1
    0.9029 1 9
  2.3703 7 + 1
    0.9544 1 7
  2.3991 5 - 1
    0.9332 1 9
  2.4262 1 + 2
    1.43413 0.4286 2
    2.4262 0.5714 0
  2.4712 3 - 2
    0.8804 0.6211 10
    1.18948 0.3789 4
  2.5174 7 + 1
    1.0515 1 9
  2.5903 5 - 1
    1.91622 1 1
  2.6257 3 + 1
    1.63363 1 2
  2.6649 1 - 2
    0.7327 0.3902 13
    1.0741 0.6098 10
  2.7524 7 + 1
    1.1616 1 10
  2.7587 5 - 1
    1.1679 1 10
  2.7711 3 + 1
    0.4023 1 22
  2.7821 9 - 3
    1.3651 0.2989 8
    1.50038 0.3321 4
    2.10802 0.369 1
  2.9379 21 + 2
    0.8401 0.9364 18
    1.1116 0.0636 11
  2.9582 5 - 2
    1.026 0.4253 13
    2.28412 0.5747 1
  2.9644 7 + 2
    1.5474 0.5181 8
    2.29032 0.4819 1
  3.0246 1 - 2
    1.4338 0.4444 10
    1.74288 0.5556 4
  3.0821 3 + 1
    0.9843 1 18
  3.1124 5 - 2
    1.5216 0.5848 10
    2.12033 0.4152 2
  3.1437 7 + 1
    1.9341 1 3
  3.1584 9 - 1
    1.6925 1 9
  3.2422 3 + 1
    1.6514 1 10
  3.2622 5 - 2
    1.6714 0.3506 10
    2.58812 0.6494 1
  3.3453 23 + 2
    0.4074 0.591 35
    1.2475 0.409 18
  3.4142 1 - 2
    1.8234 0.187 10
    2.13248 0.813 4
  3.4356 7 + 1
    2.0197 1 7
  3.46628 3 - 2
    1.04008 0.6452 25
    3.46628 0.3548 0
  3.4715 5 + 5
    1.487 0.1838 16
    2.0056 0.1623 9
    2.18978 0.1909 4
    2.2619 0.2387 3
    3.4715 0.2243 0
  3.5249 9 - 1
    1.9341 1 10
  3.5731 7 + 1
    2.29138 1 4
  3.5937 1 - 2
    1.6513 0.3827 14
    2.31198 0.6173 4
  3.6268 3 + 2
    2.34508 0.5291 4
    2.95272 0.4709 1
  3.6315 25 + 1
    0.2862 1 45
  3.6541 19 - 2
    1.5563 0.082572 18
    1.8278 0.917427 11
  3.6998 5 - 2
    2.2839 0.4413 7
    3.6998 0.5587 0
  3.8276 21 - 2
    0.1735 0.1001 55
    1.7298 0.8999 18
  3.9521 7 + 2
    1.3618 0.2424 28
    3.27802 0.7576 1
  3.9579 23 - 3
    0.1303 0.304779 57
    0.6126 0.031868 45
    1.02 0.663354 35
  3.9712 21 - 2
    0.3171 0.6944 55
    1.0333 0.3056 35
  4.1979 5 + 1
    1.6076 1 28
  4.3102 23 - 2
    0.339 0.857 60
    1.3723 0.143 35
  4.356 25 - 2
    0.3981 0.88 59
    1.0107 0.12 45
  4.4901 29 + 1
    0.8586 1 54
  4.9539 25 - 1
    0.6437 1 62
  5.0464 27 - 2
    0.6904 0.8907 63
    1.0885 0.1093 59
  5.2499 29 + 1
    0.7598 1 64
  5.274 27 - 3
    0.3201 0.2272 65
    0.918 0.6185 63
    1.6425 0.1543 54
  5.3549 3 + 1
    0.3085 1 66
  5.4881 29 - 4
    0.214101 0.11951 68
    0.441701 0.756761 66
    0.998001 0.059975 64
    1.1321 0.063755 63
  5.6202 29 - 4
    0.346201 0.111803 68
    0.573801 0.66112 66
    1.1301 0.075672 64
    1.2642 0.151405 63
  5.8906 31 - 1
    0.402499 1 70
  6.0028 5 + 2
    0.6479 0.5 69
    0.9564 0.5 66
  6.0211 31 - 2
    0.4009 0.7056 71
    0.533 0.2944 70
  6.1255 3 + 1
    0.7706 1 69
  6.3818 33 - 2
    0.360699 0.2014 74
    0.4912 0.7986 72
  6.5861 33 - 2
    0.565 0.6627 74
    0.695501 0.3373 72
  7.0559 35 - 2
    0.469799 0.5727 77
    0.6741 0.4273 76
  7.1064 35 - 1
    0.7246 1 76
  7.5529 37 - 1
    0.497 1 78
  7.7398 7 + 1
    0.6334 1 79
  7.8008 33 + 2
    1.7797 0.5 74
    1.9102 0.5 72
  8.0968 35 + 2
    0.296 0.5 82
    1.5107 0.5 77
  8.4792 39 - 2
    0.7394 0.5 81
    0.9263 0.5 80
  8.5524 37 + 2
    0.455601 0.5 83
    1.4965 0.5 78
  8.5616 5 + 1
    0.8218 1 81
  8.9165 3 + 1
    1.3636 1 80
  9.1306 39 + 2
    0.578199 0.5 85
    1.5777 0.5 80
  9.2974 41 - 2
    0.7358 0.5 86
    0.8182 0.5 84
  9.4566 41 + 1
    0.9774 1 84
  9.6464 41 + 2
    0.5158 0.5 88
    1.1672 0.5 84
  10.1514 43 + 1
    0.505001 1 91
  10.1964 43 - 1
    0.899001 1 89
  10.554 45 + 2
    1.0974 0.5 90
    1.6375 0.5 87
  10.8234 45 + 1
    0.671999 1 92
  11.7864 47 + 1
    0.963001 1 95
  11.8401 49 + 1
    1.2861 1 94
  13.3451 53 + 1
    1.505 1 97
  15.2831 57 + 1
    1.938 1 98

49 106 38
  0 14 + 0
  0.0286 4 + 1
    0.0286 1 0
  0.1232 6 + 1
    0.1232 1 0
  0.14718 14 + 1
    0.14718 1 0
  0.1511 4 + 1
    0.1225 1 1
  0.2037 6 + 1
    0.0526 1 4
  0.2236 10 + 1
    0.1004 1 2
  0.253 6 + 3
    0.0493 0.380908 5
    0.1019 0.076482 4
    0.2244 0.542611 1
  0.3062 8 + 1
    0.1551 1 4
  0.39 12 - 2
    0.0838 0.5 8
    0.2668 0.5 2
  0.5063 2 + 3
    0.2533 0.485924 7
    0.3552 0.017051 4
    0.4777 0.497025 1
  0.7533 2 - 4
    0.247 0.25 10
    0.4471 0.25 8
    0.6022 0.25 4
    0.7247 0.25 1
  0.7589 8 - 2
    0.3689 0.5 9
    0.5353 0.5 6
  0.82052 16 + 2
    0.67334 0.7045 3
    0.82052 0.2955 0
  0.893 2 + 2
    0.3867 0.6201 10
    0.8644 0.3799 1
  1.11762 16 + 2
    0.97044 0.4873 3
    1.11762 0.5127 0
  1.2187 2 + 3
    0.3257 0.1101 14
    0.7124 0.376 10
    1.1901 0.5139 1
  1.30708 18 + 1
    1.30708 1 0
  1.40682 18 + 1
    0.5863 1 13
  1.41936 16 - 2
    1.27218 0.04489 3
    1.41936 0.95511 0
  1.6022 2 + 1
    1.0959 1 10
  1.6283 18 - 2
    0.20894 0.904127 19
    0.51068 0.095873 15
  1.71369 20 + 2
    0.30687 0.3224 18
    0.40661 0.6776 17
  1.9253 2 + 1
    1.419 1 10
  1.95696 22 + 1
    0.24327 1 22
  2.14841 20 - 1
    0.52011 1 21
  2.17421 22 + 1
    0.46052 1 22
  2.73088 22 - 2
    0.58247 0.937437 25
    1.10258 0.062563 21
  3.18219 24 - 2
    0.45131 0.909773 27
    1.03378 0.090227 25
  3.217 24 - 1
    0.48612 1 27
  3.45693 26 - 2
    0.23993 0.1289 29
    0.27474 0.8711 28
  3.63881 26 - 2
    0.42181 0.6583 29
    0.45662 0.3417 28
  3.78323 28 - 1
    0.3263 1 30
  4.0071 28 - 1
    0.36829 1 31
  4.33158 30 - 1
    0.54835 1 32
  4.4864 30 - 1
    0.4793 1 33
  4.9803 32 - 1
    0.4939 1 35
  5.4832 34 - 1
    0.502901 1 36

49 107 63
  0 9 + 0
  0.6785 1 - 1
    0.6785 1 0
  1.00125 11 + 1
    1.00125 1 0
  1.1071 3 - 1
    0.4286 1 1
  1.1293 5 + 1
    1.1293 1 0
  1.1661 1 + 1
    0.4876 1 1
  1.396 5 + 1
    1.396 1 0
  1.4148 13 + 2
    0.41355 0.2723 2
    1.4148 0.7277 0
  1.4233 9 + 2
    0.42205 0.3401 2
    1.4233 0.6599 0
  1.4909 3 + 2
    0.3248 0.074419 5
    0.3616 0.925581 4
  1.5189 3 - 1
    0.8404 1 1
  1.5406 7 - 1
    1.5406 1 0
  1.733 5 + 1
    0.6037 1 4
  1.8056 5 - 2
    0.6763 0.091 4
    1.8056 0.909 0
  1.84 1 + 2
    0.7107 0.5 4
    0.7329 0.5 3
  1.8536 17 + 1
    0.4388 1 7
  1.8646 7 - 1
    0.7575 1 3
  1.9105 7 - 2
    0.8034 0.5624 3
    1.9105 0.4376 0
  1.9373 3 - 1
    0.808 1 4
  1.9413 1 + 1
    0.4504 1 9
  1.9727 9 - 1
    0.97145 1 2
  2.004 19 + 1
    0.1504 1 15
  2.2 7 - 2
    1.0929 0.5 3
    2.2 0.5 0
  2.29 5 - 2
    0.7991 0.5 9
    1.6115 0.5 1
  2.3148 11 - 3
    0.9188 0.131 6
    1.1855 0.5952 4
    2.3148 0.2738 0
  2.3202 3 - 1
    0.3162 1 21
  2.34 7 - 2
    1.2329 0.5 3
    2.34 0.5 0
  2.395 5 + 2
    1.2879 0.5 3
    2.395 0.5 0
  2.4168 9 - 1
    0.0966 1 25
  2.4312 3 + 1
    0.4272 1 21
  2.4655 15 - 3
    1.0695 0.5435 6
    1.3362 0.288 4
    2.4655 0.1685 0
  2.705 7 + 2
    1.2141 0.5 9
    1.70375 0.5 2
  2.7952 21 + 1
    0.7912 1 21
  2.889 5 - 1
    1.0354 1 15
  3.2238 11 - 6
    1.3592 0.168815 16
    1.7329 0.075327 9
    2.0945 0.228621 4
    2.1167 0.257123 3
    2.5453 0.259723 1
    3.2238 0.010391 0
  3.2833 19 - 2
    1.2793 0.088427 21
    1.4297 0.911573 15
  3.3147 3 + 2
    0.5195 0.927372 32
    1.3107 0.072628 21
  3.4422 21 - 4
    0.1589 0.354414 35
    0.5532 0.112505 33
    0.647 0.044062 32
    1.4382 0.48902 21
  3.537 21 - 2
    0.7418 0.1072 32
    1.533 0.8928 21
  3.6462 23 - 3
    0.1092 0.039252 38
    0.204 0.750638 37
    0.851 0.210111 32
  3.7426 5 + 1
    0.9474 1 32
  3.752 7 + 2
    0.4687 0.6579 35
    1.748 0.3421 21
  3.8524 9 + 1
    1.5322 1 25
  3.9461 23 - 1
    0.4091 1 38
  4.0392 25 - 1
    0.393 1 39
  4.103 3 + 2
    0.351 0.1935 41
    0.6608 0.8065 37
  4.213 25 - 1
    0.2669 1 43
  4.6506 27 - 1
    0.6114 1 44
  4.723 27 - 1
    0.51 1 46
  4.787 5 + 1
    1.0444 1 40
  4.89 7 + 1
    0.677 1 46
  4.902 29 - 1
    0.2514 1 47
  5.075 1 + 1
    0.288 1 49
  5.1827 29 - 2
    0.532101 0.8778 47
    1.1435 0.1222 44
  5.211 29 - 1
    0.488 1 48
  5.502 3 + 1
    0.427 1 52
  5.566 31 - 2
    0.383299 0.7538 53
    0.664 0.2462 51
  5.655 31 - 1
    0.444 1 54
  6.07 33 - 1
    0.504 1 56
  6.989 33 + 1
    1.334 1 57
  9.402 5 + 2
    8.2949 0.5 3
    9.402 0.5 0
  9.815 1 + 2
    8.6857 0.5 4
    8.7079 0.5 3
  10.079 3 + 2
    8.5881 0.5 9
    9.4005 0.5 1

49 108 145
  0 14 + 0
  0.02975 4 + 1
    0.02975 1 0
  0.09691 12 + 1
    0.09691 1 0
  0.1508 14 + 1
    0.1508 1 0
  0.19836 6 + 1
    0.16861 1 1
  0.2307 8 + 1
    0.03234 1 4
  0.24767 12 + 2
    0.15076 0.097627 2
    0.24767 0.902373 0
  0.26602 6 + 1
    0.23627 1 1
  0.28887 10 + 2
    0.0412 0.3487 6
    0.05817 0.6513 5
  0.30249 4 + 3
    0.03647 0.066953 7
    0.10413 0.282114 4
    0.27274 0.650933 1
  0.48155 8 + 2
    0.21553 0.6961 7
    0.28319 0.3039 4
  0.59842 2 - 2
    0.11687 0.1504 10
    0.35075 0.8496 6
  0.63293 2 - 3
    0.34406 0.314716 8
    0.36691 0.59383 7
    0.43457 0.091455 4
  0.68162 0 - 2
    0.43395 0.3421 6
    0.45092 0.6579 5
  0.69885 2 + 3
    0.39636 0.741659 9
    0.50049 0.010021 4
    0.6691 0.24832 1
  0.76425 4 - 3
    0.49823 0.6966 7
    0.56589 0.1601 4
    0.7345 0.1433 1
  0.80776 16 + 1
    0.65696 1 3
  0.86795 6 - 3
    0.56546 0.693979 9
    0.60193 0.042329 7
    0.66959 0.263692 4
  0.90442 14 - 2
    0.75362 0.7369 3
    0.90442 0.2631 0
  0.9571 16 + 1
    0.9571 1 0
  0.98234 4 - 1
    0.50079 1 10
  1.01009 8 - 4
    0.37716 0.022089 12
    0.52854 0.039758 10
    0.74407 0.20179 7
    0.98034 0.736363 1
  1.02824 6 - 3
    0.54669 0.356089 10
    0.76222 0.583782 7
    0.82988 0.060128 4
  1.03742 10 - 2
    0.55587 0.3631 10
    0.78975 0.6369 6
  1.07041 4 - 4
    0.30616 0.125392 15
    0.76792 0.320981 9
    0.80439 0.50147 7
    0.87205 0.052157 4
  1.08614 2 - 1
    0.83847 1 6
  1.09477 6 - 5
    0.39592 0.271897 14
    0.79228 0.223898 9
    0.82875 0.140799 7
    0.89641 0.04351 4
    1.06502 0.319897 1
  1.10982 8 - 6
    0.47689 0.015379 12
    0.62827 0.166692 10
    0.80733 0.288486 9
    0.8438 0.320484 7
    0.91146 0.080766 4
    1.08007 0.128194 1
  1.11382 4 + 4
    0.24587 0.024368 17
    0.41497 0.097493 14
    0.81133 0.658754 9
    0.8478 0.219385 7
  1.11694 10 - 2
    0.918575 0.4652 4
    1.08719 0.5348 1
  1.11949 16 - 3
    0.31173 0.0166 16
    0.96869 0.067772 3
    1.11949 0.915627 0
  1.1587 6 + 4
    0.67715 0.1057 10
    0.85621 0.3455 9
    0.89268 0.2846 7
    0.96034 0.2642 4
  1.16694 2 + 1
    0.40269 1 15
  1.17846 8 - 2
    0.41421 0.97752 15
    0.9801 0.02248 4
  1.18344 0 + 4
    0.48459 0.24101 14
    0.88095 0.560522 9
    0.98508 0.024661 4
    1.15369 0.173807 1
  1.19144 2 + 5
    0.49259 0.192995 14
    0.88895 0.564285 9
    0.92542 0.038359 7
    0.99308 0.003666 4
    1.16169 0.200695 1
  1.21268 4 - 2
    0.94666 0.2366 7
    1.01432 0.7634 4
  1.26071 6 - 4
    0.62778 0.059881 12
    0.77916 0.113802 10
    0.95822 0.227505 9
    0.99469 0.598812 7
  1.26646 4 + 2
    0.50221 0.4624 15
    0.96397 0.5376 9
  1.27052 8 - 3
    0.63759 0.1697 12
    0.6721 0.6061 11
    0.78897 0.2242 10
  1.294 10 + 1
    0.69558 1 11
  1.30974 6 - 4
    0.61089 0.475291 14
    1.00725 0.308894 9
    1.04372 0.039919 7
    1.11138 0.175896 4
  1.31494 2 + 2
    0.55069 0.946072 15
    1.04892 0.053928 7
  1.33279 18 - 1
    0.2133 1 30
  1.3581 4 + 3
    0.72517 0.1503 12
    1.05561 0.578 9
    1.09208 0.2717 7
  1.39659 18 + 3
    0.58883 0.068389 16
    1.24579 0.090819 3
    1.39659 0.840792 0
  1.40145 6 - 5
    0.21801 0.096973 34
    0.29163 0.303009 27
    0.39136 0.169705 21
    1.13543 0.157605 7
    1.20309 0.272708 4
  1.41085 8 - 2
    1.10836 0.4475 9
    1.14483 0.5525 7
  1.41574 4 + 3
    0.65149 0.811049 15
    1.14972 0.105406 7
    1.21738 0.083545 4
  1.42256 0 - 1
    0.94101 1 10
  1.45676 2 + 3
    0.75791 0.523569 14
    1.15427 0.408376 9
    1.2584 0.068056 4
  1.46933 6 - 2
    0.60138 0.2754 17
    1.16684 0.7246 9
  1.48631 10 + 2
    0.31937 0.1468 32
    1.18382 0.8532 9
  1.4979 8 - 2
    0.33096 0.5181 32
    0.73365 0.4819 15
  1.53207 4 + 1
    1.22958 1 9
  1.54293 12 - 3
    0.84408 0.4386 14
    1.24044 0.1491 9
    1.27691 0.4123 7
  1.55563 6 + 2
    1.25314 0.8403 9
    1.28961 0.1597 7
  1.55716 18 + 2
    0.7494 0.7649 16
    1.40636 0.2351 3
  1.56288 2 - 2
    0.86403 0.090909 14
    1.26039 0.909091 9
  1.59029 4 - 1
    1.2878 1 9
  1.61207 8 + 2
    0.84782 0.8264 15
    1.30958 0.1736 9
  1.6296 6 - 2
    0.76165 0.2481 17
    0.93075 0.7519 14
  1.63363 22 + 1
    0.23704 1 45
  1.7073 18 + 1
    0.7502 1 19
  1.8619 20 - 1
    0.52911 1 43
  2.07784 18 - 1
    0.95835 1 30
  2.0852 22 - 1
    0.2233 1 64
  2.25353 4 + 2
    0.6199 0.5 62
    0.85694 0.5 45
  2.3644 18 - 2
    0.6571 0.5 63
    1.24491 0.5 30
  2.36817 20 - 5
    0.29033 0.1606 65
    0.50627 0.271 64
    0.97158 0.1858 45
    1.03538 0.2587 43
    1.24868 0.1239 30
  2.4074 24 - 1
    0.3222 1 66
  2.4312 2 + 1
    1.09841 1 43
  2.43946 20 - 4
    0.36162 0.146185 65
    0.57756 0.117588 64
    1.04287 0.413459 45
    1.10667 0.322768 43
  2.46654 22 - 2
    0.60464 0.954362 64
    1.13375 0.045638 43
  2.51501 20 - 3
    0.95785 0.04709 57
    1.18222 0.547705 43
    1.39552 0.405204 30
  2.61714 6 + 2
    2.35112 0.5 7
    2.41878 0.5 4
  2.62058 24 + 1
    0.98695 1 62
  2.66204 22 - 5
    0.14703 0.661874 74
    0.29387 0.054988 69
    0.80014 0.032459 64
    1.02841 0.022989 62
    1.32925 0.227691 43
  2.6959 22 - 1
    0.834 1 64
  2.761 4 + 2
    2.5303 0.5 5
    2.73125 0.5 1
  2.81545 24 - 2
    0.15341 0.8632 77
    0.34891 0.1368 73
  2.8209 26 - 1
    0.4135 1 70
  2.87944 22 - 3
    0.51127 0.721222 69
    0.62591 0.205606 67
    1.01754 0.073172 64
  3.00845 24 - 2
    0.54191 0.8777 73
    1.14655 0.1223 64
  3.01016 8 + 1
    0.5707 1 72
  3.04626 26 - 1
    0.23081 1 80
  3.06438 26 + 1
    0.4438 1 76
  3.10291 24 - 3
    0.22347 0.620231 82
    0.34191 0.033452 79
    1.46928 0.346317 62
  3.27418 24 - 1
    0.83472 1 72
  3.3822 28 - 1
    0.33594 1 85
  3.4038 28 - 1
    0.35754 1 85
  3.42517 26 - 2
    0.32226 0.924828 87
    0.80459 0.075172 76
  3.44636 26 - 1
    0.43791 1 83
  3.54814 22 - 1
    1.10868 1 72
  3.64396 26 - 1
    0.63551 1 83
  3.6764 30 - 1
    0.2942 1 89
  3.82829 30 - 1
    0.78203 1 85
  3.83887 28 - 1
    0.4137 1 91
  3.877 30 - 1
    0.4732 1 90
  3.91024 30 - 2
    0.52804 0.940991 89
    0.86398 0.059009 85
  3.97226 28 - 1
    0.926 1 85
  4.0512 30 - 1
    0.77702 1 88
  4.10122 26 + 2
    0.553081 0.2908 93
    0.827041 0.7092 88
  4.1355 6 + 1
    1.25606 1 82
  4.26566 28 - 1
    0.99148 1 88
  4.33075 26 + 1
    1.5153 1 80
  4.3499 28 + 1
    0.51103 1 97
  4.38286 30 - 1
    0.4106 1 100
  4.40809 30 + 1
    1.34371 1 86
  4.4419 32 - 1
    0.5649 1 98
  4.4649 28 + 1
    0.62603 1 97
  4.47137 30 - 1
    0.6325 1 97
  4.48574 32 - 1
    0.575501 1 99
  4.4953 4 + 1
    0.58506 1 99
  4.51694 28 + 2
    0.18619 0.2165 105
    1.47068 0.7835 85
  4.57145 32 - 1
    0.66121 1 99
  4.6984 34 - 1
    0.2565 1 109
  4.77301 30 + 2
    0.25607 0.5809 114
    1.39081 0.4191 89
  4.87905 30 + 2
    0.61339 0.1533 104
    0.777829 0.8467 102
  5.07701 32 - 1
    1.69481 1 89
  5.13027 32 + 1
    0.35726 1 117
  5.15685 34 - 1
    0.5854 1 115
  5.18615 4 + 1
    0.3071 1 118
  5.4925 34 - 2
    0.41549 0.8861 119
    1.58226 0.1139 99
  5.53781 6 + 1
    1.70952 1 96
  5.60373 34 + 2
    0.47346 0.5021 120
    1.77544 0.4979 96
  5.7074 34 + 1
    0.82835 1 118
  5.8072 34 + 1
    0.92815 1 118
  5.8928 36 - 1
    0.73595 1 121
  5.9545 36 - 1
    0.462 1 123
  6.16859 36 + 2
    0.56486 0.8626 125
    1.03832 0.1374 120
  6.4478 38 - 1
    0.4933 1 129
  6.58773 36 + 1
    0.984 1 125
  6.61165 38 + 2
    0.80445 0.5 127
    0.90425 0.5 126
  6.71096 38 + 2
    0.54237 0.8118 130
    1.10723 0.1882 125
  7.21264 38 + 1
    1.60891 1 125
  7.23496 40 + 1
    0.524 1 134
  7.28696 40 + 1
    0.576 1 134
  7.61406 42 + 1
    1.00241 1 133
  7.7476 4 + 1
    1.15987 1 132
  7.831 42 + 1
    0.59604 1 136
  8.0156 42 + 1
    0.72864 1 137
  8.5581 44 + 1
    0.5425 1 141
  8.5713 44 + 1
    0.740301 1 140
  8.79306 46 + 1
    1.179 1 138

49 109 96
  0 9 + 0
  0.6501 1 - 1
    0.6501 1 0
  0.9814 3 - 1
    0.3313 1 1
  1.0264 11 + 1
    1.0264 1 0
  1.0992 5 + 2
    0.1178 0.002206 2
    1.0992 0.997794 0
  1.1721 3 + 1
    0.522 1 1
  1.3208 7 + 3
    0.2216 0.005249 4
    0.3394 0.02097 2
    1.3208 0.973782 0
  1.4283 13 + 2
    0.4019 0.1888 3
    1.4283 0.8112 0
  1.4414 5 - 2
    0.46 0.1157 2
    0.7913 0.8843 1
  1.4636 9 + 2
    0.4372 0.4647 3
    1.4636 0.5353 0
  1.4822 3 - 2
    0.383 0.908864 4
    0.5008 0.091136 2
  1.5285 5 + 2
    0.3564 0.0833 5
    0.4293 0.9167 4
  1.5739 13 - 1
    1.5739 1 0
  1.7129 9 + 3
    0.2846 0.118088 7
    0.6137 0.569743 4
    1.7129 0.312169 0
  1.7223 7 + 2
    0.6231 0.6721 4
    1.7223 0.3279 0
  1.7592 7 - 2
    0.4384 0.6415 6
    0.66 0.3585 4
  1.8168 1 - 4
    0.3754 0.04831 8
    0.496 0.217398 6
    0.8354 0.483095 2
    1.1667 0.251197 1
  1.9013 5 - 1
    0.8749 1 3
  1.9569 3 - 4
    0.4284 0.095519 11
    0.7848 0.140413 5
    0.9755 0.561851 2
    1.9569 0.202218 0
  2.0552 11 - 1
    2.0552 1 0
  2.0644 7 - 1
    1.083 1 2
  2.1018 19 + 1
    0.6735 1 7
  2.1259 5 - 2
    1.0267 0.793 4
    2.1259 0.207 0
  2.1383 3 + 4
    0.1814 0.006389 18
    0.8175 0.059091 6
    1.0391 0.49211 4
    1.4882 0.442409 1
  2.1513 1 - 3
    0.7099 0.6369 8
    1.1699 0.1338 2
    1.5012 0.2293 1
  2.1952 15 + 1
    0.7669 1 7
  2.2185 7 - 5
    0.2616 0.066713 18
    0.4017 0.019351 16
    0.8977 0.200108 6
    1.1193 0.667127 4
    2.2185 0.046702 0
  2.2358 5 + 2
    0.5229 0.7353 13
    2.2358 0.2647 0
  2.271 9 - 2
    1.2896 0.2481 2
    1.6209 0.7519 1
  2.2722 13 - 1
    1.2458 1 3
  2.2765 3 + 2
    1.2501 0.5 3
    2.2765 0.5 0
  2.3053 1 + 2
    1.2061 0.4475 4
    1.6552 0.5525 1
  2.322 15 - 2
    0.4207 0.4444 17
    0.8937 0.5556 7
  2.3562 7 + 2
    0.597 0.2754 15
    1.3748 0.7246 2
  2.411 5 - 4
    0.4541 0.187 18
    0.5942 0.0935 16
    1.2389 0.4065 5
    1.4296 0.313 2
  2.468 3 + 2
    0.2495 0.2366 26
    0.9395 0.7634 11
  2.5085 11 - 3
    1.1877 0.1823 6
    1.4093 0.5208 4
    1.8584 0.2969 1
  2.5324 15 - 2
    0.2602 0.067737 29
    1.1041 0.932263 7
  2.5418 5 + 5
    0.8289 0.194902 13
    1.0782 0.01772 9
    1.221 0.03367 6
    1.4426 0.163002 4
    2.5418 0.590706 0
  2.5609 3 + 3
    1.4617 0.1493 4
    1.5795 0.14 2
    1.9108 0.7107 1
  2.5642 7 - 1
    2.5642 1 0
  2.5748 9 + 1
    2.5748 1 0
  2.5916 1 - 9
    0.3731 0.045089 26
    0.4533 0.029179 23
    0.4657 0.029179 22
    0.8693 0.129996 14
    1.0631 0.090187 11
    1.128 0.265292 9
    1.4924 0.254592 4
    1.5652 0.045089 3
    2.5916 0.111397 0
  2.6027 5 + 2
    0.8804 0.885 14
    2.6027 0.115 0
  2.617 7 - 3
    0.4787 0.165398 23
    0.8578 0.751893 15
    2.617 0.082709 0
  2.7854 7 + 5
    1.0725 0.033106 13
    1.2115 0.133485 12
    1.4646 0.493846 6
    1.6862 0.102689 4
    2.7854 0.236874 0
  2.8087 9 - 2
    1.7095 0.115 4
    2.1586 0.885 1
  2.8132 3 + 2
    1.054 0.6173 15
    2.8132 0.3827 0
  2.8455 3 + 5
    0.5402 0.064365 31
    0.8886 0.197386 18
    1.2716 0.150189 12
    1.5247 0.158889 6
    2.1954 0.42917 1
  2.8519 5 - 5
    1.0927 0.34681 15
    1.1296 0.056452 14
    1.3883 0.153205 9
    1.8255 0.403212 3
    2.8519 0.040321 0
  2.8586 1 - 3
    0.7327 0.2289 22
    1.7594 0.4016 4
    2.8586 0.3695 0
  2.8687 17 - 2
    0.3363 0.8831 37
    0.5467 0.1169 32
  2.871 5 + 9
    0.3101 0.042081 39
    0.3625 0.065741 36
    0.46 0.057531 34
    0.7451 0.090402 22
    0.8158 0.143803 19
    1.1581 0.135703 13
    1.6989 0.032051 5
    1.8896 0.410908 2
    2.871 0.02178 0
  2.9198 11 + 1
    2.9198 1 0
  2.9245 9 - 6
    0.9676 0.106205 18
    1.1077 0.106205 16
    1.3506 0.19781 12
    1.6037 0.084254 6
    1.8253 0.139207 4
    1.9431 0.366318 2
  2.9429 5 + 2
    1.9615 0.5747 2
    2.9429 0.4253 0
  2.9579 19 - 2
    0.0892 0.8033 51
    0.8561 0.1967 21
  2.9869 7 + 3
    0.8486 0.2486 23
    1.2277 0.5525 15
    1.5455 0.1989 8
  3.0134 3 - 1
    3.0134 1 0
  3.0297 5 + 8
    0.1587 0.055844 52
    0.2165 0.031422 47
    0.221 0.062854 46
    0.5617 0.048883 35
    1.4558 0.350625 12
    1.9305 0.268819 4
    2.0483 0.157111 2
    3.0297 0.024442 0
  3.0348 1 - 1
    3.0348 1 0
  3.0506 7 + 2
    1.9514 0.2 4
    3.0506 0.8 0
  3.0656 3 - 1
    3.0656 1 0
  3.0673 17 - 1
    0.5349 1 37
  3.092 19 - 2
    0.2233 0.1708 51
    0.9902 0.8292 21
  3.1224 21 - 1
    0.1645 1 56
  3.14 9 + 2
    1.8192 0.813 6
    3.14 0.187 0
  3.2024 21 - 2
    0.1104 0.4269 64
    0.2445 0.5731 56
  3.2738 5 + 1
    0.1514 1 65
  3.2858 19 - 1
    0.2185 1 63
  3.3167 7 + 1
    3.3167 1 0
  3.3609 3 + 1
    3.3609 1 0
  3.3746 19 - 1
    0.4167 1 56
  3.3956 11 + 2
    2.0748 0.4475 6
    3.3956 0.5525 0
  3.4103 23 - 2
    0.2079 0.8593 67
    0.2879 0.1407 65
  3.4185 5 + 2
    2.4371 0.917427 2
    3.4185 0.082572 0
  3.4273 1 + 2
    1.3014 0.966181 22
    3.4273 0.033819 0
  3.4618 23 - 1
    0.3394 1 65
  3.4848 7 + 2
    0.211 0.3631 68
    0.3624 0.6369 65
  3.5171 21 - 1
    0.2313 1 69
  3.8001 25 - 1
    0.3898 1 74
  3.9768 3 + 2
    0.492 0.8333 78
    0.515 0.1667 77
  4.0371 25 - 1
    0.5753 1 77
  4.4738 9 + 1
    0.497 1 81
  4.5083 27 - 2
    0.4712 0.1386 82
    0.7082 0.8614 80
  4.8323 29 - 1
    0.324 1 84
  5.0556 5 + 1
    0.5818 1 83
  5.2415 31 - 1
    0.4092 1 85
  5.4232 3 + 1
    0.367601 1 86
  5.7967 7 + 1
    0.5552 1 87
  5.905 5 + 1
    0.481799 1 88
  6.2589 9 + 1
    0.3539 1 90
  6.3857 3 - 1
    0.589001 1 89
  10.744 1 + 2
    9.6448 0.5 4
    9.7626 0.5 2
  11.053 3 + 2
    9.8809 0.5 5
    10.4029 0.5 1
  11.596 1 + 2
    10.4968 0.5 4
    10.6146 0.5 2

49 110 85
  0 14 + 0
  0.0621 4 + 1
    0.0621 1 0
  0.20239 6 + 1
    0.14029 1 1
  0.3212 8 + 2
    0.11881 0.9773 2
    0.2591 0.0227 1
  0.3341 4 + 2
    0.13171 0.004649 2
    0.272 0.995351 1
  0.34255 2 + 1
    0.28045 1 1
  0.34633 8 + 2
    0.14394 0.963671 2
    0.28423 0.036329 1
  0.36654 10 + 1
    0.04534 1 3
  0.413488 14 + 1
    0.413488 1 0
  0.43716 10 + 3
    0.09083 0.476524 6
    0.11596 0.498225 3
    0.23477 0.025251 2
  0.54125 6 + 5
    0.19492 0.01048 6
    0.20715 0.385708 4
    0.22005 0.01117 3
    0.33886 0.049931 2
    0.47915 0.542711 1
  0.5684 12 + 2
    0.13124 0.028751 9
    0.5684 0.971249 0
  0.71447 16 + 2
    0.300982 0.0843 8
    0.71447 0.9157 0
  0.75648 2 - 3
    0.38994 0.1102 7
    0.41015 0.4064 6
    0.43528 0.4834 3
  0.7748 4 - 5
    0.23355 0.119295 10
    0.43225 0.533479 5
    0.4407 0.106696 4
    0.57241 0.017039 2
    0.7127 0.223491 1
  0.79304 8 + 3
    0.25179 0.529632 10
    0.47184 0.061544 3
    0.59065 0.408825 2
  0.799856 14 - 3
    0.231456 0.01732 11
    0.386368 0.185596 8
    0.799856 0.797084 0
  0.80808 16 - 2
    0.394592 0.3014 8
    0.80808 0.6986 0
  0.85627 12 - 2
    0.28787 0.5153 11
    0.442782 0.4847 8
  0.88642 12 + 2
    0.44926 0.3153 9
    0.472932 0.6847 8
  0.92293 10 + 5
    0.12989 0.133704 15
    0.35453 0.078972 11
    0.55639 0.058002 7
    0.5766 0.132104 6
    0.60173 0.597218 3
  0.95846 6 + 9
    0.16542 0.012401 15
    0.41721 0.094005 10
    0.59192 0.007368 7
    0.61213 0.245613 6
    0.61591 0.039282 5
    0.62436 0.100705 4
    0.63726 0.208711 3
    0.75607 0.140007 2
    0.89636 0.151908 1
  0.97089 8 - 4
    0.42964 0.0699 10
    0.53373 0.2637 9
    0.64969 0.279 3
    0.7685 0.3874 2
  0.98983 4 - 6
    0.21503 0.076202 14
    0.44858 0.069631 10
    0.64728 0.388308 5
    0.65573 0.041551 4
    0.78744 0.186404 2
    0.92773 0.237905 1
  1.00607 10 - 2
    0.1498 0.941753 18
    0.56891 0.058247 9
  1.01787 18 - 1
    0.20979 1 17
  1.02082 12 + 3
    0.45242 0.277411 11
    0.67449 0.034461 6
    1.02082 0.688128 0
  1.0234 6 - 6
    0.2486 0.087054 14
    0.67707 0.097105 6
    0.6893 0.026541 4
    0.7022 0.032362 3
    0.82101 0.110005 2
    0.9613 0.646932 1
  1.04988 4 + 3
    0.70733 0.683307 5
    0.71578 0.077891 4
    0.98778 0.238802 1
  1.06273 10 - 3
    0.69619 0.7153 7
    0.7164 0.1788 6
    0.74153 0.1059 3
  1.11847 2 - 1
    0.75193 1 7
  1.11982 0 - 2
    0.34502 0.2681 14
    0.77727 0.7319 5
  1.13408 6 - 2
    0.35928 0.8264 14
    0.81288 0.1736 3
  1.17623 2 - 5
    0.40143 0.147104 14
    0.8299 0.061272 6
    0.84213 0.111503 4
    0.85503 0.067402 3
    1.11413 0.612718 1
  1.19093 4 - 3
    0.2011 0.08108 23
    0.41613 0.9009 14
    0.85683 0.01802 4
  1.20488 8 - 1
    0.19881 1 24
  1.21683 6 - 3
    0.8705 0.514405 6
    0.88273 0.421804 4
    0.89563 0.063791 3
  1.23005 2 - 2
    0.22398 0.3631 24
    0.88372 0.6369 6
  1.23991 4 + 4
    0.25008 0.135714 23
    0.46511 0.29643 14
    0.90581 0.210721 4
    1.17781 0.357136 1
  1.25491 6 - 2
    0.48011 0.3711 14
    0.91236 0.6289 5
  1.25941 0 + 2
    0.50293 0.1667 13
    0.82225 0.8333 9
  1.28023 2 + 1
    0.48719 1 15
  1.3033 4 - 1
    0.9692 1 4
  1.3907 8 - 1
    0.25662 1 32
  1.44175 6 + 1
    0.87335 1 11
  1.48236 4 - 1
    0.27748 1 35
  1.49401 2 - 1
    0.48794 1 24
  1.50711 6 + 4
    0.50104 0.288171 24
    0.65084 0.256474 18
    1.06995 0.259374 9
    1.14057 0.19598 7
  1.52981 8 + 1
    0.77333 1 13
  1.56177 20 - 2
    0.5439 0.925309 25
    0.75369 0.074691 17
  1.563 4 + 1
    0.35812 1 35
  1.61749 2 - 2
    0.59962 0.3506 25
    0.817634 0.6494 16
  1.69366 6 + 1
    0.18655 1 47
  2.1292 8 - 2
    0.56743 0.4152 49
    1.32112 0.5848 17
  2.17505 22 - 2
    0.61328 0.8551 49
    1.15718 0.1449 25
  2.4926 4 + 1
    0.3634 1 53
  2.5971 24 - 3
    0.1045 0.060568 55
    0.42205 0.862574 54
    1.03533 0.076858 49
  2.7653 24 - 1
    0.59025 1 54
  2.8384 26 - 1
    0.2413 1 56
  3.193 6 + 1
    0.3546 1 58
  3.3743 2 + 1
    0.609 1 57
  3.5131 24 + 1
    1.33805 1 54
  3.7148 4 + 1
    0.5218 1 59
  3.7207 26 + 2
    0.2076 0.7428 61
    0.9554 0.2572 57
  3.9153 8 - 1
    1.3182 1 56
  3.9445 6 - 1
    0.2238 1 63
  4.0803 0 + 2
    0.165 0.3939 64
    1.2419 0.6061 58
  4.2299 4 - 1
    0.2854 1 65
  4.3689 2 + 1
    0.2886 1 66
  4.5324 10 - 1
    0.8176 1 62
  4.599 6 + 1
    0.3691 1 67
  4.8015 8 - 1
    0.4326 1 68
  5.0861 4 + 1
    0.4871 1 70
  5.2825 2 - 1
    0.481 1 71
  5.6495 6 + 1
    0.367 1 73
  5.652 4 - 1
    0.5659 1 72
  8.768 0 + 2
    8.4339 0.5 4
    8.7059 0.5 1
  9.438 4 + 2
    9.1168 0.5 3
    9.3759 0.5 1
  10.268 8 - 2
    9.90146 0.5 7
    10.0656 0.5 2
  10.568 10 - 2
    10.2217 0.5 6
    10.2468 0.5 3
  10.858 6 - 2
    10.5368 0.5 3
    10.7959 0.5 1
  11.068 8 + 2
    10.7468 0.5 3
    11.0059 0.5 1
  11.268 2 + 2
    10.9255 0.5 5
    11.0656 0.5 2
  11.468 6 - 2
    11.1468 0.5 3
    11.4059 0.5 1
  11.768 4 + 2
    11.4468 0.5 3
    11.7059 0.5 1

49 111 203
  0 9 + 0
  0.53699 1 - 1
    0.53699 1 0
  0.80292 3 - 1
    0.26593 1 1
  1.1018 5 + 2
    0.29888 0.0378 2
    1.1018 0.9622 0
  1.15285 11 + 1
    1.15285 1 0
  1.18762 1 + 2
    0.3847 0.006181 2
    0.65063 0.993819 1
  1.21751 5 + 2
    0.41459 0.087809 2
    1.21751 0.912191 0
  1.27969 5 - 2
    0.47677 0.1148 2
    0.7427 0.8852 1
  1.34474 3 + 4
    0.12723 0.008207 6
    0.15712 0.049642 5
    0.24294 0.905739 3
    0.80775 0.036412 1
  1.3506 11 - 1
    1.3506 1 0
  1.40116 13 + 2
    0.24831 0.01052 4
    1.40116 0.98948 0
  1.4617 7 + 1
    1.4617 1 0
  1.50045 7 + 2
    0.39865 0.047262 3
    1.50045 0.952738 0
  1.54262 7 - 3
    0.32511 0.043379 6
    0.44082 0.039549 3
    1.54262 0.917072 0
  1.61008 9 + 2
    0.45723 0.2228 4
    1.61008 0.7772 0
  1.67123 3 - 1
    0.86831 1 2
  1.7526 9 + 4
    0.25215 0.034881 12
    0.59975 0.168203 4
    0.6508 0.420108 3
    1.7526 0.376808 0
  1.83157 5 - 3
    0.28895 0.238476 13
    0.61406 0.437756 6
    0.72977 0.323768 3
  1.84598 7 - 4
    0.56629 0.255915 7
    0.74418 0.089945 3
    1.04306 0.154909 2
    1.84598 0.49923 0
  1.84939 3 - 1
    0.66177 1 5
  1.86684 5 + 3
    0.64933 0.5405 6
    0.67922 0.2063 5
    1.06392 0.2532 2
  1.91488 7 + 5
    0.3048 0.004112 14
    0.37226 0.107292 13
    0.76203 0.373773 4
    0.81308 0.013559 3
    1.91488 0.501264 0
  1.91739 7 + 3
    0.37477 0.1771 13
    0.76454 0.4649 4
    0.81559 0.358 3
  1.919 5 + 2
    1.11608 0.5 2
    1.919 0.5 0
  1.9354 1 - 1
    1.13248 1 2
  1.96963 3 - 1
    1.16671 1 2
  1.99464 15 + 2
    0.59348 0.8478 10
    0.84179 0.1522 4
  2.00262 9 + 2
    0.90082 0.3381 3
    2.00262 0.6619 0
  2.03218 11 + 2
    0.4221 0.082972 14
    0.53173 0.917027 12
  2.03458 5 - 2
    0.53413 0.4384 12
    1.23166 0.5616 2
  2.06701 5 - 2
    1.26409 0.2648 2
    1.53002 0.7352 1
  2.08245 7 - 7
    0.21561 0.101499 20
    0.53983 0.355096 13
    0.582 0.236898 12
    0.86494 0.115099 6
    0.98065 0.076629 3
    1.27953 0.084419 2
    2.08245 0.03036 0
  2.085 1 + 2
    0.9832 0.5 3
    1.28208 0.5 2
  2.09011 5 + 4
    0.90249 0.5239 5
    1.28719 0.2041 2
    1.55312 0.1569 1
    2.09011 0.1151 0
  2.10702 7 + 7
    0.49694 0.046906 14
    0.5644 0.215281 13
    0.60657 0.011149 12
    0.88951 0.039476 6
    0.95417 0.358668 4
    1.00522 0.020448 3
    2.10702 0.308072 0
  2.11225 9 + 2
    0.9594 0.667 4
    2.11225 0.333 0
  2.14207 3 + 5
    0.79733 0.127808 8
    0.92456 0.034462 6
    0.95445 0.081385 5
    1.04027 0.593836 3
    1.60508 0.16251 1
  2.17952 9 + 6
    0.56944 0.041048 14
    0.6369 0.265787 13
    0.96201 0.014599 6
    0.9919 0.293185 5
    1.02667 0.239488 4
    2.17952 0.145893 0
  2.20113 3 + 2
    0.5299 0.6506 15
    1.39821 0.3494 2
  2.21224 5 + 6
    0.60216 0.035431 14
    0.66962 0.035331 13
    0.99473 0.055801 6
    1.05939 0.049821 4
    1.11044 0.204504 3
    2.21224 0.619112 0
  2.22814 13 + 2
    1.07529 0.926009 4
    2.22814 0.073991 0
  2.23525 13 - 2
    0.83409 0.187 10
    1.0824 0.813 4
  2.2385 7 + 1
    0.95881 1 7
  2.24666 7 + 2
    0.63658 0.3874 14
    2.24666 0.6126 0
  2.25943 9 - 3
    0.19242 0.1237 30
    0.25681 0.1085 27
    0.71681 0.7678 13
  2.2645 1 - 1
    1.46158 1 2
  2.27181 5 + 6
    0.2048 0.5575 30
    0.40497 0.05517 20
    1.0543 0.04638 6
    1.08419 0.01528 5
    1.17001 0.2946 3
    1.46889 0.03107 2
  2.28738 7 + 3
    0.35198 0.3861 24
    1.18558 0.2529 3
    2.28738 0.361 0
  2.29073 7 + 4
    0.68065 0.263174 14
    0.74811 0.179782 13
    1.13788 0.19778 4
    2.29073 0.359264 0
  2.29775 3 + 3
    1.08024 0.2623 6
    1.11013 0.5465 5
    1.19595 0.1912 3
  2.31128 3 - 4
    1.03159 0.1304 7
    1.09377 0.2029 6
    1.20948 0.1836 3
    1.50836 0.4831 2
  2.32332 11 - 2
    1.17047 0.1228 4
    2.32332 0.8772 0
  2.34054 1 - 3
    0.84009 0.266373 12
    0.9958 0.467253 8
    1.23874 0.266373 3
  2.3616 9 + 1
    0.86115 1 12
  2.36458 3 - 3
    0.86413 0.549445 12
    1.14707 0.241776 6
    1.82759 0.208779 1
  2.373 5 - 2
    1.09331 0.5 7
    1.83601 0.5 1
  2.40219 15 - 2
    0.16694 0.01982 41
    1.00103 0.98018 10
  2.43981 3 - 1
    1.03865 1 10
  2.46174 17 + 2
    0.4671 0.7422 26
    1.06058 0.2578 10
  2.47965 1 - 7
    0.41264 0.076915 30
    0.63367 0.040487 18
    0.9792 0.042507 12
    1.13491 0.506065 8
    1.19996 0.094123 7
    1.26214 0.076915 6
    1.67673 0.162989 2
  2.52993 5 + 4
    0.98731 0.120012 13
    1.42813 0.120112 3
    1.72701 0.571357 2
    2.52993 0.188519 0
  2.56787 11 - 1
    1.16671 1 10
  2.58085 13 + 2
    0.82825 0.7753 16
    1.17969 0.2247 10
  2.5826 3 - 2
    0.34735 0.5 41
    0.58796 0.5 26
  2.589 5 - 2
    1.30931 0.5 7
    2.05201 0.5 1
  2.60257 1 - 2
    1.20141 0.4286 10
    1.44972 0.5714 4
  2.61387 17 - 3
    0.21168 0.937437 56
    0.61923 0.048452 26
    1.21271 0.014111 10
  2.616 1 + 2
    1.5142 0.5 3
    1.81308 0.5 2
  2.61897 19 - 1
    0.15723 1 58
  2.62036 1 + 4
    0.77097 0.3302 19
    1.40285 0.274 6
    1.81744 0.1847 2
    2.62036 0.2111 0
  2.6473 3 - 1
    1.42979 1 6
  2.65031 15 - 2
    0.41506 0.9693 41
    0.65567 0.0307 26
  2.6594 9 - 2
    1.44189 0.435 6
    1.5576 0.565 3
  2.6754 5 - 1
    1.5736 1 3
  2.688 7 - 2
    1.88508 0.5 2
    2.688 0.5 0
  2.6975 3 - 2
    1.41781 0.4253 7
    2.16051 0.5747 1
  2.69907 5 - 2
    1.29791 0.5 10
    1.54622 0.5 4
  2.7076 15 + 2
    0.47235 0.04951 41
    1.30644 0.95049 10
  2.71679 21 + 1
    0.25505 1 58
  2.7243 7 - 1
    1.44461 1 7
  2.74259 21 - 2
    0.12362 0.965619 68
    0.12872 0.034381 66
  2.74867 15 + 3
    0.52053 0.1077 40
    1.34751 0.595 10
    1.59582 0.2973 4
  2.75991 3 - 1
    1.65811 1 3
  2.76778 5 + 2
    1.58016 0.6135 5
    2.76778 0.3865 0
  2.76904 17 - 3
    0.32923 0.048443 57
    0.36685 0.756945 56
    0.7744 0.194612 26
  2.77232 15 + 3
    0.74014 0.6374 28
    1.37116 0.2291 10
    1.61947 0.1335 4
  2.78016 19 + 2
    0.31842 0.1765 58
    0.78552 0.8235 26
  2.7979 9 - 1
    0.68565 1 35
  2.80247 7 - 2
    1.99955 0.5714 2
    2.80247 0.4286 0
  2.821 3 + 2
    1.54131 0.5 7
    2.28401 0.5 1
  2.82637 17 + 3
    0.38656 0.0709 57
    0.83173 0.2842 26
    1.42521 0.6449 10
  2.83038 13 + 2
    0.46878 0.287 53
    0.7982 0.713 28
  2.8409 5 - 1
    2.03798 1 2
  2.86135 11 - 3
    1.31873 0.375 13
    2.05843 0.2083 2
    2.86135 0.4167 0
  2.886 1 + 2
    1.7842 0.5 3
    2.08308 0.5 2
  2.89284 3 - 1
    0.8982 1 26
  2.90501 17 + 2
    0.19741 0.8055 77
    0.50282 0.1945 56
  2.91928 15 + 2
    1.51812 0.7693 10
    1.76643 0.2307 4
  2.9267 7 - 1
    1.38408 1 13
  2.93515 5 - 1
    2.13223 1 2
  2.94119 9 - 1
    0.539 1 56
  2.9679 3 - 1
    0.56571 1 56
  2.9796 19 - 2
    0.21056 0.7142 84
    0.36063 0.2858 68
  2.9979 5 + 1
    1.81028 1 5
  3.015 1 + 2
    1.9132 0.5 3
    2.21208 0.5 2
  3.02453 23 - 1
    0.28194 1 80
  3.028 1 + 2
    1.9262 0.5 3
    2.22508 0.5 2
  3.03941 17 + 2
    0.5996 0.4152 57
    1.63825 0.5848 10
  3.04131 7 - 2
    1.69657 0.8547 8
    3.04131 0.1453 0
  3.04377 19 - 2
    0.27473 0.6585 84
    0.4299 0.3415 66
  3.06394 5 - 1
    1.87632 1 5
  3.07102 3 + 1
    1.96922 1 3
  3.10464 9 - 2
    1.91702 0.641 5
    2.30172 0.359 2
  3.13005 3 + 2
    2.32713 0.4152 2
    2.59306 0.5848 1
  3.15762 21 - 1
    0.17802 1 102
  3.1642 7 + 1
    2.0624 1 3
  3.1779 5 - 1
    1.89821 1 7
  3.19528 17 + 4
    0.276 0.150015 97
    0.44661 0.444544 81
    0.96714 0.185119 40
    1.20064 0.220322 26
  3.19915 7 - 1
    2.39623 1 2
  3.2092 9 + 1
    0.80701 1 56
  3.2148 5 - 1
    0.49801 1 78
  3.2221 11 + 1
    2.03448 1 5
  3.244 1 + 2
    2.1422 0.5 3
    2.44108 0.5 2
  3.254 1 + 2
    2.1522 0.5 3
    2.45108 0.5 2
  3.2594 3 - 1
    0.54261 1 78
  3.2665 7 - 1
    1.92176 1 8
  3.36336 21 - 2
    0.31959 0.5048 109
    0.74439 0.4952 68
  3.388 5 + 2
    2.58508 0.5 2
    3.388 0.5 0
  3.4053 3 - 1
    2.12561 1 7
  3.42563 19 - 3
    0.38186 0.1667 109
    0.80666 0.4992 68
    1.02344 0.3341 56
  3.43625 17 + 2
    0.60587 0.8265 91
    0.66393 0.1735 85
  3.45326 23 - 2
    0.29564 0.935572 114
    0.42873 0.064428 105
  3.46113 19 + 5
    0.42172 0.02302 107
    0.63476 0.092192 90
    0.99939 0.735615 58
    1.02132 0.057301 57
    1.46649 0.091872 26
  3.46634 25 - 1
    0.44181 1 105
  3.56558 19 + 4
    0.3703 0.40318 117
    0.6463 0.231088 97
    0.81691 0.099445 81
    1.10384 0.266287 58
  3.58296 23 - 1
    0.2196 1 126
  3.58863 21 + 8
    0.1275 0.419892 132
    0.5641 0.056699 105
    0.60903 0.036679 102
    0.76226 0.01001 90
    0.80847 0.046719 86
    0.87184 0.066729 78
    0.96966 0.029979 68
    1.12689 0.333293 58
  3.59994 19 + 1
    0.82762 1 85
  3.7076 23 + 4
    0.11897 0.549495 136
    0.54998 0.072709 114
    0.96501 0.271297 80
    0.99081 0.106499 78
  3.86508 23 + 1
    1.08492 1 86
  3.90754 21 + 3
    0.34196 0.2521 134
    0.71226 0.3208 117
    1.12738 0.4271 86
  3.91192 25 + 2
    0.20432 0.919354 138
    0.88739 0.080646 105
  3.97115 21 + 3
    0.40557 0.5026 134
    0.77587 0.2986 117
    1.19099 0.1988 86
  4.01896 25 - 1
    0.5657 1 131
  4.10959 25 + 1
    1.3928 1 78
  4.1259 25 - 1
    1.38331 1 80
  4.13266 21 + 1
    0.69641 1 130
  4.20458 27 - 1
    0.73824 1 133
  4.28328 27 + 1
    0.37136 1 141
  4.31031 25 + 3
    0.33916 0.612155 142
    0.40277 0.315328 140
    0.44523 0.072517 139
  4.39537 23 + 1
    0.79543 1 137
  4.47329 27 - 3
    0.34739 0.090391 145
    1.00695 0.387004 133
    1.44876 0.522605 105
  4.50105 23 + 1
    0.90111 1 137
  4.74546 27 - 1
    0.7265 1 143
  4.79651 29 + 2
    0.51323 0.961729 148
    0.88459 0.038271 141
  4.82136 25 + 1
    0.6887 1 146
  4.87328 27 + 2
    0.47791 0.3109 150
    0.56297 0.6891 149
  4.8844 27 + 1
    0.77481 1 144
  4.91773 29 - 2
    0.71315 0.6808 147
    1.45139 0.3192 133
  4.93178 27 + 4
    0.6485 0.286229 148
    0.82219 0.170717 144
    1.01986 0.146715 141
    1.22418 0.39634 138
  4.95706 29 + 1
    0.64675 1 149
  4.97286 23 + 1
    0.8402 1 146
  5.08484 29 - 2
    0.61155 0.317 151
    0.88026 0.683 147
  5.1666 29 + 3
    0.23482 0.6139 159
    0.2822 0.1579 157
    1.25468 0.2282 141
  5.33151 31 + 2
    0.535 0.8553 154
    1.04823 0.1447 148
  5.3986 31 + 1
    0.232001 1 163
  5.40214 31 - 1
    0.317301 1 162
  5.50979 31 + 1
    0.63651 1 156
  5.58606 29 + 1
    0.764701 1 155
  5.67034 33 - 1
    0.268199 1 166
  5.6779 33 + 1
    0.279299 1 165
  5.6909 31 - 1
    0.77317 1 158
  5.78386 27 + 1
    0.811 1 161
  5.87787 33 + 3
    0.546361 0.738915 164
    0.920811 0.02428 160
    1.08136 0.236805 154
  5.8915 33 + 3
    0.55999 0.660134 164
    0.93444 0.125587 160
    1.09499 0.214279 154
  6.03746 31 + 1
    1.0804 1 160
  6.0508 35 + 1
    0.3729 1 170
  6.07024 35 - 1
    0.3999 1 169
  6.4329 33 + 1
    0.846839 1 168
  6.5379 37 + 1
    0.4871 1 176
  6.70076 35 + 1
    0.6633 1 175
  7.04424 37 + 2
    1.15274 0.6803 174
    1.16637 0.3197 173
  7.175 39 + 1
    0.6371 1 179
  7.2804 37 + 1
    0.8475 1 178
  7.6058 39 + 1
    0.90504 1 180
  7.9169 41 + 1
    0.7419 1 182
  8.1832 41 + 1
    0.902801 1 183
  8.3356 41 + 1
    1.29136 1 181
  8.6809 43 + 1
    0.764001 1 185
  8.8114 43 + 1
    1.2056 1 184
  9.2138 45 + 1
    1.0306 1 186
  10.4329 49 + 1
    1.2191 1 190
  11.772 5 - 2
    10.4923 0.5 7
    11.235 0.5 1
  11.8683 53 + 1
    1.4354 1 191
  12.036 5 - 2
    10.7563 0.5 7
    11.499 0.5 1
  12.142 3 - 2
    11.0402 0.5 3
    11.3391 0.5 2
  12.403 7 - 2
    11.6001 0.5 2
    12.403 0.5 0
  12.503 5 - 2
    11.2233 0.5 7
    11.966 0.5 1
  12.64 3 - 2
    11.5382 0.5 3
    11.8371 0.5 2
  12.826 7 - 2
    12.0231 0.5 2
    12.826 0.5 0
  12.965 5 - 2
    11.6853 0.5 7
    12.428 0.5 1
  13.1 3 - 2
    11.9982 0.5 3
    12.2971 0.5 2
  13.5028 57 + 1
    1.6345 1 193

49 112 66
  0 2 + 0
  0.15659 8 + 1
    0.15659 1 0
  0.1629 10 + 1
    0.00631 1 1
  0.206701 4 + 1
    0.206701 1 0
  0.35076 14 + 1
    0.18786 1 2
  0.42 6 + 2
    0.2571 0.5 2
    0.42 0.5 0
  0.45646 4 + 1
    0.249759 1 3
  0.56281 10 + 2
    0.39991 0.3244 2
    0.40622 0.6756 1
  0.59211 8 + 3
    0.13565 0.937094 6
    0.385409 0.004046 3
    0.42921 0.05886 2
  0.59492 4 + 3
    0.13846 0.01219 6
    0.388219 0.263203 3
    0.59492 0.724607 0
  0.61369 16 - 1
    0.26293 1 4
  0.622 6 - 2
    0.415299 0.5 3
    0.46541 0.5 1
  0.62436 14 - 1
    0.2736 1 4
  0.648 2 - 2
    0.19154 0.5 6
    0.441299 0.5 3
  0.67021 12 + 1
    0.31945 1 4
  0.67626 12 - 1
    0.0519 1 12
  0.72894 2 - 2
    0.522239 0.086837 3
    0.72894 0.913163 0
  0.760045 6 + 3
    0.303585 0.059172 6
    0.553344 0.427013 3
    0.603455 0.513815 1
  0.79024 14 + 2
    0.12003 0.1147 14
    0.43948 0.8853 4
  0.79527 10 + 1
    0.20316 1 8
  0.80059 18 - 1
    0.1869 1 10
  0.82226 10 - 1
    0.146 1 15
  0.83307 10 + 3
    0.27026 0.065539 7
    0.48231 0.851383 4
    0.67017 0.083078 2
  0.866 4 - 2
    0.446 0.5 5
    0.866 0.5 0
  0.88373 6 + 4
    0.28881 0.572352 9
    0.29162 0.018302 8
    0.42727 0.057915 6
    0.72714 0.351432 1
  0.91887 4 - 3
    0.18993 0.1095 16
    0.32395 0.4606 9
    0.91887 0.4299 0
  0.924 8 + 2
    0.717299 0.5 3
    0.76741 0.5 1
  0.92667 6 - 3
    0.19773 0.344597 16
    0.47021 0.064509 6
    0.719969 0.590894 3
  0.92867 0 - 2
    0.19973 0.021061 16
    0.92867 0.978939 0
  0.955 6 + 2
    0.7921 0.5 2
    0.955 0.5 0
  1.003 2 - 2
    0.54654 0.5 6
    0.796299 0.5 3
  1.0074 8 - 1
    0.18514 1 21
  1.03766 0 - 1
    1.03766 1 0
  1.056 10 + 2
    0.70524 0.5 4
    0.8931 0.5 2
  1.06292 4 + 3
    0.302875 0.04479 17
    0.856219 0.197202 3
    1.06292 0.758008 0
  1.117 2 - 2
    0.66054 0.5 6
    0.910299 0.5 3
  1.15096 8 - 1
    0.390915 1 17
  1.21219 4 - 1
    0.29332 1 25
  1.21479 6 - 4
    0.15187 0.111611 34
    0.28612 0.111611 28
    0.28812 0.465147 27
    0.48585 0.311631 16
  1.21726 2 - 2
    0.7608 0.5 6
    1.01056 0.5 3
  1.22152 4 + 2
    0.21412 0.2126 31
    0.76506 0.7874 6
  1.249 8 - 2
    0.829 0.5 5
    1.0861 0.5 2
  1.25087 4 + 2
    0.3242 0.5113 27
    0.52193 0.4887 16
  1.2605 6 - 2
    0.53156 0.4536 16
    1.2605 0.5464 0
  1.27052 2 + 2
    0.675595 0.2 9
    1.06381 0.8 3
  1.27968 8 - 3
    0.82322 0.3802 6
    1.07298 0.2814 3
    1.27968 0.3384 0
  1.28635 6 + 2
    0.22343 0.4709 34
    0.36748 0.5291 25
  1.3124 6 - 1
    0.305 1 31
  1.338 4 + 2
    1.1313 0.5 3
    1.18141 0.5 1
  1.38893 20 - 1
    0.58834 1 20
  1.398 0 + 2
    0.94154 0.5 6
    1.1913 0.5 3
  1.435 2 - 2
    0.97854 0.5 6
    1.2283 0.5 3
  1.473 8 + 2
    1.2663 0.5 3
    1.31641 0.5 1
  1.488 12 - 2
    1.13724 0.5 4
    1.3251 0.5 2
  1.529 4 + 2
    1.3223 0.5 3
    1.37241 0.5 1
  1.608 6 - 2
    1.4013 0.5 3
    1.45141 0.5 1
  1.631 2 + 2
    1.211 0.5 5
    1.631 0.5 0
  1.678 8 - 2
    1.258 0.5 5
    1.5151 0.5 2
  1.708 4 + 2
    1.5013 0.5 3
    1.55141 0.5 1
  1.741 6 - 2
    1.5343 0.5 3
    1.58441 0.5 1
  1.777 0 + 2
    1.32054 0.5 6
    1.5703 0.5 3
  1.872 2 - 2
    1.41554 0.5 6
    1.6653 0.5 3
  1.955 4 + 2
    1.7483 0.5 3
    1.79841 0.5 1
  2.067 8 - 2
    1.647 0.5 5
    1.9041 0.5 2
  2.172 6 + 2
    2.0091 0.5 2
    2.172 0.5 0
  2.234 12 - 2
    1.88324 0.5 4
    2.0711 0.5 2

49 113 159
  0 9 + 0
  0.391699 1 - 1
    0.391699 1 0
  0.64683 3 - 2
    0.255131 0.999998 1
    0.64683 2e-06 0
  1.02428 5 + 2
    0.37745 0.093673 2
    1.02428 0.906327 0
  1.02965 3 + 2
    0.38282 0.062972 2
    0.637951 0.937028 1
  1.06393 3 + 2
    0.4171 0.019651 2
    0.672231 0.980349 1
  1.10646 3 - 2
    0.45963 0.099636 2
    0.714761 0.900364 1
  1.13148 5 + 3
    0.1072 0.019971 3
    0.48465 0.139004 2
    1.13148 0.841025 0
  1.17306 11 + 1
    1.17306 1 0
  1.19112 7 + 2
    0.16684 0.024651 3
    1.19112 0.975349 0
  1.34489 13 + 2
    0.17183 0.02329 8
    1.34489 0.97671 0
  1.35101 11 + 1
    1.35101 1 0
  1.38079 5 - 4
    0.31686 0.341207 5
    0.35114 0.442409 4
    0.73396 0.054281 2
    0.989091 0.162103 1
  1.453 7 - 1
    1.453 1 0
  1.47193 7 - 2
    0.8251 0.6889 2
    1.08023 0.3111 1
  1.49639 7 + 2
    0.47211 0.909727 3
    1.49639 0.090273 0
  1.504 11 + 1
    1.504 1 0
  1.50901 9 + 2
    0.37753 0.066381 7
    1.50901 0.933619 0
  1.53596 1 - 4
    0.34484 0.108111 9
    0.4295 0.10171 6
    0.47203 0.672667 5
    1.14426 0.117512 1
  1.552 9 + 1
    1.552 1 0
  1.56705 7 + 2
    0.39399 0.1258 8
    1.56705 0.8742 0
  1.56958 5 - 2
    0.92275 0.7635 2
    1.17788 0.2365 1
  1.61895 5 + 2
    0.97212 0.1804 2
    1.61895 0.8196 0
  1.63057 9 + 3
    0.45751 0.1669 8
    0.60629 0.3606 3
    1.63057 0.4725 0
  1.634 1 - 2
    0.60435 0.5 4
    1.2423 0.5 1
  1.67549 9 - 3
    0.54401 0.220609 7
    0.65121 0.059662 3
    1.67549 0.719729 0
  1.68417 7 - 1
    1.03734 1 2
  1.68862 11 + 1
    0.4975 1 9
  1.7 1 + 2
    0.67572 0.5 3
    1.05317 0.5 2
  1.70738 3 - 4
    0.5759 0.324474 7
    0.67773 0.175986 4
    0.6831 0.399868 3
    1.31568 0.099672 1
  1.758 9 + 2
    0.73372 0.5 3
    1.758 0.5 0
  1.76027 11 + 1
    0.58721 1 8
  1.76807 5 + 2
    0.73842 0.1639 4
    0.74379 0.8361 3
  1.80232 9 + 5
    0.26636 0.309397 18
    0.33039 0.01878 14
    0.69586 0.152198 6
    1.15549 0.02853 2
    1.80232 0.491095 0
  1.82255 5 + 2
    0.7929 0.937262 4
    1.43085 0.062737 1
  1.83572 1 + 2
    0.16023 0.8293 25
    0.32671 0.1707 17
  1.86536 3 - 1
    0.7589 1 6
  1.91413 3 - 3
    0.34708 0.026009 20
    0.78265 0.077127 7
    0.88985 0.896864 3
  1.92081 5 - 3
    0.78933 0.138686 7
    0.85688 0.222378 5
    0.89653 0.638936 3
  1.93794 7 - 3
    0.83148 0.026858 6
    1.29111 0.866548 2
    1.54624 0.106594 1
  1.94764 15 - 3
    0.84118 0.222978 6
    1.30081 0.675632 2
    1.55594 0.10139 1
  1.98 3 - 2
    0.95572 0.5 3
    1.33317 0.5 2
  1.99915 5 - 3
    0.29177 0.606039 29
    0.80803 0.218178 9
    1.35232 0.175782 2
  2.03276 13 - 1
    1.00311 1 4
  2.03972 7 - 1
    0.8486 1 9
  2.048 3 - 2
    1.02372 0.5 3
    1.40117 0.5 2
  2.05144 5 - 2
    0.94498 0.7519 6
    2.05144 0.2481 0
  2.06404 7 - 1
    1.00011 1 5
  2.07014 1 - 4
    0.59821 0.747355 14
    0.68935 0.141292 12
    1.04049 0.050817 4
    1.42331 0.060536 2
  2.094 17 + 2
    0.14636 0.5 40
    0.74911 0.5 10
  2.09541 3 - 5
    0.38803 0.039411 29
    0.41124 0.192104 26
    0.52836 0.068971 20
    0.96393 0.206904 7
    2.09541 0.49261 0
  2.104 5 + 2
    1.45717 0.5 2
    2.104 0.5 0
  2.116 7 - 2
    1.46917 0.5 2
    2.116 0.5 0
  2.11835 13 + 2
    0.54877 0.086763 21
    0.60934 0.913237 17
  2.14456 5 - 1
    1.11491 1 4
  2.153 1 + 2
    1.12872 0.5 3
    1.50617 0.5 2
  2.1649 3 - 1
    0.99184 1 8
  2.17032 9 + 1
    0.9792 1 9
  2.1808 7 - 1
    0.83591 1 10
  2.18326 5 + 6
    0.61368 0.072731 21
    0.71133 0.054551 14
    1.05178 0.303006 7
    1.0768 0.142403 6
    1.15898 0.160603 3
    1.53643 0.266705 2
  2.19 3 - 2
    1.16572 0.5 3
    1.54317 0.5 2
  2.2248 19 + 1
    1.05174 1 8
  2.2336 15 - 1
    0.88871 1 10
  2.25344 7 + 3
    1.14698 0.081728 6
    1.60661 0.437487 2
    1.86174 0.480786 1
  2.28108 5 - 2
    1.1496 0.1597 7
    1.2568 0.8403 3
  2.2835 17 + 1
    0.93861 1 10
  2.29529 3 - 3
    1.16381 0.24 7
    1.64846 0.4 2
    1.90359 0.36 1
  2.298 1 + 2
    1.27372 0.5 3
    1.65117 0.5 2
  2.33128 9 - 1
    1.307 1 3
  2.33951 7 + 3
    1.23305 0.649335 6
    1.69268 0.233777 2
    1.94781 0.116888 1
  2.346 5 - 2
    1.31635 0.5 4
    1.9543 0.5 1
  2.37168 11 + 1
    1.3474 1 3
  2.376 3 - 2
    1.35172 0.5 3
    1.72917 0.5 2
  2.37822 9 + 3
    0.75927 0.5319 22
    1.27176 0.2979 6
    1.73139 0.1702 2
  2.38386 5 - 3
    1.35958 0.269216 3
    1.73703 0.089745 2
    1.99216 0.641038 1
  2.389 15 + 1
    0.70038 1 27
  2.391 7 - 2
    1.74417 0.5 2
    2.391 0.5 0
  2.3969 17 - 1
    0.1633 1 62
  2.4424 1 + 1
    1.09751 1 10
  2.47533 3 + 1
    1.45105 1 3
  2.5156 5 - 1
    1.40914 1 6
  2.54 7 + 2
    1.47607 0.5 5
    1.51035 0.5 4
  2.55706 3 - 2
    1.53278 0.641 3
    1.91023 0.359 2
  2.559 9 + 2
    1.53472 0.5 3
    2.559 0.5 0
  2.56064 1 - 1
    0.64651 1 37
  2.586 5 + 2
    1.93917 0.5 2
    2.586 0.5 0
  2.6541 11 - 2
    0.2117 0.2857 78
    0.4205 0.7143 62
  2.6647 19 - 1
    0.2678 1 77
  2.6673 7 + 1
    1.03673 1 23
  2.6696 17 + 1
    1.32471 1 10
  2.72804 3 - 1
    0.81391 1 37
  2.78388 5 + 2
    1.7596 0.8197 3
    2.13705 0.1803 2
  2.7858 9 - 2
    0.1317 0.3438 86
    0.3889 0.6562 77
  2.8544 21 - 2
    0.0686 0.4717 92
    0.1897 0.5283 87
  2.8809 7 + 1
    0.484 1 77
  2.90485 3 + 3
    1.13678 0.268 32
    1.27428 0.4 23
    1.77337 0.332 7
  3.0239 23 - 1
    0.1695 1 93
  3.0511 5 + 2
    0.1702 0.5 94
    0.3864 0.5 87
  3.0715 19 + 2
    0.4019 0.3614 89
    0.788 0.6386 65
  3.1201 21 + 1
    0.83902 1 64
  3.1922 19 + 1
    0.8032 1 75
  3.2119 23 + 1
    0.0918 1 99
  3.2502 1 - 2
    0.1991 0.5 97
    0.3958 0.5 93
  3.2807 25 - 1
    0.2568 1 96
  3.3058 3 - 1
    0.6411 1 87
  3.3508 5 - 1
    0.6861 1 87
  3.3952 25 + 1
    0.1833 1 101
  3.599 7 - 1
    0.7446 1 93
  3.786 27 + 1
    0.3908 1 106
  3.8674 9 - 1
    0.6172 1 102
  3.9651 23 + 1
    0.7729 1 100
  3.973 27 - 1
    0.6923 1 103
  4.3754 29 + 1
    0.5894 1 108
  4.4307 27 - 1
    1.4068 1 96
  4.4322 5 - 1
    0.5648 1 109
  4.6029 27 + 1
    0.6378 1 110
  4.7154 29 - 3
    0.2847 0.3673 113
    0.7424 0.2776 111
    1.4347 0.3551 103
  4.7993 3 + 1
    1.5186 1 103
  5.0601 31 + 1
    0.684701 1 112
  5.1253 7 - 1
    0.4099 1 116
  5.3109 31 + 1
    0.708 1 115
  5.3923 31 - 2
    0.6769 0.5501 116
    1.4193 0.4499 111
  5.447 5 - 1
    0.7316 1 116
  5.73 3 + 1
    1.0146 1 116
  5.7883 33 + 1
    0.728199 1 118
  6.2269 35 + 1
    0.916 1 120
  6.3463 35 + 1
    0.558 1 124
  7.2879 39 + 1
    1.061 1 125
  8.4349 43 + 1
    1.147 1 127
  12.883 7 - 2
    12.2362 0.5 2
    12.883 0.5 0
  13.19 5 - 2
    12.1604 0.5 4
    12.7983 0.5 1
  13.427 3 - 2
    12.4027 0.5 3
    12.7802 0.5 2
  13.541 1 - 2
    12.5114 0.5 4
    13.1493 0.5 1
  13.748 9 - 2
    12.5569 0.5 9
    12.5749 0.5 8
  13.867 7 - 2
    13.2202 0.5 2
    13.867 0.5 0
  14.074 5 + 2
    13.4272 0.5 2
    14.074 0.5 0
  14.389 3 - 2
    13.3647 0.5 3
    13.7422 0.5 2
  14.488 7 + 2
    13.4241 0.5 5
    13.4584 0.5 4
  14.683 5 - 2
    13.6534 0.5 4
    14.2913 0.5 1
  15.043 9 + 2
    14.0187 0.5 3
    15.043 0.5 0
  15.096 1 - 2
    14.0664 0.5 4
    14.7043 0.5 1
  15.141 11 + 2
    13.9499 0.5 9
    13.9679 0.5 8
  15.335 3 - 2
    14.3107 0.5 3
    14.6882 0.5 2
  15.476 5 + 2
    14.8292 0.5 2
    15.476 0.5 0
  15.518 7 - 2
    14.8712 0.5 2
    15.518 0.5 0
  15.61 9 + 2
    14.5857 0.5 3
    15.61 0.5 0
  15.639 3 - 2
    14.6147 0.5 3
    14.9922 0.5 2
  15.684 5 + 2
    15.0372 0.5 2
    15.684 0.5 0
  15.758 1 - 2
    14.7283 0.5 4
    15.3663 0.5 1
  15.801 7 + 2
    14.7371 0.5 5
    14.7714 0.5 4
  15.88 3 - 2
    14.8557 0.5 3
    15.2332 0.5 2
  15.934 5 + 2
    15.2872 0.5 2
    15.934 0.5 0
  15.971 11 - 2
    14.6261 0.5 10
    15.971 0.5 0
  16.038 9 + 2
    15.0137 0.5 3
    16.038 0.5 0
  16.146 7 - 2
    15.4992 0.5 2
    16.146 0.5 0
  16.236 1 + 2
    15.2117 0.5 3
    15.5892 0.5 2
  16.344 3 - 2
    15.3197 0.5 3
    15.6972 0.5 2
  16.503 5 + 2
    15.8562 0.5 2
    16.503 0.5 0
  16.597 7 - 2
    15.9502 0.5 2
    16.597 0.5 0

49 114 91
  0 2 + 0
  0.190268 10 + 1
    0.190268 1 0
  0.221057 8 + 1
    0.030789 1 1
  0.287734 4 + 1
    0.287734 1 0
  0.497156 10 + 2
    0.276099 0.3805 2
    0.306888 0.6195 1
  0.501948 16 - 1
    0.31168 1 1
  0.536297 14 - 1
    0.034349 1 5
  0.574422 12 - 2
    0.038125 0.98292 6
    0.384154 0.01708 1
  0.600354 6 - 1
    0.31262 1 3
  0.628032 6 + 1
    0.340298 1 3
  0.64174 18 - 1
    0.105443 1 6
  0.664636 14 + 4
    0.090214 0.055389 7
    0.128339 0.164798 6
    0.162688 0.01852 5
    0.474368 0.761292 1
  0.687527 16 + 2
    0.022891 0.624 11
    0.185579 0.376 5
  0.692934 4 - 2
    0.4052 0.026361 3
    0.692934 0.973639 0
  0.69638 8 - 4
    0.121958 0.96432 7
    0.199224 0.000996 4
    0.475323 0.003223 2
    0.506112 0.031461 1
  0.725104 6 + 2
    0.43737 0.21 3
    0.504047 0.79 2
  0.72853 8 + 3
    0.231374 0.046424 4
    0.507473 0.300624 2
    0.538262 0.652952 1
  0.775336 8 + 4
    0.147304 0.887435 9
    0.27818 0.028851 4
    0.487602 0.067003 3
    0.585068 0.016711 1
  0.824992 4 + 2
    0.537258 0.3342 3
    0.824992 0.6658 0
  0.835664 8 - 1
    0.139284 1 14
  0.90612 4 - 3
    0.213186 0.065281 13
    0.618386 0.237305 3
    0.90612 0.697414 0
  0.909503 12 + 2
    0.412347 0.5546 4
    0.719235 0.4454 1
  0.970577 12 + 1
    0.473421 1 4
  1.00313 10 + 3
    0.093627 0.1257 21
    0.505974 0.5578 4
    0.812862 0.3165 1
  1.00641 8 - 3
    0.27788 0.129713 16
    0.406056 0.227523 8
    0.816142 0.642764 1
  1.01867 10 - 3
    0.243334 0.115398 17
    0.29014 0.054119 16
    0.32229 0.830483 14
  1.01975 14 + 1
    0.355114 1 11
  1.03205 6 - 2
    0.196386 0.911409 19
    0.339116 0.088591 13
  1.03718 6 + 2
    0.261844 0.6572 17
    0.816123 0.3428 2
  1.04491 12 + 3
    0.357383 0.4001 12
    0.40317 0.1426 10
    0.508613 0.4573 6
  1.04721 6 + 2
    0.222218 0.3756 18
    0.826153 0.6244 2
  1.05949 4 + 2
    0.771756 0.3714 3
    1.05949 0.6286 0
  1.06253 6 + 4
    0.237538 0.02758 18
    0.334 0.083011 16
    0.774796 0.613506 3
    0.841473 0.275903 2
  1.0686 2 - 2
    0.468246 0.5 8
    0.780866 0.5 3
  1.07403 2 + 2
    0.786296 0.383 3
    1.07403 0.617 0
  1.0827 2 - 2
    0.482346 0.5 8
    0.794966 0.5 3
  1.0951 4 - 2
    0.467068 0.5 9
    1.0951 0.5 0
  1.1118 6 + 2
    0.20568 0.2193 20
    0.336464 0.7807 17
  1.1391 8 - 3
    0.10192 0.018169 28
    0.641944 0.064267 4
    0.918043 0.917563 2
  1.15536 8 + 3
    0.09283 0.569689 32
    0.380024 0.049519 17
    0.527328 0.380792 9
  1.16428 12 + 5
    0.339288 0.213483 18
    0.499644 0.240781 11
    0.589858 0.074274 7
    0.667124 0.240081 4
    0.876546 0.231381 3
  1.17025 6 + 10
    0.12534 0.378219 29
    0.13307 0.012901 28
    0.199673 0.092295 22
    0.345258 0.058713 18
    0.445146 0.084664 15
    0.47387 0.094565 14
    0.542218 0.105405 9
    0.673094 0.042052 4
    0.949193 0.041992 2
    0.979982 0.089194 1
  1.17867 4 - 1
    0.890936 1 3
  1.19895 8 - 6
    0.1669 0.013739 27
    0.19254 0.014409 24
    0.363286 0.135093 19
    0.423614 0.019199 17
    0.50257 0.535373 14
    0.570918 0.282186 9
  1.20153 6 - 2
    0.365866 0.5204 19
    0.508596 0.4796 13
  1.20533 6 + 2
    0.4768 0.2118 16
    0.917596 0.7882 3
  1.2168 20 - 1
    0.714852 1 5
  1.2564 2 - 2
    0.656046 0.5 8
    0.968666 0.5 3
  1.271 6 - 2
    0.435336 0.8204 19
    0.578066 0.1796 13
  1.2722 8 + 6
    0.26907 0.043354 23
    0.436536 0.210119 19
    0.496864 0.041294 17
    0.54367 0.178616 16
    0.547096 0.458041 15
    0.644168 0.068576 9
  1.2954 4 - 2
    0.667368 0.5 9
    1.2954 0.5 0
  1.30356 6 - 2
    0.39744 0.2814 20
    0.467896 0.7186 19
  1.31177 10 + 2
    0.15641 0.8838 39
    0.536434 0.1162 17
  1.31957 6 + 2
    0.25704 0.1266 32
    0.691538 0.8734 9
  1.32245 10 + 2
    0.15817 0.101 40
    0.351873 0.899 22
  1.32892 12 + 2
    0.63254 0.4074 14
    0.792623 0.5926 6
  1.3364 2 - 2
    0.736046 0.5 8
    1.04867 0.5 3
  1.3418 4 - 2
    0.713768 0.5 9
    1.3418 0.5 0
  1.34901 8 - 2
    0.15006 0.795 43
    0.573674 0.205 17
  1.3771 0 - 2
    0.684166 0.5 13
    1.3771 0.5 0
  1.39421 10 + 4
    0.06529 0.5374 55
    0.37554 0.1985 25
    0.39108 0.1862 23
    0.423633 0.0779 22
  1.4015 2 - 2
    0.801146 0.5 8
    1.11377 0.5 3
  1.4065 4 - 1
    0.37445 1 27
  1.42477 4 - 2
    0.15377 0.1304 48
    0.72839 0.8696 14
  1.43162 8 - 2
    0.39957 0.3739 27
    0.934464 0.6261 4
  1.4465 2 - 2
    0.846146 0.5 8
    1.15877 0.5 3
  1.456 0 + 2
    0.631008 0.5 18
    1.16827 0.5 3
  1.4592 4 - 2
    0.831168 0.5 9
    1.4592 0.5 0
  1.476 2 + 2
    0.847968 0.5 9
    1.476 0.5 0
  1.48478 4 - 5
    0.31453 0.339414 41
    0.649116 0.01036 19
    0.709444 0.139306 17
    0.759676 0.153606 15
    0.987624 0.357314 4
  1.5194 0 + 2
    0.694408 0.5 18
    1.23167 0.5 3
  1.5569 2 - 2
    0.956546 0.5 8
    1.26917 0.5 3
  1.57645 4 + 1
    0.15168 1 63
  1.5851 2 - 1
    0.749436 1 19
  1.5975 0 + 2
    0.772508 0.5 18
    1.30977 0.5 3
  1.6054 4 - 2
    0.977368 0.5 9
    1.6054 0.5 0
  1.61593 6 + 1
    0.780266 1 19
  1.622 2 - 2
    1.02165 0.5 8
    1.33427 0.5 3
  1.6516 4 + 2
    1.36387 0.5 3
    1.43054 0.5 2
  1.6582 10 - 2
    1.1219 0.5 6
    1.43714 0.5 2
  1.67765 6 + 2
    0.841986 0.4819 19
    0.952546 0.5181 15
  1.6905 2 - 2
    1.09015 0.5 8
    1.40277 0.5 3
  1.6954 4 + 2
    1.40767 0.5 3
    1.47434 0.5 2
  1.7105 8 - 2
    1.21334 0.5 4
    1.52023 0.5 1
  1.7295 0 + 2
    0.904508 0.5 18
    1.44177 0.5 3
  1.7408 6 - 2
    1.45307 0.5 3
    1.51974 0.5 2
  1.785 10 + 2
    1.28784 0.5 4
    1.59473 0.5 1
  1.7948 4 - 2
    1.16677 0.5 9
    1.7948 0.5 0
  1.8275 2 + 2
    1.19947 0.5 9
    1.8275 0.5 0
  1.863 8 - 2
    1.36584 0.5 4
    1.67273 0.5 1
  7.2735 6 + 2
    7.08323 0.5 1
    7.2735 0.5 0

49 115 91
  0 9 + 0
  0.336244 1 - 1
    0.336244 1 0
  0.597144 3 - 1
    0.2609 1 1
  0.828588 3 + 2
    0.231444 0.085491 2
    0.492344 0.914509 1
  0.864139 1 + 3
    0.035551 0.165198 3
    0.266995 0.002812 2
    0.527895 0.83199 1
  0.93378 7 + 2
    0.105192 0.005049 3
    0.93378 0.994951 0
  0.941424 5 + 2
    0.34428 0.1027 2
    0.941424 0.8973 0
  1.04144 5 - 2
    0.444296 0.1236 2
    0.705196 0.8764 1
  1.07816 5 + 3
    0.136736 0.01217 6
    0.481016 0.155805 2
    1.07816 0.832025 0
  1.13258 11 + 1
    1.13258 1 0
  1.19249 3 + 5
    0.251066 0.007021 6
    0.328351 0.247795 4
    0.363902 0.45669 3
    0.595346 0.126097 2
    0.856246 0.162397 1
  1.28741 5 - 2
    0.690266 0.6854 2
    0.951166 0.3146 1
  1.29059 13 + 2
    0.15801 0.021371 9
    1.29059 0.978629 0
  1.3475 5 - 2
    0.518912 0.6409 3
    0.750356 0.3591 2
  1.41825 9 + 3
    0.476826 0.000338 6
    0.48447 0.993448 5
    1.41825 0.006214 0
  1.44879 9 + 5
    0.31621 0.13429 9
    0.37063 0.000405 8
    0.507366 0.013039 6
    0.51501 0.005029 5
    1.44879 0.847237 0
  1.4635 7 + 2
    0.38534 0.059109 8
    1.4635 0.940891 0
  1.47 3 - 2
    0.605861 0.5 4
    0.872856 0.5 2
  1.47849 5 - 2
    0.54471 0.8548 5
    1.47849 0.1452 0
  1.48611 9 + 3
    0.35353 0.166788 9
    0.544686 0.037567 6
    1.48611 0.795644 0
  1.4972 7 + 2
    0.45576 0.2191 7
    1.4972 0.7809 0
  1.6023 7 + 1
    1.6023 1 0
  1.6081 7 + 2
    0.52994 0.3117 8
    1.6081 0.6883 0
  1.65 3 - 2
    0.785861 0.5 4
    1.05286 0.5 2
  1.7369 9 + 3
    0.31865 0.2449 14
    0.60432 0.3881 9
    1.7369 0.367 0
  1.801 5 + 1
    0.86722 1 5
  1.8309 5 + 1
    0.89712 1 5
  1.864 11 - 2
    0.57341 0.5 12
    1.864 0.5 0
  1.8724 9 - 2
    0.83096 0.3291 7
    0.93862 0.6709 5
  1.9176 1 - 1
    0.62701 1 12
  1.9716 9 + 2
    0.52281 0.2493 15
    1.9716 0.7507 0
  1.9783 3 - 2
    0.84572 0.8929 9
    1.9783 0.1071 0
  1.9991 7 + 3
    0.55031 0.231 15
    0.95766 0.469 7
    1.9991 0.3 0
  2.0573 5 + 1
    2.0573 1 0
  2.071 1 - 2
    0.65275 0.5 14
    2.071 0.5 0
  2.088 13 - 2
    0.2156 0.5 28
    0.95542 0.5 9
  2.10782 11 - 1
    2.10782 1 0
  2.1137 9 + 2
    0.98112 0.5 9
    2.1137 0.5 0
  2.131 3 - 2
    1.26686 0.5 4
    1.53386 0.5 2
  2.13679 15 - 1
    0.8462 1 12
  2.1707 5 + 1
    2.1707 1 0
  2.208 1 + 2
    1.34386 0.5 4
    1.61086 0.5 2
  2.23 7 - 2
    1.63286 0.5 2
    2.23 0.5 0
  2.234 5 + 1
    2.234 1 0
  2.264 7 + 2
    0.9165 0.5 13
    2.264 0.5 0
  2.28299 17 - 1
    0.1462 1 39
  2.29655 3 - 2
    0.81044 0.5556 19
    2.29655 0.4444 0
  2.3097 17 + 1
    1.01911 1 12
  2.318 3 - 2
    1.45386 0.5 4
    1.72086 0.5 2
  2.3846 11 - 1
    2.3846 1 0
  2.393 19 + 1
    0.0833 1 47
  2.434 15 - 2
    0.57 0.5 27
    1.14341 0.5 12
  2.44313 7 - 1
    2.44313 1 0
  2.45 1 - 2
    1.62141 0.5 3
    2.11376 0.5 1
  2.46535 13 - 2
    0.59295 0.5 28
    1.33277 0.5 9
  2.4797 3 - 1
    2.4797 1 0
  2.489 7 - 2
    1.89186 0.5 2
    2.489 0.5 0
  2.5297 21 + 1
    0.1367 1 50
  2.53909 19 - 1
    0.2561 1 45
  2.54073 5 - 1
    2.54073 1 0
  2.58 3 - 1
    2.58 1 0
  2.73994 7 + 1
    2.73994 1 0
  2.74629 21 - 1
    0.2072 1 58
  2.78085 1 + 1
    2.78085 1 0
  2.815 1 + 2
    1.95086 0.5 4
    2.21786 0.5 2
  2.8275 5 - 1
    2.8275 1 0
  2.8522 3 - 1
    2.8522 1 0
  2.86 11 + 2
    1.72742 0.5 9
    1.92622 0.5 5
  2.8967 7 - 1
    2.8967 1 0
  2.9055 23 + 1
    0.3758 1 57
  2.9944 5 - 1
    2.9944 1 0
  3.03889 23 - 1
    0.2926 1 62
  3.0429 3 + 1
    3.0429 1 0
  3.11 9 + 2
    2.16858 0.5 6
    3.11 0.5 0
  3.1582 5 - 1
    3.1582 1 0
  3.2207 7 + 1
    3.2207 1 0
  3.2315 3 - 1
    3.2315 1 0
  3.272 5 + 1
    3.272 1 0
  3.289 11 - 1
    3.289 1 0
  3.38459 25 - 1
    0.3457 1 71
  3.3866 7 + 1
    3.3866 1 0
  3.3951 9 + 1
    3.3951 1 0
  3.4757 25 + 1
    0.5702 1 69
  3.6847 3 - 1
    3.6847 1 0
  3.7011 5 - 1
    3.7011 1 0
  3.8221 27 - 1
    0.43751 1 79
  4.0355 27 + 1
    0.5598 1 82
  4.0485 27 - 1
    0.66391 1 79
  4.2453 29 - 1
    0.4232 1 85
  4.6986 29 + 1
    0.6631 1 86
  4.7156 31 - 1
    0.4703 1 88

49 116 78
  0 2 + 0
  0.127267 10 + 1
    0.127267 1 0
  0.22333 8 + 1
    0.096063 1 1
  0.272966 4 + 1
    0.272966 1 0
  0.28966 16 - 1
    0.162393 1 1
  0.313476 8 + 2
    0.090146 0.00432 2
    0.186209 0.99568 1
  0.350576 14 - 1
    0.060916 1 4
  0.366418 18 - 1
    0.076758 1 4
  0.373373 12 - 2
    0.022797 0.994864 6
    0.246106 0.005136 1
  0.42593 8 + 3
    0.112454 0.1183 5
    0.2026 0.1364 2
    0.298663 0.7453 1
  0.448032 4 - 1
    0.175066 1 3
  0.458942 10 - 1
    0.085569 1 8
  0.46 8 + 1
    0.146524 1 5
  0.508241 6 + 3
    0.082311 0.03801 9
    0.235275 0.403796 3
    0.284911 0.558194 2
  0.554979 8 - 1
    0.096037 1 11
  0.556849 4 - 1
    0.556849 1 0
  0.648916 12 + 2
    0.33544 0.8426 5
    0.521649 0.1574 1
  0.658073 6 + 1
    0.385107 1 3
  0.665616 14 + 3
    0.299198 0.066235 7
    0.31504 0.188913 6
    0.375956 0.744852 4
  0.7227 4 + 2
    0.449734 0.5 3
    0.49937 0.5 2
  0.728865 6 - 1
    0.173886 1 14
  0.735688 10 + 2
    0.422212 0.3212 5
    0.608421 0.6788 1
  0.744823 6 + 2
    0.521493 0.4542 2
    0.617556 0.5458 1
  0.760997 12 + 6
    0.095381 0.367807 18
    0.112081 0.074181 16
    0.387624 0.01937 8
    0.410421 0.174203 6
    0.447521 0.054531 5
    0.63373 0.309906 1
  0.77114 2 - 2
    0.498174 0.1674 3
    0.77114 0.8326 0
  0.78718 2 - 2
    0.230331 0.1782 15
    0.339148 0.8218 10
  0.789372 0 - 3
    0.140456 0.587288 16
    0.475896 0.360593 5
    0.662105 0.052119 1
  0.790921 6 + 4
    0.132848 0.04089 17
    0.364991 0.120901 9
    0.517955 0.630406 3
    0.567591 0.207802 2
  0.813346 8 + 4
    0.155273 0.58603 17
    0.305105 0.219274 13
    0.49987 0.056413 5
    0.54038 0.138283 3
  0.829131 8 + 5
    0.084308 0.141492 22
    0.171058 0.390777 17
    0.32089 0.186089 13
    0.515655 0.081055 5
    0.556165 0.200588 3
  0.850491 6 - 3
    0.293642 0.1767 15
    0.295512 0.5194 14
    0.577525 0.3039 3
  0.875287 6 - 2
    0.318438 0.1625 15
    0.602321 0.8375 3
  0.892667 8 - 6
    0.042176 0.112991 30
    0.163802 0.029568 20
    0.335818 0.025908 15
    0.337688 0.189185 14
    0.384426 0.216083 13
    0.433725 0.426266 11
  0.91077 4 + 2
    0.252697 0.5069 17
    0.402529 0.4931 13
  0.9145 2 - 2
    0.1918 0.5 19
    0.641534 0.5 3
  0.92081 4 - 2
    0.14967 0.4658 24
    0.647844 0.5342 3
  0.949305 10 + 5
    0.159933 0.201308 26
    0.213617 0.225009 21
    0.300389 0.193208 16
    0.394326 0.090164 14
    0.490363 0.290312 11
  0.951476 8 - 5
    0.222611 0.024509 20
    0.293403 0.096265 17
    0.396497 0.089766 14
    0.443235 0.102595 13
    0.492534 0.686866 11
  0.970302 10 + 6
    0.141171 0.6136 29
    0.156956 0.05588 28
    0.18093 0.04119 26
    0.225479 0.02458 22
    0.234614 0.167 21
    0.746972 0.09775 2
  0.97295 2 - 2
    0.25025 0.5 19
    0.699984 0.5 3
  1.00766 12 - 4
    0.114993 0.181 32
    0.548718 0.3596 11
    0.634287 0.2369 8
    0.657084 0.2225 6
  1.01549 8 - 2
    0.202144 0.2037 28
    0.79216 0.7963 2
  1.01904 10 - 3
    0.126373 0.874198 32
    0.143753 0.007902 31
    0.560098 0.1179 11
  1.03123 8 + 4
    0.217884 0.075037 28
    0.240309 0.24559 27
    0.373157 0.306188 17
    0.8079 0.373185 2
  1.05268 10 - 4
    0.04502 0.519348 40
    0.101204 0.126587 37
    0.202189 0.146585 30
    0.497701 0.207479 14
  1.05734 6 + 2
    0.267968 0.3801 26
    0.321652 0.6199 21
  1.07089 8 + 2
    0.515911 0.1228 14
    0.84756 0.8772 2
  1.07237 8 - 2
    0.698997 0.5 8
    0.945103 0.5 1
  1.08158 12 - 1
    0.622638 1 11
  1.08499 10 + 1
    0.294064 1 27
  1.0881 12 + 2
    0.774624 0.5 5
    0.86477 0.5 2
  1.09442 4 - 2
    0.646388 0.5 10
    1.09442 0.5 0
  1.0977 6 - 2
    0.824734 0.5 3
    0.87437 0.5 2
  1.1194 6 + 2
    0.992133 0.5 1
    1.1194 0.5 0
  1.1215 4 + 2
    0.848534 0.5 3
    0.89817 0.5 2
  1.1524 12 - 1
    0.693458 1 11
  1.16704 2 + 2
    0.196738 0.7436 38
    0.518124 0.2564 16
  1.18727 4 - 2
    0.739238 0.5 10
    1.18727 0.5 0
  1.20436 14 + 1
    0.555444 1 16
  1.21346 10 + 2
    0.243158 0.2879 38
    0.468637 0.7121 22
  1.25265 6 + 2
    1.12538 0.5 1
    1.25265 0.5 0
  1.2585 6 - 2
    0.985534 0.5 3
    1.03517 0.5 2
  1.28569 2 - 2
    0.56299 0.5 19
    1.01272 0.5 3
  1.28916 4 - 1
    0.396498 1 32
  1.2925 6 - 2
    1.01953 0.5 3
    1.06917 0.5 2
  1.3182 12 - 2
    1.02854 0.5 4
    1.19093 0.5 1
  1.3415 4 + 2
    1.06853 0.5 3
    1.11817 0.5 2
  1.37443 2 + 1
    0.819451 1 14
  1.39977 10 + 3
    0.36854 0.1482 43
    0.586424 0.3096 28
    0.654947 0.5422 22
  1.4264 4 - 2
    0.978368 0.5 10
    1.4264 0.5 0
  1.4377 0 + 2
    0.715 0.5 19
    1.16473 0.5 3
  1.45107 2 - 3
    0.706247 0.2622 22
    0.896091 0.128 14
    0.992128 0.6098 11
  1.4659 4 + 2
    1.19293 0.5 3
    1.24257 0.5 2
  13.24 2 - 2
    12.5173 0.5 19
    12.967 0.5 3
  13.74 0 + 2
    13.0173 0.5 19
    13.467 0.5 3
  14.5 4 - 2
    14.052 0.5 10
    14.5 0.5 0
  15.14 6 + 2
    15.0127 0.5 1
    15.14 0.5 0
  15.66 2 - 2
    14.9373 0.5 19
    15.387 0.5 3

49 117 79
  0 9 + 0
  0.315303 1 - 1
    0.315303 1 0
  0.588653 3 - 1
    0.27335 1 1
  0.659765 3 + 2
    0.071112 0.030929 2
    0.344462 0.969071 1
  0.74807 7 + 1
    0.74807 1 0
  0.749488 1 + 3
    0.089723 0.513074 3
    0.160835 0.012849 2
    0.434185 0.474076 1
  0.88072 5 + 5
    0.131232 0.003196 5
    0.13265 0.004956 4
    0.220955 0.21271 3
    0.292067 0.108105 2
    0.88072 0.671032 0
  1.02804 5 - 2
    0.439387 0.1607 2
    0.712737 0.8393 1
  1.03 5 + 2
    0.441347 0.5 2
    1.03 0.5 0
  1.05171 5 + 3
    0.17099 0.00646 6
    0.463057 0.165807 2
    1.05171 0.827733 0
  1.06598 11 + 1
    1.06598 1 0
  1.20903 11 + 2
    0.46096 0.9016 4
    1.20903 0.0984 0
  1.23461 13 + 2
    0.16863 0.02829 10
    1.23461 0.97171 0
  1.36 3 + 2
    0.700235 0.5 3
    1.0447 0.5 1
  1.36552 7 + 5
    0.29954 0.130712 10
    0.31381 0.009582 9
    0.4848 0.292526 6
    0.61745 0.098739 4
    1.36552 0.468442 0
  1.37628 3 + 3
    0.626792 0.308431 5
    0.716515 0.540554 3
    0.787627 0.151015 2
  1.43292 9 + 4
    0.36694 0.200001 10
    0.38121 0.001613 9
    0.68485 0.003983 4
    1.43292 0.794403 0
  1.43938 5 - 1
    0.850727 1 2
  1.46867 9 + 2
    0.41696 0.3031 9
    1.46867 0.6969 0
  1.55448 1 - 2
    0.52644 0.2489 7
    0.965827 0.7511 2
  1.60939 3 + 3
    0.72867 0.3248 6
    0.86132 0.3772 4
    0.949625 0.298 3
  1.6121 5 + 2
    0.862612 0.8197 5
    0.952335 0.1803 3
  1.653 3 + 2
    0.993235 0.5 3
    1.3377 0.5 1
  1.71255 3 + 4
    0.66084 0.029949 9
    0.83183 0.61027 6
    0.963062 0.164692 5
    1.05279 0.19509 3
  1.78497 3 + 2
    1.03548 0.3507 5
    1.1252 0.6493 3
  1.85563 7 - 1
    0.82759 1 7
  1.89193 1 + 6
    0.17938 0.003307 23
    0.84022 0.024952 9
    1.14244 0.051574 5
    1.23216 0.008501 3
    1.30328 0.566341 2
    1.57663 0.345325 1
  1.898 15 + 1
    0.68897 1 11
  1.95737 9 - 3
    0.92933 0.7302 7
    1.2093 0.124 4
    1.95737 0.1458 0
  1.99733 11 - 6
    0.56441 0.296276 16
    0.63181 0.057185 14
    0.76272 0.034887 12
    0.7883 0.010039 11
    0.93135 0.073454 10
    1.99733 0.528158 0
  2.0098 3 + 10
    0.11787 0.003964 26
    0.29725 0.0105 23
    0.40041 0.037761 20
    0.95809 0.186607 9
    0.98176 0.054932 7
    1.12908 0.125605 6
    1.26031 0.145205 5
    1.35003 0.196207 3
    1.42115 0.154906 2
    1.6945 0.084313 1
  2.02223 3 + 3
    1.27274 0.3675 5
    1.36246 0.1225 3
    1.70693 0.51 1
  2.06416 3 + 6
    1.01245 0.058139 9
    1.18344 0.091319 6
    1.31467 0.414996 5
    1.4044 0.082989 3
    1.47551 0.294497 2
    1.74886 0.058059 1
  2.09503 7 - 4
    0.0977 0.049893 29
    0.86042 0.376923 12
    0.886 0.018851 11
    1.02905 0.554333 10
  2.09642 7 - 2
    0.6635 0.084246 16
    2.09642 0.915754 0
  2.10983 3 + 4
    0.39728 0.1309 23
    1.22911 0.4043 6
    1.45006 0.4042 3
    1.52118 0.0606 2
  2.11298 7 - 3
    0.22105 0.4367 26
    0.64431 0.1266 18
    1.06127 0.4367 9
  2.124 15 - 1
    0.88939 1 12
  2.17174 3 + 8
    0.27981 0.062686 26
    1.12003 0.128891 9
    1.1437 0.075105 7
    1.29102 0.357775 6
    1.42225 0.178887 5
    1.51197 0.035767 3
    1.58309 0.028598 2
    1.85644 0.132291 1
  2.223 5 - 2
    1.56323 0.5 3
    1.9077 0.5 1
  2.255 5 - 2
    1.59523 0.5 3
    1.9397 0.5 1
  2.2614 17 - 1
    0.1374 1 37
  2.2634 17 + 1
    1.02879 1 12
  2.308 7 - 2
    1.71935 0.5 2
    2.308 0.5 0
  2.31172 9 - 10
    0.30192 0.01307 30
    0.41979 0.02941 26
    0.52675 0.02288 24
    0.69962 0.03922 21
    1.26001 0.1863 9
    1.431 0.0915 6
    1.56223 0.232 5
    1.56365 0.01307 4
    1.65196 0.04575 3
    1.72307 0.3268 2
  2.32276 5 - 4
    0.32543 0.0156 29
    0.95724 0.045871 14
    1.25678 0.021101 10
    2.32276 0.917427 0
  2.32779 1 + 4
    1.27608 0.062981 9
    1.5783 0.349607 5
    1.73914 0.314706 2
    2.01249 0.272705 1
  2.3455 3 + 8
    0.45357 0.1064 26
    0.73611 0.178 20
    1.31746 0.04809 7
    1.59601 0.07951 5
    1.59743 0.1609 4
    1.68573 0.1128 3
    1.75685 0.1294 2
    2.0302 0.1849 1
  2.372 7 - 2
    1.78335 0.5 2
    2.372 0.5 0
  2.40038 9 - 3
    0.54475 0.1148 25
    1.65231 0.3388 4
    2.40038 0.5464 0
  2.40529 5 - 5
    0.31026 0.134093 33
    0.40796 0.022349 29
    1.17068 0.178791 12
    1.19626 0.106095 11
    1.33931 0.558672 10
  2.41423 7 - 1
    2.41423 1 0
  2.41744 9 - 3
    1.20841 0.029949 11
    1.66937 0.371281 4
    2.41744 0.59877 0
  2.4298 19 - 1
    0.1684 1 41
  2.44005 11 - 3
    0.44272 0.090918 29
    1.20544 0.454541 12
    2.44005 0.454541 0
  2.4464 17 + 1
    1.21179 1 12
  2.45597 1 + 1
    1.86732 1 2
  2.4625 5 - 1
    2.4625 1 0
  2.47621 7 - 2
    0.51884 0.2366 28
    2.47621 0.7634 0
  2.525 1 + 2
    1.77551 0.5 5
    1.93635 0.5 2
  2.54086 13 - 2
    0.10081 0.3464 54
    2.54086 0.6536 0
  2.56 5 - 2
    1.90023 0.5 3
    2.2447 0.5 1
  2.6218 21 - 1
    0.192 1 53
  2.642 7 - 2
    2.05335 0.5 2
    2.642 0.5 0
  2.6702 21 + 3
    0.2238 0.333333 55
    0.2404 0.333333 53
    0.4068 0.333333 42
  2.727 19 + 1
    0.829 1 27
  2.7312 23 + 1
    0.061 1 64
  2.755 5 - 2
    2.09523 0.5 3
    2.4397 0.5 1
  2.8372 25 + 1
    0.106 1 66
  2.8568 23 - 1
    0.235 1 62
  3.0308 25 - 1
    0.174 1 69
  3.1918 27 + 1
    0.3546 1 68
  3.5591 27 - 1
    0.5283 1 70
  3.7268 29 + 1
    0.535 1 71
  4.1875 29 - 2
    0.6284 0.5 72
    1.1567 0.5 70
  14.945 1 + 2
    14.1955 0.5 5
    14.3563 0.5 2
  15.075 3 + 2
    14.4152 0.5 3
    14.7597 0.5 1
  15.38 1 + 2
    14.6305 0.5 5
    14.7913 0.5 2
  15.605 3 + 2
    14.9452 0.5 3
    15.2897 0.5 1

49 118 19
  0 2 + 0
  0.06 10 + 1
    0.06 1 0
  0.173 4 + 1
    0.173 1 0
  0.2 16 - 1
    0.14 1 1
  0.234 6 - 1
    0.061 1 2
  0.251 8 - 1
    0.191 1 1
  0.35 12 - 2
    0.15 0.5 3
    0.29 0.5 1
  0.429 0 - 1
    0.429 1 0
  0.5 4 - 2
    0.249 0.5 5
    0.5 0.5 0
  0.6 6 + 2
    0.54 0.5 1
    0.6 0.5 0
  0.637 8 + 2
    0.403 0.5 4
    0.464 0.5 2
  0.711 2 + 2
    0.282 0.5 7
    0.711 0.5 0
  0.79 14 + 2
    0.59 0.5 3
    0.73 0.5 1
  0.843 4 - 2
    0.592 0.5 5
    0.843 0.5 0
  0.948 6 + 2
    0.888 0.5 1
    0.948 0.5 0
  0.974 10 - 2
    0.337 0.5 10
    0.74 0.5 4
  1.028 8 + 2
    0.794 0.5 4
    0.855 0.5 2
  1.234 2 - 2
    1 0.5 4
    1.061 0.5 2
  1.29 4 + 2
    1.056 0.5 4
    1.117 0.5 2

49 119 74
  0 9 + 0
  0.31137 1 - 1
    0.31137 1 0
  0.60418 3 - 1
    0.29281 1 1
  0.65427 3 + 2
    0.05009 0.043919 2
    0.3429 0.956081 1
  0.7206 7 + 1
    0.7206 1 0
  0.78826 1 + 3
    0.13399 0.901118 3
    0.18408 0.02022 2
    0.47689 0.078662 1
  0.94143 5 + 4
    0.15317 0.022812 5
    0.28716 0.10661 3
    0.33725 0.129512 2
    0.94143 0.741067 0
  1.02502 11 + 2
    0.30442 0.007166 4
    1.02502 0.992834 0
  1.04444 5 - 2
    0.44026 0.2076 2
    0.73307 0.7924 1
  1.05021 5 + 2
    0.44603 0.2191 2
    1.05021 0.7809 0
  1.143 11 + 2
    0.4224 0.912409 4
    1.143 0.087591 0
  1.20371 13 + 2
    0.17869 0.070691 7
    1.20371 0.929309 0
  1.3531 9 + 3
    0.41167 0.3284 6
    0.6325 0.3149 4
    1.3531 0.3567 0
  1.38839 7 - 3
    0.36337 0.378662 7
    0.66779 0.139786 4
    1.38839 0.481552 0
  1.43644 7 + 2
    0.41142 0.1821 7
    1.43644 0.8179 0
  1.474 9 + 2
    0.53257 0.5 6
    1.474 0.5 0
  1.553 3 - 2
    0.76474 0.5 5
    0.94882 0.5 2
  1.62494 3 + 2
    0.83668 0.6213 5
    0.97067 0.3787 3
  1.649 5 + 2
    1.04482 0.5 2
    1.649 0.5 0
  1.729 3 - 2
    0.94074 0.5 5
    1.12482 0.5 2
  1.76997 3 - 2
    0.82854 0.3828 6
    1.1157 0.6172 3
  1.779 15 + 1
    0.636 1 10
  1.80659 3 - 3
    0.86516 0.1866 6
    1.01833 0.4785 5
    1.15232 0.3349 3
  1.837 3 - 2
    1.04874 0.5 5
    1.23282 0.5 2
  1.92099 3 + 5
    0.87078 0.024141 9
    1.13273 0.043111 5
    1.26672 0.004618 3
    1.31681 0.415413 2
    1.60962 0.512716 1
  1.979 7 - 2
    1.37482 0.5 2
    1.979 0.5 0
  2.02135 5 - 7
    0.58491 0.154414 14
    0.63296 0.022062 13
    0.66825 0.007118 12
    0.81764 0.041994 11
    0.87835 0.010681 10
    0.99633 0.051965 7
    2.02135 0.711766 0
  2.05 1 - 2
    1.39573 0.5 3
    1.73863 0.5 1
  2.06415 7 - 5
    0.14316 0.055728 24
    1.01394 0.309591 9
    1.12272 0.157895 6
    1.40988 0.188894 3
    1.75278 0.287891 1
  2.1043 5 - 1
    2.1043 1 0
  2.12693 11 - 4
    0.10558 0.158097 26
    0.92322 0.330293 11
    0.98393 0.046519 10
    1.10191 0.465091 7
  2.1321 15 - 1
    0.92839 1 11
  2.2233 17 + 1
    1.01959 1 11
  2.2265 17 - 1
    0.0944 1 31
  2.272 9 - 2
    1.24698 0.5 7
    1.5514 0.5 4
  2.2869 19 - 2
    0.0604 0.5 33
    0.0636 0.5 32
  2.33804 7 + 6
    0.41705 0.036199 24
    1.28783 0.186693 9
    1.54978 0.062218 5
    1.68377 0.051468 3
    1.73386 0.565577 2
    2.02667 0.097846 1
  2.343 5 + 2
    1.73882 0.5 2
    2.343 0.5 0
  2.35954 1 - 3
    1.21654 0.045448 10
    1.33452 0.757562 7
    1.63894 0.19699 4
  2.36795 9 + 8
    0.44696 0.01352 24
    0.59798 0.031551 20
    0.74301 0.027041 17
    1.31774 0.067612 9
    1.42652 0.020851 6
    1.71368 0.140804 3
    1.76377 0.563417 2
    2.05658 0.135204 1
  2.38918 5 - 6
    0.28488 0.056568 29
    1.03608 0.068808 12
    1.18547 0.214094 11
    1.36416 0.382289 7
    1.66858 0.225493 4
    2.38918 0.052748 0
  2.41 7 + 2
    1.6894 0.5 4
    1.75573 0.5 3
  2.42254 9 - 4
    1.27954 0.028139 10
    1.39752 0.143294 7
    1.70194 0.317087 4
    2.42254 0.511479 0
  2.46 5 + 2
    1.85582 0.5 2
    2.46 0.5 0
  2.48721 7 - 3
    0.09803 0.090118 40
    0.36028 0.119398 30
    1.34421 0.790484 10
  2.4939 21 - 1
    0.207 1 35
  2.502 1 + 2
    1.71374 0.5 5
    1.89782 0.5 2
  2.5049 21 + 1
    0.218 1 35
  2.519 19 + 1
    0.74 1 21
  2.5203 5 - 1
    2.5203 1 0
  2.52457 13 - 3
    1.47436 0.6536 9
    1.8703 0.2026 3
    1.92039 0.1438 2
  2.5266 7 + 1
    1.806 1 4
  2.5544 11 - 1
    1.95022 1 2
  2.56464 11 - 3
    0.43771 0.1153 30
    1.36093 0.5708 11
    1.53962 0.3139 7
  2.5914 5 + 3
    1.64997 0.186319 6
    1.93713 0.192519 3
    1.98722 0.621162 2
  2.618 3 + 2
    1.96373 0.5 3
    2.30663 0.5 1
  2.6569 25 + 1
    0.152 1 47
  2.66786 9 - 2
    2.06368 0.064547 2
    2.35649 0.935453 1
  2.67 1 - 2
    2.01573 0.5 3
    2.35863 0.5 1
  2.67219 7 + 4
    1.23575 0.099591 14
    1.46848 0.414904 11
    1.52919 0.207502 10
    2.67219 0.278003 0
  2.745 5 - 2
    2.09073 0.5 3
    2.43363 0.5 1
  2.7829 23 - 1
    0.289 1 45
  2.7987 3 + 1
    0.13084 1 57
  2.811 7 + 2
    2.0904 0.5 4
    2.15673 0.5 3
  2.8596 9 - 2
    1.83458 0.5 7
    2.139 0.5 4
  2.885 5 - 2
    2.23073 0.5 3
    2.57363 0.5 1
  2.9279 25 - 1
    0.145 1 61
  2.9929 27 + 1
    0.336 1 56
  3.005 3 + 2
    2.35073 0.5 3
    2.69363 0.5 1
  3.13 1 + 2
    2.34174 0.5 5
    2.52582 0.5 2
  3.33 7 - 2
    2.72582 0.5 2
    3.33 0.5 0
  3.4529 29 + 1
    0.46 1 67
  3.5269 27 - 1
    0.599 1 66
  4.0259 29 - 2
    0.499 0.5 72
    1.098 0.5 66

49 120 3
  0 2 + 0
  0.07 10 + 1
    0.07 1 0
  0.1 16 - 1
    0.1 1 0

49 121 54
  0 9 + 0
  0.31368 1 - 1
    0.31368 1 0
  0.6379 3 - 1
    0.32422 1 1
  0.98717 3 + 2
    0.34927 0.7944 2
    0.67349 0.2056 1
  1.00426 9 + 1
    1.00426 1 0
  1.02083 9 + 1
    1.02083 1 0
  1.04033 5 + 2
    0.40243 0.1739 2
    1.04033 0.8261 0
  1.07898 5 - 2
    0.44108 0.2261 2
    0.7653 0.7739 1
  1.18155 13 + 3
    0.16072 0.052451 5
    0.17729 0.02123 4
    1.18155 0.926319 0
  1.19734 1 + 2
    0.21017 0.7072 3
    0.55944 0.2928 2
  1.31522 5 + 5
    0.23624 0.034442 7
    0.27489 0.142009 6
    0.32805 0.126308 3
    0.67732 0.238614 2
    1.31522 0.458628 0
  1.40799 9 + 2
    0.40373 0.935228 4
    1.40799 0.064772 0
  1.4606 7 + 1
    0.38162 1 7
  1.48326 5 + 1
    1.48326 1 0
  1.48711 9 + 2
    0.46628 0.3649 5
    1.48711 0.6351 0
  1.50402 9 + 1
    1.50402 1 0
  1.614 7 - 2
    0.9761 0.5 2
    1.614 0.5 0
  1.7598 11 - 1
    1.1219 1 2
  1.79209 3 - 1
    0.59475 1 9
  1.96123 7 - 2
    1.32333 0.2308 2
    1.64755 0.7692 1
  1.96583 3 - 3
    0.65061 0.5587 10
    0.97866 0.2402 3
    1.32793 0.2011 2
  1.977 7 - 2
    1.3391 0.5 2
    1.977 0.5 0
  1.9888 11 - 1
    0.90982 1 7
  2.048 5 - 1
    0.64001 1 11
  2.05939 11 - 5
    0.57228 0.078611 14
    0.6514 0.01964 11
    0.87784 0.02699 8
    1.03856 0.057251 5
    2.05939 0.817508 0
  2.11484 1 - 2
    1.11058 0.1304 4
    2.11484 0.8696 0
  2.129 3 - 2
    1.08867 0.5 6
    1.4911 0.5 2
  2.1342 15 - 1
    0.95265 1 8
  2.13636 3 + 6
    0.93902 0.080854 9
    1.05738 0.075715 7
    1.09603 0.505165 6
    1.14919 0.186887 3
    1.49846 0.020189 2
    1.82268 0.131191 1
  2.16009 11 - 4
    0.1007 0.376981 24
    0.7521 0.093485 11
    0.97854 0.084556 8
    1.13926 0.444978 5
  2.22204 7 + 1
    1.58414 1 2
  2.247 5 + 2
    1.6091 0.5 2
    2.247 0.5 0
  2.26491 5 + 5
    0.29908 0.1431 20
    0.78165 0.1852 13
    1.27774 0.2604 3
    1.27774 0.1719 3
    1.62701 0.2394 2
  2.292 11 - 4
    0.88401 0.048857 11
    1.11045 0.128592 8
    1.27117 0.514169 5
    2.292 0.308382 0
  2.29949 7 - 3
    1.25916 0.1796 6
    1.31232 0.335 3
    1.66159 0.4854 2
  2.3319 1 + 4
    0.82788 0.1452 15
    0.84479 0.1882 14
    1.31107 0.129 5
    2.3319 0.5376 0
  2.33695 3 - 3
    1.29662 0.398832 6
    1.69905 0.578046 2
    2.02327 0.023122 1
  2.35759 7 + 1
    1.33676 1 5
  2.36487 11 - 4
    0.86085 0.053572 15
    0.95688 0.033091 11
    1.18332 0.126005 8
    2.36487 0.787331 0
  2.367 5 + 2
    1.7291 0.5 2
    2.367 0.5 0
  2.36971 13 - 3
    0.86569 0.1192 15
    1.36545 0.6623 4
    2.36971 0.2185 0
  2.38212 3 + 3
    0.89886 0.339434 13
    1.30314 0.458746 7
    1.74422 0.20182 2
  2.3964 1 - 1
    1.21485 1 8
  2.45505 5 + 4
    0.34021 0.04515 25
    1.43422 0.077841 5
    1.45079 0.358104 4
    2.45505 0.518905 0
  2.47271 7 - 1
    1.83481 1 2
  2.47761 17 + 7
    0.11274 0.241007 38
    0.18561 0.043451 33
    0.31752 0.060832 29
    0.41822 0.031871 24
    1.06962 0.289709 11
    1.29606 0.078222 8
    1.45678 0.254908 5
  2.49181 3 - 3
    1.45148 0.269216 6
    1.50464 0.089745 3
    1.85391 0.641038 2
  2.50376 5 + 2
    0.99974 0.5263 15
    1.4995 0.4737 4
  2.51078 7 - 2
    1.10279 0.0991 11
    2.51078 0.9009 0
  2.52322 9 + 4
    1.03996 0.1902 13
    1.32588 0.163 9
    1.44424 0.1033 7
    1.88532 0.5435 2
  2.53882 1 - 1
    1.90092 1 2
  2.56236 11 - 3
    0.50297 0.134701 24
    1.38081 0.078691 8
    2.56236 0.786608 0
  2.58139 5 + 4
    0.28939 0.100704 33
    0.44719 0.671127 27
    1.1734 0.134205 11
    1.39984 0.093964 8
  2.61173 3 + 2
    1.12847 0.5128 13
    1.97383 0.4872 2

49 122 15
  0 2 + 0
  0.04 10 + 1
    0.04 1 0
  0.157 4 + 1
    0.157 1 0
  0.229 6 + 2
    0.189 0.5 1
    0.229 0.5 0
  0.262 8 + 1
    0.105 1 2
  0.29 16 - 1
    0.29 1 0
  0.299 12 - 2
    0.009 0.5 5
    0.259 0.5 1
  0.383 0 - 1
    0.383 1 0
  0.415 4 - 2
    0.186 0.5 3
    0.415 0.5 0
  0.598 6 - 2
    0.336 0.5 4
    0.441 0.5 2
  0.801 8 + 2
    0.539 0.5 4
    0.644 0.5 2
  0.942 2 - 2
    0.344 0.5 9
    0.785 0.5 2
  1.07 14 + 2
    0.78 0.5 5
    1.03 0.5 1
  1.12 4 - 2
    0.891 0.5 3
    1.12 0.5 0
  1.15 6 + 2
    1.11 0.5 1
    1.15 0.5 0

49 123 34
  0 9 + 0
  0.32721 1 - 1
    0.32721 1 0
  0.69855 3 - 1
    0.37134 1 1
  1.02739 11 - 1
    1.02739 1 0
  1.05229 5 + 2
    0.35374 0.1263 2
    1.05229 0.8737 0
  1.13751 5 - 2
    0.43896 0.2717 2
    0.8103 0.7283 1
  1.1658 9 + 2
    0.13841 0.043838 3
    1.1658 0.956162 0
  1.47379 7 + 1
    1.47379 1 0
  1.51212 9 + 1
    1.51212 1 0
  1.56627 9 + 1
    1.56627 1 0
  1.61576 5 - 2
    0.91721 0.920891 2
    1.28855 0.079109 1
  1.92634 3 - 2
    1.22779 0.6805 2
    1.59913 0.3195 1
  2.02069 7 + 3
    0.45442 0.2074 9
    0.88318 0.2056 5
    2.02069 0.587 0
  2.02985 3 + 2
    1.3313 0.7519 2
    1.70264 0.2481 1
  2.10095 13 - 1
    0.93515 1 6
  2.10274 9 - 1
    2.10274 1 0
  2.13661 3 + 4
    0.9991 0.086273 5
    1.08432 0.301409 4
    1.43806 0.510315 2
    1.8094 0.102003 1
  2.15863 5 + 1
    1.46008 1 2
  2.17845 9 - 5
    0.07571 0.466147 15
    0.0775 0.293029 14
    1.01265 0.177318 6
    1.15106 0.037244 3
    2.17845 0.026263 0
  2.1857 7 - 1
    0.08475 1 14
  2.26795 1 - 3
    1.10215 0.2626 6
    1.24056 0.6911 3
    2.26795 0.0463 0
  2.30959 11 + 3
    0.20685 0.2515 15
    1.14379 0.1857 6
    1.2822 0.5628 3
  2.35469 7 - 3
    0.334 0.09145 12
    1.18889 0.05385 6
    2.35469 0.8547 0
  2.37727 5 + 2
    0.34742 0.6803 13
    1.32498 0.3197 4
  2.39331 5 + 8
    0.2567 0.138696 16
    0.36346 0.01178 13
    0.82704 0.01557 9
    0.88119 0.205394 8
    1.2558 0.122396 5
    1.34102 0.142296 4
    1.69476 0.33079 2
    2.39331 0.033079 0
  2.42952 1 - 3
    0.81376 0.356064 10
    1.37723 0.265173 4
    1.73097 0.378762 2
  2.46149 3 - 3
    0.1068 0.0274 22
    0.9877 0.1269 7
    2.46149 0.8457 0
  2.50103 7 + 4
    0.48034 0.09865 12
    0.98891 0.3375 8
    1.47364 0.5192 3
    2.50103 0.04465 0
  2.52917 15 - 3
    0.60283 0.029442 11
    1.83062 0.795548 2
    2.20196 0.175011 1
  2.53538 11 + 5
    0.18069 0.16589 22
    0.26743 0.062676 20
    0.43443 0.461372 14
    1.36958 0.290683 6
    1.50799 0.019379 3
  2.54134 3 - 6
    0.51149 0.086667 13
    0.615 0.081258 11
    1.40383 0.030339 5
    1.48905 0.178795 4
    1.84279 0.541684 2
    2.21413 0.081258 1
  2.6022 7 + 2
    0.29261 0.034861 21
    2.6022 0.965139 0
  2.61781 5 - 2
    0.51507 0.3631 15
    1.45201 0.6369 6
  2.72354 1 + 2
    0.18816 0.2701 29
    1.55774 0.7299 6

49 124 8
  0 2 + 0
  0.03653 0 + 1
    0.03653 1 0
  0.05 16 - 1
    0.05 1 0
  0.122 4 - 1
    0.122 1 0
  0.17988 4 - 2
    0.14335 0.211 1
    0.17988 0.789 0
  0.24268 2 + 1
    0.0628 1 4
  0.365 6 + 2
    0.243 0.5 3
    0.365 0.5 0
  0.555 8 + 1
    0.555 1 0

49 125 39
  0 9 + 0
  0.36012 1 - 1
    0.36012 1 0
  0.79644 3 - 1
    0.43632 1 1
  1.0274 11 + 1
    1.0274 1 0
  1.09948 5 + 2
    0.30304 0.069347 2
    1.09948 0.930654 0
  1.17306 13 + 2
    0.14566 0.092836 3
    1.17306 0.907164 0
  1.2198 5 - 2
    0.42336 0.3218 2
    0.85968 0.6782 1
  1.56388 13 + 2
    0.53648 0.458 3
    1.56388 0.542 0
  1.5776 9 - 1
    1.5776 1 0
  1.58857 1 - 2
    0.36877 0.2088 6
    0.79213 0.7912 2
  1.81038 7 + 1
    1.01394 1 2
  1.9097 13 + 2
    0.73664 0.9498 5
    1.9097 0.0502 0
  1.9531 15 + 1
    0.0434 1 11
  1.95808 7 - 1
    1.95808 1 0
  1.9709 5 - 1
    1.9709 1 0
  2.0094 19 + 1
    0.0563 1 12
  2.0646 3 - 1
    2.0646 1 0
  2.1014 3 - 3
    0.1917 0.5587 11
    0.92834 0.3128 5
    2.1014 0.1285 0
  2.14718 5 + 2
    1.35074 0.075809 2
    2.14718 0.924191 0
  2.1612 23 - 1
    0.1518 1 15
  2.21783 7 - 2
    0.15323 0.0566 16
    1.04477 0.9434 5
  2.2485 3 + 2
    1.07544 0.4475 5
    1.2211 0.5525 3
  2.25265 7 - 2
    0.28175 0.4048 14
    2.25265 0.5952 0
  2.34944 9 + 4
    0.53906 0.043477 10
    1.24996 0.300376 4
    1.553 0.395268 2
    1.98932 0.260879 1
  2.37816 11 - 5
    0.16033 0.078428 20
    0.31356 0.148996 16
    0.40726 0.152895 14
    1.2051 0.227493 5
    1.35076 0.392188 3
  2.38128 5 + 2
    1.58484 0.8621 2
    2.02116 0.1379 1
  2.39259 1 - 3
    1.21953 0.133101 5
    1.36519 0.083791 3
    2.39259 0.783108 0
  2.41148 3 + 1
    1.23842 1 5
  2.49743 7 - 2
    0.68705 0.1935 10
    1.70099 0.8065 2
  2.57276 5 + 1
    1.3997 1 5
  2.58508 9 - 4
    0.7747 0.123198 10
    0.99651 0.49259 9
    1.36528 0.285694 6
    1.78864 0.098518 2
  2.61637 3 + 3
    0.23821 0.071863 24
    1.58897 0.329313 3
    2.61637 0.598824 0
  2.63158 7 - 1
    0.72188 1 11
  2.64029 11 + 4
    0.2477 0.2881 26
    0.26213 0.202 24
    0.73059 0.1788 11
    1.46723 0.3311 5
  2.68158 5 - 2
    1.46178 0.4286 6
    1.88514 0.5714 2
  2.72189 1 + 5
    0.657295 0.02311 16
    0.763815 0.08783 13
    1.1443 0.09296 8
    1.69449 0.5136 3
    2.72189 0.2825 0
  2.80212 9 - 3
    0.54947 0.05148 22
    1.77472 0.07592 3
    2.80212 0.8726 0
  2.8188 3 + 1
    0.9091 1 11
  2.86331 7 - 2
    1.83591 0.2126 3
    2.86331 0.7874 0

49 126 8
  0 6 + 0
  0.102 16 - 1
    0.102 1 0
  0.26009 4 - 1
    0.26009 1 0
  0.3081 8 - 2
    0.04801 0.5 2
    0.3081 0.5 0
  0.5554 2 - 1
    0.5554 1 0
  0.58545 10 - 3
    0.27735 0.2845 3
    0.32536 0.2845 2
    0.58545 0.431 0
  0.62561 12 - 1
    0.36552 1 2
  0.68823 2 + 4
    0.06262 0.017219 6
    0.10278 0.012689 5
    0.42814 0.906464 2
    0.68823 0.063627 0

49 127 20
  0 9 + 0
  0.4089 1 - 1
    0.4089 1 0
  0.9325 3 - 1
    0.5236 1 1
  1.06626 5 + 1
    1.06626 1 0
  1.2023 7 + 1
    1.2023 1 0
  1.23516 5 + 2
    0.1689 0.1437 3
    1.23516 0.8563 0
  1.3007 3 + 1
    0.3682 1 2
  1.5892 5 + 1
    0.6567 1 2
  1.61144 7 - 1
    0.37628 1 5
  1.863 21 - 1
    1.863 1 0
  2.085 23 - 1
    0.222 1 9
  2.317 25 + 1
    0.232 1 10
  2.364 29 + 1
    0.047 1 11
  2.67727 7 + 2
    1.74477 0.3333 2
    2.67727 0.6667 0
  2.688 5 - 2
    1.7555 0.7143 2
    2.688 0.2857 0
  2.7567 11 - 1
    1.14526 1 8
  2.8251 9 - 1
    1.6228 1 4
  2.852 3 - 1
    1.24056 1 8
  2.89395 1 - 1
    1.28251 1 8
  3.5895 13 + 1
    1.97806 1 8

49 128 6
  0 6 + 0
  0.24787 0 + 1
    0.24787 1 0
  0.31586 4 + 1
    0.06799 1 1
  0.34 16 - 1
    0.34 1 0
  0.71037 8 - 1
    0.4625 1 1
  1.17288 2 + 4
    0.46251 0.028211 4
    0.85702 0.783616 2
    0.92501 0.101902 1
    1.17288 0.086272 0

49 129 2
  0 9 + 0
  0.38 1 - 1
    0.38 1 0

49 130 13
  0 2 - 0
  0.05 20 - 1
    0.05 1 0
  0.3883 6 + 1
    0.3883 1 0
  0.4 10 + 1
    0.0117 1 2
  1.1703 4 + 1
    1.1703 1 0
  1.6692 2 - 1
    1.6692 1 0
  2.1202 2 + 4
    0.451 0.702358 5
    0.9499 0.175089 4
    1.7319 0.035018 2
    2.1202 0.087535 0
  2.5858 8 + 1
    2.5858 1 0
  4.4074 2 + 2
    2.7382 0.7246 5
    4.4074 0.2754 0
  4.6311 2 + 1
    4.6311 1 0
  5.0981 2 + 1
    5.0981 1 0
  5.1961 2 + 1
    5.1961 1 0
  5.3908 2 + 2
    2.805 0.7353 7
    5.3908 0.2647 0

49 131 5
  0 9 + 0
  0.302 1 - 1
    0.302 1 0
  1.65 3 - 1
    1.65 1 0
  2.75 5 - 1
    2.448 1 1
  3.764 21 + 1
    3.764 1 0

49 132 9
  0 14 - 0
  0.8 2 - 1
    0.8 1 0
  1.2 2 + 1
    1.2 1 0
  5 2 - 1
    4.2 1 1
  5.2 2 + 1
    4 1 2
  5.9 2 + 2
    0.7 0.5 4
    4.7 0.5 2
  8.1 2 + 2
    2.9 0.5 4
    6.9 0.5 2
  8.6 2 + 2
    3.4 0.5 4
    7.4 0.5 2
  9.3 2 + 2
    4.1 0.5 4
    8.1 0.5 2

49 133 2
  0 9 + 0
  0.33 1 - 1
    0.33 1 0

49 134 1
  0 16 - 0

49 135 1
  0 9 + 0

