77 164 1
  0 0 - 0

77 165 2
  0 1 + 0
  0.18 11 - 1
    0.18 1 0

77 166 2
  0 4 - 0
  0.172 18 + 1
    0.172 1 0

77 167 2
  0 1 + 0
  0.1753 11 - 1
    0.1753 1 0

77 168 1
  0 2 - 0

77 169 27
  0 1 + 0
  0.153 11 - 1
    0.153 1 0
  0.61015 13 - 1
    0.45715 1 1
  0.8112 15 - 2
    0.20105 0.3638 2
    0.6582 0.6362 1
  1.2432 15 - 1
    0.63305 1 2
  1.33098 17 - 2
    0.51978 0.6241 3
    0.72083 0.3759 2
  1.547 17 - 1
    0.93685 1 2
  1.57275 19 - 1
    0.76155 1 3
  1.72464 19 - 3
    0.15189 0.4835 7
    0.17764 0.1891 6
    0.39366 0.3274 5
  1.8031 17 - 1
    0.5599 1 4
  1.90063 19 - 2
    0.353625 0.8024 6
    1.08942 0.1976 3
  1.9978 21 - 1
    0.27316 1 8
  2.045 21 - 1
    0.144375 1 10
  2.11569 21 - 2
    0.54294 0.5582 7
    0.78471 0.4418 5
  2.2214 23 - 1
    0.2236 1 11
  2.26123 21 - 2
    0.26343 0.2528 11
    0.68848 0.7472 7
  2.26384 23 - 1
    0.5392 1 8
  2.3184 23 - 3
    0.3206 0.6218 11
    0.417775 0.122 10
    0.74565 0.2562 7
  2.4063 23 - 1
    0.83355 1 7
  2.4489 25 - 1
    0.1305 1 17
  2.4677 23 - 1
    0.20647 1 15
  2.5744 25 - 1
    0.31056 1 16
  2.6084 27 - 1
    0.1595 1 19
  2.8514 25 - 1
    0.3837 1 20
  2.8613 29 - 1
    0.2529 1 22
  3.1179 31 - 1
    0.2566 1 24
  3.4415 33 - 1
    0.3236 1 25

77 170 1
  0 6 - 0

77 171 2
  0 1 + 0
  0.1 11 - 1
    0.1 1 0

77 172 4
  0 6 + 0
  0.109 0 + 1
    0.109 1 0
  0.139 14 + 1
    0.139 1 0
  0.1684 10 - 1
    0.1684 1 0

77 173 2
  0 5 + 0
  0.1 11 - 1
    0.1 1 0

77 174 2
  0 6 + 0
  0.193 14 + 1
    0.193 1 0

77 175 34
  0 5 - 0
  0.049 9 - 1
    0.049 1 0
  0.053 5 - 1
    0.053 1 0
  0.132 7 - 1
    0.132 1 0
  0.156 7 - 1
    0.103 1 2
  0.196 7 - 1
    0.196 1 0
  0.277 11 - 1
    0.145 1 3
  0.279 13 - 1
    0.23 1 1
  0.282 9 - 2
    0.126 0.911136 4
    0.229 0.088864 2
  0.422 11 - 2
    0.226 0.5959 5
    0.373 0.4041 1
  0.426 11 + 2
    0.144 0.3226 8
    0.27 0.6774 4
  0.438 11 + 1
    0.161 1 6
  0.611 3 + 2
    0.173 0.4115 11
    0.334 0.5885 6
  0.652 17 - 1
    0.373 1 7
  0.66 13 + 5
    0.222 0.036419 11
    0.234 0.260195 10
    0.238 0.140297 9
    0.381 0.454091 7
    0.383 0.108998 6
  0.767 15 - 1
    0.345 1 9
  0.812 17 + 2
    0.152 0.9267 14
    0.16 0.0733 13
  1.061 21 + 1
    0.249 1 16
  1.114 21 - 1
    0.462 1 13
  1.388 25 + 1
    0.327 1 17
  1.629 25 - 1
    0.515 1 18
  1.784 29 + 1
    0.396 1 19
  2.174 29 - 1
    0.545 1 20
  2.242 33 + 1
    0.458 1 21
  2.735 33 - 1
    0.561 1 22
  2.756 37 + 1
    0.514 1 23
  3.301 37 - 1
    0.566 1 24
  3.323 41 + 1
    0.567 1 25
  3.896 41 - 1
    0.595 1 26
  3.939 45 + 1
    0.616 1 27
  4.549 45 - 1
    0.653 1 28
  4.603 49 + 1
    0.664 1 29
  5.315 53 + 1
    0.712 1 31
  6.076 57 + 1
    0.761 1 32

77 176 1
  0 10 + 0

77 177 98
  0 5 - 0
  0.04451 9 - 1
    0.04451 1 0
  0.0512 1 + 1
    0.0512 1 0
  0.0856 1 - 1
    0.0856 1 0
  0.1053 9 + 1
    0.0541 1 2
  0.148 3 - 3
    0.0624 0.333333 3
    0.0968 0.333333 2
    0.148 0.333333 0
  0.1572 3 + 2
    0.0716 0.5 3
    0.1572 0.5 0
  0.1808 5 + 2
    0.0755 0.5 4
    0.1296 0.5 2
  0.22297 7 - 4
    0.07497 0.25 5
    0.11767 0.25 4
    0.17846 0.25 1
    0.22297 0.25 0
  0.2585 13 - 1
    0.21399 1 1
  0.2659 5 - 3
    0.04293 0.333333 8
    0.1803 0.333333 3
    0.2659 0.333333 0
  0.2817 7 + 1
    0.1009 1 7
  0.3314 11 + 1
    0.1834 1 5
  0.393 15 + 2
    0.0616 0.5 12
    0.1345 0.5 9
  0.4047 9 + 2
    0.123 0.8921 11
    0.2239 0.1079 7
  0.4332 11 - 3
    0.1747 0.1819 9
    0.21023 0.2842 8
    0.38869 0.5339 1
  0.5497 11 + 2
    0.145 0.8587 14
    0.268 0.1413 11
  0.5754 11 - 1
    0.53089 1 1
  0.615 17 - 1
    0.3565 1 9
  0.7126 9 + 2
    0.5318 0.5 7
    0.6073 0.5 4
  0.73845 13 + 2
    0.18875 0.637 16
    0.33375 0.363 14
  0.7642 15 - 2
    0.331 0.3636 15
    0.5057 0.6364 9
  0.807 13 + 5
    0.0944 0.30297 19
    0.2573 0.10429 16
    0.3738 0.161584 15
    0.4023 0.067093 14
    0.5485 0.364064 9
  0.8584 15 - 2
    0.283 0.1611 17
    0.5999 0.8389 9
  0.8974 15 + 2
    0.15895 0.6587 20
    0.3477 0.3413 16
  0.9548 17 + 4
    0.1478 0.4229 22
    0.1906 0.102 21
    0.21635 0.1915 20
    0.3398 0.2836 18
  1.0759 21 - 1
    0.4609 1 18
  1.0987 17 + 2
    0.2013 0.4773 24
    0.36025 0.5227 20
  1.1886 19 - 2
    0.4244 0.5373 21
    0.5736 0.4627 18
  1.2152 21 + 1
    0.2604 1 25
  1.2249 19 - 3
    0.3665 0.30407 23
    0.4607 0.210779 21
    0.6099 0.485151 18
  1.3142 19 + 2
    0.2155 0.5962 27
    0.4168 0.4038 24
  1.5487 21 + 2
    0.2345 0.5492 31
    0.45 0.4508 27
  1.5631 25 + 1
    0.3479 1 29
  1.6112 25 - 1
    0.5353 1 26
  1.6529 23 - 3
    0.428 0.4536 30
    0.4643 0.2523 28
    0.577 0.2941 26
  1.6947 23 - 1
    0.5061 1 28
  1.79 23 + 2
    0.2413 0.4759 32
    0.4758 0.5241 31
  1.8762 23 + 1
    0.661 1 29
  1.9876 29 + 1
    0.4245 1 33
  2.059 25 + 2
    0.269 0.3314 37
    0.5103 0.6686 32
  2.1495 27 - 2
    0.4966 0.3932 35
    0.5383 0.6068 34
  2.2031 29 - 1
    0.5919 1 34
  2.2568 27 - 1
    0.5621 1 36
  2.2999 27 + 2
    0.4237 0.2877 38
    0.7368 0.7123 33
  2.3897 29 + 1
    0.8266 1 33
  2.4823 33 + 1
    0.4947 1 39
  2.5493 29 - 1
    0.9381 1 34
  2.6229 29 + 1
    0.5639 1 40
  2.7029 31 - 2
    0.4998 0.5455 42
    0.5534 0.4545 41
  2.8022 31 + 2
    0.5023 0.5887 44
    0.8146 0.4113 39
  2.8236 33 - 1
    0.6205 1 42
  2.856 31 - 1
    0.5992 1 43
  2.9782 29 + 1
    1.4151 1 33
  2.9964 33 - 2
    0.4471 0.146 47
    0.7933 0.854 42
  3.0412 37 + 1
    0.5589 1 46
  3.1924 33 + 1
    1.2048 1 39
  3.2488 33 + 1
    0.6259 1 48
  3.3049 33 + 1
    1.3173 1 39
  3.3059 35 - 1
    0.603 1 49
  3.3499 35 + 2
    0.5477 0.7144 50
    0.8676 0.2856 46
  3.3947 37 - 1
    0.5711 1 51
  3.4612 35 - 1
    0.6052 1 52
  3.6151 37 - 2
    0.6187 0.4989 54
    0.7915 0.5011 51
  3.6164 37 + 2
    0.424 0.2242 56
    1.1341 0.7758 46
  3.66 41 + 1
    0.6188 1 55
  3.7863 37 + 2
    0.4814 0.2746 58
    1.304 0.7254 46
  3.7957 37 + 1
    0.5469 1 57
  3.9502 39 + 2
    0.6003 0.6848 60
    0.909 0.3152 55
  3.9769 39 - 1
    0.671 1 59
  3.9888 41 - 1
    0.5941 1 61
  4.1019 41 + 2
    0.4855 0.7458 64
    1.0607 0.2542 55
  4.3245 41 + 2
    0.5382 0.6172 66
    1.2833 0.3828 55
  4.3335 41 - 2
    0.7184 0.8626 63
    0.9388 0.1374 61
  4.36385 45 + 1
    0.70385 1 65
  4.3932 43 - 2
    4.3932 0.5 0
    4.3932 0.5 0
  4.6001 43 + 2
    0.649901 0.7296 68
    0.940101 0.2704 65
  4.6516 45 + 2
    0.5497 0.6481 71
    0.9916 0.3519 65
  4.781 45 - 1
    0.7922 1 70
  4.9101 45 + 2
    0.5856 0.7833 72
    1.2501 0.2167 65
  5.0576 49 + 1
    0.69375 1 74
  5.1205 45 - 1
    0.787 1 73
  5.2601 47 + 2
    0.659999 0.8543 76
    0.89625 0.1457 74
  5.2683 49 + 2
    0.6167 0.7706 77
    0.90445 0.2294 74
  5.3869 49 - 1
    0.6059 1 78
  5.5423 49 + 1
    0.6322 1 79
  5.8112 53 + 1
    0.753601 1 80
  5.8457 7 - 1
    0.7881 1 80
  5.9661 53 + 2
    0.6978 0.6546 83
    0.9085 0.3454 80
  6.1731 53 - 1
    0.7862 1 84
  6.5752 57 + 1
    0.764 1 86
  6.6797 5 - 1
    0.834 1 87
  6.7608 57 + 2
    0.7947 0.943519 88
    0.949599 0.056481 86
  7.0241 57 - 1
    0.851 1 89
  7.3719 61 + 1
    0.796699 1 90
  7.6278 61 + 1
    0.867 1 92
  8.2202 65 + 1
    0.848301 1 94
  9.1252 69 + 1
    0.904999 1 96

77 178 3
  0 2 - 0
  0.0544 4 + 1
    0.0544 1 0
  0.123 6 + 1
    0.123 1 0

77 179 9
  0 5 - 0
  0.0998 1 - 1
    0.0998 1 0
  0.1931 3 - 2
    0.0933 0.4741 1
    0.1931 0.5259 0
  0.2715 1 + 1
    0.1717 1 1
  0.343 5 - 1
    0.2432 1 1
  0.3778 3 - 1
    0.1063 1 3
  0.394 7 - 2
    0.0162 0.5 5
    0.2009 0.5 2
  0.4932 3 + 2
    0.3001 0.4411 2
    0.3934 0.5589 1
  0.5024 5 - 2
    0.3093 0.434 2
    0.4026 0.566 1

77 180 5
  0 4 + 0
  0.0804 0 + 1
    0.0804 1 0
  0.114 6 + 1
    0.114 1 0
  0.167 8 + 1
    0.167 1 0
  0.212 2 + 1
    0.212 1 0

77 181 181
  0 5 - 0
  0.02489 9 - 1
    0.02489 1 0
  0.11199 1 - 1
    0.11199 1 0
  0.213 13 - 1
    0.18811 1 1
  0.24313 3 - 2
    0.13114 0.4188 2
    0.24313 0.5812 0
  0.28933 5 + 1
    0.28933 1 0
  0.29893 3 + 2
    0.18694 0.3314 2
    0.29893 0.6686 0
  0.3102 7 - 2
    0.28531 0.423 1
    0.3102 0.577 0
  0.34214 3 + 2
    0.09901 0.035161 4
    0.23015 0.964839 2
  0.3663 9 - 2
    0.34141 0.9771 1
    0.3663 0.0229 0
  0.39313 7 + 1
    0.1038 1 5
  0.44062 3 + 2
    0.09848 0.7932 8
    0.44062 0.2068 0
  0.44758 3 - 3
    0.20445 0.0371 4
    0.33559 0.6834 2
    0.44758 0.2795 0
  0.4835 11 - 1
    0.1172 1 9
  0.49219 7 - 3
    0.18199 0.157384 7
    0.24906 0.280672 4
    0.49219 0.561944 0
  0.4993 11 - 3
    0.1891 0.2468 7
    0.2863 0.2306 3
    0.47441 0.5226 1
  0.52151 9 + 2
    0.12838 0.8778 10
    0.23218 0.1222 5
  0.5489 17 - 1
    0.3359 1 3
  0.5688 5 + 2
    0.12818 0.821 11
    0.22666 0.179 8
  0.59119 5 - 4
    0.14361 0.077609 12
    0.34806 0.329597 4
    0.4792 0.307997 2
    0.59119 0.284797 0
  0.64593 1 + 3
    0.19835 0.137686 12
    0.4028 0.311669 4
    0.53394 0.550645 2
  0.6546 13 - 2
    0.1711 0.968439 13
    0.2883 0.031561 9
  0.6733 11 + 2
    0.15179 0.8479 16
    0.28017 0.1521 10
  0.6982 7 + 2
    0.2147 0.4505 13
    0.3319 0.5495 9
  0.8156 15 - 3
    0.2667 0.107299 17
    0.3163 0.091209 15
    0.6026 0.801492 3
  0.82576 5 + 2
    0.58263 0.6262 4
    0.71377 0.3738 2
  0.8296 9 + 2
    0.5194 0.5236 7
    0.58647 0.4764 4
  0.83214 7 + 3
    0.49 0.215304 8
    0.53321 0.694414 6
    0.54281 0.090282 5
  0.838 15 - 2
    0.1834 0.8532 21
    0.3545 0.1468 13
  0.8447 13 + 2
    0.1714 0.8089 22
    0.32319 0.1911 16
  0.8813 1 + 2
    0.1831 0.1667 23
    0.515 0.8333 9
  0.9802 5 + 3
    0.53958 0.256526 11
    0.63806 0.371737 8
    0.69087 0.371737 5
  1.005 21 - 1
    0.4561 1 17
  1.0159 15 - 1
    0.8029 1 3
  1.02583 7 + 2
    0.3799 0.4286 20
    0.57825 0.5714 12
  1.0352 15 + 2
    0.1905 0.6709 29
    0.3619 0.3291 22
  1.0409 17 - 2
    0.2029 0.7181 28
    0.3863 0.2819 21
  1.2276 15 + 2
    0.6787 0.4511 17
    1.0146 0.5489 3
  1.2394 17 + 2
    0.2042 0.6693 35
    0.3947 0.3307 29
  1.2454 19 - 2
    0.4298 0.3014 24
    0.6965 0.6986 17
  1.2566 19 - 2
    0.2157 0.6944 36
    0.4186 0.3056 28
  1.2581 9 + 2
    0.3768 0.8051 30
    0.5599 0.1949 23
  1.3818 17 + 3
    0.3659 0.1197 33
    0.5662 0.4077 24
    0.8329 0.4726 17
  1.4587 19 + 2
    0.2193 0.514 38
    0.4235 0.486 35
  1.4867 21 - 2
    0.2301 0.5882 40
    0.4458 0.4118 36
  1.5514 25 - 1
    0.5464 1 32
  1.55347 5 - 5
    0.723875 0.064558 26
    0.907545 0.493285 20
    0.962285 0.33489 19
    1.06128 0.061158 14
    1.10589 0.046109 12
  1.5552 3 + 1
    1.21306 1 8
  1.5761 17 - 3
    0.318 0.824567 41
    0.5711 0.087297 32
    0.7381 0.088136 28
  1.6207 19 + 2
    0.3931 0.7329 37
    1.0718 0.2671 17
  1.66776 7 - 5
    1.02183 0.2681 20
    1.07657 0.1528 19
    1.36883 0.1716 6
    1.55577 0.193 2
    1.66776 0.2145 0
  1.6769 21 + 3
    0.2951 0.6777 42
    0.4315 0.1369 39
    0.6719 0.1854 32
  1.68076 5 - 3
    1.33862 0.2275 8
    1.56877 0.2434 2
    1.68076 0.5291 0
  1.6867 21 + 2
    0.228 0.5301 43
    0.4473 0.4699 38
  1.69891 9 - 5
    0.86931 0.144797 26
    1.05298 0.144797 20
    1.10772 0.076018 19
    1.58692 0.362893 2
    1.69891 0.271495 0
  1.7267 23 - 2
    0.24 0.6063 44
    0.4701 0.3937 40
  1.74992 7 + 8
    0.72409 0.1444 34
    0.76972 0.1224 31
    0.91778 0.2105 27
    1.15873 0.1003 19
    1.30234 0.04405 12
    1.40778 0.245 8
    1.50679 0.02325 4
    1.63793 0.1101 2
  1.7635 23 - 2
    0.5181 0.4278 39
    0.7585 0.5722 32
  1.7742 3 + 1
    1.12827 1 20
  1.8071 19 + 1
    0.7662 1 36
  1.8381 21 + 1
    0.1612 1 51
  1.8826 21 + 2
    0.0755 0.3738 59
    0.626 0.6262 40
  1.9073 21 - 1
    0.9023 1 32
  1.9276 23 + 2
    0.2409 0.4063 53
    0.4689 0.5937 43
  1.9563 17 + 3
    0.3802 0.3269 48
    0.9154 0.4549 36
    1.1183 0.2182 28
  1.9615 19 - 3
    0.3854 0.4274 48
    0.9206 0.3371 36
    1.1235 0.2355 28
  1.9785 25 - 2
    0.2518 0.5078 55
    0.4918 0.4922 44
  1.98485 21 - 2
    0.02335 0.5 65
    0.02855 0.5 64
  1.9903 23 + 3
    0.1077 0.910827 61
    0.1832 0.039541 59
    0.5036 0.049631 44
  2.0343 23 + 3
    0.04945 0.752953 67
    0.1517 0.203814 61
    0.5476 0.043233 44
  2.0618 25 + 1
    0.3849 1 51
  2.0865 23 + 1
    0.4658 1 49
  2.1242 25 + 2
    0.2861 0.7493 60
    0.4473 0.2507 51
  2.1298 25 + 3
    0.1395 0.875426 68
    0.2472 0.062732 61
    0.4031 0.061842 55
  2.1568 29 - 1
    0.6054 1 45
  2.1751 23 - 1
    0.19025 1 67
  2.1773 25 + 2
    0.2497 0.3161 63
    0.4906 0.6839 53
  2.1917 25 + 1
    0.1574 1 69
  2.2396 27 - 2
    0.2611 0.4338 66
    0.5129 0.5662 55
  2.2991 27 + 2
    0.1693 0.8543 73
    0.3088 0.1457 68
  2.3114 5 - 1
    0.76 1 45
  2.3366 27 - 2
    0.5731 0.6792 57
    0.7852 0.3208 45
  2.382 27 + 2
    0.1903 0.8556 77
    0.3477 0.1444 69
  2.40165 25 - 2
    0.22655 0.8165 75
    0.4168 0.1835 67
  2.4213 25 - 1
    0.514 1 62
  2.4409 27 + 2
    0.2636 0.3502 76
    0.5133 0.6498 63
  2.495 29 + 3
    0.3652 0.1499 73
    0.3708 0.1496 72
    0.4332 0.7005 70
  2.499 29 + 4
    0.1999 0.412659 79
    0.3692 0.258274 73
    0.3748 0.126287 72
    0.4372 0.20278 70
  2.5125 29 - 2
    0.2729 0.3723 78
    0.534 0.6277 66
  2.5291 29 + 2
    0.4049 0.3033 72
    0.4673 0.6967 70
  2.5565 7 - 2
    0.3997 0.4164 74
    1.0051 0.5836 45
  2.5972 29 + 2
    0.19555 0.8174 83
    0.4055 0.1826 77
  2.6025 27 - 2
    0.20085 0.7263 83
    0.4274 0.2737 75
  2.6256 27 + 1
    0.5391 1 71
  2.7128 29 + 2
    0.2719 0.3511 85
    0.5355 0.6489 76
  2.7213 31 + 2
    0.2223 0.4242 87
    0.4222 0.5758 79
  2.7783 33 - 1
    0.6215 1 74
  2.796 31 - 2
    0.2835 0.361 88
    0.5564 0.639 78
  2.8335 31 + 2
    0.2363 0.6569 91
    0.43185 0.3431 83
  2.837 29 - 2
    0.2345 0.6039 92
    0.43535 0.3961 83
  2.913 31 - 2
    0.5764 0.6312 81
    0.7562 0.3688 74
  2.9673 29 - 2
    0.546 0.2366 84
    0.8105 0.7634 74
  2.9698 33 + 3
    0.2485 0.5137 95
    0.4708 0.2592 87
    0.4748 0.2271 86
  2.9822 33 + 2
    0.4832 0.432 87
    0.4872 0.568 86
  3.0024 31 + 2
    0.2896 0.4683 94
    0.5615 0.5317 85
  3.0249 33 + 2
    0.4958 0.8933 89
    0.5299 0.1067 86
  3.0842 31 - 2
    0.2472 0.3679 99
    0.4817 0.6321 92
  3.0879 33 + 2
    0.2544 0.4876 98
    0.4907 0.5124 91
  3.0919 33 - 2
    0.2959 0.3603 97
    0.5794 0.6397 88
  3.2165 31 + 1
    0.5909 1 93
  3.2402 35 + 2
    0.2704 0.3894 102
    0.5189 0.6106 95
  3.2783 33 + 2
    0.2759 0.2724 104
    0.5655 0.7276 94
  3.3409 33 - 2
    0.2567 0.3494 106
    0.5039 0.6506 99
  3.3486 37 - 1
    0.5703 1 96
  3.3574 35 + 2
    0.2695 0.4323 107
    0.5239 0.5677 98
  3.3998 35 - 2
    0.3079 0.3897 108
    0.6038 0.6103 97
  3.4993 35 - 1
    0.5863 1 100
  3.5293 37 + 2
    0.2891 0.403 110
    0.5595 0.597 102
  3.535 37 + 1
    0.5528 1 103
  3.5679 33 - 2
    0.6006 0.2731 101
    0.7896 0.7269 96
  3.5689 37 + 1
    0.544 1 105
  3.6006 35 - 2
    0.2597 0.329 112
    0.5164 0.671 106
  3.6143 35 + 2
    0.336 0.2833 111
    0.6119 0.7167 104
  3.6407 37 + 2
    0.2833 0.4897 114
    0.5528 0.5103 107
  3.7181 37 - 2
    0.3183 0.3854 115
    0.6262 0.6146 108
  3.8382 39 + 2
    0.3089 0.279 117
    0.598 0.721 110
  3.8569 35 + 1
    0.6404 1 109
  3.8596 5 - 1
    0.511 1 113
  3.8769 37 + 2
    0.2626 0.3403 122
    0.5986 0.6597 111
  3.90685 37 - 2
    0.30625 0.4487 121
    0.56595 0.5513 112
  3.936 39 + 2
    0.2953 0.3332 123
    0.5786 0.6668 114
  3.9495 41 - 1
    0.6009 1 113
  4.0396 5 - 1
    0.691 1 113
  4.0454 39 - 2
    0.3273 0.387 124
    0.6456 0.613 115
  4.1198 39 - 2
    0.6205 0.6229 116
    0.7712 0.3771 113
  4.1344 41 + 1
    0.5994 1 118
  4.1526 41 + 2
    0.5837 0.6142 120
    0.6233 0.3858 117
  4.1629 41 + 2
    0.594 0.1872 120
    0.6336 0.8128 117
  4.1744 39 - 2
    0.26755 0.5485 129
    0.5738 0.4515 121
  4.2438 41 + 2
    0.3078 0.2002 130
    0.6031 0.7998 123
  4.2527 39 + 2
    0.3758 0.1381 128
    0.6384 0.8619 122
  4.2768 37 - 2
    0.7089 0.6014 119
    0.9282 0.3986 113
  4.3851 41 - 2
    0.3397 0.4049 133
    0.667 0.5951 124
  4.4435 41 - 1
    0.53665 1 129
  4.4954 43 + 1
    0.6572 1 125
  4.51605 41 + 1
    0.639151 1 128
  4.5359 39 + 1
    0.679 1 126
  4.5635 43 + 2
    0.3197 0.1526 139
    0.6275 0.8474 130
  4.6323 45 - 1
    0.6828 1 131
  4.727 43 - 2
    0.3419 0.3731 142
    0.6816 0.6269 133
  4.7777 45 + 1
    0.6433 1 135
  4.7889 45 + 1
    0.6363 1 136
  4.8018 43 - 1
    0.682 1 134
  4.8409 45 + 1
    0.678 1 137
  4.8969 45 + 1
    0.6531 1 139
  4.9127 43 + 1
    0.660001 1 140
  5.0368 41 - 1
    0.76 1 141
  5.0854 45 - 2
    0.3584 0.4828 149
    0.7003 0.5172 142
  5.129 45 + 1
    0.612949 1 145
  5.2054 47 + 1
    0.71 1 144
  5.2435 47 + 1
    0.68 1 147
  5.2549 43 + 1
    0.719 1 146
  5.3891 49 - 1
    0.756801 1 148
  5.4464 47 - 2
    0.361 0.5506 157
    0.7194 0.4494 149
  5.4702 49 + 1
    0.681301 1 151
  5.4747 49 + 1
    0.697 1 150
  5.5358 47 - 1
    0.734 1 152
  5.5649 49 + 1
    0.724 1 153
  5.5967 47 + 1
    0.684 1 155
  5.6033 49 + 1
    0.7064 1 154
  5.8224 49 - 2
    0.376 0.4591 163
    0.737 0.5409 157
  5.9764 51 + 1
    0.7329 1 160
  6.2012 53 + 1
    0.730999 1 164
  6.20325 53 - 1
    0.814149 1 162
  6.2044 51 - 1
    0.758 1 163
  6.2337 53 + 1
    0.759 1 165
  6.3329 53 + 1
    0.768 1 167
  6.3613 53 + 1
    0.758 1 169
  6.6074 53 - 1
    0.785 1 170
  6.9822 57 + 1
    0.781001 1 172
  7.0521 57 - 1
    0.848851 1 173

77 182 75
  0 6 + 0
  0.0081 6 + 1
    0.0081 1 0
  0.02589 10 + 1
    0.02589 1 0
  0.07102 10 + 2
    0.04513 0.943 2
    0.07102 0.057 0
  0.07482 4 + 1
    0.07482 1 0
  0.08738 4 + 1
    0.08738 1 0
  0.0888 8 + 1
    0.01778 1 3
  0.09507 8 + 2
    0.06918 0.6387 2
    0.09507 0.3613 0
  0.1099 12 + 1
    0.03888 1 3
  0.15223 4 - 2
    0.06485 0.027829 5
    0.07741 0.972171 4
  0.16192 8 - 3
    0.06685 0.106496 7
    0.0909 0.834867 3
    0.16192 0.058638 0
  0.1714 14 + 1
    0.14551 1 2
  0.17448 6 - 1
    0.01256 1 10
  0.1764 12 - 1
    0.10538 1 3
  0.1858 14 + 1
    0.0759 1 8
  0.19037 6 + 1
    0.10157 1 6
  0.19436 2 + 2
    0.10698 0.8551 5
    0.11954 0.1449 4
  0.1998 2 - 1
    0.04757 1 9
  0.21097 2 + 3
    0.05874 0.0627 9
    0.12359 0.1312 5
    0.13615 0.8061 4
  0.2316 12 - 2
    0.0552 0.4645 13
    0.06968 0.5355 10
  0.2551 4 + 1
    0.04413 1 18
  0.2596 4 + 2
    0.17222 0.1243 5
    0.18478 0.8757 4
  0.2666 14 - 1
    0.035 1 19
  0.2838 4 + 2
    0.19642 0.4426 5
    0.2838 0.5574 0
  0.2922 16 + 2
    0.1064 0.8385 14
    0.1823 0.1615 8
  0.32093 4 - 3
    0.10996 0.02153 18
    0.14645 0.947519 12
    0.1687 0.030951 9
  0.34166 8 + 2
    0.24659 0.467 7
    0.26684 0.533 4
  0.34567 4 - 1
    0.17119 1 12
  0.3467 16 - 1
    0.0801 1 22
  0.37706 4 + 1
    0.18669 1 15
  0.38216 6 + 5
    0.22024 0.082584 10
    0.28709 0.363874 7
    0.30734 0.371174 4
    0.37406 0.121891 1
    0.38216 0.060476 0
  0.426 18 + 3
    0.1338 0.3296 24
    0.2402 0.3593 14
    0.2546 0.3111 11
  0.4394 18 + 3
    0.1472 0.139 24
    0.2536 0.2914 14
    0.268 0.5696 11
  0.4525 4 + 4
    0.07034 0.671813 30
    0.11084 0.095202 26
    0.26213 0.143003 15
    0.27802 0.089982 12
  0.4583 6 + 1
    0.4583 1 0
  0.5198 18 - 2
    0.1731 0.7805 28
    0.2532 0.2195 22
  0.5907 20 + 3
    0.1513 0.1987 32
    0.1647 0.184 31
    0.2985 0.6173 24
  0.61521 10 - 2
    0.15691 0.4896 34
    0.61521 0.5104 0
  0.6324 20 - 2
    0.1126 0.5985 35
    0.2857 0.4015 28
  0.63687 8 - 5
    0.18437 0.139808 33
    0.35307 0.056803 23
    0.37727 0.354621 21
    0.54949 0.061444 5
    0.56205 0.387323 4
  0.6627 2 - 4
    0.2102 0.4587 33
    0.4031 0.2385 21
    0.46834 0.1448 16
    0.58788 0.158 4
  0.7763 22 + 2
    0.1856 0.2164 36
    0.3503 0.7836 31
  0.7829 10 - 1
    0.5233 1 21
  0.807 22 + 1
    0.3676 1 32
  0.8528 6 + 2
    0.5932 0.4493 21
    0.82691 0.5507 2
  0.9041 8 - 2
    0.52704 0.68 29
    0.71373 0.32 15
  0.9075 22 - 2
    0.2751 0.7397 38
    0.3877 0.2603 35
  0.9227 0 - 1
    0.57703 1 27
  0.9853 24 + 1
    0.3946 1 36
  1.00234 2 + 14
    0.33964 0.02034 40
    0.36547 0.056671 39
    0.38713 0.0179 37
    0.54984 0.04181 33
    0.62018 0.01836 30
    0.62528 0.03604 29
    0.65667 0.232702 27
    0.68141 0.422904 25
    0.71854 0.01598 23
    0.74274 0.0103 21
    0.79137 0.074031 18
    0.80798 0.01118 16
    0.81197 0.0157 15
    0.91496 0.02608 5
  1.02485 2 + 9
    0.24195 0.051578 42
    0.36215 0.115697 40
    0.38798 0.074338 39
    0.57235 0.257792 33
    0.64269 0.054658 30
    0.64779 0.088547 29
    0.67918 0.152795 27
    0.70392 0.152695 25
    0.83448 0.051898 15
  1.039 24 - 2
    0.1315 0.2076 46
    0.4066 0.7924 38
  1.13566 6 - 3
    0.78999 0.372196 27
    0.81473 0.555394 25
    0.92469 0.072409 18
  1.2121 26 + 1
    0.4358 1 41
  1.2483 26 + 1
    0.4413 1 43
  1.4086 26 - 2
    0.3696 0.5226 51
    0.5011 0.4774 46
  1.4568 28 + 1
    0.4715 1 48
  1.5407 8 - 1
    1.2811 1 21
  1.5546 28 - 2
    0.146 0.1563 55
    0.5156 0.8437 51
  1.7145 30 + 1
    0.5024 1 53
  1.73 30 + 1
    0.4817 1 54
  1.9862 32 + 1
    0.5294 1 56
  1.9953 30 - 1
    0.4407 1 58
  2.1591 32 - 1
    0.6045 1 58
  2.2378 34 + 1
    0.5078 1 60
  2.2671 34 + 1
    0.5526 1 59
  2.5597 36 + 1
    0.5735 1 61
  2.782 38 + 1
    0.5442 1 64
  2.8233 36 - 1
    0.6642 1 63
  2.8601 38 + 1
    0.593 1 65
  3.1724 40 + 1
    0.6127 1 66
  3.3885 42 + 1
    0.6065 1 67
  3.4921 42 + 1
    0.632 1 69
  3.5204 40 - 1
    0.6971 1 68
  3.8694 44 + 1
    0.697 1 70

77 183 39
  0 5 - 0
  0.0162 9 - 1
    0.0162 1 0
  0.1193 1 - 1
    0.1193 1 0
  0.185 13 - 1
    0.1688 1 1
  0.3076 5 + 2
    0.1883 0.5 2
    0.3076 0.5 0
  0.3288 7 - 2
    0.3126 0.4448 1
    0.3288 0.5552 0
  0.4126 7 + 1
    0.105 1 4
  0.494 17 - 1
    0.309 1 3
  0.5426 9 + 2
    0.13 0.5 6
    0.235 0.5 4
  0.6455 9 - 3
    0.3167 0.3426 5
    0.6293 0.5371 1
    0.6455 0.1203 0
  0.6956 11 + 2
    0.153 0.5 8
    0.283 0.5 6
  0.8696 13 + 2
    0.174 0.5 10
    0.327 0.5 8
  0.9188 21 - 1
    0.4248 1 7
  1.0596 15 + 2
    0.19 0.5 11
    0.364 0.5 10
  1.2626 17 + 2
    0.203 0.5 13
    0.393 0.5 11
  1.4268 25 - 1
    0.508 1 12
  1.4756 19 + 2
    0.213 0.5 14
    0.416 0.5 13
  1.6916 21 + 2
    0.216 0.5 16
    0.429 0.5 14
  1.9166 23 + 2
    0.225 0.5 17
    0.441 0.5 16
  1.9777 29 - 1
    0.5509 1 15
  2.1426 25 + 2
    0.226 0.5 18
    0.451 0.5 17
  2.3886 27 + 2
    0.246 0.5 20
    0.472 0.5 18
  2.5397 33 - 1
    0.562 1 19
  2.6356 29 + 2
    0.247 0.5 21
    0.493 0.5 20
  2.9096 31 + 2
    0.274 0.5 23
    0.521 0.5 21
  3.1194 37 - 1
    0.5797 1 22
  3.1816 33 + 2
    0.272 0.5 24
    0.546 0.5 23
  3.4816 35 + 2
    0.3 0.5 26
    0.572 0.5 24
  3.7454 41 - 1
    0.626 1 25
  3.7746 37 + 2
    0.293 0.5 27
    0.593 0.5 26
  4.0956 39 + 2
    0.321 0.5 29
    0.614 0.5 27
  4.4016 41 + 2
    0.306 0.5 30
    0.627 0.5 29
  4.4404 45 - 1
    0.695 1 28
  4.7526 43 + 1
    0.657 1 30
  5.0526 45 + 1
    0.651 1 31
  5.214 49 - 1
    0.7736 1 32
  5.4346 47 + 1
    0.682 1 33
  6.064 53 - 1
    0.85 1 35
  6.987 57 - 1
    0.923 1 37

77 184 72
  0 10 - 0
  0.0116 10 + 1
    0.0116 1 0
  0.0184 10 - 1
    0.0184 1 0
  0.0418 12 - 1
    0.0418 1 0
  0.07075 8 - 1
    0.07075 1 0
  0.111 14 - 1
    0.0692 1 3
  0.2078 16 - 1
    0.0968 1 5
  0.22565 6 + 2
    0.1549 0.8187 4
    0.22565 0.1813 0
  0.2326 10 + 1
    0.00695 1 7
  0.23716 4 + 1
    0.01151 1 7
  0.26272 6 - 1
    0.19197 1 4
  0.29328 4 + 1
    0.06763 1 7
  0.29555 4 + 1
    0.05839 1 9
  0.3273 18 - 2
    0.1195 0.937453 6
    0.2163 0.062547 5
  0.3284 14 + 2
    0.2866 0.5157 3
    0.3284 0.4843 0
  0.34272 2 + 2
    0.04944 0.5221 11
    0.11707 0.4779 7
  0.35549 4 - 1
    0.09277 1 10
  0.3679 14 + 1
    0.1353 1 8
  0.42825 2 + 2
    0.08553 0.8754 15
    0.13497 0.1246 11
  0.43249 4 + 4
    0.08977 0.168 15
    0.13921 0.5337 11
    0.16977 0.1914 10
    0.20684 0.1069 7
  0.47873 2 + 1
    0.18318 1 12
  0.4814 16 + 1
    0.153 1 14
  0.4849 2 + 1
    0.05241 1 19
  0.492385 20 - 2
    0.165085 0.887 13
    0.284585 0.113 6
  0.49927 8 + 4
    0.06678 0.559906 19
    0.48087 0.070841 2
    0.48767 0.064051 1
    0.49927 0.305203 0
  0.50238 2 - 2
    0.14689 0.8838 16
    0.23966 0.1162 10
  0.50481 2 - 2
    0.14932 0.8764 16
    0.16209 0.1236 15
  0.50946 2 + 3
    0.08121 0.430374 18
    0.16674 0.073456 15
    0.21618 0.49617 11
  0.5194 6 + 3
    0.22612 0.2597 11
    0.25668 0.2409 10
    0.44865 0.4994 4
  0.55448 4 + 3
    0.21176 0.432857 15
    0.2612 0.245875 11
    0.32883 0.321268 7
  0.60471 8 + 2
    0.10544 0.7435 24
    0.30916 0.2565 12
  0.62103 2 + 2
    0.11865 0.047252 25
    0.27831 0.952748 15
  0.6339 18 + 1
    0.266 1 17
  0.63902 6 + 5
    0.13975 0.6902 24
    0.20653 0.1286 19
    0.34347 0.0728 12
    0.40186 0.05975 9
    0.56827 0.04865 4
  0.6486 22 - 2
    0.156215 0.7005 23
    0.3213 0.2995 13
  0.6588 18 + 2
    0.1774 0.689 21
    0.3304 0.311 14
  0.65981 6 + 1
    0.155 1 26
  0.66321 4 + 2
    0.32049 0.6145 15
    0.43756 0.3855 7
  0.79261 8 - 1
    0.2878 1 26
  0.81482 8 - 2
    0.15501 0.3789 36
    0.31244 0.6211 25
  0.85595 4 + 5
    0.21693 0.581406 33
    0.25124 0.191602 30
    0.33655 0.175002 28
    0.37105 0.02178 22
    0.37722 0.03021 20
  0.8583 20 + 2
    0.1995 0.4374 35
    0.3769 0.5626 21
  0.87406 6 - 3
    0.3646 0.393439 27
    0.53134 0.258726 15
    0.58078 0.347835 11
  0.8775 24 - 2
    0.2289 0.6818 34
    0.385115 0.3182 23
  0.90385 2 + 8
    0.08903 0.019001 39
    0.38445 0.00819 28
    0.39439 0.153611 27
    0.39904 0.025162 26
    0.47136 0.046053 19
    0.4756 0.028302 18
    0.54836 0.624944 16
    0.61057 0.094737 11
  0.91012 12 - 1
    0.35564 1 29
  0.925 2 + 3
    0.41554 0.4515 27
    0.49675 0.1496 18
    0.63172 0.3989 11
  0.94263 6 - 1
    0.27942 1 37
  1.0307 22 + 1
    0.3968 1 32
  1.06527 2 + 6
    0.12264 0.146507 47
    0.16142 0.316516 44
    0.20932 0.245612 40
    0.63278 0.082274 19
    0.63702 0.021881 18
    0.70978 0.187209 16
  1.0717 26 - 2
    0.1942 0.4563 43
    0.4231 0.5437 34
  1.076 22 + 2
    0.2177 0.3892 41
    0.4172 0.6108 35
  1.0866 2 + 7
    0.14397 0.032826 47
    0.17648 0.023987 45
    0.18275 0.179179 44
    0.23065 0.149783 40
    0.53212 0.052794 29
    0.58179 0.008095 26
    0.73111 0.553336 16
  1.1661 8 - 1
    0.81061 1 16
  1.2231 6 - 1
    0.40828 1 39
  1.3079 24 + 2
    0.2319 0.1878 51
    0.4496 0.8122 41
  1.362 8 - 1
    0.56939 1 38
  1.3779 28 - 2
    0.3062 0.5619 50
    0.5004 0.4381 43
  1.5484 26 + 2
    0.4724 0.7156 51
    0.5177 0.2844 48
  1.55 26 + 1
    0.5193 1 48
  1.5922 30 - 2
    0.2143 0.3586 57
    0.5205 0.6414 50
  1.7924 28 + 1
    0.4845 1 55
  1.9773 32 - 2
    0.3851 0.5333 60
    0.5994 0.4667 57
  2.0391 30 + 1
    0.4907 1 58
  2.1797 30 + 1
    0.6297 1 59
  2.2054 34 - 2
    0.2281 0.4861 62
    0.6132 0.5139 60
  2.2913 32 + 1
    0.4989 1 61
  2.5568 34 + 1
    0.5177 1 63
  2.6562 36 - 2
    0.4508 0.5 65
    0.6789 0.5 62
  2.8376 36 + 1
    0.5463 1 66
  2.8998 38 - 2
    0.2436 0.5 68
    0.6944 0.5 65
  3.1382 38 + 1
    0.5814 1 67

77 185 83
  0 5 - 0
  0.0058 9 - 1
    0.0058 1 0
  0.1353 1 - 1
    0.1353 1 0
  0.1586 13 - 1
    0.1528 1 1
  0.2296 3 + 2
    0.0943 0.02058 2
    0.2296 0.97942 0
  0.2551 3 - 2
    0.1198 0.4924 2
    0.2551 0.5076 0
  0.3001 7 - 2
    0.2943 0.4624 1
    0.3001 0.5376 0
  0.3327 1 + 2
    0.1031 0.1314 4
    0.1974 0.8686 2
  0.3353 5 + 2
    0.1057 0.6301 4
    0.3353 0.3699 0
  0.4187 3 + 3
    0.0834 0.1274 8
    0.086 0.7349 7
    0.4187 0.1377 0
  0.4423 5 + 5
    0.0236 0.47501 9
    0.107 0.072561 8
    0.1096 0.237005 7
    0.2127 0.200904 4
    0.4423 0.01452 0
  0.44883 17 - 1
    0.29023 1 3
  0.4657 11 - 2
    0.3071 0.4077 3
    0.4599 0.5923 1
  0.4969 7 + 2
    0.1616 0.1032 8
    0.2673 0.8968 4
  0.5068 5 - 2
    0.2067 0.4987 6
    0.2517 0.5013 5
  0.5197 3 - 2
    0.2646 0.4237 5
    0.3844 0.5763 2
  0.556 5 + 2
    0.1137 0.5139 10
    0.1373 0.4861 9
  0.6466 11 - 2
    0.488 0.094091 3
    0.6408 0.905909 1
  0.6487 9 + 1
    0.3134 1 8
  0.6968 7 + 3
    0.1408 0.6987 16
    0.2781 0.1506 9
    0.3615 0.1507 8
  0.7203 9 + 4
    0.2006 0.01519 15
    0.4652 0.410104 5
    0.585 0.271003 2
    0.7203 0.303703 0
  0.7271 15 + 3
    0.427 0.1231 6
    0.7213 0.7011 1
    0.7271 0.1758 0
  0.75597 15 - 2
    0.30714 0.2333 11
    0.59737 0.7667 3
  0.8014 7 + 2
    0.7956 0.3789 1
    0.8014 0.6211 0
  0.8523 13 - 2
    0.6937 0.5848 3
    0.8465 0.4152 1
  0.8611 9 + 2
    0.3414 0.4573 15
    0.7258 0.5427 2
  0.86942 21 - 1
    0.42059 1 11
  0.8769 11 + 2
    0.3701 0.422 14
    0.5768 0.578 6
  0.8811 9 + 2
    0.1843 0.7216 19
    0.3251 0.2784 16
  0.8997 7 - 1
    0.2531 1 17
  0.9226 1 - 3
    0.4569 0.1371 12
    0.764 0.2699 3
    0.9168 0.593 1
  0.9447 13 - 1
    0.2981 1 17
  1.0167 3 + 1
    0.3701 1 17
  1.0389 5 + 2
    0.5732 0.2922 12
    0.8803 0.7078 3
  1.0681 3 + 3
    0.6258 0.1111 10
    0.7354 0.4724 7
    0.8385 0.4165 4
  1.0866 11 + 2
    0.2055 0.4853 28
    0.3898 0.5147 19
  1.1031 7 - 1
    0.1805 1 30
  1.1302 5 - 2
    0.2779 0.3056 24
    0.9716 0.6944 3
  1.1361 7 - 1
    0.1914 1 31
  1.1639 19 - 2
    0.40793 0.3129 22
    0.71507 0.6871 11
  1.17 9 + 3
    0.7277 0.333333 10
    0.7513 0.333333 9
    0.8373 0.333333 7
  1.1923 15 - 2
    0.2476 0.5943 31
    0.5457 0.4057 17
  1.211 1 + 3
    0.4907 0.4255 20
    0.6913 0.2766 15
    0.7042 0.2979 14
  1.2283 5 + 3
    0.508 0.333333 20
    0.7215 0.333333 14
    1.093 0.333333 2
  1.2597 3 - 1
    0.243 1 32
  1.295 7 + 2
    0.7882 0.2593 14
    1.0399 0.7407 5
  1.3049 13 + 2
    0.2183 0.5571 35
    0.4238 0.4429 28
  1.3159 11 - 2
    0.55993 0.5155 22
    0.86707 0.4845 11
  1.3528 5 - 1
    0.7062 1 17
  1.38366 25 - 1
    0.51424 1 26
  1.511 9 + 2
    0.3808 0.2908 37
    1.06217 0.7092 11
  1.5154 17 - 2
    0.3231 0.7216 41
    0.5707 0.2784 31
  1.5313 15 + 2
    0.2264 0.4823 46
    0.4447 0.5177 35
  1.5826 7 + 3
    1.1403 0.285 10
    1.1639 0.215 9
    1.2473 0.5 8
  1.62242 3 - 3
    0.45852 0.088236 39
    0.49222 0.176493 37
    1.17359 0.735271 11
  1.6255 5 + 3
    1.1058 0.1278 15
    1.2928 0.4317 7
    1.3959 0.4405 4
  1.6709 1 - 1
    0.5843 1 35
  1.6775 23 - 2
    0.5136 0.5 39
    0.80808 0.5 26
  1.7349 9 + 3
    0.11248 0.333333 54
    0.571 0.333333 39
    1.28607 0.333333 11
  1.7459 17 + 2
    0.2146 0.4796 52
    0.441 0.5204 46
  1.7793 19 - 2
    0.2639 0.5072 51
    0.587 0.4928 41
  1.8567 7 + 2
    0.1218 0.3464 58
    0.98728 0.6536 26
  1.90065 3 - 3
    0.36935 0.060868 52
    1.14468 0.069567 22
    1.45182 0.869565 11
  1.949 19 + 2
    0.2031 0.4818 59
    0.4177 0.5182 52
  1.9975 5 - 2
    0.4865 0.6757 50
    1.12808 0.3243 26
  2.00137 29 - 1
    0.61771 1 49
  2.0126 11 + 2
    0.1559 0.6173 61
    0.2777 0.3827 58
  2.1309 7 + 1
    0.3516 1 60
  2.148 9 - 3
    0.24735 0.333333 62
    0.2913 0.333333 61
    1.27858 0.333333 26
  2.1545 21 + 2
    0.2055 0.5 63
    0.4086 0.5 59
  2.1573 3 - 1
    0.25665 1 62
  2.183 5 + 2
    0.1704 0.5 66
    0.3263 0.5 61
  2.2785 7 - 1
    0.89484 1 49
  2.2829 27 - 2
    0.6054 0.5 57
    0.89924 0.5 49
  2.393 1 + 2
    0.21 0.4845 71
    0.3804 0.5155 66
  2.5975 5 + 2
    0.2045 0.5 74
    0.4145 0.5 71
  2.7023 33 - 1
    0.70093 1 65
  2.8279 3 + 1
    0.4349 1 74
  2.9629 31 - 2
    0.68 0.3051 73
    0.96153 0.6949 65
  3.4691 37 - 1
    0.7668 1 76
  4.2649 41 - 1
    0.7958 1 79
  4.292 9 + 1
    0.8229 1 79
  5.0544 45 - 1
    0.7895 1 80

77 186 69
  0 10 + 0
  0.1 4 - 1
    0.1 1 0
  0.1175 14 + 1
    0.1175 1 0
  0.1373 10 + 1
    0.1373 1 0
  0.1672 12 + 1
    0.1672 1 0
  0.2065 6 + 2
    0.1065 0.5 1
    0.2065 0.5 0
  0.2465 14 + 2
    0.04 0.5 5
    0.0793 0.5 4
  0.3127 14 - 3
    0.0662 0.333333 6
    0.1455 0.333333 4
    0.1952 0.333333 2
  0.3592 18 + 1
    0.2417 1 2
  0.3634 16 + 2
    0.1169 0.5 6
    0.1962 0.5 4
  0.3966 16 - 1
    0.0839 1 7
  0.4029 16 + 1
    0.2854 1 2
  0.52 18 + 2
    0.1566 0.5 9
    0.2735 0.5 6
  0.60305 18 - 2
    0.20645 0.5 10
    0.29035 0.5 7
  0.686 20 - 2
    0.08295 0.5 13
    0.2894 0.5 10
  0.7048 20 + 4
    0.1848 0.25 12
    0.3019 0.25 11
    0.3414 0.25 9
    0.3456 0.25 8
  0.7193 20 + 3
    0.1993 0.333333 12
    0.3164 0.333333 11
    0.3601 0.333333 8
  0.7218 22 + 1
    0.3626 1 8
  0.7561 20 - 2
    0.0701 0.5 14
    0.15305 0.5 13
  0.8698 22 - 2
    0.1838 0.5 14
    0.26675 0.5 13
  0.9282 22 + 3
    0.2089 0.333333 16
    0.2234 0.333333 15
    0.4082 0.333333 12
  1.0364 22 - 1
    0.2803 1 18
  1.1173 24 - 2
    0.2475 0.6404 19
    0.4313 0.3596 14
  1.1318 24 + 3
    0.41 0.333333 17
    0.4125 0.333333 16
    0.427 0.333333 15
  1.1775 24 + 3
    0.2493 0.333333 20
    0.4582 0.333333 16
    0.4727 0.333333 15
  1.1959 26 + 1
    0.4741 1 17
  1.3 24 - 2
    0.2636 0.7203 21
    0.5439 0.2797 18
  1.3381 26 - 2
    0.2208 0.4905 22
    0.4683 0.5095 19
  1.4497 26 + 2
    0.2722 0.5 24
    0.5215 0.5 20
  1.4824 8 - 1
    0.446 1 21
  1.6031 26 - 2
    0.3031 0.5 26
    0.5667 0.5 21
  1.648 28 + 2
    0.4521 0.5 25
    0.5162 0.5 23
  1.6741 28 - 2
    0.336 0.5 27
    0.5568 0.5 22
  1.749 28 + 2
    0.2993 0.5 28
    0.5715 0.5 24
  1.7702 30 + 1
    0.5743 1 25
  1.8697 28 - 2
    0.2666 0.5 30
    0.5697 0.5 26
  1.9104 30 - 2
    0.2363 0.5 32
    0.5723 0.5 27
  1.953 6 - 1
    0.4706 1 29
  2.0221 4 - 3
    0.1524 0.333333 35
    0.419 0.333333 30
    0.7221 0.333333 26
  2.0675 30 + 2
    0.3185 0.5 33
    0.6178 0.5 28
  2.2209 30 - 2
    0.3512 0.5 35
    0.6178 0.5 30
  2.2521 32 + 2
    0.4819 0.5 34
    0.6041 0.5 31
  2.3394 32 - 2
    0.429 0.5 36
    0.6653 0.5 32
  2.4086 32 + 2
    0.3411 0.5 39
    0.6596 0.5 33
  2.4228 8 - 4
    0.2019 0.25 40
    0.4007 0.25 38
    0.5531 0.25 35
    0.8197 0.25 30
  2.433 34 + 1
    0.6628 1 34
  2.5119 6 - 2
    0.4898 0.5 38
    0.5589 0.5 37
  2.5558 32 - 2
    0.3349 0.5 40
    0.6861 0.5 35
  2.5767 34 - 2
    0.2373 0.5 42
    0.6663 0.5 36
  2.6367 4 - 4
    0.0809 0.25 47
    0.1248 0.25 46
    0.2139 0.25 44
    0.4158 0.25 40
  2.7664 34 + 2
    0.3578 0.5 43
    0.6989 0.5 39
  2.8625 2 - 2
    0.2258 0.5 49
    0.3067 0.5 47
  2.8821 6 - 1
    0.2454 1 49
  2.9307 36 + 2
    0.4977 0.5 45
    0.6786 0.5 41
  2.9359 34 - 2
    0.3801 0.5 47
    0.715 0.5 40
  3.0355 8 + 2
    0.1534 0.5 52
    0.173 0.5 51
  3.1446 36 + 1
    0.736 1 43
  3.1708 38 + 1
    0.7378 1 45
  3.327 38 - 1
    0.7503 1 48
  3.5274 38 + 1
    0.761 1 50
  3.6576 40 + 1
    0.7269 1 53
  3.7347 4 - 1
    0.6992 1 55
  3.9166 40 + 1
    0.772 1 56
  3.9633 42 + 1
    0.7925 1 57
  4.144 42 - 1
    0.817 1 58
  4.2055 6 - 1
    0.4708 1 61
  4.3986 44 + 1
    0.741 1 60
  4.566 8 - 1
    0.3605 1 65
  4.7856 46 + 1
    0.8223 1 63

77 187 89
  0 3 + 0
  0.106478 1 + 1
    0.106478 1 0
  0.110074 5 + 1
    0.110074 1 0
  0.18616 9 - 2
    0.076086 0.4066 2
    0.18616 0.5934 0
  0.18959 3 + 3
    0.079516 0.069229 2
    0.083112 0.867483 1
    0.18959 0.063289 0
  0.2016 5 - 2
    0.091526 0.1655 2
    0.2016 0.8345 0
  0.28508 7 + 2
    0.175006 0.2233 2
    0.28508 0.7767 0
  0.31165 5 + 4
    0.12206 0.747507 4
    0.201576 0.061991 2
    0.205172 0.061201 1
    0.31165 0.129301 0
  0.3504 13 - 1
    0.16424 1 3
  0.38872 1 - 4
    0.18712 0.618151 5
    0.19913 0.038057 4
    0.282242 0.24508 1
    0.38872 0.098712 0
  0.43375 11 - 1
    0.24759 1 3
  0.44289 9 + 2
    0.15781 0.1689 6
    0.332816 0.8311 2
  0.47121 7 + 3
    0.15956 0.4502 7
    0.28162 0.2256 4
    0.361136 0.3242 2
  0.48627 3 - 3
    0.09755 0.5529 9
    0.28467 0.1233 5
    0.48627 0.3238 0
  0.55339 7 - 3
    0.35179 0.211679 5
    0.36723 0.632937 3
    0.443316 0.155384 2
  0.6204 11 - 2
    0.27 0.1921 8
    0.43424 0.8079 3
  0.6754 17 - 1
    0.325 1 8
  0.68833 9 + 3
    0.21712 0.4301 12
    0.37668 0.4138 7
    0.40325 0.1561 6
  0.7169 11 + 2
    0.27401 0.2095 11
    0.43182 0.7905 6
  0.73118 5 - 6
    0.17779 0.095834 14
    0.24491 0.435317 13
    0.34246 0.044812 9
    0.4461 0.049322 6
    0.52958 0.25441 5
    0.73118 0.120305 0
  0.73845 7 - 2
    0.3047 0.95209 10
    0.55229 0.04791 3
  0.76417 13 - 1
    0.33042 1 10
  0.81604 15 + 6
    0.32977 0.177627 13
    0.42732 0.345352 9
    0.50439 0.073061 7
    0.705966 0.175126 2
    0.709562 0.103416 1
    0.81604 0.125419 0
  0.8188 9 - 1
    0.38505 1 10
  0.83078 3 + 5
    0.51913 0.022378 7
    0.64119 0.25178 4
    0.720706 0.37797 2
    0.724302 0.091693 1
    0.83078 0.256179 0
  0.8425 9 - 2
    0.2221 0.5265 15
    0.28911 0.4735 14
  0.8963 5 + 5
    0.41003 0.1499 13
    0.58465 0.1316 7
    0.6947 0.2291 5
    0.789822 0.3471 1
    0.8963 0.1423 0
  0.89754 11 + 3
    0.20921 0.157816 17
    0.42633 0.539654 12
    0.45465 0.30253 11
  0.9017 15 - 3
    0.2263 0.2829 16
    0.2813 0.175 15
    0.5513 0.5421 8
  0.9031 13 + 2
    0.21477 0.1473 17
    0.46021 0.8527 11
  0.9642 15 - 2
    0.20003 0.4251 21
    0.53045 0.5749 10
  0.98536 7 + 2
    0.49909 0.5814 13
    0.98536 0.4186 0
  0.99506 11 - 1
    0.25661 1 20
  1.00162 3 + 2
    0.891546 0.3789 2
    0.895142 0.6211 1
  1.0088 13 - 3
    0.3884 0.6667 15
    0.6584 0.1271 8
    0.82264 0.2062 3
  1.02258 5 - 3
    0.46919 0.32971 14
    0.83299 0.611618 4
    1.02258 0.058672 0
  1.04201 11 - 4
    0.22321 0.3145 23
    0.27784 0.1292 21
    0.30356 0.1429 20
    0.60826 0.4134 10
  1.0951 17 - 1
    0.1309 1 30
  1.1394 21 - 1
    0.464 1 16
  1.1593 15 - 1
    0.39513 1 21
  1.17301 7 + 1
    0.86136 1 7
  1.1919 1 + 2
    0.19684 0.4709 32
    0.42773 0.5291 21
  1.1935 13 + 3
    0.29596 0.20282 27
    0.4766 0.30363 18
    0.50517 0.493549 17
  1.21491 5 + 1
    0.48373 1 19
  1.21886 5 - 1
    0.48041 1 20
  1.2468 3 + 2
    0.5714 0.3103 16
    0.8964 0.6897 8
  1.2558 7 + 3
    1.14573 0.03679 2
    1.14932 0.294303 1
    1.2558 0.668907 0
  1.2642 15 + 2
    0.3611 0.6433 29
    0.5473 0.3567 18
  1.3173 19 - 3
    0.1779 0.2641 38
    0.4156 0.1626 28
    0.6419 0.5733 16
  1.3218 17 - 3
    0.4201 0.2539 28
    0.6464 0.3154 16
    0.9714 0.4307 8
  1.3527 17 - 3
    0.1934 0.03269 39
    0.3885 0.821108 30
    0.58853 0.146201 21
  1.41869 9 + 1
    0.68751 1 19
  1.4427 15 + 2
    0.5396 0.2937 29
    0.54516 0.7063 27
  1.4725 17 + 1
    0.5694 1 29
  1.5231 19 - 2
    0.1704 0.1902 50
    0.5589 0.8098 30
  1.5608 7 + 1
    0.5966 1 30
  1.5909 3 + 1
    0.4316 1 39
  1.6367 5 - 1
    0.4774 1 39
  1.7206 9 + 1
    0.3679 1 50
  1.7221 25 - 1
    0.5827 1 38
  1.79886 7 + 1
    0.58 1 44
  1.8476 23 - 2
    0.5303 0.8116 48
    0.7082 0.1884 38
  1.9007 19 + 1
    0.6365 1 47
  1.9928 21 - 2
    0.4697 0.6533 54
    0.6401 0.3467 50
  2.034 19 - 1
    0.6813 1 50
  2.1309 21 + 1
    0.6584 1 53
  2.2252 3 + 1
    0.1912 1 64
  2.2335 23 - 1
    0.7104 1 54
  2.2603 23 - 2
    0.2263 0.8629 64
    0.2675 0.1371 63
  2.2772 5 + 3
    1.25462 0.085945 35
    2.16713 0.439226 2
    2.2772 0.474828 0
  2.29124 1 + 7
    1.11823 0.039239 40
    1.26866 0.143697 35
    1.4752 0.243095 22
    1.55279 0.193096 20
    1.80497 0.347193 13
    1.90252 0.02083 9
    2.29124 0.01285 0
  2.30588 7 - 3
    1.75249 0.2294 14
    2.0208 0.1972 6
    2.10428 0.5734 5
  2.36102 9 + 2
    1.80763 0.5824 14
    2.15942 0.4176 5
  2.37286 5 - 1
    2.17126 1 5
  2.38077 3 + 3
    1.8945 0.1579 13
    2.17917 0.6579 5
    2.38077 0.1842 0
  2.39924 7 - 1
    2.19764 1 5
  2.4016 29 - 1
    0.6795 1 59
  2.4044 5 + 4
    1.66595 0.4679 20
    1.85101 0.1526 14
    2.11932 0.1862 6
    2.2028 0.1933 5
  2.41345 3 + 1
    1.24044 1 40
  2.41642 9 - 2
    1.86303 0.4216 14
    2.21482 0.5784 5
  2.4684 27 - 1
    0.7463 1 59
  2.4903 1 + 1
    0.2568 1 67
  2.5057 7 + 1
    0.7836 1 59
  2.6204 5 - 1
    0.8983 1 59
  3.1524 33 - 1
    0.7508 1 76
  3.159 31 - 2
    0.6906 0.5 80
    0.7546 0.5 77
  3.9344 37 - 1
    0.782 1 84
  4.6774 41 - 1
    0.743 1 86
  5.497 45 - 1
    0.8196 1 87

77 188 19
  0 2 - 0
  0.05482 0 - 1
    0.05482 1 0
  0.09671 6 - 2
    0.04189 0.8736 1
    0.09671 0.1264 0
  0.15195 6 - 1
    0.09713 1 1
  0.1662 6 - 1
    0.1662 1 0
  0.18762 2 - 2
    0.1328 0.01572 1
    0.18762 0.98428 0
  0.19509 4 - 3
    0.09838 0.055172 2
    0.14027 0.163505 1
    0.19509 0.781323 0
  0.2112 6 - 2
    0.11449 0.7978 2
    0.15638 0.2022 1
  0.2804 8 - 2
    0.09278 0.3488 5
    0.2804 0.6512 0
  0.3542 8 + 3
    0.143 0.647448 7
    0.188 0.061975 4
    0.20225 0.290577 3
  0.4358 10 + 1
    0.0816 1 9
  0.47817 2 + 5
    0.28308 0.007697 6
    0.29055 0.007682 5
    0.38146 0.541856 2
    0.42335 0.313375 1
    0.47817 0.12939 0
  0.492 12 + 2
    0.0562 0.01771 10
    0.1378 0.98229 9
  0.6419 16 + 1
    0.1499 1 12
  0.6749 4 + 1
    0.033 1 13
  0.7081 10 + 1
    0.0662 1 13
  0.8778 14 + 1
    0.2029 1 14
  0.9155 4 + 1
    0.2074 1 15
  0.9235 8 - 1
    0.2154 1 15

77 189 85
  0 3 + 0
  0.09434 1 + 1
    0.09434 1 0
  0.113832 5 + 1
    0.113832 1 0
  0.17653 3 + 3
    0.062698 0.01839 2
    0.08219 0.9313 1
    0.17653 0.05031 0
  0.3005 7 + 2
    0.186668 0.5137 2
    0.3005 0.4863 0
  0.31768 5 + 4
    0.14115 0.676086 3
    0.203848 0.040379 2
    0.22334 0.090738 1
    0.31768 0.192796 0
  0.37217 11 - 2
    0.07167 0.926137 4
    0.258338 0.073863 2
  0.45393 9 + 2
    0.15343 0.1672 4
    0.340098 0.8328 2
  0.4648 7 + 3
    0.14712 0.3686 5
    0.28827 0.2263 3
    0.350968 0.4051 2
  0.53974 5 + 1
    0.53974 1 0
  0.56376 9 - 2
    0.10983 0.1418 7
    0.26326 0.8582 4
  0.60751 5 - 4
    0.30701 0.009385 4
    0.43098 0.051382 3
    0.493678 0.101604 2
    0.60751 0.837629 0
  0.61558 7 - 1
    0.24341 1 6
  0.64429 3 + 3
    0.34379 0.124 4
    0.530458 0.2395 2
    0.64429 0.6365 0
  0.71913 9 + 3
    0.25433 0.4562 8
    0.40145 0.3589 5
    0.41863 0.1849 4
  0.72141 3 + 5
    0.40373 0.063041 5
    0.54488 0.240705 3
    0.607578 0.226105 2
    0.62707 0.095742 1
    0.72141 0.374408 0
  0.73701 13 - 1
    0.36484 1 6
  0.7418 11 - 1
    0.17804 1 10
  0.74608 11 + 2
    0.29215 0.2338 7
    0.44558 0.7662 4
  0.753 15 - 2
    0.0112 0.5 17
    0.38083 0.5 6
  0.79271 1 + 4
    0.61618 0.027569 3
    0.678878 0.026769 2
    0.69837 0.130895 1
    0.79271 0.814767 0
  0.82817 3 - 6
    0.21259 0.12801 12
    0.28843 0.063615 9
    0.65164 0.103608 3
    0.714338 0.069016 2
    0.73383 0.345028 1
    0.82817 0.290723 0
  0.83186 9 - 2
    0.21628 0.2734 12
    0.45969 0.7266 6
  0.83814 15 - 2
    0.10113 0.2584 16
    0.46597 0.7416 6
  0.85007 3 + 2
    0.67354 0.3885 3
    0.75573 0.6115 1
  0.8995 11 + 2
    0.18037 0.1599 14
    0.4347 0.8401 8
  0.9014 9 - 2
    0.28582 0.8871 12
    0.52923 0.1129 6
  0.90265 1 + 5
    0.18124 0.509425 15
    0.58497 0.150208 5
    0.788818 0.158508 2
    0.80831 0.115106 1
    0.90265 0.066753 0
  0.91221 3 + 5
    0.1908 0.235186 15
    0.59453 0.118493 5
    0.73568 0.399376 3
    0.798378 0.203388 2
    0.91221 0.043557 0
  0.91845 13 + 2
    0.17237 0.043752 18
    0.46452 0.956248 7
  0.92476 5 - 3
    0.38502 0.1116 9
    0.810928 0.2758 2
    0.92476 0.6126 0
  0.946 7 - 1
    0.38224 1 10
  0.9486 15 - 1
    0.57643 1 6
  0.95867 5 - 5
    0.1305 0.413292 21
    0.34309 0.204896 12
    0.35116 0.218096 11
    0.64099 0.079158 5
    0.78214 0.084558 3
  1.052 3 + 2
    0.87547 0.5 3
    1.052 0.5 0
  1.0743 7 - 1
    0.24244 1 22
  1.1011 7 - 1
    0.3593 1 17
  1.10638 5 - 6
    0.38497 0.109608 15
    0.7887 0.125309 5
    0.92985 0.086136 3
    0.992548 0.178412 2
    1.01204 0.105707 1
    1.10638 0.394828 0
  1.1147 17 - 4
    0.2133 0.186293 26
    0.28284 0.437883 22
    0.49912 0.098036 12
    0.74253 0.277789 6
  1.1375 7 - 1
    0.40049 1 16
  1.175 9 + 2
    0.85732 0.5 5
    1.06117 0.5 2
  1.18441 5 - 5
    0.56883 0.972043 12
    0.5769 0.006109 11
    1.00788 0.012591 3
    1.07058 0.004629 2
    1.18441 0.004628 0
  1.20326 3 + 4
    0.88558 0.314778 5
    1.02673 0.476467 3
    1.08943 0.047567 2
    1.10892 0.161189 1
  1.2213 1 - 2
    0.2753 0.2806 31
    0.4795 0.7194 17
  1.23873 13 + 1
    0.62315 1 12
  1.2488 13 + 3
    0.3493 0.1881 25
    0.50272 0.1688 18
    0.52967 0.6431 14
  1.26864 17 - 2
    0.4305 0.8514 23
    0.53163 0.1486 16
  1.2881 7 - 1
    0.3421 1 31
  1.29653 15 + 2
    0.37808 0.1371 29
    0.55045 0.8629 18
  1.31233 9 - 3
    1.01183 0.372137 4
    1.1985 0.137114 2
    1.31233 0.490749 0
  1.34451 5 + 6
    0.6231 0.3275 15
    1.02683 0.1539 5
    1.04401 0.1512 4
    1.16798 0.0786 3
    1.23068 0.1543 2
    1.34451 0.1345 0
  1.38394 19 - 2
    0.1153 0.1332 46
    0.5458 0.8668 23
  1.396 11 + 1
    0.2813 1 38
  1.448 7 - 1
    0.3333 1 38
  1.45158 5 - 1
    0.836 1 12
  1.46899 1 + 1
    0.28458 1 41
  1.47646 9 + 4
    1.29993 0.04165 3
    1.36263 0.1739 2
    1.38212 0.09025 1
    1.47646 0.6942 0
  1.4819 17 + 1
    0.56345 1 29
  1.50019 7 - 3
    0.8559 0.068637 13
    1.32366 0.763569 3
    1.40585 0.167793 1
  1.50135 11 - 3
    0.70864 0.175 20
    1.38752 0.325 2
    1.50135 0.5 0
  1.53688 5 + 3
    0.74417 0.4405 20
    1.42305 0.4317 2
    1.53688 0.1278 0
  1.5582 9 - 7
    0.65555 0.264581 27
    0.76549 0.201086 20
    0.91391 0.079364 13
    1.24052 0.111092 5
    1.38167 0.105793 3
    1.44437 0.132291 2
    1.5582 0.105793 0
  1.57167 7 + 5
    1.25399 0.474972 5
    1.39514 0.037788 3
    1.45784 0.274684 2
    1.47733 0.118093 1
    1.57167 0.094464 0
  1.5784 3 - 2
    0.4409 0.6919 39
    0.84139 0.3081 16
  1.6091 5 + 1
    0.508 1 36
  1.61028 1 - 5
    1.00277 0.36843 11
    1.07054 0.266521 9
    1.2926 0.080326 5
    1.49645 0.131411 2
    1.61028 0.153312 0
  1.6156 11 + 1
    0.3943 1 43
  1.62282 7 - 5
    1.30514 0.078953 5
    1.44629 0.360914 3
    1.50899 0.101504 2
    1.52848 0.375915 1
    1.62282 0.082713 0
  1.6515 9 + 1
    0.5504 1 36
  1.6565 3 - 1
    0.38786 1 46
  1.67283 5 + 4
    0.88012 0.470653 20
    0.95142 0.112389 15
    1.4963 0.313869 3
    1.559 0.10309 2
  1.76721 13 - 4
    1.1597 0.134113 11
    1.65338 0.356336 2
    1.67287 0.126413 1
    1.76721 0.383138 0
  1.7912 7 + 1
    0.40726 1 51
  1.80225 5 - 6
    1.08084 0.3024 15
    1.15796 0.07753 13
    1.19474 0.05338 11
    1.50175 0.4078 4
    1.68842 0.06926 2
    1.80225 0.08963 0
  1.81485 1 + 4
    0.98668 0.5268 21
    1.63832 0.2236 3
    1.72051 0.1612 1
    1.81485 0.0884 0
  1.876 21 - 2
    0.49206 0.6063 51
    0.60736 0.3937 46
  1.9108 19 + 2
    0.4289 0.2083 57
    0.61427 0.7917 48
  1.92022 19 + 2
    0.43832 0.2141 57
    0.62369 0.7859 48
  2.0603 21 - 3
    0.14008 0.5555 77
    0.1495 0.2336 76
    0.67636 0.2109 51
  2.0855 23 - 2
    0.2095 0.1369 75
    0.70156 0.8631 51
  2.1094 21 - 1
    0.72546 1 51
  2.1193 21 + 1
    0.6374 1 57
  2.1284 23 + 3
    0.20818 0.502 77
    0.2176 0.2625 76
    0.2524 0.2355 75
  2.249 3 - 1
    0.1206 1 82
  2.3332 25 + 3
    0.0842 0.395093 83
    0.2238 0.009217 80
    0.2477 0.59569 79

77 190 157
  0 8 - 0
  0.02246 12 - 1
    0.02246 1 0
  0.0261 2 - 1
    0.0261 1 0
  0.036154 8 + 1
    0.036154 1 0
  0.0381 6 - 2
    0.001946 0.5 3
    0.012 0.5 2
  0.082594 6 - 1
    0.082594 1 0
  0.110708 4 - 1
    0.084608 1 2
  0.138116 10 - 1
    0.138116 1 0
  0.1441 2 - 1
    0.118 1 2
  0.16838 8 - 1
    0.085786 1 5
  0.17053 10 + 1
    0.134376 1 3
  0.171532 12 + 1
    0.135378 1 3
  0.1738 2 - 2
    0.1357 0.5 4
    0.1477 0.5 2
  0.1834 0 - 1
    0.072692 1 6
  0.199 6 - 2
    0.088292 0.553 6
    0.1729 0.447 2
  0.2103 4 + 2
    0.174146 0.5 3
    0.1842 0.5 2
  0.2236 4 - 2
    0.112892 0.5 6
    0.2236 0.5 0
  0.22768 14 + 2
    0.056148 0.791 11
    0.20522 0.209 1
  0.23283 14 - 1
    0.21037 1 1
  0.2417 4 - 2
    0.130992 0.5 6
    0.2417 0.5 0
  0.245 6 + 2
    0.134292 0.5 6
    0.245 0.5 0
  0.2668 16 + 2
    0.03397 0.5 18
    0.095268 0.5 11
  0.2694 4 - 2
    0.158692 0.5 6
    0.2694 0.5 0
  0.2789 6 - 2
    0.242746 0.5 3
    0.2528 0.5 2
  0.2848 4 - 2
    0.174092 0.5 6
    0.2848 0.5 0
  0.28774 12 + 3
    0.116208 0.4086 11
    0.11721 0.4222 10
    0.251586 0.1692 3
  0.3132 4 - 2
    0.202492 0.5 6
    0.3132 0.5 0
  0.31583 8 + 1
    0.279676 1 3
  0.31756 10 - 1
    0.14918 1 9
  0.3317 2 + 2
    0.1483 0.5 13
    0.220992 0.5 6
  0.335201 12 + 2
    0.163669 0.7341 11
    0.164671 0.2659 10
  0.337992 12 - 2
    0.199876 0.7116 7
    0.337992 0.2884 0
  0.3478 6 - 2
    0.311646 0.5 3
    0.3217 0.5 2
  0.35144 12 + 2
    0.179908 0.7212 11
    0.18091 0.2788 10
  0.3667 2 - 2
    0.3286 0.5 4
    0.3406 0.5 2
  0.36938 14 + 2
    0.1417 0.4792 17
    0.197848 0.5208 11
  0.3757 8 + 2
    0.3376 0.5 4
    0.339546 0.5 3
  0.37815 22 - 1
    0.15047 1 17
  0.3799 2 - 2
    0.3418 0.5 4
    0.3538 0.5 2
  0.38597 10 + 3
    0.214438 0.4473 11
    0.21544 0.3739 10
    0.349816 0.1788 3
  0.40402 12 - 1
    0.265904 1 7
  0.408 6 - 2
    0.371846 0.5 3
    0.3819 0.5 2
  0.41509 10 - 1
    0.24671 1 9
  0.4267 8 + 2
    0.3886 0.5 4
    0.390546 0.5 3
  0.4307 2 - 2
    0.3926 0.5 4
    0.4046 0.5 2
  0.436285 10 + 1
    0.203455 1 18
  0.44095 14 + 1
    0.15321 1 25
  0.44278 12 - 1
    0.304664 1 7
  0.44448 16 + 1
    0.2168 1 17
  0.4475 10 - 1
    0.2485 1 14
  0.44851 14 + 1
    0.276978 1 11
  0.44957 12 - 1
    0.13201 1 28
  0.45243 16 + 1
    0.2196 1 18
  0.4566 6 + 2
    0.345892 0.5 6
    0.4566 0.5 0
  0.46362 16 + 2
    0.09424 0.8146 35
    0.292088 0.1854 11
  0.4654 8 + 2
    0.4273 0.5 4
    0.429246 0.5 3
  0.4751 16 - 1
    0.24227 1 18
  0.4785 4 + 2
    0.442346 0.5 3
    0.4524 0.5 2
  0.47952 10 - 1
    0.24669 1 18
  0.4858 6 + 2
    0.375092 0.5 6
    0.4858 0.5 0
  0.4964 8 + 2
    0.4583 0.5 4
    0.460246 0.5 3
  0.4982 2 - 2
    0.4601 0.5 4
    0.4721 0.5 2
  0.50119 12 + 1
    0.11522 1 39
  0.5109 4 + 2
    0.474746 0.5 3
    0.4848 0.5 2
  0.52836 12 - 1
    0.29553 1 18
  0.54144 14 + 1
    0.19 1 33
  0.5429 10 - 1
    0.3439 1 14
  0.551 4 - 2
    0.440292 0.5 6
    0.551 0.5 0
  0.55712 10 + 1
    0.419004 1 7
  0.56666 14 - 2
    0.16264 0.5 40
    0.228668 0.5 31
  0.57437 16 + 2
    0.34669 0.3864 17
    0.402838 0.6136 11
  0.57749 10 + 1
    0.26166 1 27
  0.58868 14 + 2
    0.23724 0.429 33
    0.253479 0.571 30
  0.59605 6 + 2
    0.485342 0.5 6
    0.59605 0.5 0
  0.6027 8 + 2
    0.5646 0.5 4
    0.566546 0.5 3
  0.607985 12 - 2
    0.192895 0.8066 42
    0.290425 0.1934 28
  0.6128 6 + 2
    0.502092 0.5 6
    0.6128 0.5 0
  0.6191 8 + 2
    0.581 0.5 4
    0.582946 0.5 3
  0.6215 4 + 2
    0.585346 0.5 3
    0.5954 0.5 2
  0.633 6 + 2
    0.522292 0.5 6
    0.633 0.5 0
  0.6553 4 - 2
    0.544592 0.5 6
    0.6553 0.5 0
  0.656465 16 + 1
    0.215515 1 46
  0.65729 8 + 1
    0.319298 1 31
  0.66145 14 - 1
    0.21188 1 51
  0.669 2 - 2
    0.6309 0.5 4
    0.6429 0.5 2
  0.6708 6 + 2
    0.560092 0.5 6
    0.6708 0.5 0
  0.67859 12 - 2
    0.23008 0.5153 50
    0.39085 0.4847 25
  0.68047 18 + 1
    0.23599 1 48
  0.6828 16 - 1
    0.4725 1 15
  0.6847 4 + 2
    0.648546 0.5 3
    0.6586 0.5 2
  0.69302 8 - 1
    0.554904 1 7
  0.6941 4 - 2
    0.583392 0.5 6
    0.6941 0.5 0
  0.7052 6 - 2
    0.669046 0.5 3
    0.6791 0.5 2
  0.70855 10 - 2
    0.26004 0.5 50
    0.48087 0.5 17
  0.7162 10 + 2
    0.69374 0.5 1
    0.7162 0.5 0
  0.71932 16 + 1
    0.27081 1 50
  0.7221 6 + 2
    0.611392 0.5 6
    0.7221 0.5 0
  0.7248 18 + 2
    0.26118 0.7206 54
    0.35542 0.2794 35
  0.7274 12 - 1
    0.2799 1 49
  0.73806 18 - 2
    0.26296 0.7431 56
    0.50523 0.2569 18
  0.7416 8 + 2
    0.7035 0.5 4
    0.705446 0.5 3
  0.7435 2 + 2
    0.5601 0.5 13
    0.632792 0.5 6
  0.74707 16 + 2
    0.27197 0.5 56
    0.51424 0.5 18
  0.75382 16 + 1
    0.52614 1 17
  0.754955 16 + 2
    0.253765 0.486 62
    0.310475 0.514 48
  0.7557 4 - 2
    0.644992 0.5 6
    0.7557 0.5 0
  0.7591 6 - 2
    0.722946 0.5 3
    0.733 0.5 2
  0.7725 8 - 2
    0.75004 0.5 1
    0.7725 0.5 0
  0.77617 14 + 1
    0.27498 1 62
  0.7875 0 - 2
    0.6041 0.5 13
    0.676792 0.5 6
  0.7949 6 - 2
    0.758746 0.5 3
    0.7688 0.5 2
  0.79967 12 - 2
    0.32457 0.5 56
    0.56684 0.5 18
  0.8044 4 + 2
    0.768246 0.5 3
    0.7783 0.5 2
  0.8062 2 - 2
    0.7681 0.5 4
    0.7801 0.5 2
  0.80739 12 + 1
    0.36291 1 48
  0.8187 8 + 2
    0.7806 0.5 4
    0.782546 0.5 3
  0.8236 4 - 2
    0.712892 0.5 6
    0.8236 0.5 0
  0.83156 8 + 1
    0.33037 1 62
  0.83499 14 - 1
    0.227005 1 75
  0.8397 2 - 2
    0.8016 0.5 4
    0.8136 0.5 2
  0.8435 6 - 2
    0.807346 0.5 3
    0.8174 0.5 2
  0.8473 6 + 2
    0.736592 0.5 6
    0.8473 0.5 0
  0.85101 18 + 1
    0.194545 1 81
  0.862 2 - 2
    0.8239 0.5 4
    0.8359 0.5 2
  0.86768 12 - 1
    0.64 1 17
  0.873935 14 - 1
    0.429455 1 48
  0.88005 4 + 2
    0.843896 0.5 3
    0.85395 0.5 2
  0.8913 8 + 2
    0.8532 0.5 4
    0.855146 0.5 3
  0.9021 6 + 2
    0.791392 0.5 6
    0.9021 0.5 0
  0.91768 12 + 1
    0.4732 1 48
  0.9246 4 - 2
    0.813892 0.5 6
    0.9246 0.5 0
  0.9294 6 - 2
    0.893246 0.5 3
    0.9033 0.5 2
  0.94212 18 + 1
    0.35344 1 72
  0.94885 20 + 1
    0.26838 1 87
  0.9601 2 - 2
    0.922 0.5 4
    0.934 0.5 2
  0.96678 14 + 1
    0.5223 1 48
  0.9712 6 - 2
    0.935046 0.5 3
    0.9451 0.5 2
  0.9932 6 - 2
    0.957046 0.5 3
    0.9671 0.5 2
  1.0055 14 - 1
    0.4626 1 66
  1.0106 6 - 2
    0.974446 0.5 3
    0.9845 0.5 2
  1.0148 8 + 2
    0.9767 0.5 4
    0.978646 0.5 3
  1.01715 16 + 1
    0.44278 1 70
  1.0268 6 - 2
    0.990646 0.5 3
    1.0007 0.5 2
  1.0344 4 + 2
    0.998246 0.5 3
    1.0083 0.5 2
  1.03549 20 - 1
    0.56039 1 56
  1.04559 8 + 1
    0.33704 1 93
  1.0629 4 + 2
    1.02675 0.5 3
    1.0368 0.5 2
  1.0828 10 + 2
    1.06034 0.5 1
    1.0828 0.5 0
  1.0924 8 - 2
    1.06994 0.5 1
    1.0924 0.5 0
  1.09908 4 + 1
    0.37428 1 97
  1.10135 22 + 1
    0.37655 1 97
  1.11321 16 + 1
    0.33704 1 108
  1.1156 2 - 2
    1.0775 0.5 4
    1.0895 0.5 2
  1.1359 0 - 2
    0.9525 0.5 13
    1.02519 0.5 6
  1.143 10 - 2
    1.1049 0.5 4
    1.10685 0.5 3
  1.17579 8 + 1
    0.3684 1 114
  1.18098 22 + 1
    0.50051 1 87

77 191 74
  0 3 + 0
  0.082423 1 + 1
    0.082423 1 0
  0.129413 5 + 2
    0.04699 0.003612 1
    0.129413 0.996388 0
  0.17129 11 - 1
    0.041877 1 2
  0.17895 3 + 3
    0.049537 0.01633 2
    0.096527 0.912391 1
    0.17895 0.071279 0
  0.3004 7 - 1
    0.3004 1 0
  0.34323 7 + 2
    0.213817 0.4995 2
    0.34323 0.5005 0
  0.351154 5 + 4
    0.172204 0.565966 4
    0.221741 0.014559 2
    0.268731 0.133692 1
    0.351154 0.285783 0
  0.39094 7 - 1
    0.21965 1 3
  0.50261 9 + 2
    0.15938 0.1571 6
    0.373197 0.8429 2
  0.50413 7 + 4
    0.152976 0.194508 7
    0.1609 0.610224 6
    0.32518 0.125105 4
    0.374717 0.070163 2
  0.538854 3 + 6
    0.1877 0.021919 7
    0.195624 0.000124 6
    0.359904 0.193592 4
    0.409441 0.252189 2
    0.456431 0.103195 1
    0.538854 0.428981 0
  0.55664 13 - 1
    0.38535 1 3
  0.58795 3 + 3
    0.24472 0.359664 6
    0.458537 0.177882 2
    0.58795 0.462454 0
  0.59113 15 - 1
    0.41984 1 3
  0.614 9 - 2
    0.10987 0.5 10
    0.27077 0.5 6
  0.62407 1 + 5
    0.085216 0.235295 11
    0.44512 0.02339 4
    0.494657 0.02323 2
    0.541647 0.145997 1
    0.62407 0.572089 0
  0.65399 9 - 2
    0.26305 0.5083 8
    0.4827 0.4917 3
  0.6589 3 - 4
    0.26796 0.814808 8
    0.47995 0.052181 4
    0.576477 0.118501 1
    0.6589 0.01451 0
  0.6861 7 + 2
    0.556687 0.5737 2
    0.6861 0.4263 0
  0.74777 5 + 6
    0.208916 0.697493 11
    0.396616 0.03642 7
    0.40454 0.0425 6
    0.56882 0.183098 4
    0.618357 0.02877 2
    0.74777 0.01172 0
  0.76254 3 + 7
    0.13847 0.182396 16
    0.223686 0.451591 11
    0.411386 0.027169 7
    0.58359 0.206696 4
    0.633127 0.076818 2
    0.680117 0.02103 1
    0.76254 0.034299 0
  0.79979 5 - 2
    0.14089 0.6822 18
    0.40885 0.3178 8
  0.81188 9 + 3
    0.30775 0.3931 10
    0.460726 0.4084 7
    0.46865 0.1985 6
  0.81659 7 - 1
    0.6453 1 3
  0.8251 9 + 1
    0.695687 1 2
  0.83197 11 + 2
    0.32936 0.2974 9
    0.48874 0.7026 6
  0.87765 5 - 2
    0.37504 0.5618 9
    0.53442 0.4382 6
  0.91908 11 - 3
    0.26509 0.7793 17
    0.52814 0.1016 8
    0.74779 0.1191 3
  0.9278 7 + 3
    0.388946 0.333333 11
    0.42519 0.333333 9
    0.798387 0.333333 2
  0.93546 13 - 4
    0.75651 0.083226 4
    0.806047 0.218989 2
    0.853037 0.057617 1
    0.93546 0.640168 0
  0.9454 1 - 4
    0.2593 0.228977 19
    0.44279 0.275372 9
    0.60217 0.289871 6
    0.815987 0.205779 2
  0.9632 15 - 2
    0.37207 0.5 14
    0.40656 0.5 12
  0.97704 7 - 2
    0.17725 0.8331 22
    0.5861 0.1669 8
  0.99128 11 + 2
    0.48715 0.082018 10
    0.48867 0.917982 9
  1.0036 13 + 2
    0.17163 0.5 26
    0.50099 0.5 9
  1.034 1 + 2
    0.904587 0.5 2
    0.951577 0.5 1
  1.03659 17 - 1
    0.44546 1 14
  1.05263 5 - 3
    0.36653 0.757615 19
    0.55002 0.174203 9
    0.7094 0.068181 6
  1.07 3 + 2
    0.89105 0.5 4
    1.07 0.5 0
  1.1271 19 - 1
    0.53597 1 14
  1.13 5 - 2
    0.95105 0.5 4
    1.13 0.5 0
  1.13523 9 - 2
    0.21615 0.7092 28
    0.74429 0.2908 8
  1.138 5 - 2
    0.95905 0.5 4
    1.138 0.5 0
  1.20657 11 + 2
    0.52047 0.5988 19
    0.70396 0.4012 9
  1.2087 9 - 1
    0.231655 1 33
  1.2105 5 + 1
    0.33285 1 27
  1.244 3 - 2
    1.11459 0.5 2
    1.16158 0.5 1
  1.2535 13 - 2
    0.33442 0.313 28
    0.59951 0.687 17
  1.29719 7 + 2
    0.79306 0.3007 10
    0.946036 0.6993 7
  1.359 1 + 2
    1.22959 0.5 2
    1.27658 0.5 1
  1.393 5 - 2
    1.21405 0.5 4
    1.393 0.5 0
  1.3977 13 + 2
    0.40642 0.925081 34
    0.58582 0.074919 23
  1.4009 9 - 3
    0.7148 0.333333 19
    0.742 0.333333 18
    0.89829 0.333333 9
  1.4181 15 + 1
    0.4145 1 35
  1.4217 17 - 1
    0.86506 1 12
  1.433 7 + 2
    1.25405 0.5 4
    1.433 0.5 0
  1.449 11 - 2
    1.1486 0.5 5
    1.27771 0.5 3
  1.461 3 + 2
    1.28205 0.5 4
    1.461 0.5 0
  1.507 5 - 2
    1.32805 0.5 4
    1.507 0.5 0
  1.52 9 + 2
    1.34871 0.5 3
    1.39059 0.5 2
  1.596 3 + 2
    1.41705 0.5 4
    1.596 0.5 0
  1.6001 17 + 1
    0.5965 1 35
  1.613 7 - 2
    1.44171 0.5 3
    1.48359 0.5 2
  1.642 1 - 2
    1.46305 0.5 4
    1.642 0.5 0
  1.6459 21 - 1
    0.5188 1 40
  1.6516 5 + 1
    0.5245 1 40
  1.66 11 - 2
    1.3596 0.5 5
    1.48871 0.5 3
  1.6806 23 - 1
    0.5535 1 40
  1.711 7 + 2
    1.53205 0.5 4
    1.711 0.5 0
  2.0467 9 + 1
    0.3951 1 66
  2.1121 19 + 1
    0.694 1 54
  2.1467 5 - 2
    1.96775 0.5 4
    2.1467 0.5 0
  2.3121 21 + 1
    0.712 1 62

77 192 191
  0 8 + 0
  0.012984 12 + 1
    0.012984 1 0
  0.01605 12 - 1
    0.01605 1 0
  0.05672 2 - 1
    0.05672 1 0
  0.06683 8 - 2
    0.05078 0.8924 2
    0.06683 0.1076 0
  0.072 6 - 2
    0.01528 0.5 3
    0.072 0.5 0
  0.084275 6 - 1
    0.084275 1 0
  0.104776 2 - 1
    0.048056 1 3
  0.115564 4 - 1
    0.058844 1 3
  0.118782 6 - 2
    0.034507 0.4721 6
    0.118782 0.5279 0
  0.1225 10 + 2
    0.05567 0.5 4
    0.10645 0.5 2
  0.128744 0 - 3
    0.023968 0.094576 7
    0.072024 0.018559 3
    0.128744 0.886864 0
  0.131 4 + 2
    0.07428 0.5 3
    0.131 0.5 0
  0.139942 10 + 1
    0.126958 1 1
  0.143556 2 - 3
    0.027992 0.082402 8
    0.03878 0.047271 7
    0.086836 0.870326 3
  0.144904 10 + 1
    0.144904 1 0
  0.16814 22 - 1
    0.155156 1 1
  0.1732 4 + 2
    0.11648 0.5 3
    0.1732 0.5 0
  0.178 14 + 2
    0.0555 0.5 10
    0.16195 0.5 2
  0.192935 4 - 4
    0.049379 0.05186 14
    0.077371 0.2602 8
    0.10866 0.03154 6
    0.136215 0.6564 3
  0.198205 2 + 4
    0.054649 0.010579 14
    0.082641 0.428966 8
    0.093429 0.401168 7
    0.141485 0.159287 3
  0.2029 8 + 2
    0.189916 0.5 1
    0.2029 0.5 0
  0.212808 4 - 3
    0.069252 0.055872 14
    0.108032 0.798324 7
    0.156088 0.145804 3
  0.216905 8 + 1
    0.216905 1 0
  0.223352 12 + 1
    0.210368 1 1
  0.225918 4 - 5
    0.032983 0.141192 19
    0.107136 0.121893 9
    0.110354 0.274384 8
    0.121142 0.066356 7
    0.169198 0.396176 3
  0.231011 2 + 1
    0.174291 1 3
  0.23576 2 - 2
    0.107016 0.2194 11
    0.17904 0.7806 3
  0.23977 2 - 2
    0.026962 0.1492 22
    0.111026 0.8508 11
  0.240902 4 - 1
    0.136126 1 7
  0.2568 8 - 2
    0.18997 0.5 4
    0.24075 0.5 2
  0.26516 0 - 1
    0.20844 1 3
  0.267128 6 - 3
    0.026226 0.469347 29
    0.05432 0.151115 22
    0.151564 0.379538 8
  0.2771 4 + 2
    0.22038 0.5 3
    0.2771 0.5 0
  0.281104 8 - 1
    0.196829 1 6
  0.284215 4 + 1
    0.08601 1 20
  0.288403 4 - 5
    0.095468 0.2217 19
    0.144847 0.2684 14
    0.172839 0.1648 8
    0.183627 0.2383 7
    0.231683 0.1068 3
  0.292381 4 - 3
    0.066463 0.3728 25
    0.176817 0.3751 8
    0.292381 0.2521 0
  0.310999 4 - 4
    0.195435 0.075402 8
    0.206223 0.638819 7
    0.226724 0.044671 6
    0.254279 0.241107 3
  0.319883 4 - 3
    0.191139 0.1036 11
    0.201101 0.4431 9
    0.215107 0.4533 7
  0.331077 4 - 7
    0.105159 0.123806 25
    0.118269 0.103605 22
    0.187521 0.122206 14
    0.212295 0.017571 9
    0.215513 0.057563 8
    0.226301 0.545227 7
    0.246802 0.030022 6
  0.336381 2 - 6
    0.095479 0.389861 29
    0.138176 0.131087 20
    0.192825 0.055134 14
    0.207637 0.10189 11
    0.220817 0.230177 8
    0.279661 0.091851 3
  0.341 6 + 2
    0.225436 0.5 8
    0.27417 0.5 4
  0.35169 4 + 4
    0.153485 0.02998 20
    0.232908 0.01692 9
    0.267415 0.050991 6
    0.35169 0.902109 0
  0.365653 4 - 2
    0.098525 0.7232 32
    0.139735 0.2768 25
  0.36673 4 - 4
    0.140812 0.135104 25
    0.223174 0.072742 14
    0.261954 0.709921 7
    0.31001 0.082232 3
  0.368353 4 - 4
    0.101225 0.193294 32
    0.263577 0.32789 7
    0.284078 0.402788 6
    0.311633 0.076028 3
  0.3803 6 + 2
    0.264736 0.5 8
    0.31347 0.5 4
  0.38972 4 - 4
    0.122592 0.4162 32
    0.246164 0.107 14
    0.284944 0.3401 7
    0.305445 0.1367 6
  0.392351 2 - 7
    0.072468 0.088646 39
    0.151449 0.195892 29
    0.16134 0.25559 26
    0.166433 0.154494 25
    0.199416 0.065407 19
    0.273569 0.051878 9
    0.276787 0.188092 8
  0.4073 10 + 2
    0.34047 0.5 4
    0.39125 0.5 2
  0.415038 4 - 5
    0.083961 0.5354 40
    0.104039 0.2258 38
    0.174136 0.1273 29
    0.299474 0.04375 8
    0.358318 0.06775 3
  0.418141 8 + 5
    0.133926 0.084092 35
    0.273237 0.117902 15
    0.278199 0.099192 13
    0.333866 0.241605 6
    0.418141 0.457209 0
  0.426 6 + 2
    0.310436 0.5 8
    0.35917 0.5 4
  0.4393 6 - 2
    0.38258 0.5 3
    0.4393 0.5 0
  0.44087 6 + 1
    0.156655 1 35
  0.4445 2 - 2
    0.3725 0.5 5
    0.38778 0.5 3
  0.45125 4 - 4
    0.140251 0.4977 38
    0.162847 0.1594 36
    0.258315 0.1579 19
    0.322506 0.185 11
  0.4711 4 - 2
    0.355536 0.5 8
    0.40427 0.5 4
  0.4804 10 + 2
    0.41357 0.5 4
    0.46435 0.5 2
  0.4895 6 - 3
    0.197119 0.30043 37
    0.384724 0.122612 7
    0.43278 0.576958 3
  0.508988 6 - 7
    0.140635 0.076672 46
    0.177911 0.143104 40
    0.189105 0.087583 39
    0.220585 0.030311 36
    0.24186 0.071212 32
    0.316053 0.471914 19
    0.365432 0.119204 14
  0.513197 8 + 2
    0.072327 0.3502 55
    0.095056 0.6498 52
  0.5167 2 - 2
    0.4447 0.5 5
    0.45998 0.5 3
  0.529167 2 - 2
    0.264007 0.572 31
    0.298156 0.428 26
  0.530266 2 - 1
    0.199189 1 40
  0.5373 10 + 2
    0.47047 0.5 4
    0.52125 0.5 2
  0.54362 0 - 2
    0.414876 0.5 11
    0.428056 0.5 8
  0.5595 8 + 2
    0.546516 0.5 1
    0.5595 0.5 0
  0.57 12 + 2
    0.557016 0.5 1
    0.57 0.5 0
  0.58206 6 - 2
    0.52534 0.5 3
    0.58206 0.5 0
  0.58555 10 + 2
    0.51872 0.5 4
    0.5695 0.5 2
  0.60291 0 - 2
    0.474166 0.5 11
    0.487346 0.5 8
  0.615 2 - 2
    0.543 0.5 5
    0.55828 0.5 3
  0.6285 6 - 2
    0.57178 0.5 3
    0.6285 0.5 0
  0.6337 8 + 2
    0.620716 0.5 1
    0.6337 0.5 0
  0.6451 2 - 2
    0.5731 0.5 5
    0.58838 0.5 3
  0.6578 14 + 2
    0.5353 0.5 10
    0.64175 0.5 2
  0.6633 10 + 2
    0.59647 0.5 4
    0.64725 0.5 2
  0.67064 8 + 2
    0.22977 0.5175 55
    0.252499 0.4825 52
  0.681 2 - 2
    0.609 0.5 5
    0.62428 0.5 3
  0.6865 6 - 2
    0.62978 0.5 3
    0.6865 0.5 0
  0.7022 12 + 2
    0.689216 0.5 1
    0.7022 0.5 0
  0.7079 8 + 2
    0.694916 0.5 1
    0.7079 0.5 0
  0.7136 10 + 2
    0.64677 0.5 4
    0.69755 0.5 2
  0.723 16 + 2
    0.499648 0.5 24
    0.710016 0.5 1
  0.734 14 + 2
    0.6115 0.5 10
    0.71795 0.5 2
  0.7389 12 + 2
    0.725916 0.5 1
    0.7389 0.5 0
  0.7495 8 + 2
    0.736516 0.5 1
    0.7495 0.5 0
  0.7519 6 + 2
    0.636336 0.5 8
    0.68507 0.5 4
  0.76667 10 + 2
    0.69984 0.5 4
    0.75062 0.5 2
  0.7778 8 + 2
    0.764816 0.5 1
    0.7778 0.5 0
  0.7876 6 + 2
    0.672036 0.5 8
    0.72077 0.5 4
  0.7911 12 + 2
    0.778116 0.5 1
    0.7911 0.5 0
  0.7971 14 + 2
    0.6746 0.5 10
    0.78105 0.5 2
  0.8133 10 + 2
    0.74647 0.5 4
    0.79725 0.5 2
  0.822 6 + 2
    0.706436 0.5 8
    0.75517 0.5 4
  0.825 8 + 2
    0.812016 0.5 1
    0.825 0.5 0
  0.8412 16 + 2
    0.617848 0.5 24
    0.828216 0.5 1
  0.8509 18 + 2
    0.1931 0.5 77
    0.6729 0.5 18
  0.8653 6 + 2
    0.749736 0.5 8
    0.79847 0.5 4
  0.8706 10 - 2
    0.857616 0.5 1
    0.8706 0.5 0
  0.8741 8 + 2
    0.861116 0.5 1
    0.8741 0.5 0
  0.8846 12 - 2
    0.81777 0.5 4
    0.86855 0.5 2
  0.89367 14 + 2
    0.77117 0.5 10
    0.87762 0.5 2
  0.9028 6 - 2
    0.84608 0.5 3
    0.9028 0.5 0
  0.91446 8 + 2
    0.901476 0.5 1
    0.91446 0.5 0
  0.918 10 - 2
    0.905016 0.5 1
    0.918 0.5 0
  0.9374 0 + 2
    0.832624 0.5 7
    0.88068 0.5 3
  0.9444 12 - 2
    0.87757 0.5 4
    0.92835 0.5 2
  0.95 6 + 2
    0.834436 0.5 8
    0.88317 0.5 4
  0.9623 8 - 2
    0.89547 0.5 4
    0.94625 0.5 2
  0.9672 16 + 2
    0.743848 0.5 24
    0.954216 0.5 1
  0.9779 10 - 2
    0.964916 0.5 1
    0.9779 0.5 0
  0.9993 6 + 2
    0.883736 0.5 8
    0.93247 0.5 4
  1.0035 14 - 2
    0.780148 0.5 24
    0.990516 0.5 1
  1.0137 8 + 2
    1.00072 0.5 1
    1.0137 0.5 0
  1.0236 12 - 2
    0.95677 0.5 4
    1.00755 0.5 2
  1.0312 6 + 2
    0.915636 0.5 8
    0.96437 0.5 4
  1.0456 10 - 2
    1.03262 0.5 1
    1.0456 0.5 0
  1.05058 20 + 2
    0.32758 0.5 85
    0.88244 0.5 16
  1.0599 8 - 2
    0.99307 0.5 4
    1.04385 0.5 2
  1.06883 0 + 2
    0.964054 0.5 7
    1.01211 0.5 3
  1.075 6 - 2
    1.01828 0.5 3
    1.075 0.5 0
  1.0885 18 + 2
    0.4307 0.5 77
    0.9105 0.5 18
  1.0928 10 - 2
    1.07982 0.5 1
    1.0928 0.5 0
  1.107 12 + 2
    1.09402 0.5 1
    1.107 0.5 0
  1.1125 8 - 2
    1.04567 0.5 4
    1.09645 0.5 2
  1.1312 6 + 2
    1.01564 0.5 8
    1.06437 0.5 4
  1.1445 4 - 2
    1.02894 0.5 8
    1.07767 0.5 4
  1.1516 14 + 2
    1.0291 0.5 10
    1.13555 0.5 2
  1.1558 2 - 2
    1.0838 0.5 5
    1.09908 0.5 3
  1.1604 16 + 2
    0.937048 0.5 24
    1.14742 0.5 1
  1.1694 8 - 2
    1.10257 0.5 4
    1.15335 0.5 2
  1.1777 6 + 2
    1.06214 0.5 8
    1.11087 0.5 4
  1.1952 10 - 2
    1.18222 0.5 1
    1.1952 0.5 0
  1.2047 4 + 2
    1.14798 0.5 3
    1.2047 0.5 0
  1.2121 12 - 2
    1.14527 0.5 4
    1.19605 0.5 2
  1.2172 2 + 2
    1.08846 0.5 11
    1.10164 0.5 8
  1.2261 6 - 2
    1.16938 0.5 3
    1.2261 0.5 0
  1.2321 8 + 2
    1.21912 0.5 1
    1.2321 0.5 0
  1.2429 4 - 2
    1.12734 0.5 8
    1.17607 0.5 4
  1.249 0 + 2
    1.14422 0.5 7
    1.19228 0.5 3
  1.2549 10 - 2
    1.24192 0.5 1
    1.2549 0.5 0
  1.2592 6 + 2
    1.14364 0.5 8
    1.19237 0.5 4
  1.2652 8 - 2
    1.19837 0.5 4
    1.24915 0.5 2
  1.2729 4 + 2
    1.21618 0.5 3
    1.2729 0.5 0
  1.2819 2 - 2
    1.2099 0.5 5
    1.22518 0.5 3
  1.2904 14 + 2
    1.1679 0.5 10
    1.27435 0.5 2
  1.2994 10 - 2
    1.28642 0.5 1
    1.2994 0.5 0
  1.3041 6 + 2
    1.18854 0.5 8
    1.23727 0.5 4
  1.323 12 - 2
    1.25617 0.5 4
    1.30695 0.5 2
  1.3311 8 + 2
    1.31812 0.5 1
    1.3311 0.5 0
  1.3388 4 - 2
    1.22324 0.5 8
    1.27197 0.5 4
  1.3433 2 + 2
    1.21456 0.5 11
    1.22774 0.5 8
  1.3483 6 - 2
    1.29158 0.5 3
    1.3483 0.5 0
  1.3598 8 + 2
    1.34682 0.5 1
    1.3598 0.5 0
  1.3659 10 - 2
    1.35292 0.5 1
    1.3659 0.5 0
  1.372 4 + 2
    1.31528 0.5 3
    1.372 0.5 0
  1.38 0 - 2
    1.25126 0.5 11
    1.26444 0.5 8
  1.3874 6 + 2
    1.27184 0.5 8
    1.32057 0.5 4
  1.3964 12 - 2
    1.32957 0.5 4
    1.38035 0.5 2
  1.409 2 + 2
    1.28026 0.5 11
    1.29344 0.5 8
  1.4183 8 - 2
    1.35147 0.5 4
    1.40225 0.5 2
  1.4325 4 + 2
    1.37578 0.5 3
    1.4325 0.5 0
  1.4367 10 - 2
    1.42372 0.5 1
    1.4367 0.5 0
  1.4417 6 + 2
    1.32614 0.5 8
    1.37487 0.5 4
  1.448 16 - 2
    1.27 0.5 18
    1.43195 0.5 2
  1.4639 14 + 2
    1.3414 0.5 10
    1.44785 0.5 2
  1.4692 4 - 2
    1.35364 0.5 8
    1.40237 0.5 4
  1.486 8 + 2
    1.47302 0.5 1
    1.486 0.5 0
  1.4946 2 - 2
    1.4226 0.5 5
    1.43788 0.5 3
  1.5018 6 + 2
    1.38624 0.5 8
    1.43497 0.5 4
  1.5144 10 - 2
    1.50142 0.5 1
    1.5144 0.5 0
  1.5299 12 + 2
    1.51692 0.5 1
    1.5299 0.5 0
  1.5348 4 - 2
    1.41924 0.5 8
    1.46797 0.5 4
  1.5522 8 + 2
    1.53922 0.5 1
    1.5522 0.5 0
  1.558 6 - 2
    1.50128 0.5 3
    1.558 0.5 0
  1.5707 2 + 2
    1.44196 0.5 11
    1.45514 0.5 8
  1.586 0 - 2
    1.45726 0.5 11
    1.47044 0.5 8
  1.5963 4 + 2
    1.53958 0.5 3
    1.5963 0.5 0
  1.6076 10 - 2
    1.59462 0.5 1
    1.6076 0.5 0
  1.6255 8 + 2
    1.61252 0.5 1
    1.6255 0.5 0
  1.6341 6 - 2
    1.57738 0.5 3
    1.6341 0.5 0
  1.6408 18 + 2
    0.983 0.5 77
    1.4628 0.5 18
  1.6478 2 - 2
    1.5758 0.5 5
    1.59108 0.5 3
  1.6583 4 + 2
    1.60158 0.5 3
    1.6583 0.5 0
  1.6666 12 - 2
    1.59977 0.5 4
    1.65055 0.5 2
  1.6761 6 + 2
    1.56054 0.5 8
    1.60927 0.5 4
  1.6917 8 - 2
    1.62487 0.5 4
    1.67565 0.5 2
  1.7023 10 + 2
    1.63547 0.5 4
    1.68625 0.5 2

77 193 78
  0 3 + 0
  0.073045 1 + 1
    0.073045 1 0
  0.080239 11 - 1
    0.080239 1 0
  0.13894 5 + 1
    0.13894 1 0
  0.180067 3 + 2
    0.107022 0.912127 1
    0.180067 0.087873 0
  0.299399 7 - 1
    0.21916 1 2
  0.357768 7 + 2
    0.218828 0.5773 3
    0.357768 0.4227 0
  0.361856 5 + 3
    0.181789 0.4809 4
    0.288811 0.172 1
    0.361856 0.3471 0
  0.460535 3 + 5
    0.098679 0.013899 7
    0.280468 0.186281 4
    0.321595 0.173483 3
    0.38749 0.158184 1
    0.460535 0.468153 0
  0.469387 13 - 1
    0.389148 1 2
  0.47899 15 - 1
    0.398751 1 2
  0.516412 7 + 4
    0.154556 0.258384 7
    0.336345 0.256985 4
    0.377472 0.434774 3
    0.516412 0.049857 0
  0.521925 9 + 2
    0.164157 0.1872 6
    0.382985 0.8128 3
  0.557446 1 + 5
    0.096911 0.302588 8
    0.377379 0.029709 4
    0.418506 0.022979 3
    0.484401 0.074147 1
    0.557446 0.570577 0
  0.559299 5 + 6
    0.197443 0.008911 7
    0.201531 0.00771 6
    0.379232 0.019601 4
    0.420359 0.247212 3
    0.486254 0.019631 1
    0.559299 0.696934 0
  0.563404 9 - 2
    0.264005 0.6745 5
    0.483165 0.3255 2
  0.59823 3 - 4
    0.298831 0.883251 5
    0.418163 0.030958 4
    0.525185 0.082715 1
    0.59823 0.003076 0
  0.62099 7 + 4
    0.259134 0.031119 7
    0.263222 0.092216 6
    0.48205 0.50958 3
    0.62099 0.367085 0
  0.695133 5 + 7
    0.135834 0.066406 14
    0.234598 0.655761 8
    0.333277 0.020879 7
    0.337365 0.012129 6
    0.515066 0.17479 4
    0.556193 0.043167 3
    0.695133 0.026868 0
  0.71217 3 + 7
    0.154724 0.137297 13
    0.251635 0.593688 8
    0.350314 0.01508 7
    0.532103 0.165997 4
    0.57323 0.039999 3
    0.639125 0.01494 1
    0.71217 0.032999 0
  0.740381 5 - 5
    0.142151 0.643409 16
    0.378525 0.005263 7
    0.440982 0.298904 5
    0.560314 0.008523 4
    0.601441 0.043901 3
  0.806902 5 + 5
    0.445046 0.033519 7
    0.449134 0.316594 6
    0.626835 0.044649 4
    0.667962 0.561889 3
    0.733857 0.043349 1
  0.82892 9 - 1
    0.748681 1 2
  0.832895 11 - 2
    0.269491 0.6572 15
    0.533496 0.3428 5
  0.838918 9 + 3
    0.279619 0.017529 14
    0.322506 0.282791 11
    0.477062 0.699679 7
  0.84893 5 + 4
    0.289631 0.073018 14
    0.70999 0.252392 3
    0.775885 0.063308 1
    0.84893 0.611282 0
  0.853055 3 + 2
    0.39252 0.632 8
    0.491199 0.368 7
  0.857026 11 + 2
    0.335101 0.2691 12
    0.499258 0.7309 6
  0.874291 5 + 7
    0.316845 0.035632 13
    0.413756 0.157608 8
    0.512435 0.046462 7
    0.516523 0.072944 6
    0.735351 0.035562 3
    0.801246 0.009661 1
    0.874291 0.642131 0
  0.892268 9 + 4
    0.271278 0.213521 17
    0.370343 0.249025 12
    0.5345 0.348435 6
    0.753328 0.189019 3
  0.918365 7 - 4
    0.177984 0.723458 20
    0.320135 0.041663 16
    0.354961 0.062665 15
    0.618966 0.172214 5
  0.930432 17 - 1
    0.451442 1 10
  0.96443 1 + 2
    0.784363 0.1876 4
    0.891385 0.8124 1
  0.972873 5 + 6
    0.232492 0.030529 20
    0.351883 0.144896 17
    0.611017 0.208194 7
    0.615105 0.195494 6
    0.899828 0.281292 1
    0.972873 0.139596 0
  0.975334 11 - 2
    0.496344 0.6564 10
    0.505947 0.3436 9
  1.00935 11 + 2
    0.492938 0.8569 11
    0.539963 0.1431 9
  1.01959 11 + 1
    0.503178 1 11
  1.03546 13 + 2
    0.178434 0.099691 27
    0.513535 0.900309 12
  1.03696 7 + 3
    0.341822 0.2387 18
    0.679187 0.6585 6
    0.856888 0.1028 4
  1.03806 7 + 4
    0.516135 0.1186 12
    0.676204 0.373 7
    0.680292 0.2647 6
    0.857993 0.2437 4
  1.06589 9 - 4
    0.4449 0.04969 17
    0.704034 0.217402 7
    0.885823 0.621106 4
    0.992845 0.111801 1
  1.07647 3 + 2
    0.718702 0.7685 6
    0.93753 0.2315 3
  1.07793 13 - 2
    0.337549 0.075518 20
    0.778531 0.924481 5
  1.126 1 - 2
    0.945933 0.5 4
    1.126 0.5 0
  1.13117 5 - 2
    0.951103 0.73 4
    0.99223 0.27 3
  1.14562 9 - 2
    0.227255 0.901036 30
    0.582216 0.098964 15
  1.163 13 + 2
    0.68401 0.5 10
    1.08276 0.5 2
  1.16806 13 - 2
    0.335165 0.639 23
    0.698673 0.361 9
  1.16917 11 + 6
    0.276902 0.078943 29
    0.312144 0.049092 27
    0.54818 0.307712 17
    0.647245 0.411816 12
    0.652758 0.072373 11
    0.811402 0.080063 6
  1.193 7 - 2
    1.05406 0.5 3
    1.11276 0.5 2
  1.201 15 - 2
    0.72201 0.5 10
    1.12076 0.5 2
  1.25042 7 - 2
    0.888564 0.5208 7
    0.892652 0.4792 6
  1.286 3 - 2
    1.14706 0.5 3
    1.21296 0.5 1
  1.344 1 - 2
    1.16393 0.5 4
    1.344 0.5 0
  1.398 9 - 2
    0.928613 0.5 9
    1.04023 0.5 6
  1.407 7 - 2
    1.26806 0.5 3
    1.32676 0.5 2
  1.43843 13 + 1
    0.599512 1 24
  1.45997 15 + 2
    0.44038 0.1378 36
    0.602944 0.8622 27
  1.51172 3 + 4
    0.538847 0.097436 33
    0.637429 0.285789 28
    0.658665 0.281889 26
    0.954274 0.334887 13
  1.552 5 - 2
    1.37193 0.5 4
    1.552 0.5 0
  1.583 9 - 2
    1.11361 0.5 9
    1.22523 0.5 6
  1.609 7 - 2
    1.47006 0.5 3
    1.52876 0.5 2
  1.639 19 - 2
    0.438 0.5 50
    1.16001 0.5 10
  1.6505 17 + 1
    0.61504 1 37
  1.69 3 - 2
    1.55106 0.5 3
    1.61695 0.5 1
  1.698 5 - 2
    1.51793 0.5 4
    1.698 0.5 0
  1.744 1 - 2
    1.56393 0.5 4
    1.744 0.5 0
  1.759 3 - 2
    1.62006 0.5 3
    1.68595 0.5 1
  1.82 7 - 2
    1.68106 0.5 3
    1.73976 0.5 2
  1.826 9 - 2
    1.35661 0.5 9
    1.46823 0.5 6
  1.866 5 + 2
    1.72706 0.5 3
    1.79296 0.5 1
  1.898 7 - 2
    1.75906 0.5 3
    1.81776 0.5 2
  1.935 5 + 2
    1.79606 0.5 3
    1.86196 0.5 1
  1.97 11 - 2
    1.6706 0.5 5
    1.88976 0.5 2
  1.999 9 + 2
    1.86006 0.5 3
    1.91876 0.5 2
  2.029 1 - 2
    1.84893 0.5 4
    2.029 0.5 0
  2.179 19 + 1
    0.71903 1 57
  2.404 21 + 1
    0.7535 1 63

77 194 157
  0 2 - 0
  0.043119 0 - 1
    0.043119 1 0
  0.082336 2 - 2
    0.039217 0.3454 1
    0.082336 0.6546 0
  0.084285 4 - 1
    0.084285 1 0
  0.112232 4 - 3
    0.027947 0.075546 3
    0.029896 0.162292 2
    0.112232 0.762162 0
  0.138688 2 - 5
    0.026456 0.070083 4
    0.054403 0.078083 3
    0.056352 0.136605 2
    0.095569 0.538722 1
    0.138688 0.176507 0
  0.143592 0 - 2
    0.061256 0.096645 2
    0.143592 0.903355 0
  0.147072 8 + 2
    0.03484 0.4593 4
    0.062787 0.5407 3
  0.148934 6 - 1
    0.148934 1 0
  0.160998 2 - 5
    0.02231 0.2902 5
    0.048766 0.1877 4
    0.078662 0.105 2
    0.117879 0.2808 1
    0.160998 0.1363 0
  0.173094 10 + 1
    0.173094 1 0
  0.184688 6 - 3
    0.035754 0.1533 8
    0.100403 0.3236 3
    0.184688 0.5231 0
  0.1927 12 + 1
    0.045628 1 7
  0.195527 4 - 7
    0.046593 0.058111 8
    0.056839 0.194202 5
    0.083295 0.189402 4
    0.111242 0.066271 3
    0.113191 0.091611 2
    0.152408 0.283903 1
    0.195527 0.116501 0
  0.24511 6 - 6
    0.049583 0.040478 13
    0.096176 0.110893 8
    0.132878 0.230886 4
    0.160825 0.33388 3
    0.162774 0.202188 2
    0.24511 0.081675 0
  0.249826 0 - 1
    0.249826 1 0
  0.254161 4 - 5
    0.069473 0.054299 11
    0.093163 0.484395 9
    0.115473 0.385696 5
    0.169876 0.057649 3
    0.171825 0.01796 2
  0.270917 8 + 1
    0.123845 1 7
  0.278505 4 - 5
    0.117507 0.052311 9
    0.139817 0.02247 5
    0.166273 0.084191 4
    0.19422 0.02852 3
    0.278505 0.812508 0
  0.29 20 + 1
    0.29 1 0
  0.29663 8 - 4
    0.042469 0.95338 16
    0.111942 0.01836 11
    0.184398 0.004801 4
    0.212345 0.02346 3
  0.308974 2 - 8
    0.113447 0.211789 13
    0.124286 0.020559 11
    0.147976 0.058627 9
    0.165382 0.283385 6
    0.170286 0.019569 5
    0.196742 0.008292 4
    0.226638 0.116094 2
    0.308974 0.281685 0
  0.314053 4 - 5
    0.068943 0.0497 14
    0.129365 0.06062 11
    0.153055 0.7102 9
    0.231717 0.02658 2
    0.314053 0.1529 0
  0.337524 2 - 7
    0.087698 0.188017 15
    0.141997 0.045994 13
    0.176526 0.061866 9
    0.193932 0.199418 6
    0.198836 0.11061 5
    0.294405 0.045164 1
    0.337524 0.348931 0
  0.34235 4 - 6
    0.088189 0.283474 16
    0.181352 0.163685 9
    0.193416 0.045396 8
    0.230118 0.078283 4
    0.260014 0.21978 2
    0.299231 0.209381 1
  0.347051 6 - 5
    0.151524 0.070292 13
    0.162363 0.112503 11
    0.198117 0.091263 8
    0.234819 0.629219 4
    0.347051 0.096723 0
  0.371282 6 - 2
    0.100365 0.6231 17
    0.222348 0.3769 8
  0.376998 6 - 6
    0.122837 0.058001 16
    0.131888 0.139301 14
    0.19231 0.01024 11
    0.216 0.02665 9
    0.228064 0.112501 8
    0.264766 0.653307 4
  0.390963 6 - 3
    0.136802 0.090282 16
    0.252275 0.162003 5
    0.390963 0.747715 0
  0.407018 6 + 3
    0.136101 0.855209 17
    0.259946 0.125001 7
    0.322733 0.01979 3
  0.413059 6 + 1
    0.142142 1 17
  0.419611 6 - 3
    0.16545 0.736341 16
    0.224084 0.24498 13
    0.280923 0.018679 5
  0.423727 4 - 8
    0.109674 0.065125 22
    0.145222 0.212183 18
    0.169566 0.348772 16
    0.2282 0.084663 13
    0.262729 0.105792 9
    0.276655 0.051626 7
    0.311495 0.116191 4
    0.423727 0.015649 0
  0.436296 4 - 7
    0.182135 0.11249 16
    0.18647 0.012979 15
    0.191186 0.019928 14
    0.240769 0.052665 13
    0.275298 0.413763 9
    0.297608 0.030907 5
    0.35396 0.357268 2
  0.467208 4 - 6
    0.09021 0.597576 27
    0.158234 0.112196 21
    0.170578 0.050488 20
    0.28252 0.047188 11
    0.382923 0.116195 3
    0.424089 0.076357 1
  0.489649 4 - 13
    0.098686 0.169 28
    0.147299 0.03789 24
    0.152125 0.05167 23
    0.175596 0.04318 22
    0.180675 0.1009 21
    0.211144 0.0833 18
    0.235488 0.1166 16
    0.304961 0.04387 11
    0.346057 0.02769 6
    0.350961 0.02396 5
    0.377417 0.05204 4
    0.405364 0.1164 3
    0.407313 0.1335 2
  0.501809 4 - 7
    0.124811 0.070409 27
    0.192835 0.01382 21
    0.340811 0.764992 9
    0.358217 0.02482 6
    0.363121 0.04096 5
    0.389577 0.060839 4
    0.417524 0.02416 3
  0.518577 4 + 7
    0.147295 0.01094 26
    0.176227 0.022601 24
    0.181053 0.019591 23
    0.209603 0.0147 21
    0.32305 0.01017 13
    0.333889 0.01147 11
    0.371505 0.910527 7
  0.521867 6 + 5
    0.114849 0.311812 29
    0.150585 0.022871 26
    0.25095 0.548622 17
    0.267706 0.038182 16
    0.374795 0.078513 7
  0.524217 6 + 3
    0.111158 0.403 30
    0.2533 0.1588 17
    0.411985 0.4382 4
  0.542593 4 + 5
    0.205069 0.042419 23
    0.288432 0.083627 16
    0.430361 0.022379 4
    0.458308 0.292791 3
    0.460257 0.558783 2
  0.5461 4 - 2
    0.461815 0.5 3
    0.502981 0.5 1
  0.5578 10 + 2
    0.26117 0.5 20
    0.384706 0.5 10
  0.5724 8 + 2
    0.423466 0.5 8
    0.425328 0.5 7
  0.57897 10 + 2
    0.28234 0.5 20
    0.405876 0.5 10
  0.5919 4 - 2
    0.507615 0.5 3
    0.548781 0.5 1
  0.6001 8 + 2
    0.451166 0.5 8
    0.453028 0.5 7
  0.60573 12 + 2
    0.41303 0.5 12
    0.458658 0.5 7
  0.6199 10 + 2
    0.32327 0.5 20
    0.446806 0.5 10
  0.63955 8 + 2
    0.490616 0.5 8
    0.492478 0.5 7
  0.65642 14 + 2
    0.09862 0.5 42
    0.483326 0.5 10
  0.661 10 + 2
    0.36437 0.5 20
    0.487906 0.5 10
  0.6675 8 + 2
    0.518566 0.5 8
    0.520428 0.5 7
  0.67749 12 + 2
    0.48479 0.5 12
    0.530418 0.5 7
  0.6809 14 + 2
    0.1231 0.5 42
    0.507806 0.5 10
  0.6901 8 + 2
    0.541166 0.5 8
    0.543028 0.5 7
  0.6945 10 + 2
    0.39787 0.5 20
    0.521406 0.5 10
  0.6988 12 + 2
    0.5061 0.5 12
    0.551728 0.5 7
  0.7077 16 + 2
    0.4177 0.5 19
    0.515 0.5 12
  0.7191 8 + 2
    0.570166 0.5 8
    0.572028 0.5 7
  0.7218 2 + 2
    0.637515 0.5 3
    0.678681 0.5 1
  0.7463 10 + 2
    0.44967 0.5 20
    0.573206 0.5 10
  0.7514 12 + 2
    0.5587 0.5 12
    0.604328 0.5 7
  0.759 8 + 2
    0.610066 0.5 8
    0.611928 0.5 7
  0.7654 14 - 2
    0.15967 0.5 47
    0.5727 0.5 12
  0.7726 2 + 2
    0.688315 0.5 3
    0.729481 0.5 1
  0.7756 10 - 2
    0.626666 0.5 8
    0.628528 0.5 7
  0.785 18 + 2
    0.1041 0.5 54
    0.12858 0.5 50
  0.7997 8 - 2
    0.687468 0.5 4
    0.715415 0.5 3
  0.802 16 + 2
    0.512 0.5 19
    0.6093 0.5 12
  0.8057 12 - 2
    0.50907 0.5 20
    0.632606 0.5 10
  0.8087 6 + 2
    0.696468 0.5 4
    0.724415 0.5 3
  0.8192 2 - 2
    0.736864 0.5 2
    0.8192 0.5 0
  0.8342 10 + 2
    0.53757 0.5 20
    0.661106 0.5 10
  0.8538 8 - 2
    0.741568 0.5 4
    0.769515 0.5 3
  0.8619 14 + 2
    0.3041 0.5 42
    0.688806 0.5 10
  0.8724 6 - 2
    0.790064 0.5 2
    0.8724 0.5 0
  0.8773 2 + 2
    0.793015 0.5 3
    0.834181 0.5 1
  0.8819 10 - 2
    0.732966 0.5 8
    0.734828 0.5 7
  0.888 8 + 2
    0.739066 0.5 8
    0.740928 0.5 7
  0.8974 0 - 2
    0.813115 0.5 3
    0.854281 0.5 1
  0.9082 6 + 2
    0.795968 0.5 4
    0.823915 0.5 3
  0.9212 12 - 2
    0.62457 0.5 20
    0.748106 0.5 10
  0.9267 8 + 2
    0.777766 0.5 8
    0.779628 0.5 7
  0.934 2 - 2
    0.851664 0.5 2
    0.934 0.5 0
  0.9379 6 + 2
    0.825668 0.5 4
    0.853615 0.5 3
  0.94811 10 - 2
    0.799176 0.5 8
    0.801038 0.5 7
  0.9571 14 + 2
    0.3993 0.5 42
    0.784006 0.5 10
  0.9659 16 - 2
    0.285 0.5 54
    0.30948 0.5 50
  0.9693 12 + 2
    0.7766 0.5 12
    0.822228 0.5 7
  0.9762 8 - 2
    0.863968 0.5 4
    0.891915 0.5 3
  0.9949 6 + 2
    0.882668 0.5 4
    0.910615 0.5 3
  1.0012 2 - 2
    0.918864 0.5 2
    1.0012 0.5 0
  1.0084 10 + 2
    0.71177 0.5 20
    0.835306 0.5 10
  1.0296 0 - 2
    0.945315 0.5 3
    0.986481 0.5 1
  1.0386 4 + 2
    0.956264 0.5 2
    1.0386 0.5 0
  1.0445 6 - 2
    0.962164 0.5 2
    1.0445 0.5 0
  1.0524 8 + 2
    0.903466 0.5 8
    0.905328 0.5 7
  1.0603 2 - 2
    0.977964 0.5 2
    1.0603 0.5 0
  1.0625 18 + 2
    0.3816 0.5 54
    0.40608 0.5 50
  1.074 10 - 2
    0.925066 0.5 8
    0.926928 0.5 7
  1.0875 4 + 2
    1.00516 0.5 2
    1.0875 0.5 0
  1.0956 6 - 2
    1.01326 0.5 2
    1.0956 0.5 0
  1.0992 8 + 2
    0.950266 0.5 8
    0.952128 0.5 7
  1.1058 12 - 2
    0.80917 0.5 20
    0.932706 0.5 10
  1.1152 14 + 2
    0.5574 0.5 42
    0.942106 0.5 10
  1.1221 6 - 2
    1.03976 0.5 2
    1.1221 0.5 0
  1.1345 4 + 2
    1.05216 0.5 2
    1.1345 0.5 0
  1.1467 2 - 2
    1.06436 0.5 2
    1.1467 0.5 0
  1.1617 8 + 2
    1.01277 0.5 8
    1.01463 0.5 7
  1.1744 10 - 2
    1.02547 0.5 8
    1.02733 0.5 7
  1.1796 6 + 2
    1.06737 0.5 4
    1.09532 0.5 3
  1.1914 4 - 2
    1.10712 0.5 3
    1.14828 0.5 1
  1.1981 12 + 2
    1.0054 0.5 12
    1.05103 0.5 7
  1.2113 8 - 2
    1.09907 0.5 4
    1.12702 0.5 3
  1.2227 2 + 2
    1.13841 0.5 3
    1.17958 0.5 1
  1.2275 10 - 2
    1.07857 0.5 8
    1.08043 0.5 7
  1.2346 6 + 2
    1.12237 0.5 4
    1.15031 0.5 3
  1.2396 4 - 2
    1.15532 0.5 3
    1.19648 0.5 1
  1.2498 0 + 2
    1.16746 0.5 2
    1.2498 0.5 0
  1.2585 8 - 2
    1.14627 0.5 4
    1.17422 0.5 3
  1.2721 22 + 2
    0.2096 0.5 99
    0.4871 0.5 67
  1.2816 6 - 2
    1.19926 0.5 2
    1.2816 0.5 0
  1.2881 2 + 2
    1.20382 0.5 3
    1.24498 0.5 1
  1.312 4 - 2
    1.22772 0.5 3
    1.26888 0.5 1
  1.3239 10 + 2
    1.02727 0.5 20
    1.15081 0.5 10
  1.3323 12 - 2
    1.03567 0.5 20
    1.15921 0.5 10
  1.3529 8 + 2
    1.20397 0.5 8
    1.20583 0.5 7
  1.3687 6 - 2
    1.28636 0.5 2
    1.3687 0.5 0
  1.377 16 + 2
    1.087 0.5 19
    1.1843 0.5 12
  1.3892 4 - 2
    1.30492 0.5 3
    1.34608 0.5 1
  1.401 14 + 2
    0.8432 0.5 42
    1.22791 0.5 10
  1.4234 2 - 2
    1.34106 0.5 2
    1.4234 0.5 0
  1.44 8 + 2
    1.29107 0.5 8
    1.29293 0.5 7
  1.446 10 - 2
    1.29707 0.5 8
    1.29893 0.5 7
  1.4543 6 + 2
    1.34207 0.5 4
    1.37001 0.5 3
  1.467 4 - 2
    1.38272 0.5 3
    1.42388 0.5 1
  1.4822 12 + 2
    1.2895 0.5 12
    1.33513 0.5 7
  1.4895 8 - 2
    1.37727 0.5 4
    1.40522 0.5 3
  1.507 6 + 2
    1.39477 0.5 4
    1.42271 0.5 3
  1.5208 2 - 2
    1.43846 0.5 2
    1.5208 0.5 0
  1.5424 0 + 2
    1.46006 0.5 2
    1.5424 0.5 0
  1.5615 4 - 2
    1.47722 0.5 3
    1.51838 0.5 1
  1.572 10 + 2
    1.27537 0.5 20
    1.39891 0.5 10
  1.5794 6 - 2
    1.49706 0.5 2
    1.5794 0.5 0
  1.5943 8 + 2
    1.44537 0.5 8
    1.44723 0.5 7
  1.605 4 - 2
    1.52072 0.5 3
    1.56188 0.5 1
  1.6122 2 + 2
    1.52792 0.5 3
    1.56908 0.5 1
  1.6244 14 - 2
    1.01867 0.5 47
    1.4317 0.5 12
  1.6318 10 + 2
    1.33517 0.5 20
    1.45871 0.5 10
  1.6419 6 - 2
    1.55956 0.5 2
    1.6419 0.5 0
  1.6542 12 + 2
    1.4615 0.5 12
    1.50713 0.5 7
  1.6662 8 - 2
    1.55397 0.5 4
    1.58191 0.5 3
  1.6721 4 + 2
    1.58976 0.5 2
    1.6721 0.5 0
  1.6848 2 - 2
    1.60246 0.5 2
    1.6848 0.5 0
  1.6954 6 + 2
    1.58317 0.5 4
    1.61112 0.5 3
  1.7025 10 - 2
    1.55357 0.5 8
    1.55543 0.5 7

77 195 44
  0 3 + 0
  0.069181 1 + 1
    0.069181 1 0
  0.1 11 - 1
    0.1 1 0
  0.175221 5 + 1
    0.175221 1 0
  0.233512 3 + 2
    0.164331 0.7058 1
    0.233512 0.2942 0
  0.286521 3 + 3
    0.1113 0.3308 3
    0.21734 0.1085 1
    0.286521 0.5607 0
  0.394 7 + 2
    0.160488 0.5 4
    0.394 0.5 0
  0.412038 5 + 3
    0.178526 0.441444 4
    0.342857 0.269427 1
    0.412038 0.289129 0
  0.428627 3 + 2
    0.359446 0.6633 1
    0.428627 0.3367 0
  0.4995 5 + 1
    0.4995 1 0
  0.539206 3 + 2
    0.252685 0.6356 5
    0.539206 0.3644 0
  0.581795 5 + 2
    0.406574 0.5382 3
    0.581795 0.4618 0
  0.626 9 - 1
    0.232 1 6
  0.72 11 - 1
    0.62 1 2
  0.76037 5 + 1
    0.76037 1 0
  0.776048 5 + 4
    0.347421 0.1567 8
    0.489527 0.2076 5
    0.542536 0.2115 4
    0.600827 0.4242 3
  0.86094 3 + 2
    0.574419 0.3218 5
    0.86094 0.6782 0
  0.878 5 + 2
    0.702779 0.5 3
    0.808819 0.5 1
  0.912 7 - 2
    0.736779 0.5 3
    0.812 0.5 2
  0.943746 3 + 4
    0.515119 0.259726 8
    0.657225 0.375838 5
    0.710234 0.175818 4
    0.874565 0.188619 1
  0.96 9 - 2
    0.334 0.5 12
    0.566 0.5 6
  0.994 11 - 2
    0.274 0.5 13
    0.894 0.5 2
  1.01724 1 + 2
    0.842019 0.5 3
    0.948059 0.5 1
  1.05 11 - 2
    0.33 0.5 13
    0.95 0.5 2
  1.107 7 - 2
    0.931779 0.5 3
    1.007 0.5 2
  1.165 3 + 2
    0.931488 0.5 4
    1.165 0.5 0
  1.229 13 - 2
    0.269 0.5 20
    0.603 0.5 12
  1.365 9 - 2
    0.739 0.5 12
    0.971 0.5 6
  1.413 7 - 2
    1.23778 0.5 3
    1.313 0.5 2
  1.438 9 - 2
    0.812 0.5 12
    1.044 0.5 6
  1.51 7 - 2
    1.33478 0.5 3
    1.41 0.5 2
  1.562 11 - 2
    0.842 0.5 13
    1.462 0.5 2
  1.601 11 - 2
    0.881 0.5 13
    1.501 0.5 2
  1.64 15 - 2
    0.92 0.5 13
    1.54 0.5 2
  1.708 13 - 2
    0.748 0.5 20
    1.082 0.5 12
  1.76 1 - 2
    1.52649 0.5 4
    1.76 0.5 0
  1.785 7 + 2
    1.55149 0.5 4
    1.785 0.5 0
  1.835 9 - 2
    1.209 0.5 12
    1.441 0.5 6
  5.5087 17 + 1
    3.8687 1 33
  5.693 7 - 2
    5.51778 0.5 3
    5.593 0.5 2
  5.7973 9 + 2
    5.62208 0.5 3
    5.6973 0.5 2
  5.8758 13 - 2
    4.9158 0.5 20
    5.2498 0.5 12
  6.0019 1 + 2
    5.82668 0.5 3
    5.93272 0.5 1
  6.008 5 - 2
    5.77449 0.5 4
    6.008 0.5 0

77 196 6
  0 0 - 0
  0.1262 2 - 1
    0.1262 1 0
  0.20704 2 - 1
    0.20704 1 0
  0.40788 6 - 2
    0.20084 0.086763 2
    0.40788 0.913237 0
  0.41 4 - 1
    0.41 1 0
  0.52237 8 - 2
    0.31533 0.7634 2
    0.52237 0.2366 0

77 197 24
  0 3 + 0
  0.052 1 + 1
    0.052 1 0
  0.115 11 - 1
    0.115 1 0
  0.224 5 - 1
    0.224 1 0
  0.248 7 - 1
    0.133 1 2
  0.46 5 + 2
    0.212 0.5 4
    0.408 0.5 1
  0.495 9 + 2
    0.247 0.5 4
    0.38 0.5 2
  0.561 13 + 2
    0.066 0.5 6
    0.446 0.5 2
  0.606 5 + 2
    0.358 0.5 4
    0.554 0.5 1
  0.654 7 - 2
    0.406 0.5 4
    0.539 0.5 2
  0.715 11 - 2
    0.467 0.5 4
    0.6 0.5 2
  0.761 5 + 2
    0.513 0.5 4
    0.709 0.5 1
  0.885 3 - 2
    0.637 0.5 4
    0.833 0.5 1
  0.924 9 - 1
    0.7 1 3
  0.96 15 + 1
    0.96 1 0
  1.043 1 + 2
    0.583 0.5 5
    0.991 0.5 1
  1.116 11 - 2
    0.868 0.5 4
    1.001 0.5 2
  1.16 7 - 2
    0.912 0.5 4
    1.045 0.5 2
  1.202 3 + 2
    0.978 0.5 3
    1.202 0.5 0
  1.3 9 - 2
    0.376 0.5 13
    1.076 0.5 3
  1.384 17 + 1
    0.823 1 7
  1.426 7 - 2
    1.178 0.5 4
    1.311 0.5 2
  1.459 13 + 2
    0.964 0.5 6
    1.344 0.5 2
  1.528 3 - 2
    1.28 0.5 4
    1.476 0.5 1

77 198 2
  0 6 + 0
  0.1164 0 + 1
    0.1164 1 0

77 199 3
  0 3 - 0
  0.16 1 - 1
    0.16 1 0
  0.24 5 - 1
    0.08 1 1

77 200 1
  0 8 - 0

77 201 1
  0 3 - 0

77 202 1
  0 4 - 0

