36 69 1
  0 1 - 0

36 70 1
  0 0 + 0

36 71 1
  0 5 - 0

36 72 45
  0 0 + 0
  0.671 0 + 1
    0.671 1 0
  0.70972 4 + 1
    0.70972 1 0
  1.3214 8 + 1
    0.61168 1 2
  1.84904 6 - 1
    1.13932 1 2
  2.1129 12 + 1
    0.7915 1 3
  2.45551 10 - 2
    0.60647 0.5004 4
    1.13411 0.4996 3
  3.1084 16 + 1
    0.9955 1 5
  3.2655 14 - 1
    0.80999 1 6
  3.7971 2 - 1
    1.6842 1 5
  4.2827 18 - 1
    1.0172 1 8
  4.2933 20 + 1
    1.1849 1 7
  4.7568 4 - 2
    0.9597 0.5 9
    1.6484 0.5 7
  5.497 22 - 1
    1.2143 1 10
  5.6484 24 + 1
    1.3551 1 11
  6.0488 6 - 1
    1.292 1 12
  6.8911 26 - 1
    1.3941 1 13
  7.1572 28 + 1
    1.5088 1 14
  7.1642 2 + 1
    1.1154 1 15
  8.447 30 - 1
    1.5559 1 16
  8.5264 32 + 1
    1.3692 1 17
  8.6085 4 - 1
    1.4443 1 18
  8.7451 32 + 1
    1.5879 1 17
  8.8209 32 + 1
    1.6637 1 17
  9.7669 36 + 2
    1.0218 0.6411 22
    1.2405 0.3589 20
  10.0409 6 - 1
    1.4324 1 21
  10.141 34 - 1
    1.694 1 19
  10.5585 36 + 1
    1.7376 1 23
  11.2336 40 + 1
    1.4667 1 24
  11.5367 4 - 1
    1.4958 1 25
  12.3875 40 + 1
    1.829 1 27
  13.1358 2 - 1
    1.5991 1 29
  13.1796 44 + 1
    1.946 1 28
  14.3026 44 + 1
    1.9151 1 30
  14.9148 6 - 1
    1.779 1 31
  15.6396 48 + 1
    2.46 1 32
  16.337 48 + 1
    2.0344 1 33
  16.976 4 - 1
    2.0612 1 34
  18.474 52 + 1
    2.137 1 36
  18.703 52 + 1
    3.0634 1 35
  19.491 2 - 1
    2.515 1 37
  20.914 56 + 1
    2.44 1 38
  22.42 56 + 1
    3.717 1 39
  22.559 4 - 1
    3.068 1 40
  23.62 60 + 1
    2.706 1 41

36 73 54
  0 3 - 0
  0.14397 5 - 1
    0.14397 1 0
  0.36783 5 + 2
    0.22386 0.4201 1
    0.36783 0.5799 0
  0.39288 7 - 2
    0.24891 0.2763 1
    0.39288 0.7237 0
  0.43366 9 + 2
    0.04078 0.066609 3
    0.06583 0.933391 2
  0.5117 7 + 1
    0.14387 1 2
  0.66007 9 - 2
    0.26719 0.1461 3
    0.5161 0.8539 1
  1.00388 11 - 2
    0.34381 0.082828 6
    0.611 0.917172 3
  1.066 11 + 2
    0.5543 0.3058 5
    0.63234 0.6942 4
  1.17777 13 + 1
    0.74411 1 4
  1.37218 13 - 2
    0.3683 0.056781 7
    0.71211 0.943219 6
  1.8306 15 - 1
    0.82672 1 7
  1.8921 15 + 1
    0.71433 1 9
  2.0698 17 + 1
    0.89203 1 9
  2.28518 17 - 1
    0.913 1 10
  2.8646 19 - 1
    1.034 1 11
  2.9375 19 + 1
    0.8677 1 13
  3.1552 21 + 1
    1.0854 1 13
  3.38229 21 - 1
    1.09711 1 14
  4.0877 23 - 1
    1.2231 1 15
  4.1393 23 + 2
    0.9841 0.5 17
    1.2018 0.5 16
  4.4013 25 + 1
    1.2461 1 17
  4.6454 25 - 1
    1.26311 1 18
  5.4076 27 - 1
    1.3199 1 19
  5.4934 27 + 1
    1.3541 1 20
  5.5046 3 + 1
    1.4169 1 19
  5.6152 29 + 1
    1.2139 1 21
  6.0274 29 - 1
    1.382 1 22
  6.5676 31 - 1
    1.16 1 23
  6.7 31 + 1
    1.2066 1 24
  6.8122 33 + 1
    1.197 1 26
  7.0021 5 - 1
    1.4975 1 25
  7.3304 33 - 1
    1.303 1 27
  7.8907 35 - 1
    1.3231 1 28
  8.1092 37 + 1
    1.297 1 30
  8.7414 37 - 1
    1.411 1 32
  9.4007 39 - 1
    1.51 1 33
  9.5342 41 + 1
    1.425 1 34
  10.3566 41 - 1
    1.6152 1 35
  11.1056 43 - 1
    1.7049 1 36
  11.2533 45 + 1
    1.7191 1 37
  12.0997 45 - 1
    1.7431 1 38
  12.9876 47 - 1
    1.882 1 39
  13.3883 49 + 1
    2.135 1 40
  13.9678 49 - 1
    1.8681 1 41
  15.0315 51 - 1
    2.0439 1 42
  16.013 53 + 1
    2.6247 1 43
  16.1468 53 - 1
    2.179 1 44
  17.3346 55 - 1
    2.3031 1 45
  18.7689 57 - 1
    2.6221 1 47
  19.185 57 + 1
    3.172 1 46
  20.0296 59 - 1
    2.695 1 48
  21.93 61 - 1
    3.1611 1 49
  23.237 63 - 1
    3.2074 1 51

36 74 81
  0 0 + 0
  0.45561 4 + 1
    0.45561 1 0
  0.509 0 + 2
    0.05339 0.5 1
    0.509 0.5 0
  1.01332 8 + 1
    0.55771 1 1
  1.1212 6 + 1
    0.66559 1 1
  1.2032 4 + 3
    0.6942 0.1517 2
    0.74759 0.3611 1
    1.2032 0.4872 0
  1.654 0 + 1
    1.19839 1 1
  1.742 4 + 2
    1.233 0.7634 2
    1.28639 0.2366 1
  1.78138 12 + 1
    0.76806 1 3
  1.9414 6 + 3
    0.7382 0.1932 5
    0.92808 0.1173 3
    1.48579 0.6895 1
  2.112 8 + 1
    0.9088 1 5
  2.61301 10 + 3
    0.67161 0.310819 9
    0.83163 0.068344 8
    1.59969 0.620837 3
  2.65573 8 - 2
    0.71433 0.938109 9
    1.64241 0.061891 3
  2.74793 16 + 1
    0.96655 1 8
  2.8118 10 - 1
    1.79848 1 3
  3.0051 10 - 1
    1.99178 1 3
  3.139 12 - 4
    0.3272 0.094527 14
    0.48327 0.361989 12
    0.52599 0.424687 11
    1.35762 0.118796 8
  3.3669 14 - 2
    0.5551 0.2963 14
    1.58552 0.7037 8
  3.4524 14 + 2
    0.83939 0.599 11
    1.67102 0.401 8
  3.6984 14 - 2
    0.6933 0.3424 15
    1.91702 0.6576 8
  3.7613 16 + 1
    1.97992 1 8
  3.8403 16 - 3
    0.3879 0.085003 18
    0.4734 0.065572 17
    0.7013 0.849425 16
  3.8923 20 + 1
    1.14437 1 13
  4.1328 18 - 2
    0.7659 0.8021 17
    1.38487 0.1979 13
  4.244 2 + 1
    4.244 1 0
  4.4694 2 - 1
    1.017 1 18
  4.5565 20 + 2
    0.7952 0.4447 20
    1.80857 0.5553 13
  4.5922 18 - 2
    0.8938 0.8773 19
    1.84427 0.1227 13
  4.7213 20 - 1
    0.881 1 21
  5.0863 22 - 1
    0.9535 1 23
  5.1796 24 + 1
    1.2873 1 22
  5.5703 24 + 2
    1.0138 0.5349 26
    1.678 0.4651 22
  5.6554 6 - 1
    1.186 1 25
  5.6581 22 - 1
    1.0659 1 27
  5.7642 24 - 1
    1.0429 1 28
  6.2106 26 - 1
    1.1243 1 29
  6.5157 28 + 1
    1.3361 1 30
  6.8531 28 + 2
    1.2828 0.3334 31
    1.6735 0.6666 30
  6.8743 26 - 1
    1.2162 1 33
  6.9672 28 - 1
    1.203 1 34
  7.4876 30 - 1
    1.277 1 35
  7.8584 32 + 1
    1.3427 1 36
  8.2193 30 - 1
    1.345 1 38
  8.3182 32 - 1
    1.351 1 39
  8.4125 32 + 2
    1.5594 0.813 37
    1.8968 0.187 36
  8.898 34 - 1
    1.4104 1 40
  9.3059 36 + 1
    1.4475 1 41
  9.6843 34 - 1
    1.465 1 42
  9.8032 36 - 1
    1.485 1 43
  9.9314 36 + 1
    2.073 1 41
  10.1355 36 + 1
    1.723 1 44
  10.4304 38 - 1
    1.5324 1 45
  10.8809 40 + 1
    1.575 1 46
  11.0519 4 - 1
    1.746 1 46
  11.2973 38 - 1
    1.613 1 47
  11.4302 40 - 1
    1.627 1 48
  11.9855 40 + 1
    1.85 1 50
  12.0884 42 - 1
    1.658 1 51
  12.6499 44 + 1
    1.769 1 52
  13.012 42 - 1
    1.7147 1 54
  13.1933 44 - 1
    1.7631 1 55
  13.8964 46 - 1
    1.808 1 57
  13.926 44 + 1
    1.9405 1 56
  14.6869 48 + 1
    2.037 1 58
  14.828 46 - 1
    1.816 1 59
  15.1263 48 - 1
    1.933 1 60
  15.9075 50 - 1
    2.0111 1 61
  16.011 48 + 1
    2.085 1 62
  17.067 52 + 1
    2.3801 1 63
  17.299 52 - 1
    2.1727 1 65
  18.1725 54 - 1
    2.265 1 66
  19.75 56 - 1
    2.451 1 69
  19.859 56 + 1
    2.792 1 68
  20.735 58 - 1
    2.5625 1 70
  22.575 60 - 1
    2.825 1 71
  23.127 60 + 1
    3.268 1 72
  23.657 62 - 1
    2.922 1 73
  25.854 64 - 1
    3.279 1 74
  26.83 64 + 1
    3.703 1 75
  27.03 66 - 1
    3.373 1 76
  30.936 70 - 1
    3.906 1 79

36 75 87
  0 5 + 0
  0.17893 3 - 1
    0.17893 1 0
  0.18719 7 + 1
    0.18719 1 0
  0.35809 5 - 3
    0.1709 0.004446 2
    0.17916 0.915913 1
    0.35809 0.079641 0
  0.37787 9 + 2
    0.19068 0.7307 2
    0.37787 0.2693 0
  0.6114 7 - 3
    0.23353 0.020129 4
    0.25331 0.728778 3
    0.43247 0.251092 1
  0.62907 5 + 2
    0.45014 0.8696 1
    0.62907 0.1304 0
  0.67181 3 - 3
    0.31372 0.1793 3
    0.49288 0.375 1
    0.67181 0.4457 0
  0.7263 9 + 2
    0.34843 0.5 4
    0.53911 0.5 2
  0.77004 11 + 2
    0.39217 0.5921 4
    0.58285 0.4079 2
  0.7864 5 - 2
    0.42831 0.1938 3
    0.60747 0.8062 1
  0.83322 1 - 2
    0.47513 0.2862 3
    0.65429 0.7138 1
  0.88071 3 - 2
    0.52262 0.3592 3
    0.70178 0.6408 1
  0.90489 9 - 2
    0.29349 0.5235 5
    0.5468 0.4765 3
  1.0265 5 + 1
    1.0265 1 0
  1.04219 5 - 3
    0.855 0.258026 2
    0.86326 0.537754 1
    1.04219 0.20422 0
  1.06746 13 + 2
    0.29742 0.267 9
    0.68959 0.733 4
  1.0991 7 - 1
    0.74101 1 3
  1.26543 11 - 2
    0.36054 0.391 13
    0.65403 0.609 5
  1.3636 9 - 2
    0.5772 0.4875 10
    0.7522 0.5125 5
  1.528 13 + 1
    1.15013 1 4
  1.59394 15 + 2
    0.52648 0.4288 16
    0.8239 0.5712 9
  1.64632 13 - 2
    0.38089 0.3295 18
    0.74143 0.6705 13
  1.7554 11 + 1
    1.56821 1 2
  1.7588 11 - 2
    0.6597 0.5378 17
    0.85391 0.4622 13
  1.96403 17 + 2
    0.37009 0.1458 21
    0.89657 0.8542 16
  2.10931 15 - 2
    0.46299 0.1669 22
    0.84388 0.8331 18
  2.1131 13 - 2
    0.7495 0.685 19
    0.84767 0.315 18
  2.2623 3 + 1
    1.19484 1 16
  2.3059 17 + 1
    0.65958 1 22
  2.56249 17 - 2
    0.45318 0.123 26
    0.91617 0.877 22
  2.579 1 + 2
    1.051 0.6667 20
    1.51154 0.3333 16
  2.6108 15 - 1
    0.852 1 24
  2.6292 19 + 2
    0.66517 0.2702 25
    1.03526 0.7298 21
  2.6886 3 + 1
    1.09466 1 21
  2.7087 15 + 1
    1.11476 1 21
  2.8597 7 - 1
    0.75039 1 26
  2.9184 3 + 1
    0.80909 1 26
  2.9572 17 - 1
    0.8441 1 27
  3.0396 17 - 1
    0.9265 1 27
  3.04902 21 + 2
    0.41982 0.059428 33
    1.08499 0.940572 25
  3.11032 19 - 2
    0.54783 0.1598 30
    1.00101 0.8402 26
  3.1894 1 + 1
    1.22537 1 25
  3.3422 19 - 1
    1.23289 1 26
  3.4369 5 + 1
    0.5772 1 36
  3.465 3 + 1
    1.50097 1 25
  3.6233 21 - 1
    1.06081 1 30
  3.766 21 - 2
    0.4238 0.3595 43
    0.8088 0.6405 38
  3.8034 7 + 1
    1.0947 1 35
  3.824 23 + 2
    0.77498 0.2001 40
    1.1948 0.7999 33
  4.0449 5 - 1
    0.608 1 44
  4.1291 23 - 3
    0.3631 0.053782 47
    0.7869 0.053582 43
    1.01878 0.892636 41
  4.2758 25 + 2
    0.4518 0.049538 49
    1.22678 0.950462 40
  4.2903 23 - 1
    1.17998 1 41
  4.647 3 + 2
    1.182 0.8333 45
    1.59798 0.1667 40
  4.737 25 - 2
    0.6079 0.2702 51
    0.971 0.7298 47
  4.818 25 - 1
    1.1947 1 46
  5.024 27 + 2
    0.7482 0.3508 52
    1.2 0.6492 49
  5.159 27 - 1
    1.0299 1 51
  5.4641 27 - 1
    1.1738 1 53
  5.5565 29 + 1
    1.2807 1 52
  5.919 29 - 1
    1.182 1 55
  5.971 5 + 1
    1.324 1 54
  6.043 29 - 1
    1.225 1 56
  6.3084 31 + 2
    0.7519 0.4766 60
    1.2844 0.5234 57
  6.357 31 - 1
    1.198 1 58
  6.6866 31 - 1
    1.2225 1 59
  6.8881 33 + 1
    1.3316 1 60
  7.24 33 - 1
    1.321 1 61
  7.507 3 + 1
    1.536 1 62
  7.728 35 - 1
    1.371 1 65
  7.841 35 + 1
    1.5326 1 64
  8.038 35 - 1
    1.3514 1 66
  8.3846 37 + 1
    1.4965 1 67
  8.694 37 - 1
    1.454 1 68
  8.917 7 + 1
    0.532401 1 73
  9.28 39 - 1
    1.552 1 70
  9.323 5 + 1
    1.816 1 69
  9.451 39 + 1
    1.61 1 71
  9.53 39 - 1
    1.492 1 72
  10.047 41 + 1
    1.6624 1 73
  10.487 3 + 1
    1.57 1 75
  11.197 43 - 1
    1.667 1 79
  11.251 43 + 1
    1.8 1 78
  11.271 5 + 1
    1.948 1 77
  11.75 45 + 1
    1.703 1 80
  12.281 7 - 1
    1.794 1 81

36 76 59
  0 0 + 0
  0.42396 4 + 1
    0.42396 1 0
  0.76987 0 + 1
    0.34591 1 1
  1.03462 8 + 1
    0.61066 1 1
  1.22165 4 + 2
    0.79769 0.5651 1
    1.22165 0.4349 0
  1.598 6 + 2
    0.37635 0.078337 4
    1.17404 0.921663 1
  1.68728 4 + 5
    0.46563 0.034209 4
    0.65266 0.034119 3
    0.91741 0.568183 2
    1.26332 0.141996 1
    1.68728 0.221493 0
  1.73329 6 + 1
    1.30933 1 1
  1.859 12 + 1
    0.82438 1 3
  1.9573 8 + 3
    0.73565 0.30447 4
    0.92268 0.543446 3
    1.53334 0.152085 1
  2.09144 2 - 3
    0.40416 0.1156 6
    1.32157 0.578 2
    1.66748 0.3064 1
  2.10431 2 - 3
    1.33444 0.050191 2
    1.68035 0.772208 1
    2.10431 0.177602 0
  2.22717 4 - 2
    1.00552 0.1597 4
    1.80321 0.8403 1
  2.25741 6 - 2
    1.03576 0.1305 4
    1.83345 0.8695 1
  2.4521 10 + 2
    0.71881 0.5002 7
    1.41748 0.4998 3
  2.57095 2 - 6
    0.47951 0.014271 10
    0.88367 0.083124 6
    0.97295 0.038622 5
    1.3493 0.015951 4
    2.14699 0.008396 1
    2.57095 0.839637 0
  2.601 10 - 2
    0.742 0.5 8
    1.56638 0.5 3
  2.6222 8 - 3
    0.39503 0.333333 12
    0.88891 0.333333 7
    1.58758 0.333333 3
  2.6826 10 - 1
    1.64798 1 3
  2.697 4 + 2
    2.27304 0.5 1
    2.697 0.5 0
  2.763 12 + 1
    0.8057 1 9
  2.77487 6 - 2
    1.55322 0.2754 4
    2.35091 0.7246 1
  2.8167 2 - 2
    2.39274 0.3711 1
    2.8167 0.6289 0
  2.872 6 - 2
    1.83738 0.5 3
    2.44804 0.5 1
  2.8787 16 + 1
    1.0197 1 8
  2.92654 4 - 2
    0.35559 0.8475 15
    0.82223 0.1525 11
  3.02418 2 - 3
    0.45323 0.3707 15
    0.76677 0.1983 13
    2.60022 0.431 1
  3.1754 12 - 1
    0.7233 1 14
  3.246 8 + 2
    2.21138 0.5 3
    2.82204 0.5 1
  3.2875 14 - 2
    0.6049 0.556 18
    1.4285 0.444 8
  3.332 14 + 1
    0.8799 1 14
  3.457 6 - 2
    2.42238 0.5 3
    3.03304 0.5 1
  3.571 16 + 1
    0.808 1 20
  3.629 4 - 2
    1.89571 0.5 7
    2.031 0.5 5
  3.796 2 + 2
    2.06271 0.5 7
    2.198 0.5 5
  3.9021 16 - 1
    0.7267 1 27
  3.978 6 + 2
    2.24471 0.5 7
    2.38 0.5 5
  4.0679 20 + 1
    1.1892 1 24
  4.0719 18 - 1
    0.7844 1 29
  4.403 18 + 1
    1.071 1 30
  4.8076 20 - 1
    0.9055 1 35
  5.0504 22 - 1
    0.9785 1 38
  5.347 24 + 1
    1.2791 1 37
  5.8742 24 - 1
    1.0666 1 40
  6.2192 26 - 1
    1.1688 1 41
  6.647 28 + 1
    1.3 1 42
  7.1097 28 - 1
    1.2355 1 43
  7.5772 30 - 1
    1.358 1 44
  7.9963 32 + 1
    1.3493 1 45
  8.5209 32 - 1
    1.4112 1 46
  9.1107 34 - 1
    1.5335 1 47
  9.396 36 + 1
    1.3997 1 48
  10.0565 36 - 1
    1.5356 1 49
  10.7258 38 - 1
    1.6151 1 50
  10.93 40 + 1
    1.534 1 51
  11.65 40 - 1
    1.5935 1 52
  12.686 44 + 1
    1.756 1 54
  13.347 44 - 1
    1.697 1 55
  14.735 48 + 1
    2.049 1 56

36 77 67
  0 5 + 0
  0.06647 3 - 1
    0.06647 1 0
  0.15016 7 + 1
    0.15016 1 0
  0.24535 5 - 2
    0.17888 0.965048 1
    0.24535 0.034952 0
  0.27896 9 + 2
    0.1288 0.8816 2
    0.27896 0.1184 0
  0.45986 1 - 2
    0.21451 0.006262 3
    0.39339 0.993738 1
  0.49975 7 - 2
    0.2544 0.677 3
    0.43328 0.323 1
  0.5774 5 - 2
    0.07765 0.1493 6
    0.51093 0.8507 1
  0.67498 3 + 3
    0.52482 0.039872 2
    0.60851 0.864935 1
    0.67498 0.095194 0
  0.71435 5 - 3
    0.25449 0.1394 5
    0.469 0.2714 3
    0.64788 0.5892 1
  0.7333 5 - 1
    0.66683 1 1
  0.7474 5 + 2
    0.59724 0.8001 2
    0.7474 0.1999 0
  0.78495 11 + 2
    0.50599 0.7247 4
    0.63479 0.2753 2
  0.79055 3 + 2
    0.5452 0.6897 3
    0.72408 0.3103 1
  0.79989 9 - 2
    0.30014 0.4721 6
    0.55454 0.5279 3
  0.87202 3 - 3
    0.62667 0.6495 3
    0.80555 0.2921 1
    0.87202 0.0584 0
  0.95577 5 - 1
    0.80561 1 2
  0.95785 1 - 1
    0.7125 1 3
  1.00328 13 + 2
    0.21833 0.1322 12
    0.72432 0.8678 4
  1.013 5 - 3
    0.55314 0.2091 5
    0.94653 0.2417 1
    1.013 0.5492 0
  1.02077 3 + 1
    0.30642 1 9
  1.0249 5 + 2
    0.77955 0.7042 3
    1.0249 0.2958 0
  1.03742 5 + 3
    0.79207 0.079755 3
    0.97095 0.613463 1
    1.03742 0.306782 0
  1.05476 3 + 1
    0.98829 1 1
  1.10887 5 + 4
    0.23685 0.1406 15
    0.60912 0.2041 6
    0.95871 0.5371 2
    1.10887 0.1182 0
  1.1543 3 - 2
    0.1294 0.047581 21
    0.5769 0.952419 7
  1.1778 11 - 2
    0.37791 0.4602 14
    0.67805 0.5398 6
  1.24307 1 + 4
    0.56809 0.1441 8
    0.78321 0.3542 5
    1.1766 0.3689 1
    1.24307 0.1328 0
  1.31242 1 - 2
    0.35457 0.3016 17
    0.85256 0.6984 5
  1.4441 7 + 3
    0.2898 0.215 25
    0.72975 0.285 9
    1.37763 0.5 1
  1.5095 7 - 4
    0.7762 0.4464 10
    0.83452 0.2232 8
    1.35934 0.1652 2
    1.5095 0.1652 0
  1.57015 13 - 2
    0.39235 0.2543 26
    0.77026 0.7457 14
  1.66003 15 + 2
    0.65675 0.4793 18
    0.87508 0.5207 12
  1.67246 7 + 5
    0.6177 0.1317 23
    0.63504 0.1755 22
    1.42711 0.1473 3
    1.60599 0.3135 1
    1.67246 0.232 0
  1.78224 9 - 3
    0.74482 0.1703 22
    0.91022 0.5495 15
    0.99169 0.2802 13
  1.83837 7 + 4
    0.80095 0.246578 22
    0.96635 0.315072 15
    1.12402 0.095881 9
    1.83837 0.342469 0
  1.8658 9 - 2
    0.75693 0.6667 24
    1.71564 0.3333 2
  1.9077 3 + 3
    1.40795 0.165 6
    1.44784 0.335 5
    1.66235 0.5 3
  1.91353 1 - 2
    1.19918 0.3789 9
    1.66818 0.6211 3
  1.91847 17 + 2
    0.25844 0.038838 32
    0.91519 0.961161 18
  2.02573 7 - 6
    0.71331 0.067055 28
    0.98831 0.419071 22
    1.06788 0.159289 17
    1.15371 0.255682 15
    1.23518 0.019279 13
    1.31138 0.079624 9
  2.06411 15 - 2
    0.49396 0.2809 31
    0.88631 0.7191 26
  2.14 3 + 2
    1.89465 0.5 3
    1.98984 0.5 2
  2.28 1 + 2
    2.21353 0.5 1
    2.28 0.5 0
  2.39 9 - 2
    2.14465 0.5 3
    2.23984 0.5 2
  2.52107 17 - 2
    0.45696 0.167 41
    0.95092 0.833 31
  2.56 7 + 2
    2.31465 0.5 3
    2.40984 0.5 2
  2.70789 19 + 2
    0.78942 0.5918 39
    1.04786 0.4082 32
  2.82268 3 - 3
    1.80191 0.2398 20
    2.57733 0.5102 3
    2.82268 0.25 0
  2.98992 21 + 2
    0.28203 0.04799 47
    1.07145 0.952009 39
  3.00783 3 - 2
    2.50808 0.1736 6
    2.76248 0.8264 3
  3.05428 1 + 2
    2.33993 0.3902 9
    2.59442 0.6098 5
  3.11352 19 - 2
    0.59245 0.1805 45
    1.04941 0.8195 41
  3.6043 21 - 1
    1.08323 1 45
  3.77048 23 + 2
    0.78056 0.6098 49
    1.06259 0.3902 47
  4.15239 25 + 2
    0.38191 0.1232 54
    1.16247 0.8768 49
  4.3027 23 - 2
    0.698401 0.047652 53
    1.18918 0.952348 52
  4.7473 25 - 1
    1.143 1 53
  4.8136 27 + 2
    0.661211 0.3009 55
    1.04312 0.6991 54
  5.3756 29 + 2
    0.561999 0.351 58
    1.22321 0.649 55
  5.6198 27 - 1
    1.3171 1 56
  6.0852 31 + 2
    0.7096 0.1668 59
    1.2716 0.8332 58
  6.7086 33 + 2
    0.623401 0.2595 61
    1.333 0.7405 59
  7.6442 35 + 1
    1.559 1 61
  8.216 37 + 1
    1.5074 1 62
  9.9127 41 + 1
    1.6967 1 64
  11.7598 45 + 1
    1.8471 1 65

36 78 123
  0 0 + 0
  0.455033 4 + 1
    0.455033 1 0
  1.01718 0 + 1
    0.562147 1 1
  1.11948 8 + 1
    0.664447 1 1
  1.1479 4 + 2
    0.692867 0.616 1
    1.1479 0.384 0
  1.56476 6 + 3
    0.41686 0.140999 4
    0.44528 0.04341 3
    1.10973 0.815592 1
  1.6539 4 + 2
    0.53442 0.1939 3
    1.19887 0.8061 1
  1.75586 4 + 5
    0.60796 0.02429 4
    0.63638 0.061501 3
    0.73868 0.267003 2
    1.30083 0.516105 1
    1.75586 0.131101 0
  1.77293 2 + 2
    1.3179 0.8065 1
    1.77293 0.1935 0
  1.87291 8 + 3
    0.72501 0.562817 4
    0.75343 0.351711 3
    1.41788 0.085473 1
  1.97791 12 + 1
    0.85843 1 3
  2.00741 4 - 1
    0.85951 1 4
  2.23419 6 - 1
    1.77916 1 1
  2.24069 2 - 3
    0.67593 0.1369 5
    1.78566 0.3326 1
    2.24069 0.5305 0
  2.29978 10 + 3
    0.42687 0.239924 9
    0.73502 0.543054 5
    1.1803 0.217022 3
  2.39903 6 - 1
    1.944 1 1
  2.41341 2 - 3
    0.84865 0.277472 5
    1.26551 0.523548 4
    1.29393 0.19898 3
  2.44337 8 - 4
    0.68751 0.220778 7
    1.29547 0.192381 4
    1.98834 0.315368 1
    2.44337 0.271473 0
  2.472 6 - 1
    2.01697 1 1
  2.50802 10 - 1
    2.05299 1 1
  2.57336 2 - 2
    1.42546 0.2647 4
    2.11833 0.7353 1
  2.65612 14 - 2
    1.50822 0.3355 4
    2.20109 0.6645 1
  2.67763 6 - 2
    1.52973 0.6536 4
    2.2226 0.3464 1
  2.7317 12 + 2
    0.75379 0.2482 10
    0.85879 0.7518 9
  2.74975 10 - 3
    0.35072 0.05276 15
    0.77184 0.07664 10
    1.63027 0.8706 3
  2.7641 8 - 3
    0.36507 0.093882 15
    1.19934 0.44076 5
    1.64462 0.465358 3
  2.88207 6 - 1
    2.42704 1 1
  2.88675 2 + 2
    1.73885 0.6849 4
    2.88675 0.3151 0
  2.89066 8 - 2
    1.01775 0.3104 9
    1.3259 0.6896 5
  2.90182 4 + 1
    1.78234 1 3
  2.96848 4 + 5
    0.29085 0.373111 22
    0.56945 0.097013 15
    1.40372 0.138104 5
    1.82058 0.078362 4
    1.849 0.313409 3
  2.99255 2 - 2
    1.84465 0.6061 4
    2.53752 0.3939 1
  2.99645 16 + 1
    1.01853 1 10
  2.99937 6 - 2
    1.85147 0.4318 4
    1.87989 0.5682 3
  3.0365 4 + 1
    1.91702 1 3
  3.06471 10 - 3
    0.31496 0.4209 24
    0.76493 0.1231 14
    1.0868 0.456 10
  3.0724 10 - 2
    1.19949 0.2188 9
    1.95292 0.7812 3
  3.10536 2 + 2
    0.34126 0.5342 25
    1.23245 0.4658 9
  3.1374 6 + 2
    1.15949 0.565 10
    2.01792 0.435 3
  3.16118 6 - 4
    1.28827 0.095973 9
    1.59642 0.230707 5
    2.01328 0.524416 4
    2.0417 0.148904 3
  3.2027 14 + 1
    0.90292 1 14
  3.21988 12 - 3
    0.47013 0.339534 24
    0.9201 0.40274 14
    1.24197 0.257726 10
  3.23048 2 + 3
    2.08258 0.3347 4
    2.2133 0.1938 2
    3.23048 0.4715 0
  3.23355 4 - 3
    1.36064 0.2598 9
    1.66879 0.3937 5
    2.11407 0.3465 3
  3.28836 14 - 3
    0.291915 0.084363 32
    0.53861 0.421217 24
    1.31045 0.49442 10
  3.33786 8 + 3
    0.33849 0.1349 33
    1.7731 0.4 5
    2.21838 0.4651 3
  3.34064 12 - 4
    0.26824 0.123391 36
    0.27593 0.559561 35
    0.44998 0.29128 28
    0.59089 0.025768 24
  3.36112 4 + 1
    0.61137 1 24
  3.43742 2 + 5
    1.20323 0.005514 12
    2.28952 0.095262 4
    2.42024 0.289076 2
    2.98239 0.326273 1
    3.43742 0.283876 0
  3.4404 0 - 2
    0.69065 0.3333 24
    1.04137 0.6667 15
  3.53907 2 + 4
    2.39117 0.044793 4
    2.52189 0.026742 2
    3.08404 0.668447 1
    3.53907 0.260018 0
  3.5481 4 - 2
    1.24832 0.1667 14
    1.57019 0.8333 10
  3.57508 2 + 2
    2.5579 0.1079 2
    3.57508 0.8921 0
  3.6076 14 - 2
    0.611155 0.6946 32
    1.62969 0.3054 10
  3.66217 2 + 4
    1.42798 0.039148 12
    1.90631 0.062977 7
    2.51427 0.851066 4
    3.66217 0.046808 0
  3.66922 6 - 3
    1.09586 0.2462 20
    1.27019 0.3788 15
    1.79631 0.375 9
  3.7039 14 - 3
    0.48402 0.1671 41
    0.6315 0.1668 36
    1.72599 0.6661 10
  3.72548 8 + 5
    0.82366 0.099008 29
    1.32645 0.098508 15
    1.85257 0.49499 9
    1.96962 0.143597 7
    3.27045 0.163897 1
  3.74914 4 + 2
    0.61174 0.115 38
    1.35011 0.885 15
  3.7709 16 + 1
    1.0392 1 23
  3.77296 14 - 2
    0.700555 0.1598 36
    1.79505 0.8402 10
  3.77459 6 - 8
    0.87277 0.025082 29
    1.20123 0.058534 20
    1.37556 0.117907 15
    1.90168 0.057693 9
    2.20983 0.076645 5
    2.62669 0.273116 4
    2.65511 0.112307 3
    3.31956 0.278717 1
  3.7917 4 + 2
    0.6543 0.1667 38
    1.81379 0.8333 10
  3.82945 2 - 5
    1.59526 0.134385 12
    1.82204 0.304666 11
    2.68155 0.237674 4
    3.37442 0.27727 1
    3.82945 0.046005 0
  3.89327 2 + 6
    1.65258 0.032637 13
    1.88586 0.009577 11
    2.13741 0.098821 7
    2.74537 0.032937 4
    3.43824 0.610046 1
    3.89327 0.215981 0
  3.9184 16 - 4
    0.63004 0.095134 44
    0.69852 0.792432 41
    0.7157 0.033261 40
    0.921955 0.079173 32
  3.9197 6 + 1
    1.52067 1 15
  3.9228 8 - 2
    0.3152 0.5263 53
    1.94489 0.4737 10
  3.93757 2 + 5
    1.93016 0.071291 11
    2.78967 0.110601 4
    2.92039 0.198502 2
    3.48254 0.286503 1
    3.93757 0.333103 0
  4.0078 2 - 5
    1.76711 0.190296 13
    2.00039 0.064519 11
    2.99062 0.322594 2
    3.55277 0.258095 1
    4.0078 0.164497 0
  4.02875 18 - 2
    0.74039 0.900982 44
    1.0323 0.099018 32
  4.04039 2 + 6
    1.46703 0.01635 20
    1.8062 0.1009 12
    2.28453 0.06933 7
    2.89249 0.5637 4
    3.02321 0.1522 2
    4.04039 0.09752 0
  4.08932 2 + 5
    1.85513 0.20041 12
    2.33346 0.302915 7
    2.94142 0.388319 4
    3.63429 0.045832 1
    4.08932 0.062523 0
  4.106 20 + 1
    1.10955 1 32
  4.20168 2 - 3
    3.05378 0.2682 4
    3.74665 0.4545 1
    4.20168 0.2773 0
  4.2133 16 - 2
    0.5094 0.1739 56
    0.87266 0.8261 46
  4.2537 18 + 1
    1.051 1 40
  4.3965 20 + 2
    0.2905 0.1899 73
    1.40005 0.8101 32
  4.42086 2 - 2
    3.27296 0.2537 4
    4.42086 0.7463 0
  4.6731 18 - 2
    0.9692 0.5849 56
    1.67665 0.4151 32
  4.732 18 - 1
    0.959045 1 60
  4.8085 20 - 1
    0.8901 1 65
  4.8587 20 + 1
    1.0878 1 59
  4.9554 20 + 1
    1.1845 1 59
  4.96586 22 - 1
    0.93711 1 70
  5.01152 2 + 3
    3.86362 0.4464 4
    3.99434 0.3616 2
    4.55649 0.192 1
  5.06168 2 + 1
    3.91378 1 4
  5.18074 2 - 3
    3.17333 0.2686 11
    4.72571 0.3182 1
    5.18074 0.4132 0
  5.1925 2 + 3
    4.0446 0.6519 4
    4.17532 0.1591 2
    4.73747 0.189 1
  5.2171 20 - 1
    1.0038 1 75
  5.22019 24 + 2
    0.82369 0.090945 77
    1.11419 0.909055 73
  5.22258 2 - 2
    3.21517 0.375 11
    4.07468 0.625 4
  5.24401 2 + 2
    4.09611 0.2063 4
    5.24401 0.7937 0
  5.33304 2 - 3
    3.32563 0.336966 11
    4.87801 0.119588 1
    5.33304 0.543446 0
  5.36956 2 + 2
    3.36215 0.6579 11
    5.36956 0.3421 0
  5.4417 22 + 1
    1.188 1 76
  5.52919 2 - 5
    3.2885 0.19642 13
    3.295 0.227023 12
    3.52178 0.109711 11
    3.77333 0.255126 7
    5.52919 0.211721 0
  5.54368 2 - 1
    3.30949 1 12
  5.56779 2 + 2
    5.11276 0.359 1
    5.56779 0.641 0
  5.58608 2 - 1
    3.35189 1 12
  5.7763 22 - 1
    1.1032 1 79
  5.838 22 - 1
    1.106 1 80
  5.855 24 - 1
    1.0465 1 81
  6.0872 26 - 1
    1.12134 1 84
  6.3051 24 - 1
    1.088 1 89
  6.4803 28 + 1
    1.26011 1 90
  6.8327 26 + 1
    1.391 1 95
  6.8533 26 - 1
    1.077 1 100
  7.0668 28 - 1
    1.2118 1 102
  7.3925 30 - 1
    1.3053 1 103
  7.4571 28 - 1
    1.152 1 104
  7.938 32 + 1
    1.4577 1 105
  8.4692 32 - 1
    1.4024 1 108
  8.8824 34 - 1
    1.4899 1 109
  9.57 36 + 1
    1.632 1 111
  10.0612 36 - 1
    1.592 1 112
  10.5514 38 - 1
    1.669 1 113
  11.314 40 + 1
    1.744 1 114
  12.3894 42 - 1
    1.838 1 116
  13.159 44 + 1
    1.845 1 117
  15.1632 48 + 1
    2.0042 1 119
  15.1988 48 + 1
    2.0398 1 119
  17.2965 52 + 2
    2.0977 0.375 121
    2.1333 0.625 120

36 79 99
  0 1 - 0
  0.12977 7 + 1
    0.12977 1 0
  0.14706 5 - 2
    0.01729 0.2008 1
    0.14706 0.7992 0
  0.14888 9 + 1
    0.01911 1 1
  0.18278 3 - 1
    0.18278 1 0
  0.29052 5 + 4
    0.10774 0.003037 4
    0.14164 0.03416 3
    0.14346 0.583702 2
    0.16075 0.379101 1
  0.38411 3 - 3
    0.20133 0.129999 4
    0.23705 0.01721 2
    0.38411 0.852791 0
  0.40192 5 - 3
    0.1114 0.027671 5
    0.21914 0.451914 4
    0.40192 0.520416 0
  0.44995 7 - 5
    0.15943 0.013659 5
    0.26717 0.039848 4
    0.30107 0.067027 3
    0.30289 0.611476 2
    0.32018 0.267989 1
  0.53341 1 + 3
    0.1493 0.074818 6
    0.35063 0.784884 4
    0.53341 0.140297 0
  0.63579 5 + 3
    0.34527 0.126301 5
    0.48691 0.086691 3
    0.50602 0.787008 1
  0.65928 5 - 4
    0.25736 0.038338 7
    0.27517 0.425283 6
    0.4765 0.211192 4
    0.51222 0.325187 2
  0.67314 7 + 3
    0.38262 0.3942 5
    0.52426 0.3698 3
    0.54337 0.236 1
  0.6758 3 + 3
    0.38528 0.333333 5
    0.49302 0.333333 4
    0.6758 0.333333 0
  0.68817 3 + 9
    0.05238 0.01033 10
    0.15476 0.165095 9
    0.28625 0.01784 7
    0.30406 0.002057 6
    0.39765 0.119797 5
    0.50539 0.209694 4
    0.54111 0.01458 2
    0.5584 0.005021 1
    0.68817 0.455587 0
  0.6949 7 - 2
    0.29298 0.3066 7
    0.51212 0.6934 4
  0.7192 3 - 2
    0.42868 0.5 5
    0.53642 0.5 4
  0.75204 5 + 9
    0.06387 0.009781 14
    0.11625 0.021739 10
    0.21863 0.041918 9
    0.30209 0.0124 8
    0.46152 0.095646 5
    0.56926 0.072117 4
    0.60316 0.052258 3
    0.60498 0.006868 2
    0.62227 0.687273 1
  0.8095 1 - 3
    0.42539 0.806735 6
    0.66244 0.112791 2
    0.8095 0.080474 0
  0.81427 9 - 3
    0.36432 0.095409 8
    0.66721 0.773292 2
    0.6845 0.131299 1
  0.8355 3 - 1
    0.45139 1 6
  0.89669 11 + 2
    0.74781 0.8333 3
    0.76692 0.1667 1
  0.90723 3 + 2
    0.72445 0.4286 4
    0.90723 0.5714 0
  0.9311 3 - 2
    0.24293 0.5 14
    0.9311 0.5 0
  0.95831 9 + 2
    0.28517 0.2076 12
    0.80943 0.7924 3
  0.97592 13 + 2
    0.07923 0.008637 21
    0.82704 0.991363 3
  0.98371 7 - 3
    0.32443 0.1043 11
    0.58179 0.649 7
    0.5996 0.2467 6
  0.987 1 + 3
    0.60289 0.333333 6
    0.80422 0.333333 4
    0.987 0.333333 0
  1.03884 11 + 2
    0.88996 0.505 3
    0.90907 0.495 1
  1.06348 9 - 3
    0.36858 0.1526 15
    0.61353 0.1231 8
    0.66156 0.7243 7
  1.06468 5 + 6
    0.31264 0.036751 17
    0.42889 0.076573 10
    0.66276 0.039842 7
    0.77416 0.332113 5
    0.9158 0.332113 3
    0.93491 0.182607 1
  1.07913 5 + 3
    0.78861 0.6135 5
    0.93025 0.1534 3
    0.94936 0.2331 1
  1.13226 3 + 2
    0.84174 0.5103 5
    1.13226 0.4897 0
  1.17149 11 - 3
    0.35722 0.037938 19
    0.72154 0.859066 8
    1.02261 0.102996 3
  1.2004 7 - 3
    0.79848 0.333333 7
    0.90988 0.333333 5
    1.01762 0.333333 4
  1.29991 5 + 4
    1.00939 0.2701 5
    1.11713 0.3215 4
    1.15103 0.1029 3
    1.17014 0.3055 1
  1.3338 5 - 1
    1.15102 1 4
  1.36315 9 - 3
    0.37944 0.3352 26
    0.66825 0.3015 15
    0.70387 0.3633 11
  1.42817 5 + 4
    0.79238 0.075035 10
    1.13765 0.387527 5
    1.24539 0.120808 4
    1.2984 0.416629 1
  1.45059 11 - 2
    0.38711 0.1074 29
    0.75569 0.8926 15
  1.47462 3 + 7
    0.78645 0.213902 14
    0.81534 0.02631 11
    0.94121 0.227002 9
    1.09051 0.01644 6
    1.1841 0.328903 5
    1.29184 0.088791 4
    1.47462 0.098651 0
  1.5024 5 + 1
    0.96899 1 9
  1.5079 9 + 1
    0.83476 1 12
  1.5498 1 - 1
    1.36702 1 4
  1.5681 7 - 1
    1.18399 1 6
  1.5985 1 - 1
    1.30798 1 5
  1.6065 7 + 1
    1.31598 1 5
  1.60993 15 - 9
    0.85789 0.037023 17
    0.92176 0.462742 14
    0.95065 0.014351 11
    1.07652 0.050905 9
    1.15998 0.013881 8
    1.20801 0.078677 7
    1.22582 0.087928 6
    1.42715 0.078677 4
    1.48016 0.175816 1
  1.66205 13 + 4
    0.62321 0.342579 28
    0.68613 0.191788 25
    0.76536 0.376677 21
    1.51317 0.088955 3
  1.68478 13 - 3
    0.513295 0.027189 33
    0.788095 0.067847 21
    0.870515 0.904964 19
  1.70735 3 + 5
    0.95531 0.218978 17
    1.2574 0.163384 8
    1.41683 0.326767 5
    1.55847 0.163384 3
    1.57758 0.127487 1
  1.8031 7 - 1
    0.43995 1 37
  1.81241 5 + 7
    1.12424 0.061419 14
    1.13927 0.076038 12
    1.52189 0.230995 5
    1.62963 0.108198 4
    1.66353 0.093558 3
    1.66535 0.137397 2
    1.68264 0.292394 1
  1.8507 13 - 1
    0.95401 1 21
  1.88473 15 + 2
    0.90881 0.5128 25
    0.98804 0.4872 21
  1.912 1 + 2
    1.62148 0.5 5
    1.72922 0.5 4
  1.91581 13 - 3
    0.46522 0.04318 39
    0.74432 0.094829 33
    0.85233 0.861991 29
  2.00218 17 + 2
    0.11745 0.007521 54
    1.02626 0.992479 25
  2.05672 15 - 3
    0.371935 0.020861 49
    0.88523 0.866535 33
    1.0808 0.112604 25
  2.06 5 + 2
    1.87722 0.5 4
    1.91112 0.5 3
  2.10519 3 - 3
    1.92241 0.5 4
    1.95631 0.165 3
    1.97542 0.335 1
  2.1356 15 + 2
    1.09676 0.8475 28
    1.15968 0.1525 25
  2.36658 7 - 3
    0.89196 0.15 40
    1.67841 0.625 14
    1.98247 0.225 6
  2.41559 15 - 2
    0.49978 0.099236 56
    0.965 0.900764 39
  2.58383 5 + 7
    1.5047 0.47849 31
    1.92455 0.057419 11
    1.94804 0.057419 10
    2.29331 0.095688 5
    2.40105 0.114798 4
    2.43495 0.162697 3
    2.45406 0.033489 1
  2.58629 3 + 11
    0.97636 0.062748 47
    1.15812 0.113397 38
    1.28638 0.024299 35
    1.45403 0.062758 32
    1.89812 0.024289 14
    2.05288 0.139696 9
    2.20218 0.127496 6
    2.29577 0.202394 5
    2.40351 0.026309 4
    2.45652 0.076918 1
    2.58629 0.139696 0
  2.64327 17 - 3
    0.58655 0.050178 58
    0.75854 0.070348 54
    0.958485 0.879474 49
  2.768 1 - 2
    2.62094 0.5 2
    2.768 0.5 0
  2.85732 17 - 2
    0.8006 0.2482 58
    0.94151 0.7518 56
  2.93024 17 - 2
    0.87352 0.1305 58
    1.01443 0.8695 56
  2.97938 19 + 2
    0.9772 0.625 57
    1.09465 0.375 54
  3.06192 19 - 2
    1.0052 0.925937 58
    1.05974 0.074063 57
  3.14615 21 + 2
    0.16677 0.029071 70
    1.14397 0.970929 57
  3.21439 19 - 5
    0.28415 0.094209 69
    0.35707 0.076269 68
    0.57112 0.076029 66
    1.15767 0.584094 58
    1.21221 0.169398 57
  3.2886 19 + 1
    1.153 1 61
  3.3832 19 - 1
    0.96761 1 63
  3.58558 21 - 4
    0.37119 0.3578 73
    0.52366 0.2606 71
    0.65534 0.157 69
    0.94231 0.2246 66
  3.61901 21 + 1
    0.47286 1 72
  3.6554 21 - 1
    1.01213 1 66
  3.84617 23 + 3
    0.22716 0.055834 77
    0.70002 0.786855 72
    0.86679 0.157311 70
  4.0633 21 - 1
    1.13306 1 69
  4.08765 23 - 2
    0.50207 0.1306 76
    1.02573 0.8694 71
  4.13311 23 - 2
    0.54753 0.6413 76
    1.07119 0.3587 71
  4.29979 25 + 2
    0.45362 0.2758 79
    1.15364 0.7242 72
  4.6577 25 + 3
    0.357911 0.6339 83
    0.811531 0.1831 79
    1.51155 0.183 72
  4.7088 25 - 1
    1.0534 1 78
  4.8998 27 + 2
    0.60001 0.5266 83
    1.05363 0.4734 79
  5.165 27 - 1
    1.07735 1 81
  5.524 29 + 2
    0.6242 0.5783 86
    1.22421 0.4217 83
  5.9938 29 - 1
    1.285 1 85
  6.2502 31 + 2
    0.7262 0.3008 88
    1.3504 0.6992 86
  6.4464 31 - 1
    1.2814 1 87
  6.8907 33 + 2
    0.6405 0.5293 90
    1.3667 0.4707 88
  7.9037 35 + 1
    1.6535 1 90
  8.4008 37 + 2
    0.4971 0.2252 93
    1.5101 0.7748 92
  8.409 3 - 2
    8.11848 0.5 5
    8.22622 0.5 4
  9.704 39 + 1
    1.8003 1 93
  10.0398 41 + 1
    1.639 1 94
  11.822 45 + 1
    1.7822 1 97

36 80 52
  0 0 + 0
  0.6166 4 + 1
    0.6166 1 0
  1.25624 4 + 2
    0.63964 0.7561 1
    1.25624 0.2439 0
  1.32051 0 + 1
    0.70391 1 1
  1.43609 8 + 1
    0.81949 1 1
  1.78799 6 + 3
    0.3519 0.062347 4
    0.53175 0.422979 2
    1.17139 0.514674 1
  2.14588 8 + 3
    0.70979 0.200516 4
    0.88964 0.742359 2
    1.52928 0.057125 1
  2.39206 12 + 1
    0.95597 1 4
  2.43921 6 - 1
    1.82261 1 1
  2.65974 10 + 2
    0.87175 0.8065 5
    1.22365 0.1935 4
  2.79305 8 - 4
    0.35384 0.073629 8
    0.64717 0.051079 6
    1.00506 0.729393 5
    1.35696 0.145899 4
  2.85953 10 - 2
    0.42032 0.046952 8
    1.42344 0.953048 4
  2.969 6 - 2
    1.71276 0.5 2
    2.3524 0.5 1
  2.9976 8 - 1
    0.60554 1 7
  3.03957 10 - 2
    0.64751 0.3198 7
    0.89369 0.6802 6
  3.04174 12 - 4
    0.18221 0.311919 11
    0.24869 0.532832 10
    0.382 0.052143 9
    0.64968 0.103106 7
  3.11021 12 + 2
    0.71815 0.099155 7
    0.96433 0.900845 6
  3.17281 10 + 2
    0.31328 0.5006 11
    0.78075 0.4994 7
  3.34581 12 - 4
    0.48628 0.1325 11
    0.55276 0.1093 10
    0.68607 0.5744 9
    0.95375 0.1838 7
  3.40998 16 + 1
    1.01792 1 7
  3.488 12 - 2
    0.62847 0.3465 11
    0.69495 0.6535 10
  3.53031 14 - 3
    0.4201 0.1125 16
    0.48857 0.6629 15
    1.13825 0.2246 7
  3.55866 14 - 3
    0.51692 0.6997 15
    0.69913 0.2026 11
    1.1666 0.0977 7
  3.58169 14 - 3
    0.53995 0.1075 15
    0.72216 0.405 11
    1.18963 0.4875 7
  3.6353 14 + 2
    0.97556 0.8065 9
    1.24324 0.1935 7
  3.69975 16 + 2
    0.28977 0.8291 19
    1.30769 0.1709 7
  3.9166 16 + 2
    0.21685 0.513 25
    1.52454 0.487 7
  4.12623 16 - 3
    0.49093 0.2437 24
    0.59592 0.1314 21
    0.78042 0.6249 18
  4.1532 16 + 1
    1.04299 1 16
  4.1632 16 - 3
    0.58151 0.199 23
    0.63289 0.1989 21
    1.12146 0.6021 15
  4.3779 20 + 2
    0.67815 0.02441 25
    0.96792 0.97559 19
  4.3937 18 - 4
    0.812011 0.236509 23
    0.835041 0.415017 22
    0.863391 0.290412 21
    0.983721 0.058062 19
  4.56247 18 - 3
    0.98078 0.6098 23
    1.03216 0.2378 21
    1.15249 0.1524 19
  4.6489 20 + 3
    0.271 0.2556 30
    0.94915 0.2987 25
    1.23892 0.4457 19
  4.9751 20 + 1
    1.56512 1 19
  5.159 20 - 1
    1.03277 1 27
  5.3746 20 - 1
    1.2114 1 29
  5.3974 22 - 1
    1.0037 1 31
  5.4378 24 + 1
    1.0599 1 30
  5.6655 22 - 1
    1.10303 1 32
  5.8899 24 + 2
    0.4521 0.2489 38
    1.241 0.7511 33
  6.1812 24 - 1
    1.0222 1 35
  6.5222 26 - 1
    1.1248 1 37
  6.6814 28 + 1
    1.2436 1 38
  7.2216 28 + 1
    1.3317 1 40
  7.771 30 - 1
    1.2488 1 42
  8.0879 32 + 1
    1.4065 1 43
  8.5646 32 + 1
    1.343 1 44
  9.1952 34 - 1
    1.4242 1 45
  9.6906 36 + 1
    1.6027 1 46
  10.8443 38 - 1
    1.6491 1 48
  11.4836 40 + 1
    1.793 1 49

36 81 102
  0 7 + 0
  0.04957 9 + 1
    0.04957 1 0
  0.19064 1 - 1
    0.19064 1 0
  0.45674 5 - 2
    0.2661 0.01244 2
    0.45674 0.98756 0
  0.54898 5 + 2
    0.49941 0.2292 1
    0.54898 0.7708 0
  0.60851 3 + 2
    0.05953 0.1133 4
    0.60851 0.8867 0
  0.63677 3 - 3
    0.08779 0.000773 4
    0.18003 0.006975 3
    0.44613 0.992253 2
  0.7008 5 - 3
    0.06403 0.01464 6
    0.24406 0.068651 3
    0.51016 0.916709 2
  0.73202 5 + 3
    0.18304 0.1671 4
    0.68245 0.5829 1
    0.73202 0.25 0
  0.87368 11 + 2
    0.82411 0.6227 1
    0.87368 0.3773 0
  0.90254 7 - 3
    0.4458 0.325367 3
    0.85297 0.364664 1
    0.90254 0.309969 0
  0.91981 3 - 3
    0.21901 0.055234 7
    0.28304 0.120408 6
    0.72917 0.824358 2
  0.93413 11 + 2
    0.88456 0.9434 1
    0.93413 0.0566 0
  0.97618 13 + 1
    0.92661 1 1
  0.97912 1 + 2
    0.34235 0.7749 6
    0.37061 0.2251 5
  0.98159 9 + 2
    0.93202 0.6494 1
    0.98159 0.3506 0
  0.99434 5 - 5
    0.35757 0.196277 6
    0.38583 0.021028 5
    0.5376 0.568535 3
    0.8037 0.210076 2
    0.99434 0.004085 0
  1.01483 5 + 2
    0.46585 0.6374 4
    1.01483 0.3626 0
  1.02564 5 - 5
    0.38887 0.191498 6
    0.47666 0.219298 4
    0.5689 0.244798 3
    0.835 0.340997 2
    1.02564 0.003408 0
  1.0935 7 + 1
    0.45673 1 6
  1.10003 5 + 5
    0.36801 0.093905 8
    0.46326 0.183291 6
    0.55105 0.052387 4
    0.64329 0.016349 3
    1.10003 0.654067 0
  1.20662 7 - 2
    0.65764 0.685 4
    1.15705 0.315 1
  1.23905 3 + 6
    0.31924 0.119298 11
    0.53825 0.49959 7
    0.60228 0.137397 6
    0.69007 0.081458 4
    0.78231 0.037459 3
    1.04841 0.124798 2
  1.27825 1 + 2
    0.29913 0.668 14
    0.66974 0.332 5
  1.28053 5 - 4
    0.57973 0.209821 7
    0.73155 0.285129 4
    0.82379 0.161516 3
    1.08989 0.343534 2
  1.3383 7 - 1
    0.70153 1 6
  1.34907 9 - 3
    0.89233 0.571557 3
    1.2995 0.19992 1
    1.34907 0.228523 0
  1.35115 7 - 3
    0.65035 0.340966 7
    0.71438 0.210879 6
    1.35115 0.448155 0
  1.39576 3 + 4
    0.69496 0.662307 7
    0.75899 0.086091 6
    0.93902 0.125801 3
    1.39576 0.125801 0
  1.44323 9 - 3
    0.74243 0.565211 7
    0.98649 0.090382 3
    1.44323 0.344407 0
  1.49164 1 + 1
    0.94266 1 4
  1.50621 3 + 3
    0.8977 0.3012 5
    0.95723 0.3128 4
    1.50621 0.386 0
  1.5583 1 - 2
    0.53266 0.2179 18
    1.36766 0.7821 2
  1.60761 13 + 3
    0.63143 0.24221 13
    0.67348 0.708228 12
    0.73393 0.049562 9
  1.67798 1 - 5
    0.75817 0.04207 11
    0.97718 0.462104 7
    1.04121 0.439004 6
    1.06947 0.04943 5
    1.48734 0.007392 2
  1.6827 11 + 2
    1.63313 0.3151 1
    1.6827 0.6849 0
  1.688 7 - 2
    1.63843 0.5435 1
    1.688 0.4565 0
  1.74361 7 + 7
    0.64358 0.328003 20
    0.72878 0.093771 17
    0.76202 0.02688 15
    1.19463 0.317803 4
    1.28687 0.01966 3
    1.69404 0.052081 1
    1.74361 0.161802 0
  1.74477 1 - 3
    1.108 0.4879 6
    1.13626 0.1122 5
    1.55413 0.3999 2
  1.7818 3 - 2
    1.73223 0.1736 1
    1.7818 0.8264 0
  1.8289 11 - 1
    0.92636 1 10
  1.8417 13 + 1
    0.90757 1 12
  1.85397 3 - 1
    1.2172 1 6
  1.888 5 + 2
    1.33902 0.5 4
    1.83843 0.5 1
  1.9026 3 - 2
    1.85303 0.1803 1
    1.9026 0.8197 0
  1.99093 9 - 4
    0.9761 0.081074 17
    1.01475 0.265779 13
    1.38242 0.450464 5
    1.53419 0.202684 3
  1.99354 15 + 2
    1.01736 0.5319 13
    1.11986 0.4681 9
  2.02128 3 - 1
    1.38451 1 6
  2.06483 5 + 4
    1.08571 0.1099 14
    1.36403 0.1204 7
    1.42806 0.5236 6
    1.87419 0.2461 2
  2.0691 7 - 1
    1.13497 1 12
  2.09689 3 + 2
    1.17708 0.6579 11
    1.90625 0.3421 2
  2.13571 17 + 1
    1.15953 1 13
  2.14391 9 - 2
    1.2241 0.4444 11
    1.95327 0.5556 2
  2.1659 13 - 6
    0.337 0.044038 40
    0.72267 0.155694 29
    0.81683 0.317687 26
    1.18972 0.187293 13
    1.23177 0.152394 12
    1.29222 0.142894 9
  2.1924 15 + 2
    1.21622 0.2857 13
    1.25827 0.7143 12
  2.2172 13 + 1
    1.34352 1 9
  2.25428 5 + 2
    1.7053 0.5 4
    2.20471 0.5 1
  2.29057 3 - 3
    1.30898 0.5682 15
    1.68206 0.2273 5
    1.83383 0.2045 3
  2.363 7 - 1
    1.42887 1 12
  2.365 1 + 2
    1.72823 0.5 6
    1.81602 0.5 4
  2.42008 13 - 1
    0.97685 1 29
  2.4755 1 + 2
    1.83873 0.5 6
    1.92652 0.5 4
  2.53 5 - 2
    2.33936 0.5 2
    2.53 0.5 0
  2.5334 15 - 5
    0.11332 0.066501 60
    0.3675 0.415704 53
    0.7045 0.02933 40
    0.92579 0.02326 33
    1.55722 0.465205 13
  2.68 3 + 2
    2.48936 0.5 2
    2.68 0.5 0
  2.6947 17 + 3
    0.55899 0.61 51
    0.70116 0.1463 46
    1.08709 0.2437 33
  2.69944 17 - 3
    0.16604 0.74727 63
    0.53354 0.093536 53
    0.7059 0.159194 46
  2.7841 15 - 2
    1.17649 0.6993 33
    1.80792 0.3007 13
  2.82797 17 - 3
    0.12853 0.192581 66
    0.29457 0.355264 63
    0.83443 0.452155 46
  2.83 5 + 2
    2.28102 0.5 4
    2.78043 0.5 1
  3.06146 19 - 3
    0.23349 0.06339 68
    0.36202 0.9237 66
    0.52806 0.01291 63
  3.07 7 + 2
    2.61326 0.5 3
    3.07 0.5 0
  3.0923 17 + 1
    0.3082 1 67
  3.1955 19 + 2
    1.05979 0.7194 51
    1.20196 0.2806 46
  3.27 3 - 2
    2.63323 0.5 6
    2.72102 0.5 4
  3.31 5 - 2
    3.11936 0.5 2
    3.31 0.5 0
  3.3927 21 + 1
    1.25699 1 51
  3.4558 19 - 1
    0.3635 1 72
  3.46 9 + 2
    2.91102 0.5 4
    3.41043 0.5 1
  3.4906 21 - 2
    0.42914 0.901091 70
    0.79116 0.098909 66
  3.558 19 + 1
    0.8633 1 65
  3.6239 21 + 3
    0.2312 0.1491 76
    0.4284 0.2116 73
    1.48819 0.6393 51
  3.63 3 - 2
    2.99323 0.5 6
    3.08102 0.5 4
  3.6498 21 - 3
    0.58834 0.078182 70
    0.82183 0.401108 68
    0.95036 0.52071 66
  3.75 7 + 2
    3.29326 0.5 3
    3.75 0.5 0
  3.82 5 - 2
    3.62936 0.5 2
    3.82 0.5 0
  3.8548 21 + 1
    0.399 1 77
  3.957 23 + 2
    0.3331 0.322 81
    0.5643 0.678 76
  4.0993 23 - 2
    0.6087 0.6331 79
    1.03784 0.3669 70
  4.18 3 - 2
    3.54323 0.5 6
    3.63102 0.5 4
  4.3008 23 - 1
    0.8102 1 79
  4.47 5 + 2
    3.92102 0.5 4
    4.42043 0.5 1
  4.4721 25 + 1
    0.5151 1 87
  4.56 7 - 2
    4.01102 0.5 4
    4.51043 0.5 1
  4.69 3 + 2
    4.49936 0.5 2
    4.69 0.5 0
  4.7141 25 - 2
    0.6148 0.296 88
    1.2235 0.704 79
  4.82 5 + 2
    4.27102 0.5 4
    4.77043 0.5 1
  4.96 7 - 2
    4.41102 0.5 4
    4.91043 0.5 1
  5.0474 27 + 1
    0.5753 1 92
  5.13 3 - 2
    4.49323 0.5 6
    4.58102 0.5 4
  5.7594 29 + 1
    0.712 1 98
  9.717 3 - 2
    9.08023 0.5 6
    9.16802 0.5 4

36 82 72
  0 0 + 0
  0.77652 4 + 1
    0.77652 1 0
  1.4749 4 + 2
    0.69838 0.6335 1
    1.4749 0.3665 0
  1.4876 0 + 1
    0.71108 1 1
  1.82053 8 + 1
    1.04401 1 1
  1.885 6 + 1
    1.885 1 0
  1.95678 4 + 2
    1.18026 0.6984 1
    1.95678 0.3016 0
  2.09401 6 + 4
    0.13723 0.002756 6
    0.27348 0.011589 4
    0.61911 0.611772 2
    1.31749 0.373883 1
  2.17167 0 + 3
    0.21489 0.453305 6
    0.69677 0.069291 2
    1.39515 0.477405 1
  2.42688 8 + 4
    0.33287 0.036977 7
    0.60635 0.507759 4
    0.95198 0.153188 2
    1.65036 0.302076 1
  2.45009 4 - 2
    0.97519 0.5435 2
    1.67357 0.4565 1
  2.47972 4 + 4
    0.52294 0.046581 6
    0.99212 0.018591 3
    1.7032 0.516216 1
    2.47972 0.418613 0
  2.509 4 - 1
    1.0214 1 3
  2.54771 6 - 2
    1.07281 0.967119 2
    1.77119 0.032881 1
  2.55617 8 + 5
    0.12929 0.077533 9
    0.59939 0.015351 6
    0.73564 0.079483 4
    1.08127 0.696728 2
    1.77965 0.130905 1
  2.5617 2 - 1
    1.0868 1 2
  2.64836 8 - 7
    0.09219 0.00811 14
    0.10065 0.001641 13
    0.22148 0.023761 9
    0.55435 0.72102 7
    0.82783 0.245007 4
    1.17346 0.00018 2
    1.87184 0.000281 1
  2.65586 2 + 4
    1.16826 0.264205 3
    1.18096 0.184004 2
    1.87934 0.471609 1
    2.65586 0.080182 0
  2.79756 6 + 2
    0.70355 0.6804 7
    0.97703 0.3196 4
  2.8281 10 - 5
    0.17974 0.008527 16
    0.27193 0.01433 14
    0.28039 0.005317 13
    0.40122 0.007724 9
    1.00757 0.964102 4
  2.84974 8 + 3
    0.75573 0.726907 7
    1.37484 0.217902 2
    2.07322 0.055191 1
  2.91981 12 + 1
    1.09928 1 4
  2.94414 4 + 3
    1.12361 0.015031 4
    2.16762 0.834758 1
    2.94414 0.15021 0
  3.0112 10 - 4
    0.1831 0.4365 19
    0.45503 0.2599 14
    0.58432 0.247 9
    1.19067 0.0566 4
  3.03784 12 - 2
    0.20974 0.056619 19
    0.38948 0.943381 16
  3.077 2 - 2
    2.30048 0.5 1
    3.077 0.5 0
  3.16758 12 + 2
    0.24777 0.083318 21
    1.34705 0.916682 4
  3.18682 2 + 3
    1.69922 0.053048 3
    1.71192 0.062778 2
    2.4103 0.884173 1
  3.22144 10 + 1
    1.12743 1 7
  3.25595 12 + 3
    0.08837 0.009172 26
    0.33614 0.215606 21
    1.43542 0.775222 4
  3.322 6 - 2
    1.8471 0.5 2
    2.54548 0.5 1
  3.34849 12 - 5
    0.31065 0.112594 24
    0.33729 0.325884 23
    0.42868 0.124694 21
    0.52039 0.367182 19
    0.70013 0.069647 16
  3.35532 2 - 2
    2.5788 0.7868 1
    3.35532 0.2132 0
  3.3922 6 - 1
    0.83603 1 14
  3.4575 2 - 1
    3.4575 1 0
  3.46172 16 + 1
    0.54191 1 21
  3.49663 14 - 3
    0.45879 0.1771 24
    0.57682 0.1538 21
    0.66853 0.6691 19
  3.5646 6 - 2
    1.60782 0.6623 6
    2.78808 0.3377 1
  3.59518 14 - 7
    0.09855 0.166208 36
    0.24669 0.045032 31
    0.4276 0.19191 26
    0.55734 0.015421 24
    0.58398 0.244412 23
    0.67537 0.290514 21
    0.76708 0.046502 19
  3.6556 4 - 3
    0.73579 0.637736 21
    1.22872 0.121188 9
    1.83507 0.241076 4
  3.681 2 - 2
    2.90448 0.5 1
    3.681 0.5 0
  3.70942 14 + 3
    0.2477 0.091609 35
    0.45347 0.440596 29
    0.54184 0.467795 26
  3.71683 6 - 2
    2.24193 0.2248 2
    2.94031 0.7752 1
  3.74196 4 - 2
    1.78518 0.8333 6
    2.96544 0.1667 1
  3.8151 8 - 2
    0.87096 0.7502 22
    3.8151 0.2498 0
  3.8358 2 - 2
    3.05928 0.7576 1
    3.8358 0.2424 0
  3.84612 4 + 2
    0.49763 0.1304 31
    1.01802 0.8696 19
  3.8811 6 - 2
    3.10458 0.6329 1
    3.8811 0.3671 0
  3.9111 10 + 1
    3.9111 1 0
  3.9514 8 - 2
    1.39523 0.565 14
    2.13087 0.435 4
  3.9561 4 + 1
    3.9561 1 0
  3.9979 6 - 2
    0.9867 0.1736 23
    1.44173 0.8264 14
  4.01634 16 + 4
    0.55462 0.128704 35
    0.76039 0.052932 29
    0.84876 0.062742 26
    1.09653 0.755623 21
  4.0338 2 - 2
    0.18768 0.4444 46
    0.68531 0.5556 31
  4.06349 4 + 2
    1.50732 0.1453 14
    2.24296 0.8547 4
  4.06804 6 - 4
    1.2183 0.163098 20
    1.64116 0.098709 9
    1.97403 0.429196 7
    2.24751 0.308997 4
  4.12519 16 + 4
    0.10885 0.309531 52
    0.41577 0.170217 41
    0.66347 0.217922 35
    1.20538 0.30233 21
  4.1356 2 - 1
    2.31507 1 4
  4.17095 16 - 2
    0.57577 0.219 38
    0.82246 0.781 31
  4.3431 8 + 2
    0.17215 0.1228 58
    1.30526 0.8772 24
  4.4377 4 + 3
    0.31251 0.035319 56
    0.42136 0.035319 52
    1.51789 0.929363 21
  4.60956 20 + 1
    1.14784 1 35
  4.66794 18 - 2
    0.49699 0.1808 58
    1.07276 0.8192 38
  4.74684 18 - 1
    1.25021 1 36
  4.82221 20 + 2
    0.21265 0.040552 61
    0.80587 0.959448 52
  4.8967 6 - 1
    1.43498 1 35
  5.01194 2 + 2
    0.18973 0.2248 64
    0.88675 0.7752 56
  5.32542 20 - 2
    0.65748 0.2065 62
    1.15447 0.7935 58
  5.7028 4 + 1
    0.95596 1 63
  5.9926 6 - 1
    1.38304 1 61
  6.0096 8 + 1
    1.40004 1 61
  6.0117 4 - 1
    1.18949 1 64

36 83 78
  0 9 + 0
  0.009405 7 + 1
    0.009405 1 0
  0.041557 1 - 1
    0.032152 1 1
  0.561957 5 - 3
    0.5204 0.739944 2
    0.552552 0.259915 1
    0.561957 0.000141 0
  0.571153 3 - 1
    0.529596 1 2
  0.6903 5 - 4
    0.119147 0.095995 4
    0.128343 0.012249 3
    0.648743 0.670666 2
    0.680895 0.221089 1
  0.7992 5 + 2
    0.789795 0.7347 1
    0.7992 0.2653 0
  0.811 3 - 2
    0.0118 0.5 6
    0.239847 0.5 4
  1.0118 11 + 2
    1.00239 0.049429 1
    1.0118 0.950571 0
  1.085 7 + 2
    0.523043 0.5 3
    1.07559 0.5 1
  1.1 1 - 2
    0.538043 0.5 3
    1.05844 0.5 2
  1.10275 9 + 2
    1.09334 0.915754 1
    1.10275 0.084246 0
  1.12206 13 + 1
    1.12206 1 0
  1.17044 7 - 4
    0.48014 0.2201 5
    0.608483 0.1327 3
    1.16103 0.3785 1
    1.17044 0.2687 0
  1.214 5 + 2
    0.642847 0.5 4
    1.214 0.5 0
  1.22187 5 + 2
    0.650717 0.6025 4
    1.21246 0.3975 1
  1.2779 1 + 1
    0.706747 1 4
  1.51691 7 + 2
    0.71771 0.585 6
    1.51691 0.415 0
  1.52916 9 - 4
    0.83886 0.099573 5
    0.967203 0.474014 3
    1.51975 0.227407 1
    1.52916 0.199006 0
  1.53374 3 - 2
    0.84344 0.6897 5
    0.971783 0.3103 3
  1.5381 3 - 3
    0.8478 0.333333 5
    0.966947 0.333333 4
    0.976143 0.333333 3
  1.64246 3 - 3
    0.63066 0.337834 8
    1.63305 0.324332 1
    1.64246 0.337834 0
  1.668 11 + 2
    0.6562 0.5 8
    1.65859 0.5 1
  1.72148 13 + 4
    0.59942 0.181582 12
    0.61873 0.171783 11
    0.70968 0.330067 8
    1.72148 0.316568 0
  1.7382 11 + 4
    0.61614 0.144 12
    0.63545 0.1791 11
    1.72879 0.3262 1
    1.7382 0.3507 0
  1.7809 5 - 1
    0.55903 1 15
  1.889 7 - 3
    1.1987 0.333333 5
    1.31785 0.333333 4
    1.32704 0.333333 3
  2.035 3 - 2
    1.2358 0.5 6
    1.46385 0.5 4
  2.121 1 + 2
    1.3218 0.5 6
    1.54985 0.5 4
  2.1453 5 - 1
    1.58334 1 3
  2.188 9 + 2
    1.3888 0.5 6
    2.188 0.5 0
  2.236 3 - 2
    1.4368 0.5 6
    1.66485 0.5 4
  2.261 7 + 2
    1.69904 0.5 3
    2.2516 0.5 1
  2.26583 15 + 3
    0.52763 0.080064 24
    0.54435 0.225384 23
    1.14377 0.694551 12
  2.27142 5 - 1
    1.16867 1 11
  2.2903 1 - 1
    0.5521 1 24
  2.3381 3 - 2
    1.16766 0.6667 13
    1.23535 0.3333 11
  2.379 1 + 2
    1.5798 0.5 6
    1.80785 0.5 4
  2.47046 7 + 1
    0.20463 1 33
  2.4781 15 + 2
    1.35604 0.7042 12
    1.4663 0.2958 8
  2.48384 17 + 2
    0.59484 0.5 26
    1.36178 0.5 12
  2.495 5 - 2
    2.45344 0.5 2
    2.48559 0.5 1
  2.51018 3 - 3
    0.17208 0.671167 36
    0.23876 0.187919 34
    0.77198 0.140914 24
  2.55088 17 + 3
    0.28505 0.342034 33
    0.8294 0.244224 23
    1.42882 0.413741 12
  2.585 9 - 2
    2.02304 0.5 3
    2.57559 0.5 1
  2.64067 7 - 5
    0.13049 0.459591 42
    0.35037 0.303294 35
    0.37484 0.108898 33
    0.91919 0.063879 23
    1.51861 0.064339 12
  2.733 5 + 2
    2.16185 0.5 4
    2.733 0.5 0
  2.78752 3 + 1
    1.66546 1 12
  2.84124 17 - 2
    0.20057 0.8475 45
    0.37078 0.1525 38
  2.944 5 - 2
    2.90244 0.5 2
    2.93459 0.5 1
  2.9859 7 + 1
    1.86384 1 12
  3.14 1 + 2
    2.3408 0.5 6
    2.56885 0.5 4
  3.15754 19 - 3
    0.3163 0.877856 48
    0.60666 0.043638 43
    0.68708 0.078506 38
  3.322 3 - 1
    0.3361 1 50
  3.36706 9 + 1
    0.8966 1 38
  3.41156 21 + 2
    0.86068 0.2857 43
    0.92772 0.7143 40
  3.4934 5 - 1
    2.37134 1 12
  3.60309 3 - 2
    0.44555 0.8547 52
    0.76185 0.1453 48
  3.6858 7 + 1
    0.3638 1 53
  3.718 5 - 2
    3.67644 0.5 2
    3.70859 0.5 1
  3.772 1 + 2
    2.9728 0.5 6
    3.20085 0.5 4
  3.8044 3 - 1
    0.4824 1 53
  3.8208 9 + 1
    0.40924 1 55
  3.9064 19 + 3
    0.413 0.218222 56
    1.42256 0.274127 40
    1.4283 0.507651 39
  4.0257 21 + 1
    1.54186 1 40
  4.1724 21 + 3
    0.266 0.6272 63
    0.76084 0.1803 55
    1.62152 0.1925 43
  4.2184 7 - 2
    0.61531 0.813 57
    1.06086 0.187 52
  4.5852 5 - 2
    0.4128 0.8065 65
    0.5595 0.1935 64
  4.6298 3 - 1
    1.02671 1 57
  4.6947 5 - 1
    1.32764 1 54
  4.87 7 + 2
    0.6516 0.3865 66
    1.26691 0.6135 57
  5.1033 1 - 1
    0.5181 1 67
  5.1839 11 + 1
    1.77234 1 55
  5.641 3 - 2
    0.771 0.5076 70
    1.4226 0.4924 66
  5.6834 9 + 1
    0.5801 1 71
  5.7361 5 - 1
    1.0414 1 69
  5.7784 7 + 1
    1.9576 1 62
  6.3734 3 - 1
    0.69 1 74

36 84 73
  0 0 + 0
  0.881615 4 + 1
    0.881615 1 0
  1.8373 0 + 1
    0.955685 1 1
  1.89778 4 + 2
    1.01616 0.3203 1
    1.89778 0.6797 0
  2.095 8 + 1
    1.21339 1 1
  2.34546 8 + 2
    0.44768 0.02669 3
    1.46385 0.97331 1
  2.4892 6 - 2
    0.3942 0.5 4
    1.60758 0.5 1
  2.62298 4 + 2
    1.74137 0.8475 1
    2.62298 0.1525 0
  2.70028 6 - 4
    0.35482 0.036232 5
    0.60528 0.196312 4
    0.8025 0.737944 3
    1.81866 0.029512 1
  2.75928 4 + 2
    1.87766 0.6536 1
    2.75928 0.3464 0
  2.77094 10 - 1
    0.42548 1 5
  2.775 4 + 2
    1.89338 0.5 1
    2.775 0.5 0
  2.86109 6 + 3
    0.76609 0.069209 4
    0.96331 0.354596 3
    1.97947 0.576194 1
  3.04211 4 + 2
    0.94711 0.4352 4
    2.1605 0.5648 1
  3.08238 6 - 5
    0.3821 0.16801 8
    0.73692 0.320819 5
    0.98738 0.234114 4
    1.1846 0.026942 3
    2.20077 0.250115 1
  3.17255 12 + 1
    1.07755 1 4
  3.18329 4 + 2
    1.08829 0.4319 4
    2.30167 0.5681 1
  3.21935 10 - 3
    0.44841 0.277017 10
    0.51907 0.059844 8
    1.12435 0.66314 4
  3.225 2 - 2
    2.34339 0.5 1
    3.225 0.5 0
  3.23607 16 + 1
    0.06352 1 15
  3.28868 10 + 1
    0.94322 1 5
  3.31239 6 - 3
    0.54145 0.372 10
    0.61211 0.5235 8
    0.96693 0.1045 5
  3.335 2 - 2
    2.45338 0.5 1
    3.335 0.5 0
  3.36588 2 + 2
    2.48427 0.6993 1
    3.36588 0.3007 0
  3.40815 6 - 3
    0.54706 0.4097 12
    0.63721 0.3157 10
    0.70787 0.2746 8
  3.42674 4 + 2
    1.33174 0.5918 4
    2.54513 0.4082 1
  3.463 10 + 1
    0.24365 1 17
  3.47575 2 - 2
    1.57797 0.8264 3
    2.59414 0.1736 1
  3.57 6 - 2
    1.67222 0.5 3
    2.68838 0.5 1
  3.58712 12 - 3
    0.29844 0.095788 20
    0.36777 0.822584 17
    0.81618 0.081628 10
  3.6385 10 - 4
    0.41915 0.3246 17
    0.93822 0.2293 8
    1.29304 0.1969 5
    1.5435 0.2492 4
  3.65161 14 - 1
    0.88067 1 10
  3.70587 2 - 7
    0.23012 0.126397 27
    0.33999 0.028349 23
    0.94659 0.139197 9
    1.00559 0.184096 8
    1.08289 0.056559 7
    1.80809 0.01661 3
    2.82425 0.448791 1
  3.71822 6 - 1
    1.62322 1 4
  3.777 4 - 1
    1.682 1 4
  3.83162 14 - 4
    0.18001 0.1286 31
    0.2445 0.2125 29
    0.61227 0.4044 17
    0.65907 0.2545 15
  3.8701 6 + 2
    0.39435 0.5 27
    2.98848 0.5 1
  3.8788 6 - 3
    1.11952 0.492649 9
    1.25582 0.157616 7
    1.53334 0.349735 5
  3.92733 2 - 5
    0.56145 0.007059 23
    1.43813 0.005409 6
    2.02955 0.182206 3
    3.04571 0.217507 1
    3.92733 0.587819 0
  3.95123 12 + 3
    0.66255 0.3134 20
    1.60577 0.2195 5
    1.85623 0.4671 4
  4.00182 8 - 3
    0.91944 0.2749 14
    1.23088 0.3817 10
    1.65636 0.3434 5
  4.0843 8 + 2
    3.20268 0.4318 1
    4.0843 0.5682 0
  4.1168 8 + 3
    2.21902 0.031889 3
    3.23518 0.966275 1
    4.1168 0.001836 0
  4.1892 2 - 1
    2.0942 1 4
  4.21443 8 + 2
    0.90204 0.3671 21
    1.44349 0.6329 10
  4.2385 4 - 1
    0.23668 1 40
  4.2783 2 + 1
    1.50736 1 10
  4.35012 10 - 1
    0.763001 1 29
  4.3882 16 - 2
    0.55658 0.6852 35
    0.80108 0.3148 29
  4.4078 12 - 1
    1.63686 1 10
  4.4556 0 + 1
    1.28305 1 15
  4.5948 4 + 1
    1.82386 1 10
  4.67662 8 + 1
    1.90568 1 10
  4.707 2 - 2
    3.82538 0.5 1
    4.707 0.5 0
  4.71854 16 + 3
    0.76731 0.3222 39
    0.88692 0.3389 35
    1.54599 0.3389 15
  4.85225 18 - 2
    1.20064 0.7043 31
    1.61618 0.2957 19
  4.898 4 + 2
    4.01638 0.5 1
    4.898 0.5 0
  4.92899 18 - 2
    0.54079 0.4291 48
    1.09737 0.5709 35
  4.9761 18 + 1
    1.74003 1 19
  5.2041 20 + 1
    1.96803 1 19
  5.358 6 - 2
    3.46022 0.5 3
    4.47638 0.5 1
  5.3734 24 + 1
    0.1693 1 59
  5.44875 20 + 1
    0.73021 1 54
  5.466 2 - 2
    4.58439 0.5 1
    5.466 0.5 0
  5.6407 20 - 2
    0.71171 0.4508 57
    1.2525 0.5492 48
  5.9017 22 - 1
    1.04945 1 55
  6.0674 4 + 1
    0.694 1 61
  6.4722 8 - 1
    1.2681 1 59
  6.5721 24 - 2
    0.670401 0.3153 65
    1.1987 0.6847 61
  6.5903 6 + 1
    1.14155 1 62
  7.0158 26 - 1
    0.443699 1 68
  7.6532 28 - 1
    0.637401 1 70
  10.5206 4 + 2
    9.63898 0.5 1
    10.5206 0.5 0

36 85 77
  0 9 + 0
  0.304871 1 - 1
    0.304871 1 0
  1.10732 1 - 1
    0.802449 1 1
  1.14073 5 + 1
    1.14073 1 0
  1.16669 3 - 1
    0.861819 1 1
  1.22398 5 - 1
    0.919109 1 1
  1.34261 3 + 4
    0.17592 0.301512 4
    0.20188 0.124705 3
    0.23529 0.044262 2
    1.03774 0.529521 1
  1.41657 5 + 2
    0.24988 0.2371 4
    1.41657 0.7629 0
  1.4306 1 + 1
    1.12573 1 1
  1.6116 11 + 1
    1.6116 1 0
  1.847 7 + 2
    0.43043 0.077709 7
    1.847 0.922291 0
  1.87352 5 + 1
    0.53091 1 6
  1.9315 13 + 2
    0.3199 0.028361 9
    1.9315 0.971639 0
  1.93883 3 - 3
    0.77214 0.1106 4
    0.7981 0.4285 3
    0.83151 0.4609 2
  1.9901 9 + 2
    0.3785 0.1458 9
    1.9901 0.8542 0
  1.9918 17 + 1
    0.0603 1 12
  2.0044 7 + 5
    0.66179 0.010559 6
    0.86367 0.046028 3
    0.89708 0.422579 2
    1.69953 0.098755 1
    2.0044 0.422079 0
  2.0551 3 + 2
    0.94778 0.5 2
    1.75023 0.5 1
  2.1134 9 + 1
    2.1134 1 0
  2.1351 9 + 1
    2.1351 1 0
  2.13734 5 - 5
    0.26382 0.025382 11
    0.79473 0.245415 6
    0.91336 0.320219 5
    1.03002 0.053363 2
    1.83247 0.355621 1
  2.1449 7 + 3
    0.27138 0.182682 11
    1.00417 0.193481 3
    2.1449 0.623838 0
  2.2352 13 - 1
    2.2352 1 0
  2.3835 7 + 1
    2.3835 1 0
  2.398 5 - 2
    1.29068 0.5 2
    2.09313 0.5 1
  2.4979 9 - 1
    1.27392 1 5
  2.5134 3 - 2
    1.34671 0.5 4
    1.37267 0.5 3
  2.5343 3 - 2
    1.36761 0.5 4
    1.42698 0.5 2
  2.5737 7 - 2
    1.43297 0.5 3
    2.5737 0.5 0
  2.593 11 - 2
    0.6615 0.5 12
    2.593 0.5 0
  2.6024 5 + 1
    0.598 1 16
  2.6179 5 - 2
    0.74438 0.5 11
    1.47717 0.5 3
  2.6367 11 + 1
    0.5233 1 18
  2.7421 1 + 2
    1.57541 0.5 4
    1.60137 0.5 3
  2.7845 3 - 1
    0.6396 1 21
  2.7977 7 - 2
    1.65697 0.5 3
    2.7977 0.5 0
  2.8149 9 + 1
    0.9679 1 10
  2.8451 5 + 2
    1.70437 0.5 3
    2.8451 0.5 0
  2.8664 1 + 2
    1.69971 0.5 4
    1.72567 0.5 3
  2.9294 3 - 1
    0.816 1 18
  3.0609 3 + 2
    1.95358 0.5 2
    2.75603 0.5 1
  3.1139 1 + 2
    1.94721 0.5 4
    1.97317 0.5 3
  3.1392 7 - 2
    1.2077 0.5 12
    1.5276 0.5 9
  3.1535 1 + 2
    1.98681 0.5 4
    2.01277 0.5 3
  3.1936 7 - 1
    1.2621 1 12
  3.2851 1 + 2
    2.11841 0.5 4
    2.14437 0.5 3
  3.3004 5 - 2
    2.19308 0.5 2
    2.99553 0.5 1
  3.3204 3 - 2
    2.15371 0.5 4
    2.17967 0.5 3
  3.3406 5 - 2
    2.23328 0.5 2
    3.03573 0.5 1
  3.3558 1 + 2
    2.18911 0.5 4
    2.21507 0.5 3
  3.402 7 - 2
    2.26127 0.5 3
    3.402 0.5 0
  3.4128 13 - 1
    1.8012 1 9
  3.4202 3 - 2
    2.25351 0.5 4
    2.27947 0.5 3
  3.4706 5 - 2
    2.36328 0.5 2
    3.16573 0.5 1
  3.5459 7 - 2
    2.40517 0.5 3
    3.5459 0.5 0
  3.5754 3 - 2
    2.40871 0.5 4
    2.43467 0.5 3
  3.5922 15 - 2
    1.6004 0.5 15
    1.6607 0.5 12
  3.638 1 + 2
    2.47131 0.5 4
    2.49727 0.5 3
  3.7294 1 + 2
    2.56271 0.5 4
    2.58867 0.5 3
  3.7451 5 - 2
    2.63778 0.5 2
    3.44023 0.5 1
  3.8023 9 - 2
    2.1907 0.5 9
    2.57832 0.5 5
  3.8728 3 + 2
    2.76548 0.5 2
    3.56793 0.5 1
  3.9121 7 - 2
    2.77137 0.5 3
    3.9121 0.5 0
  3.9271 5 + 2
    2.78637 0.5 3
    3.9271 0.5 0
  3.9453 11 - 2
    2.0138 0.5 12
    3.9453 0.5 0
  3.9749 3 + 2
    2.86758 0.5 2
    3.67003 0.5 1
  4.033 7 - 2
    2.89227 0.5 3
    4.033 0.5 0
  4.0463 5 + 2
    2.90557 0.5 3
    4.0463 0.5 0
  4.146 1 + 2
    2.97931 0.5 4
    3.00527 0.5 3
  4.335 9 - 2
    2.7234 0.5 9
    3.11102 0.5 5
  4.45 3 - 2
    3.28331 0.5 4
    3.30927 0.5 3
  4.547 5 + 2
    3.40627 0.5 3
    4.547 0.5 0
  4.623 7 - 2
    3.48227 0.5 3
    4.623 0.5 0
  4.692 11 + 2
    2.845 0.5 10
    3.0804 0.5 9
  12.9 3 - 2
    11.7333 0.5 4
    11.7593 0.5 3
  13.3 5 - 2
    12.1927 0.5 2
    12.9951 0.5 1
  14.2 1 - 2
    13.0927 0.5 2
    13.8951 0.5 1

36 86 64
  0 0 + 0
  1.56475 4 + 1
    1.56475 1 0
  2.25 8 + 1
    0.68525 1 1
  2.34978 4 + 2
    0.78503 0.3153 1
    2.34978 0.6847 0
  2.724 0 + 2
    1.15925 0.5 1
    2.724 0.5 0
  2.85046 6 + 2
    0.50068 0.1383 3
    1.28571 0.8617 1
  2.92632 4 + 2
    1.36157 0.8032 1
    2.92632 0.1968 0
  3.01 2 + 1
    0.15954 1 5
  3.09898 6 - 1
    1.53423 1 1
  3.325 10 - 2
    0.22602 0.5 8
    1.075 0.5 2
  3.54 0 + 2
    1.97525 0.5 1
    3.54 0.5 0
  3.575 2 - 2
    2.01025 0.5 1
    3.575 0.5 0
  3.783 8 - 1
    0.93254 1 5
  3.81648 12 + 1
    1.56648 1 2
  3.832 0 + 2
    2.26725 0.5 1
    3.832 0.5 0
  3.9353 10 + 1
    1.6853 1 2
  3.959 8 + 2
    1.709 0.5 2
    2.39425 0.5 1
  4.04 6 - 2
    1.79 0.5 2
    2.47525 0.5 1
  4.06429 12 + 2
    0.24781 0.2819 13
    1.81429 0.7181 2
  4.072 10 - 2
    0.97302 0.5 8
    1.822 0.5 2
  4.111 4 + 2
    2.54625 0.5 1
    4.111 0.5 0
  4.175 8 + 2
    1.925 0.5 2
    2.61025 0.5 1
  4.194 4 + 2
    2.62925 0.5 1
    4.194 0.5 0
  4.277 14 + 1
    0.3417 1 15
  4.31616 6 - 5
    1.21718 0.1159 8
    1.38984 0.1974 6
    1.4657 0.1116 5
    1.96638 0.1459 3
    2.75141 0.4292 1
  4.399 8 + 2
    2.149 0.5 2
    2.83425 0.5 1
  4.4307 12 - 2
    0.4954 0.2959 15
    0.61422 0.7041 13
  4.559 8 + 2
    2.309 0.5 2
    2.99425 0.5 1
  4.666 2 - 2
    3.10125 0.5 1
    4.666 0.5 0
  4.6935 14 - 3
    0.2628 0.487149 26
    0.62921 0.360736 18
    0.7582 0.152115 15
  4.706 2 - 2
    3.14125 0.5 1
    4.706 0.5 0
  4.7559 14 + 2
    0.3252 0.1669 26
    0.69161 0.8331 18
  4.819 4 + 2
    3.25425 0.5 1
    4.819 0.5 0
  4.928 8 + 2
    2.678 0.5 2
    3.36325 0.5 1
  4.948 4 + 2
    3.38325 0.5 1
    4.948 0.5 0
  4.991 6 - 2
    2.741 0.5 2
    3.42625 0.5 1
  5.127 2 - 2
    3.56225 0.5 1
    5.127 0.5 0
  5.203 6 - 2
    2.953 0.5 2
    3.63825 0.5 1
  5.315 2 - 2
    3.75025 0.5 1
    5.315 0.5 0
  5.4068 6 - 1
    5.4068 1 0
  5.438 4 - 2
    2.428 0.5 7
    2.58754 0.5 5
  5.5188 6 - 1
    5.5188 1 0
  5.576 2 - 2
    4.01125 0.5 1
    5.576 0.5 0
  5.637 4 - 2
    2.627 0.5 7
    2.78654 0.5 5
  5.6604 16 + 3
    0.9045 0.2511 31
    0.9669 0.3984 29
    1.59611 0.3505 18
  5.6693 6 - 1
    1.2386 1 26
  5.707 4 - 2
    2.697 0.5 7
    2.85654 0.5 5
  5.799 2 - 2
    4.23425 0.5 1
    5.799 0.5 0
  5.8146 18 + 2
    0.1542 0.653 44
    1.0587 0.347 31
  5.862 10 - 2
    2.76302 0.5 8
    3.612 0.5 2
  5.928 6 - 2
    3.678 0.5 2
    4.36325 0.5 1
  5.981 4 - 2
    2.971 0.5 7
    3.13054 0.5 5
  6.0853 2 + 1
    1.3918 1 29
  6.118 4 - 2
    3.108 0.5 7
    3.26754 0.5 5
  6.1617 6 + 1
    6.1617 1 0
  6.2106 8 - 2
    0.8038 0.5 39
    6.2106 0.5 0
  6.2482 20 + 1
    0.4336 1 48
  6.318 2 - 2
    4.75325 0.5 1
    6.318 0.5 0
  6.397 10 + 2
    2.614 0.5 12
    3.54654 0.5 5
  6.722 4 - 1
    6.722 1 0
  6.7686 6 + 1
    6.7686 1 0
  7.1283 20 - 2
    0.8801 0.5882 56
    1.3137 0.4118 48
  7.4597 22 + 2
    0.331401 0.8 61
    1.2115 0.2 56
  7.8766 24 - 1
    0.416899 1 62

36 87 170
  0 5 + 0
  0.53201 1 + 1
    0.53201 1 0
  1.41963 5 + 1
    1.41963 1 0
  1.47613 3 + 2
    0.94412 0.1468 1
    1.47613 0.8532 0
  1.57758 3 - 1
    1.57758 1 0
  1.84141 5 - 1
    0.42178 1 2
  1.88121 3 + 3
    0.46158 0.1548 2
    1.3492 0.162 1
    1.88121 0.6832 0
  2.00541 5 + 2
    0.52928 0.2003 3
    2.00541 0.7997 0
  2.07164 3 - 3
    0.23023 0.1387 5
    0.65201 0.2794 2
    2.07164 0.5819 0
  2.0876 1 + 1
    0.61147 1 3
  2.10537 5 - 1
    0.26396 1 5
  2.12252 5 + 1
    2.12252 1 0
  2.258 9 - 2
    0.15263 0.5 10
    0.41659 0.5 5
  2.27935 3 - 2
    0.701775 0.7196 4
    2.27935 0.2804 0
  2.30004 1 + 3
    0.82391 0.1194 3
    1.76803 0.5681 1
    2.30004 0.3125 0
  2.3299 3 + 1
    0.85377 1 3
  2.3695 5 - 2
    0.89337 0.4153 3
    2.3695 0.5847 0
  2.372 5 + 1
    1.83999 1 1
  2.41213 3 - 4
    0.935995 0.059919 3
    0.992495 0.341093 2
    1.88011 0.138197 1
    2.41213 0.460791 0
  2.4519 3 + 3
    0.61049 0.363 5
    0.87432 0.2339 4
    2.4519 0.4031 0
  2.46286 3 + 1
    2.46286 1 0
  2.49858 5 - 4
    0.61737 0.091533 6
    0.921 0.396612 4
    1.07895 0.076242 2
    2.49858 0.435613 0
  2.51377 3 - 1
    1.03764 1 3
  2.51934 7 + 2
    1.09971 0.070654 2
    2.51934 0.929347 0
  2.54716 3 + 1
    2.54716 1 0
  2.5658 5 - 1
    1.14617 1 2
  2.60578 3 - 1
    0.72457 1 6
  2.64174 1 + 2
    0.63633 0.2135 7
    2.64174 0.7865 0
  2.71524 3 - 1
    2.71524 1 0
  2.75767 5 + 1
    1.33804 1 2
  2.78735 5 + 1
    1.31122 1 3
  2.82105 5 - 2
    0.69853 0.072391 11
    2.82105 0.927609 0
  2.8321 3 - 1
    1.35597 1 3
  2.83655 1 + 4
    0.71403 0.030361 11
    0.83114 0.205908 7
    1.36042 0.541722 3
    2.83655 0.222009 0
  2.86325 1 + 1
    1.28567 1 4
  3.004 3 - 1
    3.004 1 0
  3.02081 5 - 1
    1.44323 1 4
  3.02683 3 + 5
    0.95519 0.066507 8
    1.02142 0.237924 7
    1.44925 0.20202 4
    1.6072 0.255726 2
    3.02683 0.237824 0
  3.08078 3 + 1
    3.08078 1 0
  3.14291 7 - 1
    3.14291 1 0
  3.17185 7 - 1
    1.33044 1 5
  3.21785 7 - 7
    1.09533 0.055516 11
    1.14621 0.089534 8
    1.21244 0.114592 7
    1.37644 0.059806 5
    1.64027 0.125391 4
    1.79822 0.358175 2
    3.21785 0.196986 0
  3.22598 9 - 3
    0.813855 0.1589 18
    2.69397 0.6623 1
    3.22598 0.1788 0
  3.23718 7 - 1
    1.6596 1 4
  3.25689 9 + 4
    0.73755 0.127599 23
    1.41548 0.407696 5
    1.83726 0.379096 2
    3.25689 0.085609 0
  3.2884 7 - 1
    1.86877 1 2
  3.29712 11 + 1
    1.29171 1 7
  3.3019 9 - 2
    1.02255 0.1667 13
    1.88227 0.8333 2
  3.3619 7 + 1
    3.3619 1 0
  3.43476 11 - 2
    1.95863 0.4118 3
    3.43476 0.5882 0
  3.4449 7 + 1
    3.4449 1 0
  3.5597 9 - 1
    0.5557 1 35
  3.599 13 + 1
    3.599 1 0
  3.64559 7 - 4
    1.12625 0.085373 23
    1.64018 0.210606 7
    2.16946 0.554317 3
    2.22596 0.149704 2
  3.6573 11 + 1
    3.6573 1 0
  3.6891 9 - 1
    3.6891 1 0
  3.7774 1 + 1
    0.94085 1 33
  3.80702 7 - 1
    1.96561 1 5
  3.80941 9 + 1
    3.80941 1 0
  3.827 11 - 2
    0.65515 0.5 40
    0.68409 0.5 39
  3.8742 1 + 3
    1.35486 0.117 23
    2.39807 0.5319 3
    2.45457 0.3511 2
  3.9098 7 - 1
    3.9098 1 0
  3.91716 13 + 1
    3.91716 1 0
  3.923 15 - 1
    2.34542 1 4
  4.0272 9 + 1
    4.0272 1 0
  4.1364 7 - 1
    4.1364 1 0
  4.18082 5 + 3
    1.34427 0.045058 33
    2.60324 0.088386 4
    4.18082 0.866557 0
  4.1921 1 - 1
    4.1921 1 0
  4.1979 11 + 1
    2.19249 1 7
  4.2041 7 - 1
    4.2041 1 0
  4.2234 5 + 1
    4.2234 1 0
  4.22633 9 - 1
    1.38978 1 33
  4.2651 1 + 1
    4.2651 1 0
  4.29729 17 - 1
    4.29729 1 0
  4.3272 5 + 4
    1.68546 0.1918 27
    2.44599 0.1224 6
    2.90757 0.4082 2
    4.3272 0.2776 0
  4.41691 7 - 4
    2.34527 0.108911 8
    2.4115 0.038804 7
    2.5755 0.171517 5
    2.99728 0.680768 2
  4.52416 13 + 2
    3.04803 0.2537 3
    4.52416 0.7463 0
  4.54829 9 - 1
    4.54829 1 0
  4.57249 5 + 1
    4.57249 1 0
  4.59549 1 - 5
    2.14359 0.107606 19
    2.52385 0.133308 8
    2.75408 0.103606 5
    3.17586 0.560234 2
    4.59549 0.095246 0
  4.6209 7 + 1
    4.6209 1 0
  4.64457 11 - 2
    3.06699 0.1364 4
    4.64457 0.8636 0
  4.6552 3 + 1
    3.23557 1 2
  4.66818 5 - 3
    2.66277 0.408659 7
    3.0906 0.110589 4
    3.24855 0.480752 2
  4.71034 7 + 6
    2.6387 0.132603 8
    2.70493 0.530511 7
    2.82913 0.062601 6
    2.86893 0.074801 5
    3.13276 0.077982 4
    4.71034 0.121502 0
  4.71972 1 - 1
    1.50187 1 41
  4.7282 9 + 1
    4.7282 1 0
  4.73455 3 - 2
    3.31492 0.3151 2
    4.73455 0.6849 0
  4.75271 5 + 1
    4.75271 1 0
  4.78446 19 - 2
    2.94305 0.041229 5
    4.78446 0.958771 0
  4.8079 7 + 1
    4.8079 1 0
  4.8249 3 - 1
    4.8249 1 0
  4.83629 5 + 1
    4.83629 1 0
  4.85887 1 - 2
    3.01746 0.4536 5
    3.28129 0.5464 4
  4.87205 9 + 1
    4.87205 1 0
  4.8894 11 - 1
    4.8894 1 0
  4.9177 5 + 1
    4.9177 1 0
  4.9257 3 - 1
    4.9257 1 0
  4.96154 7 + 7
    1.04438 0.01906 62
    1.93471 0.069889 37
    2.50964 0.053999 19
    2.8899 0.03113 8
    3.38396 0.050829 4
    3.54191 0.139799 2
    4.96154 0.635294 0
  4.96927 15 - 1
    2.13272 1 33
  4.9761 5 + 1
    4.9761 1 0
  5.0032 3 - 1
    5.0032 1 0
  5.0217 7 + 1
    5.0217 1 0
  5.0339 1 - 1
    5.0339 1 0
  5.0447 9 + 1
    5.0447 1 0
  5.05969 5 - 1
    5.05969 1 0
  5.0659 3 + 1
    4.53389 1 1
  5.07625 7 - 2
    3.49867 0.578 4
    5.07625 0.422 0
  5.0889 13 + 1
    5.0889 1 0
  5.10355 1 - 1
    5.10355 1 0
  5.12039 5 + 1
    5.12039 1 0
  5.13608 3 - 1
    5.13608 1 0
  5.1551 9 + 1
    5.1551 1 0
  5.1834 7 - 1
    5.1834 1 0
  5.19526 11 + 2
    4.66325 0.4413 1
    5.19526 0.5587 0
  5.20121 5 - 2
    4.6692 0.3377 1
    5.20121 0.6623 0
  5.21432 3 + 3
    3.0918 0.195 11
    3.79469 0.6289 2
    5.21432 0.1761 0
  5.2456 1 - 1
    5.2456 1 0
  5.28077 7 + 4
    2.63903 0.213796 27
    3.80464 0.301994 3
    3.86114 0.464691 2
    5.28077 0.01952 0
  5.30257 5 - 1
    4.77056 1 1
  5.3402 3 + 1
    5.3402 1 0
  5.3701 9 - 1
    5.3701 1 0
  5.3831 5 + 1
    5.3831 1 0
  5.40634 7 - 1
    5.40634 1 0
  5.4199 3 + 1
    5.4199 1 0
  5.4242 1 - 1
    5.4242 1 0
  5.4399 11 + 1
    5.4399 1 0
  5.455 5 - 1
    5.455 1 0
  5.46675 9 + 3
    3.16671 0.431043 14
    3.37915 0.181018 9
    3.46134 0.387939 7
  5.47394 3 - 1
    5.47394 1 0
  5.5343 1 - 2
    3.69289 0.5 5
    4.05817 0.5 3
  5.5467 5 - 1
    5.5467 1 0
  5.5584 1 - 2
    3.71699 0.5 5
    4.08227 0.5 3
  5.5619 5 - 1
    5.5619 1 0
  5.5691 3 - 2
    5.03709 0.5 1
    5.5691 0.5 0
  5.5882 5 - 1
    5.5882 1 0
  5.5934 1 - 2
    3.75199 0.5 5
    4.11727 0.5 3
  5.59732 1 - 2
    3.75591 0.5 5
    4.12119 0.5 3
  5.60064 5 - 1
    5.60064 1 0
  5.6064 5 - 1
    5.6064 1 0
  5.6352 5 - 1
    5.6352 1 0
  5.6385 1 - 2
    3.79709 0.5 5
    4.16237 0.5 3
  5.6488 5 - 1
    5.6488 1 0
  5.6513 1 + 2
    5.11929 0.5 1
    5.6513 0.5 0
  5.6555 3 - 2
    5.12349 0.5 1
    5.6555 0.5 0
  5.6598 5 - 1
    5.6598 1 0
  5.6705 3 - 2
    5.13849 0.5 1
    5.6705 0.5 0
  5.6727 5 - 1
    5.6727 1 0
  5.6856 5 - 1
    5.6856 1 0
  5.6988 5 - 1
    5.6988 1 0
  5.7018 1 - 2
    3.86039 0.5 5
    4.22567 0.5 3
  5.7147 5 - 1
    5.7147 1 0
  5.7246 3 - 2
    5.19259 0.5 1
    5.7246 0.5 0
  5.7614 3 - 2
    5.22939 0.5 1
    5.7614 0.5 0
  5.7799 3 + 2
    3.93849 0.5 5
    4.30377 0.5 3
  5.78289 1 - 2
    3.94148 0.5 5
    4.30676 0.5 3
  5.7935 5 - 1
    5.7935 1 0
  5.8215 3 + 1
    5.8215 1 0
  5.8285 3 - 2
    5.29649 0.5 1
    5.8285 0.5 0
  5.8621 3 - 2
    5.33009 0.5 1
    5.8621 0.5 0
  5.8635 1 - 2
    4.02209 0.5 5
    4.38737 0.5 3
  5.9082 3 - 2
    5.37619 0.5 1
    5.9082 0.5 0
  5.9223 1 - 2
    4.08089 0.5 5
    4.44617 0.5 3
  5.9256 3 - 2
    5.39359 0.5 1
    5.9256 0.5 0
  5.94245 3 + 2
    4.10104 0.5 5
    4.46632 0.5 3
  5.9587 3 + 2
    4.11729 0.5 5
    4.48257 0.5 3
  5.977 3 + 2
    4.13559 0.5 5
    4.50087 0.5 3
  6.1559 5 + 2
    5.62389 0.5 1
    6.1559 0.5 0
  6.1648 1 - 2
    4.32339 0.5 5
    4.68867 0.5 3
  6.1919 3 - 2
    5.65989 0.5 1
    6.1919 0.5 0

36 88 74
  0 0 + 0
  0.77531 4 + 1
    0.77531 1 0
  1.57735 4 + 2
    0.80204 0.7919 1
    1.57735 0.2081 0
  1.64387 8 + 1
    0.86856 1 1
  2.10389 6 - 1
    0.46002 1 3
  2.21611 4 + 2
    1.4408 0.854 1
    2.21611 0.146 0
  2.34228 8 + 4
    0.12617 0.0114 5
    0.69841 0.084073 3
    0.76493 0.161405 2
    1.56697 0.743122 1
  2.3703 6 + 2
    0.79295 0.8548 2
    1.59499 0.1452 1
  2.3974 4 + 1
    0.75353 1 3
  2.4041 8 - 1
    0.76023 1 3
  2.41952 6 - 1
    1.64421 1 1
  2.55077 8 + 1
    1.77546 1 1
  2.63097 8 + 4
    0.28869 0.072609 6
    0.9871 0.106099 3
    1.05362 0.543995 2
    1.85566 0.277297 1
  2.65111 4 + 4
    0.30883 0.051726 6
    1.07376 0.645155 2
    1.8758 0.206386 1
    2.65111 0.096733 0
  2.77593 0 + 2
    1.19858 0.6452 2
    2.00062 0.3548 1
  2.82837 4 + 5
    0.48609 0.082727 6
    0.61226 0.330326 5
    1.25102 0.131911 2
    2.05306 0.211017 1
    2.82837 0.24402 0
  2.87517 4 + 5
    0.65906 0.086232 5
    1.2313 0.065631 3
    1.29782 0.071091 2
    2.09986 0.093632 1
    2.87517 0.683414 0
  2.92942 6 + 3
    1.28555 0.1869 3
    1.35207 0.528 2
    2.15411 0.2851 1
  2.9458 2 + 2
    1.36845 0.2918 2
    2.9458 0.7082 0
  2.966 6 - 2
    1.38865 0.5 2
    2.19069 0.5 1
  3.045 6 + 2
    1.46765 0.3198 2
    2.26969 0.6802 1
  3.1135 4 + 2
    2.33819 0.6667 1
    3.1135 0.3333 0
  3.163 8 + 3
    0.74348 0.60983 10
    1.51913 0.079254 3
    2.38769 0.310916 1
  3.20446 6 - 2
    0.86218 0.2126 6
    2.42915 0.7874 1
  3.246 2 - 2
    2.47069 0.5 1
    3.246 0.5 0
  3.312 2 - 2
    2.53669 0.5 1
    3.312 0.5 0
  3.33161 4 + 2
    2.5563 0.7143 1
    3.33161 0.2857 0
  3.33601 6 + 2
    1.69214 0.1379 3
    1.75866 0.8621 2
  3.34153 4 + 2
    1.69766 0.2 3
    3.34153 0.8 0
  3.36224 6 + 4
    0.94272 0.2951 10
    1.14613 0.2263 5
    1.78489 0.1508 2
    2.58693 0.3278 1
  3.3998 4 + 2
    2.62449 0.7299 1
    3.3998 0.2701 0
  3.519 10 - 2
    1.41511 0.5 4
    1.87513 0.5 3
  3.608 4 + 2
    2.83269 0.5 1
    3.608 0.5 0
  3.652 2 - 2
    2.87669 0.5 1
    3.652 0.5 0
  3.70963 6 - 3
    1.29011 0.170986 10
    2.13228 0.022578 2
    2.93432 0.806436 1
  3.761 2 - 2
    2.98569 0.5 1
    3.761 0.5 0
  3.77087 10 - 4
    1.35135 0.236707 10
    1.42859 0.33331 6
    2.99556 0.33331 1
    3.77087 0.096673 0
  3.866 12 - 1
    1.4619 1 9
  3.9211 2 - 2
    1.517 0.5 9
    1.5237 0.5 8
  3.932 10 - 2
    1.82811 0.5 4
    2.28813 0.5 3
  4.0483 4 + 2
    2.47095 0.1667 2
    4.0483 0.8333 0
  4.10026 6 - 1
    2.52291 1 2
  4.22 2 - 2
    3.44469 0.5 1
    4.22 0.5 0
  4.26827 12 - 2
    1.84875 0.04031 10
    3.49296 0.95969 1
  4.2877 0 - 2
    3.51239 0.6536 1
    4.2877 0.3464 0
  4.372 10 - 2
    2.26811 0.5 4
    2.72813 0.5 3
  4.43 4 + 2
    3.65469 0.5 1
    4.43 0.5 0
  4.5601 2 - 2
    2.98275 0.8264 2
    3.78479 0.1736 1
  4.56296 8 - 2
    2.19266 0.047619 7
    4.56296 0.952381 0
  4.59679 14 - 4
    2.17727 0.221707 10
    3.01944 0.66182 2
    3.82148 0.089343 1
    4.59679 0.027131 0
  4.70752 2 - 5
    2.288 0.080711 10
    2.49141 0.056091 5
    3.13017 0.123101 2
    3.93221 0.684007 1
    4.70752 0.056091 0
  4.92346 8 - 3
    2.50394 0.092922 10
    2.70735 0.054561 5
    4.14815 0.852517 1
  4.98575 10 - 2
    4.21044 0.0566 1
    4.98575 0.9434 0
  5.02008 0 - 1
    5.02008 1 0
  5.07024 6 + 3
    2.65072 0.2473 10
    3.42637 0.5376 3
    3.49289 0.2151 2
  5.0882 2 - 2
    4.31289 0.7042 1
    5.0882 0.2958 0
  5.2705 12 + 1
    4.49519 1 1
  5.43864 8 - 1
    4.66333 1 1
  5.49733 16 + 1
    4.72202 1 1
  5.5035 2 - 2
    3.16122 0.885 6
    5.5035 0.115 0
  5.627 10 + 2
    4.04965 0.2424 2
    4.85169 0.7576 1
  5.6933 6 - 1
    3.27378 1 10
  5.7262 8 + 1
    3.51009 1 5
  5.91497 0 - 3
    3.49545 0.5618 10
    3.69886 0.309 5
    5.91497 0.1292 0
  5.97287 2 + 1
    5.19756 1 1
  5.97762 4 - 3
    3.63534 0.076091 6
    4.40027 0.380404 2
    5.20231 0.543505 1
  5.9883 6 + 2
    3.56878 0.375 10
    5.21299 0.625 1
  6.0344 14 - 2
    5.25909 0.2754 1
    6.0344 0.7246 0
  6.0712 4 + 2
    5.29589 0.934581 1
    6.0712 0.065419 0
  6.2317 8 - 3
    4.01559 0.36 5
    5.45639 0.6101 1
    6.2317 0.0299 0
  6.5396 2 + 1
    5.76429 1 1
  6.7185 6 - 2
    4.37622 0.5 6
    5.94319 0.5 1
  6.758 10 + 1
    5.98269 1 1
  7.0003 4 - 1
    7.0003 1 0

36 89 45
  0 3 + 0
  0.02859 5 + 1
    0.02859 1 0
  0.41142 5 + 2
    0.38283 0.1541 1
    0.41142 0.8459 0
  0.98207 5 - 1
    0.95348 1 1
  0.99136 3 - 3
    0.57994 0.188381 2
    0.96277 0.665233 1
    0.99136 0.146385 0
  1.02658 3 + 2
    0.99799 0.7028 1
    1.02658 0.2972 0
  1.09783 3 - 2
    1.06924 0.034748 1
    1.09783 0.965252 0
  1.37985 9 + 5
    0.28202 0.017878 6
    0.35327 0.030987 5
    0.39778 0.025318 3
    1.35126 0.567849 1
    1.37985 0.357968 0
  1.48294 3 + 4
    0.38511 0.086287 6
    0.45636 0.017849 5
    1.45435 0.321587 1
    1.48294 0.574277 0
  1.53637 9 - 2
    0.5543 0.051262 3
    1.50778 0.948738 1
  1.83392 3 + 1
    0.80734 1 5
  1.88763 5 + 2
    0.7898 0.7463 6
    0.89627 0.2537 4
  1.89459 1 - 1
    1.866 1 1
  1.95719 5 - 2
    1.9286 0.5348 1
    1.95719 0.4652 0
  2.03886 5 + 1
    1.01228 1 5
  2.06277 9 - 3
    1.03619 0.2983 5
    1.0807 0.2431 3
    2.03418 0.4586 1
  2.10443 9 + 2
    0.62149 0.2776 8
    1.12236 0.7224 3
  2.10815 7 + 1
    2.10815 1 0
  2.14699 5 + 1
    2.1184 1 1
  2.21667 5 + 2
    1.19009 0.2806 5
    2.21667 0.7194 0
  2.29848 5 - 1
    2.29848 1 0
  2.37372 7 - 2
    1.39165 0.375 3
    2.34513 0.625 1
  2.42636 7 - 1
    1.39978 1 5
  2.4682 1 - 1
    1.48613 1 3
  2.7354 11 - 1
    1.35555 1 7
  2.97649 7 - 1
    1.99442 1 3
  3.3184 1 + 2
    1.78203 0.5 9
    3.28981 0.5 1
  3.75392 13 - 2
    1.60693 0.6289 18
    1.92 0.3711 10
  3.99216 7 + 2
    1.69368 0.1312 20
    2.89433 0.8688 6
  4.11472 11 - 7
    1.741 0.050225 21
    2.00657 0.123112 17
    2.07586 0.063566 14
    2.57835 0.20442 9
    3.01689 0.044444 6
    3.13265 0.069787 3
    4.08613 0.444444 1
  4.16588 1 + 5
    1.69768 0.02324 23
    2.20869 0.068159 13
    2.78603 0.04338 7
    3.17452 0.090629 4
    4.16588 0.774592 0
  4.18566 7 - 2
    2.22847 0.2308 13
    4.18566 0.7692 0
  4.23247 3 + 2
    1.85875 0.8065 21
    4.23247 0.1935 0
  4.23845 15 - 2
    4.20986 0.4318 1
    4.23845 0.5682 0
  4.2488 1 + 1
    3.83738 1 2
  4.28885 11 - 3
    3.87743 0.1682 2
    4.26026 0.3645 1
    4.28885 0.4673 0
  4.3191 3 + 1
    4.3191 1 0
  4.3817 7 - 8
    1.0633 0.037438 26
    1.9135 0.116394 23
    2.16503 0.116094 19
    2.23471 0.074876 18
    2.31893 0.082366 15
    3.00185 0.142293 7
    3.39963 0.056157 3
    4.35311 0.374381 1
  4.403 9 + 1
    4.403 1 0
  4.5105 13 - 1
    4.5105 1 0
  4.516 3 + 2
    3.48942 0.4253 5
    4.516 0.5747 0
  4.5303 7 - 1
    4.50171 1 1
  4.6107 1 + 2
    2.50255 0.5 17
    4.6107 0.5 0
  4.6731 5 - 2
    1.69661 0.3103 25
    4.6731 0.6897 0
  4.7073 9 + 1
    4.67871 1 1

36 90 35
  0 0 + 0
  0.70713 4 + 1
    0.70713 1 0
  1.36225 0 + 2
    0.65512 0.4051 1
    1.36225 0.5949 0
  1.8305 4 - 1
    1.12337 1 1
  1.94033 2 + 2
    0.57808 0.1268 2
    1.2332 0.8732 1
  2.10313 2 - 2
    0.74088 0.7519 2
    1.396 0.2481 1
  2.14781 0 - 2
    0.78556 0.8319 2
    1.44068 0.1681 1
  2.1931 2 + 1
    1.48597 1 1
  2.24934 4 - 1
    1.54221 1 1
  2.31809 2 + 3
    0.95584 0.4001 2
    1.61096 0.4081 1
    2.31809 0.1918 0
  2.53605 0 - 1
    1.82892 1 1
  2.5437 2 - 2
    1.83657 0.8333 1
    2.5437 0.1667 0
  2.59594 2 - 1
    1.88881 1 1
  2.68583 0 - 1
    1.32358 1 2
  2.68731 0 - 1
    0.5395 1 6
  2.73076 0 + 2
    2.02363 0.2063 1
    2.73076 0.7937 0
  2.74794 2 + 1
    2.04081 1 1
  2.7806 4 + 3
    0.84027 0.50012 4
    1.41835 0.419917 2
    2.07347 0.079963 1
  2.82826 0 - 2
    1.46601 0.4949 2
    2.12113 0.5051 1
  2.86415 2 - 1
    2.86415 1 0
  2.98731 4 - 2
    1.62506 0.6024 2
    2.98731 0.3976 0
  3.14025 6 + 1
    2.43312 1 1
  3.23144 6 + 2
    0.91335 0.070628 9
    3.23144 0.929372 0
  3.2851 8 + 1
    1.34477 1 4
  3.3184 6 + 1
    3.3184 1 0
  3.3726 8 - 1
    2.66547 1 1
  3.5082 10 + 1
    2.80107 1 1
  4.291 6 - 1
    4.291 1 0
  4.5466 8 + 1
    2.0029 1 11
  4.78578 6 - 1
    2.68265 1 5
  5.0044 10 + 1
    4.29727 1 1
  5.08 4 - 1
    4.37287 1 1
  5.3854 8 + 1
    4.02315 1 2
  5.6833 6 - 1
    4.32105 1 2
  5.7301 12 + 2
    2.4117 0.4152 24
    4.36785 0.5848 2

36 91 21
  0 5 + 0
  0.1443 3 + 1
    0.1443 1 0
  0.3007 7 + 1
    0.3007 1 0
  0.4828 5 + 2
    0.3385 0.2313 1
    0.4828 0.7687 0
  0.707 9 + 2
    0.4063 0.082737 2
    0.707 0.917263 0
  0.7814 5 - 1
    0.7814 1 0
  0.8439 9 + 3
    0.3611 0.4602 3
    0.5432 0.4158 2
    0.6996 0.124 1
  0.9667 9 + 2
    0.666 0.3327 2
    0.8224 0.6673 1
  1.1202 9 + 2
    0.8195 0.6663 2
    0.9759 0.3337 1
  1.2101 1 - 2
    0.4287 0.5 5
    1.0658 0.5 1
  1.3568 5 + 1
    0.874 1 3
  1.4195 9 + 1
    1.1188 1 2
  1.422 9 + 2
    0.715 0.5 4
    1.422 0.5 0
  1.917 3 - 1
    1.917 1 0
  2.1447 7 - 2
    1.3633 0.5 5
    2.1447 0.5 0
  3.6751 11 - 5
    2.465 0.2 9
    2.8937 0.2 5
    3.1923 0.2 3
    3.3744 0.2 2
    3.6751 0.2 0
  3.7347 3 - 2
    3.5904 0.5 1
    3.7347 0.5 0
  3.7738 1 - 2
    3.291 0.5 3
    3.4731 0.5 2
  3.9193 7 - 2
    2.7092 0.5 9
    3.775 0.5 1
  4.1538 3 - 1
    3.8531 1 2
  4.4529 13 - 1
    3.9701 1 3

36 92 37
  0 0 + 0
  0.7691 4 + 1
    0.7691 1 0
  1.3564 6 - 1
    0.5873 1 1
  1.4463 4 + 2
    0.6772 0.3551 1
    1.4463 0.6449 0
  1.8039 8 + 2
    0.3576 0.017839 3
    1.0348 0.982161 1
  1.985 4 + 1
    0.1811 1 4
  1.9942 2 + 1
    1.9942 1 0
  2.0194 2 + 2
    0.5731 0.3831 3
    1.2503 0.6169 1
  2.0466 6 + 1
    1.2775 1 1
  2.0662 8 - 1
    1.2971 1 1
  2.0774 6 + 2
    0.6311 0.060228 3
    1.3083 0.939772 1
  2.1532 2 - 2
    1.3841 0.8929 1
    2.1532 0.1071 0
  2.1643 4 - 2
    0.718 0.4445 3
    1.3952 0.5555 1
  2.3508 4 + 3
    0.9944 0.10361 2
    1.5817 0.378238 1
    2.3508 0.518152 0
  2.4717 4 - 2
    1.0254 0.0628 3
    1.7026 0.9372 1
  2.492 12 - 2
    0.507 0.5 5
    0.6881 0.5 4
  2.5872 10 - 2
    1.8181 0.8547 1
    2.5872 0.1453 0
  2.6534 10 - 1
    0.8495 1 4
  2.8209 8 - 2
    0.8015 0.1667 7
    1.3746 0.8333 3
  2.836 6 - 1
    1.0321 1 4
  2.8753 14 + 2
    1.429 0.047619 3
    2.1062 0.952381 1
  3.0361 2 - 1
    1.2322 1 4
  3.0866 0 + 2
    0.9223 0.2 12
    1.6403 0.8 3
  3.1149 6 - 2
    1.6686 0.065419 3
    2.3458 0.934581 1
  3.1725 8 + 2
    1.1063 0.5 9
    1.3686 0.5 4
  3.1787 2 - 1
    1.1125 1 9
  3.286 10 + 1
    2.5169 1 1
  3.5953 6 - 1
    0.7593 1 19
  3.6278 12 + 5
    0.0325 0.2 27
    0.4491 0.2 25
    0.4553 0.2 24
    0.5917 0.2 21
    1.1358 0.2 15
  3.8461 8 - 2
    0.81 0.5 21
    1.1927 0.5 17
  4.0545 4 + 2
    2.6082 0.5 3
    3.2854 0.5 1
  4.1758 2 - 2
    0.3297 0.5 29
    0.548 0.5 28
  4.4825 6 + 3
    3.0362 0.1988 3
    3.7134 0.1988 1
    4.4825 0.6024 0
  4.5114 16 - 1
    3.7423 1 1
  4.9803 4 + 1
    0.8045 1 31
  5.0114 0 - 1
    3.5651 1 3
  5.0788 8 + 2
    3.6325 0.3333 3
    5.0788 0.6667 0

36 93 13
  0 1 + 0
  0.11745 3 + 1
    0.11745 1 0
  0.35485 7 + 1
    0.2374 1 1
  0.35946 5 + 2
    0.24201 0.942909 1
    0.35946 0.057091 0
  0.7101 9 + 3
    0.35064 0.10469 3
    0.59265 0.313969 1
    0.7101 0.581342 0
  0.8054 11 + 2
    0.44594 0.5618 3
    0.68795 0.4382 1
  0.9833 11 + 1
    0.62845 1 2
  1.029 5 + 1
    0.66954 1 3
  1.3259 3 + 1
    0.96644 1 3
  1.3371 7 - 1
    0.97764 1 3
  1.517 15 + 1
    0.5337 1 6
  2.4018 19 + 1
    0.8848 1 10
  3.1999 23 + 1
    0.7981 1 11

36 94 4
  0 0 + 0
  0.6655 4 + 1
    0.6655 1 0
  1.5187 8 + 1
    0.8532 1 1
  2.52 6 + 1
    1.0013 1 2

36 95 3
  0 1 + 0
  0.1138 3 + 1
    0.1138 1 0
  0.1955 7 + 1
    0.0817 1 1

36 96 1
  0 0 + 0

36 97 1
  0 3 + 0

36 98 1
  0 0 + 0

36 99 1
  0 5 - 0

36 100 1
  0 0 + 0

36 101 1
  0 1 + 0

