3 4 4
  0 4 - 0
  0.32 2 - 1
    0.32 1 0
  2.08 0 - 1
    2.08 1 0
  2.85 2 - 1
    2.53 1 1

3 5 1
  0 3 - 0

3 6 14
  0 2 + 0
  2.186 6 + 1
    2.186 1 0
  3.56288 0 + 1
    3.56288 1 0
  4.312 4 + 1
    4.312 1 0
  5.366 4 + 1
    5.366 1 0
  5.65 2 + 2
    3.464 0.5 1
    5.65 0.5 0
  15.8 6 + 2
    13.614 0.5 1
    15.8 0.5 0
  17.985 4 - 2
    15.799 0.5 1
    17.985 0.5 0
  21.5 0 - 2
    15.85 0.5 5
    21.5 0.5 0
  23 8 + 2
    17.634 0.5 4
    18.688 0.5 3
  24.779 6 - 2
    19.413 0.5 4
    20.467 0.5 3
  24.89 8 - 2
    9.09 0.5 6
    22.704 0.5 1
  26.59 4 - 2
    24.404 0.5 1
    26.59 0.5 0
  31 6 + 2
    28.814 0.5 1
    31 0.5 0

3 7 10
  0 3 - 0
  0.477612 1 - 1
    0.477612 1 0
  4.63 7 - 1
    4.63 1 0
  6.68 5 - 1
    6.20239 1 1
  7.4595 5 - 2
    0.7795 0.5 3
    6.98189 0.5 1
  9.67 7 - 2
    5.04 0.5 2
    9.67 0.5 0
  9.85 3 - 2
    5.22 0.5 2
    9.85 0.5 0
  11.24 3 - 2
    6.61 0.5 2
    11.24 0.5 0
  13.7 1 - 2
    7.02 0.5 3
    13.2224 0.5 1
  14.7 1 + 2
    4.85 0.5 6
    14.7 0.5 0

3 8 11
  0 4 + 0
  0.9808 2 + 1
    0.9808 1 0
  2.255 6 + 1
    2.255 1 0
  3.21 2 + 2
    0.955 0.5 2
    2.2292 0.5 1
  5.4 2 + 2
    3.145 0.5 2
    4.4192 0.5 1
  6.1 6 + 2
    3.845 0.5 2
    5.1192 0.5 1
  6.53 8 + 1
    6.53 1 0
  7.1 0 + 1
    7.1 1 0
  9 4 + 2
    2.47 0.5 6
    9 0.5 0
  9.67 2 + 2
    7.415 0.5 2
    8.6892 0.5 1
  10.8222 0 + 2
    3.7222 0.5 7
    10.8222 0.5 0

3 9 8
  0 3 - 0
  2.691 1 - 1
    2.691 1 0
  4.301 5 - 1
    1.61 1 1
  5.38 7 - 1
    5.38 1 0
  6.43 1 - 2
    2.129 0.5 2
    3.739 0.5 1
  16 3 - 2
    10.62 0.5 3
    16 0.5 0
  17.1 9 - 1
    12.799 1 2
  18.9 1 - 2
    14.599 0.5 2
    16.209 0.5 1

3 10 12
  0 0 + 0
  0.21 2 + 1
    0.21 1 0
  0.47 4 + 1
    0.47 1 0
  0.67 4 - 1
    0.46 1 1
  1.37 6 - 1
    0.9 1 2
  1.6 2 - 2
    1.13 0.5 2
    1.6 0.5 0
  2.33 8 - 1
    1.66 1 3
  2.82 2 - 2
    2.35 0.5 2
    2.82 0.5 0
  4.16 0 - 2
    3.49 0.5 3
    3.95 0.5 1
  4.6 4 + 2
    4.13 0.5 2
    4.6 0.5 0
  5.2 2 + 2
    4.53 0.5 3
    4.99 0.5 1
  5.7 0 + 2
    5.23 0.5 2
    5.7 0.5 0

3 11 1
  0 3 - 0

