103 252 4
  0 2 - 0
  0.046 0 - 1
    0.046 1 0
  0.108 6 - 1
    0.108 1 0
  0.233 8 - 1
    0.233 1 0

103 253 3
  0 7 - 0
  0.1 1 - 1
    0.1 1 0
  0.107 9 - 1
    0.107 1 0

103 254 6
  0 2 + 0
  0.1 0 + 1
    0.1 1 0
  0.205 6 + 1
    0.205 1 0
  0.24 8 + 1
    0.24 1 0
  0.325 4 + 2
    0.085 0.5 3
    0.225 0.5 1
  0.396 10 + 1
    0.191 1 2

103 255 1
  0 7 - 0

103 256 4
  0 6 - 0
  0.108 0 - 1
    0.108 1 0
  0.154 8 - 1
    0.154 1 0
  0.188 4 - 2
    0.034 0.5 2
    0.08 0.5 1

103 257 2
  0 7 - 0
  0.15 1 - 1
    0.15 1 0

103 258 1
  0 4 - 0

103 259 1
  0 13 + 0

103 260 1
  0 2 - 0

103 261 1
  0 13 + 0

103 262 1
  0 2 - 0

