71 150 2
  0 4 + 0
  0.034 0 + 1
    0.034 1 0

71 151 11
  0 11 - 0
  0.078 3 + 1
    0.078 1 0
  0.6123 15 - 1
    0.6123 1 0
  1.4749 19 - 1
    0.8626 1 2
  2.4269 23 - 1
    0.952 1 3
  2.4546 5 - 1
    2.3766 1 1
  2.8566 27 - 2
    0.402 0.4724 5
    0.4297 0.5276 4
  3.07 27 - 1
    0.6431 1 4
  3.3929 31 - 1
    0.3229 1 7
  3.6961 31 - 1
    0.8395 1 6
  3.9984 35 - 1
    0.3023 1 9

71 152 1
  0 2 + 0

71 153 10
  0 11 - 0
  0.08 1 + 1
    0.08 1 0
  1.4321 15 - 1
    1.4321 1 0
  1.6062 15 + 2
    0.1741 0.964371 2
    1.6062 0.035629 0
  1.8227 19 + 1
    0.2165 1 3
  2.147 19 - 2
    0.3243 0.2265 4
    0.7149 0.7735 2
  2.2116 23 + 1
    0.3889 1 4
  2.4816 21 - 2
    0.27 0.5266 6
    0.6589 0.4734 4
  2.5025 23 - 2
    0.2909 0.1203 6
    0.3555 0.8797 5
  2.6329 27 - 1
    0.1304 1 8

71 154 2
  0 4 - 0
  0.1 18 + 1
    0.1 1 0

71 155 15
  0 11 - 0
  0.02 1 + 1
    0.02 1 0
  0.807 15 - 1
    0.807 1 0
  1.493 19 - 1
    0.686 1 2
  1.781 25 - 1
    1.781 1 0
  2.03 23 - 1
    0.537 1 3
  2.3 27 - 1
    0.519 1 4
  2.96 29 + 1
    0.66 1 6
  3.171 31 + 1
    0.211 1 7
  3.525 5 + 1
    0.354 1 8
  3.867 7 + 1
    0.342 1 9
  3.968 3 + 1
    0.797 1 8
  4.075 9 + 1
    0.55 1 9
  4.35 5 - 1
    0.382 1 11
  4.528 7 + 1
    0.56 1 11

71 156 1
  0 4 - 0

71 157 2
  0 1 + 0
  0.026 11 - 1
    0.026 1 0

71 158 1
  0 2 + 0

71 159 1
  0 5 + 0

71 160 2
  0 2 - 0
  0.1 0 - 1
    0.1 1 0

71 161 1
  0 1 + 0

71 162 10
  0 2 - 0
  0.005 0 - 1
    0.005 1 0
  0.0792 6 - 1
    0.0792 1 0
  0.1 8 - 1
    0.1 1 0
  0.17389 4 - 1
    0.17389 1 0
  0.19634 10 - 4
    0.02245 0.081301 4
    0.11714 0.02439 2
    0.19134 0.081301 1
    0.19634 0.813008 0
  0.2 12 - 1
    0.1 1 3
  0.45334 14 - 2
    0.257 0.5714 5
    0.45334 0.4286 0
  0.5528 6 - 1
    0.35646 1 5
  0.60647 4 + 2
    0.41013 0.914082 5
    0.60147 0.085918 1

71 163 262
  0 1 + 0
  0.01684 3 + 1
    0.01684 1 0
  0.06222 5 + 1
    0.04538 1 1
  0.12436 7 + 1
    0.06214 1 2
  0.19087 5 + 2
    0.17403 0.3609 1
    0.19087 0.6391 0
  0.19531 7 - 2
    0.07095 0.8685 3
    0.13309 0.1315 2
  0.2101 9 - 1
    0.08574 1 3
  0.2245 7 + 1
    0.16228 1 2
  0.25009 7 + 2
    0.18787 0.3958 2
    0.23325 0.6042 1
  0.2802 3 + 1
    0.08489 1 5
  0.2955 11 - 1
    0.0854 1 6
  0.3105 9 + 2
    0.18614 0.96401 3
    0.24828 0.03599 2
  0.4142 9 + 2
    0.1897 0.7476 7
    0.35198 0.2524 2
  0.4921 13 - 2
    0.1966 0.7851 10
    0.282 0.2149 6
  0.5205 11 + 4
    0.1063 0.263016 12
    0.21 0.324019 11
    0.296 0.018141 7
    0.39614 0.394824 3
  0.570895 9 + 3
    0.320805 0.391961 8
    0.346395 0.119888 7
    0.380025 0.488151 4
  0.62094 11 + 3
    0.20674 0.036671 12
    0.37085 0.585418 8
    0.39644 0.377911 7
  0.6422 11 + 2
    0.228 0.4712 12
    0.4177 0.5288 7
  0.6447 15 - 2
    0.1526 0.5262 13
    0.3492 0.4738 10
  0.6914 5 - 1
    0.49609 1 5
  0.7156 3 - 1
    0.52029 1 5
  0.7306 1 - 1
    0.53529 1 5
  0.7548 13 + 2
    0.2343 0.3265 14
    0.4443 0.6735 11
  0.8752 13 + 2
    0.233 0.5454 17
    0.461 0.4546 12
  0.8836 5 - 1
    0.68829 1 5
  0.9374 17 - 2
    0.2927 0.5817 18
    0.4453 0.4183 13
  0.96786 13 + 2
    0.34692 0.2589 16
    0.396965 0.7411 15
  1.0082 15 + 2
    0.2534 0.2513 22
    0.4877 0.7487 14
  1.10691 15 + 1
    0.48597 1 16
  1.1154 19 - 2
    0.178 0.2866 25
    0.4707 0.7134 18
  1.1524 15 + 2
    0.2772 0.5241 23
    0.5102 0.4759 17
  1.2825 17 + 2
    0.2743 0.2258 27
    0.5277 0.7742 22
  1.286 13 + 1
    0.9905 1 10
  1.417 17 + 2
    0.2646 0.2491 30
    0.5418 0.7509 23
  1.4858 21 - 2
    0.3704 0.476 29
    0.5484 0.524 25
  1.50171 17 + 2
    0.3948 0.3658 28
    0.53385 0.6342 26
  1.5621 19 + 2
    0.2796 0.2365 31
    0.5539 0.7635 27
  1.6699 19 + 1
    0.56299 1 28
  1.6774 23 - 2
    0.1916 0.1756 34
    0.562 0.8244 29
  1.7301 19 + 2
    0.3131 0.3345 33
    0.5777 0.6655 30
  1.7399 13 + 1
    0.4539 1 32
  1.8677 21 + 2
    0.3056 0.2307 36
    0.5852 0.7693 31
  1.9365 17 + 2
    0.1966 0.955719 40
    1.2918 0.044281 18
  2.009 21 + 2
    0.592 0.7014 33
    0.8936 0.2986 29
  2.0206 21 + 2
    0.2905 0.086137 39
    0.6036 0.913863 33
  2.0876 21 + 1
    0.58589 1 35
  2.1044 25 - 2
    0.427 0.5064 38
    0.6186 0.4936 34
  2.1398 23 + 3
    0.2721 0.139 41
    0.5777 0.7483 36
    0.654 0.1127 34
  2.1996 21 + 3
    0.2631 0.5901 42
    0.5297 0.1592 37
    0.69789 0.2507 35
  2.2284 23 + 2
    0.6663 0.5571 36
    0.7426 0.4429 34
  2.2767 23 + 1
    0.6068 1 37
  2.3076 27 - 2
    0.2032 0.1667 46
    0.6302 0.8333 38
  2.3397 23 + 2
    0.3191 0.3623 44
    0.6096 0.6377 39
  2.4005 25 + 6
    0.1721 0.116303 49
    0.2607 0.394612 47
    0.3799 0.101203 44
    0.3915 0.039371 43
    0.5328 0.169005 41
    0.7231 0.179505 38
  2.4108 21 + 1
    0.6807 1 39
  2.4371 23 + 2
    0.707 0.6187 39
    0.9513 0.3813 34
  2.4886 25 + 2
    0.4796 0.074772 43
    0.6209 0.925228 41
  2.5145 25 + 3
    0.3149 0.7871 48
    0.4269 0.1746 45
    0.5055 0.0383 43
  2.5408 25 + 4
    0.1037 0.3483 55
    0.13 0.2296 54
    0.1403 0.275 53
    0.8634 0.1471 38
  2.6146 27 + 4
    0.2141 0.594088 53
    0.3862 0.049619 49
    0.4748 0.244295 47
    0.5102 0.111998 46
  2.6811 27 + 4
    0.1403 0.762962 58
    0.244 0.114994 55
    0.2806 0.066397 53
    0.5413 0.055647 47
  2.6857 27 + 2
    0.5459 0.886 47
    0.5813 0.114 46
  2.7483 29 - 2
    0.4407 0.4208 51
    0.6439 0.5792 46
  2.7735 27 + 1
    0.4968 1 50
  2.8037 29 + 4
    0.118 0.04963 61
    0.1891 0.631194 59
    0.3151 0.03778 56
    0.4032 0.281397 53
  2.8554 29 - 1
    0.751 1 46
  2.8612 29 + 3
    0.1801 0.74707 60
    0.2466 0.057838 59
    0.3204 0.195092 58
  2.9008 29 + 1
    0.3863 1 57
  2.925 31 - 2
    0.1767 0.1961 62
    0.6174 0.8039 51
  3.0041 31 + 3
    0.2004 0.755781 64
    0.3184 0.008425 61
    0.3895 0.235794 59
  3.0215 31 - 2
    0.1661 0.1205 65
    0.7139 0.8795 51
  3.0784 31 + 3
    0.2172 0.5298 66
    0.3049 0.112 63
    0.3973 0.3582 60
  3.10135 27 + 1
    0.58685 1 57
  3.1234 33 - 4
    0.1019 0.133703 70
    0.1984 0.717014 68
    0.268 0.051561 65
    0.3751 0.097722 62
  3.1307 31 + 1
    0.3572 1 63
  3.2452 33 + 2
    0.2411 0.5598 69
    0.4415 0.4402 64
  3.3208 35 - 3
    0.1974 0.877088 73
    0.2993 0.004914 70
    0.3958 0.117998 68
  3.3239 33 + 2
    0.2455 0.6083 71
    0.4627 0.3917 66
  3.3511 33 + 1
    0.4503 1 67
  3.4188 33 - 3
    0.3973 0.4445 70
    0.5634 0.158 65
    0.6705 0.3975 62
  3.4838 35 + 2
    0.2386 0.4764 75
    0.4797 0.5236 69
  3.4866 31 + 2
    0.38525 0.4125 72
    0.5858 0.5875 67
  3.5519 37 - 2
    0.2311 0.826 76
    0.4285 0.174 73
  3.5721 35 + 3
    0.2482 0.2298 77
    0.4414 0.2808 74
    0.4937 0.4894 71
  3.6358 35 + 3
    0.3119 0.432 77
    0.5051 0.2542 74
    0.5574 0.3138 71
  3.6678 35 - 3
    0.249 0.1893 79
    0.6463 0.5922 70
    0.7428 0.2185 68
  3.7899 37 + 2
    0.3061 0.5693 80
    0.5447 0.4307 75
  3.8227 39 - 2
    0.2708 0.7469 82
    0.5019 0.2531 76
  3.8636 33 + 2
    0.377 0.2647 81
    0.9628 0.7353 67
  3.8664 37 + 1
    0.5153 1 78
  3.8926 37 + 2
    0.3205 0.7342 83
    0.5687 0.2658 77
  3.9583 35 + 2
    0.4717 0.5486 81
    0.6072 0.4514 78
  3.996 37 - 2
    0.3282 0.5609 85
    0.5772 0.4391 79
  4.0683 39 + 2
    0.2784 0.4345 86
    0.5845 0.5655 80
  4.1039 41 - 2
    0.2812 0.669 87
    0.552 0.331 82
  4.1508 39 + 2
    0.2582 0.1207 90
    0.5787 0.8793 83
  4.2538 39 - 2
    0.2578 0.3984 92
    0.586 0.6016 85
  4.2556 39 + 3
    0.363 0.3717 90
    0.6198 0.4248 84
    0.6835 0.2035 83
  4.3093 37 - 2
    0.7574 0.917991 82
    0.9885 0.082009 76
  4.3692 37 + 3
    0.4109 0.1068 91
    0.5056 0.5314 88
    1.0181 0.3618 78
  4.4059 41 + 2
    0.3376 0.3929 93
    0.616 0.6071 86
  4.4314 43 - 2
    0.3275 0.5322 94
    0.6087 0.4678 87
  4.445 41 + 1
    0.5786 1 89
  4.4926 39 + 2
    0.5343 0.6718 91
    0.6262 0.3282 89
  4.5295 41 + 1
    0.6369 1 90
  4.5566 41 - 3
    0.3028 0.40434 96
    0.5606 0.335834 92
    1.0047 0.259826 82
  4.579 39 - 3
    0.2697 0.532111 98
    0.7563 0.398408 87
    1.0271 0.069481 82
  4.7197 43 + 2
    0.3138 0.2861 100
    0.6514 0.7139 93
  4.7607 45 - 2
    0.3293 0.4033 101
    0.6568 0.5967 94
  4.8173 43 + 1
    0.6665 1 95
  4.8312 41 - 3
    0.252201 0.510149 106
    0.521901 0.29537 98
    0.727301 0.194481 94
  4.849 43 - 3
    0.2924 0.3539 105
    0.5952 0.4127 96
    1.0263 0.2334 87
  4.9041 43 + 2
    0.3746 0.5208 104
    0.6485 0.4792 97
  4.9372 41 + 3
    0.444601 0.132213 103
    0.568001 0.663966 99
    1.0708 0.20382 89
  5.0575 45 + 2
    0.3378 0.4013 107
    0.6516 0.5987 100
  5.084 45 + 1
    0.639 1 102
  5.0883 43 + 2
    0.5957 0.7364 103
    0.6433 0.2636 102
  5.1161 43 - 4
    0.284899 0.453095 110
    0.5371 0.348297 106
    0.6847 0.084609 101
    1.0122 0.113999 94
  5.1318 47 - 2
    0.3711 0.5507 108
    0.7004 0.4493 101
  5.1688 45 - 3
    0.3198 0.3377 111
    0.6122 0.3671 105
    1.0649 0.2952 94
  5.2096 45 + 3
    0.3055 0.169 112
    0.3923 0.5242 109
    0.6801 0.3068 104
  5.2434 45 + 1
    0.7139 1 104
  5.3879 47 + 2
    0.3304 0.4187 114
    0.6682 0.5813 107
  5.4195 45 - 3
    0.3034 0.455486 117
    0.588299 0.468786 110
    0.6588 0.075728 108
  5.4962 47 - 3
    0.327401 0.3627 119
    0.647201 0.4799 111
    1.0648 0.1574 101
  5.5051 49 - 2
    0.3733 0.4832 118
    0.7444 0.5168 108
  5.5574 47 + 3
    0.3478 0.2769 120
    0.6533 0.2931 112
    0.7401 0.43 109
  5.5595 47 + 2
    0.6554 0.1456 112
    0.7422 0.8544 109
  5.5642 45 + 3
    0.4759 0.102 116
    0.626999 0.7194 113
    1.1192 0.1786 102
  5.7201 49 + 2
    0.3322 0.3904 122
    0.6626 0.6096 114
  5.7429 47 + 2
    0.6546 0.8043 116
    0.6589 0.1957 115
  5.757 47 - 3
    0.3375 0.418283 123
    0.6409 0.50598 117
    0.9963 0.075737 108
  5.781 49 + 1
    0.697 1 115
  5.8531 49 - 3
    0.356899 0.390019 124
    0.6843 0.544927 119
    1.0924 0.065053 108
  5.8982 49 + 3
    0.338701 0.3298 127
    0.340801 0.2766 126
    0.688601 0.3936 120
  5.9169 51 - 2
    0.4118 0.4926 125
    0.7851 0.5074 118
  6.0061 49 + 3
    0.4466 0.172809 127
    0.7627 0.046852 121
    0.7965 0.780339 120
  6.0653 51 + 2
    0.3452 0.4078 129
    0.6774 0.5922 122
  6.1082 49 - 2
    0.351201 0.3561 131
    0.688701 0.6439 123
  6.2235 51 - 2
    0.3704 0.3794 133
    0.727299 0.6206 124
  6.2465 51 + 3
    0.348299 0.424975 134
    0.687 0.083555 127
    0.6891 0.491471 126
  6.2493 49 + 2
    0.6851 0.8073 128
    1.1653 0.1927 115
  6.3199 47 - 1
    1.2359 1 115
  6.3341 53 - 2
    0.4172 0.4053 135
    0.829 0.5947 125
  6.3559 51 + 1
    0.7964 1 127
  6.4151 53 + 2
    0.349801 0.4186 137
    0.695001 0.5814 129
  6.4542 51 + 2
    0.6732 0.2003 132
    0.7113 0.7997 130
  6.5027 51 - 2
    0.394499 0.3546 138
    0.7457 0.6454 131
  6.5336 53 + 1
    0.7526 1 132
  6.6165 53 + 2
    0.37 0.4436 140
    0.718299 0.5564 134
  6.618 53 - 2
    0.394501 0.3501 139
    0.764901 0.6499 133
  6.7191 53 + 2
    0.3632 0.4378 144
    0.713 0.5622 136
  6.7889 55 + 2
    0.373799 0.319 145
    0.7236 0.681 137
  6.79 55 - 2
    0.4559 0.5128 143
    0.8731 0.4872 135
  6.9074 53 - 2
    0.4047 0.3106 147
    0.799199 0.6894 138
  6.965 51 - 2
    0.6451 0.5021 142
    1.184 0.4979 132
  6.9801 55 + 2
    0.363601 0.4125 149
    0.733601 0.5875 140
  6.9905 53 + 2
    0.7412 0.8007 141
    1.2095 0.1993 132
  7.0354 55 - 2
    0.417399 0.3339 150
    0.8119 0.6661 139
  7.1331 55 + 2
    0.414001 0.3983 151
    0.777201 0.6017 144
  7.1742 57 + 2
    0.385301 0.3466 152
    0.7591 0.6534 145
  7.1791 55 + 1
    0.823201 1 144
  7.2204 55 + 2
    0.6868 0.1308 148
    0.7662 0.8692 146
  7.2469 57 - 2
    0.4569 0.1442 153
    0.9128 0.8558 143
  7.3391 57 + 1
    0.8055 1 148
  7.3512 55 - 2
    0.443801 0.359 154
    0.848501 0.641 147
  7.391 57 + 2
    0.410899 0.421 156
    0.7745 0.579 149
  7.4668 57 - 2
    0.4314 0.2764 158
    0.848799 0.7236 150
  7.507 57 + 2
    0.373899 0.5217 159
    0.7879 0.4783 151
  7.5844 59 + 2
    0.410199 0.353 160
    0.7955 0.647 152
  7.6672 55 - 2
    0.702201 0.6959 155
    1.1336 0.3041 148
  7.7293 59 - 2
    0.4824 0.1277 163
    0.9393 0.8723 153
  7.7853 59 + 2
    0.3943 0.3364 166
    0.805199 0.6636 156
  7.7864 57 + 2
    0.7959 0.8338 157
    1.2528 0.1662 148
  7.8139 57 - 2
    0.462699 0.2336 165
    0.9065 0.7664 154
  7.9034 59 - 2
    0.4366 0.2761 167
    0.868 0.7239 158
  7.9559 59 + 2
    0.4489 0.4576 168
    0.822799 0.5424 159
  8.0111 61 + 2
    0.426701 0.3379 169
    0.8369 0.6621 160
  8.0403 59 + 2
    0.7012 0.1075 164
    0.8199 0.8925 162
  8.0461 59 + 1
    0.867 1 161
  8.1969 61 + 1
    0.8578 1 164
  8.2228 61 - 2
    0.4935 0.1726 171
    0.9759 0.8274 163
  8.2373 61 + 2
    0.452 0.3752 172
    0.8463 0.6248 166
  8.2912 59 - 2
    0.477301 0.2846 174
    0.94 0.7154 165
  8.3798 61 - 1
    0.913 1 167
  8.3872 61 + 1
    0.8802 1 168
  8.4218 59 - 2
    0.7546 0.7702 170
    1.0827 0.2298 164
  8.4594 63 + 2
    0.4483 0.3499 177
    0.875001 0.6501 169
  8.6362 61 + 2
    0.849801 0.8201 173
    1.2971 0.1799 164
  8.6687 63 + 2
    0.4314 0.377 182
    0.8834 0.623 172
  8.7136 63 - 2
    0.4908 0.2731 181
    0.9843 0.7269 171
  8.7903 61 - 2
    0.499099 0.3143 183
    0.9764 0.6857 174
  8.8456 63 - 1
    0.9422 1 175
  8.8557 63 + 1
    0.8998 1 176
  8.9132 63 + 2
    0.7163 0.091555 180
    0.8729 0.908445 178
  8.927 65 + 2
    0.467599 0.3702 187
    0.915899 0.6298 177
  8.9742 63 + 1
    0.928099 1 179
  9.1066 65 + 1
    0.9097 1 180
  9.1542 65 + 2
    0.485501 0.4258 189
    0.916901 0.5742 182
  9.2318 63 - 1
    0.809999 1 186
  9.2528 65 - 2
    0.5392 0.3705 190
    1.03 0.6295 181
  9.2846 63 - 1
    0.993399 1 183
  9.331 65 + 1
    0.9438 1 185
  9.3763 65 - 1
    0.9965 1 184
  9.4087 67 + 2
    0.481701 0.4984 195
    0.9493 0.5016 187
  9.5387 65 + 1
    0.9025 1 188
  9.6255 67 + 2
    0.4713 0.6247 198
    0.956801 0.3753 189
  9.709 67 - 2
    0.456201 0.1741 200
    0.995401 0.8259 190
  9.8053 65 - 1
    1.015 1 191
  9.8162 67 + 1
    0.9605 1 193
  9.8397 67 + 1
    0.926501 1 194
  9.9168 69 + 2
    0.508099 0.1995 204
    0.9898 0.8005 195
  10.0692 69 + 1
    0.962601 1 197
  10.0972 67 - 1
    0.8654 1 199
  10.1385 69 + 2
    0.512999 0.3415 206
    0.984299 0.6585 198
  10.3147 69 - 1
    1.0619 1 200
  10.3339 69 + 1
    1.0029 1 202
  10.4283 71 + 2
    0.5115 0.3416 211
    1.0196 0.6584 204
  10.4945 69 + 1
    0.955799 1 205
  10.6535 71 + 2
    0.515001 0.3415 214
    1.028 0.6585 206
  10.7149 71 - 1
    1.0059 1 207
  10.8199 71 + 1
    0.9802 1 210
  10.8763 69 - 1
    1.071 1 208
  10.9784 73 + 2
    0.550101 0.3401 217
    1.0616 0.6599 211
  11.0177 71 - 1
    0.920501 1 213
  11.0857 73 + 1
    1.0165 1 212
  11.1868 73 + 1
    1.0483 1 214
  11.5037 73 + 1
    1.0092 1 218
  11.5054 75 + 2
    0.527 0.341 223
    1.0771 0.659 217
  11.7299 75 - 1
    1.015 1 220
  11.749 75 + 1
    1.0955 1 219
  11.7814 75 - 1
    1.0665 1 220
  11.8546 75 + 1
    1.0347 1 221
  11.9934 75 - 1
    0.9757 1 224
  12.0981 77 + 1
    1.1197 1 223
  12.1568 77 + 1
    1.0711 1 225
  12.2669 77 + 1
    1.0801 1 226
  12.5667 77 + 1
    1.063 1 227
  12.6272 79 + 1
    1.1218 1 228
  12.745 79 - 1
    1.0151 1 229
  12.8624 79 + 1
    1.1134 1 230
  12.866 79 - 1
    1.0846 1 231
  12.9435 79 + 1
    1.0889 1 232
  13.025 79 - 1
    1.0316 1 233
  13.1983 81 + 1
    1.1002 1 234
  13.283 81 + 1
    1.1262 1 235
  13.6791 81 + 1
    1.1124 1 237
  13.7468 83 + 1
    1.1196 1 238
  13.798 83 - 1
    1.053 1 239
  14.0865 83 + 1
    1.143 1 242
  14.11 83 - 1
    1.085 1 243
  14.4623 85 + 1
    1.1793 1 245
  14.826 85 + 1
    1.1469 1 246
  14.89 87 - 1
    1.092 1 248
  15.284 87 + 1
    1.1975 1 249
  15.689 89 + 1
    1.2267 1 251
  16.024 91 - 1
    1.134 1 253
  16.531 91 + 1
    1.247 1 254
  16.958 93 + 1
    1.269 1 255
  17.204 95 - 1
    1.18 1 256
  18.262 97 + 1
    1.304 1 258
  18.436 99 - 1
    1.232 1 259

71 164 9
  0 2 - 0
  0.0313 0 - 1
    0.0313 1 0
  0.1263 6 - 1
    0.1263 1 0
  0.1533 4 - 2
    0.122 0.6785 1
    0.1533 0.3215 0
  0.1994 8 - 1
    0.0461 1 3
  0.2834 10 - 3
    0.1301 0.574757 3
    0.1571 0.114911 2
    0.2521 0.310331 1
  0.5972 12 - 3
    0.3138 0.895264 5
    0.3978 0.069827 4
    0.4439 0.034909 3
  0.8076 14 - 2
    0.6082 0.5263 4
    0.6543 0.4737 3
  0.8274 6 - 2
    0.628 0.4382 4
    0.6741 0.5618 3

71 165 1
  0 1 + 0

71 166 74
  0 12 - 0
  0.03437 6 - 1
    0.03437 1 0
  0.043 0 - 1
    0.043 1 0
  0.0572 2 - 2
    0.0142 0.5 2
    0.02283 0.5 1
  0.0605 6 + 1
    0.02613 1 1
  0.0835 12 + 1
    0.0835 1 0
  0.1359 2 + 2
    0.0787 0.9355 3
    0.0929 0.0645 2
  0.14479 12 - 1
    0.06129 1 5
  0.1898 14 + 1
    0.04501 1 7
  0.196 10 + 1
    0.1125 1 5
  0.28721 16 - 1
    0.14242 1 7
  0.2905 16 + 1
    0.1007 1 8
  0.30329 4 - 1
    0.1585 1 7
  0.336 10 + 1
    0.14 1 9
  0.3411 18 - 1
    0.19631 1 7
  0.3497 2 - 2
    0.2925 0.5108 3
    0.31533 0.4892 1
  0.3582 16 - 1
    0.1622 1 9
  0.3991 2 + 3
    0.3386 0.1743 4
    0.3419 0.6715 3
    0.3561 0.1542 2
  0.4255 18 + 2
    0.135 0.7355 11
    0.2357 0.2645 8
  0.42658 20 - 1
    0.08548 1 14
  0.4347 2 + 2
    0.2988 0.2775 6
    0.3775 0.7225 3
  0.5052 18 - 1
    0.147 1 16
  0.5391 22 - 1
    0.11252 1 19
  0.5437 2 + 2
    0.4078 0.5371 6
    0.4832 0.4629 4
  0.5874 20 - 1
    0.2292 1 16
  0.5912 20 + 2
    0.1657 0.5926 18
    0.3007 0.4074 11
  0.64321 14 + 1
    0.30721 1 13
  0.69462 24 - 2
    0.15552 0.8307 22
    0.26804 0.1693 19
  0.7862 22 - 2
    0.1988 0.5 24
    0.281 0.5 21
  0.8274 22 + 2
    0.2362 0.5301 25
    0.4019 0.4699 18
  0.8679 26 - 2
    0.17328 0.7601 27
    0.3288 0.2399 22
  0.907 24 - 1
    0.3196 1 24
  0.9616 8 + 1
    0.31839 1 26
  1.0046 24 + 2
    0.1772 0.4407 29
    0.4134 0.5593 25
  1.0835 28 - 2
    0.2156 0.6026 30
    0.38888 0.3974 27
  1.1458 26 - 2
    0.2388 0.5 31
    0.3596 0.5 28
  1.2505 26 + 2
    0.2459 0.5574 33
    0.4231 0.4426 29
  1.3129 30 - 2
    0.2294 0.5186 34
    0.445 0.4814 30
  1.3239 28 - 1
    0.4169 1 31
  1.4334 4 + 1
    0.4718 1 32
  1.512 28 + 2
    0.2615 0.638 36
    0.5074 0.362 33
  1.5748 32 - 2
    0.2619 0.6211 37
    0.4913 0.3789 34
  1.589 30 - 2
    0.2651 0.5 38
    0.4432 0.5 35
  1.7995 30 + 2
    0.2875 0.4793 40
    0.549 0.5207 36
  1.8344 32 - 1
    0.5105 1 38
  1.8569 34 - 2
    0.2821 0.5951 41
    0.544 0.4049 37
  1.9913 6 + 1
    0.5579 1 39
  2.0965 32 + 1
    0.5845 1 40
  2.1119 34 - 2
    0.2775 0.5 44
    0.5229 0.5 42
  2.1522 36 - 2
    0.2953 0.5818 45
    0.5774 0.4182 41
  2.4168 34 + 1
    0.6173 1 43
  2.4306 36 - 1
    0.5962 1 44
  2.4826 38 - 2
    0.3304 0.4507 49
    0.6257 0.5493 45
  2.6157 4 + 1
    0.6244 1 46
  2.7102 38 - 2
    0.2796 0.5 51
    0.5983 0.5 48
  2.7393 36 + 1
    0.6428 1 47
  2.8 40 - 2
    0.3174 0.4474 52
    0.6478 0.5526 49
  3.0697 38 + 1
    0.6529 1 50
  3.0985 40 - 1
    0.6679 1 51
  3.173 42 - 2
    0.373 0.5 56
    0.6904 0.5 52
  3.2857 8 + 1
    0.67 1 53
  3.3759 42 - 1
    0.6657 1 54
  3.4309 40 + 2
    0.3612 0.5 57
    0.6916 0.5 55
  3.4995 44 - 2
    0.3265 0.5 59
    0.6995 0.5 56
  3.7739 42 + 1
    0.7042 1 57
  3.8193 44 - 1
    0.7208 1 58
  3.8925 46 - 1
    0.7195 1 59
  3.9747 6 + 1
    0.689 1 60
  4.1044 46 - 1
    0.7285 1 61
  4.167 44 + 1
    0.7361 1 62
  4.2486 48 - 1
    0.7491 1 63
  4.5209 46 + 1
    0.747 1 64
  4.5918 48 - 1
    0.7725 1 65
  4.6733 50 - 1
    0.7808 1 66

71 167 66
  0 7 + 0
  0.1 1 + 1
    0.1 1 0
  0.14004 9 + 1
    0.14004 1 0
  0.3053 11 + 2
    0.16526 0.6175 2
    0.3053 0.3825 0
  0.31528 7 - 2
    0.17524 0.059872 2
    0.31528 0.940128 0
  0.33183 9 - 1
    0.33183 1 0
  0.4336 11 - 2
    0.10177 0.8637 5
    0.29356 0.1363 2
  0.49418 13 + 2
    0.18888 0.3706 3
    0.35414 0.6294 2
  0.577 13 - 2
    0.1434 0.865 6
    0.24517 0.135 5
  0.70427 15 + 2
    0.21009 0.2908 7
    0.39897 0.7092 3
  0.7443 15 - 2
    0.1673 0.7712 8
    0.3107 0.2288 6
  0.93411 17 + 2
    0.22984 0.1622 9
    0.43993 0.8378 7
  0.9478 17 - 2
    0.2035 0.6865 10
    0.3708 0.3135 8
  1.1595 19 - 2
    0.2117 0.5753 12
    0.4152 0.4247 10
  1.1812 19 + 1
    0.47693 1 9
  1.4116 21 - 2
    0.2521 0.5381 13
    0.4638 0.4619 12
  1.44431 21 + 2
    0.26311 0.1503 14
    0.5102 0.8497 11
  1.656 23 - 2
    0.2444 0.4582 15
    0.4965 0.5418 13
  1.72023 23 + 2
    0.27592 0.1596 16
    0.53903 0.8404 14
  1.9476 25 - 2
    0.2916 0.4088 17
    0.536 0.5912 15
  2.00796 25 + 2
    0.28773 0.1671 18
    0.56365 0.8329 16
  2.2148 27 - 2
    0.2672 0.2748 19
    0.5588 0.7252 17
  2.2994 27 + 2
    0.29144 0.1308 20
    0.57917 0.8692 18
  2.5321 29 - 2
    0.3173 0.4291 21
    0.5845 0.5709 19
  2.58058 29 + 2
    0.28118 0.185 22
    0.57262 0.815 20
  2.8007 31 - 2
    0.2686 0.4715 23
    0.5859 0.5285 21
  2.82318 31 + 2
    0.2426 0.2796 24
    0.52378 0.7204 22
  3.0441 33 + 2
    0.22092 0.2996 26
    0.46352 0.7004 24
  3.0702 33 - 2
    0.2695 0.6414 25
    0.5381 0.3586 23
  3.28548 35 + 2
    0.24138 0.4317 27
    0.4623 0.5683 26
  3.289 35 - 2
    0.2188 0.6038 28
    0.4883 0.3962 25
  3.5234 37 - 2
    0.2344 0.652 30
    0.4532 0.348 28
  3.5324 37 + 1
    0.4883 1 27
  3.7743 39 - 2
    0.2509 0.5752 31
    0.4853 0.4248 30
  3.81298 39 + 2
    0.28058 0.2151 32
    0.5275 0.7849 29
  4.046 41 - 2
    0.2717 0.5476 33
    0.5226 0.4524 31
  4.0964 41 + 2
    0.28342 0.2183 34
    0.564 0.7817 32
  4.3396 43 - 2
    0.2936 0.5045 35
    0.5653 0.4955 33
  4.4175 43 + 1
    0.60452 1 34
  4.6562 45 - 2
    0.3166 0.4254 37
    0.6102 0.5746 35
  4.7355 45 + 1
    0.6391 1 36
  4.9862 47 - 2
    0.33 0.461 39
    0.6466 0.539 37
  5.0935 47 + 1
    0.676 1 38
  5.3491 49 - 2
    0.362901 0.3631 41
    0.692901 0.6369 39
  5.4431 49 + 1
    0.7076 1 40
  5.7055 51 - 2
    0.356399 0.3413 43
    0.7193 0.6587 41
  5.8338 51 + 1
    0.7403 1 42
  6.1168 53 - 2
    0.4113 0.2548 45
    0.767699 0.7452 43
  6.2133 53 + 1
    0.7702 1 44
  6.4903 55 - 2
    0.3735 0.2587 47
    0.7848 0.7413 45
  6.6315 55 + 1
    0.7977 1 46
  6.9522 57 - 2
    0.4619 0.2574 49
    0.8354 0.7426 47
  7.0363 57 + 1
    0.823 1 48
  7.3336 59 - 2
    0.381401 0.264 51
    0.843301 0.736 49
  7.471 59 + 1
    0.8395 1 50
  7.8541 61 - 1
    0.901901 1 51
  7.8761 61 + 1
    0.839801 1 52
  8.2329 63 - 1
    0.8993 1 53
  8.3416 63 + 1
    0.8706 1 54
  8.3825 63 + 1
    0.911501 1 54
  8.7471 65 + 1
    0.870999 1 56
  9.1879 67 - 1
    0.955 1 57
  9.2661 67 + 1
    0.9245 1 58
  9.3741 67 + 1
    0.991599 1 59
  10.1959 71 - 1
    1.008 1 61
  10.2451 71 + 1
    0.979 1 62

71 168 40
  0 12 - 0
  0.20281 6 + 1
    0.20281 1 0
  0.211 2 + 1
    0.00819 1 1
  0.2182 0 + 2
    0.0072 0.5 2
    0.01539 0.5 1
  0.23889 6 + 1
    0.02789 1 2
  0.24085 6 + 2
    0.02985 0.978149 2
    0.03804 0.021851 1
  0.25785 4 + 2
    0.017 0.3453 5
    0.05504 0.6547 1
  0.26012 4 - 1
    0.05731 1 1
  0.27352 2 - 1
    0.0134 1 7
  0.30371 0 - 3
    0.04359 0.5557 7
    0.08551 0.2116 3
    0.09271 0.2327 2
  0.320056 4 - 3
    0.062206 0.131094 6
    0.079206 0.007546 5
    0.117246 0.86136 1
  0.35011 4 + 4
    0.0464 0.963154 9
    0.11122 0.015279 4
    0.13191 0.011579 3
    0.13911 0.009988 2
  0.35484 4 - 4
    0.05113 0.796308 9
    0.11595 0.01593 4
    0.13664 0.093711 3
    0.14384 0.094051 2
  0.36061 0 - 3
    0.0569 0.385661 9
    0.14241 0.320468 3
    0.14961 0.293871 2
  0.3634 2 + 3
    0.10555 0.1522 6
    0.12255 0.6325 5
    0.16059 0.2153 1
  0.37048 4 + 2
    0.15228 0.6659 3
    0.15948 0.3341 2
  0.37674 4 + 1
    0.07303 1 9
  0.39344 8 + 3
    0.08973 0.993172 9
    0.11992 0.005994 8
    0.15455 0.000834 4
  0.39518 4 - 2
    0.075124 0.933509 10
    0.09147 0.066491 9
  0.4175 4 + 7
    0.097444 0.704692 10
    0.11379 0.005364 9
    0.15738 0.103199 7
    0.15965 0.101099 6
    0.1993 0.01904 3
    0.2065 0.061189 2
    0.21469 0.005418 1
  0.42633 2 + 2
    0.20813 0.4528 3
    0.22352 0.5472 1
  0.42815 2 + 4
    0.06475 0.570511 14
    0.108094 0.089382 10
    0.21715 0.210104 2
    0.22534 0.130003 1
  0.43129 0 - 5
    0.06789 0.04299 14
    0.17117 0.082599 7
    0.1924 0.827892 4
    0.21309 0.03399 3
    0.22029 0.01253 2
  0.44178 2 + 5
    0.02428 0.738753 19
    0.08694 0.019389 12
    0.13807 0.003934 9
    0.18166 0.071335 7
    0.18393 0.166589 6
  0.4801 4 + 1
    0.27729 1 1
  0.58432 2 + 1
    0.3242 1 7
  0.58559 0 - 1
    0.23075 1 12
  0.595 2 - 2
    0.23439 0.3628 13
    0.24016 0.6372 12
  0.60515 6 - 1
    0.34503 1 7
  0.7195 2 - 1
    0.34902 1 15
  0.78029 8 - 1
    0.17514 1 28
  0.79464 2 + 18
    0.01435 0.999959 30
    0.18949 4e-06 28
    0.21032 1e-06 25
    0.35286 1e-06 23
    0.36335 3e-06 22
    0.36831 1e-06 20
    0.37714 2e-06 19
    0.4012 2e-06 17
    0.4179 4e-06 16
    0.42416 1e-06 15
    0.43403 6e-06 13
    0.4398 2e-06 12
    0.44453 3e-06 11
    0.474584 1e-06 10
    0.49093 5e-06 9
    0.53452 3e-06 7
    0.53679 1e-06 6
    0.57644 1e-06 3
  1.04475 10 - 1
    0.724694 1 10
  1.1727 8 - 2
    0.39241 0.6173 30
    0.91258 0.3827 7
  1.17582 10 - 1
    0.87211 1 9
  1.22059 8 - 1
    0.74049 1 24
  1.24123 6 + 1
    0.93752 1 9
  1.30793 10 - 4
    0.86615 0.266473 23
    0.987874 0.313469 10
    1.00422 0.20378 9
    1.04781 0.216278 7
  1.33149 6 + 2
    0.74717 0.2754 25
    1.07137 0.7246 7
  1.3493 8 - 2
    0.76498 0.2 25
    1.09145 0.8 6

71 169 102
  0 7 + 0
  0.029 1 - 1
    0.029 1 0
  0.0431 5 - 1
    0.0141 1 1
  0.0974 1 + 1
    0.0684 1 1
  0.1138 3 + 3
    0.0164 0.333333 3
    0.0707 0.333333 2
    0.0848 0.333333 1
  0.12345 9 + 1
    0.12345 1 0
  0.1408 9 - 1
    0.0977 1 2
  0.1575 3 - 1
    0.1144 1 2
  0.1858 5 + 1
    0.072 1 4
  0.2251 5 + 2
    0.1113 0.5 4
    0.182 0.5 2
  0.2606 7 + 2
    0.1468 0.964961 4
    0.2175 0.035039 2
  0.2706 11 + 2
    0.14715 0.6339 5
    0.2706 0.3661 0
  0.2881 7 + 1
    0.1023 1 8
  0.3284 7 - 3
    0.1709 0.333333 7
    0.1876 0.333333 6
    0.2853 0.333333 2
  0.3304 13 - 1
    0.1896 1 6
  0.4143 9 + 3
    0.1262 0.840642 12
    0.1537 0.078324 10
    0.2285 0.081034 8
  0.43909 9 - 2
    0.31564 0.7023 5
    0.43909 0.2977 0
  0.444345 13 + 2
    0.173745 0.4966 11
    0.320895 0.5034 5
  0.449 9 + 3
    0.1884 0.4909 10
    0.2239 0.4006 9
    0.2632 0.1085 8
  0.49288 7 - 2
    0.36943 0.1045 5
    0.49288 0.8955 0
  0.5084 11 + 2
    0.0941 0.094118 15
    0.2478 0.905882 10
  0.54608 11 - 1
    0.42263 1 5
  0.5684 11 + 2
    0.1541 0.8422 15
    0.2803 0.1578 12
  0.5761 11 - 2
    0.2457 0.461 14
    0.4353 0.539 6
  0.6108 17 - 1
    0.2804 1 14
  0.62889 15 + 2
    0.184545 0.3925 17
    0.35829 0.6075 11
  0.68331 13 - 3
    0.13723 0.681427 21
    0.238965 0.220509 17
    0.41271 0.098064 11
  0.7331 13 + 4
    0.1647 0.637076 22
    0.2247 0.124415 20
    0.2841 0.043585 18
    0.3188 0.194923 15
  0.7631 13 + 3
    0.2547 0.3095 20
    0.3141 0.5292 18
    0.3488 0.1613 15
  0.83638 17 + 2
    0.20749 0.3305 25
    0.392035 0.6695 17
  0.8422 15 + 2
    0.3338 0.926728 20
    0.5118 0.073272 14
  0.84467 15 - 3
    0.16136 0.766592 26
    0.29859 0.138999 21
    0.400325 0.094409 17
  0.8962 15 - 1
    0.3201 1 23
  0.9373 15 + 2
    0.2042 0.6031 27
    0.3689 0.3969 22
  0.9776 21 - 1
    0.3668 1 24
  1.03158 17 - 3
    0.18691 0.717107 31
    0.34827 0.201702 26
    0.40269 0.081191 25
  1.0604 19 + 2
    0.22402 0.2643 29
    0.43151 0.7357 25
  1.1165 17 + 4
    0.1792 0.2388 33
    0.2743 0.1845 30
    0.3534 0.1537 28
    0.3834 0.423 27
  1.1513 17 + 1
    0.3882 1 28
  1.235 19 - 3
    0.20342 0.680541 35
    0.39033 0.289817 31
    0.39862 0.029642 29
  1.244 19 + 2
    0.4018 0.8373 30
    0.6332 0.1627 24
  1.2886 19 - 3
    0.311 0.333333 34
    0.3924 0.333333 32
    0.6778 0.333333 24
  1.2985 21 + 2
    0.2381 0.2198 36
    0.46212 0.7802 29
  1.4232 25 - 1
    0.4456 1 34
  1.462 21 - 2
    0.227 0.642 39
    0.43042 0.358 35
  1.5493 23 + 2
    0.2508 0.1981 42
    0.4889 0.8019 36
  1.5504 21 + 2
    0.3064 0.2463 40
    0.4339 0.7537 37
  1.6972 23 - 2
    0.2352 0.6121 44
    0.4622 0.3879 39
  1.6982 23 + 2
    0.4542 0.8466 40
    0.7206 0.1534 34
  1.7472 23 - 1
    0.4586 1 41
  1.8102 25 + 2
    0.2609 0.202 45
    0.5117 0.798 42
  1.9358 29 - 1
    0.5126 1 43
  1.9559 25 - 2
    0.2587 0.5482 47
    0.4939 0.4518 44
  2.0273 25 + 2
    0.3291 0.1654 48
    0.4769 0.8346 46
  2.0809 27 + 2
    0.2707 0.1685 50
    0.5316 0.8315 45
  2.1966 27 + 2
    0.4984 0.7663 48
    0.7734 0.2337 43
  2.2149 27 - 2
    0.259 0.5134 52
    0.5177 0.4866 47
  2.2595 27 - 2
    0.3237 0.5 51
    0.5123 0.5 49
  2.3575 29 + 2
    0.2766 0.1663 54
    0.5473 0.8337 50
  2.4958 29 - 2
    0.2809 0.485 56
    0.5399 0.515 52
  2.5058 33 - 1
    0.57 1 51
  2.5419 29 + 2
    0.3453 0.1185 55
    0.5146 0.8815 53
  2.6444 31 + 2
    0.2869 0.2116 58
    0.5635 0.7884 54
  2.7395 31 + 2
    0.5429 0.7894 55
    0.8037 0.2106 51
  2.7722 31 - 2
    0.2764 0.4872 59
    0.5573 0.5128 56
  2.9313 33 + 2
    0.2869 0.1422 62
    0.5738 0.8578 58
  3.0656 33 - 2
    0.2934 0.547 64
    0.5698 0.453 59
  3.0908 33 + 2
    0.3513 0.1575 63
    0.5489 0.8425 61
  3.1241 37 - 1
    0.6183 1 60
  3.2315 35 + 2
    0.3002 0.1484 65
    0.5871 0.8516 62
  3.3284 35 + 2
    0.5889 0.8632 63
    0.8226 0.1368 60
  3.3524 35 - 2
    0.2868 0.513 66
    0.5802 0.487 64
  3.5285 37 + 2
    0.297 0.1404 69
    0.5972 0.8596 65
  3.6479 37 - 2
    0.2955 0.507 71
    0.5823 0.493 66
  3.6725 37 + 1
    0.5817 1 67
  3.7886 41 - 1
    0.6645 1 68
  3.8438 39 + 1
    0.6123 1 69
  3.9372 39 - 2
    0.2893 0.4855 73
    0.5848 0.5145 71
  3.9631 39 + 2
    0.6347 0.8013 70
    0.839 0.1987 68
  4.1575 41 + 1
    0.629 1 72
  4.2407 41 - 2
    0.3035 0.5543 77
    0.5928 0.4457 73
  4.2926 41 + 1
    0.6201 1 74
  4.4958 43 + 1
    0.652 1 76
  4.5021 45 - 1
    0.7135 1 75
  4.5427 43 - 2
    0.302 0.4515 80
    0.6055 0.5485 77
  4.6433 43 + 2
    0.6802 0.801 78
    0.8547 0.199 75
  4.8368 45 + 1
    0.6793 1 79
  4.8796 45 - 2
    0.336901 0.5227 84
    0.638901 0.4773 80
  4.9626 45 + 1
    0.67 1 81
  5.2038 47 + 1
    0.708 1 82
  5.2367 47 - 2
    0.357099 0.459 87
    0.694 0.541 84
  5.269 49 - 1
    0.7669 1 83
  5.3699 47 + 2
    0.7266 0.8482 85
    0.8678 0.1518 83
  5.5788 49 + 1
    0.742 1 86
  5.6886 49 + 1
    0.726001 1 88
  5.9758 51 + 1
    0.772 1 89
  6.0907 53 - 1
    0.821701 1 91
  6.127 51 + 1
    0.7571 1 92
  6.3828 53 + 1
    0.804 1 93
  6.9027 55 + 1
    0.7757 1 97
  6.9628 57 - 1
    0.872099 1 96
  14.065 1 - 2
    14.0219 0.5 2
    14.036 0.5 1

71 170 97
  0 0 + 0
  0.04451 4 + 1
    0.04451 1 0
  0.09291 8 - 1
    0.0484 1 1
  0.09603 6 - 1
    0.05152 1 1
  0.09853 2 + 2
    0.05402 0.2424 1
    0.09853 0.7576 0
  0.1149 6 + 2
    0.01637 0.658 4
    0.07039 0.342 1
  0.11601 2 + 2
    0.0715 0.526 1
    0.11601 0.474 0
  0.15207 8 + 1
    0.10756 1 1
  0.16473 2 - 2
    0.12022 0.388 1
    0.16473 0.612 0
  0.17002 4 + 2
    0.05512 0.8236 5
    0.07149 0.1764 4
  0.17662 6 + 1
    0.13211 1 1
  0.19839 2 + 4
    0.02837 0.404927 9
    0.09986 0.574238 4
    0.15388 0.007775 1
    0.19839 0.013061 0
  0.20682 10 + 1
    0.09192 1 5
  0.21251 4 - 2
    0.04778 0.97832 8
    0.168 0.02168 1
  0.23767 8 + 1
    0.06105 1 10
  0.24484 2 - 4
    0.03233 0.187017 13
    0.07482 0.036813 9
    0.08011 0.617856 8
    0.14631 0.158314 4
  0.26267 8 + 2
    0.05585 0.5 12
    0.14777 0.5 5
  0.28388 4 - 7
    0.03904 0.125095 15
    0.11386 0.049128 9
    0.11915 0.580677 8
    0.16898 0.143894 5
    0.18535 0.049788 4
    0.18785 0.031909 3
    0.19097 0.019509 2
  0.30416 4 - 1
    0.20813 1 3
  0.31185 10 + 3
    0.07418 0.333333 14
    0.13523 0.333333 10
    0.15978 0.333333 7
  0.31564 6 + 1
    0.13902 1 10
  0.32245 10 + 2
    0.08478 0.5 14
    0.17038 0.5 7
  0.32889 12 + 2
    0.01704 0.5 19
    0.17682 0.5 7
  0.349 2 + 1
    0.349 1 0
  0.37573 14 + 1
    0.16891 1 12
  0.39145 8 + 1
    0.07581 1 20
  0.40749 0 - 6
    0.12361 0.01101 17
    0.16265 0.405516 15
    0.2091 0.081313 11
    0.24276 0.015741 8
    0.29148 0.164607 6
    0.30896 0.321813 4
  0.41162 12 + 2
    0.08917 0.2863 21
    0.17395 0.7137 14
  0.42808 12 + 3
    0.05235 0.333333 24
    0.16541 0.333333 16
    0.22126 0.333333 12
  0.4369 0 + 1
    0.4369 1 0
  0.47026 2 - 6
    0.06277 0.118308 26
    0.18638 0.034252 17
    0.22542 0.370626 15
    0.25775 0.032282 13
    0.42575 0.276319 1
    0.47026 0.168212 0
  0.48629 10 + 2
    0.09484 0.8948 25
    0.17065 0.1052 20
  0.51183 14 + 2
    0.18294 0.909891 22
    0.19998 0.090109 19
  0.52417 14 + 2
    0.11255 0.6814 27
    0.20172 0.3186 21
  0.57995 16 + 2
    0.06812 0.7073 32
    0.25106 0.2927 22
  0.598 12 + 2
    0.11171 0.8183 31
    0.20655 0.1817 25
  0.62142 18 + 1
    0.24569 1 24
  0.65914 16 + 2
    0.13497 0.2005 33
    0.24752 0.7995 27
  0.67036 16 + 2
    0.24228 0.5 28
    0.29463 0.5 24
  0.73394 14 + 2
    0.13594 0.7308 35
    0.24765 0.2692 31
  0.78548 2 + 13
    0.31522 0.002496 30
    0.37799 0.002852 26
    0.48132 0.083909 18
    0.5016 0.084659 17
    0.54064 0.055839 15
    0.57297 0.332396 13
    0.58709 0.006188 11
    0.60886 0.0038 10
    0.61546 0.008726 9
    0.62075 0.410095 8
    0.66947 0.003837 6
    0.74097 0.00421 1
    0.78548 0.000994 0
  0.794045 18 + 2
    0.214095 0.5 34
    0.282215 0.5 32
  0.8017 2 - 3
    0.6868 0.2896 5
    0.75719 0.4306 1
    0.8017 0.2798 0
  0.80948 18 + 2
    0.15034 0.6426 37
    0.28531 0.3574 33
  0.81461 2 - 3
    0.51045 0.4795 18
    0.7701 0.3501 1
    0.81461 0.1704 0
  0.87923 16 + 3
    0.14529 0.333333 39
    0.22009 0.333333 37
    0.28123 0.333333 35
  0.90693 20 + 2
    0.112885 0.5 41
    0.32698 0.5 34
  0.92313 6 - 5
    0.63925 0.112402 17
    0.74651 0.538011 10
    0.80823 0.098042 5
    0.87862 0.181204 1
    0.92313 0.070341 0
  0.94068 22 + 1
    0.31926 1 36
  0.97996 20 + 2
    0.17048 0.1073 43
    0.32082 0.8927 37
  0.98991 20 + 4
    0.18043 0.25 43
    0.31955 0.25 38
    0.33077 0.25 37
    0.36849 0.25 36
  1.0646 18 + 2
    0.18537 0.5 45
    0.33066 0.5 39
  1.13937 22 + 2
    0.23244 0.5 46
    0.345325 0.5 41
  1.17476 22 + 1
    0.36528 1 43
  1.23744 20 + 1
    0.35821 1 45
  1.31053 24 + 2
    0.17116 0.8038 52
    0.4036 0.1962 46
  1.32865 26 + 1
    0.38797 1 48
  1.36973 24 + 3
    0.37982 0.333333 50
    0.38977 0.333333 49
    0.42905 0.333333 48
  1.38599 24 + 2
    0.21123 0.5 53
    0.39608 0.5 50
  1.4732 22 + 1
    0.4086 1 51
  1.56898 26 + 2
    0.25845 0.6148 55
    0.42961 0.3852 52
  1.61887 26 + 1
    0.44411 1 53
  1.67004 24 + 1
    0.4326 1 54
  1.77949 30 + 1
    0.45084 1 56
  1.79217 28 + 2
    0.22319 0.2904 60
    0.48164 0.7096 55
  1.82576 28 + 2
    0.45603 0.5 57
    0.49711 0.5 56
  1.85523 28 + 2
    0.23636 0.5 61
    0.46924 0.5 58
  2.08323 30 + 2
    0.29106 0.5 64
    0.51425 0.5 60
  2.13767 30 + 1
    0.5188 1 61
  2.1682 28 + 1
    0.49816 1 62
  2.28859 34 + 1
    0.5091 1 63
  2.34116 32 + 1
    0.5154 1 65
  2.35316 32 + 2
    0.26993 0.5 67
    0.56099 0.5 64
  2.38883 32 + 1
    0.5336 1 66
  2.68003 34 + 1
    0.5968 1 67
  2.70177 34 + 1
    0.5641 1 68
  2.8538 38 + 1
    0.56521 1 70
  2.918 36 + 1
    0.57684 1 71
  2.96754 36 + 1
    0.57871 1 73
  2.9923 36 + 1
    0.63914 1 72
  3.298 38 + 1
    0.59623 1 75
  3.475 42 + 1
    0.6212 1 76
  3.5493 40 + 1
    0.6313 1 77
  3.5685 40 + 1
    0.60096 1 78
  3.9071 42 + 1
    0.6091 1 80
  4.1536 46 + 1
    0.6786 1 81
  4.2032 44 + 1
    0.6347 1 83
  4.2353 44 + 1
    0.686 1 82
  4.8596 48 + 1
    0.656401 1 86
  4.8905 50 + 1
    0.7369 1 85
  4.9737 48 + 1
    0.738401 1 87
  5.6853 54 + 1
    0.7948 1 89
  5.7725 52 + 1
    0.798799 1 90
  6.5358 58 + 1
    0.8505 1 91
  7.4401 62 + 1
    0.904301 1 93
  8.3751 66 + 1
    0.934999 1 94
  12.855 0 + 2
    12.8105 0.5 1
    12.855 0.5 0

71 171 203
  0 7 + 0
  0.07113 1 - 1
    0.07113 1 0
  0.07301 5 - 1
    0.00188 1 1
  0.122058 9 + 1
    0.122058 1 0
  0.15937 9 - 1
    0.08636 1 2
  0.20644 3 - 2
    0.13343 0.7141 2
    0.13531 0.2859 1
  0.20815 1 + 1
    0.13702 1 1
  0.22071 3 + 2
    0.1477 0.6215 2
    0.14958 0.3785 1
  0.26913 11 + 2
    0.147072 0.6847 3
    0.26913 0.3153 0
  0.29558 5 + 3
    0.07487 0.220211 7
    0.173522 0.008752 3
    0.29558 0.771037 0
  0.3338 5 + 2
    0.11309 0.936953 7
    0.12565 0.063047 6
  0.3366 13 - 1
    0.17723 1 4
  0.36498 7 + 2
    0.14427 0.8673 7
    0.29197 0.1327 2
  0.37945 7 - 3
    0.17301 0.1213 5
    0.22008 0.4713 4
    0.30644 0.4074 2
  0.39472 7 + 2
    0.09914 0.8907 9
    0.39472 0.1093 0
  0.44015 13 + 2
    0.17102 0.4327 8
    0.318092 0.5673 3
  0.46921 9 - 3
    0.20008 0.072246 8
    0.347152 0.59247 3
    0.46921 0.335283 0
  0.51932 9 + 4
    0.1246 0.760508 14
    0.22374 0.053201 9
    0.397262 0.132301 3
    0.51932 0.053991 0
  0.55888 9 + 2
    0.1939 0.6147 12
    0.22508 0.3853 10
  0.59374 11 - 3
    0.12453 0.893964 16
    0.32461 0.076127 8
    0.471682 0.029909 3
  0.60696 17 - 1
    0.27036 1 11
  0.61235 11 + 2
    0.24737 0.8857 12
    0.45298 0.1143 4
  0.62 11 - 3
    0.24055 0.2579 13
    0.2834 0.2895 11
    0.46063 0.4526 4
  0.63406 15 + 2
    0.19391 0.2994 15
    0.36493 0.7006 8
  0.66224 7 - 3
    0.19303 0.084954 16
    0.540182 0.105405 3
    0.66224 0.80964 0
  0.67082 11 + 3
    0.1515 0.680032 17
    0.2761 0.118288 14
    0.40169 0.20168 8
  0.74278 13 - 2
    0.14904 0.947528 19
    0.27357 0.052472 16
  0.7885 9 - 4
    0.12626 0.166017 24
    0.51937 0.10451 8
    0.666442 0.473847 3
    0.7885 0.255626 0
  0.801 3 - 2
    0.59285 0.5 6
    0.59456 0.5 5
  0.8422 13 + 3
    0.17138 0.751853 25
    0.22985 0.019731 21
    0.32288 0.228416 17
  0.84972 17 + 2
    0.21566 0.217 23
    0.40957 0.783 15
  0.87508 13 + 2
    0.26273 0.3964 21
    0.3162 0.6036 18
  0.91009 5 + 4
    0.53064 0.1083 13
    0.57629 0.1637 10
    0.70365 0.5689 5
    0.83708 0.1591 2
  0.91509 15 - 2
    0.17231 0.8032 26
    0.32135 0.1968 19
  0.9337 15 - 3
    0.3137 0.3851 22
    0.32674 0.151 20
    0.5971 0.4639 11
  0.94271 7 + 2
    0.78334 0.3866 4
    0.8697 0.6134 2
  0.95192 15 + 3
    0.07684 0.1294 31
    0.33957 0.7108 21
    0.61532 0.1598 11
  0.968 5 - 2
    0.89687 0.5 1
    0.968 0.5 0
  1.00594 21 - 1
    0.39898 1 20
  1.04298 15 + 2
    0.20078 0.5607 29
    0.37216 0.4393 25
  1.047 3 + 2
    0.97587 0.5 1
    1.047 0.5 0
  1.08588 19 + 2
    0.23616 0.1604 30
    0.45182 0.8396 23
  1.089 5 - 2
    1.01787 0.5 1
    1.089 0.5 0
  1.111 3 - 2
    0.90285 0.5 6
    0.90456 0.5 5
  1.12514 17 - 2
    0.21005 0.7372 33
    0.38236 0.2628 26
  1.139 1 + 2
    0.93085 0.5 6
    0.93256 0.5 5
  1.156 1 + 2
    0.94785 0.5 6
    0.94956 0.5 5
  1.16228 9 + 6
    0.56854 0.064684 19
    0.69307 0.141287 16
    0.72213 0.101391 15
    0.89315 0.146387 8
    1.04022 0.141687 3
    1.16228 0.404564 0
  1.182 9 - 2
    1.10899 0.5 2
    1.182 0.5 0
  1.19383 5 - 6
    0.67451 0.060798 17
    0.72462 0.065768 16
    0.79911 0.085627 14
    0.9247 0.033919 8
    1.07177 0.692279 3
    1.19383 0.061608 0
  1.20442 11 + 3
    0.46164 0.4555 26
    0.61068 0.3405 19
    0.73521 0.204 16
  1.221 7 - 2
    1.01456 0.5 5
    1.09894 0.5 3
  1.24155 15 - 3
    0.39183 0.186 30
    0.60749 0.2287 23
    0.8014 0.5853 15
  1.24805 17 + 4
    0.20507 0.3368 39
    0.29613 0.1673 36
    0.37297 0.121 31
    0.40585 0.3749 29
  1.256 3 - 2
    1.04785 0.5 6
    1.04956 0.5 5
  1.27 13 + 2
    0.82985 0.5 15
    1.14794 0.5 3
  1.27584 17 + 4
    0.23286 0.2165 39
    0.32392 0.1798 36
    0.40076 0.406 31
    0.43364 0.1977 29
  1.32139 19 - 5
    0.19625 0.1311 44
    0.31545 0.1447 38
    0.38769 0.3291 34
    0.4063 0.1802 33
    0.71443 0.2149 20
  1.3255 11 + 7
    0.121085 0.33151 50
    0.654685 0.027791 25
    0.806185 0.017741 17
    0.856295 0.449913 16
    0.885355 0.059002 15
    1.20345 0.070392 3
    1.3255 0.043651 0
  1.32917 19 - 4
    0.20403 0.416 44
    0.39547 0.1888 34
    0.41408 0.2426 33
    0.72221 0.1526 20
  1.34113 21 + 2
    0.25525 0.1377 41
    0.49141 0.8623 30
  1.3542 15 + 2
    0.0842 0.8818 55
    1.0176 0.1182 11
  1.36776 19 + 2
    0.41584 0.6727 36
    0.7608 0.3273 20
  1.38217 5 - 5
    0.18834 0.4898 49
    0.47208 0.06378 32
    1.00272 0.1141 13
    1.01719 0.08392 12
    1.30916 0.2484 2
  1.40035 17 - 2
    0.1588 0.6587 52
    0.76629 0.3413 23
  1.4183 25 - 1
    0.41236 1 38
  1.4557 17 + 2
    0.1015 0.885 61
    0.1857 0.115 55
  1.49983 19 + 2
    0.25178 0.3755 53
    0.45685 0.6245 39
  1.50555 7 - 3
    1.23642 0.2256 8
    1.38349 0.1646 3
    1.50555 0.6098 0
  1.53425 7 + 5
    0.208745 0.104898 58
    0.34042 0.129497 49
    0.59154 0.438991 35
    0.62416 0.266795 32
    1.53425 0.059819 0
  1.5426 19 - 3
    0.14225 0.4447 64
    0.30105 0.3051 52
    0.69288 0.2502 30
  1.546 3 - 2
    1.33785 0.5 6
    1.33956 0.5 5
  1.55812 5 - 2
    1.43606 0.2248 3
    1.55812 0.7752 0
  1.56576 21 - 2
    0.23659 0.4841 59
    0.44062 0.5159 44
  1.569 13 + 2
    1.12885 0.5 15
    1.44694 0.5 3
  1.5779 19 + 3
    0.1222 0.720942 66
    0.2237 0.219282 61
    0.97094 0.059775 20
  1.589 5 - 2
    1.51787 0.5 1
    1.589 0.5 0
  1.60035 3 - 4
    1.08103 0.425517 17
    1.20563 0.302112 14
    1.26655 0.089364 10
    1.30477 0.183007 9
  1.606 7 - 2
    1.39956 0.5 5
    1.48394 0.5 3
  1.6142 23 + 2
    0.27307 0.1163 60
    0.52832 0.8837 41
  1.62094 5 - 8
    0.9587 0.047218 24
    1.06206 0.277789 18
    1.22622 0.091666 14
    1.24149 0.166693 13
    1.28714 0.161094 10
    1.32536 0.069437 9
    1.49888 0.091666 3
    1.62094 0.094436 0
  1.70196 21 + 5
    0.12406 0.115095 75
    0.20213 0.023239 67
    0.3342 0.232591 62
    0.42612 0.105696 56
    0.45391 0.523379 53
  1.7191 21 + 5
    0.1412 0.12491 75
    0.2634 0.089657 66
    0.35134 0.153712 62
    0.44326 0.098478 56
    0.47105 0.533243 53
  1.7219 21 - 2
    0.1793 0.3847 70
    0.32155 0.6153 64
  1.7617 21 + 3
    0.26187 0.382527 67
    0.39394 0.089836 62
    0.48586 0.527637 56
  1.76668 3 - 3
    1.17294 0.1308 19
    1.29747 0.7692 16
    1.76668 0.1 0
  1.77086 7 - 3
    0.445355 0.1024 58
    1.17712 0.1102 19
    1.30165 0.7874 16
  1.78783 23 - 4
    0.36953 0.049496 65
    0.45866 0.072974 59
    0.46644 0.560855 57
    0.78189 0.316675 38
  1.8193 23 - 3
    0.25354 0.4152 73
    0.49013 0.4736 59
    0.49791 0.1112 57
  1.8385 23 + 2
    0.47074 0.5666 62
    0.83256 0.4334 38
  1.84141 5 - 5
    1.3722 0.47851 16
    1.40126 0.119602 15
    1.57228 0.062201 8
    1.71935 0.038281 3
    1.84141 0.301406 0
  1.845 21 - 1
    0.75912 1 41
  1.876 23 + 5
    0.1569 0.228682 82
    0.17404 0.140689 81
    0.2981 0.476162 75
    0.50824 0.095642 62
    0.87006 0.058825 38
  1.9027 25 + 2
    0.2885 0.1303 79
    0.56157 0.8697 60
  1.9197 23 - 2
    0.1978 0.2242 83
    0.3771 0.7758 70
  1.9488 29 - 1
    0.5305 1 65
  2.01832 3 + 7
    1.22982 0.177186 27
    1.35608 0.039367 24
    1.39832 0.062985 22
    1.54911 0.094482 16
    1.74919 0.393669 8
    1.89626 0.196884 3
    2.01832 0.035427 0
  2.02263 5 + 2
    1.7535 0.2366 8
    2.02263 0.7634 0
  2.0292 7 - 1
    0.6109 1 65
  2.0449 25 + 3
    0.1689 0.3242 92
    0.3258 0.3831 82
    0.34294 0.2927 81
  2.0482 23 - 1
    0.70707 1 60
  2.0933 25 - 2
    0.274 0.4749 88
    0.52754 0.5251 73
  2.136 25 - 2
    0.2163 0.1834 94
    0.4141 0.8166 83
  2.1532 3 + 1
    0.7349 1 65
  2.2044 25 + 4
    0.3659 0.185596 89
    0.4427 0.059319 84
    0.4853 0.219996 82
    0.50244 0.535089 81
  2.22665 27 + 2
    0.32395 0.1274 93
    0.61245 0.8726 79
  2.2486 27 + 3
    0.2037 0.2212 99
    0.3726 0.6423 92
    0.6344 0.1365 79
  2.2694 25 - 2
    0.4244 0.3108 91
    0.6552 0.6892 79
  2.3226 27 - 2
    0.53477 0.7417 87
    0.9043 0.2583 65
  2.3466 27 + 2
    0.5081 0.4513 89
    0.9283 0.5487 65
  2.3703 27 - 2
    0.2343 0.1736 102
    0.4506 0.8264 94
  2.3749 27 - 2
    0.2816 0.4442 101
    0.5556 0.5558 88
  2.449 29 + 2
    0.2004 0.1886 106
    0.4041 0.8114 99
  2.5103 27 - 2
    0.4621 0.4865 100
    0.6076 0.5135 93
  2.5159 29 + 2
    0.28925 0.088818 105
    0.6132 0.911182 93
  2.5509 33 - 1
    0.6021 1 95
  2.6223 29 - 2
    0.252 0.1395 110
    0.4863 0.8605 102
  2.6262 27 + 1
    1.2079 1 65
  2.6462 5 + 1
    1.2279 1 65
  2.6764 29 - 2
    0.3015 0.385 111
    0.5831 0.615 101
  2.6965 31 + 2
    0.2475 0.201 112
    0.4479 0.799 106
  2.7247 7 + 1
    0.7759 1 95
  2.7327 29 + 2
    0.3861 0.1909 109
    0.5283 0.8091 104
  2.7677 29 - 1
    0.4983 1 107
  2.8314 31 + 2
    0.3155 0.1214 114
    0.60475 0.8786 105
  2.8541 9 - 1
    1.4358 1 65
  2.8872 31 + 2
    0.5406 0.3933 109
    0.9384 0.6067 95
  2.8918 31 - 1
    0.5215 1 110
  2.9145 31 - 2
    0.5919 0.8202 108
    0.9657 0.1798 95
  2.9268 33 + 2
    0.2303 0.093064 120
    0.4778 0.906936 112
  2.9735 31 - 2
    0.2971 0.29 119
    0.5986 0.71 111
  3.0293 33 - 1
    1.0805 1 95
  3.0432 31 - 2
    0.5273 0.1985 114
    0.5329 0.8015 113
  3.0985 31 + 1
    0.4723 1 117
  3.1379 33 + 2
    0.3065 0.1117 124
    0.622 0.8883 114
  3.1775 33 - 1
    0.5552 1 116
  3.2083 37 - 1
    0.6574 1 115
  3.2194 35 + 2
    0.2926 0.1177 129
    0.5229 0.8823 120
  3.2866 33 - 2
    0.3131 0.3545 130
    0.6102 0.6455 119
  3.3018 33 + 2
    0.4146 0.1212 126
    0.5691 0.8788 122
  3.3292 33 - 1
    0.5615 1 123
  3.3901 5 + 1
    0.8742 1 114
  3.4415 35 + 2
    0.3036 0.1462 134
    0.6101 0.8538 124
  3.4742 35 + 2
    0.587 0.5977 126
    0.9233 0.4023 115
  3.477 37 + 2
    0.2576 0.070737 137
    0.5502 0.929263 129
  3.4796 35 - 1
    0.5878 1 127
  3.5404 35 - 2
    0.6259 0.8852 128
    0.9895 0.1148 115
  3.5827 37 - 2
    0.5534 0.2826 131
    1.0318 0.7174 115
  3.6023 35 - 2
    0.3157 0.4162 138
    0.6288 0.5838 130
  3.6213 35 - 1
    0.5781 1 132
  3.6425 35 + 1
    0.544 1 133
  3.7304 37 + 1
    0.5925 1 134
  3.7968 37 - 1
    0.6193 1 135
  3.8147 39 + 1
    0.5953 1 137
  3.8818 37 - 2
    0.2795 0.4456 148
    0.5952 0.5544 138
  3.8912 7 + 1
    0.6829 1 136
  3.8951 41 - 1
    0.6868 1 136
  3.9144 37 - 1
    0.5852 1 140
  3.9194 37 + 1
    0.6176 1 139
  4.0349 39 + 1
    0.5934 1 142
  4.059 5 + 1
    0.8507 1 136
  4.0996 41 + 1
    0.6226 1 144
  4.1194 39 + 2
    0.6452 0.6511 143
    0.9111 0.3489 136
  4.1287 39 - 1
    0.6491 1 145
  4.1801 39 - 1
    0.6397 1 146
  4.1845 39 - 1
    0.6441 1 146
  4.218 39 - 1
    0.5967 1 149
  4.2441 41 - 2
    0.6614 0.7586 147
    1.0358 0.2414 136
  4.2573 39 + 1
    0.6148 1 150
  4.3365 41 + 1
    0.6061 1 151
  4.4595 41 - 1
    0.5777 1 154
  4.4788 41 - 1
    0.682 1 152
  4.53325 43 + 1
    0.71855 1 153
  4.5876 41 + 1
    0.6682 1 158
  4.6002 45 - 1
    0.7051 1 156
  4.6648 43 + 1
    0.6299 1 159
  4.7935 45 + 1
    0.6939 1 161
  4.8285 43 + 1
    0.7091 1 162
  4.8366 43 - 1
    0.7079 1 163
  4.9953 45 + 1
    0.6588 1 169
  5.2081 47 + 1
    0.67485 1 172
  5.2143 45 - 1
    0.7355 1 171
  5.3417 49 - 1
    0.741501 1 174
  5.3533 47 + 1
    0.6885 1 175
  5.5576 49 + 1
    0.7641 1 176
  5.7179 49 + 1
    0.7226 1 179
  5.991 49 - 1
    0.7767 1 181
  5.9977 51 + 1
    0.789601 1 180
  6.1054 51 + 1
    0.7521 1 183
  6.1343 53 - 1
    0.792599 1 182
  6.3906 53 + 1
    0.833 1 184
  6.5057 53 + 1
    0.787801 1 185
  6.845 55 + 1
    0.847299 1 187
  6.9824 57 - 1
    0.8481 1 189
  7.292 57 + 1
    0.9014 1 190
  7.75 59 + 1
    0.905 1 192
  7.886 61 - 1
    0.9036 1 193
  8.257 61 + 1
    0.965 1 194
  8.841 65 - 1
    0.955001 1 196
  9.848 69 - 1
    1.007 1 198
  10.907 73 - 1
    1.059 1 199
  14.792 5 - 2
    14.7209 0.5 1
    14.792 0.5 0
  15.757 7 - 2
    15.5506 0.5 5
    15.6349 0.5 3

71 172 40
  0 8 - 0
  0.04186 2 - 1
    0.04186 1 0
  0.06579 2 + 1
    0.02393 1 1
  0.068 6 - 1
    0.02614 1 1
  0.088705 6 + 2
    0.022915 0.5 2
    0.088705 0.5 0
  0.10941 2 + 1
    0.06755 1 1
  0.11049 4 + 2
    0.0447 0.966519 2
    0.06863 0.033481 1
  0.11113 10 - 1
    0.11113 1 0
  0.132 4 + 2
    0.064 0.5 3
    0.09014 0.5 1
  0.148 10 + 2
    0.059295 0.5 4
    0.148 0.5 0
  0.168 8 - 1
    0.079295 1 4
  0.17985 2 + 2
    0.06936 0.5182 6
    0.11406 0.4818 2
  0.1916 2 + 3
    0.01175 0.0381 11
    0.08111 0.4952 6
    0.12581 0.4667 2
  0.19658 4 - 1
    0.15472 1 1
  0.204 2 + 1
    0.0124 1 12
  0.21 8 + 2
    0.09951 0.5 6
    0.142 0.5 3
  0.21357 12 - 2
    0.10244 0.6815 7
    0.21357 0.3185 0
  0.23233 2 + 2
    0.04073 0.5455 12
    0.12292 0.4545 5
  0.237 0 + 2
    0.12651 0.5 6
    0.19514 0.5 1
  0.24101 2 - 1
    0.1316 1 5
  0.2447 12 - 1
    0.13357 1 7
  0.2522 2 + 2
    0.0482 0.1659 14
    0.0606 0.8341 12
  0.29 10 - 1
    0.122 1 10
  0.296 6 - 2
    0.228 0.5 3
    0.25414 0.5 1
  0.314 4 + 2
    0.246 0.5 3
    0.27214 0.5 1
  0.355 6 + 2
    0.28921 0.5 2
    0.355 0.5 0
  0.3993 14 - 1
    0.1546 1 20
  0.406 4 - 2
    0.34021 0.5 2
    0.406 0.5 0
  0.434 12 - 1
    0.144 1 22
  0.437 8 - 2
    0.348295 0.5 4
    0.437 0.5 0
  0.466 6 - 2
    0.398 0.5 3
    0.42414 0.5 1
  0.513 6 - 2
    0.445 0.5 3
    0.47114 0.5 1
  0.5768 16 - 1
    0.1775 1 26
  0.581 10 + 2
    0.492295 0.5 4
    0.581 0.5 0
  0.602 14 - 1
    0.168 1 28
  0.614 10 + 2
    0.525295 0.5 4
    0.614 0.5 0
  0.64 10 + 2
    0.551295 0.5 4
    0.64 0.5 0
  0.663 8 + 2
    0.55251 0.5 6
    0.595 0.5 3
  0.685 12 + 2
    0.475 0.5 15
    0.57387 0.5 7
  0.72 12 + 2
    0.51 0.5 15
    0.60887 0.5 7

71 173 82
  0 7 + 0
  0.117181 9 + 1
    0.117181 1 0
  0.123672 5 - 1
    0.123672 1 0
  0.128343 1 - 1
    0.004671 1 2
  0.19847 9 - 1
    0.074798 1 2
  0.25856 11 + 2
    0.141379 0.5 1
    0.25856 0.5 0
  0.263306 3 - 2
    0.134963 0.259 3
    0.139634 0.741 2
  0.356996 5 + 2
    0.239815 0.01233 1
    0.356996 0.98767 0
  0.3587 13 - 1
    0.16023 1 4
  0.42362 13 + 2
    0.16506 0.5181 5
    0.306439 0.4819 1
  0.425317 1 + 2
    0.162011 0.1705 6
    0.296974 0.8295 3
  0.4281 7 - 3
    0.164794 0.4231 6
    0.22963 0.314 4
    0.304428 0.2629 2
  0.434912 3 + 4
    0.077916 0.028851 7
    0.171606 0.01012 6
    0.306569 0.359811 3
    0.31124 0.601218 2
  0.44898 9 - 3
    0.19042 0.061238 5
    0.331799 0.301788 1
    0.44898 0.636975 0
  0.4511 7 + 2
    0.094104 0.8917 7
    0.4511 0.1083 0
  0.552093 5 + 4
    0.117181 0.817275 12
    0.126776 0.024709 10
    0.288787 0.110697 6
    0.428421 0.047319 2
  0.5708 9 + 2
    0.1197 0.946581 14
    0.213804 0.053419 7
  0.57632 7 + 2
    0.37785 0.3064 4
    0.452648 0.6936 2
  0.58008 11 - 2
    0.1311 0.9314 13
    0.462899 0.0686 1
  0.60669 17 - 1
    0.24799 1 8
  0.6114 15 + 2
    0.18778 0.3258 9
    0.35284 0.6742 5
  0.65436 11 - 3
    0.22626 0.1815 11
    0.29566 0.3564 8
    0.45589 0.4621 4
  0.7153 11 + 2
    0.1445 0.8704 16
    0.2642 0.1296 14
  0.72154 1 + 2
    0.458234 0.3385 6
    0.593197 0.6615 3
  0.73464 13 - 3
    0.15456 0.8596 18
    0.28566 0.1164 13
    0.47608 0.024 5
  0.756305 7 - 2
    0.399309 0.139 7
    0.756305 0.861 0
  0.7779 9 + 3
    0.20158 0.6037 17
    0.225807 0.2029 15
    0.3498 0.1934 11
  0.82013 11 + 4
    0.24381 0.3146 17
    0.39651 0.1014 9
    0.46143 0.2601 8
    0.62166 0.3239 4
  0.852245 17 + 2
    0.240845 0.2617 20
    0.428625 0.7383 9
  0.88352 13 + 2
    0.16822 0.7375 22
    0.31272 0.2625 16
  0.889225 3 - 3
    0.625919 0.2692 6
    0.760882 0.5976 3
    0.765553 0.1332 2
  0.91203 15 - 2
    0.17739 0.7969 24
    0.33195 0.2031 18
  0.94169 21 - 1
    0.335 1 19
  0.94892 15 - 3
    0.29456 0.197 21
    0.34223 0.2174 19
    0.59022 0.5856 8
  0.95777 5 - 2
    0.694464 0.5 6
    0.834098 0.5 2
  0.97515 3 + 4
    0.423057 0.072634 15
    0.540238 0.412625 12
    0.549833 0.488129 10
    0.618154 0.026612 7
  0.981807 1 + 5
    0.429714 0.013719 15
    0.546895 0.046937 12
    0.55649 0.026598 10
    0.718501 0.435074 6
    0.853464 0.477671 3
  1.0034 3 + 6
    0.451307 0.01344 15
    0.568488 0.01804 12
    0.578083 0.03549 10
    0.740094 0.03393 6
    0.875057 0.334 3
    0.879728 0.5651 2
  1.047 5 - 2
    0.923328 0.5 2
    1.047 0.5 0
  1.05149 19 + 2
    0.199245 0.1564 28
    0.44009 0.8436 20
  1.07471 15 + 2
    0.19119 0.7187 29
    0.35941 0.2813 22
  1.09245 13 + 3
    0.27232 0.375462 27
    0.31455 0.486551 26
    0.43809 0.137986 21
  1.0974 5 - 2
    0.834094 0.5 6
    0.969057 0.5 3
  1.11187 17 - 2
    0.19984 0.7142 31
    0.37723 0.2858 24
  1.12966 7 - 3
    0.866354 0.025161 6
    1.00132 0.345914 3
    1.00599 0.628925 2
  1.151 9 - 2
    1.02733 0.5 2
    1.151 0.5 0
  1.15455 15 + 2
    0.33442 0.3312 27
    0.79585 0.6688 8
  1.16243 3 - 3
    0.899124 0.571243 6
    1.03409 0.242576 3
    1.03876 0.186181 2
  1.19267 1 - 2
    0.929364 0.5006 6
    1.06433 0.4994 3
  1.24652 1 + 5
    0.811608 0.311978 12
    0.821203 0.080324 10
    0.889524 0.065645 7
    0.983214 0.074785 6
    1.11818 0.467267 3
  1.275 7 - 2
    1.01169 0.5 6
    1.15782 0.5 1
  1.28729 17 + 2
    0.21258 0.6091 40
    0.40377 0.3909 29
  1.296 5 - 2
    1.17233 0.5 2
    1.296 0.5 0
  1.30208 21 + 2
    0.25059 0.085282 39
    0.449835 0.914718 28
  1.31624 19 - 3
    0.36732 0.3871 33
    0.37455 0.2728 32
    0.70955 0.3401 19
  1.33287 19 - 2
    0.221 0.6187 43
    0.42084 0.3813 31
  1.33405 3 - 7
    0.444825 0.008906 30
    0.781957 0.008349 15
    0.899138 0.021611 12
    0.977054 0.019801 7
    1.07074 0.159806 6
    1.20571 0.602121 3
    1.21038 0.179406 2
  1.35926 3 + 6
    0.2296 0.346997 44
    0.807167 0.175698 15
    0.933943 0.175098 10
    1.09595 0.173698 6
    1.23092 0.104199 3
    1.23559 0.02431 2
  1.3612 25 - 1
    0.41951 1 32
  1.375 5 + 2
    1.11169 0.5 6
    1.25782 0.5 1
  1.40875 1 + 3
    0.426943 0.969139 36
    1.14544 0.015431 6
    1.28041 0.015431 3
  1.4752 17 + 2
    0.32065 0.6225 46
    0.38275 0.3775 41
  1.516 7 - 2
    1.25269 0.5 6
    1.39882 0.5 1
  1.5209 19 + 2
    0.23361 0.3912 51
    0.44619 0.6088 40
  1.57389 23 + 1
    0.5224 1 39
  1.5769 21 - 2
    0.24403 0.2282 55
    0.46503 0.7718 43
  1.5791 1 + 2
    1.31579 0.5848 6
    1.45076 0.4152 3
  1.714 5 - 2
    1.59033 0.5 2
    1.714 0.5 0
  1.744 1 + 2
    1.387 0.5 7
    1.48069 0.5 6
  1.768 7 - 2
    1.50469 0.5 6
    1.65082 0.5 1
  1.787 5 - 2
    1.66333 0.5 2
    1.787 0.5 0
  1.8369 23 - 1
    0.26 1 65
  1.86 9 + 2
    1.503 0.5 7
    1.74282 0.5 1
  1.94 7 - 2
    1.67669 0.5 6
    1.82282 0.5 1
  1.982 5 + 2
    1.71869 0.5 6
    1.86482 0.5 1
  2.024 3 - 2
    1.667 0.5 7
    1.76069 0.5 6
  2.053 9 + 2
    1.696 0.5 7
    1.93582 0.5 1
  2.092 7 - 2
    1.82869 0.5 6
    1.97482 0.5 1
  2.14 5 + 2
    1.87669 0.5 6
    2.02282 0.5 1
  2.218 3 - 2
    1.861 0.5 7
    1.95469 0.5 6
  2.248 9 + 2
    1.891 0.5 7
    2.13082 0.5 1
  11.664 7 - 2
    11.4007 0.5 6
    11.5468 0.5 1

71 174 169
  0 2 - 0
  0.044697 4 - 1
    0.044697 1 0
  0.111753 6 - 2
    0.067056 0.98821 1
    0.111753 0.01179 0
  0.17083 12 - 2
    0.059077 0.959136 2
    0.126133 0.040864 1
  0.200297 8 - 2
    0.088544 0.98002 2
    0.1556 0.01998 1
  0.240818 6 + 2
    0.129065 0.7713 2
    0.196121 0.2287 1
  0.259534 8 + 1
    0.018716 1 5
  0.281168 0 + 1
    0.281168 1 0
  0.30245 10 + 1
    0.042916 1 6
  0.311205 10 - 2
    0.110908 0.918028 4
    0.199452 0.081972 2
  0.320111 4 + 2
    0.208358 0.799 2
    0.320111 0.201 0
  0.342736 14 - 1
    0.171906 1 3
  0.365183 8 - 4
    0.105649 0.063176 6
    0.124365 0.098683 5
    0.164886 0.276481 4
    0.25343 0.561661 2
  0.36755 12 + 1
    0.0651 1 8
  0.382875 2 + 2
    0.101707 0.907718 7
    0.338178 0.092282 1
  0.41437 6 + 2
    0.154836 0.653 6
    0.173552 0.347 5
  0.420664 8 + 3
    0.100553 0.447 10
    0.109459 0.1166 9
    0.308911 0.4364 2
  0.43141 14 + 2
    0.088674 0.3551 11
    0.26058 0.6449 3
  0.43288 6 - 1
    0.067697 1 12
  0.442015 12 - 2
    0.13081 0.895 9
    0.241718 0.105 4
  0.445431 6 + 1
    0.12532 1 10
  0.45382 14 + 2
    0.08627 0.8 13
    0.15137 0.2 8
  0.4565 10 - 1
    0.28567 1 3
  0.481003 10 - 1
    0.11582 1 12
  0.49135 16 - 2
    0.148614 0.4613 11
    0.32052 0.5387 3
  0.506 4 + 2
    0.394247 0.5 2
    0.506 0.5 0
  0.50775 14 - 1
    0.07634 1 17
  0.516 4 + 2
    0.404247 0.5 2
    0.516 0.5 0
  0.52242 2 - 1
    0.52242 1 0
  0.525 14 - 2
    0.182264 0.5 11
    0.213795 0.5 9
  0.527 4 + 2
    0.415247 0.5 2
    0.527 0.5 0
  0.53112 8 - 1
    0.09824 1 18
  0.534355 14 + 2
    0.191619 0.4306 11
    0.363525 0.5694 3
  0.53741 16 + 1
    0.106 1 17
  0.553 2 - 2
    0.441247 0.5 2
    0.553 0.5 0
  0.56121 16 + 2
    0.10739 0.8292 21
    0.19366 0.1708 13
  0.568 6 - 2
    0.456247 0.5 2
    0.568 0.5 0
  0.575662 10 + 1
    0.154998 1 16
  0.5913 12 - 2
    0.1348 0.5385 22
    0.42047 0.4615 3
  0.594244 12 + 2
    0.17358 0.8021 16
    0.283039 0.1979 9
  0.595567 14 - 2
    0.153552 0.7695 19
    0.284362 0.2305 9
  0.602 4 + 2
    0.490247 0.5 2
    0.602 0.5 0
  0.619167 12 - 1
    0.138164 1 23
  0.62054 6 - 2
    0.508787 0.5 2
    0.62054 0.5 0
  0.62108 4 - 1
    0.09866 1 28
  0.63012 2 + 2
    0.247245 0.4498 14
    0.310009 0.5502 10
  0.6354 4 + 2
    0.523647 0.4927 2
    0.590703 0.5073 1
  0.64 8 + 2
    0.380466 0.5 6
    0.528247 0.5 2
  0.65232 8 - 2
    0.23795 0.352 15
    0.411502 0.648 5
  0.65443 10 - 2
    0.12331 0.5994 31
    0.22302 0.4006 17
  0.6591 16 + 4
    0.12169 0.35 33
    0.124745 0.2665 32
    0.15135 0.2818 26
    0.16775 0.1017 24
  0.67204 8 + 1
    0.431222 1 5
  0.67673 18 + 2
    0.13932 0.6959 33
    0.24532 0.3041 17
  0.68347 18 - 2
    0.19212 0.4126 24
    0.340734 0.5874 11
  0.68905 6 + 1
    0.05365 1 46
  0.70209 18 + 2
    0.14088 0.7109 35
    0.24827 0.2891 21
  0.715 6 - 2
    0.603247 0.5 2
    0.715 0.5 0
  0.723 2 - 2
    0.611247 0.5 2
    0.723 0.5 0
  0.735 4 - 2
    0.534703 0.5 4
    0.690303 0.5 1
  0.7476 14 - 3
    0.1563 0.5453 38
    0.2911 0.3381 22
    0.404864 0.1166 11
  0.7553 10 + 1
    0.08326 1 51
  0.766366 16 - 2
    0.170799 0.5791 40
    0.324351 0.4209 19
  0.77198 16 - 3
    0.11288 0.30147 50
    0.26423 0.317968 26
    0.34057 0.380562 17
  0.77389 8 + 3
    0.08484 0.831875 54
    0.13849 0.130096 46
    0.462685 0.038029 9
  0.77911 14 - 1
    0.159943 1 42
  0.7823 14 + 1
    0.188056 1 39
  0.80057 12 - 1
    0.26945 1 31
  0.8056 18 + 1
    0.1465 1 50
  0.83803 20 + 2
    0.13594 0.539 55
    0.27682 0.461 35
  0.84279 16 + 1
    0.06049 1 65
  0.85151 20 + 1
    0.17478 1 52
  0.8599 12 + 1
    0.1046 1 60
  0.86897 18 + 1
    0.09699 1 62
  0.8774 14 - 4
    0.38605 0.331467 24
    0.44599 0.306669 17
    0.534664 0.169783 11
    0.70657 0.192081 3
  0.8867 10 + 1
    0.11281 1 63
  0.8952 20 - 1
    0.40385 1 24
  0.906 6 - 2
    0.794247 0.5 2
    0.906 0.5 0
  0.9269 16 - 3
    0.1793 0.466 59
    0.3356 0.2859 38
    0.43555 0.2481 24
  0.953 4 - 2
    0.752703 0.5 4
    0.908303 0.5 1
  0.96056 16 - 1
    0.18145 1 64
  0.96558 18 - 2
    0.199214 0.4095 61
    0.370013 0.5905 40
  0.97 14 - 2
    0.627264 0.5 11
    0.658795 0.5 9
  0.9796 14 + 1
    0.1197 1 71
  0.9979 6 + 2
    0.1112 0.7042 74
    0.22401 0.2958 63
  1.0054 12 + 2
    0.1187 0.5626 74
    0.23151 0.4374 63
  1.00703 22 + 2
    0.169 0.4441 68
    0.30494 0.5559 55
  1.012 4 - 2
    0.811703 0.5 4
    0.967303 0.5 1
  1.02032 20 + 1
    0.15135 1 72
  1.028 2 - 2
    0.916247 0.5 2
    1.028 0.5 0
  1.03373 22 + 2
    0.18222 0.1726 70
    0.357 0.8274 52
  1.06346 18 + 2
    0.21195 0.085782 70
    0.28116 0.914218 65
  1.071 6 - 2
    0.959247 0.5 2
    1.071 0.5 0
  1.085 8 - 2
    0.91417 0.5 3
    1.0403 0.5 1
  1.112 4 + 2
    1.00025 0.5 2
    1.112 0.5 0
  1.12608 22 - 1
    0.44261 1 53
  1.14 6 + 2
    0.939703 0.5 4
    1.0953 0.5 1
  1.156 2 - 2
    1.04425 0.5 2
    1.156 0.5 0
  1.166 8 + 2
    0.906466 0.5 6
    1.05425 0.5 2
  1.16947 20 - 1
    0.20389 1 80
  1.179 4 + 2
    1.06725 0.5 2
    1.179 0.5 0
  1.18627 22 - 1
    0.16595 1 87
  1.19672 24 + 1
    0.35869 1 68
  1.204 6 - 2
    1.09225 0.5 2
    1.204 0.5 0
  1.219 8 + 2
    0.959466 0.5 6
    1.10725 0.5 2
  1.24 4 - 2
    1.0397 0.5 4
    1.1953 0.5 1
  1.245 2 + 2
    1.00418 0.5 5
    1.2003 0.5 1
  1.24717 24 + 2
    0.21344 0.2099 89
    0.39566 0.7901 70
  1.261 6 - 2
    1.14925 0.5 2
    1.261 0.5 0
  1.275 8 - 2
    1.10417 0.5 3
    1.2303 0.5 1
  1.286 4 + 2
    1.17425 0.5 2
    1.286 0.5 0
  1.293 6 - 2
    1.18125 0.5 2
    1.293 0.5 0
  1.294 2 + 2
    1.05318 0.5 5
    1.2493 0.5 1
  1.301 10 - 2
    1.04147 0.5 6
    1.18925 0.5 2
  1.305 4 + 2
    1.19325 0.5 2
    1.305 0.5 0
  1.328 8 - 2
    1.15717 0.5 3
    1.2833 0.5 1
  1.331 6 + 2
    1.1307 0.5 4
    1.2863 0.5 1
  1.353 2 - 2
    1.24125 0.5 2
    1.353 0.5 0
  1.363 10 + 2
    1.1627 0.5 4
    1.19217 0.5 3
  1.3705 24 - 1
    0.4753 1 75
  1.379 4 + 2
    1.26725 0.5 2
    1.379 0.5 0
  1.391 6 - 2
    1.27925 0.5 2
    1.391 0.5 0
  1.40378 22 - 1
    0.4382 1 80
  1.40573 26 + 1
    0.3987 1 85
  1.4135 8 + 2
    1.15397 0.5 6
    1.30175 0.5 2
  1.421 4 - 2
    1.2207 0.5 4
    1.3763 0.5 1
  1.429 2 + 2
    1.18818 0.5 5
    1.3843 0.5 1
  1.438 10 - 2
    1.17847 0.5 6
    1.32625 0.5 2
  1.455 6 + 2
    1.2547 0.5 4
    1.4103 0.5 1
  1.46 8 - 2
    1.28917 0.5 3
    1.4153 0.5 1
  1.476 4 + 2
    1.36425 0.5 2
    1.476 0.5 0
  1.4817 26 + 1
    0.44797 1 89
  1.484 6 - 2
    1.37225 0.5 2
    1.484 0.5 0
  1.498 2 - 2
    1.38625 0.5 2
    1.498 0.5 0
  1.516 8 + 2
    1.25647 0.5 6
    1.40425 0.5 2
  1.535 0 - 2
    1.15212 0.5 14
    1.4903 0.5 1
  1.549 4 + 2
    1.43725 0.5 2
    1.549 0.5 0
  1.557 6 - 2
    1.44525 0.5 2
    1.557 0.5 0
  1.564 10 + 2
    1.3637 0.5 4
    1.39317 0.5 3
  1.576 8 - 2
    1.40517 0.5 3
    1.5313 0.5 1
  1.589 2 + 2
    1.34818 0.5 5
    1.5443 0.5 1
  1.596 4 - 2
    1.3957 0.5 4
    1.5513 0.5 1
  1.609 6 + 2
    1.4087 0.5 4
    1.5643 0.5 1
  1.617 10 - 2
    1.35747 0.5 6
    1.50525 0.5 2
  1.628 8 + 2
    1.36847 0.5 6
    1.51625 0.5 2
  1.63502 28 + 1
    0.4383 1 101
  1.64 6 - 2
    1.52825 0.5 2
    1.64 0.5 0
  1.651 4 - 2
    1.4507 0.5 4
    1.6063 0.5 1
  1.662 2 + 2
    1.42118 0.5 5
    1.6173 0.5 1
  1.681 0 - 2
    1.29812 0.5 14
    1.6363 0.5 1
  1.689 8 + 2
    1.42947 0.5 6
    1.57725 0.5 2
  1.716 6 - 2
    1.60425 0.5 2
    1.716 0.5 0
  1.735 4 + 2
    1.62325 0.5 2
    1.735 0.5 0
  1.753 10 - 2
    1.49347 0.5 6
    1.64125 0.5 2
  1.771 2 + 2
    1.53018 0.5 5
    1.7263 0.5 1
  1.801 8 - 2
    1.63017 0.5 3
    1.7563 0.5 1
  1.829 6 + 2
    1.6287 0.5 4
    1.7843 0.5 1
  1.843 4 - 2
    1.6427 0.5 4
    1.7983 0.5 1
  1.868 10 + 2
    1.6677 0.5 4
    1.69717 0.5 3
  1.8828 30 + 1
    0.47707 1 122
  1.903 2 - 2
    1.79125 0.5 2
    1.903 0.5 0
  1.927 6 - 2
    1.81525 0.5 2
    1.927 0.5 0
  1.94 8 + 2
    1.68047 0.5 6
    1.82825 0.5 2
  1.979 4 - 2
    1.7787 0.5 4
    1.9343 0.5 1
  2.012 0 + 2
    1.73083 0.5 7
    2.012 0.5 0
  2.041 6 - 2
    1.92925 0.5 2
    2.041 0.5 0
  2.082 10 + 2
    1.8817 0.5 4
    1.91117 0.5 3
  2.096 4 - 2
    1.8957 0.5 4
    2.0513 0.5 1
  2.12 8 + 2
    1.86047 0.5 6
    2.00825 0.5 2
  2.155 2 - 2
    2.04325 0.5 2
    2.155 0.5 0

71 175 138
  0 7 + 0
  0.113806 9 + 1
    0.113806 1 0
  0.251465 11 + 2
    0.137659 0.7348 1
    0.251465 0.2652 0
  0.34338 5 + 2
    0.229574 0.008494 1
    0.34338 0.991506 0
  0.35348 5 - 1
    0.35348 1 0
  0.37079 1 - 1
    0.01731 1 4
  0.396328 9 - 3
    0.144863 0.03659 2
    0.282522 0.302203 1
    0.396328 0.661207 0
  0.41239 13 + 2
    0.160925 0.4745 2
    0.298584 0.5255 1
  0.41498 9 - 1
    0.0615 1 4
  0.43274 7 + 3
    0.08936 0.896509 3
    0.318934 0.01157 1
    0.43274 0.091921 0
  0.51466 3 - 2
    0.14387 0.2932 5
    0.16118 0.7068 4
  0.52925 11 - 1
    0.132922 1 6
  0.5464 9 + 2
    0.11366 0.5 9
    0.20302 0.5 3
  0.5623 13 - 1
    0.14732 1 8
  0.59525 15 + 2
    0.18286 0.3684 7
    0.343785 0.6316 2
  0.62653 1 + 2
    0.11187 0.1159 10
    0.25574 0.8841 5
  0.63276 3 + 3
    0.26197 0.1301 5
    0.27928 0.214 4
    0.28938 0.6559 3
  0.67283 7 - 2
    0.25785 0.5086 8
    0.31935 0.4914 4
  0.6843 11 + 2
    0.1379 0.5 12
    0.25156 0.5 9
  0.68532 13 - 2
    0.15607 0.926791 11
    0.288992 0.073209 6
  0.75735 5 + 3
    0.12459 0.8636 16
    0.13082 0.09632 15
    0.41397 0.04008 3
  0.77344 7 + 4
    0.14068 0.647319 16
    0.22704 0.086903 12
    0.3407 0.171905 9
    0.41996 0.093873 4
  0.7981 17 - 1
    0.2358 1 13
  0.79995 17 + 2
    0.2047 0.2495 14
    0.38756 0.7505 7
  0.8451 13 + 2
    0.1608 0.5 18
    0.2987 0.5 12
  0.8637 15 - 2
    0.17838 0.832 19
    0.33445 0.168 11
  0.866 3 - 2
    0.35134 0.5 10
    0.52262 0.5 3
  0.8863 11 - 3
    0.21347 0.090182 17
    0.324 0.454509 13
    0.47132 0.455309 8
  0.96 5 - 2
    0.60652 0.5 4
    0.96 0.5 0
  0.99015 9 + 2
    0.21671 0.6349 21
    0.2328 0.3651 20
  0.9989 3 - 2
    0.48424 0.5 10
    0.62811 0.5 5
  1.0052 7 - 2
    0.608872 0.5 6
    1.0052 0.5 0
  1.01959 11 + 1
    0.24615 1 21
  1.02439 19 + 2
    0.22444 0.1758 23
    0.42914 0.8242 14
  1.0282 15 + 2
    0.1831 0.5 24
    0.3439 0.5 18
  1.0633 5 - 2
    0.54864 0.5 10
    0.70982 0.5 4
  1.0882 17 - 2
    0.2245 0.782 25
    0.40288 0.218 19
  1.1122 19 - 2
    0.58295 0.801 11
    0.715872 0.199 6
  1.1218 21 - 1
    0.3237 1 22
  1.1507 3 + 2
    0.51794 0.5184 16
    0.52417 0.4816 15
  1.1673 15 - 1
    0.3692 1 22
  1.18 7 - 2
    0.83662 0.5 3
    1.06619 0.5 1
  1.219 5 + 2
    0.46165 0.4717 20
    0.58624 0.5283 16
  1.2332 17 + 2
    0.205 0.5 34
    0.3881 0.5 24
  1.2422 11 - 2
    0.55688 0.5954 19
    0.71295 0.4046 11
  1.26868 21 + 1
    0.46873 1 23
  1.27 9 - 2
    1.01853 0.5 2
    1.27 0.5 0
  1.285 19 - 2
    0.1968 0.5368 36
    0.4213 0.4632 25
  1.3116 7 + 1
    0.53816 1 21
  1.317 3 - 2
    0.80234 0.5 10
    0.97362 0.5 3
  1.3317 13 + 2
    0.31211 0.3575 32
    0.34155 0.6425 29
  1.346 3 + 2
    0.99252 0.5 4
    1.346 0.5 0
  1.3638 15 + 1
    0.34421 1 32
  1.3922 19 + 3
    0.36781 0.333333 33
    0.59225 0.333333 23
    0.79695 0.333333 14
  1.3941 13 - 1
    0.5304 1 25
  1.401 5 - 2
    1.04752 0.5 4
    1.401 0.5 0
  1.415 7 - 2
    1.07162 0.5 3
    1.30119 0.5 1
  1.4346 9 + 1
    0.44445 1 29
  1.437 5 + 2
    1.09362 0.5 3
    1.32319 0.5 1
  1.511 1 - 2
    1.14021 0.5 5
    1.15752 0.5 4
  1.5268 21 - 1
    0.2418 1 47
  1.53078 23 + 2
    0.2621 0.5 45
    0.50639 0.5 33
  1.5449 7 - 2
    1.43109 0.1804 1
    1.5449 0.8196 0
  1.566 5 + 2
    1.22262 0.5 3
    1.45219 0.5 1
  1.5741 11 + 1
    0.55451 1 32
  1.588 3 - 1
    1.588 1 0
  1.6114 9 - 2
    1.49759 0.3105 1
    1.6114 0.6895 0
  1.622 5 + 2
    1.27862 0.5 3
    1.50819 0.5 1
  1.638 11 - 2
    1.22561 0.5 7
    1.52419 0.5 1
  1.644 1 + 2
    1.12934 0.5 10
    1.30062 0.5 3
  1.689 7 + 1
    1.689 1 0
  1.693 3 - 1
    1.693 1 0
  1.704 9 - 2
    1.45253 0.5 2
    1.704 0.5 0
  1.715 5 + 1
    1.715 1 0
  1.725 7 + 1
    1.725 1 0
  1.732 5 - 2
    1.37852 0.5 4
    1.732 0.5 0
  1.752 3 + 2
    1.39852 0.5 4
    1.752 0.5 0
  1.785 1 - 2
    1.41421 0.5 5
    1.43152 0.5 4
  1.799 7 + 2
    1.54753 0.5 2
    1.799 0.5 0
  1.81078 25 + 2
    0.28 0.5 61
    0.5421 0.5 45
  1.816 5 - 1
    1.816 1 0
  1.827 3 - 1
    1.827 1 0
  1.874 9 + 1
    1.874 1 0
  1.899 1 - 2
    1.52821 0.5 5
    1.54552 0.5 4
  1.931 7 + 1
    1.931 1 0
  1.945 5 - 2
    1.83119 0.2063 1
    1.945 0.7937 0
  1.949 3 + 1
    1.949 1 0
  1.977 7 - 2
    1.63362 0.5 3
    1.86319 0.5 1
  1.981 5 + 2
    1.63762 0.5 3
    1.86719 0.5 1
  1.992 9 - 1
    1.992 1 0
  2.012 3 + 2
    1.89819 0.3548 1
    2.012 0.6452 0
  2.089 1 - 1
    2.089 1 0
  2.10588 27 + 1
    0.5751 1 61
  2.123 7 - 1
    2.123 1 0
  2.207 5 + 2
    1.86362 0.5 3
    2.09319 0.5 1
  2.286 9 - 2
    2.17219 0.2908 1
    2.286 0.7092 0
  2.297 3 + 1
    2.297 1 0
  2.32 5 - 1
    2.32 1 0
  2.335 7 + 1
    2.335 1 0
  2.379 1 - 2
    2.26519 0.2248 1
    2.379 0.7752 0
  2.386 9 + 1
    2.386 1 0
  2.394 3 - 1
    2.394 1 0
  2.41 5 + 1
    2.41 1 0
  2.419 7 - 1
    2.419 1 0
  2.442 11 + 2
    2.32819 0.4845 1
    2.442 0.5155 0
  2.497 9 - 1
    2.497 1 0
  2.527 3 + 2
    2.17352 0.5 4
    2.527 0.5 0
  2.548 5 - 1
    2.548 1 0
  2.707 7 + 1
    2.707 1 0
  2.713 1 - 1
    2.713 1 0
  2.742 11 + 1
    2.742 1 0
  2.76 5 - 1
    2.76 1 0
  2.833 3 + 1
    2.833 1 0
  2.843 7 - 1
    2.843 1 0
  2.865 9 + 1
    2.865 1 0
  2.89 1 - 1
    2.89 1 0
  2.897 5 + 1
    2.897 1 0
  2.952 3 - 1
    2.952 1 0
  2.998 7 + 1
    2.998 1 0
  3.002 9 - 1
    3.002 1 0
  3.011 11 + 1
    3.011 1 0
  3.022 5 - 1
    3.022 1 0
  3.029 7 + 1
    3.029 1 0
  3.066 3 - 1
    3.066 1 0
  3.172 9 + 1
    3.172 1 0
  3.238 1 - 1
    3.238 1 0
  3.243 5 + 1
    3.243 1 0
  3.267 13 - 1
    3.267 1 0
  3.286 7 + 1
    3.286 1 0
  3.293 11 - 1
    3.293 1 0
  3.3 3 + 1
    3.3 1 0
  3.329 5 - 1
    3.329 1 0
  3.333 9 + 1
    3.333 1 0
  3.343 7 - 1
    3.343 1 0
  3.347 3 + 1
    3.347 1 0
  3.398 1 - 1
    3.398 1 0
  3.404 5 + 1
    3.404 1 0
  3.524 11 - 1
    3.524 1 0

71 176 164
  0 14 - 0
  0.122845 2 - 1
    0.122845 1 0
  0.18413 16 - 1
    0.18413 1 0
  0.194358 2 + 1
    0.071513 1 1
  0.2331 4 + 1
    0.038742 1 3
  0.235767 6 - 1
    0.112922 1 1
  0.236908 0 - 1
    0.114063 1 1
  0.299349 6 + 2
    0.066249 0.938747 4
    0.104991 0.061253 3
  0.30526 4 - 2
    0.069493 0.4281 5
    0.182415 0.5719 1
  0.338844 2 + 3
    0.105744 0.387212 4
    0.144486 0.578617 3
    0.215999 0.034171 1
  0.372492 8 + 2
    0.073143 0.7705 7
    0.139392 0.2295 4
  0.381342 4 + 4
    0.081993 0.2504 7
    0.148242 0.2031 4
    0.186984 0.5341 3
    0.258497 0.0124 1
  0.386571 2 - 5
    0.081311 0.029152 8
    0.150804 0.011381 5
    0.153471 0.196214 4
    0.192213 0.493135 3
    0.263726 0.270119 1
  0.388877 18 - 2
    0.204747 0.7766 2
    0.388877 0.2234 0
  0.424891 16 + 2
    0.240761 0.7 2
    0.424891 0.3 0
  0.433037 4 - 6
    0.046466 0.575754 12
    0.133688 0.018938 7
    0.19727 0.063355 5
    0.199937 0.010319 4
    0.238679 0.041257 3
    0.310192 0.290377 1
  0.437324 10 - 2
    0.201557 0.98862 5
    0.437324 0.01138 0
  0.450108 6 + 4
    0.077616 0.228482 10
    0.150759 0.095972 7
    0.214341 0.150688 5
    0.217008 0.524858 4
  0.463763 8 - 2
    0.158503 0.0313 8
    0.227996 0.9687 5
  0.487635 10 + 2
    0.115143 0.4559 10
    0.188286 0.5441 7
  0.49635 16 + 2
    0.071459 0.933809 14
    0.49635 0.066191 0
  0.504861 6 - 7
    0.071824 0.917706 15
    0.11829 0.01374 12
    0.132369 0.005733 10
    0.205512 0.009001 7
    0.269094 0.006059 5
    0.271761 0.03125 4
    0.382016 0.01651 1
  0.533085 8 + 2
    0.160593 0.074872 10
    0.233736 0.925128 7
  0.563928 12 - 1
    0.563928 1 0
  0.578 12 + 2
    0.205508 0.5 10
    0.578 0.5 0
  0.591773 12 + 1
    0.219281 1 10
  0.595745 8 - 6
    0.090884 0.725614 21
    0.131982 0.02297 18
    0.158421 0.01751 16
    0.162708 0.026641 15
    0.296396 0.01506 7
    0.359978 0.192204 5
  0.61345 20 - 2
    0.224573 0.4212 13
    0.42932 0.5788 2
  0.6151 18 + 3
    0.11875 0.333333 20
    0.190209 0.333333 14
    0.226223 0.333333 13
  0.635196 8 + 5
    0.147561 0.231312 19
    0.185088 0.027511 17
    0.253854 0.015111 11
    0.335847 0.720138 7
    0.402096 0.005927 4
  0.63776 2 - 2
    0.204723 0.1954 15
    0.251189 0.8046 12
  0.650175 10 + 1
    0.277683 1 10
  0.65713 10 + 4
    0.065357 0.291603 25
    0.169495 0.03438 19
    0.207022 0.01441 17
    0.284638 0.659607 10
  0.658434 6 - 9
    0.153573 0.047032 21
    0.194671 0.003596 18
    0.225397 0.782431 15
    0.271863 0.051112 12
    0.285942 0.003334 10
    0.353174 0.005471 8
    0.359085 0.023171 7
    0.422667 0.034251 5
    0.425334 0.049602 4
  0.6826 18 + 2
    0.18625 0.5 20
    0.257709 0.5 14
  0.687854 4 - 4
    0.182993 0.265803 21
    0.254817 0.168502 15
    0.301283 0.501005 12
    0.452087 0.064691 5
  0.690997 8 - 2
    0.385737 0.5 8
    0.391648 0.5 7
  0.693794 10 + 1
    0.058598 1 29
  0.6957 6 - 1
    0.262663 1 15
  0.709226 14 + 2
    0.212876 0.3808 20
    0.709226 0.6192 0
  0.71099 12 + 2
    0.05386 0.5 32
    0.338498 0.5 10
  0.71248 12 - 2
    0.248717 0.2009 18
    0.275156 0.7991 16
  0.7149 6 + 2
    0.415551 0.5 7
    0.520542 0.5 3
  0.71916 10 - 3
    0.123415 0.866191 26
    0.214299 0.085529 21
    0.346668 0.04828 10
  0.722901 8 - 5
    0.064467 0.906989 33
    0.21804 0.04112 21
    0.259138 0.01867 18
    0.285577 0.02371 16
    0.487134 0.009512 5
  0.724689 14 - 1
    0.287365 1 16
  0.72962 14 - 1
    0.165692 1 23
  0.734033 14 + 1
    0.309142 1 14
  0.743118 6 + 2
    0.107922 0.9785 29
    0.443769 0.0215 7
  0.751878 8 - 2
    0.093444 0.970719 33
    0.247017 0.029281 21
  0.757 14 - 2
    0.368123 0.5 13
    0.757 0.5 0
  0.758389 14 + 2
    0.166616 0.2347 25
    0.270754 0.7653 19
  0.763626 6 - 3
    0.167881 0.268205 26
    0.258765 0.079082 21
    0.330589 0.652713 15
  0.765671 12 - 3
    0.201743 0.1999 23
    0.581541 0.1041 2
    0.765671 0.696 0
  0.772051 12 + 2
    0.284416 0.943209 19
    0.399559 0.056791 10
  0.780177 0 - 1
    0.657332 1 1
  0.786251 8 + 1
    0.043133 1 48
  0.7874 14 + 2
    0.07641 0.5 40
    0.13027 0.5 32
  0.79022 8 - 1
    0.131786 1 33
  0.792227 4 + 6
    0.259142 0.173107 22
    0.342119 0.085443 17
    0.410885 0.24781 11
    0.559127 0.178607 4
    0.597869 0.217909 3
    0.669382 0.097124 1
  0.796632 2 - 3
    0.491372 0.3445 8
    0.559724 0.3401 6
    0.673787 0.3154 1
  0.827 20 + 3
    0.1444 0.333333 34
    0.2119 0.333333 28
    0.402109 0.333333 14
  0.832394 4 - 4
    0.527134 0.124407 8
    0.595486 0.056843 6
    0.596627 0.289117 5
    0.709549 0.529632 1
  0.8337 8 - 2
    0.52844 0.5 8
    0.534351 0.5 7
  0.8348 10 - 2
    0.270872 0.149 23
    0.8348 0.851 0
  0.838624 10 - 6
    0.115723 0.066323 44
    0.181494 0.027471 32
    0.203428 0.050122 29
    0.242879 0.005749 26
    0.274696 0.115305 23
    0.838624 0.73503 0
  0.843407 6 - 4
    0.120506 0.594212 44
    0.184973 0.270305 33
    0.247662 0.059881 26
    0.41037 0.075602 15
  0.848228 12 - 3
    0.129068 0.5658 43
    0.252483 0.1497 26
    0.410904 0.2845 16
  0.851219 10 + 2
    0.064968 0.955752 56
    0.216023 0.044248 29
  0.854661 14 + 2
    0.42977 0.1828 14
    0.854661 0.8172 0
  0.8571 22 - 2
    0.24365 0.5 27
    0.468223 0.5 13
  0.860544 8 - 5
    0.141384 0.105305 43
    0.355683 0.423521 21
    0.42322 0.089684 16
    0.561195 0.076574 7
    0.624777 0.304915 5
  0.866356 4 + 10
    0.123238 0.03251 48
    0.228596 0.009389 30
    0.361495 0.03961 21
    0.433319 0.097051 15
    0.479785 0.03633 12
    0.485014 0.0347 11
    0.527512 0.312703 9
    0.567007 0.127201 7
    0.633256 0.163202 4
    0.671998 0.147302 3
  0.86809 10 - 3
    0.116212 0.769446 49
    0.145189 0.14339 44
    0.86809 0.087164 0
  0.869996 10 - 2
    0.306068 0.076118 23
    0.869996 0.923882 0
  0.87126 8 + 4
    0.128142 0.059112 48
    0.21413 0.714229 32
    0.236064 0.205408 29
    0.421152 0.021251 17
  0.88346 6 - 2
    0.419697 0.3185 18
    0.5782 0.6815 8
  0.8886 16 + 2
    0.1012 0.5 57
    0.17761 0.5 40
  0.897 20 + 3
    0.2144 0.333333 34
    0.2819 0.333333 28
    0.40065 0.333333 20
  0.9034 8 - 1
    0.064776 1 65
  0.908237 8 - 2
    0.156359 0.2205 49
    0.185336 0.7795 44
  0.90964 4 - 3
    0.672732 0.211021 6
    0.673873 0.485249 5
    0.786795 0.30373 1
  0.921464 10 - 4
    0.131244 0.085207 58
    0.169586 0.159994 49
    0.357536 0.083727 23
    0.921464 0.671073 0
  0.9285 10 + 2
    0.478392 0.5 17
    0.629151 0.5 7
  0.930756 6 + 11
    0.0644 0.4135 72
    0.187638 0.01565 48
    0.335011 0.03468 26
    0.397671 0.01268 22
    0.425895 0.06584 21
    0.480648 0.02601 17
    0.549414 0.1733 11
    0.558264 0.06741 10
    0.631407 0.09777 7
    0.697656 0.03753 4
    0.736398 0.05563 3
  0.938396 14 + 2
    0.346623 0.6659 25
    0.938396 0.3341 0
  0.941065 14 - 1
    0.175394 1 53
  0.945012 8 - 3
    0.222111 0.905882 44
    0.286578 0.029519 33
    0.381084 0.064599 23
  0.957732 8 - 5
    0.520408 0.126794 16
    0.652472 0.076796 8
    0.658383 0.089846 7
    0.721965 0.59577 5
    0.724632 0.110794 4
  0.95854 6 - 6
    0.16832 0.396296 58
    0.194914 0.05046 52
    0.235639 0.081919 44
    0.270686 0.064559 35
    0.300106 0.342097 33
    0.453679 0.064669 21
  0.9592 8 - 1
    0.09111 1 73
  0.961526 6 - 9
    0.118119 0.111308 66
    0.126726 0.069075 64
    0.171306 0.168812 58
    0.303092 0.096647 33
    0.304396 0.036633 32
    0.528489 0.097047 15
    0.574955 0.043953 12
    0.662177 0.158911 7
    0.728426 0.217615 4
  0.962873 12 - 3
    0.114645 0.5848 67
    0.239972 0.2373 44
    0.398945 0.1779 23
  0.972506 12 - 2
    0.137706 0.3095 64
    0.972506 0.6905 0
  0.97375 10 + 3
    0.230632 0.090682 48
    0.31662 0.173203 32
    0.338554 0.736115 29
  0.985555 8 + 6
    0.142148 0.033448 66
    0.242437 0.538373 48
    0.327121 0.029419 33
    0.328425 0.092485 32
    0.350359 0.271186 29
    0.49792 0.035088 19
  0.988147 10 - 2
    0.118151 0.084527 74
    0.392402 0.915473 26
  0.9904 6 + 3
    0.124044 0.333333 72
    0.617908 0.333333 10
    0.691051 0.333333 7
  1.00085 12 - 2
    0.81672 0.7038 2
    1.00085 0.2962 0
  1.00274 12 - 4
    0.13465 0.3446 73
    0.164116 0.2032 65
    0.81861 0.2658 2
    1.00274 0.1864 0
  1.0134 18 + 2
    0.1248 0.5 77
    0.226 0.5 57
  1.01534 8 + 3
    0.164121 0.1333 68
    0.565232 0.5116 17
    0.642848 0.3551 10
  1.0181 6 + 2
    0.718751 0.5 7
    0.823742 0.5 3
  1.01994 8 + 5
    0.14868 0.131608 75
    0.181316 0.097746 65
    0.276822 0.199512 48
    0.36281 0.437426 32
    0.384744 0.133708 29
  1.02966 4 - 7
    0.3919 0.050754 30
    0.524799 0.129609 21
    0.596623 0.320622 15
    0.643089 0.223116 12
    0.730311 0.093727 7
    0.792752 0.078365 6
    0.906815 0.103807 1
  1.031 8 - 2
    0.72574 0.5 8
    0.731651 0.5 7
  1.03237 10 - 5
    0.19757 0.12811 64
    0.24215 0.082547 58
    0.309469 0.214517 44
    0.468442 0.087087 23
    1.03237 0.487739 0
  1.04252 10 - 2
    0.33004 0.1802 41
    0.578757 0.8198 18
  1.0463 6 + 1
    0.207676 1 65
  1.0543 6 - 2
    0.8212 0.5 4
    0.931455 0.5 1
  1.057 0 + 2
    0.8239 0.5 4
    0.934155 0.5 1
  1.0605 22 + 2
    0.2335 0.5 61
    0.4454 0.5 28
  1.06425 10 - 2
    0.828488 0.5 5
    1.06425 0.5 0
  1.06741 8 - 6
    0.10887 0.370018 89
    0.303784 0.086974 52
    0.344509 0.168408 44
    0.408976 0.121906 33
    0.471665 0.078284 26
    0.562549 0.174409 21
  1.06897 10 - 4
    0.147506 0.758623 82
    0.317092 0.089483 49
    0.346069 0.102103 44
    0.473225 0.049791 26
  1.0717 4 + 2
    0.8386 0.5 4
    0.948855 0.5 1
  1.0799 4 - 2
    0.842992 0.5 6
    0.885542 0.5 3
  1.1004 6 - 3
    0.239856 0.058866 71
    0.595539 0.183187 21
    0.667363 0.757947 15
  1.1045 10 - 2
    0.118945 0.5 95
    0.142974 0.5 91
  1.1188 24 - 2
    0.2617 0.5 70
    0.50535 0.5 27
  1.1203 6 - 2
    0.470125 0.5 31
    0.587215 0.5 22
  1.1297 2 + 2
    0.892792 0.5 6
    0.935342 0.5 3
  1.1318 22 + 4
    0.0713 0.25 111
    0.2348 0.25 78
    0.3048 0.25 61
    0.4492 0.25 34
  1.1425 4 - 1
    0.11284 1 104
  1.1597 20 + 2
    0.1463 0.5 100
    0.2711 0.5 77
  1.1641 6 + 1
    0.320693 1 66
  1.167 8 - 2
    0.86174 0.5 8
    0.867651 0.5 7
  1.182 4 + 2
    0.9489 0.5 4
    1.05915 0.5 1
  1.2279 2 + 1
    0.484782 1 48
  1.2374 4 + 1
    0.292388 1 87
  1.2411 2 + 1
    0.402476 1 65
  1.2745 14 + 1
    0.902008 1 10
  1.2778 4 + 1
    0.439176 1 65
  1.294 8 + 2
    1.05823 0.5 5
    1.0609 0.5 4
  1.3014 2 + 1
    0.558282 1 48
  1.314 24 + 2
    0.2535 0.5 111
    0.487 0.5 61
  1.326 4 + 2
    1.0929 0.5 4
    1.20315 0.5 1
  1.3292 22 + 1
    0.3158 1 100
  1.349 2 + 2
    1.11209 0.5 6
    1.15464 0.5 3
  1.3517 20 + 8
    0.4547 0.125 78
    0.5247 0.125 61
    0.6691 0.125 34
    0.7366 0.125 28
    0.73825 0.125 27
    0.85535 0.125 20
    0.926809 0.125 14
    0.962823 0.125 13
  1.3707 4 + 1
    0.735504 1 29
  1.395 10 - 2
    1.15923 0.5 5
    1.395 0.5 0
  1.3986 26 - 2
    0.2798 0.5 119
    0.5415 0.5 70
  1.426 2 + 2
    1.18909 0.5 6
    1.23164 0.5 3
  1.462 16 + 2
    1.07312 0.5 13
    1.462 0.5 0
  1.51 6 + 2
    1.21065 0.5 7
    1.31564 0.5 3
  1.5145 24 + 10
    0.1628 0.1 139
    0.2005 0.1 135
    0.3548 0.1 124
    0.3827 0.1 122
    0.3957 0.1 119
    0.454 0.1 111
    0.6175 0.1 78
    0.6574 0.1 70
    0.6875 0.1 61
    1.12562 0.1 13
  1.5186 24 + 1
    0.3589 1 124
  1.533 12 - 2
    1.06924 0.5 18
    1.34887 0.5 2
  1.569 4 + 2
    1.3359 0.5 4
    1.44615 0.5 1
  1.5875 28 + 1
    0.073 1 146
  1.5887 26 + 2
    0.2747 0.5 135
    0.5282 0.5 111
  1.617 4 - 2
    1.38009 0.5 6
    1.42264 0.5 3
  1.655 18 + 2
    1.04155 0.5 27
    1.47087 0.5 2
  1.679 2 - 2
    1.4459 0.5 4
    1.55615 0.5 1
  1.689 14 - 2
    1.30012 0.5 13
    1.689 0.5 0
  1.6935 28 - 1
    0.5747 1 119
  1.73 10 + 2
    1.27989 0.5 17
    1.43065 0.5 7
  1.8455 26 + 1
    0.5163 1 137
  1.9607 28 + 1
    0.4421 1 147
  2.0053 30 - 1
    0.6067 1 142
  2.3294 32 - 1
    0.6359 1 156
  2.6713 34 - 1
    0.666 1 160
  3.0213 36 - 1
    0.6919 1 161

71 177 204
  0 7 + 0
  0.121621 9 + 1
    0.121621 1 0
  0.150397 9 - 1
    0.150397 1 0
  0.268785 11 + 2
    0.147164 0.6748 1
    0.268785 0.3252 0
  0.289011 11 - 1
    0.138614 1 2
  0.440642 13 + 2
    0.171857 0.4391 3
    0.319021 0.5609 1
  0.451512 13 - 2
    0.162501 0.939791 4
    0.301115 0.060209 2
  0.457981 5 + 2
    0.33636 0.01899 1
    0.457981 0.98101 0
  0.552099 7 + 5
    0.094118 0.865731 7
    0.283314 0.000379 3
    0.401702 0.003026 2
    0.430478 0.01026 1
    0.552099 0.120604 0
  0.569707 1 + 2
    0.111726 0.992035 7
    0.569707 0.007965 0
  0.573642 3 + 1
    0.115661 1 7
  0.636203 15 + 2
    0.195561 0.2877 5
    0.367418 0.7123 3
  0.654529 15 - 2
    0.203017 0.8731 6
    0.365518 0.1269 4
  0.671948 9 + 7
    0.119849 0.791532 8
    0.213967 0.037301 7
    0.231306 0.001631 5
    0.382937 0.002465 4
    0.403163 0.005264 3
    0.550327 0.121005 1
    0.671948 0.040802 0
  0.709453 5 + 4
    0.135811 0.905094 10
    0.139746 0.074339 9
    0.157354 0.004307 8
    0.251472 0.01626 7
  0.72082 7 + 3
    0.147178 0.993936 10
    0.168721 0.004688 8
    0.262839 0.001376 7
  0.76081 3 + 1
    0.76081 1 0
  0.77847 5 - 5
    0.069017 0.004478 14
    0.204828 0.21071 10
    0.226371 0.074094 8
    0.320489 0.003883 7
    0.77847 0.706835 0
  0.79524 1 - 2
    0.221598 0.7411 10
    0.225533 0.2589 9
  0.811452 9 - 5
    0.032982 0.764708 17
    0.090632 0.00209 15
    0.542667 0.0476 3
    0.689831 0.143901 1
    0.811452 0.0417 0
  0.816704 11 + 5
    0.144756 0.728679 13
    0.264605 0.101711 8
    0.527693 0.007602 4
    0.547919 0.101011 3
    0.695083 0.060997 1
  0.82195 5 + 1
    0.82195 1 0
  0.832 3 - 2
    0.262293 0.5 9
    0.374019 0.5 7
  0.844908 17 - 2
    0.190379 0.7854 12
    0.393396 0.2146 6
  0.854307 17 + 2
    0.218104 0.2063 11
    0.413665 0.7937 5
  0.90674 7 + 4
    0.08479 0.006432 21
    0.14593 0.831048 16
    0.785119 0.027112 1
    0.90674 0.135408 0
  0.95653 3 - 2
    0.16129 0.3528 18
    0.17806 0.6472 17
  0.960222 9 + 2
    0.239402 0.7138 15
    0.250769 0.2862 14
  0.96375 13 - 4
    0.152298 0.939709 19
    0.327547 0.00829 11
    0.523108 0.03298 5
    0.694965 0.01902 3
  0.970175 23 - 1
    0.115868 1 24
  0.980209 11 + 2
    0.163505 0.01024 20
    0.259389 0.98976 15
  0.98531 13 + 4
    0.168606 0.6535 20
    0.313362 0.1767 13
    0.544668 0.08021 5
    0.716525 0.08959 3
  1.01987 9 + 2
    0.19792 0.183 21
    1.01987 0.817 0
  1.0492 7 - 1
    0.898803 1 2
  1.05633 9 - 4
    0.767319 0.098718 4
    0.905933 0.818484 2
    0.934709 0.062509 1
    1.05633 0.02029 0
  1.0632 5 - 2
    0.912803 0.5 2
    1.0632 0.5 0
  1.073 3 + 2
    0.520901 0.5 8
    1.073 0.5 0
  1.08113 19 - 2
    0.236222 0.6965 23
    0.426601 0.3035 12
  1.08862 7 - 2
    0.277168 0.7808 19
    0.31015 0.2192 17
  1.0937 19 + 2
    0.239393 0.2293 24
    0.457497 0.7707 11
  1.098 5 + 2
    0.640019 0.5 7
    0.976379 0.5 1
  1.126 1 - 2
    0.36519 0.5 16
    0.552358 0.5 10
  1.133 5 + 2
    0.675019 0.5 7
    1.01138 0.5 1
  1.14997 7 + 3
    0.691989 0.00259 7
    1.02835 0.486305 1
    1.14997 0.511105 0
  1.15816 11 + 3
    0.138295 0.061244 32
    0.251425 0.480129 25
    1.03654 0.458628 1
  1.16556 3 - 3
    0.714048 0.1548 6
    0.876549 0.5952 4
    1.01516 0.25 2
  1.17681 15 + 6
    0.1915 0.445573 31
    0.360106 0.16889 20
    0.540607 0.046167 11
    0.725298 0.019829 6
    0.736168 0.050957 5
    0.908025 0.268584 3
  1.1838 5 - 2
    1.0334 0.5 2
    1.1838 0.5 0
  1.18791 11 - 2
    0.515962 0.090564 13
    0.898899 0.909436 4
  1.20166 17 - 1
    0.23791 1 28
  1.227 7 + 2
    1.0766 0.5 2
    1.227 0.5 0
  1.2306 11 + 6
    0.779088 0.01243 6
    0.941589 0.119599 4
    0.961815 0.002106 3
    1.0802 0.653196 2
    1.10898 0.02297 1
    1.2306 0.189699 0
  1.23636 3 - 3
    0.967575 0.432309 3
    1.11474 0.046881 1
    1.23636 0.52081 0
  1.2415 7 + 3
    0.783519 0.000605 7
    1.11988 0.143899 1
    1.2415 0.855496 0
  1.24278 25 - 1
    0.272605 1 29
  1.28695 11 - 3
    0.30164 0.021239 31
    0.3232 0.315387 28
    0.475498 0.663373 19
  1.296 5 - 2
    1.1456 0.5 2
    1.296 0.5 0
  1.30308 13 + 3
    0.31777 0.021941 31
    0.322871 0.489529 30
    0.342858 0.488529 27
  1.30581 11 + 4
    0.865168 0.0719 5
    1.03702 0.1818 3
    1.18419 0.198 1
    1.30581 0.5483 0
  1.31865 13 + 4
    0.160485 0.290426 44
    0.29878 0.027012 32
    1.04987 0.301927 3
    1.19703 0.380634 1
  1.3221 3 - 1
    0.52686 1 18
  1.3251 21 - 2
    0.24397 0.4275 37
    0.480192 0.5725 23
  1.328 11 - 2
    1.03899 0.5 4
    1.20638 0.5 1
  1.33685 7 + 2
    1.21523 0.6454 1
    1.33685 0.3546 0
  1.34436 11 + 4
    0.903718 0.3497 5
    1.07557 0.1464 3
    1.22274 0.2575 1
    1.34436 0.2464 0
  1.34666 15 + 1
    0.366451 1 30
  1.3485 13 - 2
    0.907858 0.5 5
    1.07971 0.5 3
  1.35233 21 + 2
    0.25863 0.2643 39
    0.498023 0.7357 24
  1.35688 15 + 6
    0.502573 0.005701 24
    0.720677 0.079825 11
    0.916238 0.117093 5
    1.06787 0.076245 4
    1.0881 0.682058 3
    1.20648 0.039078 2
  1.388 13 + 1
    1.09899 1 4
  1.38968 17 + 4
    0.21287 0.5394 46
    0.40437 0.3119 31
    0.535373 0.05026 24
    0.753477 0.09844 11
  1.39467 5 - 1
    0.6162 1 17
  1.4288 1 - 2
    0.66799 0.5 16
    0.855158 0.5 10
  1.43787 17 - 1
    0.08099 1 68
  1.44373 9 + 3
    1.17494 0.4277 3
    1.32211 0.3204 1
    1.44373 0.2519 0
  1.45441 13 + 4
    0.09753 0.186919 68
    1.01377 0.348135 5
    1.18562 0.29523 3
    1.33279 0.169717 1
  1.4646 5 - 2
    1.3142 0.5 2
    1.4646 0.5 0
  1.47101 13 + 4
    0.1652 0.068519 58
    0.834807 0.209296 11
    1.03037 0.175396 5
    1.20222 0.546789 3
  1.47209 11 + 2
    1.2033 0.5467 3
    1.35047 0.4533 1
  1.475 3 - 2
    0.905293 0.5 9
    1.01702 0.5 7
  1.4802 7 - 2
    1.19119 0.5 4
    1.35858 0.5 1
  1.48723 15 + 4
    0.329065 0.1674 44
    1.04659 0.1271 5
    1.21845 0.2784 3
    1.36561 0.4271 1
  1.50276 13 + 4
    0.32595 0.02849 46
    1.06212 0.399004 5
    1.23398 0.183202 3
    1.38114 0.389304 1
  1.50596 13 + 2
    1.06532 0.7816 5
    1.23717 0.2184 3
  1.513 5 - 2
    1.3626 0.5 2
    1.513 0.5 0
  1.5368 27 - 1
    0.29402 1 54
  1.541 3 - 2
    0.971293 0.5 9
    1.08302 0.5 7
  1.5428 21 - 1
    0.34114 1 49
  1.54433 17 + 5
    0.15465 0.001537 70
    0.18745 0.02298 68
    0.36752 0.697288 46
    0.690023 0.122798 24
    0.908127 0.155397 11
  1.555 7 - 2
    1.26599 0.5 4
    1.43338 0.5 1
  1.56411 15 - 5
    0.27716 0.102004 55
    0.36245 0.159706 49
    0.5788 0.027461 31
    0.60036 0.529721 28
    0.709803 0.181107 24
  1.56622 15 + 2
    1.27721 0.4756 4
    1.29743 0.5244 3
  1.57352 7 - 2
    0.17885 0.0785 71
    0.79505 0.9215 17
  1.58145 11 + 3
    1.14081 0.213 5
    1.31266 0.5746 3
    1.45983 0.2124 1
  1.5892 23 - 2
    0.2641 0.8081 61
    0.50807 0.1919 37
  1.601 5 - 2
    1.4506 0.5 2
    1.601 0.5 0
  1.60739 15 + 3
    0.753083 0.261926 24
    0.971187 0.161816 11
    1.16675 0.576258 5
  1.6209 9 + 1
    0.90008 1 15
  1.62326 19 + 3
    0.23358 0.3292 70
    0.44645 0.482 46
    0.987057 0.1888 11
  1.62833 9 - 2
    0.34138 0.2104 55
    0.816878 0.7896 19
  1.6295 23 + 1
    0.5358 1 39
  1.63284 15 + 3
    0.13008 0.3581 82
    0.27596 0.2594 68
    0.996637 0.3825 11
  1.63573 13 + 3
    0.16364 0.03449 78
    0.999527 0.111501 11
    1.36694 0.854008 3
  1.64 3 - 2
    1.07029 0.5 9
    1.18202 0.5 7
  1.6452 3 - 2
    0.68867 0.2974 26
    0.84996 0.7026 18
  1.6501 5 - 2
    1.4997 0.5 2
    1.6501 0.5 0
  1.66147 15 + 2
    1.02527 0.3427 11
    1.22083 0.6573 5
  1.668 5 - 2
    1.5176 0.5 2
    1.668 0.5 0
  1.6709 19 - 1
    0.23303 1 73
  1.67727 15 + 5
    0.17451 0.218104 82
    0.822963 0.270205 24
    1.04107 0.085982 11
    1.23663 0.243905 5
    1.40848 0.181804 3
  1.6788 7 - 1
    0.43602 1 54
  1.6895 1 - 2
    0.92869 0.5 16
    1.11586 0.5 10
  1.69303 15 + 4
    0.838723 0.1848 24
    1.05683 0.4275 11
    1.25239 0.209 5
    1.42424 0.1787 3
  1.7056 5 - 2
    1.5552 0.5 2
    1.7056 0.5 0
  1.7145 7 + 1
    1.14086 1 10
  1.72891 13 + 3
    0.5521 0.735171 46
    0.7436 0.072237 31
    1.05696 0.192592 13
  1.733 7 - 2
    1.44399 0.5 4
    1.61138 0.5 1
  1.739 3 - 2
    1.16929 0.5 9
    1.28102 0.5 7
  1.74554 17 + 3
    0.35586 0.226402 70
    0.39888 0.099491 65
    0.44246 0.674107 57
  1.74657 19 + 3
    0.20224 0.3992 88
    0.65287 0.2362 39
    0.892263 0.3646 24
  1.7485 9 - 2
    1.5981 0.5 2
    1.7485 0.5 0
  1.7529 5 - 2
    1.6025 0.5 2
    1.7529 0.5 0
  1.755 11 + 2
    0.1341 0.1555 97
    1.03418 0.8445 15
  1.75678 7 - 4
    0.12845 0.241798 99
    0.18326 0.071409 92
    0.945328 0.477095 19
    0.97831 0.209698 17
  1.76 3 - 2
    1.19029 0.5 9
    1.30202 0.5 7
  1.766 9 - 2
    1.6156 0.5 2
    1.766 0.5 0
  1.7729 1 - 1
    0.53012 1 54
  1.776 5 - 2
    1.6256 0.5 2
    1.776 0.5 0
  1.78641 17 + 2
    0.17902 0.079028 96
    1.15021 0.920972 11
  1.8041 19 + 1
    0.45744 1 65
  1.80839 3 - 2
    1.23868 0.5 9
    1.35041 0.5 7
  1.81238 17 + 3
    0.17954 0.087909 101
    0.958073 0.647493 24
    1.17618 0.264597 11
  1.82083 15 + 2
    0.966523 0.3385 24
    1.18463 0.6615 11
  1.8244 9 + 1
    0.1099 1 114
  1.8263 5 - 2
    1.6759 0.5 2
    1.8263 0.5 0
  1.8278 5 - 2
    0.1826 0.091536 104
    1.04933 0.908464 17
  1.82927 19 + 3
    0.20601 0.066009 98
    0.48261 0.188398 65
    0.65246 0.745593 46
  1.8419 7 - 2
    1.55289 0.5 4
    1.72028 0.5 1
  1.8518 29 - 1
    0.60902 1 54
  1.8556 3 - 2
    1.28589 0.5 9
    1.39762 0.5 7
  1.8592 9 - 2
    1.7088 0.5 2
    1.8592 0.5 0
  1.8621 1 - 2
    1.10129 0.5 16
    1.28846 0.5 10
  1.8726 25 - 2
    0.2834 0.3534 94
    0.5475 0.6466 61
  1.87765 17 + 2
    0.20038 0.2458 109
    1.24145 0.7542 11
  1.88189 11 + 1
    1.06519 1 20
  1.885 7 - 2
    1.59599 0.5 4
    1.76338 0.5 1
  1.894 5 + 2
    1.43602 0.5 7
    1.77238 0.5 1
  1.9016 3 - 2
    1.33189 0.5 9
    1.44362 0.5 7
  1.9071 7 + 2
    1.7567 0.5 2
    1.9071 0.5 0
  1.9098 13 + 2
    0.1548 0.6179 122
    0.2889 0.3821 97
  1.9184 9 - 2
    1.768 0.5 2
    1.9184 0.5 0
  1.9218 25 + 1
    0.56947 1 67
  1.9253 21 - 2
    0.2544 0.7765 108
    0.48743 0.2235 73
  1.9264 15 + 4
    0.197495 0.091527 115
    0.536725 0.159613 70
    0.749595 0.173714 46
    0.941095 0.575146 31
  1.9275 5 - 2
    1.7771 0.5 2
    1.9275 0.5 0
  1.935 3 - 2
    1.36529 0.5 9
    1.47702 0.5 7
  1.942 7 + 2
    1.7916 0.5 2
    1.942 0.5 0
  1.9476 1 - 2
    1.18679 0.5 16
    1.37396 0.5 10
  1.95719 11 - 2
    0.996968 0.6126 27
    1.14574 0.3874 19
  1.95865 11 + 2
    0.13425 0.4881 133
    0.24415 0.5119 114
  1.9597 5 + 2
    1.50172 0.5 7
    1.83808 0.5 1
  1.966 9 - 2
    1.8156 0.5 2
    1.966 0.5 0
  1.974 3 + 2
    1.4219 0.5 8
    1.974 0.5 0
  1.9768 25 - 1
    0.434 1 87
  1.9821 7 + 2
    1.8317 0.5 2
    1.9821 0.5 0
  1.9904 5 - 2
    1.84 0.5 2
    1.9904 0.5 0
  1.997 9 + 2
    1.70799 0.5 4
    1.87538 0.5 1
  2.006 3 - 2
    1.43629 0.5 9
    1.54802 0.5 7
  2.012 7 + 2
    1.8616 0.5 2
    2.012 0.5 0
  2.0191 5 - 2
    1.8687 0.5 2
    2.0191 0.5 0
  2.0328 1 + 2
    1.46309 0.5 9
    1.57482 0.5 7
  2.0489 3 - 2
    1.47919 0.5 9
    1.59092 0.5 7
  2.05311 13 + 4
    0.17122 0.052538 144
    0.8763 0.620875 46
    1.23641 0.129595 20
    1.38116 0.196992 13
  2.0559 7 - 2
    1.76689 0.5 4
    1.93428 0.5 1
  2.077 9 + 2
    1.78799 0.5 4
    1.95538 0.5 1
  2.085 5 - 2
    1.9346 0.5 2
    2.085 0.5 0
  2.0871 15 + 2
    0.1773 0.5169 149
    0.3321 0.4831 122
  2.0974 7 - 2
    1.80839 0.5 4
    1.97578 0.5 1
  2.1067 3 + 2
    1.5546 0.5 8
    2.1067 0.5 0
  2.1105 13 + 1
    0.15331 1 158
  2.1163 5 - 2
    1.9659 0.5 2
    2.1163 0.5 0
  2.1338 9 - 2
    1.9834 0.5 2
    2.1338 0.5 0
  2.142 1 + 2
    1.57229 0.5 9
    1.68402 0.5 7
  2.15491 17 + 4
    0.228505 0.056224 153
    0.426 0.146112 115
    0.9781 0.462137 46
    1.1696 0.335527 31
  2.158 7 - 2
    1.86899 0.5 4
    2.03638 0.5 1
  2.164 5 - 2
    2.0136 0.5 2
    2.164 0.5 0
  2.1742 27 - 1
    0.585 1 94
  2.185 3 + 2
    1.6329 0.5 8
    2.185 0.5 0
  2.2001 23 - 1
    0.2748 1 152
  2.2055 9 + 2
    1.91649 0.5 4
    2.08388 0.5 1
  2.23 7 + 2
    2.0796 0.5 2
    2.23 0.5 0
  2.241 5 - 2
    2.0906 0.5 2
    2.241 0.5 0
  2.247 15 + 4
    0.19389 0.053891 172
    0.85732 0.384804 70
    1.26169 0.324903 31
    1.4303 0.236402 20
  2.278 3 - 2
    1.70829 0.5 9
    1.82002 0.5 7
  2.294 1 + 2
    1.72429 0.5 9
    1.83602 0.5 7
  2.3451 23 + 1
    0.541 1 129
  2.373 9 - 2
    2.2226 0.5 2
    2.373 0.5 0
  2.417 5 - 2
    2.2666 0.5 2
    2.417 0.5 0
  2.427 7 + 2
    2.2766 0.5 2
    2.427 0.5 0
  2.4978 29 - 1
    0.521 1 163
  2.605 3 + 2
    2.0529 0.5 8
    2.605 0.5 0
  2.637 5 - 2
    2.4866 0.5 2
    2.637 0.5 0
  2.668 7 + 2
    2.5176 0.5 2
    2.668 0.5 0
  2.7 39 - 1
    2.7 1 0

71 178 41
  0 2 + 0
  0.0424 4 + 1
    0.0424 1 0
  0.096 6 + 1
    0.096 1 0
  0.1238 18 - 1
    0.1238 1 0
  0.133 14 - 1
    0.0092 1 3
  0.187 16 + 2
    0.054 0.5 4
    0.0632 0.5 3
  0.215 8 + 1
    0.1726 1 1
  0.3 10 + 1
    0.204 1 2
  0.332 16 - 1
    0.332 1 0
  0.334 20 - 1
    0.002 1 8
  0.366 12 - 2
    0.034 0.5 8
    0.066 0.5 7
  0.3908 2 + 2
    0.3484 0.3969 1
    0.3908 0.6031 0
  0.403 6 - 2
    0.188 0.5 6
    0.3606 0.5 1
  0.475 4 - 2
    0.379 0.5 2
    0.475 0.5 0
  0.499 14 + 2
    0.167 0.5 8
    0.199 0.5 7
  0.553 18 - 2
    0.42 0.5 4
    0.4292 0.5 3
  0.656 8 + 2
    0.441 0.5 6
    0.6136 0.5 1
  0.756 10 + 2
    0.456 0.5 7
    0.66 0.5 2
  0.821 20 - 2
    0.487 0.5 9
    0.489 0.5 8
  0.834 10 + 2
    0.534 0.5 7
    0.738 0.5 2
  0.878 12 + 2
    0.691 0.5 5
    0.745 0.5 4
  0.906 6 - 2
    0.691 0.5 6
    0.8636 0.5 1
  0.974 12 + 2
    0.787 0.5 5
    0.841 0.5 4
  1.033 4 - 2
    0.937 0.5 2
    1.033 0.5 0
  1.068 8 - 2
    0.768 0.5 7
    0.972 0.5 2
  1.133 6 - 2
    0.918 0.5 6
    1.0906 0.5 1
  1.167 4 + 2
    0.952 0.5 6
    1.1246 0.5 1
  1.198 2 - 2
    0.795 0.5 12
    1.1556 0.5 1
  1.215 8 + 2
    1 0.5 6
    1.1726 0.5 1
  1.255 0 - 2
    0.8642 0.5 11
    1.255 0.5 0
  1.29 6 + 2
    1.194 0.5 2
    1.29 0.5 0
  1.341 4 - 2
    1.245 0.5 2
    1.341 0.5 0
  1.364 14 - 2
    1.231 0.5 4
    1.2402 0.5 3
  1.451 8 + 2
    1.236 0.5 6
    1.4086 0.5 1
  1.512 2 + 2
    1.416 0.5 2
    1.512 0.5 0
  1.671 6 - 2
    1.456 0.5 6
    1.6286 0.5 1
  1.692 4 + 2
    1.477 0.5 6
    1.6496 0.5 1
  1.726 10 - 2
    1.511 0.5 6
    1.593 0.5 4
  1.854 8 + 2
    1.639 0.5 6
    1.8116 0.5 1
  1.886 6 - 2
    1.671 0.5 6
    1.8436 0.5 1
  1.958 2 + 2
    1.862 0.5 2
    1.958 0.5 0

71 179 35
  0 7 + 0
  0.035 9 - 1
    0.035 1 0
  0.123 9 + 1
    0.123 1 0
  0.186 11 - 1
    0.063 1 2
  0.273 11 + 2
    0.238 0.5 1
    0.273 0.5 0
  0.357 13 - 2
    0.084 0.5 4
    0.322 0.5 1
  0.5924 1 + 1
    0.5924 1 0
  0.6232 3 + 1
    0.6232 1 0
  0.6534 5 + 1
    0.6534 1 0
  0.735 5 - 2
    0.7 0.5 1
    0.735 0.5 0
  0.872 9 + 2
    0.686 0.5 3
    0.749 0.5 2
  0.9167 3 + 1
    0.3243 1 6
  0.987 9 + 2
    0.801 0.5 3
    0.864 0.5 2
  1.0641 1 + 3
    0.1474 0.381138 11
    0.4107 0.436244 8
    0.4717 0.182618 6
  1.099 7 - 2
    0.913 0.5 3
    0.976 0.5 2
  1.126 3 + 2
    0.5028 0.5 7
    1.126 0.5 0
  1.189 5 + 2
    0.5966 0.5 6
    1.066 0.5 2
  1.2048 1 - 2
    0.1407 0.152 13
    0.6124 0.848 6
  1.262 7 - 2
    1.076 0.5 3
    1.139 0.5 2
  1.292 15 - 1
    1.106 1 3
  1.354 5 - 2
    1.319 0.5 1
    1.354 0.5 0
  1.412 7 - 2
    1.226 0.5 3
    1.289 0.5 2
  1.473 11 - 2
    1.287 0.5 3
    1.35 0.5 2
  1.5565 3 - 1
    0.3517 1 17
  1.5862 13 - 3
    0.3814 0.6709 17
    0.5221 0.1392 13
    0.9938 0.1899 6
  1.599 5 + 2
    1.0066 0.5 6
    1.476 0.5 2
  1.679 7 - 2
    1.493 0.5 3
    1.556 0.5 2
  1.771 17 + 1
    0.479 1 19
  1.82 3 - 2
    1.1666 0.5 8
    1.2276 0.5 6
  2.048 5 + 2
    1.4556 0.5 6
    1.925 0.5 2
  2.115 19 - 2
    0.344 0.5 27
    0.823 0.5 19
  2.136 7 + 2
    2.101 0.5 1
    2.136 0.5 0
  2.216 9 - 2
    2.181 0.5 1
    2.216 0.5 0
  2.239 11 + 2
    2.204 0.5 1
    2.239 0.5 0
  2.336 3 - 2
    1.6826 0.5 8
    1.7436 0.5 6

71 180 13
  0 10 + 0
  0.0139 6 - 1
    0.0139 1 0
  0.10283 8 + 1
    0.10283 1 0
  0.141 12 + 1
    0.141 1 0
  0.1868 4 + 1
    0.1729 1 1
  0.306 14 + 2
    0.165 0.5 3
    0.306 0.5 0
  0.44227 6 + 2
    0.33944 0.891 2
    0.44227 0.109 0
  0.4532 4 + 2
    0.2664 0.6784 4
    0.4393 0.3216 1
  0.496 16 + 2
    0.19 0.5 5
    0.355 0.5 3
  0.562 2 + 3
    0.1088 0.2002 7
    0.11973 0.3078 6
    0.3752 0.492 4
  0.624 18 - 1
    0.128 1 8
  0.9478 2 + 1
    0.3858 1 9
  0.9816 2 + 1
    0.4196 1 9

71 181 1
  0 7 + 0

71 182 1
  0 4 - 0

71 183 1
  0 7 + 0

71 184 1
  0 6 + 0

