12 20 1
  0 0 + 0

12 21 22
  0 5 + 0
  0.2 1 + 1
    0.2 1 0
  1.07 3 - 2
    0.87 0.5 1
    1.07 0.5 0
  1.649 1 - 1
    1.649 1 0
  1.998 1 - 1
    0.349 1 3
  2.048 3 - 2
    1.848 0.5 1
    2.048 0.5 0
  3.086 3 + 2
    1.088 0.5 4
    1.437 0.5 3
  3.244 5 + 2
    3.044 0.5 1
    3.244 0.5 0
  3.347 7 + 1
    0.261 1 6
  3.643 9 + 2
    0.399 0.5 7
    3.643 0.5 0
  3.752 3 - 2
    3.552 0.5 1
    3.752 0.5 0
  3.901 5 - 2
    1.903 0.5 4
    2.252 0.5 3
  4.01 1 + 2
    3.81 0.5 1
    4.01 0.5 0
  4.261 7 - 2
    3.191 0.5 2
    4.261 0.5 0
  4.987 3 + 2
    2.989 0.5 4
    3.338 0.5 3
  5.158 5 - 2
    3.16 0.5 4
    3.509 0.5 3
  5.318 11 + 1
    1.971 1 8
  5.421 3 - 2
    5.221 0.5 1
    5.421 0.5 0
  5.614 1 + 2
    5.414 0.5 1
    5.614 0.5 0
  5.757 5 - 2
    3.759 0.5 4
    4.108 0.5 3
  5.862 3 + 2
    3.864 0.5 4
    4.213 0.5 3
  6.052 7 - 2
    4.982 0.5 2
    6.052 0.5 0

12 22 68
  0 0 + 0
  1.24702 4 + 1
    1.24702 1 0
  3.30822 8 + 1
    2.0612 1 1
  4.402 4 + 3
    1.09378 0.052168 2
    3.15498 0.869574 1
    4.402 0.078258 0
  5.0057 6 - 1
    0.603701 1 3
  5.0354 4 + 2
    3.78838 0.8772 1
    5.0354 0.1228 0
  5.29311 6 + 1
    1.98489 1 2
  5.296 2 - 1
    0.894 1 3
  5.318 8 + 2
    4.07098 0.6993 1
    5.318 0.3007 0
  5.4524 6 + 2
    2.14418 0.2248 2
    4.20538 0.7752 1
  5.7114 4 + 2
    4.46438 0.8696 1
    5.7114 0.1304 0
  5.838 8 + 2
    2.52978 0.2 2
    4.59098 0.8 1
  5.962 0 + 2
    4.71498 0.5 1
    5.962 0.5 0
  6.0458 2 - 2
    4.79878 0.5 1
    6.0458 0.5 0
  6.2466 8 + 1
    2.93838 1 2
  6.25423 12 + 1
    2.94601 1 2
  6.3295 2 - 2
    5.08248 0.5 1
    6.3295 0.5 0
  6.6093 4 + 2
    5.36228 0.5 1
    6.6093 0.5 0
  6.77 6 - 2
    3.46178 0.5 2
    5.52298 0.5 1
  6.983 6 - 2
    3.67478 0.5 2
    5.73598 0.5 1
  7.209 0 + 2
    5.96198 0.5 1
    7.209 0.5 0
  7.402 2 - 2
    6.15498 0.5 1
    7.402 0.5 0
  7.611 2 - 2
    6.36398 0.5 1
    7.611 0.5 0
  7.674 2 - 2
    6.42698 0.5 1
    7.674 0.5 0
  7.757 4 - 2
    2.3046 0.5 9
    2.46389 0.5 6
  7.81 4 + 2
    6.56298 0.5 1
    7.81 0.5 0
  7.938 2 - 2
    6.69098 0.5 1
    7.938 0.5 0
  8.062 2 - 2
    6.81498 0.5 1
    8.062 0.5 0
  8.201 4 - 2
    2.7486 0.5 9
    2.90789 0.5 6
  8.29 0 - 2
    0.089 0.5 28
    0.533 0.5 24
  8.385 2 - 2
    7.13798 0.5 1
    8.385 0.5 0
  8.517 4 - 2
    3.0646 0.5 9
    3.22389 0.5 6
  8.606 2 + 2
    3.1536 0.5 9
    3.31289 0.5 6
  8.644 10 - 2
    3.6383 0.5 4
    5.33578 0.5 2
  8.774 4 + 2
    7.52698 0.5 1
    8.774 0.5 0
  8.925 6 - 2
    5.61678 0.5 2
    7.67798 0.5 1
  9.029 2 + 2
    3.5766 0.5 9
    3.73589 0.5 6
  9.066 0 - 2
    0.865 0.5 28
    1.309 0.5 24
  9.157 4 + 2
    7.90998 0.5 1
    9.157 0.5 0
  9.248 2 - 2
    8.00098 0.5 1
    9.248 0.5 0
  9.329 6 + 2
    3.8766 0.5 9
    4.03589 0.5 6
  9.378 4 - 2
    3.9256 0.5 9
    4.08489 0.5 6
  9.452 2 + 2
    3.9996 0.5 9
    4.15889 0.5 6
  9.54 0 - 2
    1.339 0.5 28
    1.783 0.5 24
  9.64 4 + 2
    8.39298 0.5 1
    9.64 0.5 0
  9.712 2 - 2
    8.46498 0.5 1
    9.712 0.5 0
  9.746 6 + 2
    4.2936 0.5 9
    4.45289 0.5 6
  9.851 4 - 2
    4.3986 0.5 9
    4.55789 0.5 6
  9.948 2 + 2
    4.4956 0.5 9
    4.65489 0.5 6
  10.108 0 - 2
    1.907 0.5 28
    2.351 0.5 24
  10.19 2 + 2
    4.7376 0.5 9
    4.89689 0.5 6
  10.266 4 - 2
    4.8136 0.5 9
    4.97289 0.5 6
  10.404 6 + 2
    4.9516 0.5 9
    5.11089 0.5 6
  10.572 2 - 2
    9.32498 0.5 1
    10.572 0.5 0
  10.638 4 + 2
    9.39098 0.5 1
    10.638 0.5 0
  10.768 0 - 2
    2.567 0.5 28
    3.011 0.5 24
  10.905 6 + 2
    5.4526 0.5 9
    5.61189 0.5 6
  11.006 2 - 2
    9.75898 0.5 1
    11.006 0.5 0
  11.121 4 + 2
    9.87398 0.5 1
    11.121 0.5 0
  11.231 2 - 2
    9.98398 0.5 1
    11.231 0.5 0
  11.313 4 + 2
    10.066 0.5 1
    11.313 0.5 0
  11.581 0 - 2
    3.38 0.5 28
    3.824 0.5 24
  11.742 6 + 2
    6.2896 0.5 9
    6.44889 0.5 6
  11.881 2 - 2
    10.634 0.5 1
    11.881 0.5 0
  12.003 4 + 2
    10.756 0.5 1
    12.003 0.5 0
  12.169 8 - 2
    6.7166 0.5 9
    6.87589 0.5 6
  12.45 2 + 2
    6.9976 0.5 9
    7.15689 0.5 6
  14.044 6 + 2
    8.5916 0.5 9
    8.75089 0.5 6

12 23 101
  0 3 + 0
  0.45071 5 + 1
    0.45071 1 0
  2.0522 7 + 2
    1.60149 0.8237 1
    2.0522 0.1763 0
  2.359 1 + 2
    1.90829 0.6897 1
    2.359 0.3103 0
  2.7147 5 + 2
    0.6625 0.3289 2
    2.26399 0.6711 1
  2.771 1 - 1
    2.771 1 0
  2.9081 3 + 2
    2.45739 0.3711 1
    2.9081 0.6289 0
  3.798 3 - 3
    1.027 0.068967 5
    3.34729 0.862065 1
    3.798 0.068967 0
  3.864 3 + 2
    1.8118 0.5 2
    3.864 0.5 0
  3.973 5 - 3
    1.0649 0.1176 6
    1.9208 0.4902 2
    3.973 0.3922 0
  4.353 1 + 2
    1.994 0.038462 3
    4.353 0.961538 0
  4.685 1 + 2
    2.326 0.5 3
    4.23429 0.5 1
  5.287 3 + 2
    3.2348 0.5 2
    5.287 0.5 0
  5.4532 9 - 2
    1.4802 0.5 9
    3.401 0.5 2
  5.656 5 + 2
    3.297 0.5 3
    5.20529 0.5 1
  5.691 1 + 2
    3.332 0.5 3
    5.24029 0.5 1
  5.711 3 + 2
    3.6588 0.5 2
    5.711 0.5 0
  5.932 7 - 2
    3.2173 0.5 4
    5.48129 0.5 1
  5.984 3 - 2
    3.625 0.5 3
    5.53329 0.5 1
  6.125 5 - 2
    4.0728 0.5 2
    6.125 0.5 0
  6.191 13 + 2
    0.7378 0.5 13
    3.4763 0.5 4
  6.236 1 + 2
    3.877 0.5 3
    5.78529 0.5 1
  6.375 7 - 2
    3.6603 0.5 4
    5.92429 0.5 1
  6.442 11 - 2
    0.251 0.5 20
    0.51 0.5 17
  6.507 5 + 2
    4.148 0.5 3
    6.05629 0.5 1
  6.538 3 + 2
    4.4858 0.5 2
    6.538 0.5 0
  6.568 5 + 2
    4.209 0.5 3
    6.11729 0.5 1
  6.771 1 - 2
    4 0.5 5
    6.771 0.5 0
  6.799 3 - 2
    4.44 0.5 3
    6.34829 0.5 1
  6.81 7 - 2
    4.0953 0.5 4
    6.35929 0.5 1
  6.899 5 + 2
    4.54 0.5 3
    6.44829 0.5 1
  6.984 5 + 2
    4.625 0.5 3
    6.53329 0.5 1
  7.017 1 + 2
    4.658 0.5 3
    6.56629 0.5 1
  7.111 3 - 2
    4.752 0.5 3
    6.66029 0.5 1
  7.146 5 + 2
    4.787 0.5 3
    6.69529 0.5 1
  7.229 3 - 2
    4.87 0.5 3
    6.77829 0.5 1
  7.258 1 - 2
    4.487 0.5 5
    7.258 0.5 0
  7.381 3 - 2
    5.022 0.5 3
    6.93029 0.5 1
  7.444 9 - 2
    3.471 0.5 9
    5.3918 0.5 2
  7.493 7 - 2
    4.7783 0.5 4
    7.04229 0.5 1
  7.586 5 + 2
    5.227 0.5 3
    7.13529 0.5 1
  7.6244 9 + 1
    7.17369 1 1
  7.648 3 + 1
    7.19729 1 1
  7.7702 9 + 2
    2.317 0.42 13
    5.0555 0.58 4
  7.7822 11 + 2
    5.0675 0.67 4
    5.73 0.33 2
  7.7857 7 + 1
    7.33499 1 1
  7.8022 5 + 2
    7.35149 0.4286 1
    7.8022 0.5714 0
  7.8548 7 + 3
    5.1401 0.6173 4
    5.8026 0.2716 2
    7.40409 0.1111 1
  8.0172 1 - 2
    5.3025 0.7092 4
    5.965 0.2908 2
  8.059 3 - 1
    8.059 1 0
  8.076 1 - 2
    5.305 0.5 5
    8.076 0.5 0
  8.1633 5 + 3
    6.1111 0.20128 2
    7.71259 0.149385 1
    8.1633 0.649335 0
  8.193 3 - 2
    5.834 0.5 3
    7.74229 0.5 1
  8.287 1 - 1
    5.5723 1 4
  8.353 3 - 1
    7.90229 1 1
  8.393 3 - 2
    6.034 0.5 3
    7.94229 0.5 1
  8.42 1 - 2
    5.649 0.5 5
    8.42 0.5 0
  8.453 3 - 2
    6.094 0.5 3
    8.00229 0.5 1
  8.557 1 - 2
    5.786 0.5 5
    8.557 0.5 0
  8.617 5 - 2
    6.5648 0.5 2
    8.617 0.5 0
  8.758 3 - 2
    6.399 0.5 3
    8.30729 0.5 1
  8.793 1 - 2
    6.022 0.5 5
    8.793 0.5 0
  8.87 3 + 2
    6.8178 0.5 2
    8.87 0.5 0
  8.916 5 - 2
    6.8638 0.5 2
    8.916 0.5 0
  8.943 15 + 1
    2.752 1 20
  8.99 1 - 2
    6.219 0.5 5
    8.99 0.5 0
  9.018 3 + 2
    6.9658 0.5 2
    9.018 0.5 0
  9.06 7 - 2
    6.3453 0.5 4
    8.60929 0.5 1
  9.103 5 + 2
    6.744 0.5 3
    8.65229 0.5 1
  9.138 3 - 2
    6.779 0.5 3
    8.68729 0.5 1
  9.253 1 + 2
    6.894 0.5 3
    8.80229 0.5 1
  9.328 5 - 2
    7.2758 0.5 2
    9.328 0.5 0
  9.374 3 + 2
    7.3218 0.5 2
    9.374 0.5 0
  9.403 1 - 2
    6.632 0.5 5
    9.403 0.5 0
  9.42 7 + 2
    7.3678 0.5 2
    9.42 0.5 0
  9.465 3 - 2
    7.106 0.5 3
    9.01429 0.5 1
  9.596 17 + 1
    3.405 1 20
  9.642 5 - 2
    7.5898 0.5 2
    9.642 0.5 0
  9.662 1 + 2
    7.303 0.5 3
    9.21129 0.5 1
  9.717 3 - 2
    7.358 0.5 3
    9.26629 0.5 1
  9.75 5 + 2
    7.391 0.5 3
    9.29929 0.5 1
  9.85 3 - 2
    7.491 0.5 3
    9.39929 0.5 1
  9.97 3 - 2
    7.611 0.5 3
    9.51929 0.5 1
  10.12 1 + 2
    7.761 0.5 3
    9.66929 0.5 1
  10.27 3 - 2
    7.911 0.5 3
    9.81929 0.5 1
  10.44 3 - 2
    8.081 0.5 3
    9.98929 0.5 1
  10.57 3 - 2
    8.211 0.5 3
    10.1193 0.5 1
  10.75 5 + 2
    8.391 0.5 3
    10.2993 0.5 1
  10.92 1 + 2
    8.561 0.5 3
    10.4693 0.5 1
  11.03 7 + 2
    8.9778 0.5 2
    11.03 0.5 0
  11.21 5 + 2
    8.851 0.5 3
    10.7593 0.5 1
  11.38 1 - 2
    8.609 0.5 5
    11.38 0.5 0
  11.54 7 + 2
    9.4878 0.5 2
    11.54 0.5 0
  11.8 5 - 2
    9.7478 0.5 2
    11.8 0.5 0
  11.99 1 + 2
    9.631 0.5 3
    11.5393 0.5 1
  12.48 5 - 2
    10.4278 0.5 2
    12.48 0.5 0
  12.69 3 + 2
    10.6378 0.5 2
    12.69 0.5 0
  12.94 1 - 2
    10.169 0.5 5
    12.94 0.5 0
  13.28 7 + 2
    11.2278 0.5 2
    13.28 0.5 0
  14.13 21 + 1
    4.534 1 76
  14.56 19 + 1
    5.617 1 64

12 24 186
  0 0 + 0
  1.36867 4 + 1
    1.36867 1 0
  4.12289 8 + 1
    2.75422 1 1
  4.23824 4 + 2
    2.86957 0.2107 1
    4.23824 0.7893 0
  5.23512 6 + 2
    0.99688 0.02629 3
    3.86645 0.97371 1
  6.01084 8 + 4
    0.77572 0.013129 4
    1.7726 0.097155 3
    1.88795 0.014359 2
    4.64217 0.875356 1
  6.4323 0 + 2
    2.19406 0.1742 3
    5.06363 0.8258 1
  7.349 4 + 2
    5.98033 0.3789 1
    7.349 0.6211 0
  7.55504 2 - 3
    3.3168 0.23 3
    6.18637 0.3005 1
    7.55504 0.4695 0
  7.61647 6 - 5
    2.38135 0.04284 4
    3.37823 0.04896 3
    3.49358 0.04529 2
    6.2478 0.612006 1
    7.61647 0.250903 0
  7.74751 2 + 3
    3.50927 0.084927 3
    6.37884 0.658353 1
    7.74751 0.256721 0
  7.81235 10 + 3
    1.80151 0.071863 5
    2.57723 0.598824 4
    3.68946 0.329313 2
  8.1142 12 + 1
    3.99131 1 2
  8.35798 6 - 4
    2.34714 0.132504 5
    3.12286 0.198806 4
    6.98931 0.602418 1
    8.35798 0.066272 0
  8.43731 2 - 3
    4.19907 0.089546 3
    7.06864 0.164192 1
    8.43731 0.746263 0
  8.43936 8 + 7
    0.82289 0.000329 9
    1.09036 0.002175 7
    2.42852 0.01186 5
    3.20424 0.04719 4
    4.20112 0.06195 3
    4.31647 0.217499 2
    7.07069 0.658997 1
  8.65453 4 + 3
    2.22223 0.030961 6
    4.41629 0.132205 3
    7.28586 0.836833 1
  8.86429 4 - 4
    3.62917 0.019359 4
    4.62605 0.079387 3
    7.49562 0.892066 1
    8.86429 0.009188 0
  9.00334 4 + 4
    1.65434 0.074996 7
    2.57104 0.081246 6
    4.88045 0.218789 2
    9.00334 0.624969 0
  9.14599 2 - 3
    4.90775 0.2488 3
    7.77732 0.2817 1
    9.14599 0.4695 0
  9.28422 4 + 2
    5.16133 0.1803 2
    7.91555 0.8197 1
  9.29977 6 - 2
    1.6833 0.641 9
    5.17688 0.359 2
  9.30115 8 + 4
    1.95215 0.03811 7
    5.06291 0.0147 3
    5.17826 0.402796 2
    7.93248 0.544395 1
  9.30539 0 + 1
    7.93672 1 1
  9.45781 6 + 7
    1.7103 0.01384 10
    2.10881 0.009888 7
    3.44697 0.01384 5
    4.22269 0.079102 4
    5.21957 0.036911 3
    5.33492 0.187204 2
    8.08914 0.659214 1
  9.51628 8 + 7
    1.07692 0.405025 15
    1.70393 0.00045 11
    1.89981 0.022371 9
    3.50544 0.053943 5
    4.28116 0.018031 4
    5.39339 0.499431 2
    8.14761 0.000749 1
  9.5278 12 + 2
    3.51696 0.781222 5
    5.40491 0.218778 2
  9.53248 4 + 4
    1.91601 0.032119 9
    4.29736 0.169297 4
    5.29424 0.364593 3
    8.16381 0.433991 1
  9.82811 2 + 3
    3.39581 0.015859 6
    8.45944 0.228886 1
    9.82811 0.755255 0
  9.96719 2 + 2
    8.59852 0.2754 1
    9.96719 0.7246 0
  10.028 10 - 6
    1.67002 0.184904 13
    2.21565 0.029741 11
    2.41153 0.035851 9
    4.01716 0.093692 5
    5.90511 0.407308 2
    8.65933 0.248505 1
  10.0585 2 - 2
    5.82026 0.1379 3
    8.68983 0.8621 1
  10.1109 2 - 1
    8.74223 1 1
  10.161 0 + 2
    8.79233 0.5 1
    10.161 0.5 0
  10.3333 2 - 2
    6.09506 0.3789 3
    8.96463 0.6211 1
  10.3605 4 + 4
    3.9282 0.00681 6
    5.12538 0.017031 4
    8.99183 0.567534 1
    10.3605 0.408625 0
  10.576 8 + 4
    1.05972 0.4234 25
    1.27485 0.1575 22
    2.13664 0.2498 15
    5.34088 0.1693 4
  10.5813 2 - 5
    4.57046 0.079945 5
    5.34618 0.207212 4
    6.34306 0.388023 3
    6.45841 0.145909 2
    9.21263 0.178911 1
  10.6596 4 - 2
    9.29093 0.3007 1
    10.6596 0.6993 0
  10.6699 8 + 3
    5.43473 0.081628 4
    6.54696 0.238093 2
    9.30118 0.68028 1
  10.6797 0 + 4
    3.12466 0.005098 8
    3.3307 0.02039 7
    6.44146 0.124901 3
    9.31103 0.84961 1
  10.7117 2 + 2
    9.34303 0.218778 1
    10.7117 0.781222 0
  10.7308 4 + 3
    5.49568 0.072991 4
    6.49256 0.197102 3
    9.36213 0.729907 1
  10.8207 6 - 1
    9.45203 1 1
  10.917 4 + 7
    4.4847 0.004002 6
    4.90616 0.008005 5
    5.68188 0.01304 4
    6.67876 0.004991 3
    6.79411 0.160094 2
    9.54833 0.470882 1
    10.917 0.338987 0
  11.0105 6 - 2
    2.57114 0.6803 15
    4.99966 0.3197 5
  11.0158 4 + 9
    1.04861 0.020252 29
    3.26829 0.005022 10
    3.46076 0.002997 8
    5.00496 0.006967 5
    5.78068 0.012151 4
    6.77756 0.019441 3
    6.89291 0.008101 2
    9.64713 0.810061 1
    11.0158 0.115009 0
  11.128 2 - 1
    3.51153 1 9
  11.162 6 - 7
    2.72264 0.041788 15
    3.60696 0.044668 8
    5.15116 0.094376 5
    5.92688 0.080687 4
    7.03911 0.013039 2
    9.79333 0.72047 1
    11.162 0.004971 0
  11.181 6 - 2
    7.05811 0.5 2
    9.81233 0.5 1
  11.1868 2 - 1
    9.81813 1 1
  11.2084 2 - 1
    9.83973 1 1
  11.2168 8 + 6
    1.70052 0.01204 25
    2.56227 0.006965 16
    3.8678 0.00301 7
    5.98168 0.007997 4
    7.09391 0.110099 2
    9.84813 0.85989 1
  11.2932 4 - 5
    1.99205 0.040739 22
    2.00898 0.188896 20
    2.93522 0.370393 13
    3.67673 0.081478 9
    7.17031 0.318494 2
  11.3144 6 + 1
    9.94573 1 1
  11.3302 2 - 1
    9.96153 1 1
  11.3898 2 - 7
    1.42261 0.007061 29
    2.95044 0.007061 15
    3.64229 0.010139 10
    4.9575 0.00811 6
    7.15156 0.015379 3
    10.0211 0.699164 1
    11.3898 0.253087 0
  11.394 0 - 2
    2.52971 0.5 17
    3.64649 0.5 10
  11.4525 4 + 12
    0.721699 0.01496 42
    0.7408 0.004005 41
    1.394 0.005017 31
    1.48531 0.055891 29
    3.70499 0.01408 10
    3.83603 0.004005 9
    4.1035 0.005985 7
    6.21738 0.01804 4
    7.21426 0.209902 3
    7.32961 0.008009 2
    10.0838 0.440104 1
    11.4525 0.220002 0
  11.457 4 + 2
    10.0883 0.5 1
    11.457 0.5 0
  11.5182 4 + 11
    0.7874 0.01002 42
    1.4597 0.01323 31
    1.55101 0.006992 29
    3.16022 0.002016 13
    3.77069 0.006992 10
    3.90173 0.009007 9
    5.0859 0.076849 6
    7.27996 0.051019 3
    7.39531 0.044089 2
    10.1495 0.149897 1
    11.5182 0.629889 0
  11.528 2 - 2
    10.1593 0.5 1
    11.528 0.5 0
  11.596 6 - 7
    2.07972 0.09591 25
    2.29485 0.02596 22
    2.29623 0.33 21
    2.31178 0.05499 20
    3.23802 0.03608 13
    3.97953 0.4399 9
    7.47311 0.01716 2
  11.618 0 - 2
    2.75371 0.5 17
    3.87049 0.5 10
  11.6956 8 + 12
    0.6851 0.007996 45
    2.39445 0.4393 22
    2.39583 0.004833 21
    3.04107 0.01098 16
    3.25624 0.01582 15
    3.88325 0.006151 11
    4.3466 0.02592 7
    5.68476 0.02197 5
    6.46048 0.02987 4
    7.45736 0.08699 3
    7.57271 0.06897 2
    10.3269 0.2812 1
  11.7281 0 + 4
    1.76091 0.032009 29
    4.17306 0.014999 8
    7.48986 0.033029 3
    10.3594 0.919963 1
  11.827 2 - 2
    10.4583 0.5 1
    11.827 0.5 0
  11.862 4 - 1
    3.7478 1 12
  11.8649 2 - 5
    4.30986 0.02506 8
    4.5159 0.009969 7
    7.62666 0.02506 3
    10.4962 0.370304 1
    11.8649 0.569606 0
  11.904 4 - 2
    4.15649 0.5 10
    6.66888 0.5 4
  11.9312 2 - 2
    10.5625 0.5 1
    11.9312 0.5 0
  11.9696 4 + 10
    0.761199 0.003144 51
    1.2388 0.012919 42
    1.9111 0.041906 31
    2.00241 0.017108 29
    5.5373 0.032827 6
    6.73448 0.20958 4
    7.73136 0.160685 3
    7.84671 0.011879 2
    10.6009 0.349267 1
    11.9696 0.160685 0
  11.9877 4 + 12
    1.2569 0.004136 42
    1.9292 0.006893 31
    2.70348 0.009191 20
    2.98436 0.005974 18
    3.12341 0.05009 17
    3.54834 0.02757 15
    4.24019 0.05055 10
    4.43266 0.01517 8
    6.75258 0.082719 4
    7.74946 0.459597 3
    10.619 0.280298 1
    11.9877 0.007813 0
  12.0023 2 - 4
    0.991799 0.119895 45
    3.56294 0.059938 15
    5.99146 0.189292 5
    7.87941 0.630875 2
  12.0152 6 - 2
    7.89231 0.5 2
    10.6465 0.5 1
  12.0491 8 + 4
    6.03826 0.049682 5
    6.81398 0.220309 4
    7.92621 0.719929 2
    10.6804 0.01008 1
  12.1195 0 - 5
    2.60322 0.369004 25
    6.10866 0.099631 5
    7.88126 0.339503 3
    7.99661 0.140201 2
    10.7508 0.051661 1
  12.1283 2 - 1
    4.31595 1 11
  12.1606 8 + 6
    2.64432 0.089701 25
    3.15726 0.01988 18
    6.92548 0.03007 4
    7.92236 0.060141 3
    8.03771 0.509705 2
    10.7919 0.290503 1
  12.1812 6 - 10
    0.9644 0.01494 52
    1.4504 0.01422 42
    1.8207 0.035561 35
    2.21401 0.009957 29
    3.52667 0.034141 16
    4.43369 0.026321 10
    5.7489 0.0128 6
    7.94296 0.091043 3
    10.8125 0.711223 1
    12.1812 0.049792 0
  12.2575 6 - 2
    8.13461 0.5 2
    10.8888 0.5 1
  12.2984 4 + 12
    1.08155 0.014861 52
    2.33116 0.004953 29
    2.47024 0.009906 28
    3.29501 0.019811 18
    3.43406 0.040073 17
    3.85899 0.025212 15
    4.94935 0.040073 7
    7.06323 0.109907 4
    8.06011 0.450229 3
    8.17546 0.004953 2
    10.9297 0.270117 1
    12.2984 0.009906 0
  12.339 2 - 9
    1.6794 0.004946 38
    3.33566 0.022932 18
    3.68447 0.010791 16
    4.72253 0.040023 9
    4.99 0.130411 7
    7.10388 0.211318 4
    8.10076 0.449638 3
    8.21611 0.022032 2
    10.9703 0.107909 1
  12.344 2 - 1
    4.53165 1 11
  12.383 4 - 2
    4.63549 0.5 10
    7.14788 0.5 4
  12.3987 0 - 10
    2.3402 0.0152 31
    2.88242 0.070149 25
    2.94089 0.01091 24
    3.39536 0.0191 18
    4.78223 0.03897 9
    5.0497 0.120799 7
    7.16358 0.171498 4
    8.16046 0.389696 3
    8.27581 0.02338 2
    11.03 0.140299 1
  12.4033 4 + 13
    3.10353 0.01514 21
    3.39996 0.02776 18
    3.53901 0.01577 17
    3.74877 0.119898 16
    3.96599 0.02587 14
    4.04532 0.01009 13
    4.78683 0.075079 9
    5.0543 0.01893 7
    7.16818 0.01199 4
    8.16506 0.630892 3
    8.28041 0.008833 2
    11.0346 0.02082 1
    12.4033 0.01893 0
  12.441 2 - 1
    2.413 1 30
  12.449 0 - 2
    3.58471 0.5 17
    4.70149 0.5 10
  12.468 4 + 2
    11.0993 0.5 1
    12.468 0.5 0
  12.504 8 + 5
    5.155 0.03018 7
    7.26888 0.08012 4
    8.26576 0.2393 3
    8.38111 0.1301 2
    11.1353 0.5203 1
  12.5265 2 - 11
    1.7957 0.008 42
    2.468 0.025259 31
    2.69839 0.01095 28
    3.66221 0.029469 17
    3.87197 0.054739 16
    4.08919 0.029469 14
    4.77899 0.067369 10
    6.0942 0.138897 6
    8.28826 0.151597 3
    11.1578 0.063159 1
    12.5265 0.421092 0
  12.577 4 + 2
    11.2083 0.5 1
    12.577 0.5 0
  12.6368 8 + 7
    3.17899 0.006823 24
    4.82445 0.027289 11
    6.62596 0.121295 5
    7.40168 0.065957 4
    8.39856 0.005307 3
    8.51391 0.75817 2
    11.2681 0.015159 1
  12.6572 6 - 2
    8.53431 0.5 2
    11.2885 0.5 1
  12.6589 6 - 10
    1.9281 0.01859 42
    2.6004 0.059481 31
    3.14262 0.081781 25
    3.79461 0.100401 17
    4.91139 0.01859 10
    5.3099 0.070631 7
    7.42378 0.02974 4
    8.42066 0.371704 3
    8.53601 0.059481 2
    11.2902 0.189602 1
  12.6699 4 - 20
    0.682201 0.010869 72
    1.2174 0.005133 58
    1.4615 0.00604 51
    1.4831 0.005736 50
    1.7529 0.003322 44
    1.8492 0.002114 43
    1.9391 0.024459 42
    1.9582 0.012683 41
    2.0103 0.005133 38
    2.3094 0.001208 35
    2.3366 0.008452 34
    2.6114 0.00755 31
    2.70271 0.008756 29
    2.84179 0.030798 28
    3.13742 0.061313 27
    3.38568 0.033818 20
    3.52391 0.013585 19
    3.66656 0.020228 18
    3.80561 0.724608 17
    4.01537 0.014193 16
  12.7314 2 - 2
    11.3627 0.5 1
    12.7314 0.5 0
  12.7371 4 + 2
    11.3684 0.5 1
    12.7371 0.5 0
  12.776 4 + 2
    11.4073 0.5 1
    12.776 0.5 0
  12.8059 4 + 5
    6.3736 0.009927 6
    7.57078 0.01985 4
    8.56766 0.050301 3
    11.4372 0.258106 1
    12.8059 0.661815 0
  12.8159 2 - 11
    2.4554 0.0101 35
    2.98779 0.01515 28
    3.95161 0.023301 17
    4.16137 0.066022 16
    4.37859 0.034951 14
    5.06839 0.069902 10
    6.3836 0.069902 6
    7.58078 0.01165 4
    8.57766 0.209706 3
    11.4472 0.101003 1
    12.8159 0.388312 0
  12.845 2 - 5
    6.83416 0.030019 5
    7.60988 0.020179 4
    8.60676 0.492085 3
    8.72211 0.359289 2
    11.4763 0.098427 1
  12.8503 0 - 2
    3.98601 0.5 17
    5.10279 0.5 10
  12.852 2 + 4
    7.61688 0.290685 4
    8.61376 0.558972 3
    11.4833 0.100595 1
    12.852 0.049748 0
  12.861 6 - 4
    3.55985 0.246412 22
    4.42164 0.189609 15
    6.85016 0.473924 5
    8.73811 0.090055 2
  12.8932 0 + 5
    4.23867 0.030171 16
    5.14569 0.049571 10
    7.65808 0.122102 4
    8.65496 0.079742 3
    11.5245 0.718414 1
  12.9197 2 - 7
    3.63548 0.069767 20
    4.26517 0.040698 16
    4.56172 0.168593 13
    7.68458 0.290688 4
    8.68146 0.209292 3
    8.79681 0.151194 2
    11.551 0.069767 1
  12.9549 6 + 20
    1.5024 0.000513 58
    2.2432 0.000171 41
    2.2752 0.000154 40
    2.5944 0.01224 35
    2.844 0.001027 32
    2.8964 0.001369 31
    2.98771 0.000257 29
    3.12679 0.007616 28
    3.64951 0.006932 23
    3.80891 0.005563 19
    3.95156 0.000257 18
    4.09061 0.002653 17
    4.30037 0.001712 16
    4.51554 0.000513 15
    5.20739 0.000128 10
    5.6059 0.001369 7
    6.5226 0.01001 6
    8.71666 0.009585 3
    11.5862 0.855783 1
    12.9549 0.082148 0
  12.9619 2 - 5
    2.9034 0.029841 31
    7.72678 0.152806 4
    8.72366 0.029841 3
    11.5932 0.727829 1
    12.9619 0.059682 0
  12.966 4 + 2
    11.5973 0.5 1
    12.966 0.5 0
  12.972 8 + 2
    8.84911 0.5 2
    11.6033 0.5 1
  12.9958 0 - 2
    4.13151 0.5 17
    5.24829 0.5 10
  13.0279 2 - 11
    2.6674 0.004902 35
    3.57009 0.0201 24
    3.72813 0.0152 21
    4.02456 0.039221 18
    4.37337 0.0201 16
    4.59059 0.0152 14
    5.41143 0.107802 9
    7.79278 0.490209 4
    8.78966 0.240204 3
    8.90501 0.029901 2
    11.6592 0.01716 1
  13.044 0 + 5
    3.07681 0.294082 29
    3.21589 0.421575 28
    4.60669 0.127492 14
    5.29649 0.098034 10
    5.48896 0.058816 8
  13.0502 4 - 17
    0.921899 0.000362 77
    1.72 0.000181 55
    1.8334 0.0029 52
    2.2295 0.000471 43
    2.38035 0.002718 39
    2.4689 0.020659 37
    3.0222 0.004712 30
    3.59239 0.022839 24
    3.74905 0.003172 22
    3.75043 0.000815 21
    3.76598 0.001269 20
    5.23785 0.001812 11
    5.43373 0.000118 9
    7.03936 0.016489 5
    7.81508 0.014499 4
    8.92731 0.906167 2
    11.6815 0.000815 1
  13.056 8 - 4
    2.7227 0.108811 34
    4.69802 0.10201 13
    5.43953 0.108811 9
    8.93311 0.680368 2
  13.0868 6 + 9
    3.80258 0.080903 20
    4.43227 0.017978 16
    4.72882 0.200782 13
    7.07596 0.029967 5
    7.85168 0.299674 4
    8.84856 0.119889 3
    8.96391 0.188783 2
    11.7181 0.059925 1
    13.0868 0.002098 0
  13.131 2 + 2
    5.38349 0.5 10
    7.89588 0.5 4
  13.137 4 - 2
    5.38949 0.5 10
    7.90188 0.5 4
  13.144 2 + 2
    5.39649 0.5 10
    7.90888 0.5 4
  13.1585 6 - 2
    9.03561 0.5 2
    11.7898 0.5 1
  13.1826 4 + 2
    11.8139 0.5 1
    13.1826 0.5 0
  13.198 2 - 2
    11.8293 0.5 1
    13.198 0.5 0
  13.213 4 + 2
    11.8443 0.5 1
    13.213 0.5 0
  13.253 6 - 2
    9.13011 0.5 2
    11.8843 0.5 1
  13.2668 2 + 2
    5.51929 0.5 10
    8.03168 0.5 4
  13.2736 0 - 2
    4.40931 0.5 17
    5.52609 0.5 10
  13.332 4 + 2
    11.9633 0.5 1
    13.332 0.5 0
  13.3438 6 + 13
    1.8256 0.006612 60
    2.6842 0.066123 38
    3.88599 0.066123 24
    4.04403 0.132287 21
    4.34046 0.009745 18
    4.90444 0.348065 15
    5.72733 0.114889 9
    5.9948 0.020878 7
    8.10868 0.009745 4
    9.10556 0.087011 3
    9.22091 0.107889 2
    11.9751 0.027847 1
    13.3438 0.002785 0
  13.3531 2 - 2
    11.9844 0.5 1
    13.3531 0.5 0
  13.365 4 - 4
    2.7837 0.651874 37
    5.55265 0.228191 11
    11.9963 0.059968 1
    13.365 0.059968 0
  13.4174 2 + 2
    5.66989 0.5 10
    8.18228 0.5 4
  13.4228 0 - 2
    4.55851 0.5 17
    5.67529 0.5 10
  13.429 4 + 2
    12.0603 0.5 1
    13.429 0.5 0
  13.436 2 - 1
    9.31311 1 2
  13.4449 6 + 4
    2.0551 0.311 56
    5.00759 0.1005 14
    12.0762 0.4785 1
    13.4449 0.11 0
  13.4511 4 - 2
    5.70359 0.5 10
    8.21598 0.5 4
  13.473 2 + 4
    7.46216 0.32987 5
    8.23788 0.549751 4
    9.35011 0.080253 2
    12.1043 0.040126 1
  13.481 0 - 2
    4.61671 0.5 17
    5.73349 0.5 10
  13.5404 6 + 2
    5.79289 0.5 10
    8.30528 0.5 4
  13.581 4 - 2
    5.83349 0.5 10
    8.34588 0.5 4
  13.5853 2 + 2
    5.83779 0.5 10
    8.35018 0.5 4
  13.6307 4 - 2
    5.88319 0.5 10
    8.39558 0.5 4
  13.6755 2 + 2
    5.92799 0.5 10
    8.44038 0.5 4
  13.682 6 - 2
    9.55911 0.5 2
    12.3133 0.5 1
  13.719 0 + 2
    12.3503 0.5 1
    13.719 0.5 0
  13.767 4 - 2
    5.40902 0.5814 13
    9.64411 0.4186 2
  13.798 2 + 2
    6.05049 0.5 10
    8.56288 0.5 4
  13.81 10 - 2
    7.79916 0.5 5
    9.68711 0.5 2
  13.82 2 + 2
    6.07249 0.5 10
    8.58488 0.5 4
  13.84 4 - 2
    6.09249 0.5 10
    8.60488 0.5 4
  13.85 6 + 2
    6.10249 0.5 10
    8.61488 0.5 4
  13.879 0 - 2
    5.01471 0.5 17
    6.13149 0.5 10
  13.884 2 + 2
    6.13649 0.5 10
    8.64888 0.5 4
  13.888 4 - 2
    6.14049 0.5 10
    8.65288 0.5 4
  13.933 6 + 2
    6.18549 0.5 10
    8.69788 0.5 4
  13.946 2 - 2
    12.5773 0.5 1
    13.946 0.5 0
  13.982 4 + 2
    12.6133 0.5 1
    13.982 0.5 0
  14.017 0 - 2
    5.15271 0.5 17
    6.26949 0.5 10
  14.024 2 + 2
    6.27649 0.5 10
    8.78888 0.5 4
  14.076 4 - 2
    6.32849 0.5 10
    8.84088 0.5 4
  14.079 6 + 4
    3.0685 0.180018 45
    4.77785 0.009902 22
    8.06816 0.360036 5
    9.95611 0.450045 2
  14.098 2 - 2
    12.7293 0.5 1
    14.098 0.5 0
  14.146 4 + 2
    12.7773 0.5 1
    14.146 0.5 0
  14.148 6 - 2
    10.0251 0.5 2
    12.7793 0.5 1
  14.153 2 + 2
    6.40549 0.5 10
    8.91788 0.5 4
  14.241 4 - 2
    6.49349 0.5 10
    9.00588 0.5 4
  14.325 0 + 2
    12.9563 0.5 1
    14.325 0.5 0
  14.41 2 - 2
    13.0413 0.5 1
    14.41 0.5 0
  14.5 4 + 2
    13.1313 0.5 1
    14.5 0.5 0
  14.56 6 - 2
    10.4371 0.5 2
    13.1913 0.5 1
  14.74 2 + 2
    6.99249 0.5 10
    9.50488 0.5 4
  14.92 4 - 2
    7.17249 0.5 10
    9.68488 0.5 4
  15.15 0 + 1
    4.574 1 36
  15.21 2 - 2
    13.8413 0.5 1
    15.21 0.5 0
  15.37 4 + 2
    14.0013 0.5 1
    15.37 0.5 0
  15.4364 0 + 2
    14.0677 0.5 1
    15.4364 0.5 0
  15.54 6 - 2
    11.4171 0.5 2
    14.1713 0.5 1
  15.64 2 - 2
    14.2713 0.5 1
    15.64 0.5 0
  15.8 4 + 2
    14.4313 0.5 1
    15.8 0.5 0
  16.07 10 - 2
    10.0592 0.5 5
    11.9471 0.5 2
  16.3 2 + 2
    8.55249 0.5 10
    11.0649 0.5 4
  16.56 6 - 2
    12.4371 0.5 2
    15.1913 0.5 1
  16.59 4 + 2
    15.2213 0.5 1
    16.59 0.5 0
  16.904 2 - 2
    15.5353 0.5 1
    16.904 0.5 0

12 25 135
  0 5 + 0
  0.585045 1 + 1
    0.585045 1 0
  0.974756 3 + 2
    0.389711 0.4589 1
    0.974756 0.5411 0
  1.61177 7 + 1
    1.61177 1 0
  1.96462 5 + 3
    0.989864 0.3056 2
    1.37957 0.425 1
    1.96462 0.2694 0
  2.56336 1 + 3
    1.5886 0.204504 2
    1.97831 0.757615 1
    2.56336 0.037881 0
  2.7378 7 + 3
    0.77318 0.069631 4
    1.76304 0.870317 2
    2.7378 0.060051 0
  2.80146 3 + 3
    0.83684 0.4212 4
    2.21642 0.3787 1
    2.80146 0.2001 0
  3.40506 9 + 2
    1.79329 0.815 3
    3.40506 0.185 0
  3.41337 3 - 4
    0.85001 0.002204 5
    2.43861 0.140299 2
    2.82832 0.734797 1
    3.41337 0.1227 0
  3.9079 5 + 4
    1.10644 0.1003 7
    1.1701 0.1299 6
    2.93314 0.6596 2
    3.9079 0.1102 0
  3.97073 7 - 3
    2.00611 0.152906 4
    2.35896 0.020661 3
    3.97073 0.826433 0
  4.0596 9 + 3
    0.65454 0.0102 8
    2.44783 0.3899 3
    4.0596 0.5999 0
  4.2771 1 - 4
    0.86373 0.040278 9
    1.71374 0.120095 5
    3.30234 0.789868 2
    3.69205 0.049758 1
  4.35961 3 + 3
    1.79625 0.009901 5
    3.38485 0.469 2
    3.77456 0.5211 1
  4.7116 9 + 2
    1.9738 0.060153 6
    2.74698 0.939847 4
  4.7222 3 + 3
    2.75758 0.151005 4
    3.74744 0.838925 2
    4.7222 0.01007 0
  5.0122 7 + 6
    1.04147 0.01022 11
    1.1043 0.020451 10
    2.21074 0.122704 7
    3.04758 0.409012 4
    3.40043 0.126804 3
    5.0122 0.310809 0
  5.11652 1 - 4
    1.70315 0.031009 9
    2.55316 0.147297 5
    4.14176 0.775185 2
    4.53148 0.046509 1
  5.25163 11 + 4
    1.19203 0.2424 12
    1.84657 0.2576 8
    2.51383 0.1212 6
    3.63986 0.3788 3
  5.4611 13 + 1
    2.05604 1 8
  5.4749 1 + 4
    2.06153 0.04038 9
    2.91154 0.03013 5
    4.50014 0.288497 2
    4.88985 0.640994 1
  5.52133 5 - 6
    1.5506 0.159606 11
    2.10796 0.039162 9
    2.71987 0.120505 7
    3.55671 0.159606 4
    3.90956 0.301212 3
    5.52133 0.219909 0
  5.5338 11 + 2
    2.12874 0.6211 8
    3.92203 0.3789 3
  5.7462 7 + 4
    1.6866 0.033898 12
    2.34114 0.050847 8
    3.0084 0.067797 6
    5.7462 0.847458 0
  5.7484 5 + 6
    1.8405 0.01978 10
    2.94694 0.04946 7
    3.78378 0.139399 4
    4.77364 0.301297 2
    5.16336 0.04047 1
    5.7484 0.449596 0
  5.7932 7 - 2
    1.82247 0.3421 11
    2.38814 0.6579 8
  5.86 5 + 3
    3.1222 0.1883 6
    4.88524 0.1623 2
    5.86 0.6494 0
  5.9716 9 + 3
    1.912 0.389512 12
    4.35983 0.581417 3
    5.9716 0.029071 0
  5.98 7 + 3
    3.2422 0.298115 6
    4.01538 0.621131 4
    5.98 0.080754 0
  6.0407 7 + 4
    1.9811 0.050111 12
    2.63564 0.747915 8
    3.3029 0.119702 6
    4.42893 0.082272 3
  6.082 5 + 8
    1.72239 0.0198 14
    2.11127 0.04006 11
    2.66863 0.05985 9
    3.28054 0.02993 7
    4.11738 0.2486 4
    4.47023 0.4604 3
    5.10724 0.04006 2
    6.082 0.1013 0
  6.169 3 + 7
    1.8919 0.029941 13
    2.75563 0.019961 9
    3.36754 0.079843 7
    4.20438 0.331313 4
    5.19424 0.399216 2
    5.58395 0.059882 1
    6.169 0.079843 0
  6.362 3 - 5
    2.00239 0.020151 14
    4.39738 0.069495 4
    5.38724 0.118108 2
    5.77696 0.097297 1
    6.362 0.694949 0
  6.434 9 + 8
    0.9002 0.070084 23
    1.18237 0.029652 19
    1.4218 0.180611 17
    1.7224 0.088955 15
    2.3744 0.129408 12
    2.5261 0.150909 10
    3.6962 0.080865 6
    4.82223 0.269516 3
  6.468 3 - 8
    1.35148 0.109195 18
    1.7458 0.039218 16
    2.1909 0.058817 13
    2.5601 0.170891 10
    3.05463 0.030808 9
    4.50338 0.280086 4
    5.49324 0.140093 2
    5.88295 0.170891 1
  6.57 1 - 6
    2.2929 0.029703 13
    2.6621 0.039604 10
    4.00664 0.138614 5
    4.60538 0.171617 4
    5.59524 0.290429 2
    5.98496 0.330033 1
  6.678 5 - 6
    1.15667 0.009774 22
    1.6658 0.0203 17
    2.7701 0.05038 10
    3.87654 0.751897 7
    4.71338 0.03985 4
    6.678 0.127799 0
  6.777 1 + 7
    2.4999 0.009901 13
    3.36363 0.209908 9
    3.97554 0.031681 7
    4.21364 0.091094 5
    5.80224 0.190107 2
    6.19196 0.396015 1
    6.777 0.071293 0
  6.832 3 - 4
    2.47239 0.20142 14
    2.86127 0.219422 11
    3.41863 0.219422 9
    4.03054 0.359736 7
  6.84 5 - 4
    4.1022 0.4115 6
    5.22823 0.1687 3
    5.86524 0.2593 2
    6.84 0.1605 0
  6.862 3 - 1
    5.25023 1 3
  6.885 3 - 2
    3.47994 0.1597 8
    5.27323 0.8403 3
  6.914 5 - 7
    3.0061 0.0301 10
    4.11254 0.148099 7
    4.1762 0.109899 6
    4.94938 0.081219 4
    5.30223 0.062109 3
    5.93924 0.090779 2
    6.914 0.477795 0
  6.958 5 - 5
    3.54463 0.029881 9
    4.15654 0.079883 7
    4.2202 0.140206 6
    5.98324 0.140206 2
    6.958 0.609824 0
  7.038 5 - 6
    3.06727 0.039839 11
    3.62463 0.091627 9
    4.3002 0.059758 6
    5.07338 0.398388 4
    5.42623 0.250992 3
    6.06324 0.159395 2
  7.089 1 - 2
    6.11424 0.1228 2
    7.089 0.8772 0
  7.182 3 - 2
    5.21738 0.8 4
    7.182 0.2 0
  7.185 1 - 2
    4.4472 0.080037 6
    5.57323 0.919963 3
  7.228 3 - 2
    6.25324 0.1803 2
    7.228 0.8197 0
  7.2654 1 + 2
    6.68035 0.5 1
    7.2654 0.5 0
  7.286 7 - 3
    5.32138 0.3516 4
    5.67423 0.0989 3
    7.286 0.5495 0
  7.37508 3 + 1
    7.37508 1 0
  7.39637 1 - 2
    4.59491 0.5 7
    6.42161 0.5 2
  7.41074 3 - 2
    6.82569 0.5 1
    7.41074 0.5 0
  7.493 11 + 6
    1.5214 0.150188 28
    1.9592 0.109191 23
    2.0319 0.180886 20
    3.4334 0.341273 12
    4.08794 0.098972 8
    5.88123 0.11949 3
  7.5002 5 - 3
    4.7624 0.4902 6
    6.52544 0.3578 2
    7.5002 0.152 0
  7.525 3 - 4
    3.6171 0.180305 10
    4.7872 0.409812 6
    6.55024 0.069672 2
    7.525 0.34021 0
  7.551 13 + 4
    2.0172 0.2 23
    2.0899 0.1 20
    2.29937 0.4 19
    4.14594 0.3 8
  7.57747 5 + 1
    5.9657 1 3
  7.58604 1 - 2
    4.78458 0.5 7
    6.61128 0.5 2
  7.634 3 - 2
    6.02223 0.6211 3
    7.634 0.3789 0
  7.653 9 - 7
    1.6814 0.069163 28
    1.9068 0.080224 24
    2.1192 0.029971 23
    2.6408 0.101405 17
    3.5934 0.119906 12
    4.9152 0.461023 6
    6.04123 0.138307 3
  7.685 1 - 1
    3.6254 1 12
  7.74441 3 - 2
    7.15937 0.5 1
    7.74441 0.5 0
  7.787 5 + 2
    4.38194 0.029129 8
    6.17523 0.970871 3
  7.801 9 - 5
    2.0078 0.047103 26
    2.2672 0.020411 23
    2.54937 0.029832 19
    5.0632 0.117707 6
    6.18923 0.784947 3
  7.8089 3 - 2
    7.22386 0.5 1
    7.8089 0.5 0
  7.839 7 + 4
    2.0928 0.030299 24
    4.43394 0.228991 8
    5.1012 0.067337 6
    7.839 0.673373 0
  7.8637 3 + 2
    6.25193 0.5 3
    6.88894 0.5 2
  7.866 1 - 6
    2.3322 0.081082 23
    2.61437 0.099102 19
    2.8538 0.099102 17
    3.8064 0.201204 12
    4.46094 0.219204 8
    5.1282 0.300306 6
  7.9468 1 - 2
    5.14534 0.5 7
    6.97204 0.5 2
  7.961 7 + 6
    3.2388 0.041918 16
    3.2494 0.071857 15
    4.55594 0.041918 8
    5.99638 0.077837 4
    6.34923 0.167693 3
    7.961 0.598776 0
  7.9627 1 + 2
    7.37765 0.5 1
    7.9627 0.5 0
  8.011 3 - 3
    1.9703 0.26 30
    2.75937 0.34 19
    3.2994 0.4 15
  8.076 5 - 1
    6.46423 1 3
  8.119 7 + 2
    4.2111 0.1304 10
    8.119 0.8696 0
  8.141 3 + 2
    6.52923 0.5 3
    7.16624 0.5 2
  8.244 5 - 2
    6.63223 0.5 3
    7.26924 0.5 2
  8.267 3 - 4
    4.86194 0.171593 8
    6.30238 0.098036 4
    6.65523 0.49018 3
    8.267 0.24019 0
  8.3115 5 + 2
    7.72646 0.5 1
    8.3115 0.5 0
  8.3168 1 - 2
    5.51534 0.5 7
    7.34204 0.5 2
  8.3244 1 + 2
    7.73936 0.5 1
    8.3244 0.5 0
  8.3515 3 - 2
    7.76646 0.5 1
    8.3515 0.5 0
  8.3628 1 + 2
    7.77776 0.5 1
    8.3628 0.5 0
  8.4 3 - 2
    7.81496 0.5 1
    8.4 0.5 0
  8.447 5 - 2
    6.83523 0.5 3
    7.47225 0.5 2
  8.532 3 - 3
    3.8204 0.2081 15
    4.4724 0.1208 12
    5.12694 0.6711 8
  8.548 5 + 2
    5.14294 0.2 8
    6.93623 0.8 3
  8.551 11 + 5
    2.5103 0.1308 30
    3.0172 0.1402 23
    3.29937 0.1215 19
    3.8394 0.1402 15
    4.4914 0.4673 12
  8.55555 1 - 2
    5.75409 0.5 7
    7.58079 0.5 2
  8.5591 5 + 2
    7.97406 0.5 1
    8.5591 0.5 0
  8.5698 3 - 2
    7.98476 0.5 1
    8.5698 0.5 0
  8.5798 3 + 2
    6.96803 0.5 3
    7.60504 0.5 2
  8.597 1 - 2
    5.79554 0.5 7
    7.62224 0.5 2
  8.656 7 - 6
    3.9444 0.090909 15
    5.25094 0.150599 8
    5.9182 0.259697 6
    6.69138 0.119499 4
    7.04423 0.140299 3
    8.656 0.238998 0
  8.705 3 + 2
    7.09323 0.5 3
    7.73024 0.5 2
  8.811 5 - 3
    2.7703 0.339166 30
    3.2772 0.349665 23
    4.0994 0.311169 15
  8.8349 1 + 2
    8.24986 0.5 1
    8.8349 0.5 0
  8.8695 1 - 2
    6.06804 0.5 7
    7.89474 0.5 2
  8.888 3 + 1
    4.8284 1 12
  8.8944 3 - 2
    8.30936 0.5 1
    8.8944 0.5 0
  8.896 5 + 2
    3.1028 0.961538 26
    4.8364 0.038462 12
  8.9712 5 + 2
    8.38616 0.5 1
    8.9712 0.5 0
  8.9995 3 - 2
    3.74787 0.4286 19
    4.2879 0.5714 15
  9.013 1 - 3
    3.76137 0.251 19
    4.3014 0.3984 15
    4.9534 0.3506 12
  9.0144 5 + 2
    8.42936 0.5 1
    9.0144 0.5 0
  9.0722 3 - 2
    8.48716 0.5 1
    9.0722 0.5 0
  9.3263 1 + 2
    8.74126 0.5 1
    9.3263 0.5 0
  9.41 3 - 3
    3.3693 0.2595 30
    3.6168 0.2 26
    4.15837 0.5405 19
  9.5027 5 + 2
    8.91766 0.5 1
    9.5027 0.5 0
  9.651 1 - 1
    4.1899 1 20
  9.685 3 + 2
    4.1512 0.3711 23
    6.27994 0.6289 8
  9.83 5 - 3
    2.279 0.3516 58
    4.3689 0.5495 20
    4.57837 0.0989 19
  9.947 15 + 3
    2.396 0.3516 58
    4.4859 0.5495 20
    4.69537 0.0989 19
  10.0396 1 - 2
    7.23814 0.5 7
    9.06484 0.5 2
  10.137 3 + 1
    4.6032 1 23
  10.2535 7 - 2
    8.28888 0.5 4
    10.2535 0.5 0
  10.618 5 + 2
    10.033 0.5 1
    10.618 0.5 0
  10.653 15 + 2
    3.102 0.0566 58
    5.1192 0.9434 23
  10.996 3 - 1
    5.5349 1 20
  11.003 1 - 1
    5.5419 1 20
  11.0466 3 + 2
    9.43483 0.5 3
    10.0718 0.5 2
  11.2 5 - 1
    5.7389 1 20
  11.361 1 + 1
    5.5678 1 26
  11.41 7 - 2
    3.859 0.090909 58
    5.9489 0.909091 20
  11.46 3 + 1
    5.9989 1 20
  11.486 5 - 1
    3.475 1 74
  11.725 1 + 2
    11.14 0.5 1
    11.725 0.5 0
  11.747 3 - 2
    11.162 0.5 1
    11.747 0.5 0
  11.779 5 + 2
    11.194 0.5 1
    11.779 0.5 0
  12.0003 3 - 2
    11.4153 0.5 1
    12.0003 0.5 0
  12.898 7 + 2
    11.2862 0.5 3
    11.9232 0.5 2
  13.143 1 - 1
    7.3498 1 26
  13.332 3 + 1
    7.8709 1 20

12 26 200
  0 0 + 0
  1.80873 4 + 1
    1.80873 1 0
  2.93834 4 + 2
    1.12961 0.903336 1
    2.93834 0.096664 0
  3.58856 0 + 1
    1.77983 1 1
  3.94155 6 + 2
    1.00321 0.62 2
    2.13282 0.38 1
  4.31888 8 + 1
    2.51015 1 1
  4.33257 4 + 3
    1.39423 0.152102 2
    2.52384 0.788008 1
    4.33257 0.059891 0
  4.35008 6 + 3
    0.40853 0.00181 4
    1.41174 0.480995 2
    2.54135 0.517195 1
  4.83513 4 + 3
    1.89679 0.848192 2
    3.0264 0.04071 1
    4.83513 0.111099 0
  4.9013 8 + 3
    0.95975 0.03774 4
    1.96296 0.01887 2
    3.09257 0.943391 1
  4.97229 0 + 2
    2.03395 0.925928 2
    3.16356 0.074072 1
  5.29174 4 + 4
    1.35019 0.029849 4
    2.3534 0.877965 2
    3.48301 0.057948 1
    5.29174 0.034239 0
  5.47611 8 + 3
    1.15723 0.5682 5
    1.53456 0.2898 4
    3.66738 0.142 1
  5.69111 2 + 4
    1.35854 0.03681 6
    2.75277 0.282203 2
    3.88238 0.613506 1
    5.69111 0.067481 0
  5.7156 8 + 3
    1.36552 0.368 7
    1.77405 0.4 4
    2.77726 0.232 2
  6.12548 6 + 9
    0.40988 0.002835 14
    0.83374 0.0241 11
    1.22418 0.009213 9
    1.29035 0.03685 8
    1.7754 0.708709 7
    1.79291 0.046071 6
    2.18393 0.097091 4
    3.18714 0.04111 2
    4.31675 0.03402 1
  6.256 0 + 2
    0.564891 0.074072 13
    4.44727 0.925928 1
  6.622 8 + 5
    1.14589 0.090918 12
    1.7207 0.478543 9
    2.27192 0.210519 7
    2.28943 0.11001 6
    2.30312 0.11001 5
  6.63431 8 + 2
    3.69597 0.9434 2
    4.82558 0.0566 1
  6.74576 4 + 2
    3.80742 0.3711 2
    4.93703 0.6289 1
  6.87642 6 - 6
    2.04129 0.032282 8
    2.54385 0.041902 6
    2.55754 0.030222 5
    2.93487 0.028851 4
    3.93808 0.179909 2
    5.06769 0.686834 1
  6.978 10 + 6
    1.2624 0.039797 14
    1.50189 0.49746 12
    2.0767 0.109491 9
    2.62792 0.044776 7
    2.65912 0.169186 5
    3.03645 0.139289 4
  7.0619 2 - 4
    3.47334 0.338134 3
    4.12356 0.10071 2
    5.25317 0.20142 1
    7.0619 0.359736 0
  7.09966 4 + 5
    2.26453 0.2 8
    3.15811 0.09 4
    4.16132 0.5 2
    5.29093 0.16 1
    7.09966 0.05 0
  7.2 2 + 2
    2.84992 0.5 7
    3.25845 0.5 4
  7.242 6 + 5
    2.40687 0.1 8
    2.89192 0.22 7
    2.90943 0.25 6
    2.92312 0.19 5
    3.30045 0.24 4
  7.26139 6 - 6
    2.42626 0.122394 8
    2.91131 0.039008 7
    2.92882 0.045828 6
    3.31984 0.231088 4
    4.32305 0.074106 2
    5.45266 0.487576 1
  7.28274 8 - 5
    1.56714 0.046091 14
    2.38144 0.051102 9
    2.93266 0.091183 7
    2.96386 0.310609 5
    3.34119 0.501015 4
  7.34887 6 - 6
    1.87276 0.007892 12
    2.51374 0.220917 8
    3.0163 0.062605 6
    3.02999 0.016831 5
    4.41053 0.526042 2
    5.54014 0.165713 1
  7.3712 4 + 4
    3.02112 0.1298 7
    3.42965 0.4808 4
    5.56247 0.1298 1
    7.3712 0.2596 0
  7.395 10 + 5
    1.6794 0.5 14
    2.4937 0.18 9
    3.04492 0.13 7
    3.07612 0.07 5
    3.45345 0.12 4
  7.428 2 + 2
    3.07792 0.5 7
    3.48645 0.5 4
  7.54173 4 - 5
    3.19165 0.032258 7
    3.20916 0.370778 6
    3.60018 0.140892 4
    4.60339 0.311481 2
    5.733 0.144591 1
  7.677 8 + 4
    1.55152 0.1683 15
    1.9614 0.4808 14
    2.7757 0.2115 9
    3.35812 0.1394 5
  7.6973 2 - 1
    7.6973 1 0
  7.72574 6 + 2
    3.40686 0.8403 5
    3.78419 0.1597 4
  7.773 8 + 5
    2.29689 0.15 12
    2.93787 0.15 8
    3.45412 0.1 5
    3.83145 0.5 4
    4.83466 0.1 2
  7.816 6 + 1
    3.48343 1 6
  7.824 6 - 3
    3.88245 0.4 4
    4.88566 0.4 2
    6.01527 0.2 1
  7.84 4 + 4
    3.52112 0.201698 5
    4.25144 0.429196 3
    4.90166 0.270397 2
    6.03127 0.098709 1
  7.851 2 - 2
    6.04227 0.5 1
    7.851 0.5 0
  7.953 10 - 2
    2.2374 0.3197 14
    3.63412 0.6803 5
  8.033 4 + 1
    5.09466 1 2
  8.0529 4 - 1
    6.24417 1 1
  8.18496 6 - 2
    5.24662 0.218778 2
    6.37623 0.781222 1
  8.201 12 + 3
    1.223 0.19818 21
    3.2997 0.351365 9
    3.88212 0.450455 5
  8.22756 2 - 2
    6.41883 0.4595 1
    8.22756 0.5405 0
  8.2507 6 + 1
    5.31236 1 2
  8.399 2 - 2
    6.59027 0.5 1
    8.399 0.5 0
  8.45887 6 + 1
    6.65014 1 1
  8.464 2 - 1
    4.14512 1 5
  8.472 12 + 3
    1.494 0.239 21
    3.5707 0.6289 9
    4.15312 0.1321 5
  8.50374 2 - 2
    6.69501 0.2806 1
    8.50374 0.7194 0
  8.53227 4 + 3
    4.18219 0.309869 7
    5.59393 0.469453 2
    6.72354 0.220678 1
  8.577 2 + 2
    4.22692 0.5 7
    4.63545 0.5 4
  8.625 10 - 2
    2.003 0.8475 17
    4.30612 0.1525 5
  8.67 2 - 2
    3.19389 0.3506 12
    4.35112 0.6494 5
  8.70573 8 + 4
    3.22962 0.1306 12
    4.38685 0.4505 5
    4.76418 0.2883 4
    5.76739 0.1306 2
  8.8638 4 + 2
    5.92546 0.4083 2
    7.05507 0.5917 1
  8.9035 6 - 8
    1.55463 0.022969 28
    1.62076 0.061056 27
    1.64211 0.063966 26
    3.61176 0.087225 11
    4.0022 0.087225 9
    4.55342 0.290783 7
    4.96195 0.282083 4
    5.96516 0.104694 2
  8.93 8 + 4
    2.308 0.1799 17
    3.2144 0.3597 14
    3.45389 0.2698 12
    4.98845 0.1906 4
  8.9594 2 - 2
    7.15067 0.5 1
    8.9594 0.5 0
  9.02 2 - 2
    7.21127 0.5 1
    9.02 0.5 0
  9.0447 4 - 2
    4.69462 0.5 7
    5.10315 0.5 4
  9.064 10 + 3
    1.669 0.171083 30
    4.1627 0.171083 9
    4.74512 0.657834 5
  9.111 12 + 5
    1.716 0.08 30
    2.489 0.08 17
    3.63489 0.5 12
    4.2097 0.16 9
    4.79212 0.18 5
  9.169 12 - 4
    1.216 0.540554 41
    1.774 0.210821 30
    1.88626 0.129713 27
    2.191 0.118912 21
  9.206 2 - 2
    7.39727 0.5 1
    9.206 0.5 0
  9.2387 2 + 1
    9.2387 1 0
  9.261 8 + 1
    5.31945 1 4
  9.281 4 - 2
    4.93092 0.5 7
    5.33945 0.5 4
  9.291 0 - 2
    2.091 0.5 24
    3.59989 0.5 13
  9.304 2 - 2
    7.49527 0.5 1
    9.304 0.5 0
  9.317 4 - 2
    4.96692 0.5 7
    5.37545 0.5 4
  9.32551 2 - 6
    4.42421 0.108 9
    4.49038 0.108 8
    4.97543 0.128 7
    4.99294 0.192 6
    5.38396 0.064 4
    6.38717 0.4 2
  9.371 8 + 1
    5.42945 1 4
  9.383 12 + 5
    1.182 0.058819 45
    2.405 0.290194 21
    2.761 0.148997 17
    3.6674 0.392192 14
    5.06412 0.109798 5
  9.42774 6 + 3
    4.52644 0.147415 9
    6.4894 0.641064 2
    7.61901 0.211521 1
  9.471 4 - 2
    5.12092 0.5 7
    5.52945 0.5 4
  9.541 10 + 4
    2.44134 0.032661 23
    3.8254 0.141706 14
    4.6397 0.209508 9
    5.22212 0.616125 5
  9.56 2 + 1
    9.56 1 0
  9.57402 0 - 5
    2.29128 0.035369 27
    2.6976 0.036249 20
    3.44854 0.004421 15
    4.28228 0.884173 11
    5.63247 0.039789 4
  9.579 8 + 2
    6.64066 0.5 2
    7.77027 0.5 1
  9.59 4 - 2
    5.23992 0.5 7
    5.64845 0.5 4
  9.617 2 - 2
    7.80827 0.5 1
    9.617 0.5 0
  9.681 4 - 2
    5.33092 0.5 7
    5.73945 0.5 4
  9.714 8 + 2
    6.77566 0.5 2
    7.90527 0.5 1
  9.771 2 - 2
    7.96227 0.5 1
    9.771 0.5 0
  9.779 2 + 2
    5.42892 0.5 7
    5.83745 0.5 4
  9.814 4 - 2
    5.46392 0.5 7
    5.87245 0.5 4
  9.829 0 - 3
    1.357 0.059658 51
    1.628 0.890473 45
    2.434 0.049869 30
  9.85652 4 + 4
    5.02139 0.2627 8
    5.52395 0.4237 6
    5.91497 0.1314 4
    9.85652 0.1822 0
  9.883 2 - 2
    8.07427 0.5 1
    9.883 0.5 0
  9.902 6 + 2
    5.55192 0.5 7
    5.96045 0.5 4
  9.927 0 - 2
    2.727 0.5 24
    4.23589 0.5 13
  9.939 4 - 2
    5.58892 0.5 7
    5.99745 0.5 4
  9.967 4 + 2
    5.0657 0.5988 9
    7.02866 0.4012 2
  9.982 2 - 2
    8.17327 0.5 1
    9.982 0.5 0
  9.989 12 + 3
    1.517 0.1724 51
    3.011 0.6897 21
    5.67012 0.1379 5
  10.04 10 - 3
    4.3244 0.4505 14
    5.1387 0.2297 9
    5.72112 0.3198 5
  10.069 2 - 2
    8.26027 0.5 1
    10.069 0.5 0
  10.1024 4 - 2
    7.16406 0.2593 2
    10.1024 0.7407 0
  10.1267 0 - 2
    7.18836 0.3421 2
    10.1267 0.6579 0
  10.136 2 - 2
    8.32727 0.5 1
    10.136 0.5 0
  10.148 2 + 1
    10.148 1 0
  10.159 0 + 2
    8.35027 0.5 1
    10.159 0.5 0
  10.184 4 - 2
    5.83392 0.5 7
    6.24245 0.5 4
  10.2201 6 + 1
    8.41137 1 1
  10.234 4 - 2
    5.88392 0.5 7
    6.29245 0.5 4
  10.271 4 + 2
    8.46227 0.5 1
    10.271 0.5 0
  10.319 2 + 1
    10.319 1 0
  10.328 10 - 2
    5.4267 0.5 9
    6.00912 0.5 5
  10.341 2 - 2
    8.53227 0.5 1
    10.341 0.5 0
  10.3504 4 - 1
    8.54167 1 1
  10.3624 0 - 4
    3.26274 0.2412 23
    4.88629 0.179 12
    6.01232 0.1907 7
    8.55367 0.3891 1
  10.377 2 - 2
    8.56827 0.5 1
    10.377 0.5 0
  10.4 4 - 2
    6.04992 0.5 7
    6.45845 0.5 4
  10.414 8 + 2
    7.47566 0.5 2
    8.60527 0.5 1
  10.487 2 - 2
    8.67827 0.5 1
    10.487 0.5 0
  10.493 6 - 2
    7.55466 0.5 2
    8.68427 0.5 1
  10.516 4 - 2
    6.16592 0.5 7
    6.57445 0.5 4
  10.529 2 - 2
    8.72027 0.5 1
    10.529 0.5 0
  10.567 0 - 2
    3.367 0.5 24
    4.87589 0.5 13
  10.576 4 - 2
    6.22592 0.5 7
    6.63445 0.5 4
  10.6 2 - 4
    6.24992 0.121112 7
    6.26743 0.390639 6
    6.65845 0.335934 4
    7.66166 0.152315 2
  10.646 2 + 1
    10.646 1 0
  10.65 6 - 2
    1.481 0.359 66
    3.255 0.641 30
  10.6819 4 - 2
    6.33182 0.5 7
    6.74035 0.5 4
  10.693 0 - 2
    3.493 0.5 24
    5.00189 0.5 13
  10.707 6 - 2
    7.76866 0.5 2
    8.89827 0.5 1
  10.7188 4 + 2
    8.91007 0.5 1
    10.7188 0.5 0
  10.726 2 - 2
    8.91727 0.5 1
    10.726 0.5 0
  10.746 4 + 2
    8.93727 0.5 1
    10.746 0.5 0
  10.767 2 - 2
    8.95827 0.5 1
    10.767 0.5 0
  10.8059 6 + 1
    8.99717 1 1
  10.824 0 - 2
    3.624 0.5 24
    5.13289 0.5 13
  10.881 4 + 2
    9.07227 0.5 1
    10.881 0.5 0
  10.893 2 - 2
    9.08427 0.5 1
    10.893 0.5 0
  10.915 6 + 2
    6.56492 0.5 7
    6.97345 0.5 4
  10.927 4 - 2
    6.57692 0.5 7
    6.98545 0.5 4
  10.945 2 + 2
    6.59492 0.5 7
    7.00345 0.5 4
  10.978 0 - 2
    3.778 0.5 24
    5.28689 0.5 13
  10.998 4 + 2
    9.18927 0.5 1
    10.998 0.5 0
  11.012 2 - 2
    9.20327 0.5 1
    11.012 0.5 0
  11.048 6 + 2
    6.69792 0.5 7
    7.10645 0.5 4
  11.084 4 - 2
    6.73392 0.5 7
    7.14245 0.5 4
  11.112 4 + 2
    9.30327 0.5 1
    11.112 0.5 0
  11.142 2 - 2
    9.33327 0.5 1
    11.142 0.5 0
  11.1532 0 + 2
    9.34447 0.5 1
    11.1532 0.5 0
  11.1633 6 - 2
    8.22496 0.5 2
    9.35457 0.5 1
  11.1694 2 + 2
    6.81932 0.5 7
    7.22785 0.5 4
  11.1711 4 - 2
    6.82102 0.5 7
    7.22955 0.5 4
  11.183 2 + 2
    6.83292 0.5 7
    7.24145 0.5 4
  11.1888 6 - 2
    8.25046 0.5 2
    9.38007 0.5 1
  11.191 0 + 2
    9.38227 0.5 1
    11.191 0.5 0
  11.1945 4 + 2
    9.38577 0.5 1
    11.1945 0.5 0
  11.2433 2 - 2
    9.43457 0.5 1
    11.2433 0.5 0
  11.2744 6 - 2
    8.33606 0.5 2
    9.46567 0.5 1
  11.2795 2 + 2
    6.92942 0.5 7
    7.33795 0.5 4
  11.2866 4 - 2
    6.93652 0.5 7
    7.34505 0.5 4
  11.2892 0 + 2
    9.48047 0.5 1
    11.2892 0.5 0
  11.2947 2 - 2
    9.48597 0.5 1
    11.2947 0.5 0
  11.311 4 + 2
    9.50227 0.5 1
    11.311 0.5 0
  11.3283 6 - 2
    8.38996 0.5 2
    9.51957 0.5 1
  11.3363 2 + 2
    6.98627 0.5 7
    7.3948 0.5 4
  11.3437 4 - 2
    6.99362 0.5 7
    7.40215 0.5 4
  11.362 0 + 2
    9.55327 0.5 1
    11.362 0.5 0
  11.3649 6 - 2
    8.42656 0.5 2
    9.55617 0.5 1
  11.3725 2 + 2
    7.02242 0.5 7
    7.43095 0.5 4
  11.3927 4 - 2
    7.04262 0.5 7
    7.45115 0.5 4
  11.4254 2 + 2
    7.07532 0.5 7
    7.48385 0.5 4
  11.4398 4 - 2
    7.08972 0.5 7
    7.49825 0.5 4
  11.457 6 + 2
    7.10692 0.5 7
    7.51545 0.5 4
  11.4639 0 - 2
    4.2639 0.5 24
    5.77279 0.5 13
  11.4994 2 + 2
    7.14932 0.5 7
    7.55785 0.5 4
  11.5081 4 - 2
    7.15802 0.5 7
    7.56655 0.5 4
  11.5408 6 + 2
    7.19072 0.5 7
    7.59925 0.5 4
  11.57 2 - 2
    9.76127 0.5 1
    11.57 0.5 0
  11.586 4 + 2
    9.77727 0.5 1
    11.586 0.5 0
  11.612 0 - 2
    4.412 0.5 24
    5.92089 0.5 13
  11.647 2 + 2
    7.29692 0.5 7
    7.70545 0.5 4
  11.795 4 - 2
    7.44492 0.5 7
    7.85345 0.5 4
  11.828 4 + 2
    10.0193 0.5 1
    11.828 0.5 0
  11.89 2 - 2
    10.0813 0.5 1
    11.89 0.5 0
  11.91 2 - 2
    10.1013 0.5 1
    11.91 0.5 0
  11.945 12 - 2
    4.66226 0.5 27
    4.967 0.5 21
  11.95 6 - 2
    9.01166 0.5 2
    10.1413 0.5 1
  12.049 6 - 2
    9.11066 0.5 2
    10.2403 0.5 1
  12.088 4 + 2
    10.2793 0.5 1
    12.088 0.5 0
  12.11 0 + 2
    10.3013 0.5 1
    12.11 0.5 0
  12.142 2 - 2
    10.3333 0.5 1
    12.142 0.5 0
  12.196 4 + 2
    10.3873 0.5 1
    12.196 0.5 0
  12.345 0 + 2
    10.5363 0.5 1
    12.345 0.5 0
  12.479 12 - 2
    2.65 0.6098 90
    4.278 0.3902 45
  12.865 12 - 2
    5.58226 0.5 27
    5.887 0.5 21
  12.958 2 + 2
    8.60792 0.5 7
    9.01645 0.5 4
  13.958 6 + 2
    9.60792 0.5 7
    10.0165 0.5 4
  14.542 12 - 2
    7.25926 0.5 27
    7.564 0.5 21
  16.58 12 - 2
    9.29726 0.5 27
    9.602 0.5 21
  18.05 12 - 2
    10.7673 0.5 27
    11.072 0.5 21

12 27 55
  0 1 + 0
  0.98488 3 + 1
    0.98488 1 0
  1.69852 5 + 1
    1.69852 1 0
  1.94023 5 + 3
    0.24171 0.081628 2
    0.95535 0.68028 1
    1.94023 0.238093 0
  3.10973 7 + 3
    1.1695 0.925919 3
    1.41121 0.037041 2
    2.12485 0.037041 1
  3.4274 5 + 4
    0.31767 0.019722 4
    1.48717 0.029002 3
    1.72888 0.37123 2
    2.44252 0.580046 1
  3.47634 1 + 3
    1.77782 0.009709 2
    2.49146 0.019419 1
    3.47634 0.970872 0
  3.49134 3 + 3
    1.79282 0.1316 2
    2.50646 0.4386 1
    3.49134 0.4298 0
  3.56154 3 - 3
    1.86302 0.018429 2
    2.57666 0.059908 1
    3.56154 0.921663 0
  3.7609 7 - 1
    2.06238 1 2
  3.78727 3 + 5
    0.67754 0.030242 4
    1.84704 0.158409 3
    2.08875 0.312019 2
    2.80239 0.019201 1
    3.78727 0.480129 0
  3.8846 5 + 4
    0.4572 0.057097 5
    0.77487 0.057097 4
    1.94437 0.815659 3
    2.18608 0.070147 2
  4.1504 5 + 3
    2.21017 0.1401 3
    2.45188 0.3699 2
    3.16552 0.49 1
  4.3988 9 + 4
    0.5142 0.061219 11
    0.9714 0.130597 5
    1.28907 0.399992 4
    2.70028 0.408192 2
  4.5533 5 + 5
    1.44357 0.052082 4
    2.61307 0.520816 3
    2.85478 0.098963 2
    3.56842 0.250008 1
    4.5533 0.078132 0
  4.7766 3 + 4
    0.892 0.2105 11
    1.3492 0.0614 5
    1.66687 0.2895 4
    2.83637 0.4386 3
  4.82817 3 - 5
    1.26663 0.056352 8
    1.33683 0.027411 7
    1.35183 0.053302 6
    3.84329 0.50762 1
    4.82817 0.355314 0
  4.9928 5 + 5
    1.2319 0.071942 9
    1.5654 0.057552 5
    1.88307 0.093533 4
    3.05257 0.057552 3
    4.00792 0.719422 1
  5.02884 1 + 4
    1.4673 0.230312 8
    1.5375 0.078654 7
    1.5525 0.129206 6
    4.04396 0.561828 1
  5.1726 5 + 5
    1.0222 0.049548 12
    1.38533 0.099095 10
    3.47408 0.450478 2
    4.18772 0.171191 1
    5.1726 0.229689 0
  5.2968 7 + 4
    1.4122 0.299318 11
    1.5359 0.091846 9
    2.18707 0.34012 4
    3.59828 0.268716 2
  5.373 5 - 5
    1.6121 0.108091 9
    1.81146 0.198184 8
    1.88166 0.081074 7
    3.67448 0.450464 2
    4.38812 0.162187 1
  5.4126 5 - 5
    1.528 0.050461 11
    1.9852 0.032111 5
    2.30287 0.068811 4
    3.47237 0.389908 3
    3.71408 0.458709 2
  5.4223 1 - 1
    4.43742 1 1
  5.6278 5 + 6
    0.79963 0.0109 16
    2.15146 0.05029 6
    3.68757 0.2976 3
    3.92928 0.1802 2
    4.64292 0.04191 1
    5.6278 0.4191 0
  5.7497 9 - 3
    2.63997 0.5 4
    3.80947 0.29 3
    4.05118 0.21 2
  5.7649 5 + 1
    4.06638 1 2
  5.8216 3 + 6
    1.6712 0.07 12
    2.33026 0.07 7
    2.3942 0.09 5
    2.71187 0.23 4
    4.12308 0.04 2
    4.83672 0.5 1
  5.8299 5 + 2
    1.4311 0.2593 13
    2.069 0.7407 9
  5.906 1 - 2
    2.41466 0.5 7
    4.92112 0.5 1
  5.92581 5 + 3
    3.98558 0.2593 3
    4.94093 0.2116 1
    5.92581 0.5291 0
  6.009 3 - 2
    4.31048 0.5 2
    6.009 0.5 0
  6.084 1 - 2
    2.59266 0.5 7
    5.09912 0.5 1
  6.125 3 - 2
    4.42648 0.5 2
    6.125 0.5 0
  6.161 1 - 2
    2.66966 0.5 7
    5.17612 0.5 1
  6.312 3 - 2
    4.61348 0.5 2
    6.312 0.5 0
  6.336 7 - 2
    4.39577 0.5 3
    4.63748 0.5 2
  6.38 1 - 2
    2.88866 0.5 7
    5.39512 0.5 1
  6.508 3 - 2
    4.80948 0.5 2
    6.508 0.5 0
  6.651 7 - 2
    4.71077 0.5 3
    4.95248 0.5 2
  6.721 3 - 2
    5.02248 0.5 2
    6.721 0.5 0
  6.811 1 - 2
    3.31966 0.5 7
    5.82612 0.5 1
  6.859 3 - 2
    5.16048 0.5 2
    6.859 0.5 0
  6.921 1 - 2
    3.42966 0.5 7
    5.93612 0.5 1
  6.991 11 - 2
    2.5922 0.5 13
    3.2301 0.5 9
  7.013 7 - 2
    5.07277 0.5 3
    5.31448 0.5 2
  7.147 3 + 2
    4.03727 0.5 4
    6.16212 0.5 1
  7.278 1 - 2
    3.78666 0.5 7
    6.29312 0.5 1
  7.505 3 + 2
    4.39527 0.5 4
    6.52012 0.5 1
  7.53 9 - 2
    2.2332 0.5 20
    4.42027 0.5 4
  7.69 7 + 2
    4.58027 0.5 4
    6.70512 0.5 1
  7.7 3 - 2
    6.00148 0.5 2
    7.7 0.5 0
  7.859 1 + 2
    6.16048 0.5 2
    7.859 0.5 0
  7.927 13 - 2
    0.397001 0.5 49
    2.1773 0.5 25
  7.976 3 + 2
    4.86627 0.5 4
    6.99112 0.5 1

12 28 22
  0 0 + 0
  1.47388 4 + 1
    1.47388 1 0
  3.8629 0 + 1
    2.38902 1 1
  4.0209 8 + 1
    2.54702 1 1
  4.5573 4 + 1
    3.08342 1 1
  4.5604 2 + 1
    3.08652 1 1
  4.8794 4 + 2
    3.40552 0.8 1
    4.8794 0.2 0
  5.1715 6 - 3
    0.6142 0.02128 4
    1.1506 0.269505 3
    3.69762 0.709214 1
  5.1846 2 - 2
    3.71072 0.5 1
    5.1846 0.5 0
  5.1934 2 + 3
    1.3305 0.02537 2
    3.71952 0.099739 1
    5.1934 0.874891 0
  5.27223 2 + 1
    5.27223 1 0
  5.4703 4 - 1
    3.99642 1 1
  5.6732 4 + 3
    1.1159 0.142886 4
    4.19932 0.680232 1
    5.6732 0.176882 0
  5.7026 0 + 3
    0.43037 0.1199 10
    1.1422 0.6849 5
    4.22872 0.1952 1
  5.91 6 - 2
    1.8891 0.5 3
    4.43612 0.5 1
  6.135 6 - 2
    2.1141 0.5 3
    4.66112 0.5 1
  6.416 10 - 2
    1.2445 0.5 7
    2.3951 0.5 3
  6.516 2 - 2
    5.04212 0.5 1
    6.516 0.5 0
  6.539 8 - 1
    1.0687 1 11
  6.599 6 - 2
    2.5781 0.5 3
    5.12512 0.5 1
  6.708 2 - 2
    5.23412 0.5 1
    6.708 0.5 0
  6.759 4 - 2
    1.5656 0.5 9
    2.1986 0.5 5

12 29 14
  0 3 + 0
  0.0546 1 + 1
    0.0546 1 0
  0.59 5 + 1
    0.5354 1 1
  1.09462 7 + 1
    1.04002 1 1
  1.4307 9 + 1
    0.33608 1 3
  1.63806 3 + 1
    1.63806 1 0
  2.2659 5 + 2
    2.2113 0.8 1
    2.2659 0.2 0
  2.4999 1 + 2
    2.4453 0.6211 1
    2.4999 0.3789 0
  2.6149 3 + 2
    2.5603 0.95511 1
    2.6149 0.04489 0
  3.22371 11 - 4
    1.58565 0.4604 5
    2.12909 0.11 3
    3.16911 0.2993 1
    3.22371 0.1303 0
  3.2275 7 - 3
    2.13288 0.17131 3
    3.1729 0.049843 1
    3.2275 0.778847 0
  3.6741 5 - 1
    3.6741 1 0
  3.9857 1 - 1
    3.9857 1 0
  4.28 3 - 2
    3.69 0.5 2
    4.2254 0.5 1

12 30 18
  0 0 + 0
  1.4828 4 + 1
    1.4828 1 0
  1.7882 0 + 1
    0.3054 1 1
  2.4684 4 + 1
    0.9856 1 1
  2.5427 2 + 1
    1.0599 1 1
  3.3041 6 + 1
    1.8213 1 1
  3.3812 8 + 2
    0.8385 0.1667 4
    1.8984 0.8333 1
  3.4611 8 + 2
    0.9927 0.422 3
    1.9783 0.578 1
  3.5417 2 + 2
    2.0589 0.2308 1
    3.5417 0.7692 0
  4.1835 10 - 1
    0.8023 1 6
  4.2602 6 - 1
    0.879001 1 6
  4.3588 4 - 1
    1.8161 1 4
  4.4153 2 - 2
    1.9469 0.3902 3
    4.4153 0.6098 0
  4.9676 4 - 5
    1.5065 0.166897 7
    2.4992 0.036519 3
    3.1794 0.245595 2
    3.4848 0.236095 1
    4.9676 0.314894 0
  5.0213 2 - 3
    1.5602 0.1986 7
    3.5385 0.0922 1
    5.0213 0.7092 0
  5.0939 6 - 5
    1.5522 0.233223 8
    1.7898 0.236924 5
    2.6255 0.118512 3
    3.6111 0.041104 1
    5.0939 0.370237 0
  5.313 4 - 1
    0.9542 1 11
  5.4129 2 - 5
    1.8712 0.061156 8
    1.9518 0.207988 7
    3.6247 0.134592 2
    3.9301 0.305782 1
    5.4129 0.290483 0

12 31 12
  0 1 + 0
  0.0501 3 + 1
    0.0501 1 0
  0.2211 3 - 2
    0.171 0.7093 1
    0.2211 0.2907 0
  0.461 7 - 1
    0.2399 1 2
  0.6732 5 - 3
    0.4521 0.070063 2
    0.6231 0.636925 1
    0.6732 0.293012 0
  0.9445 9 - 1
    0.8944 1 1
  1.0291 5 - 1
    0.808 1 2
  1.1545 11 - 1
    0.6935 1 3
  1.3901 1 - 1
    0.9291 1 3
  2.2434 3 + 4
    1.2143 0.062863 6
    2.0223 0.200008 2
    2.1933 0.165707 1
    2.2434 0.571423 0
  3.7597 7 + 3
    3.5386 0.4 2
    3.7096 0.24 1
    3.7597 0.36 0
  3.8145 5 + 1
    1.5711 1 9

12 32 8
  0 0 + 0
  0.8853 4 + 1
    0.8853 1 0
  2.117 2 + 1
    1.2317 1 1
  2.3223 6 + 1
    1.437 1 1
  2.551 8 + 1
    2.551 1 0
  2.8582 10 + 1
    1.9729 1 1
  3.0377 4 + 1
    2.1524 1 1
  4.8195 2 + 2
    1.7818 0.3902 6
    3.9342 0.6098 1

12 33 7
  0 3 - 0
  0.4841 3 - 1
    0.4841 1 0
  0.5462 5 - 1
    0.5462 1 0
  0.705 1 - 1
    0.705 1 0
  1.2424 7 - 2
    0.7583 0.4624 1
    1.2424 0.5376 0
  3.78 9 - 1
    3.2338 1 2
  4 5 - 2
    3.295 0.5 3
    3.4538 0.5 2

12 34 3
  0 0 + 0
  0.66 4 + 1
    0.66 1 0
  2.12 8 + 1
    1.46 1 1

12 35 1
  0 7 - 0

12 36 2
  0 0 + 0
  0.66 4 + 1
    0.66 1 0

12 37 1
  0 7 - 0

12 38 1
  0 0 + 0

12 39 1
  0 1 - 0

12 40 1
  0 0 + 0

