11 20 25
  0 4 + 0
  0.596 6 + 1
    0.596 1 0
  0.802 8 + 1
    0.802 1 0
  0.98425 2 + 1
    0.38825 1 1
  1.346 4 - 2
    0.36175 0.5 3
    0.75 0.5 1
  1.837 4 - 2
    0.85275 0.5 3
    1.241 0.5 1
  1.992 6 - 2
    1.19 0.5 2
    1.992 0.5 0
  2.057 6 + 2
    1.07275 0.5 3
    1.461 0.5 1
  2.645 2 + 2
    1.66075 0.5 3
    2.049 0.5 1
  2.849 6 + 2
    1.86475 0.5 3
    2.253 0.5 1
  2.983 0 - 2
    1.637 0.5 4
    1.99875 0.5 3
  3.001 2 + 2
    2.01675 0.5 3
    2.405 0.5 1
  3.067 0 + 1
    3.067 1 0
  3.086 0 + 2
    0.019 0.5 12
    3.086 0.5 0
  3.315 2 - 2
    1.323 0.5 6
    3.315 0.5 0
  3.642 4 - 2
    2.65775 0.5 3
    3.046 0.5 1
  3.871 2 + 2
    2.88675 0.5 3
    3.275 0.5 1
  4.123 2 + 2
    3.13875 0.5 3
    3.527 0.5 1
  4.15 8 - 2
    2.804 0.5 4
    3.554 0.5 1
  4.56 4 - 2
    3.57575 0.5 3
    3.964 0.5 1
  4.8 2 + 2
    3.81575 0.5 3
    4.204 0.5 1
  5.17 4 - 2
    4.18575 0.5 3
    4.574 0.5 1
  5.6 2 + 2
    4.61575 0.5 3
    5.004 0.5 1
  6.266 2 + 2
    5.28175 0.5 3
    5.67 0.5 1
  6.534 0 + 2
    3.467 0.5 12
    6.534 0.5 0

11 21 64
  0 3 + 0
  0.3319 5 + 1
    0.3319 1 0
  1.7161 7 + 2
    1.3842 0.930228 1
    1.7161 0.069772 0
  2.4238 1 + 1
    2.4238 1 0
  2.7979 1 - 3
    0.3741 0.5587 3
    2.466 0.1117 1
    2.7979 0.3296 0
  2.8291 9 + 2
    1.113 0.6329 2
    2.4972 0.3671 1
  3.5443 5 + 3
    1.8282 0.059798 2
    3.2124 0.020239 1
    3.5443 0.919963 0
  3.6789 3 - 3
    0.881 0.2289 4
    1.2551 0.1687 3
    3.347 0.6024 1
  3.8622 5 - 2
    3.5303 0.6897 1
    3.8622 0.3103 0
  4.1696 3 - 2
    1.7458 0.4012 3
    3.8377 0.5988 1
  4.2943 5 + 3
    2.5782 0.009901 2
    3.9624 0.618799 1
    4.2943 0.3713 0
  4.419 11 + 1
    2.7029 1 2
  4.4679 3 + 2
    4.136 0.4709 1
    4.4679 0.5291 0
  4.984 1 - 2
    2.1861 0.5 4
    4.984 0.5 0
  5.02 5 + 2
    2.5962 0.5 3
    4.6881 0.5 1
  5.38 3 + 2
    3.6639 0.5 2
    5.38 0.5 0
  5.457 1 + 2
    3.0332 0.5 3
    5.1251 0.5 1
  5.77 5 + 2
    3.3462 0.5 3
    5.4381 0.5 1
  5.815 7 - 2
    2.9859 0.5 5
    5.4831 0.5 1
  5.828 3 - 2
    3.4042 0.5 3
    5.4961 0.5 1
  5.884 7 + 2
    4.1679 0.5 2
    5.884 0.5 0
  5.979 5 + 2
    3.5552 0.5 3
    5.6471 0.5 1
  6.07 5 - 2
    4.3539 0.5 2
    6.07 0.5 0
  6.165 5 + 2
    3.7412 0.5 3
    5.8331 0.5 1
  6.341 3 + 2
    4.6249 0.5 2
    6.341 0.5 0
  6.468 3 + 2
    4.7519 0.5 2
    6.468 0.5 0
  6.879 3 - 2
    4.4552 0.5 3
    6.5471 0.5 1
  6.992 7 - 2
    4.1629 0.5 5
    6.6601 0.5 1
  7.253 1 + 2
    4.8292 0.5 3
    6.9211 0.5 1
  7.571 3 - 2
    5.1472 0.5 3
    7.2391 0.5 1
  7.575 1 - 2
    4.7771 0.5 4
    7.575 0.5 0
  7.609 3 + 2
    5.8929 0.5 2
    7.609 0.5 0
  7.93 5 - 2
    6.2139 0.5 2
    7.93 0.5 0
  7.946 7 - 2
    5.1169 0.5 5
    7.6141 0.5 1
  7.96 1 - 2
    5.1621 0.5 4
    7.96 0.5 0
  8.097 3 - 2
    5.6732 0.5 3
    7.7651 0.5 1
  8.135 5 + 2
    5.7112 0.5 3
    7.8031 0.5 1
  8.303 1 - 2
    5.5051 0.5 4
    8.303 0.5 0
  8.388 1 + 2
    5.9642 0.5 3
    8.0561 0.5 1
  8.397 3 + 2
    6.6809 0.5 2
    8.397 0.5 0
  8.464 3 + 2
    6.7479 0.5 2
    8.464 0.5 0
  8.554 1 + 2
    6.1302 0.5 3
    8.2221 0.5 1
  8.562 3 + 2
    6.8459 0.5 2
    8.562 0.5 0
  8.595 5 + 2
    6.1712 0.5 3
    8.2631 0.5 1
  8.624 1 - 2
    5.8261 0.5 4
    8.624 0.5 0
  8.715 3 + 2
    6.9989 0.5 2
    8.715 0.5 0
  8.738 3 - 2
    6.3142 0.5 3
    8.4061 0.5 1
  8.742 1 + 2
    6.3182 0.5 3
    8.4101 0.5 1
  8.827 5 + 2
    6.4032 0.5 3
    8.4951 0.5 1
  8.96 1 + 2
    6.5362 0.5 3
    8.6281 0.5 1
  8.976 5 + 2
    6.5522 0.5 3
    8.6441 0.5 1
  8.981 5 + 2
    6.5572 0.5 3
    8.6491 0.5 1
  9.051 7 - 2
    6.2219 0.5 5
    8.7191 0.5 1
  9.155 3 + 2
    7.4389 0.5 2
    9.155 0.5 0
  9.217 1 + 2
    6.7932 0.5 3
    8.8851 0.5 1
  9.28 9 - 2
    5.4178 0.5 8
    7.5639 0.5 2
  9.348 1 + 2
    6.9242 0.5 3
    9.0161 0.5 1
  9.563 7 - 2
    6.7339 0.5 5
    9.2311 0.5 1
  9.725 3 + 2
    8.0089 0.5 2
    9.725 0.5 0
  9.775 1 - 2
    6.9771 0.5 4
    9.775 0.5 0
  9.779 7 - 2
    6.9499 0.5 5
    9.4471 0.5 1
  9.808 3 - 2
    7.3842 0.5 3
    9.4761 0.5 1
  10.05 9 - 2
    6.1878 0.5 8
    8.3339 0.5 2
  11 3 - 2
    8.5762 0.5 3
    10.6681 0.5 1

11 22 152
  0 6 + 0
  0.58311 2 + 1
    0.58311 1 0
  0.65716 0 + 1
    0.07405 1 1
  0.89081 8 + 1
    0.89081 1 0
  1.52814 10 + 2
    0.63733 0.04489 3
    1.52814 0.95511 0
  1.93645 2 + 3
    1.27929 0.991375 2
    1.35334 0.002776 1
    1.93645 0.005849 0
  1.95213 4 + 2
    1.29497 0.002892 2
    1.36902 0.997108 1
  1.98336 6 + 3
    1.09255 0.01298 3
    1.40025 0.969 1
    1.98336 0.01802 0
  2.21163 2 - 2
    1.55447 0.98522 2
    2.21163 0.01478 0
  2.5717 4 - 4
    0.36007 0.01201 8
    1.91454 0.019519 2
    1.98859 0.217693 1
    2.5717 0.750777 0
  2.969 6 + 1
    1.01687 1 6
  3.06037 4 + 2
    1.10824 0.970871 6
    2.47726 0.029129 1
  3.51967 6 - 5
    0.94797 0.057171 9
    1.30804 0.230705 8
    1.56754 0.50151 6
    2.62886 0.070211 3
    3.51967 0.140403 0
  3.7069 12 + 2
    2.17876 0.2806 4
    2.81609 0.7194 3
  3.9444 2 + 2
    1.99227 0.065419 6
    3.28724 0.934581 2
  4.07156 8 + 3
    2.0882 0.859877 7
    2.54342 0.10831 4
    4.07156 0.031813 0
  4.2962 0 - 2
    1.7245 0.4012 9
    2.35975 0.5988 5
  4.3197 2 + 1
    3.66254 1 2
  4.36057 4 + 3
    2.40844 0.757592 6
    3.77746 0.060609 1
    4.36057 0.181798 0
  4.4685 8 - 4
    1.8968 0.657893 9
    2.48514 0.092109 7
    2.94036 0.138199 4
    3.57769 0.111799 3
  4.5239 10 + 1
    2.99576 1 4
  4.5828 4 - 2
    2.63067 0.6993 6
    4.5828 0.3007 0
  4.622 2 - 2
    2.66987 0.5988 6
    3.96484 0.4012 2
  4.7104 10 + 3
    0.63884 0.430096 15
    1.7414 0.051809 10
    2.72704 0.518095 7
  4.771 6 + 1
    2.81887 1 6
  5.063 4 + 1
    3.11087 1 6
  5.1009 8 + 5
    1.02934 0.369 15
    2.04053 0.1808 11
    3.57276 0.1181 4
    4.21009 0.1513 3
    5.1009 0.1808 0
  5.131 2 - 2
    3.17887 0.5 6
    4.47384 0.5 2
  5.174 4 + 2
    3.19064 0.1667 7
    4.59089 0.8333 1
  5.318 6 + 1
    3.36587 1 6
  5.442 6 - 2
    3.48987 0.5 6
    4.55119 0.5 3
  5.603 4 + 1
    3.65087 1 6
  5.7 2 - 1
    3.74787 1 6
  5.725 0 + 2
    3.77287 0.5 6
    5.06784 0.5 2
  5.739 2 + 2
    5.15589 0.5 1
    5.739 0.5 0
  5.832 4 - 2
    5.24889 0.5 1
    5.832 0.5 0
  5.863 2 + 2
    5.27989 0.5 1
    5.863 0.5 0
  5.92 0 - 2
    3.98355 0.5 5
    5.33689 0.5 1
  5.959 4 - 4
    1.59843 0.058821 18
    2.89863 0.076471 11
    5.37589 0.276503 1
    5.959 0.588206 0
  5.988 2 - 1
    5.40489 1 1
  5.995 4 + 1
    5.41189 1 1
  6.09 4 + 1
    5.50689 1 1
  6.189 2 - 2
    4.23687 0.5 6
    5.53184 0.5 2
  6.242 0 - 2
    4.30555 0.5 5
    5.65889 0.5 1
  6.329 2 - 2
    4.37687 0.5 6
    5.67184 0.5 2
  6.433 0 - 2
    4.49655 0.5 5
    5.84989 0.5 1
  6.523 4 - 2
    5.93989 0.5 1
    6.523 0.5 0
  6.551 2 - 2
    4.59887 0.5 6
    5.89384 0.5 2
  6.58 6 - 2
    4.62787 0.5 6
    5.68919 0.5 3
  6.636 2 - 2
    4.68387 0.5 6
    5.97884 0.5 2
  6.668 4 - 2
    6.08489 0.5 1
    6.668 0.5 0
  6.714 0 - 2
    4.77755 0.5 5
    6.13089 0.5 1
  6.756 2 - 2
    4.80387 0.5 6
    6.09884 0.5 2
  6.834 4 - 2
    6.25089 0.5 1
    6.834 0.5 0
  6.8608 6 - 2
    4.90867 0.8 6
    6.20364 0.2 2
  6.957 2 - 2
    5.00487 0.5 6
    6.29984 0.5 2
  6.981 4 + 2
    6.09019 0.5 3
    6.32384 0.5 2
  6.99888 0 - 7
    1.82488 0.009605 28
    4.02988 0.044821 10
    5.01552 0.062971 7
    5.04675 0.309505 6
    5.06243 0.02028 5
    6.41577 0.01921 1
    6.99888 0.533608 0
  7.01701 2 + 10
    1.05801 0.065892 38
    1.84301 0.023311 28
    2.65644 0.002027 18
    2.94545 0.506813 15
    4.04801 0.007096 10
    5.03365 0.01521 7
    5.06488 0.228106 6
    5.48887 0.004562 4
    6.1262 0.065892 3
    7.01701 0.081092 0
  7.049 4 - 2
    6.46589 0.5 1
    7.049 0.5 0
  7.0767 2 + 18
    1.0817 0.036362 40
    1.1177 0.097145 38
    1.3377 0.006106 34
    1.3517 0.003608 33
    1.3767 0.147107 32
    1.9027 0.036362 28
    2.0137 0.005273 25
    2.4547 0.005273 22
    2.4939 0.006106 21
    2.71613 0.006106 18
    2.7805 0.006939 16
    3.1323 0.006939 14
    3.55703 0.013041 12
    4.01633 0.021651 11
    5.12457 0.058283 6
    6.41954 0.277513 2
    6.49359 0.260912 1
    7.0767 0.005273 0
  7.151 6 - 6
    3.07944 0.129304 15
    4.09063 0.030421 11
    5.16764 0.178705 7
    5.62286 0.380211 4
    6.26019 0.091253 3
    7.151 0.190106 0
  7.219 4 + 7
    2.85843 0.189392 18
    3.2746 0.108696 14
    4.15863 0.121095 11
    5.26687 0.310588 6
    5.28255 0.099376 5
    6.63589 0.139794 1
    7.219 0.031059 0
  7.239 0 - 4
    4.17863 0.02009 11
    5.25564 0.410004 7
    6.34819 0.369004 3
    7.239 0.200902 0
  7.277 2 + 9
    2.103 0.027709 28
    2.214 0.017949 25
    2.655 0.019909 22
    3.3326 0.030049 14
    4.21663 0.101496 11
    5.32487 0.390284 6
    5.34055 0.070257 5
    6.61984 0.033959 2
    6.69389 0.308388 1
  7.3185 6 - 2
    3.6116 0.1304 13
    5.79036 0.8696 4
  7.359 4 + 7
    2.588 0.040004 24
    2.6486 0.030143 23
    3.83933 0.070148 12
    4.39 0.059717 10
    5.83086 0.579764 4
    6.46819 0.110112 3
    7.359 0.110112 0
  7.371 4 - 8
    2.197 0.080502 28
    3.85133 0.049541 12
    4.7993 0.309606 9
    5.15937 0.058821 8
    5.38764 0.201204 7
    5.41887 0.161003 6
    6.78789 0.049541 1
    7.371 0.089782 0
  7.3775 2 + 6
    2.2035 0.09919 28
    3.30594 0.3006 15
    5.39414 0.03907 7
    5.42537 0.02014 6
    6.79439 0.2615 1
    7.3775 0.2795 0
  7.4 8 - 10
    2.778 0.098892 22
    3.03943 0.049446 18
    3.4556 0.030218 14
    4.33963 0.131889 11
    4.8283 0.549456 9
    5.41664 0.009889 7
    5.44787 0.030218 6
    5.46355 0.060435 5
    6.74284 0.019778 2
    6.81689 0.019778 1
  7.4079 6 + 5
    3.04733 0.310584 18
    3.4635 0.180091 14
    4.34753 0.279486 11
    5.47145 0.149093 5
    6.82479 0.080746 1
  7.422 4 - 5
    2.248 0.162798 28
    4.8503 0.127899 9
    5.21037 0.058139 8
    5.43864 0.581394 7
    5.48555 0.069769 5
  7.47 4 + 7
    2.699 0.02023 24
    3.1503 0.02023 17
    4.40963 0.03969 11
    5.48664 0.02023 7
    5.53355 0.101199 5
    6.88689 0.02023 1
    7.47 0.778192 0
  7.5144 6 + 6
    2.3404 0.030001 28
    3.44284 0.468823 15
    5.53104 0.039852 7
    5.56227 0.030001 6
    6.62359 0.281314 3
    7.5144 0.150008 0
  7.5462 2 - 3
    3.6018 0.3516 14
    5.60975 0.5495 5
    6.96309 0.0989 1
  7.5726 0 - 4
    3.50104 0.780031 15
    6.04446 0.089704 4
    6.68179 0.060062 3
    7.5726 0.070203 0
  7.599 2 + 7
    3.23843 0.060897 18
    3.6546 0.080126 14
    4.53863 0.108995 11
    5.61564 0.230788 7
    5.64687 0.099355 6
    7.01589 0.099355 1
    7.599 0.320484 0
  7.604 2 - 7
    2.43 0.098677 28
    5.39237 0.029609 8
    5.62064 0.052629 7
    5.65187 0.657882 6
    6.94684 0.131596 2
    7.02089 0.019739 1
    7.604 0.009868 0
  7.635 0 + 3
    2.461 0.5587 28
    6.74419 0.2514 3
    7.635 0.1899 0
  7.682 4 - 6
    2.508 0.17 28
    3.61044 0.5 15
    4.16233 0.06 12
    4.62163 0.06 11
    6.79119 0.16 3
    7.682 0.05 0
  7.7773 2 + 3
    4.71693 0.1598 11
    5.56567 0.5917 8
    5.82517 0.2485 6
  7.7998 6 - 3
    2.6258 0.1586 28
    5.84767 0.6897 6
    7.7998 0.1517 0
  7.8202 4 + 4
    2.6462 0.382381 28
    5.86807 0.098035 6
    7.16304 0.490175 2
    7.8202 0.029409 0
  7.8829 2 - 2
    5.93077 0.5 6
    7.22574 0.5 2
  7.8883 8 + 5
    4.9193 0.02015 10
    5.90494 0.1392 7
    6.36016 0.4798 4
    6.99749 0.3407 3
    7.8883 0.02015 0
  7.918 4 - 6
    3.55743 0.1304 18
    5.3463 0.04969 9
    5.70637 0.05901 8
    5.93464 0.1894 7
    5.98155 0.2609 5
    7.918 0.3106 0
  7.943 0 + 2
    5.99087 0.5 6
    7.28584 0.5 2
  7.964 2 - 4
    3.6443 0.090909 17
    4.0196 0.181798 14
    6.02755 0.606094 5
    7.38089 0.121199 1
  7.976 6 + 7
    5.4043 0.169495 9
    5.76437 0.230493 8
    6.02387 0.050848 6
    6.03955 0.050848 5
    7.31884 0.098307 2
    7.39289 0.33899 1
    7.976 0.061018 0
  8.017 4 - 4
    3.94544 0.210279 15
    4.3101 0.180282 13
    7.12619 0.429157 3
    8.017 0.180282 0
  8.039 2 + 6
    3.268 0.040271 24
    3.67843 0.040271 18
    4.51933 0.050341 12
    5.07 0.02013 10
    7.14819 0.01007 3
    8.039 0.838917 0
  8.1 0 - 6
    3.73943 0.020181 18
    5.03963 0.039802 11
    6.14787 0.319513 6
    7.44284 0.560522 2
    7.51689 0.039802 1
    8.1 0.020181 0
  8.106 4 + 5
    2.664 0.230395 30
    4.58633 0.269395 12
    6.57786 0.390492 4
    7.21519 0.01991 3
    8.106 0.089808 0
  8.113 2 - 4
    5.05263 0.458695 11
    6.16087 0.068809 6
    7.22219 0.261497 3
    8.113 0.210998 0
  8.128 6 + 2
    7.54489 0.5 1
    8.128 0.5 0
  8.164 6 - 5
    3.80343 0.149803 18
    5.10363 0.070481 11
    6.21187 0.149803 6
    7.27319 0.440509 3
    8.164 0.189404 0
  8.196 2 + 4
    4.12444 0.178595 15
    6.24387 0.239793 6
    6.25955 0.071428 5
    8.196 0.510185 0
  8.21 4 - 3
    3.036 0.2674 28
    6.25787 0.3663 6
    8.21 0.3663 0
  8.221 8 + 3
    4.5141 0.1582 13
    6.69286 0.3316 4
    7.33019 0.5102 3
  8.232 4 + 6
    3.6492 0.041909 21
    3.87143 0.062568 18
    5.17163 0.103297 11
    6.27987 0.091847 6
    7.64889 0.126296 1
    8.232 0.574083 0
  8.286 2 - 2
    6.33387 0.5 6
    7.62884 0.5 2
  8.327 0 - 2
    6.39055 0.5 5
    7.74389 0.5 1
  8.37 2 + 2
    7.78689 0.5 1
    8.37 0.5 0
  8.403 4 - 2
    7.81989 0.5 1
    8.403 0.5 0
  8.434 4 - 7
    4.07343 0.041201 18
    4.91433 0.187306 12
    5.37363 0.059932 11
    6.22237 0.157305 8
    6.49755 0.01124 5
    7.85089 0.374511 1
    8.434 0.168505 0
  8.495 6 + 3
    4.13443 0.009804 18
    5.43463 0.009804 11
    8.495 0.980392 0
  8.5387 2 + 2
    7.95559 0.5 1
    8.5387 0.5 0
  8.5632 0 - 2
    6.62675 0.5 5
    7.98009 0.5 1
  8.5683 2 + 2
    7.98519 0.5 1
    8.5683 0.5 0
  8.572 4 - 2
    4.0481 0.3007 20
    4.8651 0.6993 13
  8.6032 6 + 2
    8.02009 0.5 1
    8.6032 0.5 0
  8.6137 2 - 2
    1.5647 0.5102 59
    3.9033 0.4898 23
  8.6368 6 - 2
    6.68467 0.5 6
    7.74599 0.5 3
  8.674 4 + 6
    4.60244 0.047117 15
    5.61363 0.010469 11
    6.46237 0.523563 8
    7.78319 0.198986 3
    8.09089 0.120392 1
    8.674 0.099473 0
  8.724 0 + 1
    2.892 1 35
  8.74 2 - 2
    6.78787 0.5 6
    8.08284 0.5 2
  8.791 8 + 2
    6.83887 0.5 6
    7.90019 0.5 3
  8.846 4 - 2
    8.26289 0.5 1
    8.846 0.5 0
  8.874 2 + 2
    8.29089 0.5 1
    8.874 0.5 0
  8.95 4 - 2
    8.36689 0.5 1
    8.95 0.5 0
  9.008 0 + 2
    7.05587 0.5 6
    8.35084 0.5 2
  9.06 2 - 4
    2.011 0.05 59
    3.742 0.2 29
    5.3531 0.5 13
    7.53186 0.25 4
  9.122 6 + 2
    8.53889 0.5 1
    9.122 0.5 0
  9.15 4 - 2
    8.56689 0.5 1
    9.15 0.5 0
  9.195 2 + 2
    8.61189 0.5 1
    9.195 0.5 0
  9.24 8 - 2
    7.71186 0.5 4
    9.24 0.5 0
  9.312 4 + 2
    8.42119 0.5 3
    8.65484 0.5 2
  9.36 0 - 2
    7.42355 0.5 5
    8.77689 0.5 1
  9.438 2 + 2
    8.85489 0.5 1
    9.438 0.5 0
  9.527 6 - 2
    7.57487 0.5 6
    8.63619 0.5 3
  9.582 4 + 2
    8.69119 0.5 3
    8.92484 0.5 2
  9.647 2 - 2
    7.69487 0.5 6
    8.98984 0.5 2
  9.682 6 + 2
    9.09889 0.5 1
    9.682 0.5 0
  9.756 4 - 2
    9.17289 0.5 1
    9.756 0.5 0
  9.794 2 + 2
    9.21089 0.5 1
    9.794 0.5 0
  9.813 0 - 1
    5.2891 1 20
  9.859 4 + 2
    8.96819 0.5 3
    9.20184 0.5 2
  9.908 2 - 2
    7.95587 0.5 6
    9.25084 0.5 2
  9.957 6 + 2
    9.37389 0.5 1
    9.957 0.5 0
  10.009 8 - 2
    8.48086 0.5 4
    10.009 0.5 0
  10.051 4 + 2
    9.16019 0.5 3
    9.39384 0.5 2
  10.118 2 - 2
    8.16587 0.5 6
    9.46084 0.5 2
  10.167 0 + 2
    8.21487 0.5 6
    9.50984 0.5 2
  10.22 2 - 2
    8.26787 0.5 6
    9.56284 0.5 2
  10.99 4 + 2
    10.0992 0.5 3
    10.3328 0.5 2
  11.54 6 - 2
    9.58787 0.5 6
    10.6492 0.5 3
  11.77 2 + 2
    11.1869 0.5 1
    11.77 0.5 0
  12.2 4 - 2
    11.6169 0.5 1
    12.2 0.5 0
  12.52 0 + 2
    10.5679 0.5 6
    11.8628 0.5 2
  12.62 2 - 2
    10.6679 0.5 6
    11.9628 0.5 2
  13.37 4 + 2
    12.4792 0.5 3
    12.7128 0.5 2
  13.75 6 - 2
    11.7979 0.5 6
    12.8592 0.5 3

11 23 227
  0 3 + 0
  0.43999 5 + 1
    0.43999 1 0
  2.07601 7 + 2
    1.63602 0.918018 1
    2.07601 0.081982 0
  2.39073 1 + 2
    1.95074 0.3425 1
    2.39073 0.6575 0
  2.63985 1 - 1
    2.63985 1 0
  2.7035 9 + 2
    0.62749 0.3523 2
    2.26351 0.6477 1
  2.98206 3 + 3
    0.59133 0.002989 3
    2.54207 0.410905 1
    2.98206 0.586106 0
  3.6776 3 - 4
    0.69554 0.00504 6
    1.03775 0.194494 4
    1.28687 0.01299 3
    3.23761 0.787476 1
  3.84807 5 - 5
    0.86601 0.020161 6
    1.20822 0.044973 4
    1.77206 0.611037 2
    3.40808 0.094716 1
    3.84807 0.229114 0
  3.91424 5 + 5
    0.93218 0.023061 6
    1.52351 0.01097 3
    1.83823 0.089844 2
    3.47425 0.081093 1
    3.91424 0.795032 0
  4.42964 1 + 2
    2.03891 0.082572 3
    4.42964 0.917427 0
  4.77461 7 + 3
    2.07111 0.070737 5
    2.6986 0.286189 2
    4.33462 0.643074 1
  5.37857 5 + 4
    2.39651 0.071174 6
    3.30256 0.223882 2
    4.93858 0.574054 1
    5.37857 0.13089 0
  5.534 11 + 2
    2.8305 0.7899 5
    3.45799 0.2101 2
  5.74175 5 + 2
    5.30176 0.2908 1
    5.74175 0.7092 0
  5.76603 3 + 4
    1.91796 0.015059 8
    3.12618 0.044678 4
    5.32604 0.420783 1
    5.76603 0.519479 0
  5.776 3 - 2
    3.38527 0.5 3
    5.33601 0.5 1
  5.92681 7 + 5
    1.1522 0.01899 11
    2.01257 0.067229 9
    3.8508 0.136097 2
    5.48682 0.239895 1
    5.92681 0.537789 0
  5.96442 3 - 6
    1.53478 0.05 10
    2.28682 0.15 7
    3.32457 0.5 4
    3.57369 0.1 3
    5.52443 0.1 1
    5.96442 0.1 0
  6.04219 7 - 4
    2.12795 0.028687 9
    2.19412 0.503255 8
    2.36459 0.120789 7
    5.6022 0.347269 1
  6.1149 9 + 2
    3.4114 0.8333 5
    4.03889 0.1667 2
  6.1946 5 - 4
    2.34653 0.319732 8
    2.517 0.340134 7
    3.55475 0.231323 4
    6.1946 0.108811 0
  6.2354 11 + 2
    0.7014 0.1228 13
    3.5319 0.8772 5
  6.30796 1 + 1
    3.91723 1 3
  6.35451 9 - 4
    0.82051 0.025671 13
    2.50644 0.65832 8
    3.65101 0.184306 5
    4.2785 0.131704 2
  6.57779 9 + 4
    2.66355 0.1416 9
    3.87429 0.1803 5
    4.50178 0.4292 2
    6.1378 0.2489 1
  6.618 5 + 5
    1.84339 0.027989 11
    2.70376 0.01103 9
    4.54199 0.01103 2
    6.17801 0.911663 1
    6.618 0.038288 0
  6.73551 3 + 3
    3.05791 0.1818 7
    4.6595 0.3397 2
    6.29552 0.4785 1
  6.81961 5 - 2
    2.97154 0.5988 8
    3.14201 0.4012 7
  6.86769 5 + 2
    6.4277 0.8197 1
    6.86769 0.1803 0
  6.9206 3 - 2
    6.48061 0.3007 1
    6.9206 0.6993 0
  6.9474 3 + 6
    3.03316 0.09375 9
    3.96534 0.3125 6
    4.30755 0.08125 4
    4.55667 0.15 3
    6.50741 0.1906 1
    6.9474 0.1719 0
  7.07083 1 - 2
    3.15659 0.081728 9
    7.07083 0.918272 0
  7.0819 3 - 3
    4.44205 0.1989 4
    6.64191 0.2486 1
    7.0819 0.5525 0
  7.122 3 - 1
    7.122 1 0
  7.1333 3 + 4
    4.15124 0.1316 6
    5.05729 0.1316 2
    6.69331 0.2982 1
    7.1333 0.4386 0
  7.15 1 - 2
    4.51015 0.5 4
    7.15 0.5 0
  7.186 1 - 2
    4.54615 0.5 4
    7.186 0.5 0
  7.2677 7 + 3
    1.0323 0.1111 22
    1.1528 0.3598 20
    4.5642 0.5291 5
  7.27711 7 + 2
    3.42904 0.3976 8
    5.2011 0.6024 2
  7.3911 3 - 2
    5.00037 0.5 3
    6.95111 0.5 1
  7.4124 5 - 3
    3.49816 0.2387 9
    5.33639 0.3108 2
    6.97241 0.4505 1
  7.45151 5 + 3
    3.60344 0.074367 8
    5.06078 0.029569 3
    7.01152 0.896064 1
  7.48782 3 - 3
    3.81022 0.450455 7
    4.84797 0.19818 4
    5.09709 0.351365 3
  7.56621 5 - 2
    7.12622 0.2481 1
    7.56621 0.7519 0
  7.686 1 - 2
    5.04615 0.5 4
    7.686 0.5 0
  7.72444 5 + 2
    4.74238 0.2481 6
    7.72444 0.7519 0
  7.75052 1 - 2
    4.76846 0.5 6
    7.31053 0.5 1
  7.83413 5 + 3
    3.91989 0.1977 9
    5.13063 0.2209 5
    7.39414 0.5814 1
  7.87283 3 - 3
    4.89077 0.2938 6
    5.4821 0.1907 3
    7.43284 0.5155 1
  7.87622 3 - 3
    4.02815 0.2452 8
    4.19862 0.274 7
    7.87622 0.4808 0
  7.89119 5 + 3
    5.81518 0.097554 2
    7.4512 0.292682 1
    7.89119 0.609763 0
  7.9649 5 + 2
    5.88889 0.4652 2
    7.52491 0.5348 1
  7.982 1 - 2
    5.34215 0.5 4
    7.982 0.5 0
  7.991 3 + 1
    7.991 1 0
  8.0611 5 + 2
    5.3576 0.5 5
    7.62111 0.5 1
  8.1 1 - 2
    5.46015 0.5 4
    8.1 0.5 0
  8.122 1 - 2
    5.48215 0.5 4
    8.122 0.5 0
  8.149 1 - 2
    5.50915 0.5 4
    8.149 0.5 0
  8.173 3 - 2
    5.78227 0.5 3
    7.73301 0.5 1
  8.22 1 - 2
    5.58015 0.5 4
    8.22 0.5 0
  8.261 3 - 2
    5.87027 0.5 3
    7.82101 0.5 1
  8.30201 5 - 1
    7.86202 1 1
  8.328 1 - 2
    5.68815 0.5 4
    8.328 0.5 0
  8.36 5 + 3
    6.28399 0.148915 2
    7.92001 0.319132 1
    8.36 0.531953 0
  8.41743 3 + 3
    5.43537 0.225277 6
    6.0267 0.549445 3
    8.41743 0.225277 0
  8.4756 3 + 1
    8.03561 1 1
  8.503 7 - 2
    5.7995 0.5 5
    8.06301 0.5 1
  8.558 1 - 2
    5.91815 0.5 4
    8.558 0.5 0
  8.6111 7 - 2
    5.9076 0.5 5
    8.17111 0.5 1
  8.631 5 - 1
    8.631 1 0
  8.6467 1 + 1
    8.6467 1 0
  8.6638 1 + 4
    5.68174 0.042021 6
    6.02395 0.067232 4
    6.27307 0.050422 3
    8.6638 0.840325 0
  8.721 3 - 1
    8.721 1 0
  8.797 3 + 2
    6.72099 0.5 2
    8.797 0.5 0
  8.822 3 - 2
    6.43127 0.5 3
    8.38201 0.5 1
  8.8295 1 + 2
    6.43877 0.641 3
    8.8295 0.359 0
  8.862 1 + 2
    6.47127 0.5 3
    8.42201 0.5 1
  8.894 1 + 2
    6.50327 0.5 3
    8.45401 0.5 1
  8.946 7 - 2
    6.2425 0.5 5
    8.50601 0.5 1
  8.972 3 - 2
    6.58127 0.5 3
    8.53201 0.5 1
  9 3 - 2
    6.60927 0.5 3
    8.56001 0.5 1
  9.0387 7 + 3
    1.771 0.1916 38
    2.8033 0.5988 22
    3.5047 0.2096 13
  9.072 3 - 2
    6.68127 0.5 3
    8.63201 0.5 1
  9.103 13 + 2
    2.9881 0.5 20
    6.3995 0.5 5
  9.113 3 - 2
    6.72227 0.5 3
    8.67301 0.5 1
  9.171 5 + 2
    6.78027 0.5 3
    8.73101 0.5 1
  9.21102 3 + 12
    1.7232 0.02307 43
    3.01642 0.032961 21
    3.2466 0.170803 18
    4.78138 0.02307 10
    5.29678 0.299705 9
    5.36295 0.02098 8
    5.53342 0.029971 7
    6.22896 0.248704 6
    6.57117 0.098892 4
    6.82029 0.02397 3
    8.77103 0.02098 1
    9.21102 0.006892 0
  9.2521 1 + 9
    2.3315 0.007827 30
    3.48607 0.02394 15
    4.82246 0.01796 10
    5.33786 0.006906 9
    5.5745 0.040979 7
    6.27004 0.322296 6
    6.61225 0.082869 4
    6.86137 0.03683 3
    9.2521 0.460394 0
  9.286 7 - 2
    6.5825 0.5 5
    8.84601 0.5 1
  9.322 5 - 2
    7.24599 0.5 2
    9.322 0.5 0
  9.39639 7 - 19
    0.97896 0.000988 65
    1.52017 0.109494 50
    1.64587 0.013099 47
    1.83018 0.015479 44
    1.94488 0.009881 42
    1.98399 0.049997 41
    2.11928 0.098815 39
    2.21039 0.020239 37
    2.57678 0.119093 28
    2.8186 0.044048 25
    3.04188 0.020239 24
    3.20179 0.073816 21
    3.3542 0.096435 19
    3.65464 0.098815 14
    4.62178 0.006905 11
    5.48215 0.027378 9
    5.54832 0.119093 8
    6.69289 0.046427 5
    8.9564 0.029758 1
  9.4012 1 + 2
    7.01047 0.5 3
    8.96121 0.5 1
  9.4048 1 + 8
    1.68036 0.0039 46
    3.63877 0.00312 15
    4.97516 0.027301 10
    5.7272 0.067863 7
    6.42274 0.075663 6
    6.76495 0.031981 4
    8.96481 0.01014 1
    9.4048 0.780031 0
  9.4261 3 - 1
    1.93828 1 43
  9.475 5 - 2
    7.39899 0.5 2
    9.475 0.5 0
  9.48775 3 + 13
    3.17979 0.01586 23
    3.29315 0.005047 21
    3.52333 0.01118 18
    3.72172 0.020191 15
    4.10918 0.0119 12
    5.05811 0.020911 10
    5.57351 0.033171 9
    5.81015 0.009012 7
    6.50569 0.024871 6
    6.8479 0.180205 4
    7.09702 0.007931 3
    9.04776 0.360511 1
    9.48775 0.299209 0
  9.541 15 - 1
    0.437999 1 84
  9.582 3 + 2
    7.50599 0.5 2
    9.582 0.5 0
  9.6082 3 + 20
    1.73537 0.00397 49
    1.88376 0.006807 46
    2.12038 0.007941 43
    2.2171 0.001134 40
    2.53737 0.009076 32
    2.6608 0.015877 31
    2.78859 0.005104 28
    2.87269 0.002836 27
    3.30024 0.002836 23
    3.64378 0.001134 18
    3.84217 0.007941 15
    3.86645 0.028922 14
    4.22963 0.011911 12
    5.17856 0.006807 10
    5.69396 0.238225 9
    5.76013 0.023823 8
    6.62614 0.023823 6
    6.96835 0.023823 4
    7.21747 0.010777 3
    9.16821 0.567234 1
  9.627 5 - 1
    9.627 1 0
  9.6522 3 + 9
    2.78451 0.015179 29
    4.87759 0.188592 11
    5.73796 0.01012 9
    5.80413 0.0069 8
    5.9746 0.029899 7
    7.26147 0.00782 3
    7.57619 0.01012 2
    9.21221 0.459982 1
    9.6522 0.271389 0
  9.6556 3 + 9
    4.88099 0.048477 11
    5.22596 0.011899 10
    5.74136 0.00617 9
    5.978 0.282085 7
    6.67354 0.007933 6
    7.01575 0.037898 4
    7.26487 0.00617 3
    9.21561 0.158692 1
    9.6556 0.440677 0
  9.6741 3 + 12
    1.78291 0.011881 51
    2.80641 0.092416 29
    3.4795 0.020131 21
    3.90807 0.032012 15
    5.75986 0.069315 9
    5.82603 0.012871 8
    5.9965 0.032012 7
    6.69204 0.069315 6
    7.28337 0.009902 3
    7.59809 0.191413 2
    9.23411 0.330023 1
    9.6741 0.128709 0
  9.6827 3 + 12
    1.38069 0.005024 62
    2.11649 0.05861 44
    2.23119 0.04466 42
    2.6008 0.02484 33
    4.90809 0.03628 11
    5.76846 0.0307 9
    5.83463 0.248402 8
    6.0051 0.083731 7
    6.70064 0.150701 6
    7.60669 0.01395 2
    9.24271 0.024 1
    9.6827 0.279102 0
  9.7008 3 + 14
    1.80961 0.002883 51
    1.95028 0.002883 47
    1.97636 0.001922 46
    2.96529 0.003844 27
    3.95905 0.019221 14
    5.27116 0.002883 10
    5.78656 0.020182 9
    6.0232 0.024992 7
    6.71874 0.038923 6
    7.06095 0.081696 4
    7.31007 0.007209 3
    7.62479 0.014901 2
    9.26081 0.297923 1
    9.7008 0.480537 0
  9.73253 7 - 19
    1.25693 0.013919 66
    1.43052 0.008945 62
    1.67143 0.005964 55
    1.85631 0.011929 50
    1.8984 0.005964 48
    1.98201 0.009939 47
    2.32013 0.001988 41
    2.45542 0.005964 39
    2.91292 0.011929 28
    3.15474 0.027828 25
    3.53793 0.014909 21
    3.69034 0.139189 19
    3.99078 0.035787 14
    4.35396 0.039757 12
    5.81829 0.041747 9
    5.88446 0.188886 8
    7.02903 0.168987 5
    7.65652 0.067585 2
    9.29254 0.198785 1
  9.738 1 - 2
    7.09815 0.5 4
    9.738 0.5 0
  9.7555 3 + 8
    5.32586 0.0059 10
    5.84126 0.041888 9
    5.90743 0.082596 8
    6.0779 0.100295 7
    7.11565 0.58997 4
    7.36477 0.00826 3
    9.31551 0.076696 1
    9.7555 0.094395 0
  9.802 1 - 3
    2.5343 0.2908 38
    3.5666 0.5102 22
    4.268 0.199 13
  9.8157 5 + 20
    1.51369 0.001378 62
    1.8508 0.021592 52
    1.92451 0.004134 51
    1.94287 0.00735 49
    2.4033 0.010105 41
    2.6824 0.012861 35
    2.74487 0.04317 32
    2.8683 0.05052 31
    3.08019 0.010105 27
    3.1977 0.00735 26
    3.88889 0.00735 17
    4.04967 0.110231 15
    4.07395 0.022962 14
    5.04109 0.020208 11
    5.38606 0.034451 10
    5.90146 0.068901 9
    5.96763 0.002756 8
    6.83364 0.459389 6
    7.1122 0.096459 5
    7.42497 0.008727 3
  9.8354 3 + 15
    1.94421 0.01519 51
    2.7021 0.01999 35
    2.76457 0.003199 32
    3.09989 0.01399 27
    3.6408 0.04398 21
    4.09365 0.01599 14
    4.45683 0.02199 12
    5.40576 0.04798 10
    5.92116 0.12 9
    5.98733 0.03399 8
    6.1578 0.001999 7
    6.85334 0.001999 6
    7.44467 0.12 3
    9.39541 0.1399 1
    9.8354 0.399801 0
  9.85015 1 + 7
    5.42051 0.036228 10
    6.17255 0.108693 7
    6.86809 0.022069 6
    7.2103 0.31948 4
    7.45942 0.329379 3
    9.41016 0.002964 1
    9.85015 0.181188 0
  9.872 5 - 2
    7.79599 0.5 2
    9.872 0.5 0
  9.8909 3 - 9
    4.12487 0.02084 15
    4.51233 0.02084 12
    5.97666 0.1006 9
    6.04283 0.0575 8
    6.2133 0.07906 7
    7.25105 0.2204 4
    7.50017 0.08146 3
    9.45091 0.1797 1
    9.8909 0.2396 0
  9.917 1 - 6
    3.04931 0.051793 29
    5.14239 0.071714 11
    6.00276 0.398424 9
    6.06893 0.219113 8
    9.47701 0.219113 1
    9.917 0.039842 0
  9.939 5 - 2
    7.86299 0.5 2
    9.939 0.5 0
  9.958 9 - 2
    6.10993 0.5 8
    7.88199 0.5 2
  9.984 1 - 2
    7.34415 0.5 4
    9.984 0.5 0
  10.0032 1 - 8
    4.03878 0.025911 18
    4.23717 0.108304 15
    5.57356 0.030151 10
    6.3256 0.034861 7
    7.02114 0.018841 6
    7.36335 0.471019 4
    7.61247 0.122505 3
    10.0032 0.188408 0
  10.0174 5 + 20
    1.3864 0.0013 70
    1.59997 0.003899 65
    2.14118 0.003899 50
    2.56589 0.007799 42
    2.74029 0.003899 39
    2.8841 0.002599 35
    3.0968 0.003899 30
    3.28189 0.002599 27
    3.3994 0.047656 26
    3.97521 0.0013 19
    4.25137 0.003899 15
    4.27565 0.005199 14
    4.63883 0.009099 12
    5.24279 0.003899 11
    6.10316 0.242683 9
    6.16933 0.064983 8
    6.3398 0.151581 7
    7.03534 0.433307 6
    7.3139 0.0013 5
    7.62667 0.005199 3
  10.036 7 - 2
    7.3325 0.5 5
    9.59601 0.5 1
  10.0491 5 + 3
    6.20103 0.3202 8
    7.97309 0.2412 2
    9.60911 0.4386 1
  10.0709 7 - 3
    7.99489 0.561772 2
    9.63091 0.359582 1
    10.0709 0.078646 0
  10.0759 5 - 12
    3.25629 0.028671 28
    4.03371 0.050722 19
    4.11148 0.014111 18
    4.33415 0.022051 14
    5.30129 0.180807 11
    6.22783 0.161006 8
    6.3983 0.039692 7
    7.09384 0.149906 6
    7.43605 0.009041 4
    7.99989 0.220509 2
    9.63591 0.066153 1
    10.0759 0.057332 0
  10.0853 1 + 11
    3.1379 0.03898 31
    3.1647 0.067569 30
    3.34979 0.04678 27
    3.77734 0.259897 23
    4.31927 0.220898 15
    5.65566 0.03119 10
    6.4077 0.062369 7
    7.10324 0.01507 6
    7.69457 0.04678 3
    9.64531 0.070169 1
    10.0853 0.140299 0
  10.1148 1 + 5
    4.15038 0.04328 18
    4.34877 0.074959 15
    7.13274 0.772792 6
    7.72407 0.01623 3
    10.1148 0.092739 0
  10.1259 5 - 11
    4.08371 0.026389 19
    4.16148 0.018949 18
    4.38415 0.079158 14
    4.74733 0.026389 12
    6.21166 0.035979 9
    6.27783 0.047969 8
    6.4483 0.211094 7
    7.14384 0.023989 6
    8.04989 0.239893 2
    9.68591 0.170295 1
    10.1259 0.119896 0
  10.1642 9 + 2
    7.4607 0.5 5
    9.72421 0.5 1
  10.1696 5 + 20
    1.694 0.005857 66
    2.1085 0.009913 55
    2.29677 0.025237 49
    2.33547 0.017118 48
    2.89249 0.008111 39
    3.30191 0.067593 29
    3.43409 0.004956 27
    3.975 0.009012 21
    4.12741 0.010819 19
    4.24279 0.018928 17
    4.42785 0.026137 14
    4.79103 0.067593 12
    5.39499 0.108189 11
    6.25536 0.005857 9
    6.32153 0.008111 8
    7.18754 0.450653 6
    7.4661 0.019828 5
    8.09359 0.014868 2
    9.72961 0.081112 1
    10.1696 0.040106 0
  10.183 3 - 2
    7.79227 0.5 3
    9.74301 0.5 1
  10.214 7 - 2
    7.5105 0.5 5
    9.77401 0.5 1
  10.221 1 + 2
    7.83027 0.5 3
    9.78101 0.5 1
  10.2317 5 + 19
    1.7561 0.003155 66
    1.81427 0.013068 65
    1.92969 0.003155 62
    2.66549 0.005857 44
    2.8193 0.004956 41
    3.0984 0.021177 35
    3.2843 0.009012 31
    3.36401 0.012168 29
    3.6137 0.036945 26
    4.18951 0.036945 19
    4.30489 0.180277 17
    4.46567 0.005857 15
    4.48995 0.003155 14
    6.31746 0.108186 9
    6.38363 0.003155 8
    6.5541 0.045064 7
    7.84097 0.036045 3
    9.79171 0.450643 1
    10.2317 0.021177 0
  10.2437 1 + 8
    2.51926 0.07 46
    4.47767 0.06 15
    5.81406 0.02 10
    6.5661 0.5 7
    7.26164 0.05 6
    7.60385 0.06 4
    7.85297 0.19 3
    9.80371 0.05 1
  10.2815 3 + 11
    3.1482 0.01212 35
    4.31708 0.02425 18
    4.51547 0.062569 15
    4.90293 0.01212 12
    5.50689 0.01291 11
    6.36726 0.391096 9
    7.29944 0.04302 6
    7.64165 0.054749 4
    7.89077 0.140799 3
    9.84151 0.148599 1
    10.2815 0.097769 0
  10.3181 3 - 8
    5.88846 0.139597 10
    6.47003 0.044259 8
    6.6405 0.027919 7
    7.33604 0.085118 6
    7.67825 0.200896 4
    7.92737 0.01192 3
    9.87811 0.340493 1
    10.3181 0.149797 0
  10.3388 3 - 10
    3.4182 0.030033 30
    3.51919 0.008912 28
    4.03084 0.036303 23
    4.37438 0.013861 18
    6.6612 0.049504 7
    7.35674 0.290426 6
    7.69895 0.059415 4
    7.94807 0.148513 3
    9.89881 0.033003 1
    10.3388 0.330029 0
  10.3461 5 + 13
    4.30391 0.011879 19
    4.58007 0.034768 15
    4.60435 0.024048 14
    4.96753 0.015939 12
    5.57149 0.019119 11
    6.43186 0.078235 9
    6.49803 0.006955 8
    6.6685 0.015069 7
    7.36404 0.037668 6
    7.95537 0.034768 3
    8.27009 0.15069 2
    9.90611 0.281082 1
    10.3461 0.289781 0
  10.3538 3 + 15
    2.46261 0.01702 51
    3.61829 0.005107 27
    4.58777 0.03201 15
    4.61205 0.02009 14
    4.97523 0.03405 12
    5.92416 0.01396 10
    6.43956 0.008853 9
    6.50573 0.2996 8
    6.6762 0.08172 7
    7.37174 0.04086 6
    7.71395 0.3405 4
    7.96307 0.02792 3
    8.27779 0.02588 2
    9.91381 0.03745 1
    10.3538 0.01498 0
  10.4406 5 + 10
    2.02317 0.033079 65
    3.0282 0.020859 41
    3.8226 0.033799 26
    5.06203 0.01187 12
    6.52636 0.089897 9
    6.763 0.005034 7
    7.45854 0.359588 6
    8.36459 0.093487 2
    10.0006 0.201393 1
    10.4406 0.150995 0
  10.4487 1 - 9
    1.9731 0.056254 66
    2.55751 0.026142 51
    4.40651 0.052954 19
    6.53446 0.158812 9
    6.60063 0.330926 8
    7.7452 0.158812 5
    8.37269 0.182014 2
    10.0087 0.026142 1
    10.4487 0.007943 0
  10.4789 3 + 11
    2.75446 0.022998 46
    3.65929 0.013049 28
    4.71287 0.031077 15
    4.73715 0.139786 14
    5.10033 0.310769 12
    6.56466 0.108789 9
    6.63083 0.023928 8
    7.83905 0.013979 4
    8.08817 0.031077 3
    10.0389 0.034177 1
    10.4789 0.270373 0
  10.502 3 - 9
    4.76025 0.0069 14
    6.07236 0.01008 10
    6.65393 0.068997 8
    6.8244 0.048298 7
    7.51994 0.020169 6
    7.86215 0.016989 4
    8.11127 0.048298 3
    10.062 0.24949 1
    10.502 0.530779 0
  10.5078 1 + 12
    3.4259 0.058333 33
    3.5872 0.040832 30
    4.19984 0.018081 23
    4.54338 0.028292 18
    4.74177 0.032082 15
    6.07816 0.090415 10
    6.8302 0.087495 7
    7.52574 0.110807 6
    7.86795 0.291617 4
    8.11707 0.099156 3
    10.0678 0.032082 1
    10.5078 0.110807 0
  10.5191 5 + 20
    1.8881 0.031532 70
    2.10167 0.076587 65
    2.1591 0.009009 64
    2.62791 0.171165 51
    2.68497 0.031532 48
    2.95289 0.013514 44
    3.06759 0.036037 42
    3.1067 0.013514 41
    3.3858 0.103596 35
    3.5717 0.031532 31
    3.5985 0.031532 30
    3.65141 0.085605 29
    3.69949 0.022523 28
    3.78359 0.022523 27
    3.9011 0.081073 26
    4.21114 0.009009 23
    4.55468 0.018018 18
    4.75307 0.117101 15
    4.77735 0.067569 14
    5.14053 0.027028 12
  10.5341 7 - 8
    3.6135 0.082915 30
    5.75949 0.060806 11
    6.8565 0.082915 7
    7.55204 0.018239 6
    8.14337 0.052517 3
    8.45809 0.039248 2
    10.0941 0.110593 1
    10.5341 0.552767 0
  10.5491 5 + 13
    2.65791 0.012039 51
    2.82466 0.013039 46
    4.58468 0.028078 18
    4.80735 0.014039 14
    5.17053 0.032098 12
    6.11946 0.140392 10
    6.63486 0.150492 9
    6.8715 0.008024 7
    7.56704 0.19059 6
    8.15837 0.092275 3
    8.47309 0.034098 2
    10.1091 0.084245 1
    10.5491 0.200589 0
  10.5745 3 - 10
    3.75489 0.041852 28
    5.19593 0.017621 12
    6.14486 0.030842 10
    6.66026 0.030842 9
    6.72643 0.268713 8
    6.8969 0.041852 7
    7.59244 0.025111 6
    7.93465 0.018941 4
    8.18377 0.083704 3
    10.1345 0.440522 1
  10.592 1 - 2
    7.95215 0.5 4
    10.592 0.5 0
  10.6169 7 - 8
    3.74921 0.047927 29
    4.85087 0.059236 15
    6.70266 0.086155 9
    6.9393 0.16159 7
    8.22617 0.030158 3
    8.54089 0.043617 2
    10.1769 0.538468 1
    10.6169 0.032848 0
  10.665 9 - 2
    6.81693 0.5 8
    8.58899 0.5 2
  10.678 3 - 2
    8.28727 0.5 3
    10.238 0.5 1
  10.704 3 - 2
    8.31327 0.5 3
    10.264 0.5 1
  10.77 1 + 2
    8.37927 0.5 3
    10.33 0.5 1
  10.823 3 + 2
    8.74699 0.5 2
    10.823 0.5 0
  10.8315 3 - 2
    8.44077 0.5 3
    10.3915 0.5 1
  10.839 1 - 2
    8.19915 0.5 4
    10.839 0.5 0
  10.87 3 - 2
    8.47927 0.5 3
    10.43 0.5 1
  10.906 1 - 2
    8.26615 0.5 4
    10.906 0.5 0
  10.907 1 - 2
    8.26715 0.5 4
    10.907 0.5 0
  10.908 5 + 2
    8.51727 0.5 3
    10.468 0.5 1
  10.918 1 + 2
    8.52727 0.5 3
    10.478 0.5 1
  10.93 3 + 2
    8.85399 0.5 2
    10.93 0.5 0
  10.953 1 + 2
    8.56227 0.5 3
    10.513 0.5 1
  10.954 7 - 2
    8.2505 0.5 5
    10.514 0.5 1
  10.968 5 + 2
    8.57727 0.5 3
    10.528 0.5 1
  10.973 3 + 2
    8.89699 0.5 2
    10.973 0.5 0
  10.981 3 - 2
    8.59027 0.5 3
    10.541 0.5 1
  10.993 1 + 2
    8.60227 0.5 3
    10.553 0.5 1
  10.999 3 + 2
    8.92299 0.5 2
    10.999 0.5 0
  11.004 5 - 2
    8.92799 0.5 2
    11.004 0.5 0
  11.04 1 + 2
    8.64927 0.5 3
    10.6 0.5 1
  11.088 1 - 2
    8.44815 0.5 4
    11.088 0.5 0
  11.109 5 + 2
    8.71827 0.5 3
    10.669 0.5 1
  11.112 3 + 2
    9.03599 0.5 2
    11.112 0.5 0
  11.133 7 - 2
    8.4295 0.5 5
    10.693 0.5 1
  11.155 5 - 2
    9.07899 0.5 2
    11.155 0.5 0
  11.198 3 + 2
    9.12199 0.5 2
    11.198 0.5 0
  11.238 3 - 2
    8.84727 0.5 3
    10.798 0.5 1
  11.25 3 + 2
    9.17399 0.5 2
    11.25 0.5 0
  11.267 3 - 2
    8.87627 0.5 3
    10.827 0.5 1
  11.273 3 + 2
    9.19699 0.5 2
    11.273 0.5 0
  11.277 3 + 2
    9.20099 0.5 2
    11.277 0.5 0
  11.28 3 + 2
    9.20399 0.5 2
    11.28 0.5 0
  11.286 1 + 2
    8.89527 0.5 3
    10.846 0.5 1
  11.303 3 + 2
    9.22699 0.5 2
    11.303 0.5 0
  11.329 1 - 2
    8.68915 0.5 4
    11.329 0.5 0
  11.334 5 + 2
    8.94327 0.5 3
    10.894 0.5 1
  11.335 3 - 2
    8.94427 0.5 3
    10.895 0.5 1
  11.3435 3 + 2
    9.26749 0.5 2
    11.3435 0.5 0
  11.351 1 - 2
    8.71115 0.5 4
    11.351 0.5 0
  11.355 1 + 2
    8.96427 0.5 3
    10.915 0.5 1
  11.426 1 - 2
    8.78615 0.5 4
    11.426 0.5 0
  11.496 7 - 2
    8.7925 0.5 5
    11.056 0.5 1
  11.52 5 + 2
    9.12927 0.5 3
    11.08 0.5 1
  11.525 5 + 2
    9.13427 0.5 3
    11.085 0.5 1
  11.539 5 + 2
    9.14827 0.5 3
    11.099 0.5 1
  11.554 1 + 2
    9.16327 0.5 3
    11.114 0.5 1
  11.585 5 + 2
    9.19427 0.5 3
    11.145 0.5 1
  11.613 3 - 2
    9.22227 0.5 3
    11.173 0.5 1
  11.665 7 - 2
    8.9615 0.5 5
    11.225 0.5 1
  11.692 1 + 2
    9.30127 0.5 3
    11.252 0.5 1
  11.701 3 - 2
    9.31027 0.5 3
    11.261 0.5 1
  11.709 5 + 2
    9.31827 0.5 3
    11.269 0.5 1
  11.748 7 - 2
    9.0445 0.5 5
    11.308 0.5 1
  11.765 1 - 2
    9.12515 0.5 4
    11.765 0.5 0
  11.88 9 - 2
    8.03193 0.5 8
    9.80399 0.5 2
  12.05 7 - 2
    9.3465 0.5 5
    11.61 0.5 1
  12.33 5 - 2
    10.254 0.5 2
    12.33 0.5 0
  12.5568 5 - 2
    10.4808 0.5 2
    12.5568 0.5 0
  12.5925 7 - 3
    2.7905 0.25 109
    5.3248 0.5 38
    6.3571 0.25 22
  12.82 9 - 2
    8.97193 0.5 8
    10.744 0.5 2
  12.92 5 - 2
    10.844 0.5 2
    12.92 0.5 0
  13.05 11 + 2
    8.27539 0.5 11
    10.974 0.5 2
  13.21 7 - 2
    10.5065 0.5 5
    12.77 0.5 1
  13.72 5 + 2
    11.3293 0.5 3
    13.28 0.5 1
  14.08 17 - 1
    14.08 1 0
  14.375 19 + 1
    0.295 1 217
  14.44 21 - 2
    0.065 0.5 218
    0.36 0.5 217
  14.98 1 + 2
    12.5893 0.5 3
    14.54 0.5 1
  15.45 5 - 2
    13.374 0.5 2
    15.45 0.5 0
  15.9 3 + 2
    13.824 0.5 2
    15.9 0.5 0
  15.98 9 - 2
    12.1319 0.5 8
    13.904 0.5 2
  16.32 7 + 2
    14.244 0.5 2
    16.32 0.5 0
  16.6 1 - 2
    13.9602 0.5 4
    16.6 0.5 0
  19.5949 5 + 2
    17.2042 0.5 3
    19.1549 0.5 1

11 24 139
  0 8 + 0
  0.472207 2 + 1
    0.472207 1 0
  0.563199 4 + 2
    0.090992 0.96479 1
    0.563199 0.03521 0
  1.34146 4 + 2
    0.778261 0.052672 2
    0.869253 0.947328 1
  1.34463 6 + 2
    0.781431 0.441 2
    1.34463 0.559 0
  1.34662 2 + 2
    0.783421 0.00833 2
    0.874413 0.99167 1
  1.5124 10 + 1
    1.5124 1 0
  1.84601 4 + 5
    0.49939 0.442109 5
    0.50138 0.094162 4
    0.50455 0.046421 3
    1.28281 0.167103 2
    1.3738 0.250205 1
  1.88549 6 + 2
    1.32229 0.6211 2
    1.88549 0.3789 0
  1.96087 0 - 2
    0.61425 0.5 5
    1.48866 0.5 1
  1.97707 2 - 2
    0.63561 0.5 3
    1.41387 0.5 2
  2.51336 6 + 4
    0.55249 0.053329 9
    1.1719 0.01422 3
    1.95016 0.888891 2
    2.51336 0.04356 0
  2.56237 8 + 3
    1.04997 0.1503 6
    1.21774 0.5181 4
    2.56237 0.3316 0
  2.90401 6 + 7
    1.01852 0.01274 8
    1.058 0.02406 7
    1.55938 0.283006 4
    1.56255 0.471709 3
    2.34081 0.01745 2
    2.4318 0.077832 1
    2.90401 0.113202 0
  2.97778 4 + 8
    1.09229 0.021631 8
    1.13177 0.002226 7
    1.63116 0.01173 5
    1.63315 0.079082 4
    1.63632 0.326909 3
    2.41458 0.332209 2
    2.50557 0.218006 1
    2.97778 0.008207 0
  3.2167 4 + 1
    1.87207 1 4
  3.37174 4 - 7
    0.85838 0.005146 11
    1.48625 0.01557 8
    2.02512 0.428807 5
    2.02711 0.051881 4
    2.03028 0.277405 3
    2.80854 0.218704 2
    2.89953 0.002487 1
  3.4132 2 + 6
    1.52771 0.060112 8
    1.56719 0.039931 7
    2.06658 0.098333 5
    2.07174 0.429413 3
    2.85 0.118904 2
    2.94099 0.253308 1
  3.58933 2 + 5
    1.74332 0.0234 7
    2.24271 0.065781 5
    2.24787 0.0234 3
    3.02613 0.632513 2
    3.11712 0.254905 1
  3.62836 6 + 3
    2.28373 0.1916 4
    2.2869 0.4673 3
    3.62836 0.3411 0
  3.65591 2 + 7
    1.14255 0.02231 11
    1.77042 0.102802 8
    1.8099 0.073691 7
    2.30929 0.057601 5
    2.31445 0.089782 3
    3.09271 0.51891 2
    3.1837 0.134903 1
  3.68183 0 + 2
    2.33521 0.028181 5
    3.20962 0.971819 1
  3.73762 0 - 2
    2.391 0.5 5
    3.26541 0.5 1
  3.74506 6 - 8
    0.37332 0.005877 16
    1.2317 0.079875 11
    1.85957 0.028528 8
    1.89905 0.570562 7
    2.40043 0.097563 4
    2.4036 0.109593 3
    3.18186 0.094714 2
    3.74506 0.013289 0
  3.86562 0 - 2
    2.01961 0.8278 7
    2.52416 0.1722 3
  3.896 4 - 2
    2.55137 0.5 4
    3.42379 0.5 1
  3.9363 0 + 2
    2.58968 0.3789 5
    3.3731 0.6211 2
  3.94346 8 + 1
    3.94346 1 0
  3.97733 2 - 6
    0.60559 0.01256 16
    0.99955 0.007884 14
    2.13132 0.01369 7
    2.63071 0.202493 5
    3.41413 0.29129 2
    3.50512 0.472084 1
  4.04846 0 - 2
    2.70184 0.2958 5
    3.57625 0.7042 1
  4.1431 8 - 2
    1.58073 0.5 12
    4.1431 0.5 0
  4.1868 4 + 3
    2.30131 0.924209 8
    2.84018 0.064701 5
    4.1868 0.01109 0
  4.19641 4 + 5
    1.21863 0.044287 14
    2.31092 0.064166 8
    2.3504 0.136292 7
    3.63321 0.187389 2
    3.7242 0.567866 1
  4.2071 4 + 10
    0.55119 0.004384 20
    0.7939 0.033024 17
    0.83536 0.17882 16
    1.22932 0.024723 14
    1.69374 0.010231 11
    2.36109 0.136816 7
    2.86048 0.292233 5
    2.86564 0.202223 3
    3.6439 0.111613 2
    3.73489 0.005933 1
  4.22 8 - 2
    2.7076 0.9009 6
    4.22 0.0991 0
  4.44164 4 - 13
    0.69658 0.002941 23
    0.78573 0.00253 20
    0.81328 0.000854 19
    0.85231 0.00487 18
    1.02844 0.004933 17
    1.92828 0.068925 11
    2.55615 0.005217 8
    2.59563 0.070195 7
    3.09502 0.039527 5
    3.09701 0.26248 4
    3.10018 0.190686 3
    3.87844 0.316176 2
    3.96943 0.030668 1
  4.459 2 - 2
    3.11754 0.5 3
    3.8958 0.5 2
  4.526 6 - 2
    3.9628 0.5 2
    4.526 0.5 0
  4.56199 2 - 6
    0.90608 0.04713 20
    1.58421 0.03535 14
    2.04863 0.069129 11
    2.58492 0.168898 10
    2.71598 0.392796 7
    4.08978 0.286697 1
  4.62158 6 + 5
    0.99322 0.081755 19
    1.20838 0.223287 17
    2.10822 0.122593 11
    2.66071 0.257885 9
    4.05838 0.314481 2
  4.69039 6 - 3
    1.03448 0.005923 20
    1.71261 0.987167 14
    4.69039 0.00691 0
  4.75099 4 - 14
    0.70253 0.009599 29
    0.77366 0.01381 28
    1.00593 0.087812 23
    1.09508 0.024851 20
    1.33779 0.120603 17
    1.37925 0.006494 16
    1.84698 0.01694 13
    2.23763 0.027951 11
    2.79012 0.019481 9
    2.8655 0.101603 8
    2.90498 0.201305 7
    3.40953 0.083572 3
    4.18779 0.282308 2
    4.27878 0.00367 1
  4.772 2 - 2
    3.43054 0.5 3
    4.2088 0.5 2
  4.89127 8 - 1
    4.89127 1 0
  4.90828 2 - 2
    3.56682 0.5 3
    4.34508 0.5 2
  4.93952 6 - 5
    1.52632 0.032087 17
    3.59489 0.101591 4
    3.59806 0.133688 3
    4.37632 0.197882 2
    4.46731 0.534752 1
  4.98 2 - 2
    3.63854 0.5 3
    4.4168 0.5 2
  5.03105 6 + 2
    4.46785 0.5988 2
    5.03105 0.4012 0
  5.04503 2 - 7
    1.4557 0.025748 18
    1.63183 0.151288 17
    3.19902 0.150288 7
    3.69841 0.145788 5
    3.70357 0.321874 3
    4.48183 0.136789 2
    4.57282 0.068225 1
  5.05963 6 - 9
    0.85253 0.075026 33
    0.86322 0.046448 32
    1.31457 0.050727 23
    2.54627 0.029299 11
    3.17414 0.032148 8
    3.71301 0.041798 5
    4.49643 0.342983 2
    4.58742 0.357282 1
    5.05963 0.024289 0
  5.11728 2 - 7
    2.1395 0.082904 14
    3.23179 0.060296 8
    3.27127 0.251282 7
    3.77066 0.241183 5
    3.77582 0.032658 3
    4.55408 0.213585 2
    4.64507 0.118092 1
  5.16 4 - 2
    3.81537 0.5 4
    4.68779 0.5 1
  5.18055 4 + 2
    4.61735 0.5 2
    5.18055 0.5 0
  5.19235 6 - 3
    3.23148 0.455191 9
    4.62915 0.450591 2
    5.19235 0.094218 0
  5.25226 6 - 2
    0.81062 0.5525 35
    1.57043 0.4475 21
  5.3081 2 + 2
    3.96347 0.5 4
    4.83589 0.5 1
  5.33902 4 - 4
    3.49301 0.150506 7
    3.99756 0.537621 3
    4.77582 0.283911 2
    4.86681 0.027961 1
  5.39701 2 - 3
    1.7411 0.16621 20
    4.05555 0.831048 3
    5.39701 0.002742 0
  5.40829 0 + 2
    4.06683 0.5 3
    4.84509 0.5 2
  5.432 4 + 2
    4.8688 0.5 2
    5.432 0.5 0
  5.45461 6 - 5
    1.01297 0.028311 35
    1.47728 0.044591 28
    4.10799 0.070772 5
    4.89141 0.707721 2
    4.9824 0.148604 1
  5.47905 2 - 6
    2.10731 0.052633 16
    3.63304 0.218013 7
    4.13243 0.063914 5
    4.13759 0.375923 3
    4.91585 0.16921 2
    5.00684 0.120307 1
  5.57157 4 + 2
    5.00837 0.5 2
    5.57157 0.5 0
  5.585 2 + 2
    4.24037 0.5 4
    5.11279 0.5 1
  5.6284 4 - 2
    4.28694 0.3007 3
    5.15619 0.6993 1
  5.66 0 + 2
    4.31854 0.5 3
    5.0968 0.5 2
  5.72 2 + 2
    4.37537 0.5 4
    5.24779 0.5 1
  5.774 6 + 1
    4.43254 1 3
  5.7894 4 - 2
    4.44477 0.5 4
    5.31719 0.5 1
  5.80948 2 + 7
    1.24749 0.314302 38
    1.83215 0.223101 28
    2.22015 0.248301 18
    3.29612 0.006914 11
    4.46286 0.179101 5
    5.24628 0.01257 2
    5.33727 0.01571 1
  5.85065 0 - 2
    4.50403 0.5 5
    5.37844 0.5 1
  5.86297 2 - 2
    2.11791 0.5618 23
    4.52151 0.4382 3
  5.89669 4 + 2
    5.33349 0.5 2
    5.89669 0.5 0
  5.91822 4 - 5
    0.858591 0.268708 49
    1.22783 0.032051 40
    2.54648 0.097123 16
    4.5716 0.278408 5
    5.44601 0.32371 1
  5.95331 12 - 4
    2.00985 0.523037 27
    2.01701 0.198714 26
    2.27148 0.193514 21
    4.1073 0.084736 7
  5.96737 0 + 3
    2.37804 0.099236 18
    4.62075 0.137395 5
    5.49516 0.763369 1
  6.07272 2 + 10
    0.820461 0.041472 54
    1.87631 0.036872 32
    3.16871 0.050693 13
    4.18723 0.036872 8
    4.22671 0.046083 7
    4.7261 0.131307 5
    4.72809 0.032262 4
    4.73126 0.460826 3
    5.50952 0.002304 2
    5.60051 0.161309 1
  6.0882 2 - 2
    4.74674 0.5 3
    5.525 0.5 2
  6.1761 2 - 1
    5.70389 1 1
  6.1831 4 + 2
    5.6199 0.5 2
    6.1831 0.5 0
  6.22233 6 - 5
    3.24455 0.038748 14
    4.24526 0.108695 10
    4.37632 0.759862 7
    4.87571 0.046348 5
    5.65913 0.046348 2
  6.24751 4 + 13
    2.06071 0.085472 31
    2.27018 0.035371 28
    2.65818 0.032421 18
    2.87577 0.023581 16
    3.3435 0.294708 13
    4.28664 0.004716 9
    4.36202 0.023281 8
    4.90089 0.173905 5
    4.90288 0.01208 4
    4.90605 0.041261 3
    5.68431 0.01326 2
    5.7753 0.256407 1
    6.24751 0.003537 0
  6.25127 0 + 1
    4.40526 1 7
  6.257 2 - 2
    2.27967 0.7353 28
    5.78479 0.2647 1
  6.3059 4 + 2
    5.7427 0.5 2
    6.3059 0.5 0
  6.578 10 - 3
    3.20626 0.4292 16
    6.0148 0.3991 2
    6.10579 0.1717 1
  6.64 2 + 2
    5.29537 0.5 4
    6.16779 0.5 1
  6.715 4 - 2
    5.37037 0.5 4
    6.24279 0.5 1
  6.787 0 + 2
    5.44554 0.5 3
    6.2238 0.5 2
  6.846 2 - 2
    5.50454 0.5 3
    6.2828 0.5 2
  6.905 4 + 2
    6.3418 0.5 2
    6.905 0.5 0
  6.96221 2 + 2
    5.61758 0.5 4
    6.49 0.5 1
  6.96678 8 - 2
    5.45438 0.5 6
    5.62215 0.5 4
  6.99337 6 - 2
    6.43017 0.5 2
    6.99337 0.5 0
  7.01029 4 + 2
    6.44709 0.5 2
    7.01029 0.5 0
  7.0685 2 - 2
    5.72704 0.5 3
    6.5053 0.5 2
  7.072 0 + 2
    5.73054 0.5 3
    6.5088 0.5 2
  7.0858 0 - 2
    5.73918 0.5 5
    6.61359 0.5 1
  7.0966 4 + 2
    6.5334 0.5 2
    7.0966 0.5 0
  7.1416 2 - 2
    5.80014 0.5 3
    6.5784 0.5 2
  7.1513 2 + 2
    5.80667 0.5 4
    6.67909 0.5 1
  7.1631 0 - 2
    5.81648 0.5 5
    6.69089 0.5 1
  7.1862 4 + 2
    6.623 0.5 2
    7.1862 0.5 0
  7.18965 4 - 2
    5.84502 0.5 4
    6.71744 0.5 1
  7.1923 0 - 2
    5.84568 0.5 5
    6.72009 0.5 1
  7.2456 4 + 2
    6.6824 0.5 2
    7.2456 0.5 0
  7.24895 2 - 2
    5.90749 0.5 3
    6.68575 0.5 2
  7.2518 8 + 2
    6.6886 0.5 2
    7.2518 0.5 0
  7.3244 6 + 2
    5.97977 0.5 4
    6.85219 0.5 1
  7.3276 2 - 2
    5.98614 0.5 3
    6.7644 0.5 2
  7.3367 2 - 2
    5.99524 0.5 3
    6.7735 0.5 2
  7.3727 0 - 2
    6.02608 0.5 5
    6.90049 0.5 1
  7.3863 4 + 2
    6.8231 0.5 2
    7.3863 0.5 0
  7.4255 6 + 2
    6.08087 0.5 4
    6.95329 0.5 1
  7.4337 4 + 2
    6.8705 0.5 2
    7.4337 0.5 0
  7.4461 2 - 2
    6.10464 0.5 3
    6.8829 0.5 2
  7.4739 2 + 2
    6.12927 0.5 4
    7.00169 0.5 1
  7.4998 4 - 2
    6.15517 0.5 4
    7.02759 0.5 1
  7.5113 8 + 2
    6.9481 0.5 2
    7.5113 0.5 0
  7.519 6 - 2
    6.9558 0.5 2
    7.519 0.5 0
  7.5323 2 - 2
    6.19084 0.5 3
    6.9691 0.5 2
  7.5802 2 - 2
    6.23874 0.5 3
    7.017 0.5 2
  7.6274 4 + 2
    7.0642 0.5 2
    7.6274 0.5 0
  7.6555 6 - 2
    7.0923 0.5 2
    7.6555 0.5 0
  7.708 4 + 2
    7.1448 0.5 2
    7.708 0.5 0
  7.832 10 + 2
    6.3196 0.5 6
    6.48737 0.5 4
  7.903 4 + 2
    7.3398 0.5 2
    7.903 0.5 0
  8.08 8 - 2
    6.5676 0.5 6
    6.73537 0.5 4
  8.39 2 + 2
    7.04537 0.5 4
    7.91779 0.5 1
  8.61 6 - 2
    8.0468 0.5 2
    8.61 0.5 0
  8.86 4 + 2
    8.2968 0.5 2
    8.86 0.5 0
  9.28 2 - 2
    7.93854 0.5 3
    8.7168 0.5 2
  9.63 0 + 2
    8.28854 0.5 3
    9.0668 0.5 2
  10.79 14 + 2
    4.83669 0.5 74
    9.2776 0.5 6
  11.19 4 - 2
    9.84537 0.5 4
    10.7178 0.5 1
  11.61 2 - 2
    10.2685 0.5 3
    11.0468 0.5 2
  11.9 6 + 2
    10.5554 0.5 4
    11.4278 0.5 1
  12.19 4 - 2
    10.8454 0.5 4
    11.7178 0.5 1
  12.54 2 + 2
    11.1954 0.5 4
    12.0678 0.5 1

11 25 43
  0 5 + 0
  0.08953 3 + 1
    0.08953 1 0
  1.06932 1 + 2
    0.97979 0.8897 1
    1.06932 0.1103 0
  2.202 3 + 3
    1.13268 0.2649 2
    2.11247 0.1946 1
    2.202 0.5405 0
  2.416 3 - 1
    2.416 1 0
  2.788 3 - 1
    2.788 1 0
  2.914 5 + 1
    2.82447 1 1
  3.353 3 + 2
    3.26347 0.0991 1
    3.353 0.9009 0
  3.455 9 + 1
    1.039 1 4
  3.687 3 + 2
    3.59747 0.2 1
    3.687 0.8 0
  3.928 1 + 1
    3.928 1 0
  3.95 1 + 3
    2.88068 0.333333 2
    3.86047 0.333333 1
    3.95 0.333333 0
  3.995 1 - 1
    1.207 1 5
  4.132 1 + 1
    4.132 1 0
  4.289 1 + 1
    3.21968 1 2
  4.34 7 - 2
    1.924 0.5 4
    4.34 0.5 0
  4.45 5 - 2
    2.248 0.5 3
    4.36047 0.5 1
  4.71 7 - 2
    2.294 0.5 4
    4.71 0.5 0
  4.8 5 - 2
    2.598 0.5 3
    4.71047 0.5 1
  4.962 5 - 2
    2.76 0.5 3
    4.87247 0.5 1
  5.146 7 - 2
    2.73 0.5 4
    5.146 0.5 0
  5.19 3 - 2
    4.12068 0.5 2
    5.19 0.5 0
  5.223 11 - 2
    0.883 0.5 15
    1.768 0.5 8
  5.347 5 - 2
    3.145 0.5 3
    5.25747 0.5 1
  5.378 3 + 2
    3.176 0.5 3
    5.28847 0.5 1
  5.465 9 - 2
    0.665 0.5 18
    1.015 0.5 16
  5.484 7 + 2
    3.282 0.5 3
    5.39447 0.5 1
  5.69 3 - 2
    4.62068 0.5 2
    5.69 0.5 0
  5.713 5 + 2
    4.64368 0.5 2
    5.713 0.5 0
  5.746 1 - 2
    3.544 0.5 3
    5.65647 0.5 1
  5.876 3 + 2
    3.674 0.5 3
    5.78647 0.5 1
  6.005 5 - 2
    3.803 0.5 3
    5.91547 0.5 1
  6.079 1 + 2
    5.00968 0.5 2
    6.079 0.5 0
  6.154 3 - 2
    5.08468 0.5 2
    6.154 0.5 0
  6.549 3 - 2
    5.47968 0.5 2
    6.549 0.5 0
  6.753 7 + 2
    4.551 0.5 3
    6.66347 0.5 1
  6.863 5 + 2
    5.79368 0.5 2
    6.863 0.5 0
  6.936 1 - 2
    4.734 0.5 3
    6.84647 0.5 1
  6.985 13 + 2
    1.762 0.5 22
    3.53 0.5 8
  7.603 3 - 2
    6.53368 0.5 2
    7.603 0.5 0
  7.78 5 + 2
    6.71068 0.5 2
    7.78 0.5 0
  8.052 1 - 2
    5.85 0.5 3
    7.96247 0.5 1
  8.4 7 + 2
    6.198 0.5 3
    8.31047 0.5 1

11 26 25
  0 6 + 0
  0.0825 2 + 1
    0.0825 1 0
  0.2336 2 + 2
    0.1511 0.5 1
    0.2336 0.5 0
  0.42 4 + 1
    0.42 1 0
  1.996 0 + 1
    1.576 1 3
  2.048 8 + 1
    1.628 1 3
  2.186 4 + 2
    0.19 0.5 4
    1.766 0.5 3
  2.29 10 + 1
    2.29 1 0
  2.456 6 + 2
    2.3735 0.5 1
    2.456 0.5 0
  2.697 2 - 2
    0.701 0.5 4
    2.277 0.5 3
  2.815 4 - 2
    2.7325 0.5 1
    2.815 0.5 0
  2.933 0 - 2
    2.6994 0.5 2
    2.8505 0.5 1
  3.123 2 - 2
    1.127 0.5 4
    2.703 0.5 3
  3.232 4 - 2
    3.1495 0.5 1
    3.232 0.5 0
  3.31 6 - 2
    1.262 0.5 5
    2.89 0.5 3
  3.4 2 - 2
    1.404 0.5 4
    2.98 0.5 3
  3.618 4 - 2
    3.5355 0.5 1
    3.618 0.5 0
  3.814 8 - 2
    1.524 0.5 7
    3.814 0.5 0
  3.966 0 + 2
    1.97 0.5 4
    3.546 0.5 3
  4.083 2 - 2
    2.087 0.5 4
    3.663 0.5 3
  4.19 4 + 2
    2.194 0.5 4
    3.77 0.5 3
  4.44 6 - 2
    2.392 0.5 5
    4.02 0.5 3
  4.702 2 + 2
    4.6195 0.5 1
    4.702 0.5 0
  4.94 4 - 2
    4.8575 0.5 1
    4.94 0.5 0
  5.08 6 + 2
    4.9975 0.5 1
    5.08 0.5 0

11 27 32
  0 5 + 0
  0.0629 3 + 1
    0.0629 1 0
  1.728 1 + 2
    1.6651 0.8772 1
    1.728 0.1228 0
  1.8157 1 + 1
    1.7528 1 1
  2.1918 7 + 1
    2.1289 1 1
  2.2242 9 + 1
    2.2242 1 0
  2.2879 7 - 1
    2.225 1 1
  2.7291 5 + 1
    2.7291 1 0
  2.7991 7 + 2
    2.7362 0.6623 1
    2.7991 0.3377 0
  3.0191 3 + 2
    2.9562 0.2424 1
    3.0191 0.7576 0
  3.5082 7 - 1
    3.5082 1 0
  3.5823 1 + 1
    3.5823 1 0
  3.6383 1 - 1
    3.6383 1 0
  3.6572 9 + 1
    1.433 1 5
  3.6853 5 - 1
    3.6853 1 0
  3.7813 7 + 1
    3.7813 1 0
  3.8378 5 + 1
    1.646 1 4
  4.2354 7 + 1
    4.2354 1 0
  4.355 5 - 1
    2.0671 1 6
  4.5254 3 + 1
    4.5254 1 0
  4.7167 3 + 2
    2.901 0.2593 3
    4.7167 0.7407 0
  4.98 3 - 2
    3.252 0.5 2
    4.98 0.5 0
  5.1904 13 + 1
    2.9662 1 5
  5.4089 11 + 1
    3.2171 1 4
  5.59 3 - 2
    3.862 0.5 2
    5.59 0.5 0
  5.7046 11 + 2
    1.4692 0.3789 17
    3.4804 0.6211 5
  5.7627 3 - 1
    5.7627 1 0
  5.948 9 + 1
    0.5391 1 23
  6.1587 9 + 3
    0.4541 0.5 25
    0.7498 0.25 23
    6.1587 0.25 0
  6.5184 5 + 1
    3.7893 1 7
  6.7421 1 - 2
    0.7941 0.4413 27
    4.5503 0.5587 4
  9.1867 17 + 1
    3.9963 1 22

11 28 9
  0 2 + 0
  0.055 0 + 1
    0.055 1 0
  1.131 4 + 2
    1.076 0.5236 1
    1.131 0.4764 0
  1.255 6 + 2
    1.2 0.2754 1
    1.255 0.7246 0
  1.9321 8 + 2
    1.8771 0.5319 1
    1.9321 0.4681 0
  2.1181 2 + 3
    0.8631 0.206106 3
    2.0631 0.731022 1
    2.1181 0.062872 0
  2.7141 2 + 5
    0.596 0.151915 5
    0.782 0.19612 4
    1.5831 0.276228 2
    2.6591 0.151915 1
    2.7141 0.223822 0
  3.2862 4 + 1
    3.2312 1 1
  3.5122 6 + 1
    3.4572 1 1

11 29 7
  0 3 + 0
  0.072 1 + 1
    0.072 1 0
  1.249 5 + 2
    1.177 0.2958 1
    1.249 0.7042 0
  1.588 7 + 2
    1.516 0.5917 1
    1.588 0.4083 0
  3.059 9 + 1
    3.059 1 0
  3.723 3 + 1
    3.723 1 0
  4.166 5 + 4
    2.578 0.396784 3
    2.917 0.277789 2
    4.094 0.095236 1
    4.166 0.230191 0

11 30 7
  0 4 + 0
  0.15062 2 + 1
    0.15062 1 0
  0.36 6 + 1
    0.36 1 0
  0.424 6 + 1
    0.424 1 0
  0.5161 4 + 1
    0.36548 1 1
  0.926 2 + 2
    0.4099 0.8197 4
    0.77538 0.1803 1
  2.1136 2 + 3
    1.5975 0.357136 4
    1.96298 0.357136 1
    2.1136 0.285729 0

11 31 2
  0 3 + 0
  0.365 5 + 1
    0.365 1 0

11 32 1
  0 4 - 0

11 33 3
  0 3 + 0
  0.429 5 + 1
    0.429 1 0
  1.117 7 + 1
    0.688 1 1

11 34 1
  0 6 - 0

11 35 1
  0 3 + 0

11 36 1
  0 8 - 0

11 37 1
  0 3 + 0

