41 81 1
  0 9 + 0

41 82 4
  0 0 + 0
  0.418 4 + 1
    0.418 1 0
  1.056 8 + 1
    0.638 1 1
  1.18 10 + 1
    0.124 1 2

41 83 9
  0 5 + 0
  0.13 7 + 1
    0.13 1 0
  0.23 3 - 1
    0.23 1 0
  0.252 9 + 2
    0.122 0.5 1
    0.252 0.5 0
  0.382 5 - 1
    0.152 1 2
  0.644 7 - 2
    0.262 0.5 4
    0.414 0.5 2
  0.712 11 + 1
    0.46 1 3
  0.875 13 + 1
    0.623 1 3
  1.723 17 + 1
    0.848 1 7

41 84 60
  0 4 + 0
  0.048 6 - 1
    0.048 1 0
  0.065 6 + 1
    0.065 1 0
  0.1625 8 + 2
    0.1145 0.8826 1
    0.1625 0.1174 0
  0.205 6 - 2
    0.14 0.5446 2
    0.205 0.4554 0
  0.2175 6 - 1
    0.2175 1 0
  0.306 6 - 1
    0.1435 1 3
  0.3377 10 - 2
    0.1327 0.6929 4
    0.1752 0.3071 3
  0.3583 10 + 2
    0.1408 0.5 5
    0.1958 0.5 3
  0.5017 6 + 1
    0.1434 1 8
  0.5657 12 - 2
    0.228 0.8413 7
    0.2597 0.1587 6
  0.5702 14 + 1
    0.2325 1 7
  0.574 10 - 3
    0.268 0.333333 6
    0.369 0.333333 4
    0.4115 0.333333 3
  0.6737 14 + 2
    0.1035 0.5 11
    0.172 0.5 9
  0.7707 10 + 3
    0.1967 0.333333 12
    0.205 0.333333 10
    0.4647 0.333333 6
  0.8091 14 - 1
    0.2389 1 11
  0.8652 16 + 2
    0.1915 0.067881 13
    0.295 0.932119 11
  0.9239 14 - 2
    0.3582 0.3988 10
    0.5862 0.6012 7
  1.2017 18 + 1
    0.3365 1 16
  1.2056 2 - 1
    0.6316 1 12
  1.2671 16 - 1
    0.7014 1 10
  1.281 4 + 1
    0.4719 1 15
  1.2938 2 - 1
    0.4847 1 15
  1.5351 4 + 1
    0.7644 1 14
  1.5905 8 - 3
    0.2967 0.333333 22
    0.3095 0.333333 21
    0.7814 0.333333 15
  1.7074 20 + 1
    0.8422 1 16
  1.7655 18 - 1
    0.8416 1 17
  1.9912 22 + 2
    0.2838 0.2832 25
    0.7895 0.7168 18
  2.0494 4 - 1
    0.8438 1 19
  2.0996 2 + 2
    0.5091 0.5 24
    0.8186 0.5 21
  2.1209 20 - 1
    0.8538 1 20
  2.5278 4 + 1
    0.9927 1 23
  2.6289 2 - 1
    1.0384 1 24
  2.7745 24 + 1
    1.0671 1 25
  2.783 22 - 1
    1.0175 1 26
  2.9865 26 + 1
    0.9953 1 27
  3.0558 8 - 1
    1.0064 1 28
  3.1135 24 - 1
    0.9926 1 30
  3.1226 4 + 1
    1.023 1 29
  3.8517 26 - 1
    1.0687 1 34
  3.9635 2 + 1
    1.9723 1 27
  4.0419 28 + 1
    1.2674 1 33
  4.0849 28 - 1
    0.9714 1 37
  4.0861 4 + 1
    1.0996 1 35
  4.1512 30 + 1
    1.1647 1 35
  4.7486 30 - 1
    0.8969 1 39
  5.073 32 - 1
    0.9881 1 42
  5.3769 32 + 1
    1.335 1 41
  5.47 34 + 1
    1.3188 1 44
  5.8224 34 - 1
    1.0738 1 45
  5.8797 8 - 2
    1.7285 0.5 44
    1.7936 0.5 43
  6.2396 36 - 1
    1.1666 1 46
  6.7605 36 + 1
    1.3836 1 47
  6.9031 38 + 1
    1.4331 1 48
  6.9933 38 - 1
    1.1709 1 49
  7.218 4 + 1
    1.748 1 48
  7.5796 40 - 1
    1.34 1 51
  8.3947 42 + 1
    1.4916 1 53
  8.5962 6 - 1
    1.6931 1 53
  9.093 44 - 1
    1.5134 1 56

41 85 1
  0 9 + 0

41 86 2
  0 12 + 0
  0.3 0 + 1
    0.3 1 0

41 87 64
  0 1 - 0
  0.00384 9 + 1
    0.00384 1 0
  0.2002 3 - 1
    0.2002 1 0
  0.26681 7 + 1
    0.26297 1 1
  0.334 5 - 2
    0.06719 0.092527 3
    0.334 0.907473 0
  0.4008 5 + 2
    0.13399 0.1487 3
    0.39696 0.8513 1
  0.78448 13 + 1
    0.78064 1 1
  0.83981 7 - 1
    0.50581 1 4
  0.96287 13 + 1
    0.95903 1 1
  1.05139 11 + 2
    0.26691 0.2024 6
    0.78458 0.7976 3
  1.16869 9 - 2
    0.83469 0.5 4
    1.16485 0.5 1
  1.34929 15 + 1
    0.2979 1 9
  1.60358 11 - 1
    0.76377 1 7
  1.73704 17 + 1
    0.95256 1 6
  1.9545 15 + 3
    0.90311 0.5781 9
    0.99163 0.2023 8
    1.17002 0.2196 6
  1.9767 13 - 1
    0.80801 1 10
  2.1143 15 + 1
    1.06291 1 9
  2.27723 15 - 2
    0.67365 0.8728 12
    1.49275 0.1272 6
  2.4123 17 - 5
    0.13507 0.434 17
    0.4356 0.07555 15
    0.4578 0.3403 14
    0.67526 0.07509 13
    1.06301 0.07506 11
  2.49073 21 + 1
    0.75369 1 13
  2.69427 17 - 2
    0.28197 0.366 18
    0.71757 0.634 15
  2.73671 3 - 1
    0.32441 1 18
  2.86096 21 + 2
    0.37023 0.5 19
    1.12392 0.5 13
  2.90553 19 - 3
    0.16882 0.1867 21
    0.49323 0.2284 18
    0.6283 0.5849 17
  2.98811 19 - 2
    0.29384 0.5 20
    0.57581 0.5 18
  3.21884 21 - 3
    0.23073 0.074937 24
    0.31331 0.128695 23
    0.80654 0.796368 18
  3.33284 23 + 1
    0.84211 1 19
  3.44597 25 + 2
    0.11313 0.4595 26
    0.95524 0.5405 19
  3.74178 25 + 3
    0.40894 0.3583 26
    0.88082 0.4584 22
    1.25105 0.1833 19
  3.86895 25 + 1
    1.37822 1 19
  4.13066 25 - 1
    0.911821 1 25
  4.2851 23 - 1
    1.06626 1 25
  4.3009 27 + 2
    0.55912 0.6715 28
    0.85493 0.3285 27
  4.59169 29 + 2
    0.29079 0.1896 32
    1.14572 0.8104 27
  4.93956 29 + 1
    1.19778 1 28
  5.00966 29 - 1
    0.878999 1 30
  5.3019 27 - 2
    1.0168 0.5 31
    1.17124 0.5 30
  5.555 31 + 2
    0.96331 0.5 33
    1.2541 0.5 32
  5.59237 31 - 1
    0.582711 1 35
  5.62015 31 + 1
    0.68059 1 34
  5.777 29 - 1
    0.4751 1 36
  5.84109 33 + 1
    1.2494 1 33
  6.03915 33 - 1
    0.446779 1 38
  6.2984 31 - 1
    0.9965 1 36
  6.3931 33 - 1
    0.800729 1 38
  6.74471 35 - 2
    0.70556 0.7196 42
    1.15234 0.2804 38
  6.81039 35 + 1
    0.9693 1 41
  6.9733 33 - 2
    0.6749 0.5 43
    1.1963 0.5 40
  7.13974 37 + 2
    0.32935 0.2665 46
    1.29865 0.7335 41
  7.1534 37 - 1
    0.40869 1 45
  7.22559 37 - 1
    0.48088 1 45
  7.6193 37 + 2
    0.80891 0.4189 46
    1.77821 0.5811 41
  8.0622 39 + 1
    0.442901 1 51
  8.2541 39 - 2
    1.02851 0.5 50
    1.50939 0.5 45
  8.3654 37 - 1
    1.3921 1 47
  8.4325 41 + 2
    0.3703 0.5 52
    1.29276 0.5 48
  8.5358 41 - 2
    0.2817 0.5 53
    1.31021 0.5 50
  9.8141 43 - 1
    1.56 1 53
  9.887 41 - 1
    1.5216 1 54
  9.9975 45 + 1
    1.565 1 55
  10.2368 45 - 1
    1.701 1 56
  11.9486 49 + 1
    1.9511 1 59
  12.015 49 - 1
    1.7782 1 60
  13.877 53 - 1
    1.862 1 62

41 88 45
  0 16 + 0
  0.1 8 - 1
    0.1 1 0
  0.61 18 + 1
    0.61 1 0
  1.08941 20 + 2
    0.47941 0.009934 2
    1.08941 0.990066 0
  1.5538 18 - 3
    0.46439 0.2537 3
    0.9438 0.2857 2
    1.5538 0.4606 0
  1.67571 22 + 2
    0.5863 0.8455 3
    1.06571 0.1545 2
  2.0062 22 - 3
    0.33049 0.095527 5
    0.4524 0.104597 4
    0.91679 0.799876 3
  2.07733 24 + 2
    0.40162 0.010149 5
    0.98792 0.989851 3
  2.2168 22 - 1
    0.2106 1 6
  2.483 24 + 2
    0.40567 0.3635 7
    1.39359 0.6365 3
  2.55369 24 - 2
    0.33689 0.02931 8
    0.54749 0.97069 6
  2.717 24 - 2
    0.5002 0.4903 8
    0.7108 0.5097 6
  2.77033 26 + 2
    0.693 0.910009 7
    1.09462 0.089991 5
  2.967 26 - 4
    0.25 0.038498 11
    0.41331 0.703265 10
    0.88967 0.091645 7
    0.9608 0.166592 6
  3.0854 26 + 4
    0.31507 0.097043 12
    0.6024 0.249908 9
    1.00807 0.585718 7
    1.40969 0.067332 5
  3.0965 26 - 3
    0.3795 0.158895 11
    0.54281 0.771777 10
    0.8797 0.069328 8
  3.2069 26 - 2
    0.4899 0.0869 11
    0.65321 0.9131 10
  3.2968 4 + 1
    1.21947 1 7
  3.4422 28 + 3
    0.3568 0.3861 14
    0.67187 0.403 12
    1.36487 0.2109 7
  3.6261 28 - 3
    0.4192 0.260016 16
    0.6591 0.641338 13
    1.07241 0.098646 10
  3.6672 28 + 4
    0.3704 0.095029 17
    0.89687 0.743093 12
    1.1842 0.085409 9
    1.58987 0.076469 7
  3.6714 30 + 2
    0.2292 0.7786 18
    0.90107 0.2214 12
  3.7337 28 - 2
    0.6372 0.6563 15
    0.7667 0.3437 13
  3.9657 6 - 1
    0.232 1 22
  3.9983 30 + 4
    0.3269 0.061256 21
    0.3311 0.453673 20
    0.9129 0.101194 14
    1.22797 0.383877 12
  4.086 30 - 2
    0.4599 0.8853 19
    1.119 0.1147 13
  4.3917 30 - 4
    0.658 0.1276 22
    0.7656 0.3986 19
    1.2952 0.2787 15
    1.4247 0.1951 13
  4.7077 32 - 4
    0.316 0.419313 26
    0.6217 0.089373 25
    0.742 0.140204 23
    1.0816 0.351111 19
  4.8854 32 + 3
    0.8871 0.4133 24
    1.214 0.3099 21
    1.2182 0.2768 20
  5.075 34 + 3
    0.1896 0.1072 28
    1.0767 0.6698 24
    1.4036 0.223 21
  5.1112 4 - 1
    0.4035 1 27
  5.1141 34 - 2
    0.4064 0.913654 27
    1.0281 0.086346 25
  5.433 36 - 1
    0.3189 1 31
  5.5893 2 + 1
    1.9179 1 21
  6.2643 38 - 2
    0.8313 0.901773 32
    1.1502 0.098227 31
  6.3315 38 + 1
    1.2565 1 29
  6.5906 6 + 1
    1.5156 1 29
  6.7955 4 + 3
    0.5312 0.144386 34
    1.6814 0.534747 31
    1.6843 0.320868 30
  6.8117 6 - 1
    0.480199 1 35
  7.0177 2 + 1
    0.427101 1 36
  7.163 4 - 1
    0.3675 1 37
  7.3358 6 + 2
    0.318099 0.1935 39
    1.0043 0.8065 35
  7.7178 2 - 1
    0.382 1 41
  7.9244 4 + 2
    0.7614 0.5848 40
    1.6601 0.4152 34
  9.7372 8 - 1
    1.8128 1 43

41 89 47
  0 9 + 0
  0.035 1 - 1
    0.035 1 0
  0.6586 7 + 1
    0.6586 1 0
  0.76 5 + 1
    0.76 1 0
  0.838 5 + 1
    0.803 1 1
  0.844 11 - 1
    0.844 1 0
  1.00341 13 + 1
    1.00341 1 0
  1.1553 11 + 2
    0.4967 0.099464 2
    1.1553 0.900536 0
  1.272 11 + 1
    1.272 1 0
  1.55 3 - 2
    0.712 0.5 4
    0.79 0.5 3
  1.6402 7 + 1
    1.6402 1 0
  1.694 11 - 1
    1.0354 1 2
  1.7896 11 - 1
    1.131 1 2
  1.93529 17 + 1
    0.93188 1 6
  2.05 3 - 2
    1.212 0.5 4
    1.29 0.5 3
  2.1364 15 - 1
    1.13299 1 6
  2.15156 17 - 1
    0.21627 1 13
  2.1915 5 - 1
    1.18809 1 6
  2.19292 21 + 1
    0.25763 1 13
  2.221 3 - 1
    2.221 1 0
  2.42 1 - 1
    2.42 1 0
  2.5178 21 - 1
    0.36624 1 16
  2.52298 19 + 1
    0.33006 1 18
  2.7281 7 + 1
    0.79281 1 13
  2.935 5 - 1
    0.2069 1 23
  2.9557 23 + 1
    0.76278 1 18
  3.1352 19 - 1
    0.6174 1 21
  3.14194 21 - 3
    0.61896 0.145787 22
    0.94902 0.011789 18
    0.99038 0.842424 16
  3.40299 25 + 1
    0.44729 1 25
  3.80568 25 - 3
    0.40269 0.412129 28
    0.66374 0.556739 27
    0.84998 0.031132 25
  4.07602 25 + 2
    1.12032 0.3422 25
    1.8831 0.6578 18
  4.5536 27 - 1
    0.74792 1 29
  4.7972 3 + 1
    0.72118 1 30
  4.8087 29 - 2
    0.255101 0.5758 31
    1.00302 0.4242 29
  4.9085 5 + 1
    0.3549 1 31
  5.0413 29 + 3
    0.2441 0.076909 32
    0.96528 0.190598 30
    1.63831 0.732493 28
  5.3241 31 - 1
    0.515399 1 33
  5.4073 3 + 3
    0.4988 0.176482 34
    0.8537 0.288771 31
    1.60162 0.534747 29
  5.6977 33 - 1
    0.373601 1 36
  5.917 7 + 1
    0.8757 1 35
  6.1002 33 + 3
    0.183201 0.060147 39
    0.4025 0.20589 38
    1.0589 0.733963 35
  6.1315 5 - 1
    0.7242 1 37
  6.4518 9 - 1
    0.3203 1 41
  6.5475 3 + 3
    0.416 0.416658 41
    1.2234 0.179182 36
    1.7388 0.40416 33
  6.6583 7 - 1
    0.558099 1 40
  6.9496 5 + 1
    0.4978 1 42
  7.2726 1 - 1
    0.614301 1 44

41 90 70
  0 16 + 0
  0.12237 12 + 1
    0.12237 1 0
  0.12467 8 - 1
    0.0023 1 1
  0.1711 14 + 1
    0.1711 1 0
  0.2853 10 + 1
    0.16293 1 1
  0.328 8 + 1
    0.0427 1 4
  0.3624 10 - 1
    0.23773 1 2
  0.38201 2 + 1
    0.25734 1 2
  0.65119 6 + 1
    0.32319 1 5
  0.8129 18 + 1
    0.8129 1 0
  0.8226 4 - 1
    0.44059 1 7
  0.8274 2 + 1
    0.44539 1 7
  0.8477 12 - 2
    0.4853 0.5 6
    0.72303 0.5 2
  0.85432 4 + 2
    0.20313 0.8247 8
    0.47231 0.1753 7
  0.958 6 - 2
    0.5956 0.5 6
    0.63 0.5 5
  1.1282 8 - 2
    0.47701 0.5 8
    1.00353 0.5 2
  1.1952 6 + 1
    1.07053 1 2
  1.231 4 - 2
    0.84899 0.5 7
    1.10633 0.5 2
  1.255 0 - 2
    0.4324 0.5 10
    0.87299 0.5 7
  1.2797 12 + 1
    1.15503 1 2
  1.288 2 - 2
    0.33 0.5 14
    0.43368 0.5 13
  1.3441 2 + 1
    0.48978 1 13
  1.3627 6 + 4
    0.71151 0.25 8
    0.98069 0.25 7
    1.0347 0.25 5
    1.23803 0.25 2
  1.3721 4 - 2
    0.51778 0.5 13
    1.24743 0.5 2
  1.4142 8 - 1
    0.76301 1 8
  1.4333 12 - 2
    1.1053 0.5 5
    1.30863 0.5 2
  1.498 6 - 2
    1.1356 0.5 6
    1.17 0.5 5
  1.558 12 - 2
    1.3869 0.5 3
    1.43333 0.5 2
  1.6307 4 - 1
    1.50603 1 2
  1.6467 4 - 1
    1.52203 1 2
  1.692 2 + 2
    1.04081 0.5 8
    1.30999 0.5 7
  1.7691 2 + 3
    0.9417 0.689779 11
    0.9465 0.082728 10
    1.38709 0.227493 7
  1.804 6 + 2
    1.5187 0.5 4
    1.67933 0.5 2
  1.80911 16 + 1
    0.99621 1 9
  1.8157 4 + 1
    1.69103 1 2
  1.8357 12 + 2
    0.6405 0.5 16
    1.18451 0.5 8
  1.8448 2 + 2
    0.99048 0.6025 13
    1.46279 0.3975 7
  1.868 8 - 2
    1.5827 0.5 4
    1.74333 0.5 2
  1.88021 22 - 2
    0.0711 0.951819 33
    1.06731 0.048181 9
  1.9717 6 - 1
    1.84703 1 2
  1.98561 4 - 1
    1.17271 1 9
  1.9904 0 - 2
    1.33921 0.5 8
    1.86573 0.5 2
  2 10 + 2
    1.8289 0.5 3
    1.87533 0.5 2
  2.037 6 - 2
    1.6746 0.5 6
    1.709 0.5 5
  2.082 4 + 2
    1.22768 0.5 13
    1.754 0.5 5
  2.104 8 - 2
    1.8187 0.5 4
    1.97933 0.5 2
  2.1256 2 + 1
    1.27128 1 13
  2.168 6 - 2
    1.8056 0.5 6
    1.84 0.5 5
  2.309 2 + 2
    1.45468 0.9009 13
    1.4816 0.0991 11
  2.344 4 - 2
    1.96199 0.5 7
    2.21933 0.5 2
  2.37 10 + 2
    2.1989 0.5 3
    2.24533 0.5 2
  2.43 8 - 2
    2.1447 0.5 4
    2.30533 0.5 2
  2.479 6 + 2
    2.1937 0.5 4
    2.35433 0.5 2
  2.4873 4 - 1
    0.60709 1 38
  2.53 0 + 2
    1.242 0.5 20
    1.67568 0.5 13
  2.56 8 - 2
    2.2747 0.5 4
    2.43533 0.5 2
  2.58 6 + 2
    2.2947 0.5 4
    2.45533 0.5 2
  2.65 4 - 2
    2.26799 0.5 7
    2.52533 0.5 2
  2.68 10 + 2
    2.5089 0.5 3
    2.55533 0.5 2
  2.71 2 - 2
    1.752 0.5 14
    1.85568 0.5 13
  2.73 4 + 2
    1.87568 0.5 13
    2.402 0.5 5
  2.78 6 - 2
    2.4176 0.5 6
    2.452 0.5 5
  2.85 8 + 2
    2.522 0.5 5
    2.72763 0.5 1
  2.88 0 - 2
    2.0574 0.5 10
    2.49799 0.5 7
  2.95 2 + 2
    2.29881 0.5 8
    2.56799 0.5 7
  2.98 4 - 2
    2.59799 0.5 7
    2.85533 0.5 2
  3.02 6 + 2
    2.7347 0.5 4
    2.89533 0.5 2
  3.0718 10 - 1
    0.5845 1 53
  3.16 8 + 2
    2.832 0.5 5
    3.03763 0.5 1
  5.008 0 + 2
    3.72 0.5 20
    4.15368 0.5 13

41 91 138
  0 9 + 0
  0.1046 1 - 1
    0.1046 1 0
  1.04 5 - 1
    0.9354 1 1
  1.18688 5 - 1
    1.08228 1 1
  1.31272 3 - 1
    1.20812 1 1
  1.58098 7 + 1
    1.58098 1 0
  1.61266 3 - 2
    0.42578 0.007482 3
    1.50806 0.992518 1
  1.63701 9 + 1
    1.63701 1 0
  1.79062 9 - 2
    0.60374 0.032961 3
    1.79062 0.967039 0
  1.84492 5 - 2
    0.65804 0.3511 3
    1.74032 0.6489 1
  1.885 7 + 2
    0.69812 0.5 3
    0.845 0.5 2
  1.96311 5 + 1
    1.96311 1 0
  1.98424 13 - 2
    0.19362 0.3066 8
    1.98424 0.6934 0
  2.03435 17 - 1
    0.05011 1 12
  2.065 11 + 2
    0.27438 0.5 8
    0.48402 0.5 5
  2.12084 7 - 4
    0.33022 0.425904 8
    0.80812 0.088691 4
    0.93396 0.384204 3
    2.12084 0.101201 0
  2.17 9 + 1
    2.17 1 0
  2.275 3 + 2
    1.235 0.5 2
    2.1704 0.5 1
  2.29079 13 + 1
    2.29079 1 0
  2.32454 5 - 3
    0.74356 0.040819 5
    1.01182 0.448991 4
    1.13766 0.51019 3
  2.33003 11 + 1
    2.33003 1 0
  2.34536 3 - 4
    0.7327 0.096564 6
    1.03264 0.329713 4
    1.15848 0.166907 3
    2.24076 0.406816 1
  2.39001 3 + 2
    1.20313 0.3289 3
    2.28541 0.6711 1
  2.41348 11 - 2
    0.42924 0.3389 12
    2.41348 0.6611 0
  2.5312 11 - 2
    0.41036 0.126 15
    2.5312 0.874 0
  2.57955 5 + 3
    0.99857 0.2832 5
    1.26683 0.6075 4
    2.57955 0.1093 0
  2.6126 7 - 1
    2.6126 1 0
  2.63197 9 - 2
    1.05099 0.043071 5
    2.63197 0.956929 0
  2.66019 15 - 1
    0.62584 1 13
  2.79254 7 + 3
    1.15553 0.1509 7
    1.60566 0.431 3
    2.79254 0.4181 0
  2.8819 1 + 1
    1.56918 1 4
  2.9118 1 + 1
    2.9118 1 0
  2.9699 3 + 1
    2.9699 1 0
  2.9913 1 + 1
    1.80442 1 3
  3.02823 5 - 2
    1.44725 0.1282 5
    3.02823 0.8718 0
  3.0656 5 - 2
    1.27498 0.3289 8
    2.961 0.6711 1
  3.08 7 + 2
    1.89312 0.5 3
    2.04 0.5 2
  3.11019 17 + 2
    0.45 0.091791 28
    0.8194 0.908209 18
  3.12602 3 - 2
    1.54504 0.3421 5
    3.12602 0.6579 0
  3.14917 3 + 1
    3.14917 1 0
  3.17965 3 + 2
    1.86693 0.3902 4
    3.07505 0.6098 1
  3.1875 7 - 1
    3.1875 1 0
  3.2735 1 - 1
    3.2735 1 0
  3.3 5 + 2
    1.98728 0.5 4
    3.3 0.5 0
  3.3287 7 - 1
    3.3287 1 0
  3.3701 5 + 1
    3.3701 1 0
  3.4344 5 + 1
    3.4344 1 0
  3.4616 1 - 1
    3.4616 1 0
  3.46684 21 + 1
    0.35665 1 37
  3.5621 3 - 1
    3.5621 1 0
  3.591 9 - 2
    2.40412 0.5 3
    2.551 0.5 2
  3.6346 7 + 2
    1.31006 0.5464 19
    3.6346 0.4536 0
  3.6972 5 + 1
    3.6972 1 0
  3.78 3 - 2
    2.16734 0.5 6
    2.46728 0.5 4
  3.8377 1 - 2
    2.25672 0.5348 5
    3.8377 0.4652 0
  3.8868 7 + 2
    1.76596 0.1736 15
    3.8868 0.8264 0
  3.9168 9 - 1
    3.9168 1 0
  4.0235 3 + 1
    4.0235 1 0
  4.09713 19 - 1
    2.06278 1 13
  4.112 5 + 2
    2.79928 0.5 4
    4.112 0.5 0
  4.164 1 + 2
    2.55134 0.5 6
    2.85128 0.5 4
  4.1807 7 - 2
    1.1894 0.5 33
    4.1807 0.5 0
  4.2371 5 + 1
    4.2371 1 0
  4.35143 21 - 3
    0.2543 0.4151 58
    0.88459 0.4465 48
    2.31708 0.1384 13
  4.358 3 - 2
    2.74534 0.5 6
    3.04528 0.5 4
  4.404 9 + 2
    2.76699 0.5 7
    4.404 0.5 0
  4.441 1 + 2
    2.82834 0.5 6
    3.12828 0.5 4
  4.546 7 - 2
    3.23328 0.5 4
    4.546 0.5 0
  4.65 3 - 2
    3.03734 0.5 6
    3.33728 0.5 4
  4.738 5 + 2
    3.42528 0.5 4
    4.738 0.5 0
  4.7725 23 - 1
    0.42107 1 63
  4.817 7 + 2
    3.63012 0.5 3
    3.777 0.5 2
  4.8527 21 - 1
    0.75557 1 58
  4.912 3 + 2
    3.872 0.5 2
    4.8074 0.5 1
  5.01 5 - 2
    3.97 0.5 2
    4.9054 0.5 1
  5.068 11 + 2
    3.27738 0.5 8
    3.48702 0.5 5
  5.135 9 - 2
    3.94812 0.5 3
    4.095 0.5 2
  5.1819 3 + 1
    1.71506 1 48
  5.226 1 + 2
    3.61334 0.5 6
    3.91328 0.5 4
  5.2704 23 - 2
    0.4979 0.2806 70
    0.91897 0.7194 63
  5.307 5 - 2
    4.267 0.5 2
    5.2024 0.5 1
  5.3497 7 + 1
    0.497 1 72
  5.392 5 - 2
    4.352 0.5 2
    5.2874 0.5 1
  5.4554 25 + 1
    0.185 1 79
  5.502 3 - 2
    3.88934 0.5 6
    4.18928 0.5 4
  5.622 1 + 2
    4.00934 0.5 6
    4.30928 0.5 4
  5.685 1 + 2
    4.07234 0.5 6
    4.37228 0.5 4
  5.788 1 + 2
    4.17534 0.5 6
    4.47528 0.5 4
  5.7923 7 - 1
    0.4426 1 81
  5.84 1 + 2
    4.22734 0.5 6
    4.52728 0.5 4
  5.994 9 - 2
    4.80712 0.5 3
    4.954 0.5 2
  6.0095 5 - 1
    0.659801 1 81
  6.04 3 - 2
    4.42734 0.5 6
    4.72728 0.5 4
  6.121 7 + 2
    4.93412 0.5 3
    5.081 0.5 2
  6.18 5 - 2
    5.14 0.5 2
    6.0754 0.5 1
  6.215 3 + 2
    5.175 0.5 2
    6.1104 0.5 1
  6.286 9 - 2
    5.09912 0.5 3
    5.246 0.5 2
  6.345 11 + 2
    4.55438 0.5 8
    4.76402 0.5 5
  6.406 7 - 2
    5.09328 0.5 4
    6.406 0.5 0
  6.529 5 + 2
    5.21628 0.5 4
    6.529 0.5 0
  6.703 3 + 2
    5.663 0.5 2
    6.5984 0.5 1
  6.85 5 + 2
    5.53728 0.5 4
    6.85 0.5 0
  6.923 7 - 2
    5.61028 0.5 4
    6.923 0.5 0
  7.007 1 + 2
    5.39434 0.5 6
    5.69428 0.5 4
  7.06 3 - 2
    5.44734 0.5 6
    5.74728 0.5 4
  7.112 9 - 2
    5.92512 0.5 3
    6.072 0.5 2
  7.218 5 - 2
    6.178 0.5 2
    7.1134 0.5 1
  9.823 5 + 2
    8.51028 0.5 4
    9.823 0.5 0
  11.009 1 + 2
    9.39634 0.5 6
    9.69628 0.5 4
  11.309 5 + 2
    9.99628 0.5 4
    11.309 0.5 0
  11.548 3 - 2
    9.93534 0.5 6
    10.2353 0.5 4
  11.735 7 - 2
    10.4223 0.5 4
    11.735 0.5 0
  11.873 3 + 2
    10.833 0.5 2
    11.7684 0.5 1
  11.958 9 - 2
    10.7711 0.5 3
    10.918 0.5 2
  12.036 11 - 2
    10.399 0.5 7
    12.036 0.5 0
  12.07 7 + 2
    10.8831 0.5 3
    11.03 0.5 2
  12.084 13 - 2
    10.0998 0.5 12
    10.2934 0.5 8
  12.209 3 + 2
    11.169 0.5 2
    12.1044 0.5 1
  12.366 1 + 2
    10.7533 0.5 6
    11.0533 0.5 4
  12.438 7 - 2
    11.1253 0.5 4
    12.438 0.5 0
  12.489 5 - 2
    11.449 0.5 2
    12.3844 0.5 1
  12.599 9 + 2
    10.962 0.5 7
    12.599 0.5 0
  12.662 3 - 2
    11.0493 0.5 6
    11.3493 0.5 4
  12.716 11 + 2
    10.9254 0.5 8
    11.135 0.5 5
  12.804 7 - 2
    11.4913 0.5 4
    12.804 0.5 0
  12.839 5 + 2
    11.5263 0.5 4
    12.839 0.5 0
  12.907 3 + 2
    11.867 0.5 2
    12.8024 0.5 1
  13.126 3 + 2
    12.086 0.5 2
    13.0214 0.5 1
  13.275 9 - 2
    12.0881 0.5 3
    12.235 0.5 2
  13.31 5 - 2
    12.27 0.5 2
    13.2054 0.5 1
  13.38 7 - 2
    12.0673 0.5 4
    13.38 0.5 0
  13.507 3 + 2
    12.467 0.5 2
    13.4024 0.5 1
  13.635 5 - 2
    12.595 0.5 2
    13.5304 0.5 1
  13.846 13 + 2
    12.209 0.5 7
    13.846 0.5 0
  13.957 7 - 2
    12.6443 0.5 4
    13.957 0.5 0
  14.131 9 + 2
    12.494 0.5 7
    14.131 0.5 0
  14.311 11 - 2
    12.674 0.5 7
    14.311 0.5 0
  14.374 5 + 2
    13.0613 0.5 4
    14.374 0.5 0

41 92 166
  0 14 + 0
  0.1355 4 + 1
    0.1355 1 0
  0.2257 4 - 1
    0.0902 1 1
  0.2857 6 + 1
    0.1502 1 1
  0.35749 10 + 1
    0.35749 1 0
  0.3897 6 - 2
    0.164 0.9713 2
    0.2542 0.0287 1
  0.4803 8 + 2
    0.12281 0.2522 4
    0.1946 0.7478 3
  0.50123 12 + 1
    0.50123 1 0
  0.975 2 + 1
    0.7493 1 2
  1.0894 2 + 3
    0.8037 0.2596 3
    0.8637 0.5404 2
    0.9539 0.2 1
  1.1499 2 - 3
    0.1749 0.0209 8
    0.7602 0.050191 5
    0.9242 0.928909 2
  1.3107 4 - 1
    0.921 1 5
  1.3238 6 - 2
    0.9341 0.047629 5
    1.0981 0.952371 2
  1.3456 4 + 2
    1.0599 0.2908 3
    1.2101 0.7092 1
  1.374 8 - 2
    1.0883 0.5 3
    1.1483 0.5 2
  1.3901 0 - 2
    0.4151 0.5 8
    1.1644 0.5 2
  1.4062 10 + 1
    1.1205 1 3
  1.4102 12 - 1
    0.90897 1 7
  1.415 6 - 2
    0.9347 0.5 6
    1.1293 0.5 3
  1.4226 8 - 1
    1.0329 1 5
  1.4679 8 + 1
    1.3324 1 1
  1.4727 8 + 1
    1.083 1 5
  1.4813 2 + 2
    1.2556 0.1666 2
    1.3458 0.8334 1
  1.524 4 - 2
    1.2383 0.5 3
    1.2983 0.5 2
  1.5538 6 - 2
    1.1641 0.6211 5
    1.3281 0.3789 2
  1.5657 8 + 1
    1.28 1 3
  1.607 8 + 2
    1.2173 0.5 5
    1.4715 0.5 1
  1.6327 10 + 1
    1.347 1 3
  1.642 4 - 4
    0.5526 0.2502 9
    1.2523 0.1401 5
    1.3563 0.3787 3
    1.4163 0.231 2
  1.6502 10 + 1
    1.14897 1 7
  1.6666 2 - 2
    1.2769 0.6803 5
    1.4409 0.3197 2
  1.6781 2 - 2
    0.7031 0.080063 8
    1.4524 0.919937 2
  1.717 8 - 2
    1.4313 0.5 3
    1.4913 0.5 2
  1.73 6 - 2
    1.3403 0.5 5
    1.5945 0.5 1
  1.7381 6 + 1
    1.5124 1 2
  1.7681 8 + 2
    1.2878 0.6494 6
    1.4824 0.3506 3
  1.779 4 - 2
    1.4933 0.5 3
    1.5533 0.5 2
  1.816 0 - 2
    0.841 0.5 8
    1.5903 0.5 2
  1.831 8 + 2
    1.4413 0.5 5
    1.6955 0.5 1
  1.832 4 - 2
    1.5463 0.5 3
    1.6063 0.5 2
  1.851 6 + 2
    1.5653 0.5 3
    1.6253 0.5 2
  1.875 2 - 2
    1.4853 0.5 5
    1.7395 0.5 1
  1.907 4 + 2
    1.5173 0.5 5
    1.7715 0.5 1
  1.932 0 - 2
    0.957 0.5 8
    1.7063 0.5 2
  1.9453 14 - 2
    1.44407 0.3334 7
    1.9453 0.6666 0
  1.972 6 + 2
    1.6863 0.5 3
    1.7463 0.5 2
  2.033 4 + 2
    1.6433 0.5 5
    1.8975 0.5 1
  2.056 10 + 2
    1.7703 0.5 3
    2.056 0.5 0
  2.082 2 - 2
    1.6923 0.5 5
    1.9465 0.5 1
  2.0875 18 - 3
    0.1422 0.038941 44
    1.58627 0.01233 7
    2.0875 0.948728 0
  2.128 6 + 2
    1.8423 0.5 3
    1.9023 0.5 2
  2.142 4 - 2
    1.8563 0.5 3
    1.9163 0.5 2
  2.147 2 + 2
    1.8613 0.5 3
    1.9213 0.5 2
  2.162 6 - 2
    1.7723 0.5 5
    2.0265 0.5 1
  2.2033 22 - 1
    0.1158 1 49
  2.213 4 + 2
    1.8233 0.5 5
    2.0775 0.5 1
  2.2357 20 - 1
    0.1482 1 49
  2.24 2 + 2
    1.9543 0.5 3
    2.0143 0.5 2
  2.243 0 + 2
    1.0931 0.5 10
    2.1075 0.5 1
  2.254 6 - 2
    1.8643 0.5 5
    2.1185 0.5 1
  2.271 4 + 2
    1.8813 0.5 5
    2.1355 0.5 1
  2.2871 18 + 1
    2.2871 1 0
  2.292 12 - 2
    1.93451 0.5 4
    2.292 0.5 0
  2.294 2 - 2
    1.9043 0.5 5
    2.1585 0.5 1
  2.311 4 + 2
    1.9213 0.5 5
    2.1755 0.5 1
  2.335 6 - 2
    1.9453 0.5 5
    2.1995 0.5 1
  2.362 10 + 2
    2.0763 0.5 3
    2.362 0.5 0
  2.391 4 - 2
    2.1053 0.5 3
    2.1653 0.5 2
  2.403 6 + 2
    2.1173 0.5 3
    2.1773 0.5 2
  2.407 2 - 2
    2.0173 0.5 5
    2.2715 0.5 1
  2.433 0 + 2
    1.2831 0.5 10
    2.2975 0.5 1
  2.463 8 - 2
    2.1773 0.5 3
    2.2373 0.5 2
  2.498 4 + 2
    2.1083 0.5 5
    2.3625 0.5 1
  2.515 6 - 2
    2.1253 0.5 5
    2.3795 0.5 1
  2.53 2 + 2
    2.2443 0.5 3
    2.3043 0.5 2
  2.563 10 + 2
    2.2773 0.5 3
    2.563 0.5 0
  2.58 20 - 2
    0.2929 0.5 61
    0.3443 0.5 56
  2.594 4 + 2
    2.2043 0.5 5
    2.4585 0.5 1
  2.61 6 - 2
    2.2203 0.5 5
    2.4745 0.5 1
  2.656 8 + 2
    2.2663 0.5 5
    2.5205 0.5 1
  2.666 2 - 2
    2.2763 0.5 5
    2.5305 0.5 1
  2.68 4 + 2
    2.2903 0.5 5
    2.5445 0.5 1
  2.7 12 + 2
    2.19877 0.5 7
    2.2197 0.5 6
  2.72 6 + 2
    2.4343 0.5 3
    2.4943 0.5 2
  2.739 10 + 2
    2.4533 0.5 3
    2.739 0.5 0
  2.756 2 - 2
    2.3663 0.5 5
    2.6205 0.5 1
  2.785 4 - 2
    2.4993 0.5 3
    2.5593 0.5 2
  2.802 6 - 2
    2.4123 0.5 5
    2.6665 0.5 1
  2.811 8 - 2
    2.5253 0.5 3
    2.5853 0.5 2
  2.832 0 - 2
    1.857 0.5 8
    2.6063 0.5 2
  2.867 4 + 2
    2.4773 0.5 5
    2.7315 0.5 1
  2.905 2 - 2
    2.5153 0.5 5
    2.7695 0.5 1
  2.926 8 + 2
    2.5363 0.5 5
    2.7905 0.5 1
  2.948 6 - 2
    2.5583 0.5 5
    2.8125 0.5 1
  2.964 4 + 2
    2.5743 0.5 5
    2.8285 0.5 1
  2.981 10 - 2
    2.5007 0.5 6
    2.5913 0.5 5
  2.9982 22 + 3
    0.7111 0.337707 61
    0.7625 0.624812 56
    0.7949 0.037481 54
  3.01 2 - 2
    2.6203 0.5 5
    2.8745 0.5 1
  3.02 6 + 2
    2.7343 0.5 3
    2.7943 0.5 2
  3.045 8 - 2
    2.7593 0.5 3
    2.8193 0.5 2
  3.064 4 + 2
    2.6743 0.5 5
    2.9285 0.5 1
  3.072 12 - 2
    2.71451 0.5 4
    3.072 0.5 0
  3.09 6 + 2
    2.8043 0.5 3
    2.8643 0.5 2
  3.11 2 - 2
    2.7203 0.5 5
    2.9745 0.5 1
  3.119 4 + 2
    2.7293 0.5 5
    2.9835 0.5 1
  3.134 0 - 2
    2.159 0.5 8
    2.9083 0.5 2
  3.142 8 + 2
    2.7523 0.5 5
    3.0065 0.5 1
  3.16 6 - 2
    2.7703 0.5 5
    3.0245 0.5 1
  3.185 10 + 2
    2.8993 0.5 3
    3.185 0.5 0
  3.2 4 - 2
    2.9143 0.5 3
    2.9743 0.5 2
  3.228 2 + 2
    2.9423 0.5 3
    3.0023 0.5 2
  3.242 8 - 2
    2.9563 0.5 3
    3.0163 0.5 2
  3.26 6 + 2
    2.9743 0.5 3
    3.0343 0.5 2
  3.28 4 - 2
    2.9943 0.5 3
    3.0543 0.5 2
  3.294 2 + 2
    3.0083 0.5 3
    3.0683 0.5 2
  3.316 16 - 2
    1.9058 0.5 17
    3.316 0.5 0
  3.3259 26 + 1
    0.3277 1 96
  3.33 6 - 2
    2.9403 0.5 5
    3.1945 0.5 1
  3.342 4 - 2
    3.0563 0.5 3
    3.1163 0.5 2
  3.345 8 + 2
    2.9553 0.5 5
    3.2095 0.5 1
  3.372 10 + 2
    3.0863 0.5 3
    3.372 0.5 0
  3.385 2 - 2
    2.9953 0.5 5
    3.2495 0.5 1
  3.403 0 - 2
    2.428 0.5 8
    3.1773 0.5 2
  3.445 4 + 2
    3.0553 0.5 5
    3.3095 0.5 1
  3.455 6 - 2
    3.0653 0.5 5
    3.3195 0.5 1
  3.489 8 + 2
    3.0993 0.5 5
    3.3535 0.5 1
  3.516 2 - 2
    3.1263 0.5 5
    3.3805 0.5 1
  3.53 4 + 2
    3.1403 0.5 5
    3.3945 0.5 1
  3.55 6 + 2
    3.2643 0.5 3
    3.3243 0.5 2
  3.56 12 - 2
    3.20251 0.5 4
    3.56 0.5 0
  3.58 10 + 2
    3.2943 0.5 3
    3.58 0.5 0
  3.59 4 - 2
    3.3043 0.5 3
    3.3643 0.5 2
  3.619 2 + 2
    3.3333 0.5 3
    3.3933 0.5 2
  3.65 6 - 2
    3.2603 0.5 5
    3.5145 0.5 1
  3.665 8 - 2
    3.3793 0.5 3
    3.4393 0.5 2
  3.672 0 + 2
    2.5221 0.5 10
    3.5365 0.5 1
  3.696 4 + 2
    3.3063 0.5 5
    3.5605 0.5 1
  3.716 6 - 2
    3.3263 0.5 5
    3.5805 0.5 1
  3.753 2 + 2
    3.4673 0.5 3
    3.5273 0.5 2
  3.79 8 - 2
    3.5043 0.5 3
    3.5643 0.5 2
  3.7969 4 + 1
    0.471 1 116
  3.805 10 - 2
    3.3247 0.5 6
    3.4153 0.5 5
  3.837 6 + 2
    3.5513 0.5 3
    3.6113 0.5 2
  3.875 2 - 2
    3.4853 0.5 5
    3.7395 0.5 1
  3.882 4 + 2
    3.4923 0.5 5
    3.7465 0.5 1
  3.92 8 - 2
    3.6343 0.5 3
    3.6943 0.5 2
  4.032 6 + 2
    3.7463 0.5 3
    3.8063 0.5 2
  4.079 14 - 2
    2.1337 0.5 44
    3.57777 0.5 7
  4.135 12 + 2
    3.63377 0.5 7
    3.6547 0.5 6
  4.172 2 - 2
    3.7823 0.5 5
    4.0365 0.5 1
  4.285 4 + 2
    3.8953 0.5 5
    4.1495 0.5 1
  4.355 0 - 2
    3.38 0.5 8
    4.1293 0.5 2
  4.45 6 + 2
    4.1643 0.5 3
    4.2243 0.5 2
  4.83 8 - 2
    4.5443 0.5 3
    4.6043 0.5 2
  4.93 10 + 2
    4.6443 0.5 3
    4.93 0.5 0
  5.21 4 - 2
    4.9243 0.5 3
    4.9843 0.5 2
  5.62 2 + 2
    5.3343 0.5 3
    5.3943 0.5 2
  6 6 + 2
    5.7143 0.5 3
    5.7743 0.5 2
  6.28 4 + 2
    5.8903 0.5 5
    6.1445 0.5 1
  9.008 0 + 2
    7.8581 0.5 10
    8.8725 0.5 1
  9.956 4 + 2
    9.5663 0.5 5
    9.8205 0.5 1
  10.47 8 + 2
    10.0803 0.5 5
    10.3345 0.5 1
  10.83 4 + 2
    10.4403 0.5 5
    10.6945 0.5 1
  11.089 4 + 2
    10.6993 0.5 5
    10.9535 0.5 1
  11.54 10 - 2
    11.0597 0.5 6
    11.1503 0.5 5
  11.8 8 - 2
    11.5143 0.5 3
    11.5743 0.5 2

41 93 127
  0 9 + 0
  0.03077 1 - 1
    0.03077 1 0
  0.68679 3 - 1
    0.65602 1 1
  0.74395 7 + 1
    0.74395 1 0
  0.80882 5 + 2
    0.06487 0.02158 3
    0.80882 0.97842 0
  0.81032 5 - 1
    0.77955 1 1
  0.9498 13 + 1
    0.9498 1 0
  0.97 3 - 2
    0.16118 0.5 4
    0.28321 0.5 2
  0.97891 11 + 1
    0.97891 1 0
  1.08268 9 + 3
    0.10377 0.073863 8
    0.33873 0.687527 3
    1.08268 0.23861 0
  1.12709 3 + 1
    0.31827 1 4
  1.28426 5 - 3
    0.47394 0.038581 5
    0.59747 0.192604 2
    1.25349 0.768815 1
  1.29 3 - 2
    0.48118 0.5 4
    0.60321 0.5 2
  1.29722 9 + 3
    0.31831 0.2259 8
    0.55327 0.2659 3
    1.29722 0.5082 0
  1.3155 5 + 2
    0.50668 0.1904 4
    0.57155 0.8096 3
  1.33504 17 + 1
    0.38524 1 6
  1.36986 5 - 3
    0.55954 0.694742 5
    0.68307 0.208212 2
    1.33909 0.097046 1
  1.39542 7 - 2
    0.5851 0.917491 5
    0.70863 0.082509 2
  1.455 3 + 1
    0.64618 1 4
  1.48358 7 + 3
    0.4009 0.062147 9
    0.67476 0.184191 4
    1.48358 0.753662 0
  1.49099 15 + 2
    0.15595 0.2015 15
    0.54119 0.7985 6
  1.49994 9 - 4
    0.52103 0.015771 8
    0.68962 0.142007 5
    0.75599 0.054383 3
    1.49994 0.787839 0
  1.57182 3 - 3
    0.28756 0.1288 11
    0.7615 0.636 5
    0.88503 0.2352 2
  1.58806 3 - 2
    0.77774 0.1526 5
    0.90127 0.8474 2
  1.60324 9 - 3
    0.52056 0.1851 9
    0.62433 0.5 8
    0.85929 0.3149 3
  1.63455 11 + 5
    0.55187 0.066772 9
    0.65564 0.169305 8
    0.68475 0.512915 6
    0.8906 0.133204 3
    1.63455 0.117804 0
  1.66566 5 + 2
    0.92171 0.98041 3
    1.66566 0.01959 0
  1.6795 5 + 5
    0.364 0.27343 14
    0.38228 0.073108 13
    0.87068 0.031693 4
    0.93555 0.45265 3
    1.6795 0.169119 0
  1.68336 9 + 4
    0.60068 0.078672 9
    0.70445 0.194206 8
    0.93941 0.462114 3
    1.68336 0.265008 0
  1.68634 13 + 3
    0.70743 0.3167 8
    0.73654 0.3239 6
    1.68634 0.3594 0
  1.694 11 + 1
    0.95005 1 3
  1.70351 5 + 2
    0.38801 0.5361 14
    0.89469 0.4639 4
  1.77296 5 - 3
    0.31796 0.1189 18
    0.64587 0.4075 10
    0.96414 0.4736 4
  1.77927 5 - 2
    0.96895 0.925937 5
    1.09248 0.074063 2
  1.7844 5 + 1
    0.70172 1 9
  1.81234 19 - 1
    0.4773 1 15
  1.84007 3 - 2
    1.02975 0.1667 5
    1.15328 0.8333 2
  1.9081 5 + 1
    1.9081 1 0
  1.91068 9 + 3
    0.61346 0.085603 13
    0.828 0.059862 9
    1.91068 0.854534 0
  1.91592 7 - 5
    0.60042 0.229398 14
    0.83324 0.636894 9
    1.1071 0.02547 4
    1.17197 0.076409 3
    1.91592 0.03183 0
  1.94773 3 + 1
    1.13741 1 5
  1.94972 7 + 4
    0.27022 0.339014 27
    0.86704 0.030061 9
    1.1409 0.333813 4
    1.20577 0.297112 3
  1.95904 11 + 3
    0.27568 0.1778 28
    0.32449 0.2756 25
    1.95904 0.5466 0
  1.96827 13 - 2
    0.36503 0.3126 24
    0.47728 0.6874 20
  1.983 11 + 6
    0.296655 0.09026 29
    0.299635 0.1138 28
    1.00409 0.2462 8
    1.0332 0.1192 6
    1.23904 0.04614 3
    1.983 0.3844 0
  1.99712 5 - 2
    1.1868 0.8929 5
    1.31033 0.1071 2
  2.00252 11 + 4
    0.36797 0.141492 25
    0.50258 0.084495 21
    1.02361 0.070356 8
    1.05272 0.703658 6
  2.01241 3 + 2
    0.44059 0.056672 22
    1.32562 0.943328 2
  2.0197 7 - 1
    1.20938 1 5
  2.02391 7 - 2
    0.45209 0.029261 22
    1.33712 0.970739 2
  2.0372 11 + 2
    0.53726 0.7814 21
    1.0874 0.2186 6
  2.09923 5 - 2
    0.70381 0.6852 17
    1.28891 0.3148 5
  2.12267 9 + 4
    0.63909 0.1528 19
    1.14376 0.3008 8
    1.37872 0.1229 3
    2.12267 0.4235 0
  2.12689 7 - 4
    0.62695 0.709507 21
    0.73147 0.127601 17
    1.31657 0.070831 5
    1.38294 0.092061 3
  2.1326 11 + 1
    1.15369 1 8
  2.1536 5 - 1
    2.12283 1 1
  2.16264 13 - 3
    0.67165 0.1298 20
    1.18373 0.5405 8
    1.21284 0.3297 6
  2.17065 9 + 6
    1.08797 0.041332 9
    1.19174 0.413217 8
    1.22085 0.24791 6
    1.36183 0.128105 4
    1.4267 0.111604 3
    2.17065 0.057832 0
  2.18 5 + 2
    1.49321 0.5 2
    2.18 0.5 0
  2.18209 17 - 2
    0.6911 0.7273 20
    0.84705 0.2727 15
  2.18414 13 + 1
    0.8491 1 15
  2.2035 9 + 3
    0.60026 0.1529 24
    0.80808 0.637 17
    2.2035 0.2101 0
  2.25 1 - 2
    1.43968 0.5 5
    2.21923 0.5 1
  2.2807 7 - 1
    1.53675 1 3
  2.3109 19 + 1
    0.97586 1 15
  2.32 5 + 2
    1.63321 0.5 2
    2.32 0.5 0
  2.33 9 + 1
    1.35109 1 8
  2.3675 13 + 1
    2.3675 1 0
  2.50688 1 - 2
    1.52797 0.5 8
    2.50688 0.5 0
  2.52 1 + 2
    1.71118 0.5 4
    1.83321 0.5 2
  2.5842 1 - 1
    1.77538 1 4
  2.75284 19 + 3
    0.57075 0.467447 59
    1.26185 0.275628 20
    1.4178 0.256926 15
  2.8328 21 + 2
    0.5219 0.046838 64
    1.49776 0.953162 15
  2.838 11 - 2
    1.8882 0.5 6
    2.838 0.5 0
  2.98 3 - 2
    2.17118 0.5 4
    2.29321 0.5 2
  3.086 21 - 1
    0.90391 1 59
  3.15 7 - 2
    2.46321 0.5 2
    3.15 0.5 0
  3.512 3 - 2
    2.70318 0.5 4
    2.82521 0.5 2
  3.6678 1 - 1
    0.835 1 72
  3.674 25 - 1
    0.588 1 75
  3.6848 3 - 1
    0.852 1 72
  3.72 7 - 2
    3.03321 0.5 2
    3.72 0.5 0
  3.84 1 - 2
    3.02968 0.5 5
    3.80923 0.5 1
  3.93 3 - 2
    3.12118 0.5 4
    3.24321 0.5 2
  4.06 7 - 2
    3.37321 0.5 2
    4.06 0.5 0
  4.1047 25 + 2
    0.419901 0.088391 80
    1.2719 0.911609 72
  4.224 1 - 2
    3.41368 0.5 5
    4.19323 0.5 1
  4.34 3 - 2
    3.53118 0.5 4
    3.65321 0.5 2
  4.403 29 - 1
    0.729 1 79
  4.46 7 + 2
    3.64968 0.5 5
    3.71605 0.5 3
  4.548 3 - 2
    3.73918 0.5 4
    3.86121 0.5 2
  4.65 1 + 2
    3.84118 0.5 4
    3.96321 0.5 2
  4.7 7 - 2
    4.01321 0.5 2
    4.7 0.5 0
  4.81 5 + 2
    4.12321 0.5 2
    4.81 0.5 0
  4.8646 29 + 1
    0.759899 1 85
  5 3 - 2
    4.19118 0.5 4
    4.31321 0.5 2
  5.1551 7 - 1
    1.4811 1 79
  5.34 5 + 2
    4.65321 0.5 2
    5.34 0.5 0
  5.49 1 - 2
    4.67968 0.5 5
    5.45923 0.5 1
  5.9043 33 + 1
    1.0397 1 94
  6.4643 11 + 11
    3.6263 0.112302 73
    4.0968 0.112302 67
    4.50526 0.044161 42
    4.7848 0.043001 27
    4.97331 0.036021 20
    4.98072 0.01666 19
    5.16708 0.041451 13
    5.38162 0.065081 9
    5.48539 0.002711 8
    5.5145 0.388007 6
    6.4643 0.138303 0
  7.3723 35 - 1
    1.468 1 99
  7.4353 37 - 1
    1.531 1 99
  7.8283 39 - 1
    0.393 1 102
  8.3254 41 - 1
    0.4971 1 103
  8.3774 37 + 2
    0.9421 0.6289 102
    1.0051 0.3711 101
  8.94 43 - 1
    0.614601 1 104
  9.1344 41 - 1
    1.6991 1 102
  9.425 45 + 1
    0.484999 1 106
  9.6994 3 + 1
    2.2641 1 102
  9.7824 5 + 1
    1.405 1 105
  9.9224 43 - 2
    0.222999 0.4115 109
    0.788 0.5885 107
  10.9554 7 + 1
    1.033 1 111
  11.059 5 + 2
    10.3722 0.5 2
    11.059 0.5 0
  11.981 1 + 2
    11.1722 0.5 4
    11.2942 0.5 2
  12.171 3 - 2
    11.3622 0.5 4
    11.4842 0.5 2
  12.503 3 + 2
    11.7591 0.5 3
    12.4722 0.5 1
  12.57 7 - 2
    11.8832 0.5 2
    12.57 0.5 0
  12.993 1 + 2
    12.1842 0.5 4
    12.3062 0.5 2
  13.09 5 - 2
    12.346 0.5 3
    13.0592 0.5 1
  13.542 3 - 2
    12.7332 0.5 4
    12.8552 0.5 2
  13.581 3 + 2
    12.837 0.5 3
    13.5502 0.5 1
  13.839 3 + 2
    13.0951 0.5 3
    13.8082 0.5 1
  14.091 7 - 2
    13.4042 0.5 2
    14.091 0.5 0
  14.363 5 + 2
    13.6762 0.5 2
    14.363 0.5 0
  14.477 7 - 2
    13.7902 0.5 2
    14.477 0.5 0
  16.4 5 - 2
    15.6561 0.5 3
    16.3692 0.5 1

41 94 385
  0 12 + 0
  0.040892 6 + 1
    0.040892 1 0
  0.058708 8 + 1
    0.017816 1 1
  0.078668 14 + 1
    0.078668 1 0
  0.113401 10 + 2
    0.054693 0.099782 2
    0.113401 0.900218 0
  0.140298 4 - 1
    0.099406 1 1
  0.301558 4 - 1
    0.16126 1 5
  0.311821 8 + 1
    0.253113 1 2
  0.334102 6 + 2
    0.193804 0.033019 5
    0.29321 0.966981 1
  0.396227 6 - 3
    0.255929 0.733771 5
    0.337519 0.23869 2
    0.355335 0.027539 1
  0.450204 6 - 3
    0.148646 0.001771 6
    0.309906 0.978828 5
    0.409312 0.019401 1
  0.631533 8 + 5
    0.319712 0.040152 7
    0.518132 0.79574 4
    0.552865 0.017041 3
    0.572825 0.023861 2
    0.590641 0.123206 1
  0.640988 10 + 4
    0.329167 0.207273 7
    0.527587 0.210873 4
    0.56232 0.496136 3
    0.640988 0.085719 0
  0.6661 6 + 3
    0.364542 0.038523 6
    0.525802 0.835867 5
    0.552699 0.12561 4
  0.785657 6 + 3
    0.484099 0.574757 6
    0.645359 0.20102 5
    0.672256 0.224222 4
  0.792595 6 + 4
    0.396368 0.019299 9
    0.458493 0.604176 8
    0.733887 0.034339 2
    0.751703 0.342186 1
  0.81683 6 - 3
    0.15073 0.092936 13
    0.482728 0.105896 8
    0.775938 0.801168 1
  0.89565 6 + 5
    0.22955 0.007746 13
    0.499423 0.757358 9
    0.583829 0.016149 7
    0.755352 0.145292 5
    0.782249 0.073456 4
  0.924252 4 + 4
    0.138595 0.4064 14
    0.612431 0.02918 7
    0.622694 0.02482 6
    0.88336 0.5396 1
  0.9327 14 - 5
    0.140105 0.888091 15
    0.147043 0.077299 14
    0.598598 0.01196 8
    0.854032 0.0124 3
    0.9327 0.01025 0
  0.936036 2 - 4
    0.143441 0.01577 15
    0.304503 0.072158 11
    0.877328 0.251192 2
    0.895144 0.66088 1
  0.948 16 + 1
    0.869332 1 3
  0.95736 10 + 4
    0.316372 0.025561 12
    0.878692 0.320613 3
    0.898652 0.232009 2
    0.95736 0.421817 0
  0.970161 8 + 6
    0.045909 0.095684 18
    0.329173 0.266584 12
    0.338628 0.073806 11
    0.636059 0.141891 8
    0.65834 0.030558 7
    0.911453 0.391476 2
  0.97676 8 - 2
    0.642658 0.7872 8
    0.97676 0.2128 0
  0.97929 4 + 2
    0.31319 0.6744 13
    0.838992 0.3256 5
  0.9913 18 + 1
    0.912632 1 3
  1.0062 10 + 2
    0.927532 0.5 3
    0.965308 0.5 1
  1.0109 2 - 1
    0.19407 1 16
  1.02335 14 - 9
    0.04659 0.905065 24
    0.1277 0.048888 17
    0.382362 0.004677 12
    0.573146 0.004651 10
    0.711529 0.005559 7
    0.944682 0.019579 3
    0.964642 0.004508 2
    0.982458 0.003746 1
    1.02335 0.003328 0
  1.03019 8 - 4
    0.13454 0.483748 17
    0.398657 0.129213 11
    0.696088 0.248825 8
    0.718369 0.138214 7
  1.06122 8 + 7
    0.125184 0.028961 20
    0.12852 0.075994 19
    0.136968 0.291515 18
    0.268625 0.106205 15
    0.749399 0.164408 7
    1.00251 0.18991 2
    1.02033 0.143007 1
  1.08595 4 + 6
    0.149914 0.080962 20
    0.15325 0.009284 19
    0.1903 0.031371 17
    0.454417 0.087562 11
    0.635746 0.210205 10
    0.689723 0.580615 9
  1.15871 14 - 5
    0.13536 0.168495 29
    0.26306 0.084917 17
    0.366115 0.020309 15
    1.1 0.298491 2
    1.11782 0.427787 1
  1.1632 8 + 3
    1.0498 0.1263 4
    1.10449 0.5263 2
    1.12231 0.3474 1
  1.16988 8 + 5
    0.377285 0.069932 15
    0.538347 0.032911 11
    1.05648 0.076362 4
    1.11117 0.057272 2
    1.12899 0.763523 1
  1.17961 6 - 5
    0.11839 0.043562 31
    0.538622 0.032692 12
    0.548077 0.20191 11
    0.783383 0.289814 9
    1.1209 0.432022 2
  1.1824 0 - 2
    0.880842 0.3422 6
    1.0421 0.6578 5
  1.202 2 - 2
    0.751796 0.5 10
    0.805773 0.5 9
  1.2301 8 + 6
    0.07139 0.729415 33
    0.41327 0.02415 16
    0.437505 0.01769 15
    0.598567 0.037801 11
    1.15143 0.105002 3
    1.2301 0.085942 0
  1.23192 8 + 5
    0.14597 0.030072 32
    0.600387 0.035272 11
    0.835693 0.419125 9
    1.11852 0.373022 4
    1.19103 0.142509 1
  1.24726 6 + 6
    0.2705 0.149101 24
    0.454665 0.055081 15
    0.851033 0.04251 9
    1.10696 0.173702 5
    1.18855 0.122501 2
    1.20637 0.457105 1
  1.25685 2 - 3
    0.332598 0.095882 18
    1.21596 0.332007 1
    1.25685 0.572111 0
  1.26282 6 - 5
    0.10411 0.822221 33
    0.36717 0.005964 17
    0.812616 0.083842 10
    0.950999 0.024291 7
    1.12252 0.063682 5
  1.27283 6 - 5
    0.37718 0.062141 17
    0.456 0.372704 16
    0.822626 0.078751 10
    1.15943 0.289703 4
    1.21412 0.196702 2
  1.28144 8 + 3
    1.22273 0.5 2
    1.24055 0.42 1
    1.28144 0.08 0
  1.32341 8 + 1
    1.2647 1 2
  1.3326 6 + 3
    1.2192 0.2388 4
    1.27389 0.2637 2
    1.29171 0.4975 1
  1.34669 10 - 1
    0.45104 1 17
  1.3611 4 - 2
    1.2208 0.5 5
    1.32021 0.5 1
  1.39273 4 - 2
    1.25243 0.5 5
    1.35184 0.5 1
  1.405 2 - 2
    0.954796 0.5 10
    1.00877 0.5 9
  1.428 4 - 2
    1.2877 0.5 5
    1.38711 0.5 1
  1.4481 2 - 2
    0.997896 0.5 10
    1.05187 0.5 9
  1.45812 4 - 2
    1.31782 0.5 5
    1.41723 0.5 1
  1.4641 2 - 2
    1.0139 0.5 10
    1.06787 0.5 9
  1.4849 8 + 1
    1.4849 1 0
  1.4889 4 - 2
    1.3486 0.5 5
    1.44801 0.5 1
  1.4929 2 - 2
    1.0427 0.5 10
    1.09667 0.5 9
  1.49992 4 - 2
    1.35962 0.5 5
    1.45903 0.5 1
  1.519 0 - 2
    1.44033 0.4116 3
    1.46029 0.5884 2
  1.5597 2 - 2
    1.1095 0.5 10
    1.16347 0.5 9
  1.5696 8 + 2
    1.51089 0.5 2
    1.5696 0.5 0
  1.58195 4 - 2
    1.44165 0.5 5
    1.54106 0.5 1
  1.6096 22 + 1
    0.6183 1 26
  1.6154 0 - 2
    1.31384 0.5 6
    1.4751 0.5 5
  1.6206 10 + 2
    1.54193 0.5 3
    1.57971 0.5 1
  1.63614 4 - 2
    1.49584 0.5 5
    1.59525 0.5 1
  1.63927 2 + 2
    1.49897 0.5 5
    1.59838 0.5 1
  1.65509 10 + 1
    1.25886 1 9
  1.659 8 + 2
    1.60029 0.5 2
    1.659 0.5 0
  1.6785 4 - 2
    1.5382 0.5 5
    1.63761 0.5 1
  1.69574 12 - 2
    1.58234 0.5 4
    1.61707 0.5 3
  1.71666 2 - 2
    1.26646 0.5 10
    1.32043 0.5 9
  1.7201 4 + 2
    1.40828 0.5 7
    1.66139 0.5 2
  1.7314 10 + 1
    1.41958 1 7
  1.7637 2 - 2
    1.3135 0.5 10
    1.36747 0.5 9
  1.7703 0 - 2
    1.46874 0.5 6
    1.63 0.5 5
  1.77692 4 + 2
    1.4651 0.5 7
    1.71821 0.5 2
  1.77972 6 - 1
    0.69377 1 32
  1.8055 12 + 2
    1.74679 0.5 2
    1.8055 0.5 0
  1.81575 2 - 2
    1.36555 0.5 10
    1.41952 0.5 9
  1.8212 4 + 2
    1.50938 0.5 7
    1.76249 0.5 2
  1.8281 6 - 2
    1.51628 0.5 7
    1.76939 0.5 2
  1.85975 2 + 1
    1.22822 1 11
  1.86413 4 - 2
    1.72383 0.5 5
    1.82324 0.5 1
  1.87935 0 + 2
    0.943314 0.5 20
    0.955098 0.5 18
  1.88239 6 - 2
    1.57057 0.5 7
    1.82368 0.5 2
  1.9 4 + 2
    1.58818 0.5 7
    1.84129 0.5 2
  1.9121 2 - 2
    1.4619 0.5 10
    1.51587 0.5 9
  1.92 6 + 2
    1.8066 0.5 4
    1.87911 0.5 1
  1.9268 12 - 2
    1.8134 0.5 4
    1.84813 0.5 3
  1.9309 18 + 1
    0.9829 1 21
  1.93745 4 - 2
    1.79715 0.5 5
    1.89656 0.5 1
  1.94376 2 + 2
    1.80346 0.5 5
    1.90287 0.5 1
  1.9504 6 - 2
    1.63858 0.5 7
    1.89169 0.5 2
  1.95673 0 + 2
    1.02069 0.5 20
    1.03248 0.5 18
  1.97022 4 - 2
    1.82992 0.5 5
    1.92933 0.5 1
  1.9755 10 + 2
    1.89683 0.5 3
    1.93461 0.5 1
  1.9831 6 - 2
    1.67128 0.5 7
    1.92439 0.5 2
  1.99737 2 + 2
    1.85707 0.5 5
    1.95648 0.5 1
  2 4 - 2
    1.8597 0.5 5
    1.95911 0.5 1
  2.0104 12 + 2
    1.95169 0.5 2
    2.0104 0.5 0
  2.01419 6 - 2
    1.70237 0.5 7
    1.95548 0.5 2
  2.02 2 + 2
    1.8797 0.5 5
    1.97911 0.5 1
  2.0336 4 - 1
    0.80168 1 40
  2.04794 0 + 2
    1.1119 0.5 20
    1.12369 0.5 18
  2.062 10 - 2
    2.00329 0.5 2
    2.062 0.5 0
  2.0714 6 + 2
    1.958 0.5 4
    2.03051 0.5 1
  2.0768 4 - 2
    1.9365 0.5 5
    2.03591 0.5 1
  2.09878 2 + 2
    1.95848 0.5 5
    2.05789 0.5 1
  2.102 8 - 2
    1.9886 0.5 4
    2.06111 0.5 1
  2.12462 6 + 2
    2.01122 0.5 4
    2.08373 0.5 1
  2.1349 4 - 2
    1.9946 0.5 5
    2.09401 0.5 1
  2.14057 2 + 2
    2.00027 0.5 5
    2.09968 0.5 1
  2.1501 10 - 2
    2.09139 0.5 2
    2.1501 0.5 0
  2.15767 6 + 2
    2.04427 0.5 4
    2.11678 0.5 1
  2.16228 8 - 2
    2.04888 0.5 4
    2.12139 0.5 1
  2.1682 4 + 2
    1.85638 0.5 7
    2.10949 0.5 2
  2.1752 0 - 2
    1.87364 0.5 6
    2.0349 0.5 5
  2.1817 2 + 2
    2.0414 0.5 5
    2.14081 0.5 1
  2.1895 12 - 2
    2.0761 0.5 4
    2.11083 0.5 3
  2.19586 6 + 2
    2.08246 0.5 4
    2.15497 0.5 1
  2.207 4 - 2
    2.0667 0.5 5
    2.16611 0.5 1
  2.2154 8 + 2
    2.15669 0.5 2
    2.2154 0.5 0
  2.22116 2 - 2
    1.77096 0.5 10
    1.82493 0.5 9
  2.22998 6 + 2
    2.11658 0.5 4
    2.18909 0.5 1
  2.23648 4 - 2
    2.09618 0.5 5
    2.19559 0.5 1
  2.2453 10 + 2
    2.16663 0.5 3
    2.20441 0.5 1
  2.2505 20 - 2
    0.3196 0.1431 92
    1.2592 0.8569 26
  2.253 8 + 2
    2.19429 0.5 2
    2.253 0.5 0
  2.2785 4 - 2
    2.1382 0.5 5
    2.23761 0.5 1
  2.2849 6 + 1
    1.30814 1 24
  2.28641 2 - 2
    1.83621 0.5 10
    1.89018 0.5 9
  2.30004 0 + 2
    1.364 0.5 20
    1.37579 0.5 18
  2.3047 4 - 2
    2.1644 0.5 5
    2.26381 0.5 1
  2.3144 6 + 2
    2.201 0.5 4
    2.27351 0.5 1
  2.3205 8 - 2
    2.2071 0.5 4
    2.27961 0.5 1
  2.3259 2 + 2
    2.1856 0.5 5
    2.28501 0.5 1
  2.3367 10 - 2
    2.27799 0.5 2
    2.3367 0.5 0
  2.3463 4 + 2
    2.03448 0.5 7
    2.28759 0.5 2
  2.3553 6 - 1
    1.45965 1 17
  2.36354 12 + 2
    2.30483 0.5 2
    2.36354 0.5 0
  2.3698 2 - 2
    1.9196 0.5 10
    1.97357 0.5 9
  2.3785 8 + 2
    2.31979 0.5 2
    2.3785 0.5 0
  2.3931 4 - 2
    2.2528 0.5 5
    2.35221 0.5 1
  2.3986 6 + 2
    1.3924 0.4624 27
    1.44124 0.5376 22
  2.407 10 - 2
    2.34829 0.5 2
    2.407 0.5 0
  2.4123 0 + 2
    1.47626 0.5 20
    1.48805 0.5 18
  2.4178 2 - 2
    1.9676 0.5 10
    2.02157 0.5 9
  2.4206 4 + 2
    2.10878 0.5 7
    2.36189 0.5 2
  2.4365 8 - 2
    2.3231 0.5 4
    2.39561 0.5 1
  2.4423 6 + 1
    1.48494 1 22
  2.4492 22 - 1
    0.1987 1 129
  2.4527 4 + 2
    2.14088 0.5 7
    2.39399 0.5 2
  2.4557 2 - 2
    2.0055 0.5 10
    2.05947 0.5 9
  2.47168 6 + 2
    2.35828 0.5 4
    2.43079 0.5 1
  2.4789 8 - 2
    2.3655 0.5 4
    2.43801 0.5 1
  2.48898 4 + 2
    2.17716 0.5 7
    2.43027 0.5 2
  2.50298 10 - 2
    2.44427 0.5 2
    2.50298 0.5 0
  2.5096 2 + 2
    2.3693 0.5 5
    2.46871 0.5 1
  2.51638 6 - 2
    2.20456 0.5 7
    2.45767 0.5 2
  2.5283 12 + 2
    2.46959 0.5 2
    2.5283 0.5 0
  2.5373 4 - 2
    2.397 0.5 5
    2.49641 0.5 1
  2.54593 8 + 2
    2.48722 0.5 2
    2.54593 0.5 0
  2.5558 0 - 2
    2.25424 0.5 6
    2.4155 0.5 5
  2.56563 6 + 2
    2.45223 0.5 4
    2.52474 0.5 1
  2.576 2 - 2
    2.1258 0.5 10
    2.17977 0.5 9
  2.5858 4 + 2
    2.27398 0.5 7
    2.52709 0.5 2
  2.59254 10 - 2
    2.53383 0.5 2
    2.59254 0.5 0
  2.59807 8 + 2
    2.53936 0.5 2
    2.59807 0.5 0
  2.60771 6 - 2
    2.29589 0.5 7
    2.549 0.5 2
  2.6201 4 + 2
    2.30828 0.5 7
    2.56139 0.5 2
  2.63352 2 - 2
    2.18332 0.5 10
    2.23729 0.5 9
  2.645 6 + 2
    2.5316 0.5 4
    2.60411 0.5 1
  2.6496 8 - 2
    2.5362 0.5 4
    2.60871 0.5 1
  2.6541 4 + 2
    2.34228 0.5 7
    2.59539 0.5 2
  2.6622 2 - 2
    2.212 0.5 10
    2.26597 0.5 9
  2.66945 0 + 2
    1.73341 0.5 20
    1.7452 0.5 18
  2.6741 10 - 2
    2.61539 0.5 2
    2.6741 0.5 0
  2.685 6 + 2
    2.5716 0.5 4
    2.64411 0.5 1
  2.68934 4 - 2
    2.54904 0.5 5
    2.64845 0.5 1
  2.6965 12 + 2
    2.63779 0.5 2
    2.6965 0.5 0
  2.70387 8 - 2
    2.59047 0.5 4
    2.66298 0.5 1
  2.709 2 + 2
    2.5687 0.5 5
    2.66811 0.5 1
  2.7223 6 - 2
    2.41048 0.5 7
    2.66359 0.5 2
  2.72655 4 + 2
    2.41473 0.5 7
    2.66784 0.5 2
  2.7302 2 - 2
    2.28 0.5 10
    2.33397 0.5 9
  2.7381 8 + 2
    2.67939 0.5 2
    2.7381 0.5 0
  2.7426 6 - 2
    2.43078 0.5 7
    2.68389 0.5 2
  2.75727 4 + 2
    2.44545 0.5 7
    2.69856 0.5 2
  2.7615 10 - 2
    2.70279 0.5 2
    2.7615 0.5 0
  2.7691 0 + 2
    1.83306 0.5 20
    1.84485 0.5 18
  2.77267 4 - 2
    2.63237 0.5 5
    2.73178 0.5 1
  2.7774 6 + 2
    2.664 0.5 4
    2.73651 0.5 1
  2.7809 2 - 2
    2.3307 0.5 10
    2.38467 0.5 9
  2.7906 8 + 2
    2.73189 0.5 2
    2.7906 0.5 0
  2.79601 4 - 2
    2.65571 0.5 5
    2.75512 0.5 1
  2.8016 6 + 2
    2.6882 0.5 4
    2.76071 0.5 1
  2.8104 10 - 2
    2.75169 0.5 2
    2.8104 0.5 0
  2.8179 24 + 2
    0.3687 0.25 153
    1.2083 0.75 64
  2.82132 2 - 2
    2.37112 0.5 10
    2.42509 0.5 9
  2.8248 8 + 2
    2.76609 0.5 2
    2.8248 0.5 0
  2.83291 4 - 2
    2.69261 0.5 5
    2.79202 0.5 1
  2.83898 6 + 2
    2.72558 0.5 4
    2.79809 0.5 1
  2.84373 12 - 2
    2.73033 0.5 4
    2.76506 0.5 3
  2.8498 2 + 2
    2.7095 0.5 5
    2.80891 0.5 1
  2.8558 4 - 2
    2.7155 0.5 5
    2.81491 0.5 1
  2.87596 0 + 2
    1.93992 0.5 20
    1.95171 0.5 18
  2.88038 6 - 2
    2.56856 0.5 7
    2.82167 0.5 2
  2.8897 8 + 2
    2.83099 0.5 2
    2.8897 0.5 0
  2.89717 10 - 2
    2.83846 0.5 2
    2.89717 0.5 0
  2.90067 2 + 2
    2.76037 0.5 5
    2.85978 0.5 1
  2.91375 4 - 2
    2.77345 0.5 5
    2.87286 0.5 1
  2.92322 6 + 2
    2.80982 0.5 4
    2.88233 0.5 1
  2.93 8 - 2
    2.8166 0.5 4
    2.88911 0.5 1
  2.94279 4 + 2
    2.63097 0.5 7
    2.88408 0.5 2
  2.9506 2 - 2
    2.5004 0.5 10
    2.55437 0.5 9
  2.95568 6 + 2
    2.84228 0.5 4
    2.91479 0.5 1
  2.9673 16 - 2
    1.976 0.5 26
    2.88863 0.5 3
  2.9818 12 + 2
    2.92309 0.5 2
    2.9818 0.5 0
  2.98586 4 - 2
    2.84556 0.5 5
    2.94497 0.5 1
  2.99084 8 + 2
    2.93213 0.5 2
    2.99084 0.5 0
  2.9959 10 - 2
    2.93719 0.5 2
    2.9959 0.5 0
  3.0036 2 + 2
    2.8633 0.5 5
    2.96271 0.5 1
  3.00709 6 - 2
    2.69527 0.5 7
    2.94838 0.5 2
  3.01965 4 + 2
    2.70783 0.5 7
    2.96094 0.5 2
  3.03131 0 - 2
    2.72975 0.5 6
    2.89101 0.5 5
  3.0368 6 + 2
    2.9234 0.5 4
    2.99591 0.5 1
  3.0421 8 - 2
    2.9287 0.5 4
    3.00121 0.5 1
  3.04709 2 + 2
    2.90679 0.5 5
    3.0062 0.5 1
  3.05544 4 - 2
    2.91514 0.5 5
    3.01455 0.5 1
  3.0594 14 + 2
    2.946 0.5 4
    2.98073 0.5 3
  3.07148 10 - 2
    3.01277 0.5 2
    3.07148 0.5 0
  3.07418 6 + 2
    2.96078 0.5 4
    3.03329 0.5 1
  3.08448 4 - 2
    2.94418 0.5 5
    3.04359 0.5 1
  3.08848 2 + 2
    2.94818 0.5 5
    3.04759 0.5 1
  3.09768 8 - 2
    2.98428 0.5 4
    3.05679 0.5 1
  3.10668 6 + 2
    2.99328 0.5 4
    3.06579 0.5 1
  3.11268 4 - 2
    2.97238 0.5 5
    3.07179 0.5 1
  3.11888 0 + 2
    2.18284 0.5 20
    2.19463 0.5 18
  3.12678 2 - 2
    2.67658 0.5 10
    2.73055 0.5 9
  3.1376 8 + 2
    3.07889 0.5 2
    3.1376 0.5 0
  3.1423 6 - 2
    2.83048 0.5 7
    3.08359 0.5 2
  3.1487 4 + 2
    2.83688 0.5 7
    3.08999 0.5 2
  3.1534 10 - 2
    3.09469 0.5 2
    3.1534 0.5 0
  3.1698 12 + 2
    3.11109 0.5 2
    3.1698 0.5 0
  3.1723 2 - 2
    2.7221 0.5 10
    2.77607 0.5 9
  3.1776 6 + 2
    3.0642 0.5 4
    3.13671 0.5 1
  3.18348 4 - 2
    3.04318 0.5 5
    3.14259 0.5 1
  3.1952 8 + 2
    3.13649 0.5 2
    3.1952 0.5 0
  3.1994 2 - 2
    2.7492 0.5 10
    2.80317 0.5 9
  3.20449 6 + 2
    3.09109 0.5 4
    3.1636 0.5 1
  3.21209 4 - 2
    3.07179 0.5 5
    3.1712 0.5 1
  3.21729 10 + 2
    3.13862 0.5 3
    3.1764 0.5 1
  3.2224 8 - 2
    3.109 0.5 4
    3.18151 0.5 1
  3.22779 0 + 2
    2.29175 0.5 20
    2.30354 0.5 18
  3.24539 4 - 2
    3.10509 0.5 5
    3.2045 0.5 1
  3.2493 6 + 2
    3.1359 0.5 4
    3.20841 0.5 1
  3.25599 2 - 2
    2.80579 0.5 10
    2.85976 0.5 9
  3.267 8 + 2
    3.20829 0.5 2
    3.267 0.5 0
  3.27229 4 - 2
    3.13199 0.5 5
    3.2314 0.5 1
  3.28179 6 + 2
    3.16839 0.5 4
    3.2409 0.5 1
  3.29129 2 - 2
    2.84109 0.5 10
    2.89506 0.5 9
  3.29629 12 + 2
    3.23758 0.5 2
    3.29629 0.5 0
  3.30019 10 - 2
    3.24148 0.5 2
    3.30019 0.5 0
  3.30449 4 + 2
    2.99267 0.5 7
    3.24578 0.5 2
  3.3073 24 - 1
    0.8581 1 153
  3.30839 6 + 2
    3.19499 0.5 4
    3.2675 0.5 1
  3.31529 8 - 2
    3.20189 0.5 4
    3.2744 0.5 1
  3.32099 2 + 2
    3.18069 0.5 5
    3.2801 0.5 1
  3.3258 4 - 2
    3.1855 0.5 5
    3.28491 0.5 1
  3.33519 0 + 2
    2.39915 0.5 20
    2.41094 0.5 18
  3.33929 6 - 2
    3.02747 0.5 7
    3.28058 0.5 2
  3.34209 8 + 2
    3.28338 0.5 2
    3.34209 0.5 0
  3.34889 2 - 2
    2.89869 0.5 10
    2.95266 0.5 9
  3.3566 4 + 2
    3.04478 0.5 7
    3.29789 0.5 2
  3.36049 10 - 2
    3.30178 0.5 2
    3.36049 0.5 0
  3.3691 6 + 2
    3.2557 0.5 4
    3.32821 0.5 1
  3.37169 14 - 2
    2.43899 0.5 19
    3.37169 0.5 0
  3.3766 4 + 2
    3.06478 0.5 7
    3.31789 0.5 2
  3.39089 2 - 2
    2.94069 0.5 10
    2.99466 0.5 9
  3.3938 8 + 2
    3.33509 0.5 2
    3.3938 0.5 0
  3.3992 6 - 2
    3.08738 0.5 7
    3.34049 0.5 2
  3.4066 4 + 2
    3.09478 0.5 7
    3.34789 0.5 2
  3.4111 0 - 2
    3.10954 0.5 6
    3.2708 0.5 5
  3.4173 2 + 2
    3.277 0.5 5
    3.37641 0.5 1
  3.4213 6 - 2
    3.10948 0.5 7
    3.36259 0.5 2
  3.4245 10 + 2
    3.34583 0.5 3
    3.38361 0.5 1
  3.4312 8 - 2
    3.3178 0.5 4
    3.39031 0.5 1
  3.4341 4 + 2
    3.12228 0.5 7
    3.37539 0.5 2
  3.4385 12 - 2
    3.3251 0.5 4
    3.35983 0.5 3
  3.4423 6 + 2
    3.3289 0.5 4
    3.40141 0.5 1
  3.4541 2 - 2
    3.0039 0.5 10
    3.05787 0.5 9
  3.4628 4 + 2
    3.15098 0.5 7
    3.40409 0.5 2
  3.4671 8 - 2
    3.3537 0.5 4
    3.42621 0.5 1
  3.4733 6 + 2
    3.3599 0.5 4
    3.43241 0.5 1
  3.475 26 - 2
    0.1677 0.1304 267
    1.0258 0.8696 153
  3.4825 10 + 2
    3.40383 0.5 3
    3.44161 0.5 1
  3.4871 4 - 2
    3.3468 0.5 5
    3.44621 0.5 1
  3.4926 2 + 2
    3.3523 0.5 5
    3.45171 0.5 1
  3.4983 8 - 2
    3.3849 0.5 4
    3.45741 0.5 1
  3.5074 6 + 2
    3.394 0.5 4
    3.46651 0.5 1
  3.5203 4 - 2
    3.38 0.5 5
    3.47941 0.5 1
  3.5243 0 + 2
    2.58826 0.5 20
    2.60005 0.5 18
  3.5332 2 - 2
    3.083 0.5 10
    3.13697 0.5 9
  3.5362 6 + 2
    3.4228 0.5 4
    3.49531 0.5 1
  3.5445 4 - 2
    3.4042 0.5 5
    3.50361 0.5 1
  3.5475 8 + 2
    3.48879 0.5 2
    3.5475 0.5 0
  3.5514 10 - 2
    3.49269 0.5 2
    3.5514 0.5 0
  3.5695 2 + 2
    3.4292 0.5 5
    3.52861 0.5 1
  3.5768 12 - 2
    3.4634 0.5 4
    3.49813 0.5 3
  3.582 6 + 2
    3.4686 0.5 4
    3.54111 0.5 1
  3.5902 4 - 2
    3.4499 0.5 5
    3.54931 0.5 1
  3.594 8 + 2
    3.53529 0.5 2
    3.594 0.5 0
  3.6002 2 - 2
    3.15 0.5 10
    3.20397 0.5 9
  3.6224 6 + 2
    3.509 0.5 4
    3.58151 0.5 1
  3.6339 4 - 2
    3.4936 0.5 5
    3.59301 0.5 1
  3.6385 0 + 2
    2.70246 0.5 20
    2.71425 0.5 18
  3.6479 10 - 2
    3.58919 0.5 2
    3.6479 0.5 0
  3.6569 8 + 2
    3.59819 0.5 2
    3.6569 0.5 0
  3.66651 4 - 2
    3.52621 0.5 5
    3.62562 0.5 1
  3.671 6 + 2
    3.5576 0.5 4
    3.63011 0.5 1
  3.67471 2 - 2
    3.22451 0.5 10
    3.27848 0.5 9
  3.68461 14 + 2
    3.57121 0.5 4
    3.60594 0.5 3
  3.68911 4 - 2
    3.54881 0.5 5
    3.64822 0.5 1
  3.6952 6 + 2
    3.5818 0.5 4
    3.65431 0.5 1
  3.7034 2 - 2
    3.2532 0.5 10
    3.30717 0.5 9
  3.7064 8 + 2
    3.64769 0.5 2
    3.7064 0.5 0
  3.71381 12 - 2
    3.60041 0.5 4
    3.63514 0.5 3
  3.72001 4 + 2
    3.40819 0.5 7
    3.6613 0.5 2
  3.72541 10 - 2
    3.6667 0.5 2
    3.72541 0.5 0
  3.7327 6 + 2
    3.6193 0.5 4
    3.69181 0.5 1
  3.7381 2 - 2
    3.2879 0.5 10
    3.34187 0.5 9
  3.7446 0 + 2
    2.80856 0.5 20
    2.82035 0.5 18
  3.74721 8 - 2
    3.63381 0.5 4
    3.70632 0.5 1
  3.7506 4 + 2
    3.43878 0.5 7
    3.69189 0.5 2
  3.76251 6 - 2
    3.45069 0.5 7
    3.7038 0.5 2
  3.76971 2 + 2
    3.62941 0.5 5
    3.72882 0.5 1
  3.7746 4 - 2
    3.6343 0.5 5
    3.73371 0.5 1
  3.7788 8 + 2
    3.72009 0.5 2
    3.7788 0.5 0
  3.785 6 - 2
    3.47318 0.5 7
    3.72629 0.5 2
  3.7878 10 + 2
    3.70913 0.5 3
    3.74691 0.5 1
  3.79631 4 - 2
    3.65601 0.5 5
    3.75542 0.5 1
  3.79971 2 + 2
    3.65941 0.5 5
    3.75882 0.5 1
  3.8072 6 - 2
    3.49538 0.5 7
    3.74849 0.5 2
  3.8117 0 + 2
    2.87566 0.5 20
    2.88745 0.5 18
  3.8195 8 - 2
    3.7061 0.5 4
    3.77861 0.5 1
  3.831 4 + 2
    3.51918 0.5 7
    3.77229 0.5 2
  3.8354 12 - 2
    3.722 0.5 4
    3.75673 0.5 3
  3.83951 2 + 2
    3.69921 0.5 5
    3.79862 0.5 1
  3.84451 6 - 2
    3.53269 0.5 7
    3.7858 0.5 2
  3.8537 10 + 2
    3.77503 0.5 3
    3.81281 0.5 1
  3.86101 4 - 2
    3.72071 0.5 5
    3.82012 0.5 1
  3.86641 8 + 2
    3.8077 0.5 2
    3.86641 0.5 0
  3.87441 6 - 2
    3.56259 0.5 7
    3.8157 0.5 2
  3.8772 2 + 2
    3.7369 0.5 5
    3.83631 0.5 1
  3.88411 4 - 2
    3.74381 0.5 5
    3.84322 0.5 1
  3.8881 8 + 2
    3.82939 0.5 2
    3.8881 0.5 0
  3.89731 6 - 2
    3.58549 0.5 7
    3.8386 0.5 2
  3.90281 10 + 2
    3.82414 0.5 3
    3.86192 0.5 1
  3.90812 2 - 2
    3.45792 0.5 10
    3.51189 0.5 9
  3.9123 4 + 2
    3.60048 0.5 7
    3.85359 0.5 2
  3.9158 0 - 2
    3.61424 0.5 6
    3.7755 0.5 5
  3.9201 6 + 2
    3.8067 0.5 4
    3.87921 0.5 1
  3.9233 4 - 2
    3.783 0.5 5
    3.88241 0.5 1
  3.9266 8 + 2
    3.86789 0.5 2
    3.9266 0.5 0
  3.933 2 - 2
    3.4828 0.5 10
    3.53677 0.5 9
  3.93662 12 + 2
    3.87791 0.5 2
    3.93662 0.5 0
  3.9422 6 - 2
    3.63038 0.5 7
    3.88349 0.5 2
  3.9477 4 + 2
    3.63588 0.5 7
    3.88899 0.5 2
  3.9531 10 - 2
    3.89439 0.5 2
    3.9531 0.5 0
  3.96162 2 + 2
    3.82132 0.5 5
    3.92073 0.5 1
  3.96772 8 - 2
    3.85432 0.5 4
    3.92683 0.5 1
  3.9721 6 + 2
    3.8587 0.5 4
    3.93121 0.5 1
  3.9757 4 - 2
    3.8354 0.5 5
    3.93481 0.5 1
  3.9832 14 + 2
    3.8698 0.5 4
    3.90453 0.5 3
  3.98702 0 - 2
    3.68546 0.5 6
    3.84672 0.5 5
  3.9921 2 + 2
    3.8518 0.5 5
    3.95121 0.5 1
  4.001 6 - 2
    3.68918 0.5 7
    3.94229 0.5 2
  4.2903 4 + 1
    1.4724 1 200
  4.5499 30 - 1
    1.0749 1 297
  5.3314 34 + 1
    0.7815 1 381
  5.8142 36 - 1
    0.4828 1 382
  6.496 8 + 1
    0.6818 1 383

41 95 119
  0 9 + 0
  0.23569 1 - 1
    0.23569 1 0
  0.724195 7 + 1
    0.724195 1 0
  0.73 5 + 1
    0.73 1 0
  0.756728 7 + 1
    0.756728 1 0
  0.799 3 - 1
    0.069 1 3
  0.805 11 - 1
    0.805 1 0
  0.8247 13 + 1
    0.8247 1 0
  0.877 5 + 2
    0.147 0.5 3
    0.877 0.5 0
  1.01 5 - 2
    0.285805 0.5 2
    0.77431 0.5 1
  1.088 9 + 2
    0.358 0.5 3
    1.088 0.5 0
  1.149 3 - 2
    0.35 0.5 5
    0.419 0.5 3
  1.216 1 - 2
    0.206 0.5 9
    0.98031 0.5 1
  1.219 3 - 2
    0.42 0.5 5
    0.489 0.5 3
  1.268 9 + 2
    0.538 0.5 3
    1.268 0.5 0
  1.274 5 - 2
    0.549805 0.5 2
    1.03831 0.5 1
  1.337 9 + 2
    0.607 0.5 3
    1.337 0.5 0
  1.364 7 - 2
    0.634 0.5 3
    1.364 0.5 0
  1.394 3 - 2
    0.595 0.5 5
    0.664 0.5 3
  1.43 3 + 2
    0.705805 0.5 2
    1.19431 0.5 1
  1.464 7 - 2
    0.734 0.5 3
    1.464 0.5 0
  1.518 1 + 2
    0.719 0.5 5
    0.788 0.5 3
  1.565 9 + 2
    0.835 0.5 3
    1.565 0.5 0
  1.59 3 + 2
    0.865805 0.5 2
    1.35431 0.5 1
  1.618 5 + 2
    0.888 0.5 3
    1.618 0.5 0
  1.645 3 - 2
    0.846 0.5 5
    0.915 0.5 3
  1.6494 17 + 1
    0.8247 1 7
  1.66 9 + 2
    0.93 0.5 3
    1.66 0.5 0
  1.704 7 + 2
    0.947272 0.5 4
    0.979805 0.5 2
  1.73 5 - 2
    1.00581 0.5 2
    1.49431 0.5 1
  1.767 11 - 2
    0.962 0.5 6
    1.767 0.5 0
  1.813 5 + 2
    1.083 0.5 3
    1.813 0.5 0
  1.847 1 - 2
    0.837 0.5 9
    1.61131 0.5 1
  1.903 9 + 2
    1.173 0.5 3
    1.903 0.5 0
  1.958 9 + 2
    1.228 0.5 3
    1.958 0.5 0
  1.972 7 - 2
    1.242 0.5 3
    1.972 0.5 0
  2.018 9 + 2
    1.288 0.5 3
    2.018 0.5 0
  2.049 5 - 2
    1.32481 0.5 2
    1.81331 0.5 1
  2.1 7 - 2
    1.37 0.5 3
    2.1 0.5 0
  2.121 3 - 2
    1.322 0.5 5
    1.391 0.5 3
  2.159 1 - 2
    1.149 0.5 9
    1.92331 0.5 1
  2.194 5 - 2
    1.46981 0.5 2
    1.95831 0.5 1
  2.247 11 - 2
    1.442 0.5 6
    2.247 0.5 0
  2.275 3 + 2
    1.5508 0.5 2
    2.03931 0.5 1
  2.303 5 - 2
    1.57881 0.5 2
    2.06731 0.5 1
  2.328 7 + 2
    1.57127 0.5 4
    1.6038 0.5 2
  2.3462 21 + 1
    0.6968 1 26
  2.364 1 + 2
    1.565 0.5 5
    1.634 0.5 3
  2.383 1 - 2
    1.373 0.5 9
    2.14731 0.5 1
  2.39 3 - 2
    1.591 0.5 5
    1.66 0.5 3
  2.414 3 + 2
    1.68981 0.5 2
    2.17831 0.5 1
  2.43 7 - 2
    1.7 0.5 3
    2.43 0.5 0
  2.481 5 - 2
    1.7568 0.5 2
    2.24531 0.5 1
  2.486 1 - 2
    1.476 0.5 9
    2.25031 0.5 1
  2.522 21 + 1
    0.8726 1 26
  2.54 5 + 2
    1.81 0.5 3
    2.54 0.5 0
  2.599 5 - 2
    1.87481 0.5 2
    2.36331 0.5 1
  2.632 3 + 2
    1.90781 0.5 2
    2.39631 0.5 1
  2.637 9 + 2
    1.907 0.5 3
    2.637 0.5 0
  2.67 5 - 2
    1.94581 0.5 2
    2.43431 0.5 1
  2.706 7 - 2
    1.976 0.5 3
    2.706 0.5 0
  2.724 5 - 2
    1.99981 0.5 2
    2.48831 0.5 1
  2.766 9 + 2
    2.036 0.5 3
    2.766 0.5 0
  2.787 11 + 2
    2.03027 0.5 4
    2.0628 0.5 2
  2.816 7 - 2
    2.086 0.5 3
    2.816 0.5 0
  2.891 3 + 2
    2.16681 0.5 2
    2.65531 0.5 1
  2.947 9 + 2
    2.217 0.5 3
    2.947 0.5 0
  2.977 13 - 1
    0.19 1 63
  2.993 7 - 2
    2.263 0.5 3
    2.993 0.5 0
  3.039 3 + 2
    2.31481 0.5 2
    2.80331 0.5 1
  3.045 15 - 2
    2.2203 0.5 7
    2.24 0.5 6
  3.11 9 + 2
    2.38 0.5 3
    3.11 0.5 0
  3.149 9 + 2
    2.419 0.5 3
    3.149 0.5 0
  3.196 9 + 2
    2.466 0.5 3
    3.196 0.5 0
  3.1983 25 + 2
    0.6763 0.1454 54
    0.8521 0.8546 46
  3.233 7 - 2
    2.503 0.5 3
    3.233 0.5 0
  3.307 9 + 2
    2.577 0.5 3
    3.307 0.5 0
  3.358 9 + 2
    2.628 0.5 3
    3.358 0.5 0
  3.408 5 - 2
    2.6838 0.5 2
    3.17231 0.5 1
  3.481 3 - 2
    2.682 0.5 5
    2.751 0.5 3
  3.545 1 - 2
    2.535 0.5 9
    3.30931 0.5 1
  3.585 5 - 2
    2.86081 0.5 2
    3.34931 0.5 1
  3.625 7 - 2
    2.895 0.5 3
    3.625 0.5 0
  3.669 3 + 2
    2.94481 0.5 2
    3.43331 0.5 1
  3.9 11 - 2
    3.095 0.5 6
    3.9 0.5 0
  4.05 1 + 2
    3.251 0.5 5
    3.32 0.5 3
  4.0709 29 + 1
    0.8726 1 74
  4.16 5 - 2
    3.43581 0.5 2
    3.92431 0.5 1
  4.36 3 - 2
    3.561 0.5 5
    3.63 0.5 3
  4.52 7 + 2
    3.76327 0.5 4
    3.7958 0.5 2
  4.61 5 - 2
    3.88581 0.5 2
    4.37431 0.5 1
  4.83 3 + 2
    4.10581 0.5 2
    4.59431 0.5 1
  5.14 33 + 1
    1.0691 1 86
  5.2 7 - 2
    4.47 0.5 3
    5.2 0.5 0
  5.36 1 - 2
    4.35 0.5 9
    5.12431 0.5 1
  5.6434 5 + 1
    0.5034 1 92
  5.77 11 - 2
    4.965 0.5 6
    5.77 0.5 0
  6.4877 3 + 1
    0.8443 1 95
  7.4933 7 - 1
    1.0056 1 97
  8.6952 5 + 1
    1.2019 1 98
  11.99 5 + 2
    11.26 0.5 3
    11.99 0.5 0
  12.852 1 + 2
    12.053 0.5 5
    12.122 0.5 3
  13.274 5 + 2
    12.544 0.5 3
    13.274 0.5 0
  13.601 3 + 2
    12.8768 0.5 2
    13.3653 0.5 1
  13.69 7 - 2
    12.96 0.5 3
    13.69 0.5 0
  13.721 5 + 2
    12.991 0.5 3
    13.721 0.5 0
  13.922 5 + 2
    13.192 0.5 3
    13.922 0.5 0
  14.07 3 - 2
    13.271 0.5 5
    13.34 0.5 3
  14.262 13 - 2
    11.285 0.5 67
    11.475 0.5 63
  14.301 3 + 2
    13.5768 0.5 2
    14.0653 0.5 1
  14.365 3 + 2
    13.6408 0.5 2
    14.1293 0.5 1
  14.456 7 - 2
    13.726 0.5 3
    14.456 0.5 0
  14.63 3 + 2
    13.9058 0.5 2
    14.3943 0.5 1
  14.71 7 + 2
    13.9533 0.5 4
    13.9858 0.5 2
  14.732 7 + 2
    13.9753 0.5 4
    14.0078 0.5 2
  14.832 7 + 2
    14.0753 0.5 4
    14.1078 0.5 2
  14.978 3 + 2
    14.2538 0.5 2
    14.7423 0.5 1
  15.006 3 + 2
    14.2818 0.5 2
    14.7703 0.5 1
  15.057 7 - 2
    14.327 0.5 3
    15.057 0.5 0

41 96 37
  0 12 + 0
  0.04419 10 + 1
    0.04419 1 0
  0.1461 8 + 1
    0.10191 1 1
  0.18458 6 + 1
    0.03848 1 2
  0.233 14 + 1
    0.18881 1 1
  0.51184 4 - 1
    0.32726 1 3
  0.63496 4 + 1
    0.45038 1 3
  0.69462 6 - 2
    0.18278 0.839 5
    0.51004 0.161 3
  0.8679 6 - 1
    0.35606 1 5
  1.00267 4 - 2
    0.30805 0.8775 7
    0.81809 0.1225 3
  1.0454 6 - 1
    0.8993 1 2
  1.116 2 - 2
    0.42138 0.5 7
    0.48104 0.5 6
  1.1407 4 + 1
    0.62886 1 5
  1.1561 2 - 1
    0.64426 1 5
  1.2424 6 + 1
    1.05782 1 3
  1.2582 6 - 1
    0.74636 1 5
  1.27018 4 - 2
    0.26751 0.15 9
    0.57556 0.85 7
  1.3256 8 - 1
    1.1795 1 2
  1.3463 6 + 1
    0.65168 1 7
  1.3685 6 + 2
    0.67388 0.4348 7
    0.73354 0.5652 6
  1.427 2 + 2
    0.91516 0.5 5
    1.24242 0.5 3
  1.4985 0 + 1
    0.98666 1 5
  1.5199 6 + 1
    1.00806 1 5
  1.537 8 - 2
    1.35242 0.5 3
    1.49281 0.5 1
  1.6147 10 - 1
    1.43012 1 3
  1.652 2 - 2
    0.95738 0.5 7
    1.01704 0.5 6
  1.72 8 + 2
    1.5739 0.5 2
    1.72 0.5 0
  1.81 4 - 2
    1.29816 0.5 5
    1.62542 0.5 3
  1.872 0 + 2
    0.756 0.5 11
    1.23704 0.5 6
  1.937 2 - 2
    1.24238 0.5 7
    1.30204 0.5 6
  1.973 10 + 2
    1.78842 0.5 3
    1.92881 0.5 1
  2.1 4 - 2
    1.58816 0.5 5
    1.91542 0.5 3
  2.24 8 + 2
    2.0939 0.5 2
    2.24 0.5 0
  2.38 12 - 2
    2.147 0.5 4
    2.33581 0.5 1
  2.47 2 + 2
    1.95816 0.5 5
    2.28542 0.5 3
  2.73 4 - 2
    2.21816 0.5 5
    2.54542 0.5 3
  2.96 8 + 2
    2.8139 0.5 2
    2.96 0.5 0

41 97 63
  0 9 + 0
  0.74335 1 - 1
    0.74335 1 0
  1.14796 7 + 1
    1.14796 1 0
  1.16 9 + 1
    1.16 1 0
  1.25101 3 - 1
    0.50766 1 1
  1.27609 5 + 1
    1.27609 1 0
  1.43392 5 - 2
    0.18291 0.1505 4
    0.69057 0.8495 1
  1.54836 3 + 3
    0.27227 0.4298 5
    0.29735 0.1209 4
    0.4004 0.4493 2
  1.554 1 - 2
    0.12008 0.5 6
    0.81065 0.5 1
  1.65282 1 - 1
    0.2189 1 6
  1.75043 5 + 4
    0.20207 0.01162 7
    0.47434 0.029019 5
    0.60247 0.536379 2
    1.75043 0.422983 0
  1.76442 3 - 4
    0.1116 0.042461 9
    0.3305 0.080912 6
    0.51341 0.307909 4
    1.02107 0.568717 1
  1.85171 5 + 3
    0.30335 0.02279 7
    0.70375 0.751908 2
    1.85171 0.225302 0
  1.945 7 + 2
    0.51108 0.5 6
    0.79704 0.5 2
  1.9584 3 + 1
    0.70739 1 4
  2.047 3 - 2
    0.77091 0.5 5
    0.79599 0.5 4
  2.092 5 + 2
    0.932 0.5 3
    2.092 0.5 0
  2.10591 3 + 6
    0.2542 0.239502 12
    0.35548 0.427503 10
    0.55755 0.005512 7
    0.82982 0.04826 5
    0.8549 0.071921 4
    1.36256 0.207302 1
  2.113 5 - 2
    0.96504 0.5 2
    1.36965 0.5 1
  2.24746 3 - 2
    0.6991 0.2648 7
    0.97137 0.7352 5
  2.357 1 + 2
    1.08091 0.5 5
    1.10599 0.5 4
  2.388 3 - 2
    1.11191 0.5 5
    1.13699 0.5 4
  2.525 7 - 2
    1.365 0.5 3
    2.525 0.5 0
  2.541 5 - 2
    1.39304 0.5 2
    1.79765 0.5 1
  2.55 11 - 2
    1.39 0.5 3
    2.55 0.5 0
  2.654 7 + 2
    1.22008 0.5 6
    1.50604 0.5 2
  2.676 9 - 2
    1.24208 0.5 6
    1.52804 0.5 2
  2.702 13 + 2
    1.542 0.5 3
    2.702 0.5 0
  2.727 7 - 2
    1.567 0.5 3
    2.727 0.5 0
  2.748 11 + 2
    0.803 0.5 13
    1.60004 0.5 2
  2.792 1 + 2
    1.51591 0.5 5
    1.54099 0.5 4
  2.948 9 - 2
    1.51408 0.5 6
    1.80004 0.5 2
  2.981 1 + 2
    1.70491 0.5 5
    1.72999 0.5 4
  3.067 7 - 2
    1.907 0.5 3
    3.067 0.5 0
  3.212 15 - 2
    0.51 0.5 27
    0.662 0.5 24
  3.326 5 + 2
    2.166 0.5 3
    3.326 0.5 0
  3.362 11 - 2
    2.202 0.5 3
    3.362 0.5 0
  3.418 7 + 2
    1.98408 0.5 6
    2.27004 0.5 2
  3.486 9 - 2
    2.05208 0.5 6
    2.33804 0.5 2
  3.518 5 + 2
    2.358 0.5 3
    3.518 0.5 0
  3.537 13 - 2
    0.789 0.5 29
    0.861 0.5 26
  3.586 7 + 2
    2.15208 0.5 6
    2.43804 0.5 2
  3.643 3 - 2
    2.36691 0.5 5
    2.39199 0.5 4
  3.759 9 + 2
    2.599 0.5 3
    3.759 0.5 0
  3.799 5 - 2
    2.65104 0.5 2
    3.05565 0.5 1
  3.862 17 + 2
    0.65 0.5 34
    1.16 0.5 27
  3.945 7 - 2
    2.785 0.5 3
    3.945 0.5 0
  4.038 3 + 2
    2.89004 0.5 2
    3.29465 0.5 1
  4.08 11 - 2
    2.92 0.5 3
    4.08 0.5 0
  4.2 5 + 2
    3.04 0.5 3
    4.2 0.5 0
  4.35 1 - 2
    2.91608 0.5 6
    3.60665 0.5 1
  4.53 3 + 2
    3.38204 0.5 2
    3.78665 0.5 1
  4.66 9 - 2
    3.22608 0.5 6
    3.51204 0.5 2
  4.78 7 + 2
    3.34608 0.5 6
    3.63204 0.5 2
  4.88 5 - 2
    3.73204 0.5 2
    4.13665 0.5 1
  4.96 3 + 2
    3.81204 0.5 2
    4.21665 0.5 1
  5.22 5 - 2
    4.07204 0.5 2
    4.47665 0.5 1
  5.33 7 + 2
    3.89608 0.5 6
    4.18204 0.5 2
  5.46 1 - 2
    4.02608 0.5 6
    4.71665 0.5 1
  5.63 9 + 2
    4.47 0.5 3
    5.63 0.5 0
  14.43 3 + 2
    13.282 0.5 2
    13.6867 0.5 1
  14.65 7 + 2
    13.2161 0.5 6
    13.502 0.5 2
  15.64 11 - 2
    14.48 0.5 3
    15.64 0.5 0

41 98 17
  0 2 + 0
  0.084 10 + 1
    0.084 1 0
  0.226 8 + 1
    0.226 1 0
  0.534 4 + 1
    0.308 1 2
  0.617 6 + 2
    0.533 0.5 1
    0.617 0.5 0
  0.68 0 + 1
    0.146 1 3
  0.737 6 + 2
    0.653 0.5 1
    0.737 0.5 0
  0.807 4 + 2
    0.273 0.5 3
    0.581 0.5 2
  0.907 12 + 1
    0.681 1 2
  1.034 2 - 2
    0.354 0.5 5
    0.5 0.5 3
  1.382 8 - 2
    0.765 0.5 4
    1.298 0.5 1
  1.483 14 - 1
    0.576 1 8
  1.598 4 - 2
    0.981 0.5 4
    1.598 0.5 0
  1.723 6 - 2
    1.189 0.5 3
    1.497 0.5 2
  1.771 10 - 2
    0.864 0.5 8
    1.545 0.5 2
  1.869 2 - 2
    1.189 0.5 5
    1.335 0.5 3
  2.023 8 - 2
    1.406 0.5 4
    1.939 0.5 1

41 99 24
  0 9 + 0
  0.36527 1 - 1
    0.36527 1 0
  0.38738 7 + 1
    0.38738 1 0
  0.469139 5 + 2
    0.081759 0.1161 2
    0.469139 0.8839 0
  0.54423 3 - 2
    0.075091 0.002352 3
    0.17896 0.997648 1
  0.6307 5 - 1
    0.08647 1 4
  0.76505 3 + 1
    0.22082 1 4
  0.81673 5 + 3
    0.347591 0.138 3
    0.42935 0.6538 2
    0.81673 0.2082 0
  0.93091 3 + 5
    0.11418 0.01694 7
    0.16586 0.000484 6
    0.38668 0.005045 4
    0.461771 0.919701 3
    0.54353 0.05783 2
  0.95931 1 + 4
    0.0284 0.059169 8
    0.41508 0.135899 4
    0.490171 0.01584 3
    0.59404 0.789092 1
  0.97 3 - 2
    0.42577 0.5 4
    0.500861 0.5 3
  1.01527 3 + 9
    0.05596 0.080359 9
    0.08436 0.002058 8
    0.19854 0.00059 7
    0.25022 0.000393 6
    0.38457 0.000571 5
    0.47104 0.001175 4
    0.546131 0.840186 3
    0.62789 0.035269 2
    0.65 0.039399 1
  1.04433 7 - 3
    0.11342 0.083787 8
    0.5001 0.033649 4
    0.575191 0.882565 3
  1.264 3 - 2
    0.71977 0.5 4
    0.794861 0.5 3
  1.305 11 - 2
    0.26067 0.5 12
    1.305 0.5 0
  1.408 9 - 2
    0.7773 0.5 5
    1.02062 0.5 2
  1.543 7 - 2
    1.07386 0.5 3
    1.543 0.5 0
  1.579 13 + 2
    0.274 0.5 14
    1.579 0.5 0
  1.703 5 - 2
    1.31562 0.5 2
    1.33773 0.5 1
  1.759 3 - 2
    1.21477 0.5 4
    1.28986 0.5 3
  1.831 7 + 2
    1.2003 0.5 5
    1.44362 0.5 2
  1.921 9 + 2
    1.45186 0.5 3
    1.921 0.5 0
  1.9745 1 - 2
    0.95923 0.7692 11
    1.04359 0.2308 8
  2.3363 5 + 1
    1.32103 1 11

41 100 8
  0 2 + 0
  0.314 10 + 1
    0.314 1 0
  0.40049 2 + 1
    0.40049 1 0
  0.47138 2 + 1
    0.47138 1 0
  0.4981 4 + 1
    0.4981 1 0
  0.50426 2 + 3
    0.03288 0.051292 3
    0.10377 0.032971 2
    0.50426 0.915737 0
  0.6539 6 + 1
    0.25341 1 2
  0.7036 8 + 2
    0.30311 0.218778 2
    0.7036 0.781222 0

41 101 61
  0 5 + 0
  0.11941 7 + 1
    0.11941 1 0
  0.20528 3 - 1
    0.20528 1 0
  0.20836 5 - 1
    0.20836 1 0
  0.25524 9 + 2
    0.13583 0.8687 1
    0.25524 0.1313 0
  0.34608 5 - 4
    0.13772 0.04962 3
    0.1408 0.828792 2
    0.22667 0.02294 1
    0.34608 0.098649 0
  0.37399 7 - 3
    0.16563 0.368 3
    0.25458 0.2114 1
    0.37399 0.4206 0
  0.5321 7 - 2
    0.18602 0.8284 5
    0.32682 0.1716 2
  0.5525 11 + 2
    0.29726 0.8857 4
    0.43309 0.1143 1
  0.5728 9 - 2
    0.19881 0.5 6
    0.36444 0.5 3
  0.5934 5 + 3
    0.33816 0.2698 4
    0.47399 0.3654 1
    0.5934 0.3648 0
  0.5979 1 + 1
    0.5979 1 0
  0.6732 9 + 3
    0.41796 0.065216 4
    0.55379 0.812973 1
    0.6732 0.121811 0
  0.7026 7 + 2
    0.49424 0.114 3
    0.49732 0.886 2
  0.7222 9 + 2
    0.1243 0.8532 11
    0.7222 0.1468 0
  0.7293 13 + 2
    0.1972 0.6915 7
    0.47406 0.3085 4
  0.7471 9 - 2
    0.1946 0.5 8
    0.40102 0.5 5
  0.7778 7 - 2
    0.56944 0.248 3
    0.57252 0.752 2
  0.7831 9 + 3
    0.1099 0.046438 12
    0.1852 0.297788 11
    0.7831 0.655774 0
  0.8094 11 - 2
    0.2366 0.5 9
    0.43541 0.5 6
  0.87896 5 - 2
    0.75955 0.5715 1
    0.87896 0.4285 0
  0.89945 7 - 2
    0.55337 0.4538 5
    0.69417 0.5462 2
  0.91204 5 - 2
    0.70676 0.04949 2
    0.91204 0.95051 0
  0.9216 7 + 1
    0.80219 1 1
  0.95277 5 - 2
    0.74441 0.2481 3
    0.74749 0.7519 2
  1.0065 11 - 2
    0.2594 0.5 16
    0.454 0.5 8
  1.06135 3 + 2
    0.80611 0.7519 4
    0.94194 0.2481 1
  1.0732 13 - 2
    0.2638 0.5 19
    0.5004 0.5 9
  1.0933 15 + 2
    0.364 0.8777 15
    0.5408 0.1223 8
  1.10944 3 + 1
    0.90416 1 2
  1.11943 3 + 5
    0.58733 0.079145 7
    0.77335 0.201412 5
    0.91107 0.118707 3
    0.91415 0.241014 2
    1.11943 0.359722 0
  1.12621 1 - 1
    0.92093 1 2
  1.18028 3 + 4
    0.58688 0.406508 10
    0.97192 0.060981 3
    1.06087 0.219504 1
    1.18028 0.313006 0
  1.28098 13 - 2
    0.27448 0.3855 25
    0.53388 0.6145 16
  1.2942 1 + 1
    1.08584 1 3
  1.3401 17 + 2
    0.2468 0.5 28
    0.6108 0.5 15
  1.3737 15 - 2
    0.3005 0.5 27
    0.5643 0.5 19
  1.59937 15 - 2
    0.31839 0.3472 33
    0.59287 0.6528 25
  1.6201 3 + 1
    1.36486 1 4
  1.6933 17 - 2
    0.3196 0.5 36
    0.6201 0.5 27
  1.7731 19 + 2
    0.433 0.5 35
    0.6798 0.5 28
  1.8443 3 - 1
    1.63594 1 3
  1.87812 1 + 6
    0.75191 0.131414 31
    0.96608 0.208323 22
    1.09502 0.150617 18
    1.15592 0.320535 14
    1.28022 0.131414 11
    1.67284 0.057696 2
  1.92483 17 - 2
    0.32546 0.3439 37
    0.64385 0.6561 33
  1.92748 5 + 4
    0.81804 0.068972 29
    1.14438 0.271608 18
    1.32958 0.228407 11
    1.92748 0.431013 0
  1.92953 3 - 1
    1.81012 1 1
  1.95787 5 + 4
    0.89652 0.067481 26
    1.03627 0.03681 23
    1.83846 0.282203 1
    1.95787 0.613506 0
  2.00966 1 - 4
    1.33646 0.097015 12
    1.8013 0.173291 3
    1.89025 0.036728 1
    2.00966 0.692965 0
  2.0308 7 + 3
    1.13135 0.239524 21
    1.2477 0.380238 18
    1.82552 0.380238 2
  2.04618 19 - 1
    0.67248 1 36
  2.0731 21 + 1
    0.733 1 35
  2.0961 3 - 1
    1.75002 1 5
  2.1187 5 + 2
    1.91034 0.5 3
    1.99929 0.5 1
  2.2889 19 - 2
    0.36407 0.5 43
    0.68953 0.5 37
  2.4153 21 - 1
    0.722 1 39
  2.54732 23 + 2
    0.47422 0.5007 50
    0.77422 0.4993 40
  2.62413 21 - 2
    0.33523 0.5 53
    0.6993 0.5 43
  2.81018 23 - 1
    0.764 1 49
  2.90647 25 + 1
    0.83337 1 50
  3.20688 25 - 1
    0.79158 1 54
  3.39663 27 + 1
    0.84931 1 55

41 102 2
  0 8 + 0
  0.1 2 + 1
    0.1 1 0

41 103 48
  0 5 + 0
  0.12642 7 + 1
    0.12642 1 0
  0.16397 5 - 1
    0.16397 1 0
  0.24772 3 - 1
    0.24772 1 0
  0.28542 9 + 1
    0.159 1 1
  0.31451 7 - 3
    0.15054 0.7814 2
    0.18809 0.0844 1
    0.31451 0.1342 0
  0.3678 5 - 3
    0.12008 0.800908 3
    0.20383 0.170802 2
    0.24138 0.02829 1
  0.50239 9 - 2
    0.18788 0.2647 5
    0.33842 0.7353 2
  0.5037 11 + 2
    0.21828 0.918682 4
    0.37728 0.081318 1
  0.53363 7 - 3
    0.16583 0.80334 6
    0.21912 0.095455 5
    0.28591 0.101205 3
  0.58003 5 + 1
    0.0464 1 9
  0.61999 5 + 2
    0.33457 0.1163 4
    0.49357 0.8837 1
  0.7208 13 + 2
    0.2171 0.8501 8
    0.43538 0.1499 4
  0.7298 11 - 2
    0.22741 0.1168 7
    0.41529 0.8832 5
  0.7331 9 - 3
    0.19947 0.2914 9
    0.3653 0.5181 6
    0.41859 0.1905 5
  0.76314 7 + 3
    0.14315 0.1989 11
    0.47772 0.1447 4
    0.63672 0.6564 1
  0.76782 7 + 4
    0.23419 0.1344 9
    0.40002 0.494 6
    0.45331 0.2024 5
    0.5201 0.1692 3
  0.85608 3 - 3
    0.23609 0.2548 11
    0.57066 0.3861 4
    0.72966 0.3591 1
  0.90797 1 + 2
    0.62255 0.7143 4
    0.78155 0.2857 1
  0.97716 3 - 2
    0.60936 0.5882 6
    0.72944 0.4118 3
  0.9809 11 - 2
    0.2478 0.5 14
    0.44727 0.5 9
  0.988 13 - 1
    0.48561 1 7
  1.0225 15 + 2
    0.3017 0.7888 12
    0.5188 0.2112 8
  1.08127 1 + 3
    0.76676 0.2889 5
    0.9173 0.2667 2
    0.95485 0.4444 1
  1.2079 13 - 1
    0.4748 1 14
  1.2163 3 + 2
    0.71391 0.5714 7
    0.8485 0.4286 6
  1.2855 17 + 2
    0.263 0.6021 22
    0.5647 0.3979 12
  1.2875 15 - 1
    0.5577 1 13
  1.47243 3 + 4
    1.18701 0.037041 4
    1.30846 0.037041 2
    1.34601 0.308606 1
    1.47243 0.617312 0
  1.52642 1 - 1
    1.21191 1 5
  1.6063 17 - 2
    0.3188 0.5 27
    0.6183 0.5 21
  1.64301 5 + 2
    1.14062 0.3151 7
    1.51659 0.6849 1
  1.6598 19 + 2
    0.3743 0.5 26
    0.6373 0.5 22
  1.67154 3 - 1
    1.42382 1 3
  1.7012 9 + 1
    1.19881 1 7
  1.75958 5 - 1
    0.9035 1 17
  1.9609 21 + 2
    0.3011 0.5 32
    0.6754 0.5 26
  1.969 19 - 2
    0.3627 0.5 30
    0.6815 0.5 27
  2.3361 21 - 2
    0.3671 0.5 37
    0.7298 0.5 30
  2.37423 7 + 3
    1.8406 0.081763 9
    2.08881 0.289312 4
    2.21026 0.628925 2
  2.38781 3 + 3
    0.91538 0.39526 28
    1.85418 0.335966 9
    2.0733 0.268773 5
  2.3895 23 + 2
    0.4286 0.5 36
    0.7297 0.5 32
  2.7219 25 + 2
    0.3324 0.5 41
    0.761 0.5 36
  2.7503 23 - 1
    0.7813 1 37
  3.1537 25 - 1
    0.8176 1 38
  3.1941 27 + 2
    0.4722 0.5 42
    0.80629 0.5 40
  3.5393 29 + 1
    0.3452 1 45
  3.6071 27 - 1
    0.8568 1 43

41 104 10
  0 2 + 0
  0.0087 0 + 1
    0.0087 1 0
  0.0375 4 + 1
    0.0375 1 0
  0.1096 6 + 1
    0.1009 1 1
  0.215 8 + 1
    0.1775 1 2
  0.2506 2 + 4
    0.141 0.1986 3
    0.2131 0.4413 2
    0.2419 0.2251 1
    0.2506 0.135 0
  0.3118 2 + 2
    0.0612 0.8273 5
    0.2743 0.1727 2
  0.3201 10 + 1
    0.2105 1 3
  0.37 4 + 1
    0.0499 1 7
  0.5143 2 + 2
    0.2025 0.3041 6
    0.2637 0.6959 5

41 105 6
  0 5 + 0
  0.1279 7 + 1
    0.1279 1 0
  0.2902 9 + 2
    0.1623 0.945147 1
    0.2902 0.054853 0
  0.511 11 + 2
    0.2208 0.8356 2
    0.3831 0.1644 1
  0.7346 13 + 2
    0.2236 0.7033 3
    0.4444 0.2967 2
  1.0456 15 + 2
    0.311 0.6683 4
    0.5346 0.3317 3

41 106 1
  0 2 + 0

41 107 1
  0 7 + 0

41 108 1
  0 4 + 0

41 109 1
  0 5 + 0

41 110 1
  0 2 - 0

41 111 1
  0 5 + 0

41 112 1
  0 4 + 0

41 113 1
  0 7 + 0

41 114 1
  0 4 + 0

41 115 1
  0 7 + 0

