10 16 2
  0 0 + 0
  1.69 4 + 1
    1.69 1 0

10 17 1
  0 1 - 0

10 18 22
  0 0 + 0
  1.8873 4 + 1
    1.8873 1 0
  3.3762 8 + 1
    1.4889 1 1
  3.5763 0 + 1
    1.689 1 1
  3.6164 4 + 2
    1.7291 0.91 1
    3.6164 0.09 0
  4.519 2 - 2
    2.6317 0.5 1
    4.519 0.5 0
  4.561 6 + 1
    4.561 1 0
  4.59 0 + 2
    2.7027 0.5 1
    4.59 0.5 0
  5.09 6 - 2
    1.7138 0.5 2
    3.2027 0.5 1
  5.146 4 + 2
    3.2587 0.5 1
    5.146 0.5 0
  5.453 2 - 2
    3.5657 0.5 1
    5.453 0.5 0
  6.15 2 - 2
    4.2627 0.5 1
    6.15 0.5 0
  6.297 8 + 2
    2.9208 0.5 2
    4.4097 0.5 1
  6.353 2 - 2
    4.4657 0.5 1
    6.353 0.5 0
  7.059 4 - 1
    2.498 1 6
  7.35 2 - 2
    5.4627 0.5 1
    7.35 0.5 0
  7.713 4 - 2
    0.654 0.5 14
    3.152 0.5 6
  7.91 6 - 2
    4.5338 0.5 2
    6.0227 0.5 1
  7.95 2 + 2
    0.891 0.5 14
    3.389 0.5 6
  8.086 4 - 2
    1.027 0.5 14
    3.525 0.5 6
  8.5 2 + 2
    1.441 0.5 14
    3.939 0.5 6
  9.201 10 - 2
    4.111 0.5 8
    5.8248 0.5 2

10 19 69
  0 1 + 0
  0.23827 5 + 1
    0.23827 1 0
  0.27509 1 - 1
    0.27509 1 0
  1.50756 5 - 2
    1.23247 0.88 2
    1.26929 0.12 1
  1.536 3 + 2
    1.26091 0.05 2
    1.29773 0.95 1
  1.6156 3 - 3
    1.34051 0.7 2
    1.37733 0.1 1
    1.6156 0.2 0
  2.7947 9 + 1
    2.55643 1 1
  4.0329 3 + 3
    2.4969 0.15 4
    3.75781 0.05 2
    4.0329 0.8 0
  4.14 9 - 1
    2.63244 1 3
  4.1971 7 - 2
    2.68954 0.8 3
    3.95883 0.2 1
  4.3791 7 + 2
    1.5844 0.15 6
    4.14083 0.85 1
  4.549 3 - 2
    4.27391 0.65 2
    4.549 0.35 0
  4.6 5 + 2
    3.064 0.1 4
    4.36173 0.9 1
  4.635 13 + 1
    1.8403 1 6
  4.712 5 - 2
    3.20444 0.5 3
    4.43691 0.5 2
  4.783 1 - 2
    3.27544 0.5 3
    4.50791 0.5 2
  5.092 5 + 2
    4.85373 0.5 1
    5.092 0.5 0
  5.351 1 + 2
    5.11273 0.5 1
    5.351 0.5 0
  5.424 7 + 2
    3.888 0.5 4
    3.91644 0.5 3
  5.463 3 - 2
    5.22473 0.5 1
    5.463 0.5 0
  5.539 3 - 2
    5.30073 0.5 1
    5.539 0.5 0
  5.832 1 - 2
    4.32444 0.5 3
    5.55691 0.5 2
  6.013 3 - 2
    5.77473 0.5 1
    6.013 0.5 0
  6.092 1 + 2
    5.85373 0.5 1
    6.092 0.5 0
  6.149 3 + 2
    4.64144 0.5 3
    5.87391 0.5 2
  6.288 5 - 2
    4.78044 0.5 3
    6.01291 0.5 2
  6.437 1 + 2
    6.19873 0.5 1
    6.437 0.5 0
  6.742 3 - 2
    6.50373 0.5 1
    6.742 0.5 0
  6.861 1 + 2
    6.62273 0.5 1
    6.861 0.5 0
  7.067 5 - 2
    5.55944 0.5 3
    6.79191 0.5 2
  7.21 3 + 2
    5.70244 0.5 3
    6.93491 0.5 2
  7.253 11 - 2
    3.0559 0.5 9
    4.4583 0.5 6
  7.326 3 + 2
    5.81844 0.5 3
    7.05091 0.5 2
  7.531 1 - 2
    6.02344 0.5 3
    7.25591 0.5 2
  7.616 3 + 2
    6.10844 0.5 3
    7.34091 0.5 2
  7.7 5 - 2
    6.19244 0.5 3
    7.42491 0.5 2
  7.788 7 + 2
    6.252 0.5 4
    6.28044 0.5 3
  7.994 1 - 2
    6.48644 0.5 3
    7.71891 0.5 2
  8.069 5 + 2
    7.83073 0.5 1
    8.069 0.5 0
  8.236 3 - 2
    7.99773 0.5 1
    8.236 0.5 0
  8.442 1 + 2
    8.20373 0.5 1
    8.442 0.5 0
  8.523 3 - 2
    8.28473 0.5 1
    8.523 0.5 0
  8.81 5 + 2
    8.57173 0.5 1
    8.81 0.5 0
  8.92 11 - 2
    4.7229 0.5 9
    6.1253 0.5 6
  9.013 1 + 2
    8.77473 0.5 1
    9.013 0.5 0
  9.1 3 - 2
    8.86173 0.5 1
    9.1 0.5 0
  9.24 7 + 2
    7.704 0.5 4
    7.73244 0.5 3
  9.489 5 - 2
    7.98144 0.5 3
    9.21391 0.5 2
  9.81 11 + 2
    5.4309 0.5 10
    5.67 0.5 8
  10.01 3 - 2
    9.77173 0.5 1
    10.01 0.5 0
  10.407 3 + 2
    8.89944 0.5 3
    10.1319 0.5 2
  10.46 1 + 2
    10.2217 0.5 1
    10.46 0.5 0
  10.613 5 - 2
    9.10544 0.5 3
    10.3379 0.5 2
  11.08 1 - 2
    9.57244 0.5 3
    10.8049 0.5 2
  11.24 3 + 2
    9.73244 0.5 3
    10.9649 0.5 2
  11.4 7 - 2
    9.7844 0.5 5
    11.1617 0.5 1
  11.51 1 + 2
    11.2717 0.5 1
    11.51 0.5 0
  12.23 5 + 2
    11.9917 0.5 1
    12.23 0.5 0
  12.4 7 + 2
    10.864 0.5 4
    10.8924 0.5 3
  12.56 3 - 2
    12.3217 0.5 1
    12.56 0.5 0
  12.69 1 + 2
    12.4517 0.5 1
    12.69 0.5 0
  13.1 3 - 2
    12.8617 0.5 1
    13.1 0.5 0
  13.22 5 - 2
    11.7124 0.5 3
    12.9449 0.5 2
  13.8 3 - 2
    13.5617 0.5 1
    13.8 0.5 0
  14.18 1 + 2
    13.9417 0.5 1
    14.18 0.5 0
  14.44 5 - 2
    12.9324 0.5 3
    14.1649 0.5 2
  14.78 3 + 2
    13.2724 0.5 3
    14.5049 0.5 2
  16.23 1 - 2
    14.7224 0.5 3
    15.9549 0.5 2
  18.4 3 + 2
    16.8924 0.5 3
    18.1249 0.5 2

10 20 233
  0 0 + 0
  1.63367 4 + 1
    1.63367 1 0
  4.2477 8 + 1
    2.61403 1 1
  4.96651 4 - 2
    3.33284 0.994 1
    4.96651 0.006 0
  5.6214 6 - 3
    0.65489 0.048 3
    3.98773 0.876 1
    5.6214 0.076 0
  5.7877 2 - 2
    4.15403 0.82 1
    5.7877 0.18 0
  6.706 2 - 2
    5.07233 0.5 1
    6.706 0.5 0
  6.725 0 + 1
    5.09133 1 1
  7.004 8 - 4
    1.3826 0.25 4
    2.03749 0.11 3
    2.7563 0.635 2
    5.37033 0.005 1
  7.1563 6 - 2
    1.3686 0.4 5
    2.9086 0.6 2
  7.191 0 + 1
    5.55733 1 1
  7.4219 4 + 3
    3.1742 0.070635 2
    5.78823 0.828991 1
    7.4219 0.100374 0
  7.8334 4 + 2
    6.19973 0.17 1
    7.8334 0.83 0
  8.453 10 - 1
    2.8316 1 4
  8.7 0 + 2
    7.06633 0.5 1
    8.7 0.5 0
  8.708 2 - 2
    7.07433 0.13 1
    8.708 0.87 0
  8.7776 12 + 1
    4.5299 1 2
  8.82 10 - 2
    3.1986 0.5 4
    4.5723 0.5 2
  8.854 2 - 2
    7.22033 0.5 1
    8.854 0.5 0
  9 4 + 2
    7.36633 0.5 1
    9 0.5 0
  9.031 8 + 1
    7.39733 1 1
  9.116 6 - 3
    3.4946 0.17 4
    4.14949 0.33 3
    7.48233 0.5 1
  9.196 4 + 2
    7.56233 0.5 1
    9.196 0.5 0
  9.318 4 - 1
    7.68433 1 1
  9.487 4 + 1
    7.85333 1 1
  9.873 6 + 5
    2.4511 0.028568 11
    4.2516 0.066666 4
    4.90649 0.047617 3
    5.6253 0.114293 2
    8.23933 0.742855 1
  9.935 2 + 2
    4.96849 0.22 3
    8.30133 0.78 1
  9.99 8 + 1
    8.35633 1 1
  10.262 10 - 2
    4.6406 0.5 4
    6.0143 0.5 2
  10.2732 4 + 6
    2.4398 0.002198 12
    2.8513 0.068948 11
    4.6518 0.02099 4
    5.30669 0.01299 3
    8.63953 0.88838 1
    10.2732 0.006495 0
  10.406 6 - 2
    6.1583 0.5 2
    8.77233 0.5 1
  10.553 8 + 2
    6.3053 0.5 2
    8.91933 0.5 1
  10.584 4 + 2
    8.95033 0.5 1
    10.584 0.5 0
  10.609 12 - 2
    2.156 0.045 13
    3.605 0.955 8
  10.694 8 - 2
    5.72749 0.75 3
    6.4463 0.25 2
  10.8 8 + 2
    6.5523 0.5 2
    9.16633 0.5 1
  10.84 6 - 2
    6.5923 0.5 2
    9.20633 0.5 1
  10.843 4 + 2
    9.20933 0.5 1
    10.843 0.5 0
  10.884 6 + 2
    6.6363 0.23 2
    9.25033 0.77 1
  10.917 6 + 2
    3.913 0.5 8
    5.95049 0.5 3
  10.94 4 + 2
    9.30633 0.5 1
    10.94 0.5 0
  10.97 0 + 2
    9.33633 0.5 1
    10.97 0.5 0
  11.02 8 + 2
    6.7723 0.5 2
    9.38633 0.5 1
  11.09 8 + 2
    6.8423 0.995 2
    9.45633 0.005 1
  11.116 4 + 2
    9.48233 0.5 1
    11.116 0.5 0
  11.24 2 - 2
    9.60633 0.5 1
    11.24 0.5 0
  11.2623 2 + 2
    9.62863 0.16 1
    11.2623 0.84 0
  11.27 2 - 5
    1.952 0.09 23
    2.416 0.27 18
    6.30349 0.065 3
    9.63633 0.025 1
    11.27 0.55 0
  11.32 4 + 2
    9.68633 0.5 1
    11.32 0.5 0
  11.528 2 - 2
    6.56149 0.7 3
    7.2803 0.3 2
  11.555 6 + 2
    4.551 0.5 8
    9.92133 0.5 1
  11.558 0 + 1
    9.92433 1 1
  11.601 4 - 2
    4.597 0.5 8
    6.63449 0.5 3
  11.653 6 + 2
    7.4053 0.86 2
    10.0193 0.14 1
  11.885 4 + 2
    10.2513 0.5 1
    11.885 0.5 0
  11.928 8 + 2
    7.6803 0.79 2
    10.2943 0.21 1
  11.951 16 + 1
    3.1734 1 16
  11.985 2 - 2
    10.3513 0.5 1
    11.985 0.5 0
  12.098 4 - 2
    5.094 0.5 8
    7.13149 0.5 3
  12.137 12 + 2
    3.684 0.5 13
    7.8893 0.5 2
  12.221 4 + 1
    10.5873 1 1
  12.253 8 + 2
    8.0053 0.5 2
    10.6193 0.5 1
  12.256 6 - 2
    6.6346 0.37 4
    10.6223 0.63 1
  12.327 4 + 2
    10.6933 0.5 1
    12.327 0.5 0
  12.401 6 - 3
    8.1533 0.7 2
    10.7673 0.29 1
    12.401 0.01 0
  12.436 0 + 1
    10.8023 1 1
  12.472 4 + 2
    10.8383 0.5 1
    12.472 0.5 0
  12.585 12 + 2
    4.132 0.5 13
    8.3373 0.5 2
  12.592 4 + 2
    10.9583 0.5 1
    12.592 0.5 0
  12.713 10 - 2
    7.0916 0.5 4
    8.4653 0.5 2
  12.743 4 + 2
    11.1093 0.5 1
    12.743 0.5 0
  12.836 2 - 2
    11.2023 0.5 1
    12.836 0.5 0
  12.957 4 + 2
    11.3233 0.5 1
    12.957 0.5 0
  13.048 8 + 2
    8.8003 0.5 2
    11.4143 0.5 1
  13.0607 4 - 2
    6.0567 0.5 8
    8.09419 0.5 3
  13.095 4 + 2
    11.4613 0.5 1
    13.095 0.5 0
  13.105 12 + 2
    4.652 0.5 13
    8.8573 0.5 2
  13.137 6 - 2
    8.8893 0.5 2
    11.5033 0.5 1
  13.1713 2 + 2
    3.8533 0.5 23
    8.20479 0.5 3
  13.222 0 + 2
    11.5883 0.5 1
    13.222 0.5 0
  13.224 2 - 2
    11.5903 0.5 1
    13.224 0.5 0
  13.226 6 - 2
    8.9783 0.5 2
    11.5923 0.5 1
  13.3075 2 + 2
    3.9895 0.5 23
    8.34099 0.5 3
  13.338 14 - 2
    4.5604 0.5 16
    4.885 0.5 13
  13.341 8 + 2
    9.0933 0.5 2
    11.7073 0.5 1
  13.414 6 - 2
    9.1663 0.5 2
    11.7803 0.5 1
  13.426 10 - 2
    7.8046 0.5 4
    9.1783 0.5 2
  13.461 2 - 2
    11.8273 0.5 1
    13.461 0.5 0
  13.484 2 + 2
    8.51749 0.05 3
    11.8503 0.95 1
  13.507 2 - 2
    11.8733 0.5 1
    13.507 0.5 0
  13.529 4 + 2
    11.8953 0.5 1
    13.529 0.5 0
  13.53 0 + 2
    11.8963 0.5 1
    13.53 0.5 0
  13.573 4 + 2
    11.9393 0.5 1
    13.573 0.5 0
  13.586 4 + 2
    11.9523 0.5 1
    13.586 0.5 0
  13.642 0 + 2
    12.0083 0.5 1
    13.642 0.5 0
  13.676 4 - 2
    6.672 0.5 8
    8.70949 0.5 3
  13.677 10 - 2
    8.0556 0.5 4
    9.4293 0.5 2
  13.692 14 - 2
    4.9144 0.5 16
    5.239 0.5 13
  13.736 2 + 2
    4.418 0.5 23
    8.76949 0.5 3
  13.744 0 + 2
    12.1103 0.5 1
    13.744 0.5 0
  13.827 6 - 2
    9.5793 0.5 2
    12.1933 0.5 1
  13.866 2 - 2
    12.2323 0.5 1
    13.866 0.5 0
  13.881 4 + 2
    8.91449 0.8 3
    12.2473 0.2 1
  13.908 4 + 2
    12.2743 0.5 1
    13.908 0.5 0
  13.926 0 + 2
    12.2923 0.5 1
    13.926 0.5 0
  13.928 12 + 2
    5.475 0.5 13
    9.6803 0.5 2
  13.948 0 + 2
    12.3143 0.5 1
    13.948 0.5 0
  13.965 8 + 2
    9.7173 0.5 2
    12.3313 0.5 1
  14.02 2 - 2
    12.3863 0.5 1
    14.02 0.5 0
  14.063 4 + 2
    12.4293 0.5 1
    14.063 0.5 0
  14.115 4 + 2
    12.4813 0.5 1
    14.115 0.5 0
  14.128 4 - 2
    7.124 0.5 8
    9.16149 0.5 3
  14.15 4 - 2
    7.146 0.5 8
    9.18349 0.5 3
  14.2 2 + 2
    4.882 0.5 23
    9.23349 0.5 3
  14.27 8 + 2
    10.0223 0.5 2
    12.6363 0.5 1
  14.304 12 + 2
    5.851 0.5 13
    10.0563 0.5 2
  14.311 12 + 2
    5.858 0.5 13
    10.0633 0.5 2
  14.313 6 - 2
    10.0653 0.5 2
    12.6793 0.5 1
  14.37 2 - 2
    12.7363 0.5 1
    14.37 0.5 0
  14.454 10 - 2
    8.8326 0.5 4
    10.2063 0.5 2
  14.455 2 - 2
    12.8213 0.5 1
    14.455 0.5 0
  14.475 0 + 2
    12.8413 0.5 1
    14.475 0.5 0
  14.593 8 + 2
    10.3453 0.5 2
    12.9593 0.5 1
  14.597 2 - 2
    12.9633 0.5 1
    14.597 0.5 0
  14.653 0 + 2
    13.0193 0.5 1
    14.653 0.5 0
  14.699 2 + 2
    5.381 0.5 23
    9.73249 0.5 3
  14.731 8 + 2
    10.4833 0.5 2
    13.0973 0.5 1
  14.761 12 + 2
    6.308 0.5 13
    10.5133 0.5 2
  14.776 2 - 2
    13.1423 0.5 1
    14.776 0.5 0
  14.807 12 + 2
    6.354 0.5 13
    10.5593 0.5 2
  14.816 10 - 2
    9.1946 0.5 4
    10.5683 0.5 2
  14.839 8 + 2
    10.5913 0.5 2
    13.2053 0.5 1
  14.888 4 + 2
    13.2543 0.5 1
    14.888 0.5 0
  15.047 4 + 2
    13.4133 0.5 1
    15.047 0.5 0
  15.073 10 - 2
    9.4516 0.5 4
    10.8253 0.5 2
  15.142 4 + 2
    13.5083 0.5 1
    15.142 0.5 0
  15.159 12 + 2
    6.706 0.5 13
    10.9113 0.5 2
  15.174 10 - 2
    9.5526 0.5 4
    10.9263 0.5 2
  15.23 2 - 2
    13.5963 0.5 1
    15.23 0.5 0
  15.27 2 - 2
    13.6363 0.5 1
    15.27 0.5 0
  15.33 8 + 2
    11.0823 0.5 2
    13.6963 0.5 1
  15.346 12 + 2
    6.893 0.5 13
    11.0983 0.5 2
  15.366 14 - 2
    6.5884 0.5 16
    6.913 0.5 13
  15.436 6 - 2
    11.1883 0.5 2
    13.8023 0.5 1
  15.5 2 - 2
    13.8663 0.5 1
    15.5 0.5 0
  15.7 16 - 1
    5.091 1 33
  15.874 16 + 2
    3.923 0.5 56
    7.0964 0.5 16
  15.97 12 + 2
    7.517 0.5 13
    11.7223 0.5 2
  16.01 4 + 2
    14.3763 0.5 1
    16.01 0.5 0
  16.139 2 - 2
    14.5053 0.5 1
    16.139 0.5 0
  16.25 2 - 2
    14.6163 0.5 1
    16.25 0.5 0
  16.329 8 + 2
    12.0813 0.5 2
    14.6953 0.5 1
  16.437 2 - 2
    14.8033 0.5 1
    16.437 0.5 0
  16.505 12 + 2
    8.052 0.5 13
    12.2573 0.5 2
  16.559 10 - 2
    10.9376 0.5 4
    12.3113 0.5 2
  16.581 14 - 2
    7.8034 0.5 16
    8.128 0.5 13
  16.628 6 - 2
    12.3803 0.5 2
    14.9943 0.5 1
  16.63 14 - 2
    7.8524 0.5 16
    8.177 0.5 13
  16.667 8 + 2
    12.4193 0.5 2
    15.0333 0.5 1
  16.717 10 - 2
    11.0956 0.5 4
    12.4693 0.5 2
  16.7329 0 + 1
    5.4706 1 46
  16.746 16 + 2
    4.795 0.5 56
    7.9684 0.5 16
  16.847 10 - 2
    11.2256 0.5 4
    12.5993 0.5 2
  16.871 12 + 2
    8.418 0.5 13
    12.6233 0.5 2
  17.072 8 + 2
    12.8243 0.5 2
    15.4383 0.5 1
  17.155 10 - 2
    11.5336 0.5 4
    12.9073 0.5 2
  17.213 8 + 2
    12.9653 0.5 2
    15.5793 0.5 1
  17.284 6 - 2
    13.0363 0.5 2
    15.6503 0.5 1
  17.295 16 + 2
    5.344 0.5 56
    8.5174 0.5 16
  17.39 2 - 2
    15.7563 0.5 1
    17.39 0.5 0
  17.43 18 - 2
    4.092 0.5 83
    5.479 0.5 56
  17.541 12 + 2
    9.088 0.5 13
    13.2933 0.5 2
  17.55 4 + 2
    15.9163 0.5 1
    17.55 0.5 0
  17.606 10 - 2
    11.9846 0.5 4
    13.3583 0.5 2
  17.769 8 + 2
    13.5213 0.5 2
    16.1353 0.5 1
  17.851 10 - 2
    12.2296 0.5 4
    13.6033 0.5 2
  17.91 0 + 2
    16.2763 0.5 1
    17.91 0.5 0
  18.005 14 - 2
    9.2274 0.5 16
    9.552 0.5 13
  18.024 10 - 2
    12.4026 0.5 4
    13.7763 0.5 2
  18.083 8 + 2
    13.8353 0.5 2
    16.4493 0.5 1
  18.125 14 - 2
    9.3474 0.5 16
    9.672 0.5 13
  18.286 12 + 2
    9.833 0.5 13
    14.0383 0.5 2
  18.43 4 + 1
    6.209 1 60
  18.462 14 - 2
    9.6844 0.5 16
    10.009 0.5 13
  18.494 10 - 2
    12.8726 0.5 4
    14.2463 0.5 2
  18.538 16 + 2
    6.587 0.5 56
    9.7604 0.5 16
  18.621 16 + 2
    6.67 0.5 56
    9.8434 0.5 16
  18.745 12 + 2
    10.292 0.5 13
    14.4973 0.5 2
  18.768 14 - 2
    9.9904 0.5 16
    10.315 0.5 13
  18.96 16 + 2
    7.009 0.5 56
    10.1824 0.5 16
  19.051 10 - 2
    13.4296 0.5 4
    14.8033 0.5 2
  19.15 12 + 2
    10.697 0.5 13
    14.9023 0.5 2
  19.284 12 + 2
    10.831 0.5 13
    15.0363 0.5 2
  19.298 14 - 2
    10.5204 0.5 16
    10.845 0.5 13
  19.443 12 + 2
    10.99 0.5 13
    15.1953 0.5 2
  19.536 12 + 2
    11.083 0.5 13
    15.2883 0.5 2
  19.655 12 + 2
    11.202 0.5 13
    15.4073 0.5 2
  19.731 16 + 2
    7.78 0.5 56
    10.9534 0.5 16
  19.845 12 + 2
    11.392 0.5 13
    15.5973 0.5 2
  19.859 10 - 2
    14.2376 0.5 4
    15.6113 0.5 2
  19.884 14 - 2
    11.1064 0.5 16
    11.431 0.5 13
  19.991 8 + 2
    15.7433 0.5 2
    18.3573 0.5 1
  20.027 12 + 2
    11.574 0.5 13
    15.7793 0.5 2
  20.106 14 - 2
    11.3284 0.5 16
    11.653 0.5 13
  20.15 2 - 2
    18.5163 0.5 1
    20.15 0.5 0
  20.168 12 + 2
    11.715 0.5 13
    15.9203 0.5 2
  20.296 14 - 2
    11.5184 0.5 16
    11.843 0.5 13
  20.341 10 - 2
    14.7196 0.5 4
    16.0933 0.5 2
  20.344 14 - 2
    11.5664 0.5 16
    11.891 0.5 13
  20.419 12 + 2
    11.966 0.5 13
    16.1713 0.5 2
  20.445 12 + 2
    11.992 0.5 13
    16.1973 0.5 2
  20.468 10 - 2
    14.8466 0.5 4
    16.2203 0.5 2
  20.686 18 - 2
    7.348 0.5 83
    8.735 0.5 56
  20.76 14 - 2
    11.9824 0.5 16
    12.307 0.5 13
  20.8 10 - 2
    15.1786 0.5 4
    16.5523 0.5 2
  20.95 14 - 2
    12.1724 0.5 16
    12.497 0.5 13
  21.062 18 - 2
    7.724 0.5 83
    9.111 0.5 56
  21.3 14 - 2
    12.5224 0.5 16
    12.847 0.5 13
  21.8 14 - 2
    13.0224 0.5 16
    13.347 0.5 13
  22.3 14 - 2
    13.5224 0.5 16
    13.847 0.5 13
  22.6 2 - 2
    20.9663 0.5 1
    22.6 0.5 0
  22.8 18 - 2
    9.462 0.5 83
    10.849 0.5 56
  22.87 18 - 2
    9.532 0.5 83
    10.919 0.5 56
  23.4 16 + 2
    11.449 0.5 56
    14.6224 0.5 16
  23.7 18 - 2
    10.362 0.5 83
    11.749 0.5 56
  24.21 16 + 2
    12.259 0.5 56
    15.4324 0.5 16
  24.9 2 - 2
    23.2663 0.5 1
    24.9 0.5 0
  25.1 16 + 2
    13.149 0.5 56
    16.3224 0.5 16
  25.67 2 - 2
    24.0363 0.5 1
    25.67 0.5 0
  27.1 18 - 2
    13.762 0.5 83
    15.149 0.5 56
  27.5 20 + 2
    11.626 0.5 146
    15.549 0.5 56
  28 16 + 2
    16.049 0.5 56
    19.2224 0.5 16
  28.2 2 - 2
    26.5663 0.5 1
    28.2 0.5 0

10 21 117
  0 3 + 0
  0.350727 5 + 1
    0.350727 1 0
  1.74591 7 + 2
    1.39518 0.952019 1
    1.74591 0.047981 0
  2.78823 1 - 2
    2.4375 0.8326 1
    2.78823 0.1674 0
  2.79416 1 + 1
    2.79416 1 0
  2.8666 9 + 2
    1.12069 0.6211 2
    2.51587 0.3789 1
  3.66264 3 - 3
    0.86848 0.057143 4
    0.87441 0.371422 3
    3.31191 0.571434 1
  3.73559 5 + 3
    1.98968 0.072574 2
    3.38486 0.12099 1
    3.73559 0.806436 0
  3.88396 5 - 4
    0.22132 0.040383 6
    1.09573 0.004038 3
    3.53323 0.672955 1
    3.88396 0.282623 0
  4.4318 11 + 2
    1.5652 0.7692 5
    2.68589 0.2308 2
  4.52586 5 + 3
    2.77995 0.037119 2
    4.17513 0.742385 1
    4.52586 0.220496 0
  4.68456 3 + 3
    1.8904 0.023339 4
    4.33383 0.614275 1
    4.68456 0.362385 0
  4.72534 3 - 2
    1.93118 0.1667 4
    4.37461 0.8333 1
  5.3352 7 - 3
    1.45124 0.042738 8
    2.4686 0.102596 5
    4.98447 0.854666 1
  5.4318 7 - 3
    2.5652 0.093527 5
    3.68589 0.187094 2
    5.08107 0.719378 1
  5.5498 3 + 6
    1.02394 0.14 10
    1.81421 0.25 7
    2.75564 0.16 4
    2.76157 0.18 3
    5.19907 0.06 1
    5.5498 0.21 0
  5.6308 7 + 4
    1.89521 0.062937 7
    3.88489 0.139894 2
    5.28007 0.699272 1
    5.6308 0.097896 0
  5.68977 1 - 3
    0.96443 0.058509 12
    2.89561 0.531895 4
    5.68977 0.409596 0
  5.7737 5 - 2
    5.42297 0.1525 1
    5.7737 0.8475 0
  5.8187 7 - 7
    1.29284 0.051608 10
    1.93474 0.32259 8
    2.08311 0.122596 7
    2.15606 0.038709 6
    2.9521 0.241893 5
    4.07279 0.051608 2
    5.46797 0.170995 1
  5.8209 3 + 2
    3.02674 0.4792 4
    5.47017 0.5208 1
  5.99261 3 - 2
    5.64188 0.3506 1
    5.99261 0.6494 0
  6.0333 9 - 4
    0.6981 0.1548 13
    2.14934 0.119 8
    3.1667 0.3294 5
    4.28739 0.3968 2
  6.1752 5 + 4
    2.43961 0.158606 7
    4.42929 0.440518 2
    5.82447 0.352414 1
    6.1752 0.048462 0
  6.2603 7 + 2
    3.3937 0.435 5
    5.90957 0.565 1
  6.2667 9 + 4
    1.8349 0.03788 9
    3.4001 0.757592 5
    4.52079 0.053029 2
    5.91597 0.151498 1
  6.4119 9 + 1
    3.5453 1 5
  6.4483 9 + 2
    2.0165 0.8 9
    3.5817 0.2 5
  6.5435 9 + 1
    4.79759 1 2
  6.5542 9 + 3
    2.1224 0.110389 9
    3.6876 0.240276 5
    4.80829 0.649335 2
  6.6077 5 + 2
    6.25697 0.952381 1
    6.6077 0.047619 0
  6.6398 9 - 4
    1.09 0.110089 15
    2.208 0.150185 9
    3.7732 0.451055 5
    4.89389 0.288671 2
  6.7493 7 - 3
    3.01371 0.189319 7
    6.39857 0.591759 1
    6.7493 0.218922 0
  6.857 1 - 2
    4.06877 0.5 3
    6.857 0.5 0
  6.9005 1 - 2
    4.11227 0.5 3
    6.9005 0.5 0
  7.0067 7 + 5
    3.27111 0.030369 7
    4.1401 0.058598 5
    5.26079 0.532784 2
    6.65597 0.308991 1
    7.0067 0.069258 0
  7.0226 7 + 1
    5.27669 1 2
  7.0421 9 + 4
    1.6103 0.069473 14
    4.1755 0.24221 5
    5.29619 0.637326 2
    6.69137 0.050992 1
  7.109 3 - 2
    4.31484 0.5 4
    6.75827 0.5 1
  7.154 1 - 2
    4.36577 0.5 3
    7.154 0.5 0
  7.211 1 + 2
    4.41684 0.5 4
    6.86027 0.5 1
  7.226 3 - 2
    4.43184 0.5 4
    6.87527 0.5 1
  7.294 3 - 2
    4.49984 0.5 4
    6.94327 0.5 1
  7.32 3 - 2
    4.52584 0.5 4
    6.96927 0.5 1
  7.3569 7 - 2
    4.4903 0.2481 5
    5.61099 0.7519 2
  7.4228 9 + 2
    2.0876 0.038462 13
    4.5562 0.961538 5
  7.465 3 - 2
    4.67084 0.5 4
    7.11427 0.5 1
  7.547 1 - 2
    4.75877 0.5 3
    7.547 0.5 0
  7.6 1 - 2
    4.81177 0.5 3
    7.6 0.5 0
  7.627 3 - 2
    4.83284 0.5 4
    7.27627 0.5 1
  7.6491 7 + 4
    4.7825 0.088109 5
    5.90319 0.440496 2
    7.29837 0.259897 1
    7.6491 0.211498 0
  7.74 5 - 2
    5.99409 0.5 2
    7.74 0.5 0
  7.81 1 + 2
    5.01584 0.5 4
    7.45927 0.5 1
  7.9603 11 - 1
    5.0937 1 5
  7.979 3 - 2
    5.18484 0.5 4
    7.62827 0.5 1
  7.9821 7 + 3
    3.5503 0.249997 9
    5.1155 0.657893 5
    6.23619 0.092109 2
  8.008 1 - 2
    5.21977 0.5 3
    8.008 0.5 0
  8.062 3 + 2
    6.31609 0.5 2
    8.062 0.5 0
  8.1549 9 + 3
    2.1216 0.079464 22
    5.2883 0.258282 5
    6.40899 0.662254 2
  8.2222 11 + 1
    3.7904 1 9
  8.2412 11 + 2
    3.8094 0.4792 9
    5.3746 0.5208 5
  8.287 5 - 2
    6.54109 0.5 2
    8.287 0.5 0
  8.303 3 - 2
    5.50884 0.5 4
    7.95227 0.5 1
  8.36 3 + 2
    6.61409 0.5 2
    8.36 0.5 0
  8.402 5 - 2
    6.65609 0.5 2
    8.402 0.5 0
  8.43 1 - 2
    5.64177 0.5 3
    8.43 0.5 0
  8.465 5 + 2
    5.67084 0.5 4
    8.11427 0.5 1
  8.522 1 - 2
    5.73377 0.5 3
    8.522 0.5 0
  8.591 3 + 2
    6.84509 0.5 2
    8.591 0.5 0
  8.6645 7 - 1
    2.6312 1 22
  8.68 3 - 2
    5.88584 0.5 4
    8.32927 0.5 1
  8.782 3 - 2
    5.98784 0.5 4
    8.43127 0.5 1
  8.801 5 + 2
    6.00684 0.5 4
    8.45027 0.5 1
  8.849 1 + 2
    6.05484 0.5 4
    8.49827 0.5 1
  8.8592 5 + 2
    6.06504 0.5 4
    8.50847 0.5 1
  8.93 1 - 2
    6.14177 0.5 3
    8.93 0.5 0
  8.991 3 + 2
    7.24509 0.5 2
    8.991 0.5 0
  9.077 5 - 2
    7.33109 0.5 2
    9.077 0.5 0
  9.1489 1 + 2
    6.35474 0.5 4
    8.79817 0.5 1
  9.188 3 - 2
    6.39384 0.5 4
    8.83727 0.5 1
  9.251 5 + 2
    6.45684 0.5 4
    8.90027 0.5 1
  9.282 1 - 2
    6.49377 0.5 3
    9.282 0.5 0
  9.367 3 + 2
    7.62109 0.5 2
    9.367 0.5 0
  9.402 13 - 3
    1.9792 0.240276 45
    3.3687 0.649335 22
    4.9702 0.110389 9
  9.475 5 + 2
    6.68084 0.5 4
    9.12427 0.5 1
  9.637 3 - 2
    6.84284 0.5 4
    9.28627 0.5 1
  9.7 1 + 2
    6.90584 0.5 4
    9.34927 0.5 1
  9.8591 3 - 2
    3.4108 0.4413 27
    3.8258 0.5587 22
  9.9436 5 + 1
    3.4953 1 27
  9.963 1 - 2
    7.17477 0.5 3
    9.963 0.5 0
  10.043 3 + 2
    8.29709 0.5 2
    10.043 0.5 0
  10.18 1 - 2
    7.39177 0.5 3
    10.18 0.5 0
  10.353 5 + 2
    7.55884 0.5 4
    10.0023 0.5 1
  10.447 3 - 2
    7.65284 0.5 4
    10.0963 0.5 1
  10.542 1 + 2
    7.74784 0.5 4
    10.1913 0.5 1
  10.6311 5 - 2
    8.88519 0.5 2
    10.6311 0.5 0
  10.6559 3 + 2
    8.90999 0.5 2
    10.6559 0.5 0
  10.734 1 - 2
    7.94577 0.5 3
    10.734 0.5 0
  10.826 3 + 2
    9.08009 0.5 2
    10.826 0.5 0
  10.9129 5 - 2
    9.16699 0.5 2
    10.9129 0.5 0
  11.095 3 + 2
    9.34909 0.5 2
    11.095 0.5 0
  11.2802 1 - 2
    8.49197 0.5 3
    11.2802 0.5 0
  11.38 5 + 2
    8.58584 0.5 4
    11.0293 0.5 1
  11.453 3 - 2
    8.65884 0.5 4
    11.1023 0.5 1
  11.591 1 + 2
    8.79684 0.5 4
    11.2403 0.5 1
  11.642 5 - 2
    9.89609 0.5 2
    11.642 0.5 0
  11.704 3 + 2
    9.95809 0.5 2
    11.704 0.5 0
  11.874 1 - 2
    9.08577 0.5 3
    11.874 0.5 0
  11.989 15 - 1
    5.5407 1 27
  12.204 3 + 2
    10.4581 0.5 2
    12.204 0.5 0
  12.315 5 + 2
    9.52084 0.5 4
    11.9643 0.5 1
  12.451 1 - 2
    9.66277 0.5 3
    12.451 0.5 0
  12.563 3 + 2
    10.8171 0.5 2
    12.563 0.5 0
  12.946 5 - 2
    11.2001 0.5 2
    12.946 0.5 0
  13.801 3 + 2
    12.0551 0.5 2
    13.801 0.5 0
  16.058 1 - 2
    13.2698 0.5 3
    16.058 0.5 0
  16.356 5 + 2
    13.5618 0.5 4
    16.0053 0.5 1

10 22 104
  0 0 + 0
  1.27458 4 + 1
    1.27458 1 0
  3.3577 8 + 1
    2.08312 1 1
  4.4558 4 + 2
    3.18122 0.969929 1
    4.4558 0.030071 0
  5.1463 4 - 2
    0.6905 0.4709 3
    3.87172 0.5291 1
  5.3318 2 + 2
    4.05722 0.3289 1
    5.3318 0.6711 0
  5.3632 4 + 2
    4.08862 0.8621 1
    5.3632 0.1379 0
  5.5237 8 + 2
    2.166 0.984251 2
    4.24912 0.015749 1
  5.6414 6 + 2
    2.2837 0.3103 2
    4.36682 0.6897 1
  5.9101 6 - 3
    1.4543 0.1479 3
    2.5524 0.1479 2
    4.63552 0.7042 1
  6.1201 4 + 3
    1.6643 0.140506 3
    4.84552 0.826433 1
    6.1201 0.033061 0
  6.2343 0 + 1
    0.9025 1 5
  6.3103 12 + 1
    2.9526 1 2
  6.3465 8 + 1
    2.9888 1 2
  6.6354 6 + 2
    3.2777 0.5291 2
    5.36082 0.4709 1
  6.691 2 - 2
    5.41642 0.3103 1
    6.691 0.6897 0
  6.8194 4 + 4
    1.4562 0.159284 6
    1.6731 0.211079 4
    2.3636 0.370363 3
    5.54482 0.259274 1
  6.8555 2 + 2
    5.58092 0.2806 1
    6.8555 0.7194 0
  6.9003 2 + 1
    5.62572 1 1
  7.0509 2 - 2
    5.77632 0.8621 1
    7.0509 0.1379 0
  7.3407 0 + 2
    2.0089 0.5714 5
    2.8849 0.4286 3
  7.3428 6 + 2
    1.4327 0.1935 9
    3.9851 0.8065 2
  7.4059 6 - 2
    2.2596 0.641 4
    6.13132 0.359 1
  7.4221 10 + 1
    1.8984 1 7
  7.469 10 - 1
    1.5589 1 9
  7.491 2 - 4
    1.3709 0.069933 10
    2.1278 0.069933 6
    6.21642 0.160806 1
    7.491 0.699328 0
  7.643 4 + 3
    3.1872 0.272695 3
    6.36842 0.649387 1
    7.643 0.077918 0
  7.6648 4 - 3
    3.209 0.1387 3
    6.39022 0.7299 1
    7.6648 0.1314 0
  7.722 6 - 6
    1.6019 0.060702 10
    2.1983 0.079873 7
    2.5757 0.070293 4
    3.2662 0.319513 3
    4.3643 0.24921 2
    6.44742 0.220409 1
  7.9226 4 + 1
    6.64802 1 1
  8.0764 8 + 4
    1.7661 0.1799 12
    2.7132 0.1295 6
    4.7187 0.3597 2
    6.80182 0.3309 1
  8.1343 4 + 2
    1.3149 0.074072 16
    6.85972 0.925928 1
  8.1618 6 + 3
    1.3424 0.052628 16
    4.8041 0.289491 2
    6.88722 0.65788 1
  8.3759 6 - 4
    0.711101 0.055564 27
    1.4756 0.055564 18
    5.0182 0.694456 2
    7.10132 0.194416 1
  8.452 2 - 2
    7.17742 0.5 1
    8.452 0.5 0
  8.4887 4 + 5
    0.4123 0.089909 30
    1.1459 0.280928 21
    2.2544 0.230323 11
    2.8473 0.19942 8
    5.131 0.19942 2
  8.553 2 + 2
    1.862 0.4186 15
    8.553 0.5814 0
  8.573 2 - 2
    7.29842 0.5 1
    8.573 0.5 0
  8.596 4 + 2
    0.5196 0.8333 30
    3.4497 0.1667 4
  8.74 6 - 4
    1.3972 0.1086 21
    1.6891 0.16 19
    4.2842 0.5714 3
    5.3823 0.16 2
  8.8549 8 + 2
    1.449 0.2806 22
    2.5446 0.7194 12
  8.899 12 - 5
    1.4769 0.1565 23
    1.5562 0.2899 21
    2.5887 0.229 12
    3.2576 0.1565 8
    3.5358 0.1681 6
  8.976 6 + 2
    1.3112 0.359 27
    1.9251 0.641 19
  9.045 6 - 3
    1.402 0.27 26
    1.9941 0.3498 19
    5.6873 0.3802 2
  9.097 2 - 1
    4.6412 1 3
  9.162 4 - 1
    9.162 1 0
  9.1774 8 + 3
    3.2673 0.3386 9
    4.7216 0.1323 3
    5.8197 0.5291 2
  9.2035 2 + 2
    3.8717 0.5 5
    4.0572 0.5 4
  9.229 4 + 2
    1.5642 0.4413 27
    2.1781 0.5587 19
  9.25 2 - 2
    1.528 0.641 28
    3.1299 0.359 10
  9.324 0 - 1
    1.602 1 28
  9.508 2 - 2
    8.23342 0.5 1
    9.508 0.5 0
  9.541 4 + 2
    8.26642 0.5 1
    9.541 0.5 0
  9.625 2 - 2
    3.3147 0.3103 12
    6.2673 0.6897 2
  9.652 0 - 2
    4.3202 0.5 5
    4.5057 0.5 4
  9.725 6 - 2
    6.3673 0.5 2
    8.45042 0.5 1
  9.842 4 + 2
    8.56742 0.5 1
    9.842 0.5 0
  10.066 0 + 2
    8.79142 0.5 1
    10.066 0.5 0
  10.137 4 + 2
    8.86242 0.5 1
    10.137 0.5 0
  10.2089 2 - 2
    8.93432 0.2 1
    10.2089 0.8 0
  10.2827 2 - 5
    2.7917 0.101309 25
    3.4272 0.198218 17
    4.9509 0.440539 5
    5.8269 0.008812 3
    9.00812 0.251122 1
  10.2973 2 - 5
    2.8063 0.107988 25
    3.4418 0.0909 17
    4.9655 0.170481 5
    5.8415 0.062493 3
    9.02272 0.568138 1
  10.384 0 - 2
    5.0522 0.5 5
    5.2377 0.5 4
  10.423 2 - 1
    4.0765 1 13
  10.469 6 - 2
    7.1113 0.5 2
    9.19442 0.5 1
  10.4933 4 + 2
    9.21872 0.5 1
    10.4933 0.5 0
  10.551 4 + 2
    9.27642 0.5 1
    10.551 0.5 0
  10.616 2 - 2
    4.2695 0.6579 13
    7.2583 0.3421 2
  10.696 0 - 1
    7.3383 1 2
  10.706 2 - 1
    9.43142 1 1
  10.749 2 - 2
    4.4387 0.5208 12
    7.3913 0.4792 2
  10.857 6 - 1
    9.58242 1 1
  10.921 2 - 2
    9.64642 0.5587 1
    10.921 0.4413 0
  11.032 16 + 1
    4.6855 1 13
  11.064 4 + 2
    9.78942 0.5 1
    11.064 0.5 0
  11.13 0 - 1
    4.7835 1 13
  11.194 4 - 2
    2.295 0.8475 41
    9.91942 0.1525 1
  11.271 2 - 2
    6.1247 0.5525 4
    7.9133 0.4475 2
  11.433 0 - 1
    10.1584 1 1
  11.465 14 - 3
    6.3187 0.5495 4
    10.1904 0.1813 1
    11.465 0.2692 0
  11.533 4 + 1
    5.2227 1 12
  11.577 2 - 2
    10.3024 0.5 1
    11.577 0.5 0
  11.656 4 + 2
    10.3814 0.5 1
    11.656 0.5 0
  11.686 2 - 2
    10.4114 0.5 1
    11.686 0.5 0
  11.708 0 + 2
    10.4334 0.5 1
    11.708 0.5 0
  11.772 6 - 2
    8.4143 0.5 2
    10.4974 0.5 1
  11.896 4 + 2
    10.6214 0.5 1
    11.896 0.5 0
  12 2 - 2
    10.7254 0.5 1
    12 0.5 0
  12.071 4 + 2
    10.7964 0.5 1
    12.071 0.5 0
  12.218 2 - 2
    10.9434 0.5 1
    12.218 0.5 0
  12.28 0 + 2
    11.0054 0.5 1
    12.28 0.5 0
  12.39 6 - 2
    9.0323 0.5 2
    11.1154 0.5 1
  12.45 4 + 2
    11.1754 0.5 1
    12.45 0.5 0
  12.643 2 - 2
    11.3684 0.5 1
    12.643 0.5 0
  12.862 6 - 2
    9.5043 0.5 2
    11.5874 0.5 1
  12.91 2 + 2
    7.5782 0.5 5
    7.7637 0.5 4
  13.078 4 + 2
    11.8034 0.5 1
    13.078 0.5 0
  13.274 0 - 2
    7.9422 0.5 5
    8.1277 0.5 4
  13.384 2 + 2
    8.0522 0.5 5
    8.2377 0.5 4
  13.46 4 - 2
    8.1282 0.5 5
    8.3137 0.5 4
  13.89 2 + 2
    8.5582 0.5 5
    8.7437 0.5 4
  14.06 4 - 2
    8.7282 0.5 5
    8.9137 0.5 4
  15.58 0 + 2
    14.3054 0.5 1
    15.58 0.5 0
  16.51 2 - 2
    15.2354 0.5 1
    16.51 0.5 0

10 23 51
  0 5 + 0
  1.01695 1 + 1
    1.01695 1 0
  1.70162 5 + 1
    1.70162 1 0
  1.82243 3 + 1
    1.82243 1 0
  2.3153 5 + 4
    0.49287 0.418017 3
    0.61368 0.032411 2
    1.29835 0.079853 1
    2.3153 0.469719 0
  2.5169 7 - 2
    0.81528 0.6944 2
    2.5169 0.3056 0
  3.22066 3 - 3
    1.39823 0.025358 3
    2.20371 0.792352 1
    3.22066 0.182289 0
  3.4317 3 + 4
    1.1164 0.033871 4
    1.60927 0.083293 3
    2.41475 0.327613 1
    3.4317 0.555222 0
  3.4581 1 - 2
    1.63567 0.5495 3
    2.44115 0.4505 1
  3.83079 3 + 2
    2.12917 0.906618 2
    3.83079 0.093382 0
  3.83636 1 - 2
    2.01393 0.4444 3
    2.81941 0.5556 1
  3.8424 9 + 1
    1.3255 1 5
  3.988 3 + 2
    1.6727 0.4186 4
    3.988 0.5814 0
  4.01 5 + 1
    4.01 1 0
  4.27 7 - 2
    2.56838 0.5 2
    4.27 0.5 0
  4.4361 3 + 2
    1.9192 0.6173 5
    2.73448 0.3827 2
  4.764 1 - 2
    1.3323 0.5 7
    2.94157 0.5 3
  4.94 11 - 2
    1.0976 0.5 11
    2.4231 0.5 5
  5.029 1 - 2
    1.5973 0.5 7
    3.20657 0.5 3
  5.068 5 - 2
    1.6363 0.5 7
    3.24557 0.5 3
  5.186 7 - 2
    3.48438 0.5 2
    5.186 0.5 0
  5.22 7 - 2
    3.51838 0.5 2
    5.22 0.5 0
  5.265 3 + 2
    1.8333 0.5 7
    3.44257 0.5 3
  5.34 1 - 2
    1.9083 0.5 7
    3.51757 0.5 3
  5.458 3 - 2
    4.44105 0.5 1
    5.458 0.5 0
  5.491 1 + 2
    4.47405 0.5 1
    5.491 0.5 0
  5.522 5 + 2
    4.50505 0.5 1
    5.522 0.5 0
  5.56 3 - 2
    4.54305 0.5 1
    5.56 0.5 0
  5.604 1 - 2
    2.1723 0.5 7
    3.78157 0.5 3
  5.646 5 + 2
    4.62905 0.5 1
    5.646 0.5 0
  5.7 1 + 2
    4.68305 0.5 1
    5.7 0.5 0
  5.723 3 + 2
    2.2913 0.5 7
    3.90057 0.5 3
  5.785 5 - 2
    2.3533 0.5 7
    3.96257 0.5 3
  5.847 1 - 2
    2.4153 0.5 7
    4.02457 0.5 3
  5.899 3 + 2
    2.4673 0.5 7
    4.07657 0.5 3
  6.093 9 - 2
    0.308 0.5 32
    1.025 0.5 19
  6.329 5 + 2
    5.31205 0.5 1
    6.329 0.5 0
  6.454 3 - 2
    5.43705 0.5 1
    6.454 0.5 0
  6.841 7 + 2
    3.4093 0.5 7
    5.01857 0.5 3
  6.975 3 - 2
    5.95805 0.5 1
    6.975 0.5 0
  7.123 5 + 2
    6.10605 0.5 1
    7.123 0.5 0
  7.248 13 - 1
    1.155 1 35
  7.295 3 + 2
    3.8633 0.5 7
    5.47257 0.5 3
  7.42 3 - 2
    6.40305 0.5 1
    7.42 0.5 0
  7.5205 3 + 2
    4.0888 0.5 7
    5.69807 0.5 3
  7.621 1 - 2
    4.1893 0.5 7
    5.79857 0.5 3
  7.802 5 + 2
    6.78505 0.5 1
    7.802 0.5 0
  7.946 7 - 2
    6.24438 0.5 2
    7.946 0.5 0
  8.166 1 + 2
    7.14905 0.5 1
    8.166 0.5 0
  8.262 5 - 2
    4.8303 0.5 7
    6.43957 0.5 3
  8.494 1 + 2
    7.47705 0.5 1
    8.494 0.5 0

10 24 39
  0 0 + 0
  1.9816 4 + 1
    1.9816 1 0
  3.868 4 + 2
    1.8864 0.900091 1
    3.868 0.099909 0
  3.972 8 + 1
    1.9904 1 1
  4.7665 0 + 1
    2.7849 1 1
  4.88 0 - 1
    2.8984 1 1
  5.575 4 + 1
    3.5934 1 1
  5.636 6 + 2
    1.768 0.5102 2
    3.6544 0.4898 1
  5.653 8 - 3
    0.773 0.080945 5
    1.681 0.578035 3
    3.6714 0.34102 1
  6.028 2 - 1
    4.0464 1 1
  6.07 2 - 2
    4.0884 0.5 1
    6.07 0.5 0
  6.361 8 + 3
    0.708001 0.4695 8
    0.725001 0.3005 7
    2.389 0.23 3
  6.745 12 + 2
    1.092 0.3507 8
    2.773 0.6493 3
  6.858 2 + 1
    4.8764 1 1
  6.982 4 + 1
    5.0004 1 1
  7.248 8 + 2
    2.368 0.5 5
    3.276 0.5 3
  7.295 4 + 1
    5.3134 1 1
  7.388 0 + 1
    5.4064 1 1
  7.55 2 - 2
    5.5684 0.5 1
    7.55 0.5 0
  7.638 4 - 1
    3.666 1 3
  7.739 8 - 1
    3.767 1 3
  7.923 12 - 1
    1.178 1 12
  8.039 6 + 1
    6.0574 1 1
  8.15 2 - 2
    6.1684 0.5 1
    8.15 0.5 0
  8.393 6 - 1
    6.4114 1 1
  8.53 2 - 2
    6.5484 0.5 1
    8.53 0.5 0
  8.86 2 - 2
    6.8784 0.5 1
    8.86 0.5 0
  9.04 6 - 2
    5.172 0.5 2
    7.0584 0.5 1
  9.18 4 - 2
    3.544 0.5 7
    4.3 0.5 5
  9.38 2 - 2
    7.3984 0.5 1
    9.38 0.5 0
  9.63 4 + 2
    7.6484 0.5 1
    9.63 0.5 0
  9.78 6 - 2
    5.912 0.5 2
    7.7984 0.5 1
  9.96 2 + 2
    4.324 0.5 7
    5.08 0.5 5
  10.2 4 - 2
    4.564 0.5 7
    5.32 0.5 5
  10.63 2 + 2
    4.994 0.5 7
    5.75 0.5 5
  11.08 6 - 2
    7.212 0.5 2
    9.0984 0.5 1
  11.18 4 + 2
    9.1984 0.5 1
    11.18 0.5 0
  11.35 2 - 2
    9.3684 0.5 1
    11.35 0.5 0
  11.47 0 + 2
    9.4884 0.5 1
    11.47 0.5 0

10 25 9
  0 1 + 0
  1.7028 3 + 1
    1.7028 1 0
  2.09 5 + 1
    2.09 1 0
  3.3164 7 + 1
    1.6136 1 1
  3.324 9 + 2
    1.234 0.4186 2
    1.6212 0.5814 1
  3.8912 3 + 2
    0.5748 0.5682 3
    2.1884 0.4318 1
  4.07 5 + 1
    4.07 1 0
  4.7 1 + 2
    2.61 0.5 2
    4.7 0.5 0
  6.28 3 + 2
    2.9636 0.5 3
    4.5772 0.5 1

10 26 4
  0 0 + 0
  2.01828 4 + 1
    2.01828 1 0
  3.517 2 + 1
    1.49872 1 1
  3.6913 4 + 1
    1.67302 1 1

10 27 3
  0 3 + 0
  0.765 3 - 1
    0.765 1 0
  0.885 1 + 2
    0.12 0.1939 1
    0.885 0.8061 0

10 28 4
  0 0 + 0
  1.304 4 + 1
    1.304 1 0
  3.01 8 + 1
    1.706 1 1
  3.904 8 + 1
    0.894 1 2

10 29 4
  0 3 + 0
  0.232 1 + 1
    0.232 1 0
  0.622 5 + 1
    0.622 1 0
  0.931 7 + 1
    0.931 1 0

10 30 3
  0 0 + 0
  0.792 4 + 1
    0.792 1 0
  2.235 8 + 1
    1.443 1 1

10 31 1
  0 1 - 0

10 32 1
  0 0 + 0

10 33 1
  0 3 - 0

10 34 1
  0 0 + 0

