102 250 2
  0 0 + 0
  1.05 12 + 1
    1.05 1 0

102 251 6
  0 7 + 0
  0.0607 9 + 1
    0.0607 1 0
  0.106 1 + 1
    0.106 1 0
  0.2036 9 - 2
    0.1429 0.4986 1
    0.2036 0.5014 0
  0.9172 7 + 1
    0.7136 1 3
  1.6997 5 + 1
    0.7825 1 4

102 252 11
  0 0 + 0
  0.0464 4 + 1
    0.0464 1 0
  0.1538 8 + 1
    0.1074 1 1
  0.3207 12 + 1
    0.1669 1 2
  0.5445 16 + 1
    0.2238 1 3
  0.8217 20 + 1
    0.2772 1 4
  1.1501 24 + 1
    0.3284 1 5
  1.5256 28 + 1
    0.3755 1 6
  1.9423 32 + 1
    0.4167 1 7
  2.3955 36 + 1
    0.4532 1 8
  2.8792 40 + 1
    0.4837 1 9

102 253 3
  0 9 - 0
  0.054 11 - 1
    0.054 1 0
  0.167 5 + 1
    0.167 1 0

102 254 11
  0 0 + 0
  0.0442 4 + 1
    0.0442 1 0
  0.1453 8 + 1
    0.1011 1 1
  0.3042 12 + 1
    0.1589 1 2
  0.5183 16 + 1
    0.2141 1 3
  0.7855 20 + 1
    0.2672 1 4
  1.1037 24 + 1
    0.3182 1 5
  1.4702 28 + 1
    0.3665 1 6
  1.8842 32 + 1
    0.414 1 7
  2.3402 36 + 1
    0.456 1 8
  2.839 40 + 1
    0.4988 1 9

102 255 1
  0 1 + 0

102 256 1
  0 0 + 0

102 257 1
  0 7 + 0

102 258 1
  0 0 + 0

102 259 1
  0 15 - 0

102 260 1
  0 0 + 0

102 262 1
  0 0 + 0

