15 25 1
  0 1 + 0

15 26 1
  0 6 + 0

15 27 5
  0 1 + 0
  1.12 3 + 1
    1.12 1 0
  1.631 5 + 1
    1.631 1 0
  3.453 7 + 1
    2.333 1 1
  12.752 9 + 1
    11.121 1 2

15 28 33
  0 6 + 0
  0.10564 4 + 1
    0.10564 1 0
  0.877 4 + 1
    0.77136 1 1
  1.134 6 + 2
    1.02836 0.4012 1
    1.134 0.5988 0
  1.313 2 + 2
    0.436 0.5406 2
    1.20736 0.4594 1
  1.516 4 + 1
    1.516 1 0
  1.568 2 + 1
    1.46236 1 1
  2.104 4 + 2
    1.99836 0.5988 1
    2.104 0.4012 0
  2.143 2 + 2
    1.009 0.5 3
    2.143 0.5 0
  2.216 8 + 2
    1.339 0.5 2
    2.11036 0.5 1
  2.406 4 + 2
    1.529 0.5 2
    2.30036 0.5 1
  2.483 0 - 2
    0.915 0.5 6
    1.17 0.5 4
  2.628 8 + 2
    1.751 0.5 2
    2.52236 0.5 1
  2.857 0 - 2
    1.289 0.5 6
    1.544 0.5 4
  2.896 6 + 2
    1.762 0.5 3
    2.896 0.5 0
  2.973 2 + 2
    1.839 0.5 3
    2.973 0.5 0
  3.164 6 + 2
    2.03 0.5 3
    3.164 0.5 0
  3.2 2 - 2
    2.323 0.5 2
    3.09436 0.5 1
  3.25 10 - 2
    0.622 0.5 12
    1.034 0.5 9
  3.512 2 + 2
    2.378 0.5 3
    3.512 0.5 0
  3.558 4 - 2
    2.424 0.5 3
    3.558 0.5 0
  3.728 0 - 2
    2.16 0.5 6
    2.415 0.5 4
  3.806 12 - 1
    3.806 1 0
  3.911 4 + 2
    3.034 0.5 2
    3.80536 0.5 1
  4.15 2 - 2
    3.273 0.5 2
    4.04436 0.5 1
  4.18 6 - 2
    3.303 0.5 2
    4.07436 0.5 1
  4.29 2 - 2
    3.413 0.5 2
    4.18436 0.5 1
  4.5 4 - 2
    3.366 0.5 3
    4.5 0.5 0
  4.63 2 + 2
    3.496 0.5 3
    4.63 0.5 0
  4.94 12 - 1
    1.134 1 22
  4.97 0 - 2
    3.402 0.5 6
    3.657 0.5 4
  5.19 4 - 2
    4.056 0.5 3
    5.19 0.5 0
  5.9 0 + 2
    5.023 0.5 2
    5.79436 0.5 1

15 29 68
  0 1 + 0
  1.38355 3 + 1
    1.38355 1 0
  1.95391 5 + 2
    0.57036 0.080037 1
    1.95391 0.919963 0
  2.4227 3 + 3
    0.46879 0.04031 2
    1.03915 0.120099 1
    2.4227 0.839592 0
  3.1059 5 + 2
    1.15199 0.2424 2
    1.72235 0.7576 1
  3.4476 7 - 2
    0.3417 0.074091 4
    1.49369 0.925909 2
  4.0805 7 + 3
    1.6578 0.041452 3
    2.12659 0.518126 2
    2.69695 0.440422 1
  4.343 3 - 2
    2.95945 0.090082 1
    4.343 0.909918 0
  4.642 7 + 2
    0.5615 0.1304 6
    2.68809 0.8696 2
  4.759 1 + 3
    2.3363 0.050359 3
    3.37545 0.050359 1
    4.759 0.899282 0
  4.9541 5 + 5
    1.8482 0.029981 4
    2.5314 0.111702 3
    3.00019 0.158703 2
    3.57055 0.587912 1
    4.9541 0.111702 0
  5.047 9 + 2
    1.9411 0.5 4
    3.09309 0.5 2
  5.293 7 + 2
    2.1871 0.2188 4
    3.33909 0.7812 2
  5.527 1 - 2
    3.1043 0.5 3
    4.14345 0.5 1
  5.583 3 - 2
    3.62909 0.5 2
    5.583 0.5 0
  5.716 5 - 2
    3.2933 0.5 3
    4.33245 0.5 1
  5.74 7 - 2
    2.6341 0.5 4
    3.78609 0.5 2
  5.826 7 + 2
    3.4033 0.5 3
    4.44245 0.5 1
  5.968 3 + 2
    3.5453 0.5 3
    4.58445 0.5 1
  6.074 5 + 2
    4.12009 0.5 2
    6.074 0.5 0
  6.191 3 - 2
    4.23709 0.5 2
    6.191 0.5 0
  6.328 3 + 2
    3.9053 0.5 3
    4.94445 0.5 1
  6.505 1 - 2
    4.0823 0.5 3
    5.12145 0.5 1
  6.577 1 + 2
    4.62309 0.5 2
    6.577 0.5 0
  6.828 3 + 2
    4.4053 0.5 3
    5.44445 0.5 1
  6.956 1 + 2
    5.00209 0.5 2
    6.956 0.5 0
  7.021 3 - 2
    5.06709 0.5 2
    7.021 0.5 0
  7.148 5 - 2
    4.7253 0.5 3
    5.76445 0.5 1
  7.272 5 + 2
    5.31809 0.5 2
    7.272 0.5 0
  7.361 9 - 2
    2.719 0.5 8
    3.2805 0.5 6
  7.456 11 - 2
    2.409 0.5 11
    4.0084 0.5 5
  7.523 3 + 2
    5.1003 0.5 3
    6.13945 0.5 1
  7.641 1 + 2
    5.68709 0.5 2
    7.641 0.5 0
  7.755 5 + 2
    5.80109 0.5 2
    7.755 0.5 0
  7.95 1 - 2
    5.5273 0.5 3
    6.56645 0.5 1
  7.998 3 - 2
    6.04409 0.5 2
    7.998 0.5 0
  8.105 5 + 2
    6.15109 0.5 2
    8.105 0.5 0
  8.234 3 + 2
    5.8113 0.5 3
    6.85045 0.5 1
  8.297 1 - 2
    5.8743 0.5 3
    6.91345 0.5 1
  8.379 5 + 4
    3.4249 0.1991 10
    5.9563 0.2468 3
    6.42509 0.4329 2
    6.99545 0.1212 1
  8.432 5 + 2
    6.47809 0.5 2
    8.432 0.5 0
  8.51 1 + 2
    6.55609 0.5 2
    8.51 0.5 0
  8.532 3 + 2
    6.1093 0.5 3
    7.14845 0.5 1
  8.645 9 - 2
    4.003 0.5 8
    4.5645 0.5 6
  8.693 3 + 2
    6.2703 0.5 3
    7.30945 0.5 1
  8.78 1 + 2
    6.82609 0.5 2
    8.78 0.5 0
  8.81 13 - 2
    0.165 0.5 43
    1.449 0.5 29
  8.865 3 + 2
    6.4423 0.5 3
    7.48145 0.5 1
  8.915 5 + 2
    6.96109 0.5 2
    8.915 0.5 0
  9.002 7 - 2
    5.8961 0.5 4
    7.04809 0.5 2
  9.079 15 - 1
    1.623 1 30
  9.118 3 - 2
    7.16409 0.5 2
    9.118 0.5 0
  9.301 5 - 2
    6.8783 0.5 3
    7.91745 0.5 1
  9.369 1 - 2
    6.9463 0.5 3
    7.98545 0.5 1
  9.389 3 + 2
    6.9663 0.5 3
    8.00545 0.5 1
  9.455 1 + 2
    7.50109 0.5 2
    9.455 0.5 0
  9.548 1 + 2
    7.59409 0.5 2
    9.548 0.5 0
  9.625 1 + 2
    7.67109 0.5 2
    9.625 0.5 0
  9.66 5 - 2
    7.2373 0.5 3
    8.27645 0.5 1
  9.743 1 + 2
    7.78909 0.5 2
    9.743 0.5 0
  9.76 3 - 2
    7.80609 0.5 2
    9.76 0.5 0
  9.773 7 - 2
    6.6671 0.5 4
    7.81909 0.5 2
  9.815 5 - 2
    7.3923 0.5 3
    8.43145 0.5 1
  9.855 3 - 2
    7.90109 0.5 2
    9.855 0.5 0
  10.095 7 - 2
    6.9891 0.5 4
    8.14109 0.5 2
  10.49 3 + 2
    8.0673 0.5 3
    9.10645 0.5 1
  11.36 5 + 2
    9.40609 0.5 2
    11.36 0.5 0
  11.48 5 + 2
    9.52609 0.5 2
    11.48 0.5 0

15 30 156
  0 2 + 0
  0.67701 0 + 1
    0.67701 1 0
  0.7087 2 + 1
    0.7087 1 0
  1.45423 4 + 2
    0.74553 0.047619 2
    1.45423 0.952381 0
  1.97327 6 + 2
    1.26457 0.5851 2
    1.97327 0.4149 0
  2.53895 6 + 3
    0.56568 0.007595 4
    1.83025 0.031049 2
    2.53895 0.961357 0
  2.72372 4 + 2
    2.01502 0.024961 2
    2.72372 0.975039 0
  2.83934 6 + 3
    1.38511 0.2529 3
    2.13064 0.5203 2
    2.83934 0.2268 0
  2.93746 4 + 5
    0.96419 0.003302 4
    1.48323 0.440221 3
    2.22876 0.054153 2
    2.26045 0.324016 1
    2.93746 0.178309 0
  3.0192 2 + 1
    2.34219 1 1
  3.304 2 + 2
    2.5953 0.5 2
    3.304 0.5 0
  3.7338 2 + 4
    0.79634 0.075528 8
    2.27957 0.098688 3
    3.05679 0.322294 1
    3.7338 0.50349 0
  3.8358 4 + 3
    0.89834 0.70875 8
    2.38157 0.099937 3
    3.1271 0.191313 2
  3.92861 6 + 2
    0.99115 0.6998 8
    2.47438 0.3002 3
  4.14363 4 - 4
    1.20617 0.012979 8
    2.6894 0.074917 3
    3.43493 0.040938 2
    4.14363 0.871165 0
  4.18281 4 + 6
    1.64386 0.063066 5
    2.20954 0.034948 4
    2.72858 0.025078 3
    3.47411 0.759854 2
    3.5058 0.012159 1
    4.18281 0.104894 0
  4.23197 8 - 3
    1.39263 0.026349 7
    1.69302 0.241588 5
    2.2587 0.732063 4
  4.2986 8 + 2
    1.75965 0.187 5
    2.84437 0.813 3
  4.3438 10 + 2
    1.80485 0.050328 5
    2.37053 0.949671 4
  4.4228 4 + 2
    3.7141 0.041229 2
    4.4228 0.958771 0
  4.46833 0 + 2
    3.75963 0.061028 2
    4.46833 0.938972 0
  4.50221 2 + 3
    3.04798 0.562728 3
    3.79351 0.035452 2
    4.50221 0.40182 0
  4.62592 6 - 3
    1.68846 0.292029 8
    2.65265 0.149615 4
    3.17169 0.558356 3
  4.73603 6 + 5
    1.71683 0.019229 9
    1.79857 0.66308 8
    3.2818 0.122696 3
    4.02733 0.075598 2
    4.73603 0.119396 0
  4.926 10 - 2
    0.69403 0.8961 16
    3.47177 0.1039 3
  4.9373 2 + 2
    1.99984 0.1803 8
    4.26029 0.8197 1
  4.9412 2 + 2
    2.96793 0.092564 4
    4.26419 0.907436 1
  4.951 0 - 2
    4.2423 0.5 2
    4.951 0.5 0
  5.027 10 - 2
    0.40108 0.5 22
    0.7284 0.5 17
  5.2068 6 + 2
    4.4981 0.2401 2
    5.2068 0.7599 0
  5.2301 6 - 3
    2.39076 0.26 7
    2.69115 0.24 5
    3.25683 0.5 4
  5.4111 4 - 3
    2.47364 0.3115 8
    2.57176 0.4098 7
    3.43783 0.2787 4
  5.5063 2 + 3
    2.56884 0.02399 8
    4.82929 0.9597 1
    5.5063 0.01631 0
  5.50855 4 + 2
    3.53528 0.48 4
    4.05432 0.52 3
  5.5763 4 + 5
    1.7405 0.022 12
    1.8425 0.02011 11
    4.12207 0.149598 3
    4.8676 0.628494 2
    5.5763 0.179798 0
  5.597 8 + 2
    2.87328 0.5 6
    4.14277 0.5 3
  5.7013 2 + 4
    1.51849 0.132796 15
    2.76384 0.750178 8
    2.97758 0.047259 6
    3.16235 0.069768 5
  5.715 10 + 2
    3.17605 0.5 5
    3.74173 0.5 4
  5.788 6 + 2
    5.0793 0.5 2
    5.788 0.5 0
  5.808 6 + 2
    5.0993 0.5 2
    5.808 0.5 0
  5.896 4 - 2
    5.1873 0.5 2
    5.896 0.5 0
  5.9078 4 - 1
    5.1991 1 2
  5.934 6 + 5
    1.5902 0.421371 18
    2.99654 0.127291 8
    3.09466 0.119292 7
    3.39505 0.021069 5
    3.96073 0.310978 4
  5.993 0 - 2
    5.2843 0.5 2
    5.993 0.5 0
  5.9972 2 + 3
    5.2885 0.31609 2
    5.32019 0.632081 1
    5.9972 0.051828 0
  6.006 6 + 5
    3.16666 0.101389 7
    3.28228 0.139885 6
    3.46705 0.0909 5
    4.03273 0.349662 4
    4.55177 0.318165 3
  6.051 10 + 2
    3.51205 0.5 5
    4.07773 0.5 4
  6.0935 6 - 5
    1.46758 0.50053 22
    1.86153 0.350321 16
    1.94987 0.106106 14
    3.15604 0.028032 8
    3.36978 0.015011 6
  6.178 2 - 2
    4.72377 0.5 3
    5.50099 0.5 1
  6.229 0 - 4
    1.9304 0.108999 17
    2.30039 0.640994 13
    3.69005 0.070509 5
    4.25573 0.179498 4
  6.2687 4 - 4
    3.42936 0.044 7
    3.54498 0.296 6
    3.72975 0.26 5
    4.29543 0.4 4
  6.295 2 - 2
    4.84077 0.5 3
    5.61799 0.5 1
  6.2993 6 + 2
    2.11649 0.2 15
    3.36184 0.8 8
  6.354 4 - 2
    5.6453 0.5 2
    6.354 0.5 0
  6.47 2 - 2
    5.01577 0.5 3
    5.79299 0.5 1
  6.4816 2 + 3
    2.01327 0.2486 20
    2.29879 0.1734 15
    5.80459 0.578 1
  6.5208 8 - 3
    2.01859 0.5319 21
    3.58334 0.2234 8
    3.98185 0.2447 5
  6.5977 4 - 5
    2.2991 0.020919 17
    2.36573 0.026549 16
    2.66909 0.047468 13
    3.75836 0.100596 7
    4.62443 0.804468 4
  6.648 0 - 2
    5.9393 0.5 2
    6.648 0.5 0
  6.6678 4 - 14
    1.0915 0.029259 34
    1.15925 0.006792 33
    2.04188 0.016199 22
    2.43583 0.016199 16
    2.48499 0.190691 15
    2.52417 0.070527 14
    2.832 0.013059 12
    2.934 0.065307 11
    3.6486 0.00209 9
    3.73034 0.522475 8
    3.82846 0.00627 7
    3.94408 0.035008 6
    4.69453 0.020899 4
    5.21357 0.005225 3
  6.788 2 - 2
    5.33377 0.5 3
    6.11099 0.5 1
  6.8539 2 + 12
    2.35169 0.01991 21
    2.38557 0.046939 20
    2.4311 0.001493 19
    2.92529 0.002134 13
    3.8347 0.001422 9
    3.91644 0.152898 8
    4.13018 0.02134 6
    4.31495 0.003556 5
    4.88063 0.003556 4
    6.1452 0.007823 2
    6.17689 0.71119 1
    6.8539 0.02774 0
  6.8734 6 + 10
    1.36485 0.01806 33
    2.64143 0.01696 16
    2.69059 0.047919 15
    2.72977 0.01511 14
    2.94479 0.0118 13
    3.93594 0.287494 8
    4.03406 0.02175 7
    4.14968 0.074818 6
    4.90013 0.137497 4
    5.41917 0.368593 3
  6.877 4 - 9
    2.69419 0.01198 15
    2.73337 0.008982 14
    3.8578 0.0479 9
    3.93954 0.02395 8
    4.03766 0.0232 7
    4.15328 0.03967 6
    5.42277 0.071861 3
    6.1683 0.02395 2
    6.877 0.748506 0
  6.921 2 - 9
    2.41879 0.027161 21
    2.45267 0.130106 20
    2.77737 0.015161 14
    3.0852 0.005054 12
    3.98354 0.013271 8
    4.19728 0.006949 6
    5.46677 0.090334 3
    6.24399 0.63173 1
    6.921 0.080234 0
  6.9783 8 - 9
    1.0443 0.070126 42
    1.46975 0.455373 33
    2.6345 0.037798 18
    3.04969 0.075135 13
    4.04084 0.015029 8
    4.25458 0.079225 6
    4.43935 0.079225 5
    5.00503 0.150291 4
    5.52407 0.037798 3
  6.981 0 - 2
    6.2723 0.5 2
    6.981 0.5 0
  7.0149 4 - 11
    2.38898 0.030044 22
    2.51269 0.261338 21
    2.83209 0.020133 15
    2.87127 0.114117 14
    3.2811 0.017122 11
    3.9957 0.102115 9
    4.29118 0.00691 6
    4.47595 0.039056 5
    5.04163 0.003606 4
    6.3062 0.105115 2
    7.0149 0.300444 0
  7.045 4 - 7
    0.951501 0.1446 47
    1.039 0.04228 45
    1.53645 0.03 33
    2.90137 0.1807 14
    4.20566 0.05012 7
    4.50605 0.3409 5
    5.07173 0.2114 4
  7.0494 8 - 8
    2.1234 0.16641 24
    2.42348 0.152409 22
    2.81743 0.51853 16
    3.12079 0.013171 13
    4.21006 0.036812 7
    4.51045 0.036812 5
    5.07613 0.074664 4
    5.59517 0.001193 3
  7.1191 2 - 5
    1.61055 0.025992 33
    4.18164 0.722051 8
    4.58015 0.028882 5
    5.14583 0.064264 4
    7.1191 0.158811 0
  7.178 2 - 6
    3.03437 0.01504 14
    3.4442 0.0268 11
    4.1588 0.096851 9
    6.4693 0.470105 2
    6.50099 0.109101 1
    7.178 0.282103 0
  7.2024 0 - 1
    2.8586 1 18
  7.20525 4 + 10
    1.19925 0.002582 45
    1.6967 0.047329 33
    2.78245 0.002582 19
    4.26779 0.860585 8
    4.48153 0.01463 6
    4.6663 0.001721 5
    5.23198 0.01033 4
    5.75102 0.01979 3
    6.49655 0.037869 2
    6.52824 0.002582 1
  7.2075 0 + 5
    1.7012 0.156495 32
    2.2702 0.030869 25
    3.4737 0.036609 11
    4.1883 0.717878 9
    6.4988 0.058148 2
  7.2233 4 - 10
    2.59738 0.092482 22
    3.07967 0.467112 14
    3.4895 0.022891 11
    4.2041 0.044841 9
    4.38396 0.01214 7
    4.68435 0.00794 5
    5.25003 0.008874 4
    5.76907 0.046711 3
    6.5146 0.107403 2
    7.2233 0.189605 0
  7.282 6 + 8
    1.7057 0.006306 34
    3.09919 0.136895 15
    3.4462 0.001802 12
    4.34454 0.450483 8
    4.44266 0.032879 7
    4.55828 0.049098 6
    4.74305 0.052248 5
    5.82777 0.27029 3
  7.2834 4 + 13
    2.0766 0.027991 29
    2.3422 0.101803 26
    2.54737 0.038491 23
    2.8606 0.349912 19
    3.35479 0.005598 13
    3.4476 0.029041 12
    3.5496 0.059132 11
    4.34594 0.005248 8
    4.55968 0.115804 6
    5.82917 0.033941 3
    6.5747 0.019941 2
    6.60639 0.023091 1
    7.2834 0.190006 0
  7.3049 4 - 12
    2.80269 0.221407 21
    3.12209 0.060452 15
    3.16127 0.01306 14
    3.5711 0.068422 11
    4.36744 0.186006 8
    4.46556 0.035211 7
    4.58118 0.0031 6
    4.76595 0.009079 5
    5.33163 0.201506 4
    5.85067 0.009079 3
    6.5962 0.181606 2
    7.3049 0.01107 0
  7.3063 4 - 14
    1.0376 0.015221 50
    1.2128 0.040062 47
    2.57027 0.008013 23
    2.8835 0.007212 19
    3.07433 0.011221 16
    3.12349 0.048083 15
    3.16267 0.008013 14
    3.4705 0.047282 12
    4.36884 0.400621 8
    4.46696 0.047282 7
    4.58258 0.035262 6
    5.33303 0.20031 4
    5.85207 0.125407 3
    6.5976 0.00601 2
  7.322 2 - 6
    2.81979 0.220807 21
    3.13919 0.01483 15
    3.17837 0.026041 14
    4.38454 0.299909 8
    5.86777 0.108803 3
    7.322 0.32961 0
  7.347 2 - 2
    5.89277 0.5 3
    6.66999 0.5 1
  7.37 8 - 2
    4.83105 0.5 5
    5.39673 0.5 4
  7.3834 2 - 6
    1.4494 0.084441 42
    1.87485 0.03311 33
    4.44594 0.827808 8
    4.65968 0.01904 6
    5.92917 0.01573 3
    7.3834 0.01987 0
  7.472 0 - 2
    6.7633 0.5 2
    7.472 0.5 0
  7.493 2 + 9
    2.99079 0.076737 21
    3.02467 0.047958 20
    3.31019 0.21969 15
    3.34937 0.006235 14
    4.55554 0.479578 8
    4.76928 0.011989 6
    6.03877 0.012949 3
    6.81599 0.129994 1
    7.493 0.014869 0
  7.5605 6 + 15
    1.5545 0.077072 45
    1.6265 0.120103 42
    1.9842 0.230006 34
    2.05195 0.069932 33
    3.1377 0.006901 19
    3.2167 0.005981 18
    3.2619 0.01104 17
    3.32853 0.004601 16
    3.37769 0.230006 15
    3.41687 0.005291 14
    3.8267 0.086962 11
    4.62304 0.113003 8
    4.83678 0.01104 6
    5.02155 0.01311 5
    6.8518 0.01495 2
  7.5625 4 + 18
    1.2632 0.003991 52
    1.8612 0.117698 36
    2.0562 0.199597 32
    2.3557 0.03093 29
    2.6252 0.048889 25
    2.82647 0.068849 23
    3.1397 0.01038 19
    3.37969 0.003792 15
    3.63389 0.01197 13
    3.7267 0.087809 12
    4.5433 0.01896 9
    4.62504 0.01896 8
    4.83878 0.01197 6
    5.02355 0.03393 5
    6.10827 0.169598 3
    6.8538 0.03492 2
    6.88549 0.01596 1
    7.5625 0.111799 0
  7.5799 4 - 15
    1.4864 0.357894 47
    1.6459 0.01288 42
    2.0036 0.02076 34
    2.95398 0.003937 22
    3.34793 0.0111 16
    3.39709 0.01074 15
    3.43627 0.01503 14
    3.65129 0.01897 13
    3.7441 0.02792 12
    4.64244 0.178997 8
    4.85618 0.218296 6
    5.04095 0.032929 5
    5.60663 0.041879 4
    6.12567 0.035789 3
    7.5799 0.01288 0
  7.605 8 - 11
    2.09645 0.0192 33
    3.10279 0.005236 21
    3.42219 0.03403 15
    4.5858 0.002618 9
    4.66754 0.872597 8
    4.88128 0.009599 6
    5.06605 0.01134 5
    6.15077 0.004363 3
    6.8963 0.01222 2
    6.92799 0.002618 1
    7.605 0.02618 0
  7.636 6 + 16
    1.3367 0.00405 52
    2.4292 0.00589 29
    2.89997 0.118587 23
    3.2132 0.051904 19
    3.3374 0.016938 17
    3.40403 0.032766 16
    3.45319 0.048595 15
    3.70739 0.00994 13
    3.8002 0.117487 12
    4.69854 0.049705 8
    4.79666 0.053754 7
    4.91228 0.082461 6
    5.09705 0.36816 5
    5.66273 0.016938 4
    6.18177 0.006995 3
    7.636 0.015828 0
  7.6443 6 + 16
    1.345 0.003538 52
    2.4375 0.008042 29
    2.90827 0.112609 23
    3.01838 0.004181 22
    3.2215 0.053394 19
    3.3457 0.00965 17
    3.41233 0.017051 16
    3.46149 0.043104 15
    3.50067 0.003216 14
    3.8085 0.12251 12
    4.70684 0.103609 8
    4.80496 0.063365 7
    4.92058 0.104509 6
    5.10535 0.321626 5
    5.67103 0.027022 4
    6.9356 0.002573 2
  7.647 2 - 2
    6.19277 0.5 3
    6.96999 0.5 1
  7.6882 0 - 8
    1.4592 0.037188 49
    2.17965 0.007199 33
    2.2771 0.037787 31
    2.4581 0.169789 30
    3.3444 0.59986 18
    3.3896 0.113992 17
    3.45623 0.008997 16
    7.6882 0.025188 0
  7.742 2 - 6
    4.7228 0.04319 9
    4.80454 0.111701 8
    6.28777 0.152602 3
    7.0333 0.189902 2
    7.06499 0.130301 1
    7.742 0.372304 0
  7.7493 2 + 9
    3.24709 0.035879 21
    3.28097 0.024579 20
    4.7301 0.027909 9
    4.81184 0.664475 8
    5.02558 0.015949 6
    6.29507 0.019929 3
    7.0406 0.009967 2
    7.07229 0.158794 1
    7.7493 0.042518 0
  7.7527 4 - 10
    1.8187 0.397464 42
    2.24415 0.079483 33
    3.82409 0.015099 13
    3.9169 0.044906 12
    4.81524 0.029807 8
    5.21375 0.063584 5
    5.77943 0.089422 4
    6.29847 0.210681 3
    7.044 0.015899 2
    7.7527 0.053655 0
  7.759 6 + 10
    3.25679 0.005081 21
    3.3362 0.01016 19
    3.83039 0.01575 13
    4.82154 0.005081 8
    4.91966 0.072658 7
    5.03528 0.508085 6
    5.22005 0.018799 5
    5.78573 0.129596 4
    6.30477 0.228693 3
    7.759 0.006098 0
  7.7864 12 - 6
    1.7804 0.099087 45
    3.64277 0.024079 14
    3.85779 0.066058 13
    4.94706 0.219193 7
    5.24745 0.300291 5
    5.81313 0.291291 4
  7.803 4 - 2
    7.0943 0.5 2
    7.803 0.5 0
  7.8263 4 - 5
    3.64349 0.540532 15
    3.68267 0.020001 14
    4.8071 0.017841 9
    4.88884 0.17301 8
    6.37207 0.248615 3
  7.8737 8 - 8
    1.9397 0.128299 42
    2.36515 0.108599 33
    2.9477 0.088849 24
    3.13767 0.058899 23
    3.64173 0.329097 16
    5.33475 0.128299 5
    5.90043 0.108599 4
    6.41947 0.04936 3
  7.8838 8 + 10
    3.461 0.013819 19
    3.54 0.230388 18
    3.5852 0.048718 17
    3.95519 0.021069 13
    4.048 0.035878 12
    5.04446 0.329184 7
    5.16008 0.018099 6
    5.34485 0.171191 5
    5.91053 0.061877 4
    6.42957 0.069777 3
  7.892 4 - 4
    3.74837 0.017329 14
    4.8728 0.024259 9
    7.1833 0.091846 2
    7.892 0.866565 0
  7.9209 4 + 13
    2.41235 0.005072 33
    2.7141 0.029298 29
    3.18487 0.062266 23
    3.29498 0.051277 22
    3.77727 0.018029 14
    3.99229 0.061426 13
    4.0851 0.056347 12
    4.98344 0.027048 8
    5.19718 0.030148 6
    5.38195 0.281783 5
    5.94763 0.200088 4
    6.46667 0.064526 3
    7.2122 0.112693 2
  7.9244 6 + 10
    3.18837 0.011191 23
    3.5806 0.14952 18
    3.6258 0.035105 17
    3.74159 0.007122 15
    3.99579 0.012722 13
    5.08506 0.508667 7
    5.38545 0.159721 5
    5.95113 0.107814 4
    6.47017 0.005087 3
    7.2157 0.003052 2
  7.927 8 + 6
    3.5832 0.109798 18
    3.99839 0.089818 13
    5.08766 0.399192 7
    5.38805 0.211596 5
    5.95373 0.139697 4
    6.47277 0.049899 3
  7.932 0 + 2
    6.47777 0.5 3
    7.25499 0.5 1
  7.9967 2 + 6
    2.4904 0.02882 32
    3.0594 0.02882 25
    4.2629 0.056071 11
    4.9775 0.092681 9
    7.31969 0.0148 1
    7.9967 0.778808 0
  8.001 2 - 4
    5.06354 0.109091 8
    6.54677 0.089083 3
    7.2923 0.089083 2
    7.32399 0.712743 1
  8.0074 4 + 13
    2.0734 0.01499 42
    2.4311 0.006519 34
    3.82459 0.200796 15
    4.07879 0.01173 13
    4.2736 0.006519 11
    4.9882 0.002608 9
    5.06994 0.651888 8
    5.28368 0.005215 6
    6.03413 0.007171 4
    6.55317 0.02086 3
    7.2987 0.007171 2
    7.33039 0.005215 1
    8.0074 0.059319 0
  8.0143 4 + 5
    2.50575 0.29943 33
    3.83149 0.290429 15
    6.56007 0.128713 3
    7.3056 0.140714 2
    8.0143 0.140714 0
  8.032 2 - 2
    6.57777 0.5 3
    7.35499 0.5 1
  8.053 2 - 2
    6.59877 0.5 3
    7.37599 0.5 1
  8.096 2 + 2
    7.3873 0.5 2
    8.096 0.5 0
  8.107 4 + 2
    6.65277 0.5 3
    7.42999 0.5 1
  8.151 0 - 2
    7.4423 0.5 2
    8.151 0.5 0
  8.166 2 - 2
    6.71177 0.5 3
    7.48899 0.5 1
  8.181 2 + 2
    7.4723 0.5 2
    8.181 0.5 0
  8.187 6 - 2
    5.46328 0.5 6
    6.73277 0.5 3
  8.206 8 - 2
    5.66705 0.5 5
    6.23273 0.5 4
  8.207 0 + 2
    6.75277 0.5 3
    7.52999 0.5 1
  8.209 0 - 2
    7.5003 0.5 2
    8.209 0.5 0
  8.242 6 - 2
    5.51828 0.5 6
    6.78777 0.5 3
  8.271 4 - 2
    7.5623 0.5 2
    8.271 0.5 0
  8.276 4 - 2
    7.5673 0.5 2
    8.276 0.5 0
  8.278 4 + 2
    6.82377 0.5 3
    7.60099 0.5 1
  8.319 2 + 2
    7.6103 0.5 2
    8.319 0.5 0
  8.35 8 - 2
    5.81105 0.5 5
    6.37673 0.5 4
  8.351 6 - 2
    5.62728 0.5 6
    6.89677 0.5 3
  8.369 4 - 2
    7.6603 0.5 2
    8.369 0.5 0
  8.386 6 + 2
    7.6773 0.5 2
    8.386 0.5 0
  8.398 4 + 2
    6.94377 0.5 3
    7.72099 0.5 1
  8.409 6 - 2
    5.68528 0.5 6
    6.95477 0.5 3
  8.426 2 + 2
    7.7173 0.5 2
    8.426 0.5 0
  8.432 4 + 2
    6.97777 0.5 3
    7.75499 0.5 1
  8.451 2 + 2
    7.7423 0.5 2
    8.451 0.5 0
  8.484 8 - 2
    5.94505 0.5 5
    6.51073 0.5 4
  8.497 2 - 2
    7.04277 0.5 3
    7.81999 0.5 1
  8.519 0 - 2
    7.8103 0.5 2
    8.519 0.5 0
  8.526 2 + 2
    7.8173 0.5 2
    8.526 0.5 0
  8.53 0 - 2
    7.8213 0.5 2
    8.53 0.5 0
  8.557 2 - 2
    7.10277 0.5 3
    7.87999 0.5 1
  8.57 6 + 2
    7.8613 0.5 2
    8.57 0.5 0
  8.582 4 + 2
    7.12777 0.5 3
    7.90499 0.5 1
  8.619 4 + 2
    7.16477 0.5 3
    7.94199 0.5 1
  8.621 2 + 2
    7.9123 0.5 2
    8.621 0.5 0
  8.632 8 - 2
    6.09305 0.5 5
    6.65873 0.5 4
  8.642 6 - 2
    5.91828 0.5 6
    7.18777 0.5 3
  8.647 6 + 2
    7.9383 0.5 2
    8.647 0.5 0
  8.662 4 - 2
    7.9533 0.5 2
    8.662 0.5 0
  8.669 4 - 2
    7.9603 0.5 2
    8.669 0.5 0
  8.708 2 + 2
    7.9993 0.5 2
    8.708 0.5 0
  8.73 8 - 2
    6.19105 0.5 5
    6.75673 0.5 4
  8.755 2 + 2
    8.0463 0.5 2
    8.755 0.5 0
  8.82 0 - 2
    8.1113 0.5 2
    8.82 0.5 0

15 31 172
  0 1 + 0
  1.26615 3 + 1
    1.26615 1 0
  2.2337 5 + 1
    2.2337 1 0
  3.1341 1 + 2
    1.86795 0.027239 1
    3.1341 0.972761 0
  3.295 5 + 3
    1.0613 0.20719 2
    2.02885 0.781861 1
    3.295 0.010949 0
  3.4146 7 + 2
    1.1809 0.027239 2
    2.14845 0.972761 1
  3.5058 3 + 2
    2.23965 0.4083 1
    3.5058 0.5917 0
  4.1903 5 + 2
    1.9566 0.2424 2
    2.92415 0.7576 1
  4.2607 3 + 2
    2.99455 0.2582 1
    4.2607 0.7418 0
  4.4309 7 - 5
    1.0163 0.040912 5
    1.1359 0.398524 4
    2.1972 0.531332 2
    3.16475 0.019131 1
    4.4309 0.010101 0
  4.5936 3 + 3
    2.3599 0.1886 2
    3.32745 0.5714 1
    4.5936 0.24 0
  4.6338 7 + 4
    1.2192 0.362311 5
    1.3388 0.34421 4
    2.4001 0.263408 2
    3.36765 0.030071 1
  4.7831 5 + 4
    1.4881 0.328993 4
    2.5494 0.190496 2
    3.51695 0.047619 1
    4.7831 0.432891 0
  5.0149 3 + 4
    1.5091 0.030221 6
    1.7199 0.020141 4
    3.74875 0.230209 1
    5.0149 0.719429 0
  5.0653 1 + 3
    1.9312 0.020071 3
    3.79915 0.590318 1
    5.0653 0.389612 0
  5.1154 5 + 4
    1.7008 0.14 5
    1.8204 0.11 4
    2.8817 0.25 2
    3.84925 0.5 1
  5.2561 1 + 1
    5.2561 1 0
  5.3431 9 + 3
    1.9285 0.819033 5
    2.0481 0.049962 4
    3.1094 0.131005 2
  5.5293 5 + 3
    2.1147 0.349665 5
    2.2343 0.349665 4
    3.2956 0.30067 2
  5.5592 3 + 2
    3.3255 0.1197 2
    5.5592 0.8803 0
  5.6723 5 + 4
    2.2577 0.098776 5
    3.4386 0.121595 2
    4.40615 0.75987 1
    5.6723 0.019759 0
  5.7731 5 + 5
    1.1393 0.1407 11
    1.5828 0.1185 7
    2.3585 0.3704 5
    3.5394 0.1704 2
    4.50695 0.2 1
  5.8923 9 + 2
    2.4777 0.090082 5
    3.6586 0.909918 2
  5.9879 3 + 2
    2.6929 0.069772 4
    3.7542 0.930228 2
  6.0478 7 + 4
    1.414 0.152 11
    2.6332 0.4 5
    2.7528 0.224 4
    3.8141 0.224 2
  6.0801 9 + 2
    1.4463 0.1197 11
    3.8464 0.8803 2
  6.2331 3 + 3
    2.8185 0.531927 5
    3.9994 0.39892 2
    6.2331 0.069153 0
  6.3366 1 + 1
    6.3366 1 0
  6.3808 3 + 4
    3.0858 0.135786 4
    4.1471 0.617238 2
    5.11465 0.123488 1
    6.3808 0.123488 0
  6.3986 5 - 6
    0.726301 0.042199 20
    1.2832 0.054139 15
    1.9677 0.796184 9
    2.984 0.0199 5
    3.1036 0.062899 4
    4.1649 0.02468 2
  6.4537 11 + 2
    1.1106 0.1071 17
    3.0391 0.8929 5
  6.4608 5 + 2
    3.3267 0.7752 3
    6.4608 0.2248 0
  6.4958 3 - 2
    5.22965 0.2424 1
    6.4958 0.7576 0
  6.5006 9 - 2
    2.0697 0.7519 9
    3.086 0.2481 5
  6.5942 5 - 3
    2.1633 0.228591 9
    2.3335 0.057138 8
    5.32805 0.714271 1
  6.6103 3 - 4
    1.5954 0.450468 13
    2.42 0.067565 7
    5.34415 0.310778 1
    6.6103 0.171188 0
  6.7929 9 - 2
    2.362 0.7519 9
    3.3783 0.2481 5
  6.8251 11 - 2
    1.482 0.4012 17
    2.3942 0.5988 9
  6.8423 1 - 2
    3.5473 0.4012 4
    4.6086 0.5988 2
  6.9092 3 - 2
    4.6755 0.2 2
    6.9092 0.8 0
  6.9317 5 + 2
    2.5008 0.1379 9
    4.698 0.8621 2
  7.068 1 - 2
    3.5622 0.5 6
    5.80185 0.5 1
  7.0799 1 - 2
    2.649 0.5 9
    7.0799 0.5 0
  7.084 7 - 5
    3.5782 0.051276 6
    3.6694 0.427366 5
    3.789 0.200884 4
    4.8503 0.209383 2
    5.81785 0.111091 1
  7.1179 9 + 1
    3.7033 1 5
  7.1406 1 + 2
    5.87445 0.1597 1
    7.1406 0.8403 0
  7.214 3 - 1
    7.214 1 0
  7.3137 7 - 1
    7.3137 1 0
  7.3317 1 - 2
    3.8259 0.5 6
    6.06555 0.5 1
  7.349 3 - 2
    5.1153 0.5 2
    7.349 0.5 0
  7.4412 11 + 2
    0.9875 0.090082 30
    4.0266 0.909918 5
  7.466 3 - 3
    0.965401 0.09909 33
    3.0351 0.450455 9
    4.0514 0.450455 5
  7.687 7 - 1
    5.4533 1 2
  7.715 1 - 2
    4.2092 0.5 6
    6.44885 0.5 1
  7.736 5 - 2
    4.3214 0.5 5
    6.46985 0.5 1
  7.7793 3 - 2
    5.5456 0.5 2
    7.7793 0.5 0
  7.825 1 - 2
    4.3192 0.5 6
    6.55885 0.5 1
  7.852 7 - 1
    7.852 1 0
  7.8968 1 - 2
    4.391 0.5 6
    6.63065 0.5 1
  7.913 3 - 2
    5.6793 0.5 2
    7.913 0.5 0
  7.9455 3 + 2
    4.5309 0.5 5
    6.67935 0.5 1
  7.994 5 - 2
    4.5794 0.5 5
    6.72785 0.5 1
  8.0322 5 - 2
    4.6176 0.5 5
    6.76605 0.5 1
  8.0487 3 - 2
    5.815 0.5 2
    8.0487 0.5 0
  8.085 7 - 2
    4.79 0.5 4
    5.8513 0.5 2
  8.1047 5 + 2
    5.871 0.5 2
    8.1047 0.5 0
  8.208 3 + 2
    4.7934 0.5 5
    6.94185 0.5 1
  8.2247 7 - 2
    4.9297 0.5 4
    5.991 0.5 2
  8.243 5 - 2
    4.8284 0.5 5
    6.97685 0.5 1
  8.2471 3 - 2
    6.0134 0.5 2
    8.2471 0.5 0
  8.3455 1 - 2
    4.8397 0.5 6
    7.07935 0.5 1
  8.3556 5 - 3
    4.1653 0.1988 7
    4.941 0.6024 5
    6.1219 0.1988 2
  8.4338 7 - 2
    5.1388 0.5 4
    6.2001 0.5 2
  8.4609 5 + 2
    6.2272 0.5 2
    8.4609 0.5 0
  8.4702 5 - 2
    5.0556 0.5 5
    7.20405 0.5 1
  8.5435 1 - 2
    5.0377 0.5 6
    7.27735 0.5 1
  8.5521 1 + 2
    6.3184 0.5 2
    8.5521 0.5 0
  8.5553 3 - 2
    6.3216 0.5 2
    8.5553 0.5 0
  8.5755 5 + 2
    6.3418 0.5 2
    8.5755 0.5 0
  8.584 1 - 2
    5.0782 0.5 6
    7.31785 0.5 1
  8.6008 5 + 2
    6.3671 0.5 2
    8.6008 0.5 0
  8.6411 5 + 2
    6.4074 0.5 2
    8.6411 0.5 0
  8.6493 3 + 2
    5.2347 0.5 5
    7.38315 0.5 1
  8.7289 3 + 2
    5.3143 0.5 5
    7.46275 0.5 1
  8.7304 3 - 2
    6.4967 0.5 2
    8.7304 0.5 0
  8.7378 3 + 2
    5.3232 0.5 5
    7.47165 0.5 1
  8.7541 1 - 2
    5.2483 0.5 6
    7.48795 0.5 1
  8.7572 5 + 2
    6.5235 0.5 2
    8.7572 0.5 0
  8.7632 1 + 2
    6.5295 0.5 2
    8.7632 0.5 0
  8.8398 5 + 2
    6.6061 0.5 2
    8.8398 0.5 0
  8.9028 1 + 2
    6.6691 0.5 2
    8.9028 0.5 0
  8.9096 5 + 2
    6.6759 0.5 2
    8.9096 0.5 0
  8.9357 3 + 2
    5.5211 0.5 5
    7.66955 0.5 1
  8.9857 3 - 2
    6.752 0.5 2
    8.9857 0.5 0
  9.0089 5 + 2
    6.7752 0.5 2
    9.0089 0.5 0
  9.046 3 - 2
    6.8123 0.5 2
    9.046 0.5 0
  9.0526 7 - 2
    5.7576 0.5 4
    6.8189 0.5 2
  9.067 5 + 2
    6.8333 0.5 2
    9.067 0.5 0
  9.1134 7 - 2
    5.8184 0.5 4
    6.8797 0.5 2
  9.1155 5 + 2
    6.8818 0.5 2
    9.1155 0.5 0
  9.1285 5 + 2
    6.8948 0.5 2
    9.1285 0.5 0
  9.1309 5 + 2
    6.8972 0.5 2
    9.1309 0.5 0
  9.1542 7 - 2
    5.8592 0.5 4
    6.9205 0.5 2
  9.1563 3 + 2
    5.7417 0.5 5
    7.89015 0.5 1
  9.176 3 - 2
    6.9423 0.5 2
    9.176 0.5 0
  9.2061 7 + 2
    5.7915 0.5 5
    7.93995 0.5 1
  9.2263 1 - 2
    5.7205 0.5 6
    7.96015 0.5 1
  9.2407 3 + 2
    5.8261 0.5 5
    7.97455 0.5 1
  9.2529 7 - 2
    5.9579 0.5 4
    7.0192 0.5 2
  9.2559 7 - 2
    5.9609 0.5 4
    7.0222 0.5 2
  9.2908 3 - 2
    7.0571 0.5 2
    9.2908 0.5 0
  9.3196 1 - 2
    5.8138 0.5 6
    8.05345 0.5 1
  9.3582 7 - 2
    6.0632 0.5 4
    7.1245 0.5 2
  9.3609 7 - 2
    6.0659 0.5 4
    7.1272 0.5 2
  9.3624 3 - 2
    7.1287 0.5 2
    9.3624 0.5 0
  9.3998 1 + 2
    7.1661 0.5 2
    9.3998 0.5 0
  9.4125 7 - 2
    6.1175 0.5 4
    7.1788 0.5 2
  9.4408 3 + 2
    6.0262 0.5 5
    8.17465 0.5 1
  9.4489 5 + 2
    7.2152 0.5 2
    9.4489 0.5 0
  9.477 7 - 2
    6.182 0.5 4
    7.2433 0.5 2
  9.524 3 - 2
    7.2903 0.5 2
    9.524 0.5 0
  9.52935 1 - 2
    6.02355 0.5 6
    8.2632 0.5 1
  9.534 1 - 2
    6.0282 0.5 6
    8.26785 0.5 1
  9.5365 9 + 2
    6.2415 0.5 4
    7.3028 0.5 2
  9.5705 3 - 2
    7.3368 0.5 2
    9.5705 0.5 0
  9.5778 1 - 2
    6.072 0.5 6
    8.31165 0.5 1
  9.5805 3 - 2
    7.3468 0.5 2
    9.5805 0.5 0
  9.5851 1 + 2
    7.3514 0.5 2
    9.5851 0.5 0
  9.5939 13 + 2
    3.7016 0.5 22
    4.2508 0.5 17
  9.5985 1 - 2
    6.0927 0.5 6
    8.33235 0.5 1
  9.6119 3 + 2
    6.1973 0.5 5
    8.34575 0.5 1
  9.659 9 - 2
    5.0252 0.5 11
    6.2444 0.5 5
  9.7205 1 + 2
    7.4868 0.5 2
    9.7205 0.5 0
  9.7228 3 - 2
    7.4891 0.5 2
    9.7228 0.5 0
  9.756 5 + 2
    7.5223 0.5 2
    9.756 0.5 0
  9.76 5 + 2
    7.5263 0.5 2
    9.76 0.5 0
  9.765 3 - 2
    7.5313 0.5 2
    9.765 0.5 0
  9.776 1 - 2
    6.2702 0.5 6
    8.50985 0.5 1
  9.787 3 - 2
    7.5533 0.5 2
    9.787 0.5 0
  9.814 15 + 2
    2.3728 0.5 50
    3.3603 0.5 30
  9.816 3 - 2
    7.5823 0.5 2
    9.816 0.5 0
  9.819 3 - 2
    7.5853 0.5 2
    9.819 0.5 0
  9.84 5 + 2
    7.6063 0.5 2
    9.84 0.5 0
  9.843 3 + 2
    6.4284 0.5 5
    8.57685 0.5 1
  9.852 7 + 2
    6.4374 0.5 5
    8.58585 0.5 1
  9.865 7 - 2
    6.57 0.5 4
    7.6313 0.5 2
  9.867 3 - 2
    7.6333 0.5 2
    9.867 0.5 0
  9.907 9 + 2
    6.612 0.5 4
    7.6733 0.5 2
  9.908 3 - 2
    7.6743 0.5 2
    9.908 0.5 0
  9.925 3 + 2
    6.5104 0.5 5
    8.65885 0.5 1
  9.928 5 + 2
    7.6943 0.5 2
    9.928 0.5 0
  9.941 1 - 2
    6.4352 0.5 6
    8.67485 0.5 1
  9.946 1 + 2
    7.7123 0.5 2
    9.946 0.5 0
  9.963 1 + 2
    7.7293 0.5 2
    9.963 0.5 0
  9.976 5 - 2
    6.5614 0.5 5
    8.70985 0.5 1
  9.988 5 - 2
    6.5734 0.5 5
    8.72185 0.5 1
  9.999 1 + 2
    7.7653 0.5 2
    9.999 0.5 0
  10.017 5 - 2
    6.6024 0.5 5
    8.75085 0.5 1
  10.019 5 - 2
    6.6044 0.5 5
    8.75285 0.5 1
  10.046 5 - 2
    6.6314 0.5 5
    8.77985 0.5 1
  10.075 1 + 2
    7.8413 0.5 2
    10.075 0.5 0
  10.089 9 + 2
    6.794 0.5 4
    7.8553 0.5 2
  10.092 1 + 2
    7.8583 0.5 2
    10.092 0.5 0
  10.093 3 - 2
    7.8593 0.5 2
    10.093 0.5 0
  10.098 3 - 2
    7.8643 0.5 2
    10.098 0.5 0
  10.116 1 - 2
    6.6102 0.5 6
    8.84985 0.5 1
  10.144 17 + 1
    0.550099 1 128
  10.153 1 + 2
    7.9193 0.5 2
    10.153 0.5 0
  10.192 3 + 2
    6.7774 0.5 5
    8.92585 0.5 1
  10.207 7 - 2
    6.912 0.5 4
    7.9733 0.5 2
  10.21 5 + 2
    7.9763 0.5 2
    10.21 0.5 0
  10.225 7 - 2
    6.93 0.5 4
    7.9913 0.5 2

15 32 140
  0 2 + 0
  0.07806 4 + 1
    0.07806 1 0
  0.5127 0 + 1
    0.5127 1 0
  1.14939 2 + 3
    0.63669 0.497485 2
    1.07133 0.427887 1
    1.14939 0.074628 0
  1.32284 4 + 2
    1.24478 0.4062 1
    1.32284 0.5938 0
  1.755 6 + 3
    0.43216 0.020039 4
    1.67694 0.958871 1
    1.755 0.021089 0
  2.1772 6 + 2
    2.09914 0.909918 1
    2.1772 0.090082 0
  2.21779 4 + 4
    0.89495 0.319581 4
    1.0684 0.089155 3
    2.13973 0.121993 1
    2.21779 0.469272 0
  2.2297 2 + 3
    0.90686 0.01934 4
    2.15164 0.920809 1
    2.2297 0.059851 0
  2.65753 4 + 3
    0.90253 0.068965 5
    2.57947 0.241383 1
    2.65753 0.689652 0
  2.74036 2 + 2
    2.22766 0.7519 2
    2.74036 0.2481 0
  3.0046 6 + 4
    0.8274 0.0399 6
    1.68176 0.04414 4
    2.92654 0.8489 1
    3.0046 0.06706 0
  3.149 8 + 4
    0.9718 0.201706 6
    1.394 0.134004 5
    1.82616 0.593118 4
    3.07094 0.071172 1
  3.26399 4 - 6
    1.03429 0.102696 8
    1.50899 0.116495 5
    1.94115 0.178793 4
    2.1146 0.458482 3
    3.18593 0.119695 1
    3.26399 0.023839 0
  3.3199 6 - 2
    1.99706 0.2481 4
    3.24184 0.7519 1
  3.443 8 - 2
    1.2658 0.060153 6
    1.688 0.939847 5
  3.44435 2 - 4
    1.21465 0.160198 8
    2.93165 0.070309 2
    3.36629 0.390596 1
    3.44435 0.378896 0
  3.7961 2 + 2
    2.47326 0.78 4
    3.71804 0.22 1
  3.8803 4 + 2
    3.80224 0.3197 1
    3.8803 0.6803 0
  3.9898 6 + 1
    3.91174 1 1
  4.00893 4 - 4
    0.74494 0.346403 13
    2.68609 0.04399 4
    3.93087 0.284003 1
    4.00893 0.325603 0
  4.0346 8 + 2
    2.2796 0.6494 5
    3.95654 0.3506 1
  4.09244 2 - 8
    0.82845 0.014791 13
    1.43491 0.018151 9
    1.86274 0.036981 8
    2.7696 0.014791 4
    2.94305 0.208407 3
    3.57974 0.672323 2
    4.01438 0.032271 1
    4.09244 0.002286 0
  4.1493 6 - 3
    1.49177 0.1329 9
    1.93151 0.1078 7
    4.07124 0.7593 1
  4.2046 2 + 1
    4.12654 1 1
  4.2752 10 - 2
    0.8322 0.7698 15
    1.1262 0.2302 12
  4.3133 6 + 1
    4.23524 1 1
  4.4093 0 - 2
    3.25991 0.5 3
    4.4093 0.5 0
  4.5482 2 + 1
    4.0355 1 2
  4.5546 4 + 4
    1.55 0.3802 11
    1.89707 0.1597 9
    2.33681 0.1217 7
    2.3774 0.3384 6
  4.611 6 + 2
    3.46161 0.5 3
    4.611 0.5 0
  4.66145 4 - 6
    1.2171 0.02154 16
    1.92109 0.031541 10
    2.43175 0.072311 8
    3.33861 0.050771 4
    3.51206 0.054621 3
    4.66145 0.769215 0
  4.697 6 + 3
    0.6624 0.07832 21
    1.254 0.8244 15
    1.548 0.09728 12
  4.71055 2 + 2
    3.56116 0.4413 3
    4.63249 0.5587 1
  4.7433 10 + 4
    0.7087 0.123112 21
    1.5943 0.467947 12
    1.7387 0.122112 11
    2.5661 0.286829 6
  4.8493 6 + 3
    1.7003 0.443056 12
    2.6721 0.225077 6
    3.0943 0.331867 5
  4.87737 2 - 7
    1.43302 0.021129 16
    1.61338 0.050438 13
    2.13701 0.040218 10
    3.55453 0.081117 4
    4.36467 0.681673 2
    4.79931 0.027949 1
    4.87737 0.097476 0
  4.9425 0 - 2
    3.79311 0.5 3
    4.9425 0.5 0
  5.0062 4 - 2
    3.85681 0.5 3
    5.0062 0.5 0
  5.07244 0 + 3
    2.84274 0.094417 8
    3.92305 0.858374 3
    5.07244 0.047209 0
  5.0809 4 - 2
    1.761 0.6098 14
    3.3259 0.3902 5
  5.126 8 - 2
    2.9488 0.5 6
    3.371 0.5 5
  5.234 0 - 2
    4.08461 0.5 3
    5.234 0.5 0
  5.2529 4 - 1
    1.8099 1 15
  5.34962 4 - 7
    1.25718 0.042309 22
    1.34069 0.083228 20
    2.60926 0.031209 10
    3.11992 0.085998 8
    4.02678 0.01096 4
    4.20023 0.693586 3
    5.34962 0.052709 0
  5.3961 2 - 2
    4.8834 0.5 2
    5.31804 0.5 1
  5.4932 12 - 2
    0.7499 0.5 34
    2.0502 0.5 15
  5.50932 2 - 4
    1.41688 0.23829 22
    4.35993 0.643874 3
    5.43126 0.086927 1
    5.50932 0.030909 0
  5.5543 8 - 2
    3.3771 0.5 6
    3.7993 0.5 5
  5.588 4 - 2
    4.43861 0.5 3
    5.588 0.5 0
  5.6622 0 - 2
    4.51281 0.5 3
    5.6622 0.5 0
  5.6736 2 - 2
    5.1609 0.5 2
    5.59554 0.5 1
  5.70147 4 - 3
    3.48368 0.5 7
    4.55208 0.14 3
    5.62341 0.36 1
  5.7253 2 - 2
    5.2126 0.5 2
    5.64724 0.5 1
  5.77877 2 - 9
    1.23057 0.026051 28
    2.51478 0.152305 13
    3.54907 0.112203 8
    3.56098 0.019031 7
    4.45593 0.026051 4
    4.62938 0.058102 3
    5.26607 0.400712 2
    5.70071 0.080142 1
    5.77877 0.125404 0
  5.8152 6 + 2
    4.66581 0.5 3
    5.8152 0.5 0
  5.8301 4 + 2
    5.3174 0.5 2
    5.75204 0.5 1
  5.8602 0 - 2
    4.71081 0.5 3
    5.8602 0.5 0
  5.969 8 + 2
    4.64616 0.5 4
    5.89094 0.5 1
  5.972 4 - 2
    4.82261 0.5 3
    5.972 0.5 0
  5.989 6 + 2
    4.83961 0.5 3
    5.989 0.5 0
  6.0262 2 - 2
    5.5135 0.5 2
    5.94814 0.5 1
  6.06222 2 - 5
    4.73938 0.140203 4
    4.91283 0.449409 3
    5.54952 0.093932 2
    5.98416 0.042251 1
    6.06222 0.274205 0
  6.1045 6 + 2
    4.95511 0.5 3
    6.1045 0.5 0
  6.131 4 + 2
    5.6183 0.5 2
    6.05294 0.5 1
  6.147 0 - 2
    4.99761 0.5 3
    6.147 0.5 0
  6.16 4 + 2
    5.6473 0.5 2
    6.08194 0.5 1
  6.19632 2 - 3
    5.68362 0.4403 2
    6.11826 0.1502 1
    6.19632 0.4095 0
  6.276 8 + 2
    4.95316 0.5 4
    6.19794 0.5 1
  6.2981 10 - 2
    2.9782 0.5 14
    3.1491 0.5 12
  6.3108 4 + 2
    5.7981 0.5 2
    6.23274 0.5 1
  6.3326 6 - 3
    5.18321 0.1393 3
    6.25454 0.12 1
    6.3326 0.7407 0
  6.378 2 + 2
    5.22861 0.5 3
    6.378 0.5 0
  6.394 4 - 2
    5.24461 0.5 3
    6.394 0.5 0
  6.413 0 + 2
    5.9003 0.5 2
    6.33494 0.5 1
  6.434 6 - 2
    5.11116 0.5 4
    6.35594 0.5 1
  6.477 2 + 2
    5.32761 0.5 3
    6.477 0.5 0
  6.5314 4 - 2
    5.38201 0.5 3
    6.5314 0.5 0
  6.55797 8 + 3
    1.20835 0.723093 44
    6.47991 0.081709 1
    6.55797 0.195198 0
  6.58193 2 - 3
    5.43254 0.169 3
    6.50387 0.4695 1
    6.58193 0.3615 0
  6.682 4 + 2
    6.1693 0.5 2
    6.60394 0.5 1
  6.685 6 - 2
    5.36216 0.5 4
    6.60694 0.5 1
  6.7053 0 + 2
    6.1926 0.5 2
    6.62724 0.5 1
  6.7078 2 - 2
    6.1951 0.5 2
    6.62974 0.5 1
  6.7338 4 + 2
    6.2211 0.5 2
    6.65574 0.5 1
  6.7381 6 - 2
    5.41526 0.5 4
    6.66004 0.5 1
  6.7837 2 + 3
    4.04334 0.181 10
    4.12617 0.6831 9
    5.63431 0.1359 3
  6.8577 4 - 2
    5.70831 0.5 3
    6.8577 0.5 0
  6.997 8 + 2
    5.67416 0.5 4
    6.91894 0.5 1
  7.067 0 - 2
    5.91761 0.5 3
    7.067 0.5 0
  7.34 2 + 2
    6.19061 0.5 3
    7.34 0.5 0
  7.3431 4 - 2
    6.19371 0.5 3
    7.3431 0.5 0
  7.393 6 + 2
    6.24361 0.5 3
    7.393 0.5 0
  7.655 10 - 2
    4.3351 0.5 14
    4.506 0.5 12
  7.679 2 + 2
    6.52961 0.5 3
    7.679 0.5 0
  7.767 4 - 2
    6.61761 0.5 3
    7.767 0.5 0
  7.807 6 + 2
    6.65761 0.5 3
    7.807 0.5 0
  7.81 2 - 2
    7.2973 0.5 2
    7.73194 0.5 1
  7.852 4 + 2
    7.3393 0.5 2
    7.77394 0.5 1
  7.875 0 - 2
    6.72561 0.5 3
    7.875 0.5 0
  7.926 8 + 2
    6.60316 0.5 4
    7.84794 0.5 1
  7.94 2 - 2
    7.4273 0.5 2
    7.86194 0.5 1
  7.958 4 + 2
    7.4453 0.5 2
    7.87994 0.5 1
  7.9624 6 - 2
    6.63956 0.5 4
    7.88434 0.5 1
  7.991 2 + 2
    6.84161 0.5 3
    7.991 0.5 0
  8.0179 4 - 2
    6.86851 0.5 3
    8.0179 0.5 0
  8.0263 6 + 2
    6.87691 0.5 3
    8.0263 0.5 0
  8.0383 0 - 2
    6.88891 0.5 3
    8.0383 0.5 0
  8.0406 2 + 2
    6.89121 0.5 3
    8.0406 0.5 0
  8.0463 4 - 2
    6.89691 0.5 3
    8.0463 0.5 0
  8.0794 8 + 2
    6.75656 0.5 4
    8.00134 0.5 1
  8.0826 6 - 2
    6.75976 0.5 4
    8.00454 0.5 1
  8.0877 2 + 2
    6.93831 0.5 3
    8.0877 0.5 0
  8.0907 2 + 2
    6.94131 0.5 3
    8.0907 0.5 0
  8.0929 4 - 2
    6.94351 0.5 3
    8.0929 0.5 0
  8.099 4 - 2
    6.94961 0.5 3
    8.099 0.5 0
  8.1142 0 + 2
    7.6015 0.5 2
    8.03614 0.5 1
  8.1494 6 - 2
    6.82656 0.5 4
    8.07134 0.5 1
  8.1542 14 + 2
    2.661 0.5 46
    3.4109 0.5 34
  8.1575 4 - 2
    7.00811 0.5 3
    8.1575 0.5 0
  8.1672 2 + 2
    7.01781 0.5 3
    8.1672 0.5 0
  8.1833 8 - 2
    6.0061 0.5 6
    6.4283 0.5 5
  8.1973 6 + 2
    7.04791 0.5 3
    8.1973 0.5 0
  8.2024 4 - 2
    7.05301 0.5 3
    8.2024 0.5 0
  8.2421 2 + 2
    7.09271 0.5 3
    8.2421 0.5 0
  8.247 0 - 2
    7.09761 0.5 3
    8.247 0.5 0
  8.2799 4 + 2
    7.7672 0.5 2
    8.20184 0.5 1
  8.2856 2 - 2
    7.7729 0.5 2
    8.20754 0.5 1
  8.292 6 + 2
    7.14261 0.5 3
    8.292 0.5 0
  8.29685 10 - 2
    4.97695 0.5 14
    5.14785 0.5 12
  8.3008 4 + 2
    7.7881 0.5 2
    8.22274 0.5 1
  8.3307 2 - 2
    7.818 0.5 2
    8.25264 0.5 1
  8.3376 8 + 2
    7.01476 0.5 4
    8.25954 0.5 1
  8.3547 6 - 2
    7.03186 0.5 4
    8.27664 0.5 1
  8.3577 4 + 2
    7.845 0.5 2
    8.27964 0.5 1
  8.359 2 - 2
    7.8463 0.5 2
    8.28094 0.5 1
  8.363 0 + 2
    7.8503 0.5 2
    8.28494 0.5 1
  8.3839 4 - 2
    7.23451 0.5 3
    8.3839 0.5 0
  8.4069 2 + 2
    7.25751 0.5 3
    8.4069 0.5 0
  8.415 6 - 2
    7.09216 0.5 4
    8.33694 0.5 1

15 33 48
  0 1 + 0
  1.4316 3 + 1
    1.4316 1 0
  1.8476 5 + 2
    0.416 0.063681 1
    1.8476 0.936319 0
  2.5383 3 + 3
    0.6907 0.069733 2
    1.1067 0.079933 1
    2.5383 0.850334 0
  3.2753 3 + 2
    1.4277 0.5208 2
    3.2753 0.4792 0
  3.4908 5 + 3
    1.6432 0.539395 2
    2.0592 0.420696 1
    3.4908 0.03991 0
  3.6285 7 + 2
    1.7809 0.3007 2
    2.1969 0.6993 1
  3.9902 9 + 1
    2.1426 1 2
  4.048 5 + 4
    0.7727 0.069231 4
    1.5097 0.107702 3
    2.6164 0.769215 1
    4.048 0.053851 0
  4.1935 5 + 1
    4.1935 1 0
  4.226 7 - 2
    0.7352 0.1023 5
    2.3784 0.8977 2
  4.8561 5 - 2
    3.0085 0.8 2
    4.8561 0.2 0
  5.049 5 + 4
    2.5107 0.048781 3
    3.2014 0.346307 2
    3.6174 0.117102 1
    5.049 0.48781 0
  5.191 3 + 2
    3.3434 0.3711 2
    3.7594 0.6289 1
  5.207 3 - 1
    0.981 1 10
  5.221 5 - 1
    0.995 1 10
  5.2353 3 - 1
    1.0093 1 10
  5.411 5 + 2
    2.8727 0.3007 3
    3.5634 0.6993 2
  5.4528 9 - 2
    1.2268 0.914909 10
    1.8243 0.085091 6
  5.4978 9 + 2
    1.2718 0.8333 10
    3.6502 0.1667 2
  5.549 5 + 1
    1.3555 1 9
  5.558 3 - 2
    3.7104 0.5 2
    5.558 0.5 0
  5.6383 11 - 2
    0.1855 0.4597 18
    1.4123 0.5403 10
  5.674 1 + 1
    5.674 1 0
  5.731 3 - 2
    3.8834 0.5 2
    5.731 0.5 0
  5.785 3 - 1
    5.785 1 0
  5.816 3 + 3
    2.1875 0.29963 6
    3.9684 0.361036 2
    4.3844 0.339334 1
  5.931 1 - 2
    3.3927 0.5 3
    4.4994 0.5 1
  5.97 5 + 1
    5.97 1 0
  6.115 3 - 2
    1.9215 0.5587 9
    2.067 0.4413 8
  6.124 3 + 1
    6.124 1 0
  6.182 5 + 2
    2.134 0.5 8
    6.182 0.5 0
  6.327 1 - 2
    3.7887 0.5 3
    4.8954 0.5 1
  6.432 5 + 2
    4.5844 0.5 2
    6.432 0.5 0
  6.509 1 - 2
    3.9707 0.5 3
    5.0774 0.5 1
  6.559 7 - 2
    3.0682 0.5 5
    4.7114 0.5 2
  6.82 5 + 2
    4.9724 0.5 2
    6.82 0.5 0
  6.9383 15 - 1
    1.3 1 22
  6.9517 1 - 1
    1.3134 1 22
  7.146 5 + 2
    5.2984 0.5 2
    7.146 0.5 0
  7.31 7 - 2
    3.8192 0.5 5
    5.4624 0.5 2
  7.564 1 - 2
    5.0257 0.5 3
    6.1324 0.5 1
  7.9666 17 + 1
    1.0283 1 37
  8.08 7 - 2
    4.5892 0.5 5
    6.2324 0.5 2
  8.51 1 - 2
    5.9717 0.5 3
    7.0784 0.5 1
  8.85 7 - 2
    5.3592 0.5 5
    7.0024 0.5 2
  9.94 1 - 2
    7.4017 0.5 3
    8.5084 0.5 1
  10.12 3 - 2
    8.2724 0.5 2
    10.12 0.5 0

15 34 13
  0 2 + 0
  0.42907 4 + 1
    0.42907 1 0
  1.6076 2 + 2
    1.17853 0.641 1
    1.6076 0.359 0
  2.232 6 + 2
    0.6244 0.5 2
    2.232 0.5 0
  2.3049 0 + 1
    1.87583 1 1
  2.68 8 + 1
    2.25093 1 1
  3.09 4 + 2
    0.7851 0.5 4
    2.66093 0.5 1
  3.29 10 + 1
    1.058 1 3
  3.48 6 + 2
    1.8724 0.5 2
    3.48 0.5 0
  3.56 4 - 2
    1.9524 0.5 2
    3.56 0.5 0
  4.31 2 - 2
    2.0051 0.5 4
    3.88093 0.5 1
  4.44 0 - 2
    2.8324 0.5 2
    4.44 0.5 0
  4.74 6 - 2
    2.06 0.5 5
    4.31093 0.5 1

15 35 20
  0 1 + 0
  2.3864 3 + 1
    2.3864 1 0
  3.8597 5 + 2
    1.4733 0.1228 1
    3.8597 0.8772 0
  4.101 1 + 3
    0.2413 0.3916 2
    1.7146 0.0884 1
    4.101 0.52 0
  4.4934 3 - 2
    0.3924 0.7299 3
    0.6337 0.2701 2
  4.665 5 + 2
    0.8053 0.5 2
    4.665 0.5 0
  4.8693 5 - 2
    0.7683 0.4012 3
    1.0096 0.5988 2
  5.022 7 - 2
    0.5286 0.5 4
    1.1623 0.5 2
  5.197 5 + 2
    1.3373 0.5 2
    5.197 0.5 0
  5.5599 1 + 2
    1.4589 0.2481 3
    3.1735 0.7519 1
  5.86 3 - 2
    2.0003 0.5 2
    5.86 0.5 0
  6.0358 1 + 1
    1.9348 1 3
  6.44 9 - 1
    1.5707 1 6
  7.05 7 - 2
    2.5566 0.5 4
    3.1903 0.5 2
  7.44 3 - 2
    3.5803 0.5 2
    7.44 0.5 0
  7.59 11 - 2
    0.54 0.5 13
    2.568 0.5 7
  7.92 3 + 2
    3.0507 0.5 6
    5.5336 0.5 1
  8.39 7 - 2
    3.8966 0.5 4
    4.5303 0.5 2
  8.6 5 + 2
    4.7403 0.5 2
    8.6 0.5 0
  9.29 3 - 2
    5.4303 0.5 2
    9.29 0.5 0

15 36 6
  0 8 - 0
  0.2499 0 - 1
    0.2499 1 0
  0.4249 2 + 2
    0.175 0.6799 1
    0.4249 0.3201 0
  1.3031 2 + 2
    0.8782 0.961538 2
    1.0532 0.038462 1
  1.3463 4 + 1
    0.9214 1 2
  2.281 2 + 3
    0.9347 0.261374 4
    0.9779 0.170483 3
    1.8561 0.568143 2

15 37 1
  0 1 + 0

15 38 1
  0 4 - 0

15 39 4
  0 1 + 0
  0.352 3 + 1
    0.352 1 0
  0.966 5 + 2
    0.614 0.4012 1
    0.966 0.5988 0
  2.167 7 + 1
    1.201 1 2

15 40 1
  0 6 - 0

15 41 4
  0 1 + 0
  0.173 3 + 1
    0.173 1 0
  1.14 5 + 2
    0.967 0.5 1
    1.14 0.5 0
  1.56 3 + 2
    0.42 0.5 2
    1.387 0.5 1

15 42 1
  0 2 - 0

15 43 2
  0 1 + 0
  0.184 3 + 1
    0.184 1 0

15 44 1
  0 2 - 0

15 45 1
  0 1 + 0

15 46 1
  0 4 - 0

