91 212 1
  0 10 + 0

91 213 1
  0 1 - 0

91 214 1
  0 14 + 0

91 215 1
  0 9 - 0

91 216 1
  0 10 + 0

91 217 2
  0 9 - 0
  1.85 1 - 1
    1.85 1 0

91 218 1
  0 2 - 0

91 219 1
  0 9 - 0

91 220 1
  0 2 - 0

91 221 1
  0 9 - 0

91 222 1
  0 4 - 0

91 223 2
  0 1 + 0
  0.027 3 + 1
    0.027 1 0

91 224 1
  0 0 - 0

91 225 1
  0 5 - 0

91 226 1
  0 2 + 0

91 227 1
  0 5 - 0

91 228 1
  0 6 + 0

91 229 82
  0 5 + 0
  0.0114 7 + 1
    0.0114 1 0
  0.01915 3 - 1
    0.01915 1 0
  0.0267 1 - 1
    0.0267 1 0
  0.0591 9 + 1
    0.0477 1 1
  0.0681 7 - 1
    0.04895 1 2
  0.0952 11 + 1
    0.0838 1 1
  0.0993 5 - 2
    0.0726 0.5 3
    0.0879 0.5 1
  0.1341 5 - 1
    0.11495 1 2
  0.178 11 - 3
    0.0828 0.333333 6
    0.1099 0.333333 5
    0.1189 0.333333 4
  0.22 9 - 2
    0.042 0.5 9
    0.0859 0.5 8
  0.22245 3 + 2
    0.08835 0.7865 8
    0.21105 0.2135 1
  0.2519 1 + 2
    0.23275 0.5 2
    0.2519 0.5 0
  0.25334 7 + 2
    0.11924 0.1649 8
    0.24194 0.8351 1
  0.2841 5 + 2
    0.26495 0.5 2
    0.2841 0.5 0
  0.303 3 + 2
    0.2763 0.5 3
    0.2916 0.5 1
  0.3381 15 - 1
    0.1601 1 9
  0.3773 9 + 1
    0.1993 1 9
  0.3862 13 - 2
    0.0481 0.5 16
    0.2082 0.5 9
  0.3924 7 + 1
    0.1724 1 10
  0.47026 17 - 2
    0.21692 0.2958 13
    0.24781 0.7042 11
  0.5206 11 + 3
    0.1282 0.333333 19
    0.1344 0.333333 18
    0.3006 0.333333 10
  0.53345 13 + 3
    0.15615 0.333333 17
    0.19535 0.333333 16
    0.35545 0.333333 9
  0.5453 19 - 1
    0.2072 1 16
  0.5942 17 - 1
    0.2561 1 16
  0.6892 15 + 2
    0.1686 0.5 21
    0.303 0.5 18
  0.7123 17 + 3
    0.167 0.333333 23
    0.17885 0.333333 22
    0.3742 0.333333 16
  0.7144 3 - 2
    0.69525 0.5 2
    0.7144 0.5 0
  0.7387 1 - 2
    0.6394 0.5 7
    0.712 0.5 3
  0.7674 7 - 2
    0.74825 0.5 2
    0.7674 0.5 0
  0.7884 9 + 2
    0.7293 0.5 4
    0.7884 0.5 0
  0.7946 23 - 1
    0.2493 1 23
  0.8121 5 - 2
    0.7854 0.5 3
    0.8007 0.5 1
  0.8408 21 - 1
    0.2955 1 23
  0.8421 3 - 2
    0.82295 0.5 2
    0.8421 0.5 0
  0.8582 1 - 2
    0.7589 0.5 7
    0.8315 0.5 3
  0.8766 7 - 2
    0.85745 0.5 2
    0.8766 0.5 0
  0.9029 5 - 2
    0.8762 0.5 3
    0.8915 0.5 1
  0.9421 11 - 2
    0.874 0.5 5
    0.883 0.5 4
  0.978 3 - 2
    0.95885 0.5 2
    0.978 0.5 0
  0.9912 3 - 2
    0.97205 0.5 2
    0.9912 0.5 0
  1.0059 3 - 2
    0.98675 0.5 2
    1.0059 0.5 0
  1.0242 9 + 2
    0.9651 0.5 4
    1.0242 0.5 0
  1.0336 5 + 2
    1.01445 0.5 2
    1.0336 0.5 0
  1.0685 7 + 2
    0.9733 0.5 6
    1.0571 0.5 1
  1.0755 9 + 2
    1.0164 0.5 4
    1.0755 0.5 0
  1.085 13 + 2
    0.907 0.5 9
    1.0259 0.5 4
  1.1164 3 - 2
    1.09725 0.5 2
    1.1164 0.5 0
  1.1329 5 + 2
    1.11375 0.5 2
    1.1329 0.5 0
  1.1459 7 + 2
    1.0507 0.5 6
    1.1345 0.5 1
  1.1613 11 + 2
    1.0661 0.5 6
    1.1499 0.5 1
  1.1726 9 + 2
    1.1135 0.5 4
    1.1726 0.5 0
  1.1855 5 + 2
    1.16635 0.5 2
    1.1855 0.5 0
  1.1961 7 + 2
    1.1009 0.5 6
    1.1847 0.5 1
  1.2114 13 + 2
    1.0334 0.5 9
    1.1523 0.5 4
  1.2201 9 - 2
    1.1249 0.5 6
    1.2087 0.5 1
  1.2408 11 + 2
    1.1456 0.5 6
    1.2294 0.5 1
  1.2643 5 - 2
    1.2376 0.5 3
    1.2529 0.5 1
  1.2985 7 + 2
    1.2033 0.5 6
    1.2871 0.5 1
  1.3138 1 - 2
    1.2145 0.5 7
    1.2871 0.5 3
  1.3706 3 - 2
    1.35145 0.5 2
    1.3706 0.5 0
  1.4125 3 - 2
    1.39335 0.5 2
    1.4125 0.5 0
  1.4386 3 - 2
    1.41945 0.5 2
    1.4386 0.5 0
  1.4688 3 - 2
    1.44965 0.5 2
    1.4688 0.5 0
  1.4909 9 + 2
    1.4318 0.5 4
    1.4909 0.5 0
  1.5218 3 - 2
    1.50265 0.5 2
    1.5218 0.5 0
  1.5353 3 - 2
    1.51615 0.5 2
    1.5353 0.5 0
  1.5516 1 - 2
    1.4523 0.5 7
    1.5249 0.5 3
  1.5814 7 - 2
    1.56225 0.5 2
    1.5814 0.5 0
  1.6043 5 - 2
    1.5776 0.5 3
    1.5929 0.5 1
  1.61 1 + 2
    1.59085 0.5 2
    1.61 0.5 0
  1.6284 5 + 2
    1.60925 0.5 2
    1.6284 0.5 0
  1.648 3 + 2
    1.6213 0.5 3
    1.6366 0.5 1
  1.6646 11 + 2
    1.5694 0.5 6
    1.6532 0.5 1
  1.6783 11 - 2
    1.6102 0.5 5
    1.6192 0.5 4
  1.6978 9 + 2
    1.6387 0.5 4
    1.6978 0.5 0
  1.7205 9 - 2
    1.6253 0.5 6
    1.7091 0.5 1
  1.7429 7 + 2
    1.6477 0.5 6
    1.7315 0.5 1
  1.7537 13 + 2
    1.5757 0.5 9
    1.6946 0.5 4
  1.7683 5 + 2
    1.74915 0.5 2
    1.7683 0.5 0
  1.7848 7 + 2
    1.6896 0.5 6
    1.7734 0.5 1
  1.8442 15 + 2
    1.458 0.5 18
    1.749 0.5 6

91 230 1
  0 4 - 0

91 231 87
  0 3 - 0
  0.009206 1 - 1
    0.009206 1 0
  0.05857 7 - 1
    0.05857 1 0
  0.077685 5 - 2
    0.068479 0.911018 1
    0.077685 0.088982 0
  0.084215 5 + 2
    0.025645 0.7696 2
    0.084215 0.2304 0
  0.101409 7 + 1
    0.042839 1 2
  0.106961 3 + 3
    0.022746 0.969992 4
    0.097755 0.002978 1
    0.106961 0.02703 0
  0.111653 9 + 1
    0.010244 1 5
  0.134 11 + 1
    0.032591 1 5
  0.1686 11 - 1
    0.11003 1 2
  0.1715 11 + 2
    0.059847 0.5 7
    0.070091 0.5 5
  0.174161 5 - 5
    0.072752 0.206212 5
    0.089946 0.737742 4
    0.115591 0.007403 2
    0.164955 0.00546 1
    0.174161 0.043182 0
  0.183496 5 + 6
    0.076535 0.634172 6
    0.082087 0.287487 5
    0.099281 0.069437 4
    0.105811 0.000636 3
    0.124926 0.005548 2
    0.183496 0.00272 0
  0.1889 13 + 1
    0.077247 1 7
  0.1935 9 - 1
    0.115815 1 3
  0.21824 7 - 5
    0.044079 0.717857 11
    0.106587 0.063555 7
    0.116831 0.098888 5
    0.134025 0.103008 4
    0.140555 0.016691 3
  0.24732 7 + 7
    0.063824 0.301087 12
    0.135667 0.270589 7
    0.140359 0.007261 6
    0.145911 0.073497 5
    0.163105 0.345685 4
    0.169635 0.000548 3
    0.18875 0.001333 2
  0.272 9 - 2
    0.170591 0.5 5
    0.194315 0.5 3
  0.2738 1 + 5
    0.166839 0.537484 6
    0.189585 0.00445 4
    0.196115 0.035179 3
    0.264594 0.112197 1
    0.2738 0.310691 0
  0.2966 15 - 2
    0.1077 0.5 13
    0.128 0.5 9
  0.3007 15 + 2
    0.1118 0.5 13
    0.1292 0.5 10
  0.304 9 + 2
    0.219785 0.5 4
    0.24543 0.5 2
  0.3115 5 + 3
    0.233815 0.381 3
    0.25293 0.3014 2
    0.3115 0.3176 0
  0.3168 17 + 1
    0.1279 1 13
  0.31795 3 + 3
    0.240265 0.3947 3
    0.308744 0.4806 1
    0.31795 0.1247 0
  0.320209 3 - 6
    0.136713 0.083232 12
    0.213248 0.658716 6
    0.235994 0.151604 4
    0.242524 0.026911 3
    0.311003 0.076152 1
    0.320209 0.003386 0
  0.3287 15 - 2
    0.1398 0.0724 13
    0.1601 0.9276 9
  0.34 11 - 2
    0.228347 0.5 7
    0.28143 0.5 2
  0.3515 13 - 3
    0.158 0.295582 14
    0.1829 0.018159 9
    0.267285 0.686259 4
  0.36842 5 - 5
    0.261459 0.2781 6
    0.267011 0.2339 5
    0.284205 0.4379 4
    0.290735 0.01915 3
    0.36842 0.03095 0
  0.385 7 - 2
    0.32643 0.5 2
    0.385 0.5 0
  0.3917 9 + 2
    0.2231 0.2894 9
    0.33313 0.7106 2
  0.409 7 + 2
    0.2155 0.4128 14
    0.331315 0.5872 3
  0.4245 1 - 2
    0.346815 0.5 3
    0.415294 0.5 1
  0.443 3 - 2
    0.38443 0.5 2
    0.443 0.5 0
  0.455 13 + 2
    0.2864 0.5 9
    0.343347 0.5 7
  0.4875 19 + 2
    0.1707 0.5 23
    0.1868 0.5 20
  0.495 21 + 1
    0.1782 1 23
  0.507 5 - 2
    0.429315 0.5 3
    0.497794 0.5 1
  0.5135 9 - 2
    0.412091 0.5 5
    0.435815 0.5 3
  0.5252 13 + 2
    0.1965 0.2786 26
    0.3566 0.7214 9
  0.5357 19 - 1
    0.207 1 26
  0.5433 11 + 1
    0.3498 1 14
  0.5513 17 - 1
    0.1998 1 28
  0.5675 7 - 2
    0.50893 0.5 2
    0.5675 0.5 0
  0.5835 3 + 2
    0.505815 0.5 3
    0.574294 0.5 1
  0.59 5 - 2
    0.512315 0.5 3
    0.580794 0.5 1
  0.604 3 - 2
    0.54543 0.5 2
    0.604 0.5 0
  0.6317 5 - 2
    0.554015 0.5 3
    0.622494 0.5 1
  0.676 7 - 2
    0.61743 0.5 2
    0.676 0.5 0
  0.7 9 + 2
    0.615785 0.5 4
    0.64143 0.5 2
  0.7051 17 + 2
    0.1799 0.5022 40
    0.3764 0.4978 26
  0.7169 15 + 2
    0.1736 0.4397 42
    0.3654 0.5603 28
  0.7221 25 + 1
    0.2271 1 37
  0.7285 23 + 2
    0.2335 0.5 37
    0.241 0.5 36
  0.75 1 - 2
    0.672315 0.5 3
    0.740794 0.5 1
  0.7855 23 - 1
    0.2498 1 41
  0.788 21 - 1
    0.2367 1 43
  0.801 11 - 2
    0.689347 0.5 7
    0.74243 0.5 2
  0.815 7 + 2
    0.713591 0.5 5
    0.737315 0.5 3
  0.8573 9 + 2
    0.773085 0.5 4
    0.79873 0.5 2
  0.874 3 + 2
    0.796315 0.5 3
    0.864794 0.5 1
  0.9016 5 - 2
    0.823915 0.5 3
    0.892394 0.5 1
  0.9176 7 + 2
    0.816191 0.5 5
    0.839915 0.5 3
  0.9274 19 + 2
    0.2105 0.3965 52
    0.3761 0.6035 43
  0.9301 21 + 2
    0.225 0.5192 51
    0.3944 0.4808 41
  0.9447 9 - 2
    0.843291 0.5 5
    0.867015 0.5 3
  0.9679 5 - 2
    0.890215 0.5 3
    0.958694 0.5 1
  0.9948 29 + 1
    0.2727 1 53
  1.0196 27 + 2
    0.2911 0.5 54
    0.2975 0.5 53
  1.0484 3 - 2
    0.98983 0.5 2
    1.0484 0.5 0
  1.0571 25 - 2
    0.2691 0.3474 57
    0.2716 0.6526 56
  1.0756 27 - 1
    0.2901 1 56
  1.0864 7 + 2
    0.984991 0.5 5
    1.00872 0.5 3
  1.1368 11 - 2
    1.02515 0.5 7
    1.07823 0.5 2
  1.1585 1 + 2
    1.07429 0.5 4
    1.1585 0.5 0
  1.19 5 - 2
    1.11231 0.5 3
    1.18079 0.5 1
  1.2213 9 + 2
    1.13709 0.5 4
    1.16273 0.5 2
  1.309 33 + 1
    0.3142 1 68
  1.3563 29 - 2
    0.2807 0.5 72
    0.2992 0.5 71
  1.3579 31 + 1
    0.3383 1 69
  1.3992 31 - 2
    0.3236 0.5 72
    0.4044 0.5 68
  1.6616 37 + 1
    0.3526 1 78
  1.684 33 - 1
    0.3277 1 79
  1.7549 35 - 2
    0.3557 0.5 81
    0.4459 0.5 78
  2.0412 37 - 1
    0.3572 1 83
  2.14 39 - 2
    0.3851 0.5 84
    0.4784 0.5 82

91 232 1
  0 4 - 0

91 233 94
  0 3 - 0
  0.006671 1 - 1
    0.006671 1 0
  0.0571 7 - 1
    0.0571 1 0
  0.070544 5 - 2
    0.063873 0.8872 1
    0.070544 0.1128 0
  0.086468 5 + 2
    0.029368 0.6719 2
    0.086468 0.3281 0
  0.094646 3 + 2
    0.087975 0.193 1
    0.094646 0.807 0
  0.103635 7 + 2
    0.017167 0.5 4
    0.046535 0.5 2
  0.10907 9 + 2
    0.022602 0.5 4
    0.05197 0.5 2
  0.1332 11 + 1
    0.02413 1 7
  0.16351 11 - 2
    0.05444 0.5 7
    0.10641 0.5 2
  0.169166 1 + 3
    0.07452 0.5103 5
    0.162495 0.1509 1
    0.169166 0.3388 0
  0.173 13 + 2
    0.00949 0.5 9
    0.06393 0.5 7
  0.179 9 - 1
    0.108456 1 3
  0.201634 3 + 4
    0.115166 0.099754 4
    0.13109 0.269084 3
    0.194963 0.509669 1
    0.201634 0.121493 0
  0.212341 5 + 4
    0.108706 0.113608 6
    0.117695 0.789255 5
    0.155241 0.037823 2
    0.212341 0.059314 0
  0.23789 5 + 5
    0.134255 0.12159 6
    0.143244 0.610352 5
    0.151422 0.25228 4
    0.18079 0.003979 2
    0.23789 0.011799 0
  0.257183 5 - 5
    0.153548 0.152798 6
    0.170715 0.289297 4
    0.186639 0.217498 3
    0.250512 0.01141 1
    0.257183 0.328997 0
  0.27972 7 + 5
    0.17065 0.25971 7
    0.176085 0.217809 6
    0.193252 0.478019 4
    0.209176 0.039702 3
    0.22262 0.00476 2
  0.296 5 + 2
    0.2389 0.5 2
    0.296 0.5 0
  0.3005 7 + 5
    0.06261 0.228516 15
    0.19143 0.234716 7
    0.196865 0.173512 6
    0.214032 0.331723 4
    0.229956 0.031532 3
  0.30359 9 + 3
    0.14008 0.333333 9
    0.19452 0.333333 7
    0.199955 0.333333 6
  0.3061 7 - 3
    0.048917 0.333333 16
    0.219632 0.333333 4
    0.249 0.333333 2
  0.3238 15 - 1
    0.16029 1 9
  0.3308 13 - 1
    0.1518 1 12
  0.355 3 + 2
    0.284456 0.5 3
    0.348329 0.5 1
  0.36042 9 - 2
    0.256785 0.5 6
    0.289876 0.5 3
  0.36584 9 + 6
    0.153499 0.258497 14
    0.18684 0.056899 12
    0.20233 0.090229 9
    0.25677 0.272597 7
    0.262205 0.280497 6
    0.279372 0.04128 4
  0.411 11 - 2
    0.30193 0.5 7
    0.3539 0.5 2
  0.421 11 - 2
    0.31193 0.5 7
    0.3639 0.5 2
  0.447734 3 - 5
    0.190551 0.49392 16
    0.361266 0.033881 4
    0.37719 0.050282 3
    0.441063 0.25651 1
    0.447734 0.165407 0
  0.4544 3 + 5
    0.21651 0.117892 15
    0.252766 0.100893 13
    0.285234 0.131591 10
    0.359754 0.625756 5
    0.367932 0.023868 4
  0.488 5 + 2
    0.4309 0.5 2
    0.488 0.5 0
  0.5176 17 - 1
    0.1868 1 23
  0.523 1 - 2
    0.452456 0.5 3
    0.516329 0.5 1
  0.529 13 + 2
    0.36549 0.5 9
    0.41993 0.5 7
  0.541435 19 - 1
    0.217635 1 22
  0.55387 7 - 2
    0.459224 0.990144 5
    0.467402 0.009856 4
  0.555 11 + 2
    0.4218 0.5 8
    0.451365 0.5 6
  0.58547 3 + 3
    0.34758 0.04 15
    0.490824 0.4317 5
    0.499002 0.5283 4
  0.5875 7 + 2
    0.492854 0.5 5
    0.516956 0.5 3
  0.589 13 + 2
    0.42549 0.5 9
    0.47993 0.5 7
  0.6698 3 - 2
    0.412617 0.8759 16
    0.663129 0.1241 1
  0.703 3 - 2
    0.6459 0.5 2
    0.703 0.5 0
  0.7216 5 - 2
    0.651056 0.5 3
    0.714929 0.5 1
  0.7392 21 - 1
    0.2216 1 32
  0.742 7 - 2
    0.6849 0.5 2
    0.742 0.5 0
  0.749 7 - 2
    0.6919 0.5 2
    0.749 0.5 0
  0.764544 9 + 10
    0.179074 0.112604 38
    0.210674 0.058632 36
    0.526654 0.003934 15
    0.552203 0.015301 14
    0.56291 0.045022 13
    0.595378 0.118404 10
    0.669898 0.486117 5
    0.678076 0.055952 4
    0.757873 0.027101 1
    0.764544 0.076933 0
  0.7769 23 - 1
    0.235465 1 35
  0.8 15 + 2
    0.4692 0.5 23
    0.6668 0.5 8
  0.803 9 - 2
    0.699365 0.5 6
    0.732456 0.5 3
  0.81147 3 + 11
    0.226 0.131108 38
    0.57358 0.089795 15
    0.599129 0.099496 14
    0.609836 0.179511 13
    0.642304 0.057713 10
    0.707835 0.023001 6
    0.716824 0.112307 5
    0.725002 0.175811 4
    0.740926 0.058364 3
    0.804799 0.058314 1
    0.81147 0.014581 0
  0.833 1 - 2
    0.762456 0.5 3
    0.826329 0.5 1
  0.852 5 + 2
    0.7949 0.5 2
    0.852 0.5 0
  0.871 11 - 2
    0.76193 0.5 7
    0.8139 0.5 2
  0.907 3 - 2
    0.8499 0.5 2
    0.907 0.5 0
  0.942 9 + 2
    0.855532 0.5 4
    0.8849 0.5 2
  0.98471 3 + 9
    0.39924 0.079607 38
    0.43084 0.119896 36
    0.783076 0.025899 13
    0.815544 0.116896 10
    0.881075 0.031179 6
    0.890064 0.577379 5
    0.898242 0.013839 4
    0.978039 0.029789 1
    0.98471 0.005517 0
  0.9928 25 - 1
    0.2536 1 44
  0.998 9 + 2
    0.911532 0.5 4
    0.9409 0.5 2
  1.01865 3 - 5
    0.43318 0.267795 38
    0.806309 0.230795 14
    0.817016 0.284894 13
    0.849484 0.082618 10
    0.948106 0.133897 3
  1.044 5 + 2
    0.9869 0.5 2
    1.044 0.5 0
  1.0631 27 - 1
    0.2862 1 48
  1.073 5 + 2
    1.0159 0.5 2
    1.073 0.5 0
  1.143 7 - 2
    1.0859 0.5 2
    1.143 0.5 0
  1.176 1 + 2
    1.08953 0.5 4
    1.176 0.5 0
  1.179 7 - 2
    1.1219 0.5 2
    1.179 0.5 0
  1.233 11 + 2
    1.0998 0.5 8
    1.12937 0.5 6
  1.24 15 - 2
    1.067 0.5 11
    1.07649 0.5 9
  1.267 1 + 2
    1.18053 0.5 4
    1.267 0.5 0
  1.274 9 - 2
    1.17037 0.5 6
    1.20346 0.5 3
  1.2764 29 - 1
    0.2836 1 58
  1.308 1 + 2
    1.22153 0.5 4
    1.308 0.5 0
  1.318 5 + 2
    1.2609 0.5 2
    1.318 0.5 0
  1.358 7 - 2
    1.3009 0.5 2
    1.358 0.5 0
  1.3849 31 - 1
    0.3218 1 62
  1.386 5 + 2
    1.3289 0.5 2
    1.386 0.5 0
  1.403 13 + 2
    1.23949 0.5 9
    1.29393 0.5 7
  1.417 5 + 2
    1.3599 0.5 2
    1.417 0.5 0
  1.486 11 - 2
    1.37693 0.5 7
    1.4289 0.5 2
  1.557 7 - 2
    1.4999 0.5 2
    1.557 0.5 0
  1.5885 33 - 1
    0.3121 1 71
  1.625 9 + 2
    1.53853 0.5 4
    1.5679 0.5 2
  1.68 7 + 2
    1.58535 0.5 5
    1.60946 0.5 3
  1.7386 35 - 1
    0.3537 1 75
  1.929 37 - 1
    0.3405 1 81
  2.122 39 - 1
    0.3834 1 84
  2.297 41 - 1
    0.368 1 85
  2.533 43 - 1
    0.411 1 86
  2.693 45 - 1
    0.396 1 87
  2.973 47 - 1
    0.44 1 88
  3.115 49 - 1
    0.422 1 89
  3.569 53 - 1
    0.454 1 91
  4.0515 57 + 1
    0.4825 1 92

91 234 3
  0 8 + 0
  0.07392 6 + 1
    0.07392 1 0
  0.17392 0 - 1
    0.1 1 1

91 235 25
  0 3 - 0
  0.01 1 - 1
    0.01 1 0
  0.0186 1 + 1
    0.0186 1 0
  0.0517 3 + 1
    0.0417 1 1
  0.055 7 - 1
    0.055 1 0
  0.065 9 + 1
    0.01 1 4
  0.1 5 + 2
    0.0814 0.5 2
    0.1 0.5 0
  0.132 13 + 1
    0.067 1 5
  0.162 11 + 1
    0.162 1 0
  0.192 5 - 2
    0.1403 0.5 3
    0.182 0.5 1
  0.252 7 - 2
    0.197 0.5 4
    0.252 0.5 0
  0.3446 3 + 1
    0.2929 1 3
  0.378 5 + 2
    0.3594 0.5 2
    0.378 0.5 0
  0.4688 1 - 3
    0.4171 0.6833 3
    0.4502 0.1022 2
    0.4688 0.2145 0
  0.484 9 - 2
    0.292 0.5 9
    0.322 0.5 8
  0.525 15 - 1
    0.393 1 7
  0.57 11 - 2
    0.505 0.5 5
    0.515 0.5 4
  0.63 7 + 2
    0.468 0.5 8
    0.5783 0.5 3
  0.649 9 - 2
    0.457 0.5 9
    0.487 0.5 8
  0.682 17 + 2
    0.157 0.5 15
    0.55 0.5 7
  0.7271 13 - 2
    0.7085 0.375 2
    0.7271 0.625 0
  0.7479 5 + 3
    0.6962 0.4202 3
    0.7293 0.2983 2
    0.7479 0.2815 0
  0.751 11 - 2
    0.686 0.5 5
    0.696 0.5 4
  0.7557 7 + 2
    0.704 0.7299 3
    0.7371 0.2701 2
  0.965 5 - 2
    0.9133 0.5 3
    0.955 0.5 1

91 236 7
  0 2 - 0
  0.0315 0 - 1
    0.0315 1 0
  0.1108 6 - 1
    0.1108 1 0
  0.22742 4 - 1
    0.19592 1 1
  0.3402 8 - 4
    0.11278 0.553656 3
    0.2294 0.236581 2
    0.3087 0.084773 1
    0.3402 0.12499 0
  0.58081 10 - 2
    0.54931 0.6135 1
    0.58081 0.3865 0
  0.67811 12 - 3
    0.56731 0.098364 2
    0.64661 0.546422 1
    0.67811 0.355214 0

91 237 21
  0 1 + 0
  0.035 3 + 1
    0.035 1 0
  0.09 3 - 1
    0.09 1 0
  0.105 9 + 1
    0.105 1 0
  0.147 7 - 2
    0.042 0.5 3
    0.057 0.5 2
  0.158 13 + 1
    0.053 1 3
  0.202 5 + 2
    0.112 0.5 2
    0.202 0.5 0
  0.258 11 + 1
    0.258 1 0
  0.319 15 + 1
    0.061 1 7
  0.364 3 + 1
    0.329 1 1
  0.393 5 + 2
    0.303 0.5 2
    0.393 0.5 0
  0.491 7 - 2
    0.386 0.5 3
    0.401 0.5 2
  0.554 9 - 1
    0.296 1 7
  0.577 11 - 2
    0.43 0.5 4
    0.472 0.5 3
  0.624 17 - 1
    0.305 1 8
  0.686 5 - 2
    0.322 0.5 9
    0.651 0.5 1
  0.714 7 - 2
    0.609 0.5 3
    0.624 0.5 2
  0.741 9 - 2
    0.187 0.5 12
    0.483 0.5 7
  0.972 1 + 2
    0.882 0.5 2
    0.972 0.5 0
  1.025 13 - 2
    0.706 0.5 8
    0.767 0.5 7
  1.112 5 + 2
    1.022 0.5 2
    1.112 0.5 0

91 238 1
  0 6 - 0

91 239 1
  0 3 + 0

