61 128 1
  0 4 + 0

61 129 1
  0 5 - 0

61 130 1
  0 10 - 0

61 131 10
  0 11 - 0
  0.273 15 - 1
    0.273 1 0
  0.68 19 - 1
    0.407 1 1
  1.218 23 - 1
    0.538 1 2
  1.874 27 - 1
    0.656 1 3
  2.634 31 - 1
    0.76 1 4
  3.486 35 - 1
    0.852 1 5
  4.422 39 - 1
    0.936 1 6
  5.438 43 - 1
    1.016 1 7
  6.537 47 - 1
    1.099 1 8

61 132 1
  0 6 + 0

61 133 78
  0 3 + 0
  0.08448 5 + 1
    0.08448 1 0
  0.1297 11 - 1
    0.04522 1 1
  0.1479 9 - 1
    0.1479 1 0
  0.2056 3 + 1
    0.12112 1 1
  0.2142 7 + 2
    0.12972 0.7896 1
    0.2142 0.2104 0
  0.3719 7 + 2
    0.28742 0.6492 1
    0.3719 0.3508 0
  0.3819 9 + 2
    0.1677 0.4987 5
    0.29742 0.5013 1
  0.39625 15 - 1
    0.26655 1 2
  0.4104 13 - 2
    0.2625 0.5192 3
    0.2807 0.4808 2
  0.5716 11 + 2
    0.1897 0.3923 7
    0.3574 0.6077 5
  0.6534 9 + 3
    0.2715 0.1166 7
    0.2815 0.4287 6
    0.4392 0.4547 5
  0.8025 13 + 2
    0.2309 0.2692 10
    0.4206 0.7308 7
  0.8101 11 + 1
    0.1567 1 11
  0.812 19 - 1
    0.41575 1 8
  0.8159 15 - 2
    0.4055 0.3602 9
    0.41965 0.6398 8
  0.8203 17 - 2
    0.4099 0.734 9
    0.42405 0.266 8
  0.9911 13 + 2
    0.181 0.8318 13
    0.3377 0.1682 11
  1.0253 15 + 3
    0.2228 0.1923 12
    0.4537 0.7048 10
    0.62905 0.1029 8
  1.1965 15 + 2
    0.2054 0.7809 17
    0.3864 0.2191 13
  1.2269 19 - 3
    0.4066 0.3221 16
    0.411 0.3284 15
    0.4149 0.3495 14
  1.2949 17 + 2
    0.2696 0.2017 18
    0.4924 0.7983 12
  1.3342 21 - 2
    0.5139 0.8108 16
    0.5222 0.1892 14
  1.3834 23 - 1
    0.5714 1 14
  1.4254 17 + 2
    0.2289 0.6353 19
    0.4343 0.3647 17
  1.5348 19 + 3
    0.2399 0.1163 21
    0.5095 0.7734 18
    0.7228 0.1103 14
  1.6774 19 + 2
    0.252 0.5653 24
    0.4809 0.4347 19
  1.7584 23 - 3
    0.375 0.168883 23
    0.4242 0.189281 22
    0.5315 0.641836 20
  1.8306 21 + 2
    0.2958 0.1692 25
    0.5357 0.8308 21
  1.9279 25 - 2
    0.5445 0.1876 23
    0.5937 0.8124 22
  1.952 21 + 2
    0.2746 0.4988 26
    0.5266 0.5012 24
  2.0589 27 - 1
    0.6755 1 23
  2.0814 23 + 3
    0.2508 0.088609 28
    0.5466 0.830592 25
    0.698 0.080799 23
  2.2491 23 + 2
    0.2971 0.4449 30
    0.5717 0.5551 26
  2.3889 27 - 3
    0.33 0.0871 31
    0.461 0.1532 29
    0.6305 0.7597 27
  2.3971 25 + 2
    0.3157 0.1568 32
    0.5665 0.8432 28
  2.5675 25 + 2
    0.3184 0.3676 33
    0.6155 0.6324 30
  2.5985 29 - 2
    0.5396 0.1681 31
    0.6706 0.8319 29
  2.6744 27 + 2
    0.2773 0.073372 35
    0.593 0.926628 32
  2.8054 31 - 1
    0.7465 1 31
  2.9092 27 + 2
    0.3417 0.357 36
    0.6601 0.643 33
  2.9916 29 + 2
    0.3172 0.1033 38
    0.5945 0.8967 35
  3.1149 31 - 3
    0.3095 0.116293 39
    0.5164 0.080555 37
    0.726 0.803152 34
  3.2719 29 + 2
    0.3627 0.2556 40
    0.7044 0.7444 36
  3.3381 31 + 1
    0.6637 1 38
  3.3485 33 - 1
    0.75 1 37
  3.6091 35 - 1
    0.8037 1 39
  3.6553 31 + 2
    0.3834 0.308 43
    0.7461 0.692 40
  3.6718 33 + 1
    0.6802 1 41
  3.911 35 - 1
    0.7961 1 42
  4.0595 33 + 2
    0.4042 0.2538 47
    0.7876 0.7462 43
  4.0892 35 + 1
    0.7511 1 44
  4.1808 37 - 1
    0.8323 1 45
  4.4577 37 + 1
    0.7859 1 48
  4.4748 39 - 1
    0.8657 1 46
  4.48 35 + 1
    0.8247 1 47
  4.773 39 - 1
    0.862 1 49
  4.9262 37 + 1
    0.8667 1 50
  4.9276 39 + 1
    0.8384 1 51
  5.0968 41 - 1
    0.916 1 52
  5.3374 41 + 1
    0.8797 1 53
  5.39 39 + 1
    0.91 1 55
  5.4091 43 - 1
    0.934301 1 54
  5.8383 43 + 1
    0.9107 1 58
  5.8722 41 + 1
    0.946 1 57
  6.0998 45 - 1
    1.003 1 59
  6.2907 45 + 1
    0.9533 1 60
  6.414 47 - 1
    1.0049 1 62
  6.7968 47 + 1
    0.9585 1 63
  7.1373 49 - 1
    1.0375 1 65
  7.2786 49 + 1
    0.9879 1 66
  7.4921 51 - 1
    1.0781 1 67
  7.7688 51 + 1
    0.972 1 68
  8.2905 53 + 1
    1.0119 1 70
  8.6466 55 - 1
    1.1545 1 71
  8.7673 55 + 1
    0.998501 1 72
  9.3615 57 + 1
    1.071 1 73
  9.8777 59 - 1
    1.2311 1 74

61 134 12
  0 4 + 0
  0.1 10 + 1
    0.1 1 0
  0.1123 6 + 1
    0.1123 1 0
  0.1189 2 + 1
    0.1189 1 0
  0.22911 8 + 3
    0.11021 0.385 3
    0.11681 0.115 2
    0.22911 0.5 0
  0.28003 12 + 3
    0.05092 0.03459 4
    0.16113 0.516305 3
    0.28003 0.449104 0
  0.30471 0 + 1
    0.18581 1 3
  0.4094 14 + 2
    0.10469 0.5102 6
    0.12937 0.4898 5
  0.41893 4 + 2
    0.30003 0.6289 3
    0.41893 0.3711 0
  0.49896 6 - 2
    0.21893 0.6536 5
    0.38006 0.3464 3
  0.5374 8 - 1
    0.25737 1 5
  0.8874 2 - 1
    0.7685 1 3

61 135 3
  0 1 - 0
  0.2687 11 - 1
    0.2687 1 0
  5.5 5 - 1
    5.5 1 0

61 136 2
  0 4 + 0
  0.2 10 - 1
    0.2 1 0

61 137 39
  0 11 - 0
  0.1637 7 - 1
    0.1637 1 0
  0.3375 15 - 1
    0.3375 1 0
  0.3441 7 - 1
    0.1804 1 1
  0.3805 9 - 2
    0.2168 0.2897 1
    0.3805 0.7103 0
  0.559 9 + 1
    0.559 1 0
  0.6949 5 + 1
    0.5312 1 1
  0.789 9 - 1
    0.4085 1 4
  0.9765 19 - 1
    0.639 1 2
  1.01705 7 + 1
    0.22805 1 7
  1.0571 15 + 1
    0.7196 1 2
  1.5076 17 + 2
    0.4505 0.5776 10
    1.1701 0.4224 2
  1.7908 19 + 2
    0.7337 0.3757 10
    0.8143 0.6243 8
  1.812 19 + 1
    0.8355 1 8
  1.8323 23 - 1
    0.8558 1 8
  1.9917 3 + 1
    1.0152 1 8
  2.0875 21 + 1
    1.111 1 8
  2.2706 21 + 1
    0.763 1 11
  2.2868 23 + 2
    0.4545 0.5269 14
    0.4748 0.4731 13
  2.4917 25 + 2
    0.4042 0.3377 16
    0.6594 0.6623 14
  2.7119 23 + 1
    0.9211 1 12
  2.7995 27 - 1
    0.9672 1 14
  2.819 27 + 1
    0.5322 1 18
  3.0546 29 + 1
    0.5629 1 19
  3.0838 5 - 1
    1.2515 1 14
  3.2336 25 + 2
    0.963 0.5 17
    1.4013 0.5 14
  3.544 31 + 1
    0.725 1 22
  3.6971 31 - 1
    0.8976 1 21
  3.7329 27 + 1
    1.021 1 20
  3.8436 31 - 1
    1.0441 1 21
  3.859 33 + 1
    0.8044 1 23
  4.2224 29 + 1
    0.9888 1 25
  4.4304 35 + 1
    0.8864 1 26
  4.4569 35 - 1
    0.7598 1 27
  4.7724 35 - 1
    0.9288 1 29
  4.8419 31 + 1
    1.109 1 28
  4.9065 37 + 1
    1.0475 1 30
  5.3367 39 - 1
    0.8798 1 33
  6.2838 43 - 1
    0.9471 1 37

61 138 2
  0 2 - 0
  0.02 0 - 1
    0.02 1 0

61 139 71
  0 5 + 0
  0.1887 11 - 1
    0.1887 1 0
  0.22796 5 + 1
    0.22796 1 0
  0.27373 3 + 1
    0.27373 1 0
  0.30669 3 + 1
    0.30669 1 0
  0.46266 3 + 2
    0.18893 0.7283 3
    0.2347 0.2717 2
  0.58948 3 - 3
    0.31575 0.366937 3
    0.36152 0.135214 2
    0.58948 0.49785 0
  0.59631 3 + 3
    0.32258 0.103595 3
    0.36835 0.032148 2
    0.59631 0.864257 0
  0.6547 15 - 1
    0.466 1 1
  0.68833 5 - 3
    0.4146 0.027921 3
    0.46037 0.046451 2
    0.68833 0.925628 0
  0.72136 3 + 1
    0.44763 1 3
  0.7789 13 - 1
    0.5902 1 1
  0.78203 3 + 5
    0.31937 0.04222 5
    0.47534 0.162398 4
    0.5083 0.304597 3
    0.55407 0.04699 2
    0.78203 0.443796 0
  0.8557 7 + 1
    0.58197 1 3
  0.86219 3 - 2
    0.58846 0.036661 3
    0.86219 0.963338 0
  0.88559 1 - 3
    0.5789 0.1755 4
    0.61186 0.2339 3
    0.88559 0.5906 0
  0.92585 1 + 4
    0.32954 0.1006 7
    0.46319 0.3094 5
    0.61916 0.3432 4
    0.65212 0.2468 3
  0.92959 1 + 4
    0.33328 0.111106 7
    0.46693 0.136407 5
    0.6229 0.044652 4
    0.65586 0.707835 3
  1.01575 3 - 4
    0.41944 0.081441 7
    0.70906 0.04325 4
    0.74202 0.540505 3
    1.01575 0.334803 0
  1.1114 9 - 2
    0.64874 0.7874 5
    0.83767 0.2126 3
  1.12687 7 - 2
    0.85314 0.1736 3
    1.12687 0.8264 0
  1.18376 9 - 4
    0.58745 0.044816 7
    0.7211 0.073473 5
    0.87707 0.146985 4
    0.91003 0.734726 3
  1.2074 7 - 2
    0.74474 0.5988 5
    0.93367 0.4012 3
  1.3663 5 + 2
    0.76999 0.5556 7
    1.13834 0.4444 2
  1.3759 17 - 2
    0.597 0.5 11
    0.7212 0.5 8
  1.4058 19 - 1
    0.7511 1 8
  1.44187 7 + 4
    0.72051 0.053028 10
    1.13518 0.378789 4
    1.16814 0.32579 3
    1.44187 0.242393 0
  1.46159 9 + 2
    0.67956 0.2754 12
    1.18786 0.7246 3
  1.4631 5 - 2
    0.74174 0.2754 10
    1.15641 0.7246 4
  1.5021 11 + 2
    1.22837 0.3333 3
    1.27414 0.6667 2
  1.52665 7 - 2
    0.93034 0.781222 7
    1.21996 0.218778 4
  1.5958 9 + 1
    1.32207 1 3
  1.6664 5 - 2
    1.35971 0.2806 4
    1.39267 0.7194 3
  1.7147 15 + 1
    1.06 1 8
  1.7199 7 - 1
    1.44617 1 3
  1.9516 17 + 2
    0.2369 0.5 33
    1.2969 0.5 8
  1.9818 11 - 2
    1.39232 0.030071 6
    1.67511 0.969929 4
  2.0437 5 + 2
    1.32234 0.2126 10
    1.76997 0.7874 3
  2.0746 9 - 2
    1.76791 0.813 4
    1.80087 0.187 3
  2.1067 19 + 1
    0.7009 1 25
  2.1637 19 - 1
    0.2121 1 35
  2.1904 21 - 2
    0.7846 0.5 25
    0.8145 0.5 24
  2.21001 7 + 4
    1.90332 0.173912 4
    1.93628 0.130409 3
    1.98205 0.074535 2
    2.21001 0.621143 0
  2.3019 21 + 2
    0.1382 0.5 40
    0.8961 0.5 25
  2.3522 23 - 1
    0.9464 1 25
  2.5709 23 + 1
    0.269 1 43
  2.6898 23 + 2
    0.3376 0.5 44
    0.5831 0.5 39
  2.7987 25 - 2
    0.2278 0.5 45
    0.4968 0.5 43
  2.9645 25 + 2
    0.3936 0.5 45
    0.6123 0.5 44
  3.0238 5 - 2
    0.2251 0.5 47
    0.4529 0.5 45
  3.1576 1 - 1
    0.9672 1 41
  3.2361 7 + 2
    2.92941 0.1935 4
    2.96237 0.8065 3
  3.2617 27 - 2
    0.1041 0.5 50
    0.9095 0.5 44
  3.2799 5 + 1
    0.5901 1 46
  3.4171 27 - 1
    1.0649 1 44
  3.5583 9 + 1
    0.5938 1 48
  3.5903 5 - 1
    0.3286 1 52
  3.9066 7 + 1
    0.3163 1 56
  4.1553 11 - 1
    0.8754 1 53
  4.3796 1 + 1
    0.473001 1 57
  4.3835 9 - 1
    0.9664 1 54
  4.4181 5 + 1
    0.8598 1 55
  4.8333 7 - 1
    0.453699 1 59
  5.2588 13 + 1
    0.8753 1 60
  5.5061 3 - 1
    1.088 1 61
  6.0593 5 + 1
    0.8005 1 63
  6.7224 9 - 1
    0.6631 1 65
  7.503 7 + 1
    0.7806 1 66
  8.445 1 - 1
    0.942001 1 67
  9.48 3 + 1
    1.035 1 68
  10.592 11 - 1
    1.112 1 69

61 140 34
  0 2 + 0
  0.1 16 - 1
    0.1 1 0
  0.13995 4 - 1
    0.13995 1 0
  0.22547 6 - 1
    0.22547 1 0
  0.26064 8 - 3
    0.03517 0.631238 3
    0.12069 0.34112 2
    0.26064 0.027642 0
  0.33535 10 + 3
    0.10988 0.876909 3
    0.1954 0.082061 2
    0.33535 0.04103 0
  0.33988 12 + 3
    0.11441 0.4311 3
    0.19993 0.1597 2
    0.33988 0.4092 0
  0.34494 0 + 4
    0.0843 0.734793 4
    0.11947 0.089439 3
    0.20499 0.01607 2
    0.34494 0.159698 0
  0.41515 2 + 3
    0.07527 0.899918 6
    0.18968 0.0206 3
    0.41515 0.079482 0
  0.48118 6 + 6
    0.13624 0.036888 7
    0.1413 0.217889 6
    0.14583 0.179291 5
    0.22054 0.146993 4
    0.25571 0.344983 3
    0.38118 0.073956 1
  0.50339 4 - 3
    0.15845 0.363011 7
    0.16351 0.559017 6
    0.40339 0.077972 1
  0.53403 8 + 2
    0.30856 0.6117 3
    0.43403 0.3883 1
  0.56546 14 + 5
    0.15031 0.261218 8
    0.22052 0.116008 7
    0.22558 0.456032 6
    0.42551 0.080916 2
    0.46546 0.085826 1
  0.57211 10 + 4
    0.23676 0.409575 5
    0.31147 0.151891 4
    0.43216 0.357779 2
    0.47211 0.080755 1
  0.57627 6 - 2
    0.43632 0.8699 2
    0.47627 0.1301 1
  0.65236 4 - 3
    0.31248 0.3861 6
    0.42689 0.3861 3
    0.55236 0.2278 1
  0.67017 8 + 1
    0.40953 1 4
  0.76135 2 + 1
    0.42147 1 6
  0.80816 6 - 2
    0.46828 0.1525 6
    0.70816 0.8475 1
  0.84462 4 - 3
    0.27916 0.391261 12
    0.34123 0.154485 10
    0.74462 0.454255 1
  0.85581 12 - 3
    0.52046 0.3237 5
    0.63034 0.4831 3
    0.75581 0.1932 1
  0.87429 10 - 2
    0.64882 0.6579 3
    0.77429 0.3421 1
  0.92633 8 - 3
    0.58645 0.1658 6
    0.70086 0.3161 3
    0.82633 0.5181 1
  0.9513 6 + 1
    0.8513 1 1
  1.0658 4 + 2
    0.72592 0.1142 6
    0.9658 0.8858 1
  1.08899 2 - 2
    0.86352 0.6849 3
    0.98899 0.3151 1
  1.17391 0 - 1
    0.60845 1 12
  1.2788 8 + 2
    1.01816 0.625 4
    1.05333 0.375 3
  1.5946 6 - 4
    1.02249 0.2402 13
    1.24966 0.0524 7
    1.25472 0.4367 6
    1.4946 0.2707 1
  1.6182 4 + 2
    1.27832 0.5128 6
    1.28285 0.4872 5
  1.61925 2 + 11
    0.44534 0.023588 26
    0.77463 0.068955 19
    0.8579 0.006655 17
    0.96689 0.030248 15
    1.04714 0.030248 13
    1.11586 0.038717 10
    1.13807 0.30248 9
    1.27431 0.009981 7
    1.39378 0.268882 3
    1.4793 0.201786 2
    1.51925 0.018459 1
  1.62309 2 + 7
    0.67179 0.02265 23
    0.86174 0.114801 17
    1.1197 0.137201 10
    1.27815 0.01722 7
    1.28321 0.319003 6
    1.39762 0.303003 3
    1.52309 0.086121 1
  1.67011 2 + 14
    0.60431 0.038842 24
    0.8143 0.054933 20
    0.82549 0.133407 19
    0.99994 0.021151 16
    1.01775 0.026431 15
    1.09384 0.021151 14
    1.098 0.091945 13
    1.16672 0.121806 10
    1.18893 0.024821 9
    1.32517 0.077924 7
    1.33023 0.077924 6
    1.44464 0.054933 3
    1.53016 0.024821 2
    1.57011 0.229912 1
  2.0174 10 - 1
    1.67752 1 6

61 141 67
  0 5 + 0
  0.19688 7 + 1
    0.19688 1 0
  0.4038 3 + 1
    0.4038 1 0
  0.43829 1 + 1
    0.43829 1 0
  0.6284 11 - 2
    0.43152 0.942509 1
    0.6284 0.057491 0
  0.7283 3 + 3
    0.3245 0.5362 2
    0.53142 0.2041 1
    0.7283 0.2597 0
  0.8045 11 + 1
    0.60762 1 1
  0.8371 9 + 1
    0.8371 1 0
  0.8586 3 + 2
    0.66172 0.1151 1
    0.8586 0.8849 0
  0.9743 11 + 1
    0.77742 1 1
  1.0464 9 - 1
    1.0464 1 0
  1.0553 11 - 1
    0.4269 1 4
  1.1082 9 + 2
    0.91132 0.8775 1
    1.1082 0.1225 0
  1.1532 7 + 3
    0.7494 0.241483 2
    0.95632 0.689652 1
    1.1532 0.068865 0
  1.167 9 - 1
    0.5386 1 4
  1.2425 7 + 2
    1.04562 0.6714 1
    1.2425 0.3286 0
  1.2925 3 + 3
    0.85421 0.151688 3
    0.8887 0.073074 2
    1.2925 0.775238 0
  1.3133 13 - 1
    0.6849 1 4
  1.3596 5 - 1
    1.16272 1 1
  1.4148 9 - 3
    0.2478 0.098218 14
    0.5777 0.103398 7
    0.7864 0.798384 4
  1.4957 5 - 4
    0.7674 0.1301 5
    1.05741 0.3717 3
    1.0919 0.2937 2
    1.4957 0.2045 0
  1.5108 15 - 3
    0.1975 0.01332 17
    0.4555 0.084107 11
    0.8824 0.902573 4
  1.5153 5 - 1
    1.5153 1 0
  1.5733 1 - 1
    0.26 1 17
  1.6925 7 - 1
    1.49562 1 1
  1.7948 5 - 1
    0.8205 1 9
  1.802 1 + 2
    0.6938 0.8547 12
    0.8277 0.1453 9
  1.834 7 - 3
    0.7258 0.6211 12
    0.9969 0.1553 7
    1.0295 0.2236 6
  1.8746 3 + 1
    1.0375 1 7
  1.8849 5 - 3
    1.44661 0.1934 3
    1.4811 0.3349 2
    1.8849 0.4717 0
  1.8919 17 - 1
    0.3811 1 21
  1.9026 13 + 3
    1.46431 0.5618 3
    1.4988 0.1742 2
    1.9026 0.264 0
  1.9701 15 + 1
    0.9958 1 9
  1.9831 9 - 4
    0.1491 0.01849 27
    0.8749 0.07831 12
    1.0088 0.1922 9
    1.78622 0.711 1
  1.9922 7 + 2
    1.5884 0.2754 2
    1.9922 0.7246 0
  2.0047 3 - 3
    1.56641 0.039371 3
    1.6009 0.787424 2
    2.0047 0.173205 0
  2.0154 15 - 1
    0.7021 1 17
  2.0379 5 + 3
    1.59961 0.157895 3
    1.6341 0.090227 2
    2.0379 0.751877 0
  2.0635 1 + 5
    0.6487 0.081567 19
    0.7502 0.354628 17
    0.8965 0.326226 14
    0.9553 0.156012 12
    1.4351 0.081567 4
  2.0916 11 - 6
    0.1085 0.027721 33
    0.6768 0.084562 19
    0.9246 0.141703 14
    0.9834 0.441409 12
    1.1173 0.194204 9
    1.4632 0.110402 4
  2.0989 7 + 1
    0.7856 1 17
  2.119 3 - 5
    0.7042 0.019481 19
    0.8057 0.154209 17
    0.952 0.038962 14
    1.1447 0.381523 9
    1.4906 0.405824 4
  2.1372 5 + 1
    1.1629 1 9
  2.1718 7 - 1
    0.8585 1 17
  2.2389 19 - 1
    0.7281 1 21
  2.3614 5 + 1
    0.3913 1 32
  2.3818 3 + 1
    0.871 1 21
  2.5097 19 - 1
    0.9989 1 21
  2.5309 1 + 2
    0.639 0.8961 30
    1.0201 0.1039 21
  2.5515 7 - 1
    0.3126 1 44
  2.5543 5 + 1
    0.3154 1 44
  2.6223 9 - 1
    0.6069 1 36
  2.6235 17 + 2
    0.6534 0.3611 32
    1.1127 0.6389 21
  2.641 3 - 3
    0.2592 0.4219 46
    0.4021 0.2954 44
    1.0677 0.2827 23
  2.6615 13 + 1
    0.11 1 49
  2.7024 5 - 4
    0.5834 0.119788 41
    1.2876 0.119788 19
    1.8979 0.161684 6
    2.074 0.59874 4
  2.7037 21 - 1
    0.4648 1 44
  2.8601 19 + 1
    0.2366 1 52
  3.0478 7 + 1
    0.4963 1 49
  3.0566 3 - 1
    0.1965 1 57
  3.4037 9 + 1
    0.3471 1 59
  3.6227 1 - 1
    0.5661 1 59
  3.8595 5 + 2
    0.2368 0.4253 61
    0.8029 0.5747 59
  4.0415 7 - 1
    0.6378 1 60
  4.2206 3 + 1
    0.3611 1 62
  4.4531 5 - 1
    0.2325 1 64
  4.7826 9 + 2
    0.562 0.7194 64
    0.9231 0.2806 62

61 142 58
  0 2 + 0
  0.20852 4 + 1
    0.20852 1 0
  0.24098 6 + 2
    0.03246 0.6242 1
    0.24098 0.3758 0
  0.41201 6 + 2
    0.17103 0.1435 2
    0.20349 0.8565 1
  0.44947 10 + 1
    0.20849 1 2
  0.46 8 + 1
    0.21902 1 2
  0.4963 4 + 3
    0.25532 0.3885 2
    0.28778 0.3096 1
    0.4963 0.3019 0
  0.51312 6 + 1
    0.3046 1 1
  0.6183 4 + 2
    0.37732 0.3485 2
    0.6183 0.6515 0
  0.6783 4 - 1
    0.6783 1 0
  0.7068 8 + 3
    0.2468 0.4039 5
    0.29479 0.2513 3
    0.46582 0.3448 2
  0.8602 12 - 1
    0.44819 1 3
  0.88317 16 - 1
    0.4337 1 4
  0.9808 6 - 1
    0.3025 1 9
  0.99801 10 - 1
    0.53801 1 5
  1.02436 12 - 2
    0.02635 0.6483 14
    0.57489 0.3517 4
  1.0767 8 - 1
    0.0959 1 13
  1.0783 10 - 1
    0.6183 1 5
  1.1638 8 - 1
    0.4855 1 9
  1.1852 10 - 2
    0.1085 0.6015 16
    0.2044 0.3985 13
  1.19082 14 - 2
    0.16646 0.7457 15
    0.19281 0.2543 14
  1.2371 2 + 1
    0.1604 1 16
  1.3101 18 - 1
    0.42693 1 12
  1.335 2 + 1
    0.33699 1 14
  1.7654 18 + 2
    0.4553 0.064781 22
    0.88223 0.935219 12
  1.8094 20 + 1
    0.044 1 24
  2.1901 22 + 1
    0.3807 1 25
  2.8287 26 - 2
    0.6386 0.8024 26
    1.0193 0.1976 25
  3.1438 28 - 1
    0.3151 1 27
  3.3003 24 + 1
    1.1102 1 26
  3.5074 6 - 1
    1.3173 1 26
  3.738 26 + 2
    0.4377 0.6143 29
    1.5479 0.3857 26
  3.7983 26 + 2
    0.498 0.638 29
    1.6082 0.362 26
  3.8204 28 - 1
    0.9917 1 27
  3.8723 30 - 2
    0.0519 0.3355 33
    0.7285 0.6645 28
  3.8866 28 - 3
    0.1486 0.2336 31
    0.7428 0.3774 28
    1.0579 0.389 27
  4.0152 32 + 1
    0.1429 1 34
  4.0619 30 - 2
    0.1753 0.781222 35
    0.2415 0.218778 33
  4.0731 4 + 2
    0.5657 0.5 30
    0.7728 0.5 29
  4.1859 2 - 1
    1.0421 1 28
  4.2366 34 + 1
    0.2214 1 36
  4.3251 6 - 2
    0.252 0.5216 38
    0.5268 0.4784 32
  4.3399 32 + 2
    0.278 0.757 37
    0.3247 0.243 36
  4.3917 4 - 3
    0.2058 0.1896 39
    0.3298 0.2994 37
    0.5194 0.511 34
  4.6405 8 + 1
    0.2488 1 43
  4.7743 6 - 1
    0.4492 1 41
  4.7871 4 + 1
    0.4472 1 42
  4.97 32 - 1
    1.0977 1 34
  5.0084 36 + 1
    0.7718 1 40
  5.0316 2 - 1
    0.6917 1 42
  5.3568 8 + 1
    0.3252 1 49
  5.6152 38 - 1
    1.3786 1 40
  5.618 38 + 2
    0.6096 0.2663 48
    1.3814 0.7337 40
  5.6724 6 - 1
    0.3156 1 50
  5.8103 40 + 2
    0.1923 0.6557 52
    0.195099 0.3443 51
  6.4756 42 - 1
    0.6653 1 54
  6.8153 42 + 1
    1.005 1 54
  7.0303 44 - 1
    0.5547 1 55

61 143 91
  0 5 + 0
  0.27204 7 + 1
    0.27204 1 0
  0.95973 11 - 2
    0.68769 0.8161 1
    0.95973 0.1839 0
  1.05672 3 + 1
    1.05672 1 0
  1.17319 1 + 1
    1.17319 1 0
  1.2598 9 - 1
    1.2598 1 0
  1.2865 3 + 1
    1.01446 1 1
  1.40307 3 + 1
    1.40307 1 0
  1.45637 9 + 2
    1.18433 0.094318 1
    1.45637 0.905682 0
  1.51491 5 + 3
    0.45819 0.04061 3
    1.24287 0.238198 1
    1.51491 0.721193 0
  1.5587 7 - 1
    1.28666 1 1
  1.56585 5 + 1
    1.29381 1 1
  1.58991 9 + 2
    1.31787 0.7096 1
    1.58991 0.2904 0
  1.61386 5 + 1
    1.34182 1 1
  1.66348 11 + 1
    1.39144 1 1
  1.75346 1 + 1
    1.75346 1 0
  1.81686 7 - 2
    1.54482 0.6758 1
    1.81686 0.3242 0
  1.82455 7 - 2
    0.76783 0.3142 3
    1.82455 0.6858 0
  1.85413 7 + 2
    0.79741 0.5723 3
    1.85413 0.4277 0
  1.89835 15 + 1
    0.23487 1 14
  1.95079 13 - 2
    0.28731 0.7894 14
    0.99106 0.2106 2
  1.9695 9 + 1
    1.69746 1 1
  2.00725 5 - 1
    1.73521 1 1
  2.06031 13 - 1
    0.39683 1 14
  2.08082 3 - 2
    1.80878 0.090909 1
    2.08082 0.909091 0
  2.1083 1 - 1
    1.83626 1 1
  2.2325 3 - 1
    1.96046 1 1
  2.2745 11 - 1
    2.00246 1 1
  2.28092 5 + 1
    2.00888 1 1
  2.28743 17 + 1
    0.38908 1 19
  2.331 7 - 2
    1.37127 0.5 2
    2.331 0.5 0
  2.41 3 - 2
    1.23681 0.5 4
    2.41 0.5 0
  2.43693 15 - 1
    1.4772 1 2
  2.44402 9 - 2
    2.17198 0.6667 1
    2.44402 0.3333 0
  2.4649 5 - 1
    2.19286 1 1
  2.548 1 - 2
    1.2615 0.5 6
    1.49128 0.5 3
  2.61352 7 + 2
    2.34148 0.1379 1
    2.61352 0.8621 0
  2.712 3 - 2
    1.53881 0.5 4
    2.712 0.5 0
  2.7316 5 + 1
    2.45956 1 1
  2.747 11 - 2
    1.29063 0.5 8
    1.78727 0.5 2
  2.777 9 + 2
    1.81727 0.5 2
    2.777 0.5 0
  2.864 7 - 2
    1.90427 0.5 2
    2.864 0.5 0
  2.88196 17 - 1
    0.98361 1 19
  2.9053 5 + 2
    2.63326 0.813 1
    2.9053 0.187 0
  2.92991 19 - 2
    0.49298 0.066063 32
    0.64248 0.933937 29
  2.956 3 + 2
    1.89928 0.5 3
    2.68396 0.5 1
  3.01332 21 - 1
    0.08341 1 44
  3.0535 1 + 2
    2.78146 0.5714 1
    3.0535 0.4286 0
  3.0611 7 + 1
    1.00079 1 23
  3.07567 19 - 3
    0.14576 0.4946 44
    0.19371 0.2517 42
    0.78824 0.2537 29
  3.098 5 + 2
    1.92481 0.5 4
    3.098 0.5 0
  3.213 9 - 2
    1.9532 0.5 5
    2.94096 0.5 1
  3.357 3 + 2
    2.30028 0.5 3
    3.08496 0.5 1
  3.3768 21 - 3
    0.30113 0.5411 49
    0.36348 0.2984 46
    0.44689 0.1605 44
  3.38982 23 - 1
    0.3765 1 46
  3.5242 23 + 1
    0.13438 1 54
  3.60164 23 - 2
    0.58832 0.8936 46
    0.67173 0.1064 44
  3.78 5 + 2
    2.60681 0.5 4
    3.78 0.5 0
  3.84 7 + 2
    2.78328 0.5 3
    3.56796 0.5 1
  3.872 11 - 2
    2.41563 0.5 8
    2.91227 0.5 2
  3.908 3 + 2
    2.85128 0.5 3
    3.63596 0.5 1
  4.281 25 + 1
    0.89118 1 54
  4.29261 25 - 1
    1.27929 1 46
  4.38621 27 + 2
    0.0936 0.1027 62
    0.10521 0.8973 61
  4.5803 27 - 1
    1.19048 1 54
  4.7318 27 - 1
    1.34198 1 54
  4.99299 29 - 2
    0.26119 0.5456 65
    0.70038 0.4544 62
  5 9 + 2
    4.04027 0.5 2
    5 0.5 0
  5.1159 31 - 2
    0.12291 0.3726 66
    0.5356 0.6274 64
  5.6285 31 + 1
    1.24229 1 63
  6.0756 33 - 1
    0.959701 1 68
  6.2432 35 + 1
    0.6147 1 69
  6.2981 35 + 2
    0.222499 0.065872 70
    0.6696 0.934128 69
  6.7694 37 + 1
    0.4713 1 72
  7.8289 41 + 1
    1.0595 1 73
  8.0727 45 + 2
    0.243801 0.5104 74
    1.3033 0.4896 73
  8.3977 47 + 1
    0.324999 1 75
  8.8387 5 - 1
    0.765999 1 75
  9.0687 7 - 1
    0.230001 1 77
  9.8671 3 - 1
    0.798399 1 78
  10.3357 5 - 2
    0.468601 0.5 79
    1.267 0.5 78
  10.4148 7 - 1
    1.3461 1 78
  10.535 1 + 1
    0.1993 1 80
  13.8 7 - 2
    12.8403 0.5 2
    13.8 0.5 0
  14.55 3 - 2
    13.3768 0.5 4
    14.55 0.5 0
  15.12 1 - 2
    13.8335 0.5 6
    14.0633 0.5 3
  15.24 9 - 2
    13.9802 0.5 5
    14.968 0.5 1
  15.35 5 - 2
    14.2933 0.5 3
    15.078 0.5 1
  15.68 7 - 2
    14.7203 0.5 2
    15.68 0.5 0
  15.69 3 - 2
    14.5168 0.5 4
    15.69 0.5 0
  15.75 5 - 2
    14.6933 0.5 3
    15.478 0.5 1

61 144 85
  0 10 - 0
  0.060727 8 - 1
    0.060727 1 0
  0.06664 6 - 1
    0.005913 1 1
  0.08003 4 - 1
    0.01339 1 2
  0.171802 12 - 1
    0.171802 1 0
  0.195433 10 - 2
    0.134706 0.8583 1
    0.195433 0.1417 0
  0.20737 8 - 1
    0.14073 1 2
  0.232401 12 - 1
    0.232401 1 0
  0.24991 2 - 1
    0.16988 1 3
  0.279286 6 - 4
    0.071916 0.349786 6
    0.199256 0.171193 3
    0.212646 0.032939 2
    0.218559 0.446082 1
  0.36325 4 - 4
    0.083964 0.507149 9
    0.11334 0.121588 8
    0.28322 0.134087 3
    0.29661 0.237176 2
  0.51432 14 - 2
    0.281919 0.6284 7
    0.342518 0.3716 4
  0.78503 6 + 1
    0.71839 1 2
  0.8409 18 + 3
    0.32658 0.5375 11
    0.608499 0.0361 7
    0.669098 0.4264 4
  0.87575 2 + 1
    0.80911 1 2
  0.89631 16 + 1
    0.05541 1 13
  0.89909 6 + 2
    0.53584 0.2003 10
    0.81906 0.7997 3
  0.94299 10 - 3
    0.15796 0.1437 12
    0.86296 0.4269 3
    0.87635 0.4294 2
  0.94811 8 + 2
    0.887383 0.3464 1
    0.94811 0.6536 0
  0.979 4 + 2
    0.72909 0.5 8
    0.91236 0.5 2
  1.02181 6 + 2
    0.07882 0.8428 17
    0.94178 0.1572 3
  1.08021 8 - 2
    0.908408 0.8196 4
    1.08021 0.1804 0
  1.104 0 + 2
    0.125 0.5 19
    0.85409 0.5 8
  1.127 4 + 2
    0.87709 0.5 8
    1.06036 0.5 2
  1.184 2 - 2
    0.93409 0.5 8
    1.11736 0.5 2
  1.214 4 + 2
    0.96409 0.5 8
    1.14736 0.5 2
  1.243 2 + 2
    0.87975 0.5 10
    1.16297 0.5 3
  1.27381 20 + 2
    0.3775 0.3423 15
    0.43291 0.6577 13
  1.278 0 + 2
    0.299 0.5 19
    1.02809 0.5 8
  1.3374 8 + 1
    1.05811 1 9
  1.377 6 - 2
    1.31036 0.5 2
    1.377 0.5 0
  1.426 4 + 2
    1.17609 0.5 8
    1.35936 0.5 2
  1.451 10 + 2
    1.2792 0.5 4
    1.39027 0.5 1
  1.45534 16 - 1
    1.22294 1 7
  1.468 2 - 2
    1.21809 0.5 8
    1.40136 0.5 2
  1.501 6 + 2
    1.42097 0.5 3
    1.44027 0.5 1
  1.543 4 - 2
    1.46297 0.5 3
    1.48227 0.5 1
  1.609 8 + 2
    1.54236 0.5 2
    1.609 0.5 0
  1.64 12 - 2
    1.4682 0.5 4
    1.57927 0.5 1
  1.654 2 + 2
    1.29075 0.5 10
    1.57397 0.5 3
  1.70481 20 + 2
    0.431 0.7283 27
    0.86391 0.2717 13
  1.71116 18 - 2
    0.25582 0.1861 33
    1.19684 0.8139 11
  1.85073 18 - 1
    1.33641 1 11
  1.98514 20 - 2
    0.13441 0.1082 42
    0.27398 0.8918 41
  2.07223 22 - 2
    0.08709 0.6326 43
    0.36742 0.3674 40
  2.26953 24 - 1
    0.1973 1 44
  2.31211 22 + 2
    1.0383 0.6835 27
    1.47121 0.3165 13
  2.61003 6 + 2
    0.62489 0.4681 43
    1.33622 0.5319 27
  2.64711 24 + 2
    0.335 0.4186 46
    0.9423 0.5814 40
  2.6681 24 + 1
    0.35599 1 46
  2.77441 26 + 4
    0.10631 0.744007 49
    0.1273 0.03529 48
    0.4623 0.109601 46
    0.50488 0.111101 45
  2.8894 4 - 2
    0.2213 0.5 49
    0.61987 0.5 45
  3.05985 28 + 1
    0.28544 1 50
  3.12759 26 - 2
    0.35318 0.2701 50
    0.45949 0.7299 49
  3.34856 28 - 2
    0.22097 0.4819 53
    0.57415 0.5181 50
  3.4084 8 + 1
    0.63399 1 50
  3.43105 28 - 1
    1.16152 1 45
  3.51076 30 + 1
    0.45091 1 52
  3.61586 28 - 1
    1.34633 1 45
  3.7274 6 + 1
    0.319 1 55
  3.79498 30 - 3
    0.36393 0.069072 56
    0.44642 0.430413 54
    0.73513 0.500515 52
  3.89936 30 - 3
    0.2835 0.1519 58
    0.46831 0.6761 56
    0.83951 0.172 52
  3.90437 4 + 3
    0.10939 0.5051 60
    0.28851 0.1212 58
    0.39361 0.3737 57
  4.035 6 + 1
    0.60395 1 56
  4.11856 32 - 3
    0.2192 0.4585 61
    0.32358 0.1115 60
    0.6078 0.43 57
  4.22736 32 + 1
    1.16751 1 52
  4.3282 4 - 1
    0.42383 1 62
  4.50506 34 + 1
    0.3865 1 64
  4.55716 34 + 2
    0.3298 0.428 65
    1.0464 0.572 57
  4.659 8 - 1
    0.624 1 63
  4.7172 2 - 1
    0.81283 1 62
  4.81876 36 + 1
    0.2616 1 68
  5.0604 10 - 1
    1.15603 1 62
  5.11865 6 + 1
    0.61359 1 67
  5.35146 38 - 2
    0.5327 0.3151 71
    0.7943 0.6849 68
  5.454 4 + 1
    0.795 1 69
  5.4574 8 - 1
    0.397 1 72
  5.85046 40 + 1
    0.499 1 74
  6.264 2 - 4
    0.81 0.25 75
    1.14535 0.25 73
    1.5468 0.25 70
    1.9358 0.25 66
  6.3475 6 + 1
    0.0835 1 78
  7.1057 4 - 1
    0.7582 1 79
  7.5586 10 + 1
    1.2111 1 79
  7.9721 8 - 2
    0.4135 0.5 81
    0.8664 0.5 80
  8.5103 6 + 1
    0.538201 1 82
  8.5958 4 - 1
    0.085499 1 83

61 145 87
  0 5 + 0
  0.06125 7 + 1
    0.06125 1 0
  0.49231 3 + 2
    0.43106 0.01577 1
    0.49231 0.98423 0
  0.6605 5 + 2
    0.16819 0.113211 2
    0.59925 0.886789 1
  0.6697 7 + 2
    0.60845 0.16 1
    0.6697 0.84 0
  0.7136 9 + 1
    0.65235 1 1
  0.7265 1 + 1
    0.23419 1 2
  0.7504 9 + 2
    0.0807 0.1009 4
    0.7504 0.8991 0
  0.773 3 + 2
    0.28069 0.5 2
    0.71175 0.5 1
  0.7946 11 - 3
    0.081 0.076619 5
    0.73335 0.881591 1
    0.7946 0.04179 0
  0.8235 5 + 3
    0.1538 0.098691 4
    0.163 0.264503 3
    0.33119 0.636806 2
  0.8365 11 + 2
    0.1229 0.023 5
    0.77525 0.977 1
  0.8838 5 + 2
    0.2233 0.1807 3
    0.8838 0.8193 0
  0.958 3 + 1
    0.46569 1 2
  1.0573 1 + 1
    0.56499 1 2
  1.1018 9 - 4
    0.3072 0.227423 9
    0.3882 0.075308 5
    0.4321 0.323232 4
    1.04055 0.374037 1
  1.2068 11 + 4
    0.3703 0.070991 11
    0.4564 0.675307 7
    0.4932 0.120601 5
    0.5371 0.133101 4
  1.2152 3 - 3
    0.5455 0.1027 4
    1.15395 0.1971 1
    1.2152 0.7002 0
  1.2339 3 + 2
    0.4104 0.3476 10
    1.2339 0.6524 0
  1.26 7 - 2
    0.5995 0.5 3
    1.26 0.5 0
  1.284 11 - 1
    0.5704 1 5
  1.2919 7 + 3
    0.4684 0.283172 10
    0.6222 0.39956 4
    0.79959 0.317268 2
  1.3117 1 - 2
    0.81939 0.6487 2
    1.3117 0.3513 0
  1.3469 13 + 2
    0.5104 0.4306 11
    0.6333 0.5694 5
  1.3659 11 + 2
    0.5294 0.307 11
    0.6523 0.693 5
  1.3849 7 - 1
    0.2831 1 15
  1.3885 7 + 1
    0.6749 1 5
  1.3972 13 + 2
    0.1904 0.5054 16
    0.6468 0.4946 7
  1.44791 15 - 1
    0.65331 1 9
  1.4557 13 + 1
    0.7421 1 5
  1.489 3 + 2
    0.99669 0.5 2
    1.42775 0.5 1
  1.4936 13 + 1
    0.6571 1 11
  1.502 15 + 2
    0.1551 0.1412 23
    0.6655 0.8588 11
  1.507 3 + 2
    1.01469 0.5 2
    1.44575 0.5 1
  1.5583 5 - 1
    0.7218 1 11
  1.563 5 - 2
    1.07069 0.5 2
    1.50175 0.5 1
  1.58261 9 - 1
    0.78801 1 9
  1.6487 15 + 1
    0.2515 1 27
  1.716 1 + 2
    1.0555 0.5 3
    1.716 0.5 0
  1.753 1 + 2
    1.0925 0.5 3
    1.753 0.5 0
  1.781 11 - 2
    1.0306 0.5 7
    1.0674 0.5 5
  1.809 1 + 2
    1.1485 0.5 3
    1.809 0.5 0
  1.83664 5 - 1
    0.33464 1 32
  1.84476 17 + 2
    0.34276 0.8444 32
    0.49786 0.1556 23
  1.849 9 - 2
    1.1793 0.5 4
    1.78775 0.5 1
  1.89657 17 + 2
    0.24787 0.8943 37
    0.49937 0.1057 27
  1.978 1 + 2
    1.3175 0.5 3
    1.978 0.5 0
  2.008 3 + 2
    1.51569 0.5 2
    1.94675 0.5 1
  2.01347 7 - 1
    0.16871 1 43
  2.02601 19 - 1
    0.5781 1 28
  2.112 1 + 2
    1.4515 0.5 3
    2.112 0.5 0
  2.1247 19 + 2
    0.27994 0.5881 43
    0.6227 0.4119 32
  2.168 5 - 2
    1.67569 0.5 2
    2.10675 0.5 1
  2.19 3 + 2
    1.69769 0.5 2
    2.12875 0.5 1
  2.21 3 + 2
    1.71769 0.5 2
    2.14875 0.5 1
  2.282 3 + 2
    1.78969 0.5 2
    2.22075 0.5 1
  2.294 3 + 2
    1.80169 0.5 2
    2.23275 0.5 1
  2.329 5 - 2
    1.83669 0.5 2
    2.26775 0.5 1
  2.401 7 - 2
    1.7405 0.5 3
    2.401 0.5 0
  2.431 9 - 2
    1.7613 0.5 4
    2.36975 0.5 1
  2.44157 21 + 2
    0.31687 0.6209 51
    0.41556 0.3791 49
  2.4486 23 - 1
    0.42259 1 49
  2.474 5 - 2
    1.98169 0.5 2
    2.41275 0.5 1
  2.562 7 - 2
    1.9015 0.5 3
    2.562 0.5 0
  2.61529 21 + 1
    0.49059 1 51
  2.81157 23 + 3
    0.19628 0.2959 64
    0.36297 0.3314 61
    0.37 0.3727 60
  3.05242 27 - 1
    0.60382 1 61
  3.15993 25 + 4
    0.34836 0.2416 65
    0.54464 0.1836 64
    0.71133 0.3438 61
    0.71836 0.231 60
  3.49706 27 + 2
    0.33713 0.5833 67
    0.44464 0.4167 66
  3.66534 25 - 2
    0.61292 0.4845 66
    0.85377 0.5155 65
  3.76041 29 + 3
    0.26335 0.2429 68
    0.60048 0.1105 67
    0.70799 0.6466 66
  3.8509 27 - 1
    1.4023 1 61
  4.0138 31 + 2
    0.25339 0.7649 70
    0.51674 0.2351 68
  4.08625 27 - 3
    0.42091 0.469486 69
    0.92632 0.469486 67
    1.03383 0.061028 66
  4.2237 29 - 1
    1.17128 1 66
  4.3626 5 - 2
    0.138899 0.2481 74
    0.3488 0.7519 72
  4.38971 29 - 4
    0.30346 0.284072 73
    0.53881 0.141986 71
    0.72437 0.284072 69
    1.33729 0.289871 66
  4.7014 31 - 2
    0.31169 0.8 76
    0.61515 0.2 73
  4.7603 7 - 1
    0.3977 1 75
  4.9351 33 - 2
    0.233701 0.8547 77
    0.7114 0.1453 74
  5.0305 9 - 1
    0.806799 1 74
  5.4827 5 - 1
    1.1201 1 75
  5.7273 7 - 1
    0.2446 1 81
  5.8917 9 - 3
    0.1644 0.5405 82
    0.409 0.1568 81
    1.1314 0.3027 78
  6.1307 5 - 2
    0.239001 0.8547 83
    0.403401 0.1453 82
  6.8537 7 - 1
    0.962001 1 83
  7.2168 5 - 1
    1.0861 1 84

61 146 79
  0 6 - 0
  0.01723 0 - 1
    0.01723 1 0
  0.03327 4 - 1
    0.01604 1 1
  0.07313 10 - 1
    0.07313 1 0
  0.08318 2 - 1
    0.08318 1 0
  0.08909 4 - 1
    0.08909 1 0
  0.09428 12 - 1
    0.06101 1 2
  0.1075 8 + 1
    0.07423 1 2
  0.13642 8 - 1
    0.13642 1 0
  0.14986 10 + 2
    0.13263 0.2632 1
    0.14986 0.7368 0
  0.16693 10 - 1
    0.0938 1 3
  0.18782 10 - 3
    0.09873 0.204895 5
    0.10464 0.78968 4
    0.18782 0.005425 0
  0.2011 6 + 3
    0.10682 0.488139 6
    0.16783 0.455036 2
    0.2011 0.056825 0
  0.21242 10 - 4
    0.06256 0.08997 9
    0.076 0.5396 8
    0.19519 0.05983 1
    0.21242 0.3106 0
  0.2321 8 + 2
    0.13782 0.3409 6
    0.19883 0.6591 2
  0.23553 10 - 1
    0.1624 1 3
  0.2852 10 + 3
    0.09738 0.023059 11
    0.19611 0.402776 5
    0.2852 0.574166 0
  0.29264 10 - 1
    0.14278 1 9
  0.30246 10 + 3
    0.13553 0.210794 10
    0.16604 0.068528 8
    0.30246 0.720678 0
  0.31058 2 - 3
    0.2163 0.539068 6
    0.27731 0.425874 2
    0.31058 0.035058 0
  0.3525 14 - 1
    0.245 1 7
  0.39197 10 - 6
    0.17955 0.3629 13
    0.19087 0.09912 12
    0.22504 0.04308 10
    0.31884 0.246 3
    0.37474 0.0292 1
    0.39197 0.2197 0
  0.41791 10 + 3
    0.25098 0.409 10
    0.28149 0.1766 8
    0.38464 0.4144 2
  0.4526 10 + 3
    0.2515 0.757023 12
    0.35832 0.082272 6
    0.41933 0.160705 2
  0.51833 10 - 1
    0.2828 1 15
  0.53217 10 + 2
    0.31975 0.4499 13
    0.53217 0.5501 0
  0.56442 12 + 1
    0.3766 1 11
  0.58164 10 - 2
    0.289 0.1683 17
    0.36922 0.8317 13
  0.5895 10 - 2
    0.27892 0.2055 19
    0.3884 0.7945 12
  0.64903 10 + 3
    0.46121 0.2603 11
    0.55994 0.3396 5
    0.56585 0.4001 4
  0.66582 8 + 1
    0.4534 1 13
  0.67553 10 + 3
    0.28356 0.1476 21
    0.36495 0.4817 19
    0.44 0.3707 15
  0.69952 10 - 1
    0.5631 1 8
  0.70348 10 + 1
    0.3929 1 19
  0.7585 10 - 3
    0.5574 0.20492 12
    0.59157 0.29753 10
    0.60864 0.49755 9
  0.76528 10 + 4
    0.23311 0.095645 25
    0.46282 0.161992 18
    0.55286 0.367782 13
    0.61542 0.374581 9
  0.7672 0 - 2
    0.5351 0.6998 14
    0.73393 0.3002 2
  0.7915 10 + 2
    0.48092 0.6306 19
    0.65508 0.3694 8
  0.81082 10 + 1
    0.6744 1 8
  0.8207 14 + 3
    0.4682 0.083864 20
    0.5886 0.640055 14
    0.7132 0.276081 7
  0.83359 10 - 2
    0.52301 0.8489 19
    0.63249 0.1511 12
  0.8729 18 - 2
    0.0522 0.996283 39
    0.1057 0.003717 36
  0.89727 10 - 1
    0.76085 1 8
  0.92082 10 - 1
    0.7844 1 8
  1.02828 6 + 1
    0.263 1 35
  1.1118 4 + 1
    0.7593 1 20
  1.3531 6 + 1
    0.4802 1 41
  1.4403 4 + 1
    0.3285 1 45
  1.5116 6 + 2
    0.1585 0.061028 46
    0.6387 0.938972 41
  1.9668 4 + 2
    0.4552 0.3333 48
    0.6137 0.6667 46
  2.0052 2 + 1
    0.4936 1 48
  2.2363 6 + 3
    0.2311 0.095521 50
    0.2695 0.059171 49
    0.7247 0.845308 48
  2.5511 4 - 2
    0.3148 0.3827 51
    0.5843 0.6173 49
  2.6059 2 + 2
    0.3696 0.3711 51
    0.6007 0.6289 50
  3.0375 8 - 1
    0.4864 1 52
  3.0546 6 + 2
    0.5035 0.2647 52
    0.8183 0.7353 51
  3.2474 4 - 2
    0.1928 0.074928 55
    0.6415 0.925072 53
  3.7908 8 + 1
    0.5434 1 56
  4.0991 2 - 1
    1.0616 1 54
  4.1107 6 + 1
    0.319901 1 57
  4.1808 4 - 1
    0.39 1 57
  4.2198 8 + 1
    0.429 1 57
  4.8725 6 - 1
    1.0817 1 57
  4.969 4 + 1
    0.8699 1 58
  5.2506 2 - 1
    1.0308 1 61
  5.3387 6 + 1
    1.1579 1 60
  5.3786 4 - 1
    1.1978 1 60
  5.454 8 + 1
    0.2034 1 64
  5.6401 2 - 3
    0.2615 0.2469 66
    0.7676 0.1358 62
    1.4593 0.6173 60
  5.6862 6 + 2
    0.813701 0.6757 62
    1.5054 0.3243 60
  5.7872 4 - 1
    0.4485 1 65
  5.8931 8 + 4
    0.206899 0.151785 69
    0.253 0.315168 68
    0.5145 0.143986 66
    0.5544 0.389061 65
  5.9867 2 - 2
    0.093601 0.5 71
    0.648001 0.5 65
  6.2922 12 + 1
    0.953501 1 65
  6.4328 6 - 1
    0.9788 1 67
  6.5136 4 + 1
    1.0596 1 67
  6.6191 8 - 3
    0.3269 0.128 73
    0.6324 0.6098 72
    0.831901 0.2622 70
  6.8378 2 + 1
    0.218699 1 76
  6.8764 6 - 1
    0.257299 1 76

61 147 135
  0 7 + 0
  0.091105 5 + 1
    0.091105 1 0
  0.35 3 + 1
    0.35 1 0
  0.38 9 + 1
    0.288895 1 1
  0.40834 9 + 1
    0.40834 1 0
  0.410513 7 + 2
    0.319408 0.936528 1
    0.410513 0.063472 0
  0.489254 7 + 3
    0.080914 0.004043 4
    0.398149 0.853463 1
    0.489254 0.142494 0
  0.5 1 + 1
    0.408895 1 1
  0.531009 7 + 3
    0.120496 0.04599 5
    0.439904 0.083719 1
    0.531009 0.870291 0
  0.62 11 - 2
    0.21166 0.5 4
    0.24 0.5 3
  0.63293 1 + 1
    0.541825 1 1
  0.64127 5 - 1
    0.230757 1 5
  0.64914 11 - 4
    0.118131 0.780055 8
    0.159886 0.063554 6
    0.2408 0.13931 4
    0.64914 0.017081 0
  0.66 3 - 2
    0.16 0.5 7
    0.568895 0.5 1
  0.6673 11 + 2
    0.25896 0.1821 4
    0.6673 0.8179 0
  0.68039 7 + 5
    0.149381 0.062728 8
    0.191136 0.049799 6
    0.27205 0.154295 4
    0.589285 0.417187 1
    0.68039 0.315991 0
  0.685892 7 + 6
    0.052962 0.006839 10
    0.154883 0.002528 8
    0.196638 0.096312 6
    0.275379 0.409209 5
    0.594787 0.117803 1
    0.685892 0.367308 0
  0.73068 5 + 2
    0.241426 0.4863 6
    0.639575 0.5137 1
  0.80725 5 - 3
    0.317996 0.1493 6
    0.716145 0.4478 1
    0.80725 0.4029 0
  0.83657 5 + 2
    0.45657 0.5 3
    0.745465 0.5 1
  0.86514 9 + 2
    0.4568 0.2854 4
    0.86514 0.7146 0
  0.88 3 + 2
    0.53 0.5 2
    0.88 0.5 0
  0.91 13 - 1
    0.2427 1 14
  0.931 1 + 2
    0.431 0.5 7
    0.839895 0.5 1
  0.94 3 - 2
    0.44 0.5 7
    0.848895 0.5 1
  0.97033 11 - 3
    0.30303 0.15 14
    0.56199 0.53 4
    0.97033 0.32 0
  0.973 5 - 2
    0.623 0.5 2
    0.973 0.5 0
  0.984 7 - 2
    0.57566 0.237 4
    0.984 0.763 0
  1.04115 5 + 3
    0.630637 0.4219 5
    0.950045 0.2892 1
    1.04115 0.2889 0
  1.049 9 + 2
    0.363108 0.5622 16
    0.517991 0.4378 8
  1.05103 15 - 1
    0.40189 1 12
  1.07259 13 + 3
    0.10226 0.032281 25
    0.40529 0.379008 14
    0.66425 0.588712 4
  1.0775 3 - 2
    0.34682 0.6234 17
    0.588246 0.3766 6
  1.1 1 + 2
    0.6 0.5 7
    1.0089 0.5 1
  1.1192 7 + 2
    0.43881 0.6277 15
    0.4519 0.3723 14
  1.145 3 + 2
    0.795 0.5 2
    1.145 0.5 0
  1.15951 13 - 2
    0.18918 0.1915 25
    0.49221 0.8085 14
  1.187 9 - 2
    0.776487 0.5 5
    1.187 0.5 0
  1.2139 3 - 1
    0.57263 1 11
  1.24562 5 - 2
    0.19459 0.3526 30
    0.59648 0.6474 12
  1.31 17 - 2
    0.15049 0.5 36
    0.4 0.5 22
  1.325 9 - 2
    0.914487 0.5 5
    1.325 0.5 0
  1.344 1 - 2
    0.70273 0.5 11
    0.994 0.5 2
  1.36 5 - 2
    1.01 0.5 2
    1.36 0.5 0
  1.382 1 + 1
    0.971487 1 5
  1.387 3 - 2
    0.887 0.5 7
    1.2959 0.5 1
  1.39284 15 + 3
    0.23333 0.1029 36
    0.32025 0.1229 31
    0.72554 0.7742 14
  1.4063 15 - 3
    0.24679 0.4865 36
    0.33371 0.3667 31
    0.43597 0.1468 25
  1.422 9 - 2
    1.01149 0.5 5
    1.422 0.5 0
  1.4342 7 - 2
    0.3567 0.3333 32
    0.70352 0.6667 17
  1.44 5 - 2
    1.09 0.5 2
    1.44 0.5 0
  1.476 3 - 2
    0.976 0.5 7
    1.38489 0.5 1
  1.505 11 + 2
    1.09449 0.5 5
    1.505 0.5 0
  1.543 7 - 2
    1.163 0.5 3
    1.45189 0.5 1
  1.58 5 + 2
    1.2 0.5 3
    1.4889 0.5 1
  1.587 9 - 2
    1.17649 0.5 5
    1.587 0.5 0
  1.596 3 + 2
    1.246 0.5 2
    1.596 0.5 0
  1.62766 19 - 1
    0.57663 1 30
  1.629 7 + 2
    1.279 0.5 2
    1.629 0.5 0
  1.641 5 - 2
    1.291 0.5 2
    1.641 0.5 0
  1.656 11 + 2
    1.24549 0.5 5
    1.656 0.5 0
  1.65955 17 - 3
    0.25325 0.291 47
    0.26671 0.305 46
    0.50004 0.404 36
  1.667 3 + 2
    1.317 0.5 2
    1.667 0.5 0
  1.67 9 - 2
    1.25949 0.5 5
    1.67 0.5 0
  1.69891 17 - 2
    0.45329 0.4684 39
    0.64788 0.5316 30
  1.702 5 + 2
    1.322 0.5 3
    1.61089 0.5 1
  1.723 7 + 2
    1.373 0.5 2
    1.723 0.5 0
  1.788 1 - 2
    1.14673 0.5 11
    1.438 0.5 2
  1.79465 3 + 3
    0.16699 0.1739 57
    0.54903 0.343 39
    0.74362 0.4831 30
  1.805 13 - 2
    0.895 0.5 22
    1.1377 0.5 14
  1.81 5 + 2
    1.43 0.5 3
    1.7189 0.5 1
  1.83182 17 + 3
    0.42552 0.3512 47
    0.43898 0.1009 46
    0.75923 0.5479 31
  1.8521 7 - 2
    1.4721 0.5 3
    1.761 0.5 1
  1.872 9 - 2
    1.46149 0.5 5
    1.872 0.5 0
  1.892 1 + 2
    1.392 0.5 7
    1.80089 0.5 1
  1.91 3 - 2
    1.41 0.5 7
    1.81889 0.5 1
  1.93 1 + 2
    1.43 0.5 7
    1.83889 0.5 1
  1.938 5 - 2
    1.588 0.5 2
    1.938 0.5 0
  1.9846 19 - 3
    0.15278 0.0927 71
    0.32505 0.4002 61
    0.5783 0.5071 47
  2.013 11 + 2
    1.60249 0.5 5
    2.013 0.5 0
  2.025 7 + 2
    1.675 0.5 2
    2.025 0.5 0
  2.035 9 - 2
    1.62449 0.5 5
    2.035 0.5 0
  2.068 5 + 2
    1.688 0.5 3
    1.9769 0.5 1
  2.07908 19 + 5
    0.28443 0.19039 68
    0.38017 0.071946 64
    0.41953 0.119694 61
    0.45142 0.39868 57
    0.68624 0.219289 46
  2.106 3 - 2
    1.606 0.5 7
    2.01489 0.5 1
  2.16 7 - 2
    1.78 0.5 3
    2.06889 0.5 1
  2.18 5 + 2
    1.8 0.5 3
    2.08889 0.5 1
  2.201 9 - 2
    1.79049 0.5 5
    2.201 0.5 0
  2.22 3 + 2
    1.87 0.5 2
    2.22 0.5 0
  2.25065 19 + 3
    0.41883 0.1281 71
    0.5911 0.3736 61
    0.85781 0.4983 46
  2.30805 21 - 3
    0.22897 0.094182 83
    0.32345 0.291706 78
    0.6485 0.614112 61
  2.3303 23 - 1
    0.70264 1 57
  2.40537 23 - 1
    0.77771 1 57
  2.45962 21 + 3
    0.20897 0.4805 89
    0.47502 0.3461 78
    0.6278 0.1734 71
  2.54884 23 - 3
    0.14347 0.225102 92
    0.21854 0.064991 91
    0.92118 0.709907 57
  2.62276 23 + 2
    0.29246 0.1674 91
    0.54368 0.8326 83
  2.6859 25 - 3
    0.13706 0.052069 94
    0.28053 0.057849 92
    0.3556 0.890082 91
  2.70689 23 - 2
    0.39884 0.3975 90
    0.72229 0.6025 78
  2.78282 23 + 3
    0.3232 0.3593 93
    0.53217 0.3007 89
    0.70374 0.34 83
  2.85 27 - 3
    0.1641 0.768431 96
    0.30116 0.151586 94
    0.5197 0.079983 91
  2.89928 25 + 2
    0.27652 0.1406 95
    0.56898 0.8594 91
  3.0512 25 + 1
    0.59158 1 93
  3.0524 25 - 2
    0.34551 0.251 97
    0.74435 0.749 90
  3.12441 27 - 1
    0.79411 1 91
  3.27743 27 + 2
    0.37815 0.039748 100
    0.65467 0.960252 95
  3.3359 27 - 1
    0.62901 1 97
  3.35778 29 + 4
    0.08035 0.2557 104
    0.23337 0.1616 103
    0.4585 0.1878 100
    0.50778 0.3949 99
  3.40501 29 - 1
    0.71911 1 96
  3.46369 31 - 1
    0.61369 1 99
  3.611 7 + 1
    0.761 1 99
  3.68731 31 + 3
    0.22362 0.099982 108
    0.32953 0.48471 106
    0.40988 0.415308 104
  3.69483 33 + 2
    0.23114 0.7622 108
    0.33705 0.2378 106
  3.84022 5 + 2
    0.37653 0.1071 108
    0.43521 0.8929 107
  3.9493 31 - 1
    0.82489 1 103
  4.1331 3 + 1
    0.775321 1 106
  4.229 35 - 1
    0.76531 1 108
  4.28691 35 + 2
    0.592081 0.1156 111
    0.599601 0.8844 110
  4.32044 37 + 1
    0.62561 1 111
  4.5124 5 - 1
    0.67218 1 112
  4.8575 39 - 1
    0.6285 1 115
  5.01314 41 + 1
    0.6927 1 117
  5.02121 39 + 1
    0.734299 1 116
  5.2181 7 - 1
    0.897661 1 117
  5.4584 5 - 1
    1.13796 1 117
  5.64527 45 + 1
    0.63213 1 120
  5.8082 43 + 2
    0.590099 0.2474 122
    0.78699 0.7526 121
  5.985 43 - 1
    0.97186 1 120
  6.1301 3 - 1
    1.11696 1 120
  6.1857 7 + 1
    0.3775 1 125
  6.37779 47 + 2
    0.39279 0.073654 126
    0.73252 0.926346 124
  6.6871 49 + 1
    1.04183 1 124
  7.004 51 + 2
    0.3169 0.3678 130
    0.62621 0.6322 129
  7.5541 51 + 2
    0.550101 0.3358 131
    0.867001 0.6642 130
  7.7797 9 - 1
    0.775701 1 131
  7.9774 5 - 1
    0.9734 1 131

61 148 44
  0 2 - 0
  0.0757 2 - 1
    0.0757 1 0
  0.1372 6 - 2
    0.0615 0.5 1
    0.1372 0.5 0
  0.1766 10 - 1
    0.1009 1 1
  0.2153 16 - 1
    0.0781 1 2
  0.2199 4 - 1
    0.2199 1 0
  0.292 12 + 3
    0.1154 0.333333 3
    0.2163 0.333333 1
    0.292 0.333333 0
  0.3029 10 - 1
    0.1263 1 3
  0.3047 2 + 3
    0.0848 0.333333 5
    0.229 0.333333 1
    0.3047 0.333333 0
  0.3089 12 - 4
    0.089 0.25 5
    0.1323 0.25 3
    0.2332 0.25 1
    0.3089 0.25 0
  0.3634 14 + 2
    0.1481 0.5 4
    0.1868 0.5 3
  0.3797 14 - 4
    0.0768 0.25 7
    0.0877 0.25 6
    0.1598 0.25 5
    0.3797 0.25 0
  0.3853 8 - 2
    0.17 0.5 4
    0.2087 0.5 3
  0.3881 12 - 6
    0.0792 0.166667 9
    0.0834 0.166667 8
    0.0961 0.166667 6
    0.2115 0.166667 3
    0.3124 0.166667 1
    0.3881 0.166667 0
  0.4096 12 + 3
    0.1943 0.333333 4
    0.233 0.333333 3
    0.3339 0.333333 1
  0.4135 12 + 2
    0.1215 0.5 6
    0.3378 0.5 1
  0.4401 14 - 5
    0.1312 0.2 9
    0.1372 0.2 7
    0.1481 0.2 6
    0.2635 0.2 3
    0.3644 0.2 1
  0.452 14 + 5
    0.0886 0.2 10
    0.1491 0.2 7
    0.16 0.2 6
    0.2754 0.2 3
    0.3763 0.2 1
  0.462 6 + 2
    0.1573 0.5 8
    0.2421 0.5 5
  0.5264 12 + 3
    0.1129 0.333333 15
    0.2235 0.333333 7
    0.3111 0.333333 4
  0.5294 10 + 2
    0.1198 0.5 14
    0.1413 0.5 13
  0.5434 8 - 3
    0.1299 0.333333 15
    0.3281 0.333333 4
    0.3668 0.333333 3
  0.5457 14 - 6
    0.1576 0.166667 13
    0.166 0.166667 11
    0.2368 0.166667 9
    0.241 0.166667 8
    0.2537 0.166667 6
    0.3691 0.166667 3
  0.5503 10 + 5
    0.1622 0.2 13
    0.1869 0.2 10
    0.2474 0.2 7
    0.2583 0.2 6
    0.3737 0.2 3
  0.5613 14 + 4
    0.1732 0.25 13
    0.1816 0.25 11
    0.3414 0.25 5
    0.4856 0.25 1
  0.5642 12 - 6
    0.1546 0.166667 14
    0.1761 0.166667 13
    0.1845 0.166667 11
    0.2008 0.166667 10
    0.2722 0.166667 6
    0.3876 0.166667 3
  0.5731 14 + 6
    0.133 0.166667 16
    0.1934 0.166667 11
    0.2642 0.166667 9
    0.2684 0.166667 8
    0.2811 0.166667 6
    0.3965 0.166667 3
  0.6112 12 - 2
    0.1977 0.5 15
    0.3959 0.5 4
  0.6227 14 + 2
    0.077 0.5 22
    0.318 0.5 8
  0.6419 12 - 2
    0.333 0.5 9
    0.422 0.5 5
  0.6557 10 + 3
    0.2156 0.333333 16
    0.2461 0.333333 14
    0.2704 0.333333 12
  0.6605 10 + 2
    0.2971 0.5 10
    0.3516 0.5 9
  0.6695 14 + 4
    0.2294 0.25 16
    0.2842 0.25 12
    0.3606 0.25 9
    0.3648 0.25 8
  0.6729 12 - 3
    0.2594 0.333333 15
    0.2633 0.333333 14
    0.2848 0.333333 13
  0.7 4 + 2
    0.6243 0.5 1
    0.7 0.5 0
  0.715 6 + 2
    0.4103 0.5 8
    0.4951 0.5 5
  0.7263 4 - 5
    0.2743 0.2 17
    0.3382 0.2 13
    0.3466 0.2 11
    0.3629 0.2 10
    0.4216 0.2 8
  0.745 6 + 2
    0.4403 0.5 8
    0.5251 0.5 5
  0.797 4 - 2
    0.3569 0.5 16
    0.4941 0.5 7
  0.8005 8 + 2
    0.2741 0.5 19
    0.4976 0.5 7
  0.81 6 - 2
    0.7343 0.5 1
    0.81 0.5 0
  0.859 4 + 2
    0.7833 0.5 1
    0.859 0.5 0
  0.91 8 - 2
    0.6011 0.5 9
    0.6901 0.5 5
  0.958 6 + 2
    0.6533 0.5 8
    0.7381 0.5 5

61 149 91
  0 7 + 0
  0.114312 5 + 1
    0.114312 1 0
  0.188631 3 + 2
    0.074319 0.741 1
    0.188631 0.259 0
  0.211307 5 + 3
    0.022676 0.003088 2
    0.096995 0.113101 1
    0.211307 0.883811 0
  0.240214 11 - 1
    0.240214 1 0
  0.270169 7 - 4
    0.029955 0.23 4
    0.058862 0.1048 3
    0.155857 0.2447 1
    0.270169 0.4205 0
  0.288207 9 + 1
    0.288207 1 0
  0.360045 7 + 2
    0.245733 0.85 1
    0.360045 0.15 0
  0.387558 1 + 3
    0.176251 0.03251 3
    0.198927 0.8688 2
    0.273246 0.09869 1
  0.396774 5 + 6
    0.036729 0.02358 7
    0.126605 0.03075 5
    0.185467 0.03189 3
    0.208143 0.735607 2
    0.282462 0.160402 1
    0.396774 0.01777 0
  0.415449 3 + 2
    0.226818 0.3167 2
    0.301137 0.6833 1
  0.425275 7 + 6
    0.06523 0.087679 7
    0.137068 0.065851 6
    0.155106 0.024577 5
    0.213968 0.297661 3
    0.310963 0.346855 1
    0.425275 0.177377 0
  0.462194 3 - 5
    0.06542 0.023091 9
    0.074636 0.642026 8
    0.192025 0.288112 5
    0.250887 0.013991 3
    0.273563 0.032781 2
  0.49759 11 + 2
    0.209383 0.1757 6
    0.49759 0.8243 0
  0.51008 15 - 1
    0.269866 1 4
  0.515645 9 - 3
    0.245476 0.247895 5
    0.275431 0.715386 4
    0.515645 0.036719 0
  0.537862 5 - 9
    0.075668 0.051951 12
    0.112587 0.006498 11
    0.122413 0.01333 10
    0.141088 0.001951 9
    0.177817 0.00753 7
    0.267693 0.302803 5
    0.326555 0.210902 3
    0.349231 0.063431 2
    0.42355 0.341604 1
  0.547132 7 + 5
    0.131683 0.020461 10
    0.276963 0.862243 5
    0.358501 0.026231 2
    0.43282 0.052333 1
    0.547132 0.038732 0
  0.552 11 - 2
    0.281831 0.5 5
    0.311786 0.5 4
  0.5583 9 + 4
    0.198255 0.52151 7
    0.288131 0.112002 5
    0.443988 0.276106 1
    0.5583 0.090382 0
  0.6365 1 + 2
    0.425193 0.5 3
    0.522188 0.5 1
  0.65102 5 + 8
    0.188826 0.029458 12
    0.254246 0.261782 9
    0.263462 0.068475 8
    0.380851 0.14409 5
    0.439713 0.101193 3
    0.462389 0.091224 2
    0.536708 0.130991 1
    0.65102 0.172788 0
  0.654842 7 - 12
    0.096542 0.002233 19
    0.10771 0.009046 17
    0.11698 0.01209 16
    0.139197 0.044741 15
    0.229567 0.025621 11
    0.258068 0.019811 9
    0.294797 0.029881 7
    0.366635 0.028201 6
    0.384673 0.01422 5
    0.443535 0.059532 3
    0.54053 0.342511 1
    0.654842 0.412113 0
  0.66655 7 - 4
    0.241275 0.1804 11
    0.396381 0.2627 5
    0.426336 0.3588 4
    0.455243 0.1981 3
  0.71672 5 + 2
    0.301271 0.3744 10
    0.446551 0.6256 5
  0.721 7 + 2
    0.360955 0.3363 7
    0.606688 0.6637 1
  0.744581 3 + 8
    0.197449 0.01359 17
    0.282387 0.01501 12
    0.329132 0.018871 10
    0.347807 0.146604 9
    0.357023 0.042681 8
    0.533274 0.080222 3
    0.55595 0.516716 2
    0.630269 0.166305 1
  0.75038 9 + 4
    0.480211 0.246188 5
    0.510166 0.367182 4
    0.636068 0.305585 1
    0.75038 0.081046 0
  0.7515 3 + 2
    0.562869 0.5 2
    0.7515 0.5 0
  0.75865 5 + 3
    0.470443 0.2872 6
    0.547343 0.2874 3
    0.75865 0.4254 0
  0.768187 7 + 6
    0.342912 0.129196 11
    0.352738 0.083408 10
    0.498018 0.01556 5
    0.55688 0.65538 3
    0.653875 0.027389 1
    0.768187 0.089067 0
  0.77135 13 - 3
    0.255705 0.106989 15
    0.26127 0.543946 14
    0.531136 0.349065 4
  0.77888 13 + 3
    0.28129 0.1391 13
    0.490673 0.7185 6
    0.538666 0.1424 4
  0.78672 5 + 5
    0.239588 0.1916 17
    0.399162 0.1953 8
    0.575413 0.1024 3
    0.598089 0.3789 2
    0.78672 0.1318 0
  0.79101 11 - 2
    0.29342 0.3358 13
    0.502803 0.6642 6
  0.80864 11 + 2
    0.25034 0.3778 19
    0.448595 0.6222 7
  0.87296 1 - 2
    0.512915 0.5 7
    0.758648 0.5 1
  0.88489 5 + 1
    0.673583 1 3
  0.89645 3 - 1
    0.608243 1 6
  0.9071 1 + 2
    0.695793 0.5 3
    0.792788 0.5 1
  0.923885 9 - 6
    0.49861 0.121601 11
    0.56384 0.03041 7
    0.635678 0.226402 6
    0.712578 0.233102 3
    0.809573 0.050681 1
    0.923885 0.337803 0
  0.942924 3 - 5
    0.527475 0.144893 10
    0.582879 0.227089 7
    0.754293 0.483076 2
    0.828612 0.106295 1
    0.942924 0.038648 0
  0.955 5 + 2
    0.743693 0.5 3
    0.840688 0.5 1
  0.9569 19 - 1
    0.44682 1 14
  1.00663 13 - 2
    0.21562 0.124 34
    0.50904 0.876 13
  1.008 1 + 2
    0.796693 0.5 3
    0.893688 0.5 1
  1.02009 15 + 2
    0.24121 0.1107 32
    0.5225 0.8893 13
  1.03168 7 + 6
    0.376838 0.068784 22
    0.493818 0.527132 16
    0.671635 0.090065 7
    0.743473 0.022731 6
    0.761511 0.252315 5
    1.03168 0.038972 0
  1.0434 9 - 2
    0.618125 0.2424 11
    0.832093 0.7576 3
  1.05018 3 - 2
    0.861549 0.7937 2
    0.935868 0.2063 1
  1.14153 5 + 5
    0.39115 0.095054 27
    0.594398 0.347214 17
    0.781485 0.048712 7
    0.871361 0.403816 5
    1.02722 0.105204 1
  1.14571 15 - 3
    0.13908 0.091782 44
    0.3547 0.133303 34
    0.36683 0.774916 32
  1.15604 9 - 4
    0.740591 0.467295 10
    0.795995 0.228998 7
    0.967409 0.270997 2
    1.15604 0.03271 0
  1.1629 15 + 2
    0.39155 0.4024 31
    0.65282 0.5976 14
  1.181 3 - 2
    0.969693 0.5 3
    1.06669 0.5 1
  1.19026 5 - 8
    0.728066 0.105699 12
    0.764985 0.04882 11
    0.774811 0.02013 10
    0.793486 0.145899 9
    0.920091 0.02516 5
    0.978953 0.503295 3
    1.07595 0.135899 1
    1.19026 0.0151 0
  1.2111 17 - 3
    0.2542 0.2233 43
    0.43975 0.2462 31
    0.70102 0.5305 14
  1.213 9 - 2
    0.852955 0.5 7
    1.213 0.5 0
  1.22953 17 + 2
    0.20944 0.063663 46
    0.45065 0.936337 32
  1.2341 7 - 15
    0.48372 0.072653 27
    0.5131 0.014131 25
    0.579258 0.080734 22
    0.58308 0.052472 21
    0.6758 0.026241 19
    0.686968 0.092844 17
    0.696238 0.181608 16
    0.718455 0.052472 15
    0.808825 0.201809 11
    0.837326 0.032291 9
    0.874055 0.005045 7
    0.945893 0.022201 6
    0.963931 0.026241 5
    1.02279 0.111005 3
    1.2341 0.028251 0
  1.23963 3 - 6
    0.58861 0.057437 21
    0.68133 0.078325 19
    0.842856 0.522169 9
    0.951423 0.026108 6
    1.12532 0.297682 1
    1.23963 0.018279 0
  1.26416 1 - 3
    0.993991 0.1133 5
    1.14985 0.6667 1
    1.26416 0.22 0
  1.29008 11 - 6
    0.864805 0.03756 11
    0.893306 0.04961 9
    0.930035 0.1205 7
    1.07877 0.7087 3
    1.17577 0.03756 1
    1.29008 0.04607 0
  1.31211 5 - 12
    0.567529 0.091834 26
    0.657268 0.099944 22
    0.849916 0.118893 12
    0.886835 0.029708 11
    0.896661 0.021609 10
    0.915336 0.011349 9
    0.952065 0.040518 7
    1.04194 0.156691 5
    1.1008 0.270084 3
    1.12348 0.081035 2
    1.1978 0.037818 1
    1.31211 0.040518 0
  1.329 3 + 2
    1.14037 0.5 2
    1.329 0.5 0
  1.367 9 - 2
    1.00696 0.5 7
    1.367 0.5 0
  1.3943 3 + 1
    0.978851 1 10
  1.405 7 - 2
    1.19369 0.5 3
    1.29069 0.5 1
  1.40699 17 - 2
    0.26128 0.042181 51
    0.3869 0.957819 46
  1.41226 1 - 5
    0.66188 0.174896 27
    0.85396 0.147997 19
    0.865128 0.448391 17
    0.986985 0.080718 11
    1.05222 0.147997 7
  1.44824 5 - 2
    1.25961 0.8929 2
    1.44824 0.1071 0
  1.462 9 - 2
    1.10196 0.5 7
    1.462 0.5 0
  1.477 19 + 3
    0.2659 0.3142 56
    0.3141 0.1947 53
    0.5201 0.4911 43
  1.49584 7 - 6
    1.1358 0.2105 7
    1.22567 0.1579 5
    1.28453 0.1579 3
    1.30721 0.1053 2
    1.38153 0.2105 1
    1.49584 0.1579 0
  1.5047 23 - 1
    0.5478 1 43
  1.531 13 + 2
    1.24279 0.5 6
    1.29079 0.5 4
  1.54958 19 + 3
    0.14259 0.076526 68
    0.32005 0.144412 58
    0.52949 0.779062 46
  1.56858 3 - 8
    0.8182 0.319478 27
    1.02145 0.14379 17
    1.17181 0.217285 9
    1.28037 0.057506 6
    1.29841 0.044727 5
    1.35727 0.114992 3
    1.45427 0.073475 1
    1.56858 0.028748 0
  1.589 5 + 2
    1.37769 0.5 3
    1.47469 0.5 1
  1.591 19 - 1
    0.44529 1 51
  1.6127 21 - 2
    0.4016 0.083528 56
    0.6558 0.916473 43
  1.6423 3 + 2
    1.45367 0.5 2
    1.6423 0.5 0
  1.696 7 + 2
    1.50737 0.5 2
    1.696 0.5 0
  1.739 21 + 1
    0.50947 1 58
  1.765 1 + 2
    1.55369 0.5 3
    1.65069 0.5 1
  1.782 11 - 2
    1.51183 0.5 5
    1.54179 0.5 4
  1.834 9 - 2
    1.47396 0.5 7
    1.834 0.5 0
  1.8853 21 - 2
    0.33572 0.5706 76
    0.47831 0.4294 68
  1.9236 23 + 3
    0.3109 0.2628 80
    0.4189 0.3493 74
    0.4466 0.3879 72
  2.1123 27 - 1
    0.6076 1 74
  2.1223 23 + 2
    0.237 0.3235 87
    0.57272 0.6765 76

61 150 1
  0 2 - 0

61 151 132
  0 5 + 0
  0.085119 7 + 1
    0.085119 1 0
  0.116794 5 - 2
    0.031675 0.0207 1
    0.116794 0.9793 0
  0.175075 7 - 3
    0.058281 0.266773 2
    0.089956 0.173683 1
    0.175075 0.559544 0
  0.197272 9 + 2
    0.112153 0.5118 1
    0.197272 0.4882 0
  0.255692 3 + 3
    0.138898 0.316687 2
    0.170573 0.021739 1
    0.255692 0.661573 0
  0.261157 9 - 3
    0.063885 0.118488 4
    0.086082 0.373963 3
    0.176038 0.507549 1
  0.324682 5 + 5
    0.06899 0.84702 5
    0.149607 0.037691 3
    0.207888 0.005616 2
    0.239563 0.049001 1
    0.324682 0.060671 0
  0.3296 11 + 2
    0.132328 0.1885 4
    0.244481 0.8115 1
  0.3438 11 - 3
    0.082643 0.541949 6
    0.146528 0.402836 4
    0.168725 0.055215 3
  0.426451 1 + 2
    0.170759 0.910218 5
    0.426451 0.089782 0
  0.456925 7 + 7
    0.132243 0.717221 7
    0.195768 0.035331 6
    0.201233 0.111003 5
    0.259653 0.022281 4
    0.340131 0.016771 2
    0.371806 0.034871 1
    0.456925 0.062522 0
  0.4867 13 + 2
    0.1429 0.3326 9
    0.289428 0.6674 4
  0.4975 13 - 3
    0.1537 0.49615 9
    0.1679 0.357564 8
    0.236343 0.146285 6
  0.507885 5 + 7
    0.05096 0.379723 11
    0.183203 0.183811 7
    0.252193 0.047113 5
    0.33281 0.223813 3
    0.391091 0.014941 2
    0.422766 0.123307 1
    0.507885 0.027292 0
  0.524339 3 + 6
    0.097888 0.02071 10
    0.199657 0.172003 7
    0.268647 0.094272 5
    0.407545 0.269305 2
    0.43922 0.171503 1
    0.524339 0.272205 0
  0.532057 7 - 7
    0.075132 0.040274 11
    0.2709 0.29703 6
    0.334785 0.039504 4
    0.356982 0.341234 3
    0.415263 0.023532 2
    0.446938 0.157116 1
    0.532057 0.10131 0
  0.540372 3 - 5
    0.113921 0.017269 10
    0.28468 0.00664 5
    0.365297 0.034589 3
    0.423578 0.934765 2
    0.540372 0.006738 0
  0.552 9 + 2
    0.095075 0.5 11
    0.227318 0.5 7
  0.577402 5 - 4
    0.402327 0.550522 3
    0.460608 0.306212 2
    0.492283 0.031161 1
    0.577402 0.112104 0
  0.596 1 - 2
    0.340308 0.5 5
    0.479206 0.5 2
  0.5971 15 - 3
    0.0996 0.504849 13
    0.1104 0.154185 12
    0.2533 0.340966 9
  0.6401 11 - 2
    0.442828 0.5 4
    0.465025 0.5 3
  0.6576 15 + 2
    0.1601 0.3122 13
    0.328 0.6878 8
  0.701 11 + 3
    0.149 0.333333 18
    0.244075 0.333333 11
    0.439843 0.333333 6
  0.7192 7 + 2
    0.602406 0.5 2
    0.634081 0.5 1
  0.746552 3 - 9
    0.16915 0.059533 19
    0.20618 0.030392 17
    0.222213 0.029672 15
    0.238667 0.287716 14
    0.320101 0.36402 10
    0.42187 0.079624 7
    0.49086 0.057443 5
    0.629758 0.086915 2
    0.746552 0.004684 0
  0.755569 9 - 4
    0.580494 0.01067 3
    0.638775 0.01372 2
    0.67045 0.213402 1
    0.755569 0.762208 0
  0.773599 1 - 4
    0.233227 0.039218 17
    0.24926 0.40688 15
    0.347148 0.490175 10
    0.517907 0.063727 5
  0.781 7 + 2
    0.664206 0.5 2
    0.695881 0.5 1
  0.80946 3 - 5
    0.301575 0.109796 14
    0.612188 0.129395 4
    0.634385 0.043138 3
    0.724341 0.325487 1
    0.80946 0.392184 0
  0.8275 17 - 3
    0.1699 0.1837 23
    0.2304 0.3983 21
    0.33 0.418 13
  0.840966 3 + 10
    0.094414 0.004045 26
    0.263564 0.153306 19
    0.300594 0.354514 17
    0.316627 0.009684 15
    0.384041 0.007852 11
    0.414515 0.034291 10
    0.516284 0.013881 7
    0.585274 0.25451 5
    0.724172 0.020311 2
    0.840966 0.147606 0
  0.8523 1 + 2
    0.596608 0.7828 5
    0.8523 0.2172 0
  0.856472 5 + 9
    0.27907 0.02353 19
    0.3161 0.02465 17
    0.324415 0.02094 16
    0.348587 0.00429 14
    0.60078 0.02218 5
    0.681397 0.245105 3
    0.739678 0.609712 2
    0.771353 0.027571 1
    0.856472 0.02202 0
  0.85995 17 + 2
    0.26285 0.498 21
    0.37325 0.502 12
  0.866 13 + 2
    0.165 0.5 24
    0.314 0.5 18
  0.87058 5 - 6
    0.362695 0.051194 14
    0.673308 0.218417 4
    0.695505 0.078506 3
    0.753786 0.061435 2
    0.785461 0.341327 1
    0.87058 0.24912 0
  0.87471 3 + 6
    0.297308 0.009294 19
    0.366825 0.0242 14
    0.550028 0.547203 7
    0.619018 0.294302 5
    0.757916 0.03293 2
    0.87471 0.092071 0
  0.89763 9 - 5
    0.373291 0.057472 15
    0.572948 0.034481 7
    0.780836 0.074713 2
    0.812511 0.25861 1
    0.89763 0.574723 0
  0.914309 5 + 10
    0.15874 0.010801 27
    0.167757 0.012661 26
    0.336907 0.00491 19
    0.457384 0.007721 11
    0.589627 0.033902 7
    0.658617 0.084504 5
    0.739234 0.173609 3
    0.797515 0.540726 2
    0.82919 0.026061 1
    0.914309 0.105105 0
  0.943 7 + 2
    0.826206 0.5 2
    0.857881 0.5 1
  0.943905 9 - 4
    0.419566 0.094792 15
    0.688213 0.038591 5
    0.858786 0.189604 1
    0.943905 0.677014 0
  0.9447 19 - 2
    0.1172 0.2789 31
    0.3476 0.7211 21
  0.95789 5 + 5
    0.211338 0.212181 26
    0.380488 0.098351 19
    0.841096 0.488556 2
    0.872771 0.039226 1
    0.95789 0.161685 0
  0.98988 5 + 10
    0.449508 0.044414 17
    0.465541 0.033183 15
    0.481995 0.078276 14
    0.532955 0.298824 11
    0.665198 0.13081 7
    0.734188 0.142411 5
    0.792608 0.053224 4
    0.873086 0.017691 2
    0.904761 0.13021 1
    0.98988 0.070956 0
  0.998 5 + 2
    0.822925 0.5 3
    0.998 0.5 0
  1.01071 7 - 2
    0.925591 0.5714 1
    1.01071 0.4286 0
  1.037 7 + 2
    0.920206 0.5 2
    0.951881 0.5 1
  1.058 19 + 1
    0.2305 1 31
  1.07291 3 + 1
    1.07291 1 0
  1.102 3 + 2
    0.985206 0.5 2
    1.01688 0.5 1
  1.13321 5 + 9
    0.292244 0.015098 32
    0.32375 0.003174 30
    0.377641 0.013968 27
    0.601153 0.006365 16
    0.625325 0.007702 14
    0.676285 0.019198 11
    0.958135 0.146183 3
    1.01642 0.635428 2
    1.04809 0.152883 1
  1.1756 9 - 1
    0.919908 1 5
  1.18327 1 - 5
    0.37381 0.157717 30
    0.427701 0.358439 27
    0.605868 0.046595 19
    0.642898 0.129014 17
    1.06648 0.308234 2
  1.20097 11 - 7
    0.32626 0.03425 38
    0.39151 0.01618 30
    0.454418 0.04757 26
    0.676631 0.0666 15
    0.744045 0.3283 11
    0.876288 0.4757 7
    1.08418 0.0314 2
  1.205 11 - 2
    1.00773 0.5 4
    1.02992 0.5 3
  1.222 1 + 2
    0.897318 0.5 7
    1.222 0.5 0
  1.239 21 - 1
    0.4115 1 31
  1.245 7 - 2
    1.06993 0.5 3
    1.245 0.5 0
  1.262 9 - 2
    1.14521 0.5 2
    1.17688 0.5 1
  1.2875 21 + 2
    0.3428 0.5 43
    0.42755 0.5 35
  1.29768 5 + 19
    0.383371 0.001275 40
    0.42297 0.005616 38
    0.441208 0.0007 34
    0.44538 0.005471 33
    0.456714 0.003771 32
    0.48822 0.005857 30
    0.542111 0.025881 27
    0.551128 0.000683 26
    0.720278 0.001365 19
    0.765623 0.008868 16
    0.773341 0.003428 15
    0.789795 0.005482 14
    0.840755 0.00438 11
    0.972998 0.008819 7
    1.04199 0.016401 5
    1.1226 0.209209 3
    1.18089 0.681528 2
    1.21256 0.001024 1
    1.29768 0.01024 0
  1.312 3 - 2
    1.13692 0.5 3
    1.312 0.5 0
  1.33039 5 + 4
    0.45981 0.0199 37
    0.752988 0.2271 19
    0.790018 0.1993 17
    0.798333 0.5537 16
  1.35581 7 - 2
    0.50351 0.090909 33
    1.10012 0.909091 5
  1.377 23 - 2
    0.138 0.5 58
    0.4323 0.5 43
  1.39477 3 - 6
    0.648218 0.021722 26
    0.854398 0.166713 17
    0.886885 0.12921 14
    1.07009 0.199816 7
    1.13908 0.175214 5
    1.39477 0.307325 0
  1.42457 5 - 4
    0.52694 0.061309 39
    0.847168 0.218498 19
    0.892513 0.162398 16
    1.16888 0.557794 5
  1.44498 5 + 10
    0.59268 0.021612 33
    0.867578 0.059645 19
    0.904608 0.095428 17
    0.912923 0.095428 16
    0.937095 0.038283 14
    1.18929 0.238819 5
    1.2699 0.061995 3
    1.32819 0.226518 2
    1.35986 0.11931 1
    1.44498 0.042963 0
  1.455 9 - 2
    1.33821 0.5 2
    1.36988 0.5 1
  1.464 7 - 2
    1.28892 0.5 3
    1.464 0.5 0
  1.489 1 + 2
    1.16432 0.5 7
    1.489 0.5 0
  1.52 23 + 1
    0.462 1 49
  1.531 3 - 2
    1.35592 0.5 3
    1.531 0.5 0
  1.557 1 + 2
    1.23232 0.5 7
    1.557 0.5 0
  1.5621 7 - 3
    0.705628 0.1105 34
    0.815548 0.5814 26
    1.38702 0.3081 3
  1.57 9 - 2
    1.45321 0.5 2
    1.48488 0.5 1
  1.584 3 - 2
    1.40892 0.5 3
    1.584 0.5 0
  1.58991 11 - 2
    1.04954 0.8929 17
    1.41483 0.1071 3
  1.61782 7 + 5
    0.703511 0.035713 40
    0.776854 0.035713 32
    1.04042 0.11901 19
    1.07745 0.214317 17
    1.61782 0.595248 0
  1.62902 13 - 6
    0.754315 0.037661 38
    1.1721 0.054391 11
    1.30434 0.418408 7
    1.37333 0.418408 5
    1.51223 0.041841 2
    1.54391 0.029291 1
  1.63963 9 + 7
    0.68174 0.119393 44
    0.742 0.17269 39
    0.78733 0.068226 33
    0.866031 0.149291 28
    1.11529 0.202588 15
    1.13175 0.213187 14
    1.63963 0.074626 0
  1.65152 3 - 3
    1.07412 0.266673 19
    1.11115 0.127287 17
    1.5664 0.606039 1
  1.673 7 + 2
    1.55621 0.5 2
    1.58788 0.5 1
  1.711 1 + 2
    1.38632 0.5 7
    1.711 0.5 0
  1.7131 11 - 1
    1.62798 1 1
  1.721 25 - 2
    0.344 0.5 66
    0.482 0.5 58
  1.734 5 + 2
    1.55892 0.5 3
    1.734 0.5 0
  1.74125 9 - 9
    0.75137 0.015149 45
    0.78336 0.034628 44
    0.86654 0.080085 38
    0.88895 0.049777 33
    0.900284 0.157991 32
    0.967651 0.201288 28
    0.994698 0.060606 26
    1.20088 0.183989 17
    1.48556 0.216487 5
  1.762 3 + 2
    1.64521 0.5 2
    1.67688 0.5 1
  1.779 25 + 2
    0.402 0.5 66
    0.4915 0.5 61
  1.79368 5 - 2
    1.6186 0.8 3
    1.70856 0.2 1
  1.79513 7 - 5
    0.83724 0.042373 44
    1.21773 0.237314 19
    1.27079 0.254215 15
    1.28724 0.423725 14
    1.79513 0.042373 0
  1.80551 13 + 4
    0.84762 0.045662 44
    0.964544 0.319613 32
    1.37906 0.178107 10
    1.54982 0.456618 5
  1.8098 3 - 11
    0.47941 0.010699 64
    0.81992 0.106986 45
    0.85191 0.171078 44
    0.865895 0.019607 42
    0.91217 0.106986 39
    0.93509 0.012478 38
    0.968834 0.065941 32
    1.0362 0.178277 28
    1.2324 0.087329 19
    1.28546 0.163979 15
    1.38335 0.07664 10
  1.82217 9 + 4
    0.6212 0.2605 55
    0.92454 0.105 39
    0.95159 0.4202 37
    1.0666 0.2143 27
  1.84857 5 - 9
    0.71536 0.155809 52
    0.904665 0.143609 42
    0.95094 0.048883 39
    1.27117 0.094716 19
    1.3082 0.085555 17
    1.31651 0.047663 16
    1.67349 0.061114 3
    1.73178 0.305518 2
    1.84857 0.057133 0
  1.8537 5 + 7
    0.49789 0.008446 65
    1.01273 0.013249 32
    1.0801 0.263973 28
    1.10715 0.528346 26
    1.32936 0.063464 15
    1.59801 0.116188 5
    1.67862 0.006334 3
  1.86407 7 - 7
    0.989355 0.196098 38
    1.05461 0.02801 30
    1.28666 0.089639 19
    1.32369 0.560194 17
    1.35618 0.04482 14
    1.40714 0.03922 11
    1.86407 0.04202 0
  1.87363 5 + 18
    0.80072 0.027468 50
    0.929725 0.044096 42
    1.00305 0.071394 37
    1.01716 0.029497 34
    1.03266 0.029497 32
    1.06417 0.062994 30
    1.11806 0.060895 27
    1.12708 0.210181 26
    1.29623 0.063034 19
    1.33326 0.11559 17
    1.34157 0.134488 16
    1.34929 0.027348 15
    1.36574 0.016828 14
    1.4167 0.008412 11
    1.54895 0.005886 7
    1.69855 0.020998 3
    1.75684 0.054595 2
    1.78851 0.016798 1
  1.878 27 - 2
    0.157 0.5 87
    0.501 0.5 66
  1.88532 5 + 7
    1.34495 0.172709 17
    1.35327 0.132507 16
    1.4284 0.024101 11
    1.56064 0.40162 7
    1.62963 0.056223 5
    1.71025 0.032132 3
    1.76853 0.180709 2
  1.89205 5 + 16
    0.88134 0.041514 47
    0.93416 0.078557 44
    0.948145 0.044704 42
    1.02147 0.044704 37
    1.05108 0.017622 32
    1.08259 0.017562 30
    1.13648 0.121311 27
    1.1455 0.035153 26
    1.31465 0.062306 19
    1.35168 0.001757 17
    1.35999 0.087858 16
    1.63636 0.059075 5
    1.71697 0.073437 3
    1.77526 0.159615 2
    1.80693 0.041514 1
    1.89205 0.113311 0
  1.8974 3 - 4
    0.953495 0.377108 42
    0.99977 0.423708 39
    1.04093 0.088982 34
    1.35703 0.110202 17
  1.90318 5 + 15
    0.71991 0.061087 54
    0.72758 0.014742 53
    0.94529 0.016922 44
    0.96018 0.076139 41
    1.0326 0.052666 37
    1.14761 0.016852 27
    1.15663 0.145417 26
    1.32578 0.042155 19
    1.37112 0.037935 16
    1.37884 0.063308 15
    1.44626 0.0865 11
    1.5785 0.210625 7
    1.64749 0.046346 5
    1.78639 0.113714 2
    1.90318 0.015592 0
  1.91068 7 - 5
    0.966775 0.257692 42
    1.05421 0.139196 34
    1.586 0.051548 7
    1.79389 0.515485 2
    1.82556 0.036079 1
  1.92798 5 + 6
    0.98498 0.086429 41
    1.03035 0.04493 39
    1.17241 0.374396 27
    1.35058 0.052449 19
    1.7529 0.160998 3
    1.81119 0.280797 2
  1.9331 9 - 9
    0.60271 0.122006 64
    0.73213 0.064593 55
    1.03547 0.043062 39
    1.07663 0.086124 34
    1.09213 0.098095 32
    1.1595 0.167508 28
    1.18655 0.239212 26
    1.39273 0.033492 17
    1.42522 0.145907 14
  1.95961 11 - 4
    0.96973 0.052628 45
    1.18601 0.181295 28
    1.21306 0.584782 26
    1.70392 0.181295 5
  1.97332 1 + 4
    0.16352 0.1751 95
    0.98344 0.226 45
    1.46543 0.565 14
    1.97332 0.0339 0
  1.98971 7 - 3
    0.54473 0.6711 69
    1.23414 0.1544 27
    1.87292 0.1745 2
  1.99381 5 + 8
    1.18435 0.306972 30
    1.23824 0.162685 27
    1.46175 0.030707 16
    1.48592 0.132188 14
    1.73812 0.052175 5
    1.81873 0.187283 3
    1.90869 0.11049 1
    1.99381 0.017498 0
  1.99825 5 + 12
    0.43615 0.025548 76
    0.92534 0.213886 50
    1.12354 0.053377 38
    1.14595 0.132191 33
    1.15728 0.132391 32
    1.22465 0.063876 28
    1.2517 0.102293 26
    1.47391 0.040517 15
    1.5718 0.195887 10
    1.74256 0.026618 5
    1.80098 0.005323 4
    1.99825 0.008091 0
  2.01099 5 + 13
    0.10031 0.11331 106
    0.61622 0.056815 67
    0.65518 0.126811 65
    1.20153 0.086358 30
    1.25542 0.134912 27
    1.26444 0.064806 26
    1.47062 0.052655 17
    1.58454 0.029683 10
    1.68631 0.047224 7
    1.83591 0.052625 3
    1.8942 0.082307 2
    1.92587 0.117411 1
    2.01099 0.035083 0
  2.01593 3 - 5
    1.1183 0.160302 39
    1.17496 0.421904 32
    1.20647 0.063291 30
    1.26036 0.211002 27
    1.43853 0.143501 19
  2.01887 9 - 5
    1.02899 0.249195 45
    1.1624 0.064719 34
    1.1779 0.213596 32
    1.59242 0.148897 10
    2.01887 0.323594 0
  2.0224 7 - 2
    1.0785 0.2248 42
    1.15182 0.7752 37
  2.02508 5 + 7
    0.127677 0.211887 104
    1.12745 0.237286 39
    1.49302 0.081915 16
    1.50074 0.282483 15
    1.76938 0.081915 5
    1.93996 0.022599 1
    2.02508 0.081915 0
  2.027 3 - 3
    0.671195 0.2579 65
    0.826035 0.2158 55
    1.27144 0.5263 27
  2.03 11 + 2
    1.76884 0.5 6
    1.94488 0.5 1
  2.03805 1 - 3
    1.28248 0.303209 27
    1.78236 0.65922 5
    2.03805 0.037571 0
  2.0531 5 + 3
    1.79741 0.25 5
    1.85583 0.5814 4
    2.0531 0.1686 0
  2.08492 7 - 2
    1.50752 0.8403 19
    1.82923 0.1597 5
  2.10686 9 + 4
    1.33326 0.4 28
    1.35129 0.32 27
    1.99007 0.08 2
    2.10686 0.2 0
  2.11909 3 - 4
    1.6112 0.059598 14
    1.69264 0.178793 10
    1.8634 0.662274 5
    2.11909 0.099336 0
  2.2043 13 + 3
    0.3945 0.813024 95
    1.45775 0.073172 26
    2.2043 0.113803 0
  2.26859 5 + 3
    0.65077 0.625 80
    2.09352 0.25 3
    2.26859 0.125 0
  2.30401 7 - 4
    0.43038 0.5 100
    1.12841 0.2 53
    1.87756 0.275 10
    2.30401 0.025 0
  2.434 31 - 1
    0.556 1 101
  2.447 3 + 2
    2.33021 0.5 2
    2.36188 0.5 1
  2.7 9 - 2
    2.58321 0.5 2
    2.61488 0.5 1

61 152 15
  0 2 + 0
  0.01603 0 + 1
    0.01603 1 0
  0.02502 6 + 1
    0.02502 1 0
  0.04445 4 + 3
    0.01943 0.047719 2
    0.02842 0.50249 1
    0.04445 0.449791 0
  0.15 8 - 1
    0.12498 1 2
  0.20048 10 - 3
    0.15603 0.3961 3
    0.18445 0.4831 1
    0.20048 0.1208 0
  0.22096 12 - 1
    0.17651 1 3
  0.25 16 - 1
    0.02904 1 6
  0.29455 2 + 5
    0.09407 0.00117 5
    0.2501 0.358899 3
    0.26953 0.005293 2
    0.27852 0.566698 1
    0.29455 0.06794 0
  0.31917 6 - 1
    0.30314 1 1
  0.33047 4 + 1
    0.31444 1 1
  0.4508 8 - 2
    0.25032 0.8065 5
    0.40635 0.1935 3
  0.57078 2 + 6
    0.24031 0.057792 10
    0.27623 0.046902 8
    0.34982 0.007513 6
    0.52633 0.050862 3
    0.54576 0.585422 2
    0.57078 0.251509 0
  0.5924 2 + 7
    0.26193 0.0163 10
    0.27323 0.031999 9
    0.39192 0.01268 5
    0.54795 0.067019 3
    0.56738 0.056219 2
    0.57637 0.205296 1
    0.5924 0.610488 0
  0.6599 2 + 4
    0.34073 0.205486 9
    0.36535 0.095663 8
    0.63488 0.419371 2
    0.6599 0.27948 0

61 153 71
  0 5 - 0
  0.032194 5 + 1
    0.032194 1 0
  0.065559 7 - 2
    0.033365 0.045252 1
    0.065559 0.954748 0
  0.105476 7 + 3
    0.039917 0.1044 2
    0.073282 0.3834 1
    0.105476 0.5122 0
  0.15089 9 - 2
    0.045414 0.082609 3
    0.085331 0.917391 2
  0.19885 9 + 1
    0.133291 1 2
  0.255 11 - 2
    0.05615 0.5 5
    0.189441 0.5 2
  0.3113 11 + 1
    0.16041 1 4
  0.378 13 - 2
    0.0667 0.5 7
    0.22711 0.5 4
  0.45052 3 + 3
    0.345044 0.143896 3
    0.418326 0.852779 1
    0.45052 0.003325 0
  0.50735 5 + 5
    0.05683 0.686579 9
    0.3085 0.007903 5
    0.401874 0.031969 3
    0.475156 0.264692 1
    0.50735 0.008857 0
  0.56 1 - 2
    0.10948 0.5 9
    0.56 0.5 0
  0.58555 7 + 5
    0.0782 0.624694 10
    0.13503 0.02828 9
    0.480074 0.241698 3
    0.553356 0.083989 1
    0.58555 0.02134 0
  0.628 3 - 2
    0.562441 0.5 2
    0.595806 0.5 1
  0.682 15 + 2
    0.304 0.5 8
    0.3707 0.5 7
  0.70582 1 + 2
    0.2553 0.934063 9
    0.673626 0.065937 1
  0.77079 5 + 6
    0.18524 0.416704 12
    0.26344 0.287903 10
    0.32027 0.04723 9
    0.57194 0.01219 5
    0.665314 0.164902 3
    0.738596 0.071071 1
  0.78 3 - 2
    0.714441 0.5 2
    0.747806 0.5 1
  0.79119 3 + 5
    0.08537 0.057862 15
    0.28384 0.442118 10
    0.34067 0.25251 9
    0.685714 0.130805 3
    0.758996 0.116705 1
  0.85 7 + 2
    0.744524 0.5 3
    0.85 0.5 0
  0.935 9 - 2
    0.829524 0.5 3
    0.935 0.5 0
  0.96 3 - 2
    0.894441 0.5 2
    0.927806 0.5 1
  0.96701 7 + 1
    0.96701 1 0
  1 7 - 2
    0.934441 0.5 2
    0.967806 0.5 1
  1.01353 5 - 2
    0.947971 0.8772 2
    1.01353 0.1228 0
  1.01868 1 - 2
    0.86779 0.909091 4
    0.953121 0.090909 2
  1.022 7 - 2
    0.956441 0.5 2
    0.989806 0.5 1
  1.11322 9 + 3
    0.32203 0.4306 18
    0.4074 0.433 15
    0.6627 0.1364 9
  1.11493 11 + 3
    0.34414 0.3636 16
    0.40911 0.4329 15
    1.11493 0.2035 0
  1.152 11 - 2
    0.95315 0.5 5
    1.08644 0.5 2
  1.16053 5 + 3
    0.71001 0.7752 9
    1.12834 0.1085 1
    1.16053 0.1163 0
  1.17593 13 - 5
    0.66858 0.448418 10
    0.72541 0.340814 9
    1.07045 0.098654 3
    1.14374 0.085203 1
    1.17593 0.026911 0
  1.179 3 + 2
    1.07352 0.5 3
    1.179 0.5 0
  1.20229 9 - 4
    0.23528 0.04369 22
    1.13673 0.301003 2
    1.1701 0.169902 1
    1.20229 0.485405 0
  1.208 3 + 2
    1.10252 0.5 3
    1.208 0.5 0
  1.21313 5 - 2
    1.10765 0.1935 3
    1.18094 0.8065 1
  1.22619 1 + 3
    0.435 0.1103 18
    1.12071 0.1544 3
    1.194 0.7353 1
  1.25712 17 - 3
    1.10623 0.3448 4
    1.19156 0.4926 2
    1.25712 0.1626 0
  1.262 5 + 2
    1.19644 0.5 2
    1.22981 0.5 1
  1.273 9 - 2
    1.16752 0.5 3
    1.273 0.5 0
  1.29613 19 + 4
    1.19065 0.06013 3
    1.23057 0.6329 2
    1.26394 0.09937 1
    1.29613 0.2076 0
  1.311 7 - 2
    1.24544 0.5 2
    1.27881 0.5 1
  1.345 7 + 2
    1.23952 0.5 3
    1.345 0.5 0
  1.376 13 - 2
    1.0647 0.5 7
    1.22511 0.5 4
  1.437 5 + 2
    1.37144 0.5 2
    1.40481 0.5 1
  1.476 3 - 2
    1.41044 0.5 2
    1.44381 0.5 1
  1.629 1 + 2
    1.12165 0.5 10
    1.59681 0.5 1
  1.702 9 - 2
    1.59652 0.5 3
    1.702 0.5 0
  1.73187 11 + 4
    0.55594 0.392192 31
    0.57134 0.278394 30
    1.02605 0.290194 15
    1.28135 0.039219 9
  1.737 5 - 2
    1.63152 0.5 3
    1.737 0.5 0
  1.763 3 + 2
    1.65752 0.5 3
    1.763 0.5 0
  1.77556 15 - 2
    0.61503 0.8 30
    1.00477 0.2 16
  1.794 7 + 2
    1.68852 0.5 3
    1.794 0.5 0
  1.82456 9 - 2
    1.759 0.885 2
    1.82456 0.115 0
  1.829 5 + 2
    1.76344 0.5 2
    1.79681 0.5 1
  1.83749 1 - 2
    1.73201 0.3865 3
    1.8053 0.6135 1
  1.85046 3 + 4
    1.74498 0.3802 3
    1.7849 0.2395 2
    1.81827 0.2586 1
    1.85046 0.1217 0
  1.869 11 - 2
    1.67015 0.5 5
    1.80344 0.5 2
  1.953 7 + 2
    1.84752 0.5 3
    1.953 0.5 0
  1.98772 5 - 7
    0.78543 0.128805 33
    1.40217 0.155406 12
    1.48037 0.175907 10
    1.5372 0.204508 9
    1.88224 0.112504 3
    1.92216 0.034761 2
    1.98772 0.188108 0
  1.9978 9 + 5
    0.79551 0.167808 33
    1.54728 0.030782 9
    1.89232 0.058073 3
    1.96561 0.580729 1
    1.9978 0.162608 0
  2.00489 13 - 4
    0.82896 0.120402 31
    0.89167 0.300906 27
    1.2137 0.537311 18
    1.55437 0.041381 9
  2.00851 3 + 3
    1.23772 0.5952 16
    1.30269 0.1012 15
    2.00851 0.3036 0
  2.03195 7 - 3
    1.32613 0.1212 15
    1.5246 0.3737 10
    2.03195 0.5051 0
  2.03451 5 + 2
    1.24332 0.5025 18
    1.32869 0.4975 15
  2.06034 1 - 3
    1.95486 0.3415 3
    1.99478 0.5097 2
    2.02815 0.1488 1
  2.138 3 + 2
    2.03252 0.5 3
    2.138 0.5 0
  2.1725 9 - 1
    0.97021 1 33
  2.221 11 + 2
    2.07011 0.5 4
    2.11552 0.5 3
  2.28 5 - 2
    2.17452 0.5 3
    2.28 0.5 0
  2.333 7 + 2
    2.22752 0.5 3
    2.333 0.5 0

61 154 2
  0 6 - 0
  0.1 2 - 1
    0.1 1 0

61 155 37
  0 5 - 0
  0.067435 7 - 1
    0.067435 1 0
  0.154594 9 - 2
    0.087159 0.949209 1
    0.154594 0.050791 0
  0.180565 5 + 2
    0.11313 0.1089 1
    0.180565 0.8911 0
  0.25309 7 + 3
    0.098496 0.095036 2
    0.185655 0.399684 1
    0.25309 0.50528 0
  0.34573 9 + 2
    0.191136 0.2591 2
    0.278295 0.7409 1
  0.41899 3 - 2
    0.238425 0.031771 3
    0.41899 0.968229 0
  0.47188 9 - 5
    0.05289 0.620069 6
    0.21879 0.034788 4
    0.291315 0.098555 3
    0.404445 0.183591 1
    0.47188 0.062997 0
  0.49589 9 + 2
    0.0769 0.920782 6
    0.49589 0.079218 0
  0.54459 9 - 4
    0.07271 0.632743 7
    0.2915 0.067284 4
    0.364025 0.150386 3
    0.389996 0.149587 2
  0.7146 7 - 1
    0.534035 1 3
  0.7747 5 - 2
    0.52161 0.7409 4
    0.594135 0.2591 3
  0.9551 5 - 5
    0.60937 0.125891 5
    0.70201 0.030468 4
    0.800506 0.213685 2
    0.887665 0.248283 1
    0.9551 0.381673 0
  0.95937 5 + 4
    0.70628 0.176582 4
    0.804776 0.132187 2
    0.891935 0.190381 1
    0.95937 0.50085 0
  0.99984 7 - 2
    0.932405 0.2858 1
    0.99984 0.7142 0
  1.03416 1 + 3
    0.78107 0.195 4
    0.853595 0.5 3
    0.966725 0.305 1
  1.0636 3 + 2
    0.883035 0.3243 3
    0.909006 0.6757 2
  1.06896 11 + 3
    0.29426 0.097146 11
    0.914366 0.33142 2
    1.00152 0.571434 1
  1.11407 13 + 4
    0.64219 0.4854 7
    0.69508 0.1699 6
    0.86098 0.2136 4
    0.933505 0.1311 3
  1.1293 3 + 4
    0.71031 0.578017 6
    0.87621 0.138704 4
    0.948735 0.185006 3
    1.1293 0.098273 0
  1.17024 1 - 4
    0.62565 0.1222 9
    0.989675 0.1267 3
    1.10281 0.2986 1
    1.17024 0.4525 0
  1.1779 11 + 1
    1.02331 1 2
  1.3464 15 - 2
    0.85051 0.4286 8
    1.16583 0.5714 3
  1.39099 3 + 7
    0.22075 0.150708 20
    0.26169 0.220111 19
    0.27692 0.186609 18
    0.39115 0.043062 14
    0.67639 0.071774 10
    0.972 0.088524 6
    1.21042 0.239212 3
  1.43243 17 - 4
    0.26219 0.1516 20
    0.30313 0.3226 19
    1.17934 0.2742 4
    1.365 0.2516 1
  1.876 1 + 1
    1.69543 1 3
  2.2444 7 - 1
    1.82541 1 6
  2.3113 11 + 1
    2.13074 1 3
  2.3532 3 - 1
    2.17264 1 3
  2.3587 13 + 1
    2.17813 1 3
  2.3893 5 - 1
    2.20873 1 3
  2.4688 7 + 1
    2.28823 1 3
  2.4716 3 - 1
    2.29103 1 3
  2.4791 5 + 1
    2.29853 1 3
  2.5894 1 - 1
    2.40883 1 3
  2.6736 11 + 1
    2.49303 1 3
  2.7706 7 - 1
    2.59003 1 3

61 156 1
  0 8 - 0

61 157 1
  0 5 - 0

61 158 1
  0 4 - 0

61 159 1
  0 5 - 0

