84 187 1
  0 5 - 0

84 188 1
  0 0 + 0

84 189 2
  0 7 - 0
  0.194 1 - 1
    0.194 1 0

84 190 7
  0 0 + 0
  0.233 4 + 1
    0.233 1 0
  0.532 8 + 1
    0.299 1 1
  0.901 12 + 1
    0.369 1 2
  1.338 16 + 1
    0.437 1 3
  1.822 20 + 1
    0.484 1 4
  2.376 24 + 1
    0.554 1 5

84 191 6
  0 3 - 0
  0.04 13 + 1
    0.04 1 0
  0.301 17 + 1
    0.261 1 1
  0.668 21 + 1
    0.367 1 2
  1.132 25 + 1
    0.464 1 3
  1.671 29 + 1
    0.539 1 4

84 192 5
  0 0 + 0
  0.262 4 + 1
    0.262 1 0
  0.605 8 + 1
    0.343 1 1
  1.043 12 + 1
    0.438 1 2
  1.561 16 + 1
    0.518 1 3

84 193 1
  0 3 - 0

84 194 17
  0 0 + 0
  0.3198 4 + 1
    0.3198 1 0
  0.6865 8 + 1
    0.3667 1 1
  0.7578 4 + 2
    0.438 0.4703 1
    0.7578 0.5297 0
  1.1483 12 + 1
    0.4618 1 2
  1.2113 8 + 2
    0.4535 0.4352 3
    0.5248 0.5648 2
  1.6452 12 + 2
    0.4339 0.7372 5
    0.9587 0.2628 2
  1.6935 16 + 1
    0.5452 1 4
  1.986 14 - 1
    0.3408 1 6
  2.0666 16 + 2
    0.3731 0.5 7
    0.9183 0.5 4
  2.2837 18 - 1
    0.2977 1 8
  2.2953 20 + 1
    0.6018 1 7
  2.5252 22 - 1
    0.4586 1 9
  2.6245 24 + 1
    0.3292 1 11
  2.6556 20 - 1
    0.3719 1 10
  2.9166 28 + 1
    0.2921 1 13
  3.3265 32 + 1
    0.4099 1 15

84 195 9
  0 3 - 0
  0.2 5 - 1
    0.2 1 0
  0.23 13 + 1
    0.23 1 0
  0.5493 17 + 1
    0.3193 1 2
  0.6564 15 + 1
    0.4264 1 2
  0.9374 21 + 1
    0.3881 1 3
  1.0595 19 + 2
    0.4031 0.2929 4
    0.5102 0.7071 3
  1.4317 25 + 1
    0.4943 1 5
  2.0207 29 + 1
    0.589 1 7

84 196 24
  0 0 + 0
  0.46312 4 + 1
    0.46312 1 0
  0.558 0 + 2
    0.09488 0.5 1
    0.558 0.5 0
  0.85905 4 + 2
    0.39593 0.4216 1
    0.85905 0.5784 0
  0.89099 8 + 1
    0.42787 1 1
  1.38775 8 + 2
    0.49676 0.5616 4
    0.5287 0.4384 3
  1.3901 12 + 1
    0.49911 1 4
  1.5251 6 + 1
    0.66605 1 3
  1.80204 10 - 3
    0.27694 0.1456 7
    0.41429 0.5914 5
    0.91105 0.263 4
  1.9073 2 - 1
    0.5172 1 6
  1.94034 16 + 1
    0.55024 1 6
  1.97425 16 + 1
    0.58415 1 6
  2.03932 14 - 1
    0.23728 1 8
  2.29275 18 - 1
    0.25343 1 12
  2.3045 6 - 1
    0.26518 1 12
  2.4939 22 - 1
    0.55356 1 10
  2.59139 20 + 2
    0.61714 0.8624 11
    0.65105 0.1376 10
  2.6506 2 - 2
    0.3461 0.5 14
    0.35785 0.5 13
  2.7785 20 + 2
    0.2846 0.4474 15
    0.48575 0.5526 13
  2.979 22 - 1
    0.38761 1 16
  3.0836 6 - 1
    0.433 1 17
  3.3438 24 + 1
    0.5653 1 18
  3.6096 4 - 1
    0.526 1 20
  3.6467 26 - 1
    0.6677 1 19

84 197 6
  0 3 - 0
  0.13 5 - 1
    0.13 1 0
  0.204 13 + 1
    0.204 1 0
  0.6875 17 + 1
    0.4835 1 2
  1.1469 21 + 1
    0.4594 1 3
  1.6862 25 + 1
    0.5393 1 4

84 198 33
  0 0 + 0
  0.60494 4 + 1
    0.60494 1 0
  0.816 0 + 1
    0.816 1 0
  1.03913 4 + 2
    0.43419 0.684 1
    1.03913 0.316 0
  1.15839 8 + 1
    0.55345 1 1
  1.48335 8 + 2
    0.32496 0.5007 4
    0.44422 0.4993 3
  1.71756 12 + 1
    0.55917 1 4
  1.80841 10 - 2
    0.32506 0.1695 5
    0.65002 0.8305 4
  1.85363 16 + 1
    0.13607 1 6
  1.87495 12 + 1
    0.71656 1 4
  2.11432 14 - 3
    0.23937 0.1801 9
    0.30591 0.6833 7
    0.39676 0.1366 6
  2.28759 16 - 1
    0.17327 1 10
  2.32473 18 - 2
    0.21041 0.5337 10
    0.4711 0.4663 8
  2.3446 16 + 1
    0.62704 1 6
  2.56592 22 - 2
    0.24119 0.082718 12
    0.71229 0.917282 8
  2.62049 16 + 2
    0.76686 0.3063 8
    0.90293 0.6937 6
  2.64133 18 - 1
    0.52701 1 10
  2.69186 20 + 3
    0.12594 0.572906 14
    0.36713 0.330303 12
    0.83823 0.096791 8
  2.8131 20 - 2
    0.48837 0.3438 12
    0.52551 0.6562 11
  2.90043 22 - 1
    0.5757 1 12
  2.9638 6 - 1
    0.6192 1 13
  3.0102 20 + 1
    0.6656 1 13
  3.1745 22 - 1
    0.53317 1 16
  3.3086 24 - 1
    0.4955 1 18
  3.4653 26 - 1
    0.56487 1 19
  3.6461 26 - 2
    0.4716 0.4245 22
    0.74567 0.5755 19
  3.8019 6 + 1
    0.3366 1 24
  3.8684 28 - 1
    0.5598 1 23
  4.0522 2 + 1
    0.4061 1 25
  4.0864 30 - 1
    0.6211 1 24
  4.3221 32 - 1
    0.4537 1 27
  4.521 6 + 1
    0.4346 1 29
  4.596 4 + 1
    0.2739 1 30

84 199 27
  0 3 - 0
  0.072 5 - 1
    0.072 1 0
  0.31 13 + 1
    0.238 1 1
  0.9092 17 + 1
    0.5992 1 2
  1.02495 15 + 1
    0.71495 1 2
  1.4715 21 + 1
    0.5623 1 3
  1.60188 19 + 2
    0.57693 0.2639 4
    0.69268 0.7361 3
  1.72802 7 + 1
    0.81882 1 3
  1.8705 25 + 1
    0.399 1 5
  1.89157 21 + 2
    0.28969 0.7111 6
    0.42007 0.2889 5
  2.10418 25 + 1
    0.63268 1 5
  2.17697 23 - 3
    0.2854 0.180318 9
    0.44895 0.273227 7
    0.70547 0.546455 5
  2.27114 27 - 1
    0.40064 1 8
  2.29759 25 + 1
    0.40602 1 9
  2.35257 27 - 2
    0.1756 0.1916 11
    0.48207 0.8084 8
  2.6996 9 - 1
    0.40201 1 13
  2.72073 29 + 3
    0.44959 0.4701 12
    0.61655 0.3448 10
    0.85023 0.1851 8
  2.7218 27 + 2
    0.45066 0.5605 12
    0.8513 0.4395 8
  2.76232 29 + 2
    0.49118 0.3901 12
    0.65814 0.6099 10
  2.978 5 - 1
    0.62543 1 14
  3.0083 31 - 1
    0.65573 1 14
  3.1459 33 + 2
    0.38358 0.6698 18
    0.42517 0.3302 16
  3.40908 33 + 1
    0.64676 1 18
  3.5567 7 - 1
    0.5787 1 19
  3.6468 3 - 1
    0.6688 1 19
  3.6863 37 + 1
    0.5404 1 21
  3.931 9 - 1
    0.3743 1 23

84 200 35
  0 0 + 0
  0.6659 4 + 1
    0.6659 1 0
  1.1365 0 + 1
    1.1365 1 0
  1.2769 8 + 1
    0.611 1 1
  1.3923 4 + 2
    0.7264 0.5442 1
    1.3923 0.4558 0
  1.652 6 + 1
    0.9861 1 1
  1.7614 12 + 1
    0.4845 1 3
  1.7732 8 + 1
    0.4963 1 3
  1.7749 16 + 1
    0.0135 1 6
  1.7762 0 - 1
    1.1103 1 1
  1.7915 8 + 1
    0.5146 1 3
  1.81141 10 - 1
    0.53451 1 3
  1.8506 4 - 1
    0.5737 1 3
  1.8832 6 + 1
    0.6063 1 3
  2.0856 2 - 1
    0.8087 1 3
  2.13521 14 - 3
    0.3238 0.250315 11
    0.36031 0.068244 8
    0.37381 0.681441 6
  2.2207 10 - 1
    0.40929 1 11
  2.2359 16 - 1
    0.10069 1 15
  2.2613 18 - 2
    0.12609 0.388 15
    0.4864 0.612 8
  2.3299 6 - 1
    0.51849 1 11
  2.3382 2 - 1
    0.5633 1 8
  2.3607 12 - 1
    0.54929 1 11
  2.4146 10 - 1
    0.60319 1 11
  2.4617 6 + 1
    0.7003 1 6
  2.52915 4 + 1
    0.71774 1 11
  2.5961 22 - 2
    0.3348 0.2956 18
    0.8212 0.7044 8
  2.6815 16 + 1
    0.54629 1 15
  2.7159 20 + 1
    0.941 1 8
  2.8045 20 + 1
    0.2084 1 25
  2.9625 22 - 1
    0.7012 1 18
  3.2274 22 - 1
    0.4229 1 28
  3.5024 26 - 1
    0.5399 1 29
  3.6254 8 + 1
    0.123 1 31
  3.6896 30 - 1
    0.1872 1 31
  4.1716 32 + 1
    0.482 1 33

84 201 23
  0 3 - 0
  0.0063 5 - 1
    0.0063 1 0
  0.142 1 - 1
    0.1357 1 1
  0.4241 13 + 1
    0.4178 1 1
  1.0377 17 + 1
    0.6136 1 3
  1.5943 21 + 1
    0.5566 1 4
  1.913 25 + 1
    0.3187 1 5
  2.1023 23 + 1
    0.1893 1 6
  2.1345 25 + 1
    0.2215 1 6
  2.2403 23 + 1
    0.138 1 7
  2.3329 27 + 1
    0.4199 1 6
  2.3483 23 + 1
    0.754 1 5
  2.3554 27 + 1
    0.4424 1 6
  2.4646 27 - 1
    0.5516 1 6
  2.5709 27 + 1
    0.6579 1 6
  2.6282 29 + 1
    0.2728 1 12
  2.7708 7 - 1
    0.8578 1 6
  2.9797 9 - 1
    0.4088 1 14
  3.0403 5 - 1
    0.9058 1 8
  3.1972 29 - 1
    0.6263 1 14
  3.211 31 + 1
    0.6401 1 14
  3.3338 7 - 1
    0.3541 1 17
  3.7108 33 + 1
    0.4998 1 20

84 202 21
  0 0 + 0
  0.6772 4 + 1
    0.6772 1 0
  1.2486 8 + 1
    0.5714 1 1
  1.3025 4 + 1
    0.6253 1 1
  1.5852 6 + 1
    0.908 1 1
  1.6674 8 + 2
    0.4188 0.5122 2
    0.9902 0.4878 1
  1.6895 10 + 1
    0.387 1 3
  1.6915 12 + 1
    0.4429 1 2
  1.758 0 + 1
    1.758 1 0
  1.7744 2 - 1
    0.5258 1 2
  1.82075 6 - 1
    1.14355 1 1
  1.8662 10 - 1
    0.6176 1 2
  2.1029 14 - 1
    0.8543 1 2
  2.1277 12 + 2
    0.4362 0.497 7
    0.8791 0.503 2
  2.2309 2 - 1
    0.3647 1 11
  2.2541 6 - 1
    1.0055 1 2
  2.2826 10 - 3
    0.4164 0.692631 11
    0.5911 0.175982 7
    1.034 0.131387 2
  2.3459 4 - 1
    0.4797 1 11
  2.4852 8 - 1
    0.619 1 11
  2.5776 16 - 1
    0.8861 1 7
  2.8396 6 + 1
    1.1481 1 7

84 203 55
  0 5 - 0
  0.06253 3 - 1
    0.06253 1 0
  0.134 1 - 1
    0.134 1 0
  0.53185 5 - 2
    0.46932 0.1431 1
    0.53185 0.8569 0
  0.63936 7 - 2
    0.57683 0.085682 1
    0.63936 0.914318 0
  0.64168 13 + 1
    0.64168 1 0
  0.68646 5 - 2
    0.62393 0.6244 1
    0.68646 0.3756 0
  0.71906 7 - 2
    0.65653 0.6511 1
    0.71906 0.3489 0
  0.8032 9 - 1
    0.8032 1 0
  1.02931 7 - 2
    0.38995 0.4683 4
    0.49746 0.5317 3
  1.05628 7 - 2
    0.41692 0.965529 4
    1.05628 0.034471 0
  1.11278 7 - 2
    0.58093 0.1549 3
    1.11278 0.8451 0
  1.12937 9 + 2
    0.41031 0.2083 7
    0.48769 0.7917 5
  1.15364 7 - 3
    0.43458 0.273273 7
    0.62179 0.419658 3
    1.15364 0.307069 0
  1.17488 7 - 2
    0.53552 0.6867 4
    1.17488 0.3133 0
  1.255 17 + 1
    0.61332 1 5
  1.28047 9 + 2
    0.1511 0.6593 12
    0.63879 0.3407 5
  1.36916 9 - 1
    0.6501 1 7
  1.37975 9 + 1
    0.73807 1 5
  1.4286 11 + 1
    1.36607 1 1
  1.5267 3 + 1
    0.39733 1 12
  1.52785 11 + 1
    0.996 1 3
  1.5428 3 + 1
    0.48652 1 10
  1.62448 5 + 2
    0.49511 0.34 12
    0.9828 0.66 5
  1.67142 1 + 2
    0.29167 0.3159 18
    1.02974 0.6841 5
  1.6983 15 + 1
    0.31855 1 18
  1.721 21 + 1
    0.466 1 15
  1.76656 3 + 1
    1.0475 1 7
  1.8638 5 - 1
    0.48405 1 18
  1.976 11 + 1
    0.59625 1 18
  2.0104 13 - 1
    0.63065 1 18
  2.0434 1 + 1
    0.66365 1 18
  2.0567 25 + 1
    0.3357 1 26
  2.079 21 + 1
    0.358 1 26
  2.1585 3 - 1
    0.1825 1 29
  2.1872 5 - 1
    0.80745 1 18
  2.2761 11 - 1
    0.2194 1 32
  2.4063 25 + 2
    0.3496 0.5556 32
    0.6853 0.4444 26
  2.4882 23 + 2
    0.4092 0.2411 33
    0.7672 0.7589 26
  2.5025 23 + 1
    0.7815 1 26
  2.5258 27 + 1
    0.4691 1 32
  2.5307 5 - 1
    1.15095 1 18
  2.7924 25 - 3
    0.2899 0.2719 39
    0.3042 0.4516 38
    0.3861 0.2765 37
  2.8245 29 - 1
    0.2987 1 40
  2.8704 29 + 1
    0.8137 1 32
  3.0172 29 + 1
    0.9605 1 32
  3.07 29 + 1
    0.5442 1 40
  3.1114 3 - 1
    0.5856 1 40
  3.2356 31 + 1
    0.3652 1 44
  3.2408 33 + 1
    0.3704 1 44
  3.3815 9 - 1
    0.1407 1 49
  3.4304 29 - 1
    0.638 1 42
  3.717 5 - 1
    0.8466 1 44
  3.8814 31 - 1
    0.451 1 51
  4.3583 35 - 1
    0.4769 1 53

84 204 75
  0 0 + 0
  0.684341 4 + 1
    0.684341 1 0
  1.20066 8 + 1
    0.516319 1 1
  1.2553 6 + 1
    0.570959 1 1
  1.55218 8 + 2
    0.35152 0.6593 2
    0.867839 0.3407 1
  1.62692 12 + 2
    0.07474 0.0404 4
    0.42626 0.9596 2
  1.63455 6 + 3
    0.37925 0.2027 3
    0.43389 0.3299 2
    0.950209 0.4674 1
  1.63903 16 + 1
    0.01211 1 5
  1.6513 12 - 1
    0.02438 1 5
  1.71584 8 + 1
    1.0315 1 1
  1.72858 8 + 2
    0.52792 0.5778 2
    1.04424 0.4222 1
  1.96215 12 + 2
    0.33523 0.5042 5
    0.76149 0.4958 2
  2.0417 10 - 3
    0.41478 0.080254 5
    0.48952 0.229911 4
    0.84104 0.689834 2
  2.10026 2 - 1
    0.8996 1 2
  2.194 4 - 1
    0.1523 1 12
  2.22733 18 - 1
    0.5883 1 7
  2.24817 16 + 2
    0.60914 0.9784 7
    0.62125 0.0216 5
  2.2897 14 - 3
    0.32755 0.5257 11
    0.65067 0.2578 7
    0.66278 0.2165 5
  2.30314 12 - 1
    0.26144 1 12
  2.32365 6 - 2
    0.67235 0.2481 8
    0.69673 0.7519 5
  2.37637 14 - 1
    0.74945 1 5
  2.47158 10 - 2
    0.22341 0.2498 16
    0.84466 0.7502 5
  2.52744 20 + 1
    0.88841 1 7
  2.53914 18 + 1
    0.90011 1 7
  2.54755 4 - 2
    0.90852 0.6803 7
    0.92063 0.3197 5
  2.55326 2 - 1
    0.92634 1 5
  2.58733 6 - 1
    0.36 1 15
  2.6205 22 - 1
    0.09306 1 22
  2.72795 4 + 1
    0.47978 1 16
  2.7889 20 + 2
    0.24976 0.855 23
    1.14987 0.145 7
  2.79624 10 - 2
    1.14494 0.3377 8
    1.16932 0.6623 5
  2.80335 2 - 1
    0.76165 1 12
  2.8276 20 - 1
    0.60027 1 15
  2.8953 22 + 1
    0.1064 1 29
  2.89986 14 - 3
    0.59672 0.229 18
    0.67253 0.1237 15
    0.85816 0.6473 12
  2.90508 22 - 1
    0.67775 1 15
  2.9463 20 - 1
    0.71897 1 15
  3.00982 6 + 1
    0.76165 1 16
  3.0836 22 + 1
    0.2947 1 29
  3.1255 24 + 1
    0.59806 1 22
  3.1335 22 + 1
    0.3446 1 29
  3.2174 4 - 1
    0.5969 1 27
  3.2273 24 - 2
    0.281 0.281 36
    0.32222 0.719 35
  3.387 8 + 1
    0.5981 1 29
  3.4133 26 - 1
    0.2878 1 39
  3.4393 26 - 2
    0.212 0.253 42
    0.53422 0.747 35
  3.459 24 - 1
    0.8385 1 27
  3.5283 26 - 2
    0.62322 0.7595 35
    0.9078 0.2405 27
  3.5641 30 - 1
    0.1248 1 45
  3.576 6 + 1
    0.7871 1 29
  3.649 4 + 1
    0.262 1 43
  3.7232 10 + 1
    0.3099 1 44
  3.7674 26 - 1
    0.3084 1 46
  3.8986 28 - 1
    0.4396 1 46
  3.9754 30 - 1
    0.4471 1 47
  4.096 6 + 1
    0.447 1 50
  4.1373 8 + 1
    0.6783 1 46
  4.1687 32 - 1
    0.6046 1 48
  4.1749 30 - 1
    0.7616 1 44
  4.1866 2 + 1
    1.103 1 38
  4.2029 30 - 1
    0.7896 1 44
  4.2122 28 + 1
    0.7989 1 44
  4.3128 32 - 1
    0.7487 1 48
  4.3586 32 - 1
    0.46 1 53
  4.3622 26 - 1
    0.9032 1 46
  4.3833 34 - 1
    0.8192 1 48
  4.4376 32 + 1
    0.2254 1 61
  4.4711 34 - 1
    0.2962 1 58
  4.5324 4 + 1
    0.8092 1 51
  4.6155 36 - 1
    0.2322 1 65
  4.8194 6 + 1
    0.287 1 68
  4.9781 8 + 1
    0.1587 1 70
  5.1551 4 + 1
    0.684 1 67
  5.2951 38 - 1
    0.824 1 67
  5.9111 6 + 1
    0.616 1 73

84 205 55
  0 5 - 0
  0.143166 1 - 1
    0.143166 1 0
  0.154195 3 - 1
    0.154195 1 0
  0.38434 3 - 2
    0.230145 0.2955 2
    0.38434 0.7045 0
  0.66943 9 - 1
    0.66943 1 0
  0.71928 9 - 1
    0.71928 1 0
  0.78301 7 - 3
    0.11358 0.035161 4
    0.628815 0.710828 2
    0.78301 0.25401 0
  0.79902 5 - 2
    0.41468 0.5184 3
    0.644825 0.4816 2
  0.80645 5 - 2
    0.652255 0.4716 2
    0.80645 0.5284 0
  0.8721 7 - 3
    0.20267 0.1819 4
    0.48776 0.1229 3
    0.8721 0.6952 0
  0.88031 13 + 1
    0.16103 1 5
  0.90226 7 - 2
    0.748065 0.3977 2
    0.90226 0.6023 0
  1.03038 7 - 2
    0.3111 0.7989 5
    0.36095 0.2011 4
  1.16781 7 - 3
    0.36879 0.097975 7
    0.44853 0.813759 5
    1.16781 0.088266 0
  1.39494 11 + 2
    0.36456 0.5848 12
    0.72551 0.4152 4
  1.4008 9 + 3
    0.52049 0.605406 10
    0.5287 0.097191 9
    0.61779 0.297403 6
  1.42606 9 - 3
    0.39568 0.2863 12
    0.55396 0.3623 9
    0.75663 0.3514 4
  1.46121 19 - 1
    0.5809 1 10
  1.47738 11 + 1
    0.447 1 12
  1.51662 17 + 1
    0.63631 1 10
  1.53994 9 + 1
    0.65963 1 10
  1.55317 11 + 2
    0.15237 0.1633 15
    0.67286 0.8367 10
  1.6333 5 + 4
    0.2325 0.117206 15
    0.7612 0.086454 9
    1.4791 0.507725 2
    1.6333 0.288614 0
  1.65132 7 - 5
    0.48351 0.1618 13
    0.84487 0.256 8
    0.93204 0.1271 5
    1.49712 0.1106 2
    1.65132 0.3445 0
  1.7613 3 + 3
    0.85904 0.3629 11
    1.09187 0.251 4
    1.7613 0.3861 0
  1.85621 11 + 3
    0.31627 0.1517 20
    0.45541 0.3205 15
    0.9759 0.5278 10
  1.8905 21 + 1
    0.37388 1 19
  1.9084 1 + 2
    1.10195 0.5952 8
    1.75421 0.4048 2
  1.91201 9 + 4
    0.7442 0.106313 13
    1.0317 0.734988 10
    1.19273 0.048286 5
    1.24258 0.110413 4
  1.95405 11 - 1
    1.17104 1 6
  2.14935 7 + 2
    0.51605 0.910236 22
    1.3429 0.089764 8
  2.18789 11 + 2
    0.79295 0.322 14
    1.30758 0.678 10
  2.2247 25 + 1
    0.3342 1 26
  2.35556 9 + 9
    0.80239 0.061991 21
    0.9295 0.136001 16
    0.95476 0.054741 15
    0.96062 0.081481 14
    1.18775 0.0353 13
    1.32518 0.315803 12
    1.47525 0.211502 10
    1.63628 0.04404 5
    1.68613 0.059141 4
  2.48349 3 - 2
    0.12793 0.226 33
    1.08269 0.774 15
  2.7124 27 + 1
    0.4877 1 32
  2.79921 9 + 8
    0.64986 0.1822 30
    0.89081 0.07888 27
    1.24604 0.1869 21
    1.37315 0.07129 16
    1.39841 0.1941 15
    1.76883 0.1712 12
    1.92711 0.06349 9
    2.0162 0.05194 6
  2.8269 27 + 1
    0.6022 1 32
  2.93082 9 + 5
    1.37765 0.1517 21
    1.53002 0.1512 15
    2.02856 0.05846 11
    2.05051 0.5568 10
    2.14781 0.08184 6
  2.9807 29 + 1
    0.756 1 32
  3.033 5 - 3
    2.1609 0.4525 9
    2.36357 0.267 4
    3.033 0.2805 0
  3.04672 7 + 3
    0.69116 0.473619 33
    1.41342 0.462218 22
    3.04672 0.064163 0
  3.0522 7 + 4
    0.56871 0.6536 34
    2.1801 0.1307 9
    2.26919 0.1438 6
    3.0522 0.0719 0
  3.0872 29 - 3
    0.1065 0.1882 39
    0.2603 0.3527 37
    0.3748 0.4591 35
  3.1608 29 + 1
    0.4484 1 35
  3.1709 7 + 6
    1.2625 0.156997 27
    1.4096 0.106198 24
    1.5376 0.464391 22
    1.77596 0.129297 14
    2.14052 0.087718 12
    3.1709 0.055399 0
  3.2064 31 + 1
    0.2257 1 39
  3.2985 29 + 2
    0.4716 0.5244 37
    1.0738 0.4756 32
  3.3681 31 + 1
    0.3874 1 39
  3.5089 31 - 1
    0.2104 1 47
  3.8688 33 - 1
    0.7816 1 43
  4.0933 33 - 1
    0.5844 1 49
  4.1368 35 + 1
    0.268 1 50
  4.4539 37 - 1
    0.3606 1 51
  4.6288 37 + 1
    0.492 1 52

84 206 99
  0 0 + 0
  0.70066 4 + 1
    0.70066 1 0
  1.1622 4 + 2
    0.46154 0.5352 1
    1.1622 0.4648 0
  1.1778 8 + 1
    0.47714 1 1
  1.43435 8 + 2
    0.25655 0.3889 3
    0.73369 0.6111 1
  1.5463 8 + 1
    0.3841 1 2
  1.5647 6 + 2
    0.3869 0.654 3
    0.86404 0.346 1
  1.57338 12 + 1
    0.39558 1 3
  1.5859 16 + 1
    0.01252 1 7
  1.91587 8 + 2
    0.34249 0.5648 7
    0.73807 0.4352 3
  2.1008 10 + 2
    0.52742 0.358 7
    0.923 0.642 3
  2.13892 2 - 3
    0.56554 0.2995 7
    0.70457 0.5729 4
    0.96112 0.1276 3
  2.20032 16 + 2
    0.61442 0.969661 8
    0.62694 0.030339 7
  2.26209 18 - 2
    0.06177 0.8845 12
    0.67619 0.1155 8
  2.30262 10 + 5
    0.20182 0.370218 10
    0.38675 0.132507 9
    0.72924 0.047022 7
    0.86827 0.363418 4
    1.12482 0.086834 3
  2.41888 20 + 1
    0.83298 1 8
  2.42317 18 + 1
    0.83727 1 8
  2.43233 6 - 1
    0.17024 1 13
  2.5006 6 - 3
    0.19798 0.6865 14
    0.3998 0.143 10
    0.92722 0.1705 7
  2.58156 2 - 2
    0.27894 0.6748 14
    1.00818 0.3252 7
  2.61312 20 + 2
    0.18995 0.5665 16
    1.02722 0.4335 8
  2.65646 22 - 2
    0.22413 0.062272 17
    0.23758 0.937728 15
  2.78099 22 + 2
    0.16787 0.7703 20
    0.36211 0.2297 15
  2.9019 24 + 1
    0.12091 1 22
  2.91702 4 - 2
    0.41642 0.164 18
    0.6144 0.836 14
  3.06802 22 - 1
    0.80593 1 13
  3.21043 24 + 1
    0.42944 1 22
  3.36196 6 + 3
    0.44494 0.2306 24
    1.05934 0.5616 14
    1.44609 0.2078 9
  3.39649 4 - 2
    1.25757 0.7042 11
    2.21869 0.2958 3
  3.46304 26 - 4
    0.25261 0.024109 26
    0.39502 0.785876 25
    0.56114 0.017219 23
    0.80658 0.172795 21
  3.4858 26 - 1
    0.82934 1 21
  3.54905 28 - 2
    0.06325 0.3683 30
    0.08601 0.6317 29
  3.5583 24 - 1
    0.90184 1 21
  3.5673 30 - 1
    0.01825 1 31
  3.59545 10 + 4
    0.23349 0.4806 27
    1.01389 0.3538 19
    1.09485 0.0828 18
    1.29283 0.0828 14
  3.7044 6 - 2
    1.04794 0.7299 21
    1.28552 0.2701 15
  3.87215 2 + 3
    0.95513 0.504 24
    1.29059 0.2331 19
    2.29877 0.2629 7
  3.95185 28 - 1
    0.46605 1 30
  4.03884 4 - 3
    1.73622 0.3333 14
    1.89992 0.1836 11
    1.93804 0.4831 10
  4.1632 32 - 1
    0.5959 1 33
  4.2306 12 - 1
    0.5262 1 35
  4.41004 8 + 4
    1.04808 0.679686 27
    1.49302 0.060059 24
    1.90944 0.173497 18
    2.27112 0.086758 11
  4.41963 6 - 3
    0.38079 0.3622 38
    0.82418 0.4622 34
    2.31883 0.1756 10
  4.48365 26 - 3
    1.27322 0.442456 26
    1.58175 0.278772 23
    1.70266 0.278772 22
  4.4945 26 - 1
    0.9362 1 32
  4.56925 28 + 4
    0.0856 0.1235 43
    0.6174 0.3768 37
    1.35882 0.297 26
    1.66735 0.2027 23
  4.61318 30 + 4
    0.04393 0.167402 45
    0.66133 0.219302 37
    1.04588 0.079991 33
    1.06413 0.533305 31
  4.6328 34 - 2
    0.4696 0.6914 39
    1.0655 0.3086 33
  4.6522 32 + 2
    0.03902 0.5702 46
    1.0849 0.4298 33
  4.6859 34 + 2
    0.0337 0.8512 48
    0.5227 0.1488 39
  4.69777 4 - 2
    2.11621 0.5556 19
    2.55885 0.4444 11
  4.7118 32 + 2
    0.4812 0.1302 40
    1.1445 0.8698 33
  4.7442 34 - 1
    0.581 1 39
  4.8321 36 + 1
    0.1462 1 49
  5.1689 34 + 1
    0.4571 1 51
  5.2128 38 + 1
    0.3807 1 53
  5.3346 36 + 2
    0.1657 0.7812 54
    0.6228 0.2188 51
  5.3776 36 - 3
    0.6334 0.188196 52
    0.7448 0.753785 47
    1.2144 0.058019 39
  5.4865 6 - 1
    0.3176 1 54
  5.5141 38 + 2
    0.179501 0.5903 56
    0.682001 0.4097 53
  5.8746 40 - 1
    0.6618 1 55
  5.9353 38 - 6
    0.5577 0.476824 57
    0.6007 0.157808 56
    0.7225 0.20121 55
    1.1032 0.100305 53
    1.1911 0.031942 52
    1.3025 0.031912 47
  6.0099 40 - 1
    0.495799 1 59
  6.0199 8 - 1
    0.8071 1 55
  6.0508 10 - 1
    0.1155 1 61
  6.1186 40 - 1
    0.1833 1 61
  6.2884 42 - 1
    0.1698 1 65
  6.3437 4 + 1
    0.2929 1 64
  6.4779 2 + 1
    0.468 1 62
  6.522 42 - 1
    0.6474 1 60
  6.6995 42 + 2
    0.5809 0.813 65
    0.6796 0.187 63
  6.7562 44 - 1
    0.4678 1 66
  6.873 42 + 1
    0.7544 1 65
  6.9584 44 - 2
    0.0854 0.3333 72
    0.67 0.6667 66
  6.9828 6 + 1
    0.5049 1 68
  7.1213 8 - 1
    0.4218 1 70
  7.1373 4 + 1
    0.7936 1 67
  7.1587 46 - 2
    0.2003 0.6579 73
    0.4025 0.3421 71
  7.1968 46 + 1
    0.4406 1 71
  7.2677 6 - 2
    0.568201 0.7143 70
    0.979301 0.2857 66
  7.2819 44 + 1
    0.7599 1 69
  7.4126 10 - 1
    1.1242 1 66
  7.4737 8 + 1
    0.336401 1 76
  7.5024 48 - 1
    0.3437 1 77
  7.5938 2 + 1
    0.397 1 78
  7.8232 4 - 1
    0.626401 1 78
  8.0441 6 + 1
    0.541701 1 83
  8.2013 8 - 1
    0.919401 1 80
  8.2185 10 + 1
    1.2357 1 74
  8.2591 4 - 1
    0.9772 1 80
  8.2651 6 + 1
    0.9832 1 80
  8.3488 2 - 1
    0.9362 1 81
  8.3818 12 + 3
    0.116701 0.1053 90
    0.163301 0.5263 88
    0.1805 0.3684 87
  8.431 8 - 4
    0.6078 0.2308 85
    0.837201 0.1154 84
    0.928601 0.3846 83
    0.9573 0.2692 82
  8.6276 6 + 1
    0.245799 1 92
  8.6434 4 - 1
    0.2124 1 93
  8.8982 10 + 1
    0.270601 1 94
  8.9942 2 - 1
    0.3508 1 95
  9.7247 8 + 1
    0.7305 1 97

84 207 64
  0 5 - 0
  0.068557 1 - 1
    0.068557 1 0
  0.236472 3 - 2
    0.167915 0.6558 1
    0.236472 0.3442 0
  0.392954 3 - 3
    0.156482 0.1391 2
    0.324397 0.4551 1
    0.392954 0.4058 0
  0.588326 7 - 1
    0.588326 1 0
  0.685756 5 - 5
    0.09743 0.065851 4
    0.292802 0.102001 3
    0.449284 0.049941 2
    0.617199 0.363804 1
    0.685756 0.418404 0
  0.814428 9 - 1
    0.814428 1 0
  0.907049 7 - 4
    0.221293 0.187007 5
    0.514095 0.027361 3
    0.670577 0.280511 2
    0.907049 0.50512 0
  1.11508 13 + 1
    0.300652 1 6
  1.17159 7 - 4
    0.357162 0.483281 6
    0.583264 0.325987 4
    0.935118 0.01244 2
    1.17159 0.178293 0
  1.2256 5 - 3
    0.411172 0.1398 6
    0.637274 0.5945 4
    1.2256 0.2657 0
  1.27412 13 - 1
    0.459692 1 6
  1.28167 7 - 1
    0.693344 1 4
  1.33153 5 + 2
    1.09506 0.482 2
    1.33153 0.518 0
  1.38316 19 - 1
    0.26808 1 8
  1.51107 7 - 5
    0.33948 0.142104 9
    0.604021 0.222507 7
    1.11812 0.241707 3
    1.2746 0.083573 2
    1.51107 0.310109 0
  1.54822 7 - 3
    0.862464 0.340234 5
    0.959894 0.10401 4
    1.54822 0.555756 0
  1.56426 21 - 1
    0.1811 1 14
  1.58219 9 + 3
    0.46711 0.503015 8
    0.675141 0.462914 7
    0.767762 0.034071 6
  1.67667 7 + 2
    0.862242 0.1908 6
    1.67667 0.8092 0
  1.69127 17 + 1
    0.57619 1 8
  1.76282 7 - 2
    0.948392 0.5941 6
    1.17449 0.4059 4
  1.77347 11 + 2
    0.19128 0.177 18
    0.65839 0.823 8
  1.78177 9 - 3
    0.23355 0.1951 16
    1.19344 0.3794 4
    1.78177 0.4255 0
  1.9088 9 + 2
    1.00175 0.3592 7
    1.32047 0.6408 4
  2.01634 3 + 1
    2.01634 1 0
  2.099 11 + 4
    0.33618 0.09738 21
    1.41324 0.547 5
    1.51067 0.2845 4
    2.099 0.07112 0
  2.23025 9 + 9
    0.21391 0.00803 25
    0.45678 0.156908 22
    0.55358 0.009614 19
    0.64806 0.345718 18
    1.00465 0.019141 10
    1.11517 0.367119 8
    1.3232 0.015351 7
    1.64192 0.071184 4
    1.99378 0.006935 2
  2.29423 9 + 3
    0.52076 0.764115 22
    1.17915 0.181604 8
    2.29423 0.054281 0
  2.30331 9 + 11
    0.52984 0.194716 22
    0.62664 0.105208 19
    0.72112 0.323026 18
    0.75509 0.025372 16
    1.02164 0.044784 12
    1.07771 0.104508 10
    1.13172 0.023462 9
    1.18823 0.087327 8
    1.39626 0.072816 7
    1.48888 0.015731 6
    2.30331 0.00305 0
  2.31347 21 + 2
    0.6222 0.907064 20
    0.74921 0.092936 17
  2.3797 25 + 1
    0.06623 1 30
  2.39348 3 + 2
    1.80515 0.8368 4
    2.39348 0.1632 0
  2.41425 5 + 5
    0.64078 0.230016 22
    1.24266 0.333323 9
    1.29917 0.080006 8
    1.5072 0.273319 7
    1.82592 0.083336 4
  2.45464 1 + 2
    1.28305 0.813 9
    1.33956 0.187 8
  2.58302 5 - 5
    0.8202 0.724785 21
    1.76859 0.091038 6
    1.89726 0.077028 5
    2.51446 0.070029 1
    2.58302 0.037119 0
  2.6414 11 + 2
    2.05307 0.7692 4
    2.57284 0.2308 1
  2.82769 3 + 4
    0.37305 0.1484 34
    1.05422 0.3087 22
    1.2455 0.1685 18
    1.71261 0.3744 8
  2.84589 15 - 3
    1.2637 0.125804 18
    1.33482 0.01037 15
    1.73081 0.863826 8
  2.86043 1 + 4
    1.08696 0.2179 22
    1.27824 0.1173 18
    1.74535 0.5587 8
    2.046 0.1061 6
  2.87099 11 - 3
    0.77199 0.5525 26
    1.58932 0.232 12
    2.05656 0.2155 6
  2.8795 27 + 1
    0.4998 1 31
  2.88794 9 - 6
    0.78894 0.092741 26
    1.30575 0.108201 18
    1.55641 0.115901 13
    1.71635 0.386404 9
    1.77286 0.278203 8
    2.88794 0.01855 0
  2.9581 5 + 6
    0.50346 0.189392 34
    1.40988 0.400484 16
    1.68398 0.040048 11
    1.78651 0.300388 9
    2.14367 0.055668 6
    2.72163 0.014019 2
  2.96192 3 - 4
    1.45085 0.3031 15
    1.73632 0.3484 10
    2.37359 0.2091 4
    2.96192 0.1394 0
  2.9637 27 + 1
    0.584 1 31
  3.03699 5 + 5
    1.12819 0.285494 24
    1.4548 0.074968 18
    1.81139 0.49809 10
    2.80052 0.094628 2
    2.96843 0.046819 1
  3.08012 13 - 4
    0.43872 0.109393 36
    1.85452 0.683459 10
    1.90853 0.184589 9
    3.08012 0.022559 0
  3.09598 3 - 4
    0.68173 0.1492 33
    0.86573 0.5125 27
    2.18893 0.2786 7
    3.09598 0.0597 0
  3.137 29 + 3
    0.1733 0.173 45
    0.2575 0.5717 41
    0.7573 0.2553 31
  3.17938 9 + 5
    0.76513 0.5299 33
    1.63116 0.08691 16
    2.0643 0.1696 8
    2.59105 0.1802 4
    3.17938 0.03339 0
  3.24569 1 - 4
    0.85221 0.4223 32
    1.01544 0.4054 27
    1.69747 0.09206 16
    3.00922 0.08024 2
  3.27259 11 - 5
    1.04234 0.432174 27
    2.36554 0.103694 7
    2.45816 0.241985 6
    2.68426 0.194488 4
    3.27259 0.027658 0
  3.30091 9 + 7
    0.26392 0.06692 46
    0.47322 0.06119 37
    1.71872 0.07314 18
    2.02679 0.07314 11
    2.07531 0.1912 10
    2.48648 0.05641 6
    2.71258 0.478 4
  3.38047 5 - 4
    1.5987 0.2434 23
    2.47342 0.1693 7
    2.56604 0.5291 6
    2.79214 0.0582 4
  3.4119 31 + 1
    0.2749 1 49
  3.4426 7 - 3
    1.13929 0.367037 29
    2.53555 0.374537 7
    2.85427 0.258426 4
  3.44988 3 + 5
    0.48796 0.3151 44
    0.56194 0.07878 42
    1.35088 0.4634 26
    1.86769 0.08341 18
    2.86155 0.05931 4
  3.45787 9 - 8
    0.27849 0.08141 50
    1.15456 0.0995 29
    1.16364 0.05427 28
    1.35887 0.04161 26
    1.87568 0.199 18
    2.34279 0.4523 8
    2.77211 0.05834 5
    3.45787 0.01357 0
  3.599 29 - 1
    0.7195 1 41
  3.6024 31 - 1
    0.4654 1 49
  3.8008 33 - 1
    0.1984 1 60
  3.9195 5 + 1
    0.5076 1 55
  4.3463 35 - 1
    0.5455 1 61

84 208 96
  0 0 + 0
  0.686526 4 + 1
    0.686526 1 0
  1.26303 4 + 2
    0.576504 0.6279 1
    1.26303 0.3721 0
  1.2716 0 + 2
    0.585074 0.5 1
    1.2716 0.5 0
  1.34656 8 + 1
    0.660034 1 1
  1.4202 6 + 1
    0.733674 1 1
  1.52417 12 + 1
    0.17761 1 4
  1.52822 16 + 1
    0.00405 1 6
  1.539 4 + 2
    0.852474 0.5 1
    1.539 0.5 0
  1.58321 8 + 3
    0.16301 0.034729 5
    0.23665 0.159595 4
    0.896684 0.805676 1
  1.99546 6 - 2
    0.57526 0.3916 5
    1.30893 0.6084 1
  2.04123 12 + 1
    0.51706 1 6
  2.14943 10 + 2
    0.56622 0.4677 9
    0.80287 0.5323 4
  2.16009 16 + 1
    0.63187 1 7
  2.24072 18 + 1
    0.7125 1 7
  2.28062 6 + 1
    0.93406 1 4
  2.29359 12 + 5
    0.25236 0.179098 11
    0.71038 0.071739 9
    0.76537 0.02387 7
    0.76942 0.401696 6
    0.94703 0.323597 4
  2.33534 14 + 3
    0.29411 0.184918 11
    0.80712 0.676568 7
    0.81117 0.138514 6
  2.36922 14 - 3
    0.32799 0.01432 11
    0.841 0.041899 7
    0.84505 0.943781 6
  2.41455 14 + 3
    0.25446 0.1066 13
    0.37332 0.144 11
    0.88633 0.7494 7
  2.50728 12 + 3
    0.17194 0.038267 17
    0.21369 0.133891 16
    0.98311 0.827842 6
  2.52639 10 + 3
    0.48516 0.2839 11
    1.00222 0.1813 6
    1.17983 0.5348 4
  2.55452 20 + 2
    0.3138 0.6212 14
    1.0263 0.3788 7
  2.55589 14 + 3
    0.2623 0.032549 16
    0.3958 0.077678 13
    1.02767 0.889773 7
  2.57462 12 - 1
    0.2054 1 18
  2.70303 22 - 2
    0.14851 0.7027 22
    1.17481 0.2973 7
  2.80012 18 - 1
    0.4309 1 18
  2.88424 10 - 2
    1.36007 0.3508 6
    1.53768 0.6492 4
  2.92668 10 - 3
    0.40029 0.125995 21
    1.34347 0.827667 9
    1.40251 0.046338 6
  3.11294 14 - 5
    0.53832 0.307025 24
    0.60566 0.095328 20
    1.07171 0.221418 11
    1.58472 0.192415 7
    1.58877 0.183815 6
  3.14473 2 - 4
    0.63745 0.3343 20
    0.73018 0.1165 19
    1.61651 0.4161 7
    1.62056 0.1331 6
  3.20161 8 - 3
    0.69433 0.911209 20
    0.83239 0.03362 18
    1.16038 0.055171 11
  3.39983 24 - 1
    0.6968 1 25
  3.5249 22 - 1
    0.72478 1 26
  3.53528 2 - 4
    0.33367 0.8084 31
    0.39055 0.1314 30
    1.95207 0.0301 9
    2.01111 0.0301 6
  3.54553 26 - 2
    0.1457 0.9388 32
    0.8425 0.0612 25
  3.55349 10 - 7
    0.62681 0.167592 28
    0.66925 0.315884 27
    1.18427 0.020889 18
    1.2599 0.019779 16
    1.97028 0.020779 9
    2.02932 0.346283 6
    2.20693 0.108795 4
  3.56453 12 - 9
    0.45159 0.035522 29
    0.98991 0.560125 24
    1.00864 0.114905 23
    1.03814 0.033622 21
    1.05725 0.005771 20
    1.19531 0.075863 18
    1.22919 0.159807 17
    1.27094 0.004943 16
    1.5233 0.009441 11
  3.68254 12 - 7
    0.75586 0.417917 28
    0.7983 0.162407 27
    1.10792 0.150306 24
    1.12665 0.041882 23
    1.64131 0.052242 11
    2.15837 0.050642 6
    2.33598 0.124605 4
  3.80803 6 - 6
    0.92379 0.182498 27
    1.23341 0.128299 24
    1.30075 0.058219 20
    1.43881 0.496795 18
    1.47269 0.079429 17
    2.28386 0.054759 6
  3.90063 26 - 1
    0.5008 1 32
  4.01917 4 - 3
    1.51189 0.313687 20
    1.72558 0.071337 16
    2.495 0.614975 6
  4.05731 28 - 1
    0.51178 1 35
  4.06185 30 - 1
    0.51632 1 35
  4.16668 14 - 8
    1.28244 0.095084 27
    1.75213 0.039628 19
    1.79746 0.137992 18
    1.83134 0.019819 17
    1.87309 0.093204 16
    2.12545 0.154091 11
    2.63846 0.366978 7
    2.64251 0.093204 6
  4.17733 26 - 1
    0.6318 1 35
  4.25143 8 + 7
    0.697941 0.714379 36
    0.716151 0.066128 34
    1.04982 0.033069 31
    1.32475 0.040799 28
    1.91609 0.067538 17
    2.09134 0.049249 13
    2.66822 0.028839 9
  4.30714 28 - 1
    0.76161 1 35
  4.45219 6 + 2
    0.39034 0.6988 43
    0.39488 0.3012 42
  4.50936 4 + 5
    1.98297 0.109196 21
    2.09481 0.436683 19
    2.17402 0.087337 17
    2.21577 0.148494 16
    2.46813 0.218291 11
  4.66032 30 - 2
    0.35318 0.060053 47
    0.60301 0.939947 42
  4.80472 30 - 2
    0.35253 0.3873 48
    0.74741 0.6127 42
  4.9135 8 + 1
    0.73617 1 45
  4.91815 32 + 4
    0.11343 0.025628 51
    0.25783 0.152888 50
    0.8563 0.802136 43
    1.37262 0.019348 35
  4.91977 6 + 2
    0.25945 0.1803 50
    0.61263 0.8197 47
  5.01136 32 - 1
    0.94951 1 43
  5.10259 2 + 1
    0.18444 1 53
  5.11696 34 + 1
    0.19881 1 53
  5.26223 4 - 2
    0.15964 0.8584 56
    0.34246 0.1416 54
  5.327 6 - 1
    0.31564 1 55
  5.40915 8 + 3
    0.14692 0.333333 58
    0.39779 0.333333 55
    0.491 0.333333 53
  5.46522 2 - 2
    0.20299 0.4012 58
    0.45386 0.5988 55
  5.47528 36 + 1
    0.35832 1 57
  5.86146 4 - 1
    0.7445 1 57
  5.90011 38 + 1
    0.42483 1 62
  5.92134 6 - 2
    0.51219 0.781222 60
    0.80438 0.218778 57
  5.9774 8 + 1
    0.50212 1 62
  6.0213 4 - 2
    0.75907 0.8621 58
    0.90434 0.1379 57
  6.05186 2 + 1
    0.78963 1 58
  6.48643 6 - 4
    1.07728 0.5 60
    1.2242 0.26 58
    1.47507 0.15 55
    1.56828 0.09 53
  6.5096 8 + 4
    0.457741 0.595248 68
    0.488301 0.172614 67
    0.648141 0.059525 63
    1.39264 0.172614 57
  6.52123 4 - 6
    0.011629 0.166667 70
    0.034799 0.166667 69
    0.59989 0.166667 65
    0.62112 0.166667 64
    0.65977 0.166667 63
    1.04595 0.166667 62
  6.5983 10 + 1
    0.07707 1 71
  6.62002 38 - 1
    0.09879 1 71
  6.64102 38 + 2
    0.74091 0.910518 64
    1.16574 0.089482 62
  6.6477 6 - 1
    0.02768 1 73
  6.84763 8 + 2
    0.20661 0.84 74
    0.3264 0.16 71
  6.8982 2 - 2
    0.278181 0.7297 73
    0.299901 0.2703 72
  6.9146 4 + 1
    1.01449 1 64
  6.9508 6 - 1
    0.10317 1 76
  7.4755 10 + 1
    0.5773 1 77
  7.6531 8 - 1
    0.7023 1 79
  7.7053 2 + 1
    0.7545 1 79
  7.7847 4 - 2
    0.886499 0.6711 77
    1.137 0.3289 75
  7.9325 6 + 3
    0.2272 0.359582 82
    0.2794 0.078646 81
    0.456999 0.561772 80
  8.023 8 - 1
    0.5475 1 80
  8.1065 10 + 1
    0.321801 1 83
  8.3948 4 - 1
    0.4623 1 84
  8.7308 6 + 1
    0.7078 1 85
  8.8355 2 - 1
    0.903001 1 84
  8.8951 8 + 1
    0.788599 1 86
  8.9919 10 - 1
    0.261099 1 88
  9.0328 6 + 1
    0.638001 1 87
  9.1606 4 - 1
    0.2655 1 90
  9.6437 2 + 1
    0.483101 1 93
  32.46 0 + 2
    31.7735 0.5 1
    32.46 0.5 0

84 209 40
  0 1 - 0
  0.54495 5 - 1
    0.54495 1 0
  0.85432 3 - 1
    0.85432 1 0
  1.1753 5 - 2
    0.63035 0.2758 1
    1.1753 0.7242 0
  1.2137 3 - 1
    1.2137 1 0
  1.32677 9 - 2
    0.15147 0.002261 3
    0.78182 0.997739 1
  1.40884 7 - 3
    0.23354 0.4112 3
    0.55452 0.1329 2
    0.86389 0.4559 1
  1.41759 13 - 1
    0.09082 1 5
  1.4725 17 - 1
    0.05491 1 7
  1.52176 11 - 3
    0.10417 0.274996 7
    0.11292 0.007314 6
    0.19499 0.71769 5
  1.71563 9 - 2
    0.38886 0.1642 5
    1.17068 0.8358 1
  1.76096 13 + 1
    0.2392 1 9
  1.9376 17 - 2
    0.4651 0.2546 8
    0.52001 0.7454 7
  1.99094 7 - 2
    0.81564 0.3022 3
    1.44599 0.6978 1
  2.0297 19 - 1
    0.5572 1 8
  2.061 5 - 2
    1.51605 0.5 1
    2.061 0.5 0
  2.082 5 - 2
    1.53705 0.5 1
    2.082 0.5 0
  2.1668 21 - 2
    0.1371 0.7882 14
    0.6943 0.2118 8
  2.186 5 - 2
    1.64105 0.5 1
    2.186 0.5 0
  2.206 5 - 2
    1.66105 0.5 1
    2.206 0.5 0
  2.239 7 - 2
    1.0253 0.5 4
    1.38468 0.5 2
  2.31198 9 + 8
    0.32104 0.008643 13
    0.55102 0.06715 11
    0.59635 0.002569 10
    0.79022 0.853604 9
    0.90314 0.04895 6
    0.98521 0.01134 5
    1.13668 0.000943 3
    1.76703 0.0068 1
  2.339 5 - 2
    1.79405 0.5 1
    2.339 0.5 0
  2.363 7 - 2
    1.1493 0.5 4
    1.50868 0.5 2
  2.65435 3 + 3
    1.47905 0.478734 3
    2.1094 0.488534 1
    2.65435 0.032732 0
  2.664 11 + 2
    1.24641 0.5 7
    1.33723 0.5 5
  2.7699 23 + 2
    0.6031 0.8839 17
    1.2974 0.1161 8
  2.83559 1 + 2
    1.07463 0.8772 11
    1.42675 0.1228 6
  2.86443 11 + 5
    0.55245 0.20191 21
    1.10347 0.645831 11
    1.1488 0.093074 10
    1.53766 0.058353 5
    2.31948 0.000833 1
  2.90229 11 + 4
    1.14133 0.257198 11
    1.4847 0.0702 7
    1.57552 0.668395 5
    2.35734 0.004207 1
  2.90838 11 + 6
    0.5964 0.119796 21
    1.14742 0.334488 11
    1.19275 0.037709 10
    1.49079 0.066598 7
    1.58161 0.438084 5
    2.36343 0.003326 1
  2.9765 25 + 1
    0.2066 1 26
  2.97819 11 + 6
    0.66621 0.373691 21
    1.21723 0.221294 11
    1.26256 0.370991 10
    1.45643 0.023359 9
    1.65142 0.007999 5
    2.43324 0.002666 1
  3.0726 9 + 4
    1.31164 0.169193 11
    1.35697 0.544378 10
    1.74583 0.277189 5
    2.52765 0.00924 1
  3.25157 3 + 3
    0.41598 0.4878 27
    0.93959 0.4049 21
    1.72981 0.1073 9
  3.6204 27 + 1
    0.6439 1 31
  4.1685 29 + 1
    0.5481 1 35
  4.2656 31 - 2
    0.0971 0.2703 36
    1.2891 0.7297 31
  4.3542 31 - 2
    0.1857 0.5 36
    1.3777 0.5 31
  16.324 9 - 2
    15.1487 0.5 3
    15.7791 0.5 1

84 210 77
  0 0 + 0
  1.1814 4 + 1
    1.1814 1 0
  1.4267 8 + 1
    0.2453 1 1
  1.47334 12 + 1
    0.04664 1 2
  1.55696 16 + 1
    0.08362 1 3
  2.18796 16 + 1
    0.631 1 4
  2.2901 4 + 2
    1.1087 0.102 1
    2.2901 0.898 0
  2.326 12 + 3
    0.76904 0.034539 4
    0.85266 0.947781 3
    0.8993 0.01768 2
  2.38255 8 + 4
    0.09245 0.004891 6
    0.90921 0.051511 3
    0.95585 0.884426 2
    1.20115 0.059172 1
  2.38678 6 - 3
    0.96008 0.100701 2
    1.20538 0.890412 1
    2.38678 0.008887 0
  2.39376 2 + 2
    1.21236 0.271 1
    2.39376 0.729 0
  2.40327 10 + 4
    0.02072 0.086209 8
    0.07727 0.144099 7
    0.92993 0.384296 3
    0.97657 0.385396 2
  2.41377 6 + 3
    0.12367 0.290397 6
    0.98707 0.098009 2
    1.23237 0.611594 1
  2.43835 14 + 4
    0.11235 0.1632 7
    0.25039 0.3809 5
    0.88139 0.2748 4
    0.96501 0.1811 3
  2.60856 0 + 1
    1.42716 1 1
  2.658 10 - 2
    1.18466 0.5 3
    1.2313 0.5 2
  2.84596 6 - 2
    0.45918 0.3072 9
    1.66456 0.6928 1
  2.84916 22 - 2
    0.6612 0.048238 5
    1.2922 0.951762 4
  2.872 2 - 2
    1.6906 0.5 1
    2.872 0.5 0
  2.91005 10 - 4
    0.50678 0.009225 11
    0.5275 0.009218 8
    1.43671 0.371922 3
    1.48335 0.609636 2
  2.99948 18 - 2
    0.81152 0.7557 5
    1.44252 0.2443 4
  3.01647 14 - 3
    0.57812 0.1295 13
    0.69047 0.2264 7
    1.54313 0.6441 3
  3.02373 4 - 2
    0.60996 0.22 12
    0.63695 0.78 9
  3.02642 10 - 6
    0.11637 0.418007 19
    0.62315 0.01963 11
    0.63964 0.040741 9
    0.64387 0.01711 8
    1.55308 0.004004 3
    1.59972 0.500508 2
  3.07513 8 - 4
    0.66136 0.050869 12
    0.68835 0.302294 9
    0.69258 0.084748 8
    1.64843 0.562089 2
  3.09452 8 + 4
    0.69125 0.776031 11
    0.76852 0.082733 7
    1.66782 0.066903 2
    1.91312 0.074333 1
  3.11164 8 - 4
    0.20159 0.376789 19
    0.72486 0.517684 9
    0.72909 0.040319 8
    1.68494 0.065208 2
  3.12513 12 - 2
    0.72186 0.6454 11
    0.79913 0.3546 7
  3.138 16 - 3
    0.69965 0.2938 13
    0.95004 0.3535 5
    1.58104 0.3527 4
  3.18277 20 - 3
    0.18329 0.283014 20
    0.33361 0.647832 17
    1.62581 0.069153 4
  3.21898 12 + 3
    0.78063 0.572983 13
    1.03102 0.044629 5
    1.74564 0.382389 3
  3.42858 10 - 8
    0.31694 0.103391 26
    0.40216 0.427262 23
    0.51853 0.077373 19
    1.0418 0.121489 9
    1.04603 0.055645 8
    1.95524 0.155186 3
    2.00188 0.048276 2
    2.24718 0.011379 1
  3.4773 6 + 1
    1.28934 1 5
  3.52534 12 - 5
    0.49892 0.104607 23
    0.61529 0.355125 19
    1.08699 0.198814 13
    1.12207 0.28542 11
    2.052 0.056034 3
  3.6375 4 + 1
    1.25072 1 9
  3.68539 14 - 4
    1.35939 0.1967 7
    1.49743 0.4276 5
    2.12843 0.1836 4
    2.21205 0.1921 3
  3.6939 6 + 1
    1.30712 1 9
  3.69959 10 - 4
    1.31281 0.108389 9
    1.37359 0.142186 7
    2.22625 0.181682 3
    2.27289 0.567743 2
  3.71099 10 - 3
    1.30772 0.232577 11
    2.23765 0.373863 3
    2.28429 0.393561 2
  3.72728 12 - 8
    0.20194 0.061628 33
    0.2987 0.077508 31
    0.60215 0.020099 27
    0.70086 0.075608 23
    0.81723 0.273592 19
    1.28893 0.233993 13
    1.32401 0.071778 11
    2.25394 0.185794 3
  3.77991 2 + 3
    0.86986 0.4561 19
    2.30657 0.1248 3
    2.35321 0.4191 2
  3.78609 14 - 2
    1.46009 0.1228 7
    1.59814 0.8772 5
  3.792 4 + 2
    2.6106 0.5 1
    3.792 0.5 0
  4.02578 6 + 2
    1.83782 0.7937 5
    2.46882 0.2063 4
  4.0291 8 + 1
    2.6024 1 2
  4.0434 4 - 1
    1.85544 1 5
  4.1051 2 + 1
    1.91714 1 5
  4.1411 12 + 4
    1.70275 0.085718 13
    1.95314 0.171415 5
    2.58414 0.571451 4
    2.66776 0.171415 3
  4.14541 20 - 2
    0.962641 0.901673 29
    1.14593 0.098327 20
  4.237 6 - 2
    2.8103 0.5 2
    3.0556 0.5 1
  4.32 6 + 2
    1.91673 0.5 11
    1.92624 0.5 10
  4.32411 22 - 3
    0.178699 0.1124 48
    1.47495 0.857 17
    2.76715 0.0306 4
  4.3295 4 + 1
    2.0035 1 7
  4.346 8 - 2
    1.93223 0.5 12
    1.94273 0.5 11
  4.37194 26 - 2
    0.04783 0.6262 51
    1.52278 0.3738 17
  4.382 10 + 2
    1.96823 0.5 12
    1.97873 0.5 11
  4.3869 2 + 2
    2.0609 0.2857 7
    2.19894 0.7143 5
  4.4696 12 + 3
    2.1436 0.076926 7
    2.28164 0.153812 5
    2.91264 0.769262 4
  4.5028 24 - 3
    0.17869 0.508895 51
    0.357389 0.090609 48
    1.65364 0.400496 17
  4.5421 8 + 3
    2.13883 0.3 11
    2.15955 0.2 8
    3.1154 0.5 2
  4.5536 14 + 2
    2.36564 0.4444 5
    2.99664 0.5556 4
  4.5925 6 + 1
    4.5925 1 0
  4.6215 6 + 4
    2.20773 0.444444 12
    2.22774 0.133313 10
    2.23895 0.20002 8
    2.3314 0.222222 6
  4.624 10 + 2
    2.21023 0.5 12
    2.22073 0.5 11
  4.6375 4 - 3
    2.23423 0.324332 11
    2.25495 0.540554 8
    2.3115 0.135114 7
  4.6449 12 + 1
    2.45694 1 5
  4.6604 4 - 2
    2.27785 0.4286 8
    2.3344 0.5714 7
  4.77728 28 - 2
    0.27448 0.076691 58
    0.40534 0.923309 54
  4.9481 2 - 2
    2.54483 0.3333 11
    3.47476 0.6667 3
  4.97129 8 - 2
    0.59935 0.935453 54
    0.825879 0.064547 48
  4.9744 4 - 1
    2.78644 1 5
  4.991 6 - 2
    3.5643 0.5 2
    3.8096 0.5 1
  4.9982 2 + 1
    2.81024 1 5
  5.041 8 - 2
    2.62723 0.5 12
    2.63773 0.5 11
  5.05761 32 + 2
    0.28033 0.2276 67
    0.68567 0.7724 54
  5.186 4 - 2
    2.77223 0.5 12
    2.79224 0.5 10
  5.27 6 + 2
    2.86673 0.5 11
    2.87624 0.5 10

84 211 87
  0 9 + 0
  0.6872 11 + 1
    0.6872 1 0
  1.0509 5 + 1
    1.0509 1 0
  1.0648 15 - 2
    0.3776 0.079637 1
    1.0648 0.920363 0
  1.1218 7 + 1
    1.1218 1 0
  1.1606 9 + 1
    1.1606 1 0
  1.1814 13 + 2
    0.4942 0.055581 1
    1.1814 0.944419 0
  1.3852 3 + 1
    0.3343 1 2
  1.4072 1 + 3
    0.2466 0.042881 5
    0.2854 0.344507 4
    1.4072 0.612612 0
  1.4094 5 + 3
    0.2488 0.013779 5
    0.2876 0.526858 4
    1.4094 0.459363 0
  1.4278 17 + 1
    0.363 1 3
  1.4366 7 - 3
    0.276 0.062675 5
    0.3148 0.168786 4
    1.4366 0.768539 0
  1.443 3 - 1
    0.3921 1 2
  1.4589 11 - 1
    0.2775 1 6
  1.462 25 + 1
    0.0342 1 10
  1.5083 5 + 2
    0.3477 0.0524 5
    0.3865 0.9476 4
  1.5093 7 + 1
    0.4584 1 2
  1.5172 3 + 1
    0.3566 1 5
  1.5418 9 - 1
    0.114 1 10
  1.578 1 - 1
    0.1928 1 7
  1.5799 5 - 1
    0.1521 1 10
  1.5851 7 + 1
    0.5342 1 2
  1.6124 13 - 1
    0.5615 1 2
  1.6143 11 - 3
    0.1713 0.1424 12
    0.4925 0.4506 4
    0.5634 0.407 2
  1.6156 3 - 1
    0.1878 1 10
  1.6378 9 + 2
    0.4772 0.3288 5
    0.516 0.6712 4
  1.6966 5 + 1
    0.2688 1 10
  1.7162 7 - 1
    1.029 1 1
  1.727 1 - 1
    1.0398 1 1
  1.7393 19 + 1
    0.2963 1 12
  1.7863 3 - 1
    0.3585 1 10
  1.798 5 - 1
    1.1108 1 1
  1.8092 9 - 1
    1.122 1 1
  1.8203 27 + 1
    0.3583 1 14
  1.8525 7 - 1
    0.4247 1 10
  1.8767 11 - 1
    1.1895 1 1
  1.9147 13 - 1
    0.4869 1 10
  1.9443 5 - 1
    1.2571 1 1
  2.0236 3 + 1
    0.9727 1 2
  2.0286 7 - 1
    0.9068 1 4
  2.0342 9 + 1
    0.9833 1 2
  2.0769 15 + 1
    0.4626 1 23
  2.079 1 - 1
    1.0281 1 2
  2.084 1 + 2
    0.6768 0.5 8
    1.0331 0.5 2
  2.0937 5 - 1
    0.6659 1 10
  2.103 11 - 1
    0.66 1 12
  2.112 7 + 2
    0.669 0.2366 12
    1.0611 0.7634 2
  2.1357 31 - 2
    0.3154 0.2326 33
    0.6737 0.7674 14
  2.161 1 + 2
    0.7538 0.5 8
    1.1101 0.5 2
  2.2188 3 - 1
    0.791 1 10
  2.2237 9 + 1
    0.6457 1 19
  2.2779 5 - 1
    1.227 1 2
  2.2978 7 + 1
    0.8548 1 12
  2.3 3 - 1
    0.9148 1 7
  2.315 9 + 2
    1.2641 0.5 2
    2.315 0.5 0
  2.3395 11 - 1
    0.8965 1 12
  2.3532 5 + 1
    0.9254 1 10
  2.364 13 - 2
    0.8222 0.5 18
    1.6768 0.5 1
  2.39 7 + 2
    1.2682 0.5 4
    1.7028 0.5 1
  2.414 3 - 2
    1.0068 0.5 8
    1.3631 0.5 2
  2.4314 9 + 1
    1.0036 1 10
  2.456 5 - 2
    1.0708 0.5 7
    1.3342 0.5 4
  2.5479 7 + 1
    0.9699 1 19
  2.56 11 - 2
    1.4952 0.5 3
    2.56 0.5 0
  2.606 15 + 2
    0.9936 0.5 22
    1.9188 0.5 1
  2.639 3 - 2
    1.2318 0.5 8
    1.5881 0.5 2
  2.661 5 + 2
    1.6101 0.5 2
    2.661 0.5 0
  2.691 9 - 2
    1.5692 0.5 4
    2.0038 0.5 1
  2.753 7 + 2
    1.6312 0.5 4
    2.0658 0.5 1
  2.8402 13 - 1
    0.7045 1 47
  2.862 17 + 2
    1.6806 0.5 6
    1.7972 0.5 3
  2.8666 33 - 1
    0.7309 1 47
  2.91 5 + 2
    1.8591 0.5 2
    2.91 0.5 0
  2.99 3 - 2
    1.5828 0.5 8
    1.9391 0.5 2
  3.003 11 + 2
    1.8812 0.5 4
    2.3158 0.5 1
  3.043 7 - 2
    1.9921 0.5 2
    3.043 0.5 0
  3.067 9 + 2
    2.0161 0.5 2
    3.067 0.5 0
  3.175 5 - 2
    1.7898 0.5 7
    2.0532 0.5 4
  3.252 1 + 2
    1.8448 0.5 8
    2.2011 0.5 2
  3.384 3 - 2
    1.9768 0.5 8
    2.3331 0.5 2
  3.436 7 + 2
    2.3142 0.5 4
    2.7488 0.5 1
  3.4432 37 + 2
    0.5766 0.109 71
    1.3075 0.891 47
  3.754 9 - 2
    2.6322 0.5 4
    3.0668 0.5 1
  3.869 11 - 2
    2.8042 0.5 3
    3.869 0.5 0
  4.3647 37 - 2
    0.9215 0.8928 81
    1.4981 0.1072 71
  4.8733 43 + 1
    0.5086 1 84
  4.9125 5 + 1
    1.4693 1 81

84 212 31
  0 0 + 0
  0.72733 4 + 1
    0.72733 1 0
  1.13253 8 + 1
    0.4052 1 1
  1.249 6 + 1
    1.249 1 0
  1.35553 12 + 1
    0.223 1 2
  1.47643 16 + 1
    0.1209 1 4
  1.5127 4 + 2
    0.78537 0.7997 1
    1.5127 0.2003 0
  1.53683 2 - 1
    0.8095 1 1
  1.547 10 - 2
    0.19147 0.5 4
    0.41447 0.5 2
  1.578 6 - 2
    0.44547 0.5 2
    0.85067 0.5 1
  1.612 14 - 2
    0.13557 0.5 5
    0.25647 0.5 4
  1.62074 2 + 2
    0.89341 0.2036 1
    1.62074 0.7964 0
  1.657 8 - 1
    0.408 1 3
  1.67945 4 + 2
    0.95212 0.744534 1
    1.67945 0.255466 0
  1.7529 12 - 1
    0.27647 1 5
  1.7881 8 - 1
    0.43257 1 4
  1.8009 0 + 2
    0.18016 0.387297 11
    1.07357 0.612703 1
  1.80596 4 + 2
    1.07863 0.864126 1
    1.80596 0.135874 0
  1.8339 20 + 1
    0.35747 1 5
  1.94583 10 - 1
    0.8133 1 2
  1.9876 6 - 1
    0.51117 1 5
  2.017 6 - 1
    0.66147 1 4
  2.1026 10 - 1
    0.97007 1 2
  2.2287 2 - 1
    0.87317 1 4
  2.4113 22 - 1
    0.5774 1 18
  2.4715 8 + 1
    0.7186 1 14
  2.5833 6 + 1
    0.172 1 24
  2.7022 14 - 1
    0.8683 1 18
  2.7718 26 - 1
    0.3605 1 24
  2.8855 28 + 1
    0.1137 1 28
  2.922 36 + 1
    0.0365 1 29

84 213 10
  0 9 + 0
  0.2928 11 + 1
    0.2928 1 0
  0.44045 7 + 2
    0.14765 0.001183 1
    0.44045 0.998817 0
  0.60073 5 + 1
    0.60073 1 0
  0.86798 13 + 2
    0.57518 0.1946 1
    0.86798 0.8054 0
  1.00355 9 + 3
    0.40282 0.001618 3
    0.71075 0.174297 1
    1.00355 0.824085 0
  1.04567 3 + 2
    0.60522 0.115 2
    1.04567 0.885 0
  1.10017 1 + 3
    0.65972 0.062191 2
    0.80737 0.501505 1
    1.10017 0.436304 0
  1.11929 15 + 2
    0.82649 0.1205 1
    1.11929 0.8795 0
  1.3282 5 - 2
    0.88775 0.7143 2
    1.3282 0.2857 0

84 214 81
  0 0 + 0
  0.609316 4 + 1
    0.609316 1 0
  1.01504 8 + 1
    0.405724 1 1
  1.27477 6 - 1
    0.665454 1 1
  1.37768 4 + 2
    0.768364 0.5538 1
    1.37768 0.4462 0
  1.41549 0 + 1
    0.806174 1 1
  1.54337 4 + 4
    0.2686 0.004885 3
    0.52833 0.001366 2
    0.934054 0.906635 1
    1.54337 0.087113 0
  1.66128 4 + 2
    1.05196 0.2318 1
    1.66128 0.7682 0
  1.71297 6 + 2
    0.69793 0.4137 2
    1.10365 0.5863 1
  1.72961 4 + 4
    0.35193 0.00486 4
    0.45484 0.01607 3
    1.12029 0.822275 1
    1.72961 0.156795 0
  1.74298 0 + 1
    1.13366 1 1
  1.76452 2 + 5
    0.22115 0.000314 6
    0.34903 0.007926 5
    0.38684 0.019551 4
    1.1552 0.094683 1
    1.76452 0.877526 0
  1.84744 4 + 6
    0.30407 0.005991 6
    0.46976 0.01747 4
    0.57267 0.009575 3
    0.8324 0.003439 2
    1.23812 0.717518 1
    1.84744 0.246006 0
  1.89031 4 + 3
    0.61554 0.034549 3
    1.28099 0.913073 1
    1.89031 0.052378 0
  1.99464 4 - 5
    0.23012 0.003237 11
    0.33336 0.051381 7
    0.61696 0.02647 4
    0.71987 0.306404 3
    1.38532 0.612508 1
  2.01083 4 + 4
    0.59534 0.01221 5
    0.63315 0.03992 4
    1.40151 0.917391 1
    2.01083 0.03048 0
  2.01731 0 + 4
    0.25279 0.002298 11
    0.35603 0.002947 7
    0.63963 0.01383 4
    1.40799 0.980925 1
  2.08844 2 - 2
    0.71076 0.5756 4
    1.47912 0.4244 1
  2.11853 2 + 5
    0.38892 0.115509 9
    0.70304 0.114209 5
    0.74085 0.010121 4
    1.50921 0.492639 1
    2.11853 0.267521 0
  2.14783 2 - 4
    0.77015 0.063451 4
    0.87306 0.04018 3
    1.53851 0.866509 1
    2.14783 0.02986 0
  2.19254 4 + 6
    0.42802 0.01456 11
    0.64917 0.0685 6
    0.81486 0.04571 4
    0.91777 0.00489 3
    1.58322 0.8176 1
    2.19254 0.04874 0
  2.20409 2 + 8
    0.46111 0.0104 10
    0.47448 0.01901 9
    0.54281 0.01451 7
    0.66072 0.009784 6
    0.7886 0.002445 5
    0.82641 0.02164 4
    1.59477 0.047391 1
    2.20409 0.874818 0
  2.20869 4 - 2
    0.93392 0.1312 3
    1.59937 0.8688 1
  2.26641 2 - 6
    0.50189 0.093094 11
    0.5368 0.33208 9
    0.72304 0.193688 6
    0.99164 0.052827 3
    1.65709 0.243685 1
    2.26641 0.084625 0
  2.29336 4 + 4
    0.87787 0.021359 5
    0.91568 0.042069 4
    1.68404 0.384988 1
    2.29336 0.551583 0
  2.3483 2 + 1
    2.3483 1 0
  2.36057 2 - 3
    0.63096 0.874318 9
    1.75125 0.048101 1
    2.36057 0.077582 0
  2.42323 4 + 7
    0.23069 0.050565 20
    0.33479 0.371433 17
    0.65871 0.135212 11
    0.69362 0.055875 9
    1.04555 0.230921 4
    1.81391 0.10781 1
    2.42323 0.048184 0
  2.4477 2 - 10
    0.45306 0.01199 14
    0.68318 0.02903 11
    0.70472 0.01643 10
    0.78642 0.1094 7
    0.90433 0.02678 6
    1.03221 0.02239 5
    1.07002 0.09611 4
    1.17293 0.01917 3
    1.83838 0.1231 1
    2.4477 0.5456 0
  2.48247 4 + 12
    0.27378 0.1038 22
    0.33464 0.02956 19
    0.39403 0.009983 17
    0.48783 0.02205 14
    0.63503 0.005137 12
    0.75286 0.1031 9
    0.82119 0.1299 7
    0.9391 0.01394 6
    1.10479 0.06117 4
    1.2077 0.3525 3
    1.87315 0.1671 1
    2.48247 0.001759 0
  2.50537 2 - 4
    0.962 0.057849 6
    1.2306 0.04844 3
    1.89605 0.860991 1
    2.50537 0.03272 0
  2.50817 2 - 5
    0.30408 0.2732 21
    0.49734 0.04934 15
    0.9648 0.07346 6
    1.13049 0.2552 4
    1.89885 0.3488 1
  2.54496 4 + 2
    1.16728 0.2764 4
    1.93564 0.7236 1
  2.553 0 - 2
    1.94368 0.5 1
    2.553 0.5 0
  2.5624 0 + 1
    2.5624 1 0
  2.60468 4 + 7
    0.39599 0.1698 22
    0.84016 0.06133 11
    0.9434 0.1071 7
    1.227 0.1119 4
    1.32991 0.5069 3
    1.99536 0.04049 1
    2.60468 0.00248 0
  2.63086 2 + 3
    1.08749 0.413425 6
    2.02154 0.562934 1
    2.63086 0.023641 0
  2.66231 4 + 5
    0.94934 0.044462 8
    1.11894 0.310514 6
    1.28463 0.091944 4
    2.05299 0.551425 1
    2.66231 0.001654 0
  2.69462 4 + 11
    0.48593 0.078711 22
    0.67731 0.02049 16
    0.69998 0.057961 14
    0.84718 0.084441 12
    0.9301 0.093021 11
    0.95164 0.02034 10
    1.03334 0.072571 7
    1.31694 0.289603 4
    1.41985 0.01906 3
    2.0853 0.155702 1
    2.69462 0.108101 0
  2.69876 4 + 8
    0.49467 0.103804 21
    0.68793 0.062322 15
    0.93424 0.092854 11
    1.03748 0.081683 7
    1.15539 0.149906 6
    1.32108 0.044052 4
    2.08944 0.438618 1
    2.69876 0.026761 0
  2.71927 2 + 9
    0.60074 0.027472 18
    0.63083 0.065045 17
    0.70844 0.044083 15
    0.97629 0.056254 10
    1.05799 0.030972 7
    1.30378 0.388829 5
    1.34159 0.077266 4
    2.10995 0.303922 1
    2.71927 0.006156 0
  2.72861 2 - 7
    0.28091 0.1409 28
    0.51992 0.03062 22
    0.52452 0.03074 21
    0.73397 0.07515 14
    0.96409 0.6642 11
    1.06733 0.04581 7
    2.11929 0.01258 1
  2.76994 4 + 5
    1.10866 0.224496 7
    1.22657 0.259895 6
    1.39226 0.135097 4
    2.16062 0.026219 1
    2.76994 0.354293 0
  2.78596 2 + 5
    0.93852 0.273703 12
    1.02144 0.321703 11
    1.37047 0.216102 5
    2.17664 0.070291 1
    2.78596 0.118201 0
  2.7941 6 + 1
    2.18478 1 1
  2.80253 6 - 3
    0.59844 0.333333 21
    1.03801 0.333333 11
    2.19321 0.333333 1
  2.82698 2 + 3
    1.06246 0.385381 11
    1.4493 0.548973 4
    2.82698 0.065647 0
  2.86089 4 + 4
    1.01345 0.407424 12
    1.48321 0.397924 4
    2.25157 0.182111 1
    2.86089 0.012541 0
  2.8696 2 - 2
    1.59483 0.3596 3
    2.26028 0.6404 1
  2.88036 4 + 2
    2.27104 0.115 1
    2.88036 0.885 0
  2.89358 2 - 4
    0.62717 0.1914 23
    1.5159 0.3136 4
    2.28426 0.2318 1
    2.89358 0.2632 0
  2.89698 6 + 1
    2.28766 1 1
  2.9195 2 - 1
    2.31018 1 1
  2.9219 2 + 2
    2.31258 0.3902 1
    2.9219 0.6098 0
  2.92856 2 - 2
    2.31924 0.2701 1
    2.92856 0.7299 0
  2.93454 2 - 2
    2.32522 0.7874 1
    2.93454 0.2126 0
  2.94067 4 - 3
    1.27939 0.3145 7
    1.6659 0.1622 3
    2.33135 0.5233 1
  2.9628 6 + 1
    2.35348 1 1
  2.9676 4 + 2
    1.69283 0.5 3
    2.35828 0.5 1
  2.97893 2 + 2
    2.36961 0.1667 1
    2.97893 0.8333 0
  2.98624 2 - 2
    1.71147 0.1667 3
    2.37692 0.8333 1
  3 4 + 2
    2.39068 0.1525 1
    3 0.8475 0
  3.0034 2 - 1
    1.15596 1 12
  3.0058 2 + 1
    2.39648 1 1
  3.01411 2 - 5
    1.2845 0.458218 9
    1.47074 0.026571 6
    1.59862 0.169407 5
    1.63643 0.333913 4
    2.40479 0.01189 1
  3.0223 2 + 5
    1.01147 0.2 15
    1.36102 0.2 7
    1.64462 0.2 4
    1.74753 0.2 3
    2.41298 0.2 1
  3.0303 8 + 1
    2.42098 1 1
  3.0393 2 + 1
    2.42998 1 1
  3.05393 4 + 3
    1.63844 0.1677 5
    2.44461 0.2335 1
    3.05393 0.5988 0
  3.0683 2 - 1
    2.45898 1 1
  3.0787 0 - 1
    2.46938 1 1
  3.0818 4 + 2
    2.47248 0.3103 1
    3.0818 0.6897 0
  3.09401 2 - 1
    3.09401 1 0
  3.139 2 - 1
    2.52968 1 1
  3.14258 2 - 2
    1.4813 0.8851 7
    3.14258 0.1149 0
  3.1492 2 - 2
    2.53988 0.5 1
    3.1492 0.5 0
  3.1603 2 + 2
    2.55098 0.4012 1
    3.1603 0.5988 0
  3.1644 2 - 1
    2.55508 1 1
  3.1733 6 - 1
    2.56398 1 1
  3.18365 2 - 1
    3.18365 1 0
  3.2624 2 - 1
    1.53279 1 9

84 215 15
  0 9 + 0
  0.271228 7 + 1
    0.271228 1 0
  0.29356 11 + 1
    0.29356 1 0
  0.401812 5 + 2
    0.130584 0.095109 1
    0.401812 0.904891 0
  0.5176 3 + 2
    0.22404 0.028781 2
    0.5176 0.971219 0
  0.6083 1 + 1
    0.6083 1 0
  0.67666 13 + 3
    0.3831 0.024059 2
    0.405432 0.01347 1
    0.67666 0.962471 0
  0.7081 15 + 2
    0.436872 0.4819 1
    0.7081 0.5181 0
  0.7327 5 + 3
    0.330888 0.80646 3
    0.461472 0.137093 1
    0.7327 0.056447 0
  0.83532 7 - 2
    0.564092 0.4819 1
    0.83532 0.5181 0
  0.8772 3 - 1
    0.8772 1 0
  0.8911 9 - 4
    0.3735 0.1274 4
    0.489288 0.3205 3
    0.619872 0.166 1
    0.8911 0.3861 0
  0.93 17 - 1
    0.3217 1 5
  1.0737 5 + 4
    0.5561 0.057538 4
    0.671888 0.25089 3
    0.802472 0.350986 1
    1.0737 0.340586 0
  1.0942 11 - 1
    0.5766 1 4

84 216 11
  0 0 + 0
  0.54976 4 + 1
    0.54976 1 0
  0.96894 8 + 1
    0.41918 1 1
  1.3284 12 + 1
    0.35946 1 2
  1.5518 16 + 1
    0.2234 1 3
  1.6996 6 + 1
    0.1478 1 4
  1.803 10 + 1
    0.2512 1 4
  1.8742 2 + 1
    0.3224 1 4
  1.9805 14 + 1
    0.4287 1 4
  2.0387 6 - 1
    0.4869 1 4
  2.2338 4 - 1
    0.682 1 4

84 217 3
  0 11 + 0
  0.2542 7 + 1
    0.2542 1 0
  0.2647 9 + 1
    0.2647 1 0

84 218 12
  0 0 + 0
  0.5097 4 + 1
    0.5097 1 0
  0.675 6 + 1
    0.675 1 0
  0.9352 8 + 1
    0.4255 1 1
  1.3209 12 + 1
    0.3857 1 3
  1.5839 16 + 1
    0.263 1 4
  1.7579 10 + 2
    0.174 0.047619 5
    0.437 0.952381 4
  1.8587 2 + 1
    0.5378 1 4
  1.871 14 + 1
    0.2871 1 5
  2.0022 6 - 1
    0.4183 1 5
  2.0475 4 - 2
    0.1765 0.015749 8
    0.4636 0.984251 5
  2.2868 8 - 1
    0.7029 1 5

84 219 1
  0 5 + 0

84 220 1
  0 0 + 0

84 223 1
  0 5 + 0

84 224 1
  0 0 + 0

84 225 1
  0 5 - 0

84 226 1
  0 0 + 0

84 227 1
  0 1 + 0

