59 121 1
  0 3 + 0

59 124 1
  0 4 + 0

59 125 1
  0 3 - 0

59 126 1
  0 4 - 0

59 127 1
  0 7 + 0

59 128 1
  0 10 + 0

59 129 11
  0 11 - 0
  0.238 15 - 1
    0.238 1 0
  0.654 19 - 1
    0.416 1 1
  1.215 23 - 1
    0.561 1 2
  1.889 27 - 1
    0.674 1 3
  2.644 31 - 1
    0.755 1 4
  3.456 35 - 1
    0.812 1 5
  4.33 39 - 1
    0.874 1 6
  5.284 43 - 1
    0.954 1 7
  6.34 47 - 1
    1.056 1 8
  7.497 51 - 1
    1.157 1 9

59 130 1
  0 10 + 0

59 131 91
  0 3 + 0
  0.08757 5 + 1
    0.08757 1 0
  0.1524 11 - 1
    0.06483 1 1
  0.25169 7 + 2
    0.16412 0.8968 1
    0.25169 0.1032 0
  0.26194 7 + 2
    0.17437 0.7869 1
    0.26194 0.2131 0
  0.4088 15 - 1
    0.2564 1 2
  0.44843 9 + 2
    0.19674 0.5779 3
    0.36086 0.4221 1
  0.45007 7 + 4
    0.18813 0.04569 4
    0.19838 0.115601 3
    0.3625 0.719207 1
    0.45007 0.119501 0
  0.51574 3 - 3
    0.2538 0.2314 4
    0.42817 0.3847 1
    0.51574 0.3839 0
  0.55693 5 + 2
    0.30524 0.4721 3
    0.46936 0.5279 1
  0.57196 5 - 2
    0.31002 0.2262 4
    0.48439 0.7738 1
  0.66883 3 - 4
    0.2204 0.3214 6
    0.40689 0.1541 4
    0.41714 0.3327 3
    0.58126 0.1918 1
  0.67965 11 + 2
    0.23122 0.5 6
    0.42796 0.5 3
  0.68097 5 + 3
    0.41903 0.1245 4
    0.5934 0.4714 1
    0.68097 0.4041 0
  0.72406 7 + 3
    0.46212 0.221 4
    0.63649 0.2069 1
    0.72406 0.5721 0
  0.7726 3 - 1
    0.68503 1 1
  0.7875 7 + 3
    0.52556 0.088064 4
    0.53581 0.183387 3
    0.69993 0.728549 1
  0.799 7 + 1
    0.54731 1 3
  0.82858 3 + 2
    0.57689 0.412 3
    0.74101 0.588 1
  0.8758 19 - 1
    0.467 1 5
  0.8925 5 + 1
    0.80493 1 1
  0.92364 5 - 2
    0.83607 0.422 1
    0.92364 0.578 0
  0.9756 9 + 3
    0.52553 0.2507 7
    0.52717 0.4177 6
    0.72391 0.3316 3
  0.98 13 + 2
    0.30035 0.5 12
    0.53157 0.5 6
  1.07599 1 - 2
    0.62756 0.3333 6
    0.8243 0.6667 3
  1.1565 11 + 1
    0.1809 1 22
  1.2397 1 - 2
    1.15213 0.4595 1
    1.2397 0.5405 0
  1.2407 15 + 3
    0.2607 0.333333 23
    0.56105 0.333333 12
    0.8319 0.333333 5
  1.3537 13 + 2
    0.1972 0.5 25
    0.3781 0.5 22
  1.502 23 - 1
    0.6262 1 19
  1.5673 15 + 2
    0.2136 0.5 28
    0.4108 0.5 25
  1.6174 17 + 2
    0.3767 0.5 27
    0.6374 0.5 23
  1.7984 17 + 2
    0.2311 0.5 30
    0.4447 0.5 28
  1.8707 9 - 1
    0.63 1 27
  1.9506 19 + 2
    0.7099 0.5 27
    1.0748 0.5 19
  2.0474 19 + 2
    0.249 0.5 32
    0.4801 0.5 30
  2.1185 21 + 3
    0.5011 0.333333 31
    0.6165 0.333333 29
    1.2427 0.333333 19
  2.2435 27 - 1
    0.7415 1 29
  2.3143 21 + 2
    0.2669 0.5 35
    0.5159 0.5 32
  2.3283 23 + 2
    0.3777 0.5214 34
    0.8263 0.4786 29
  2.3598 19 + 2
    0.7925 0.5 30
    1.1191 0.5 27
  2.4558 21 + 1
    0.096 1 40
  2.5417 25 + 2
    0.4232 0.629 36
    1.0397 0.371 29
  2.5993 23 + 2
    0.285 0.5 38
    0.5519 0.5 35
  2.6078 23 + 3
    0.152 0.333333 41
    0.2935 0.333333 38
    0.5604 0.333333 35
  2.7972 27 + 1
    0.4689 1 39
  2.8197 25 + 2
    0.2119 0.5 44
    0.3639 0.5 41
  2.9013 25 + 2
    0.302 0.5 43
    0.587 0.5 38
  3.0506 31 - 1
    0.8071 1 37
  3.0827 29 + 1
    0.541 1 42
  3.094 27 + 2
    0.2743 0.5 46
    0.4862 0.5 44
  3.2233 27 + 2
    0.322 0.5 47
    0.624 0.5 43
  3.4157 31 + 1
    0.6185 1 45
  3.4913 29 + 2
    0.3973 0.5 50
    0.6716 0.5 46
  3.5663 29 + 2
    0.343 0.5 51
    0.665 0.5 47
  3.7697 33 + 1
    0.687 1 49
  3.7812 31 + 2
    0.2899 0.5 53
    0.6872 0.5 50
  3.8827 35 - 1
    0.8321 1 48
  3.9163 31 + 2
    0.35 0.5 54
    0.693 0.5 51
  4.1783 33 + 2
    0.3971 0.5 56
    0.687 0.5 53
  4.1866 35 + 1
    0.7709 1 52
  4.3043 33 + 2
    0.388 0.5 58
    0.738 0.5 54
  4.5987 37 + 1
    0.829001 1 55
  4.605 35 + 2
    0.4267 0.5 59
    0.8238 0.5 56
  4.6813 35 + 1
    0.765 1 58
  4.7544 39 - 1
    0.8717 1 57
  5.0527 37 + 2
    0.447701 0.5 63
    0.874401 0.5 59
  5.091 39 + 1
    0.9044 1 60
  5.1053 37 + 1
    0.801 1 61
  5.5023 39 + 1
    0.821 1 64
  5.5507 41 + 1
    0.952 1 62
  5.7049 43 - 1
    0.9505 1 65
  5.9603 41 + 1
    0.855 1 68
  6.1074 43 + 1
    1.0164 1 67
  6.3943 43 + 1
    0.892 1 69
  6.6047 45 + 1
    1.054 1 70
  6.7464 47 - 1
    1.0415 1 71
  6.8783 45 + 1
    0.918 1 72
  7.2144 47 + 1
    1.107 1 73
  7.3433 47 + 1
    0.949 1 74
  7.7437 49 + 1
    1.139 1 75
  7.8543 49 + 1
    0.976 1 77
  7.8684 51 - 1
    1.122 1 76
  8.3573 51 + 1
    1.014 1 79
  8.8983 53 + 1
    1.044 1 81
  9.0169 55 - 1
    1.1485 1 82
  9.4543 55 + 1
    1.097 1 83
  10.1899 59 - 1
    1.173 1 85
  10.6363 59 + 1
    1.182 1 86
  11.4299 61 - 1
    1.24 1 87
  12.7569 65 - 1
    1.327 1 89

59 132 19
  0 4 + 0
  0.14772 2 + 1
    0.14772 1 0
  0.28453 4 - 2
    0.13681 0.6264 1
    0.28453 0.3736 0
  0.28816 0 + 2
    0.14044 0.7195 1
    0.28816 0.2805 0
  0.3429 6 - 2
    0.19518 0.895 1
    0.3429 0.105 0
  0.3872 4 + 3
    0.09904 0.4938 3
    0.10267 0.13 2
    0.23948 0.3762 1
  0.40582 2 - 1
    0.11766 1 3
  0.50134 2 - 3
    0.21318 0.4632 3
    0.35362 0.4041 1
    0.50134 0.1327 0
  0.52615 4 + 2
    0.23799 0.2193 3
    0.37843 0.7807 1
  0.56749 2 - 1
    0.41977 1 1
  0.58744 4 + 1
    0.29928 1 3
  0.63042 4 + 1
    0.2246 1 6
  0.71494 2 + 4
    0.37204 0.02038 4
    0.42678 0.068929 3
    0.43041 0.343497 2
    0.56722 0.567194 1
  0.72483 4 + 4
    0.19868 0.137 8
    0.38193 0.2416 4
    0.4403 0.2906 2
    0.72483 0.3308 0
  0.8549 6 - 1
    0.70718 1 1
  0.86123 4 - 1
    0.5767 1 2
  0.98185 4 + 5
    0.25702 0.051 13
    0.41436 0.1311 9
    0.69369 0.145 3
    0.83413 0.2058 1
    0.98185 0.4671 0
  1.3301 8 - 3
    1.04194 0.3087 3
    1.04557 0.4348 2
    1.18238 0.2565 1
  1.4407 10 - 1
    1.29298 1 1

59 133 161
  0 3 + 0
  0.06168 5 + 1
    0.06168 1 0
  0.1667 7 + 2
    0.10502 0.937872 1
    0.1667 0.062128 0
  0.19212 11 - 1
    0.13044 1 1
  0.22586 7 + 3
    0.05916 0.072056 2
    0.16418 0.798552 1
    0.22586 0.129392 0
  0.29563 7 - 2
    0.10351 0.7408 3
    0.23395 0.2592 1
  0.40278 1 + 2
    0.3411 0.029261 1
    0.40278 0.970739 0
  0.42857 5 + 4
    0.20271 0.04661 4
    0.26187 0.099799 2
    0.36689 0.589894 1
    0.42857 0.263697 0
  0.47584 9 + 2
    0.24998 0.3261 4
    0.41416 0.6739 1
  0.4883 7 + 4
    0.26244 0.209906 4
    0.3216 0.049371 2
    0.42662 0.506015 1
    0.4883 0.234707 0
  0.4898 3 + 1
    0.4898 1 0
  0.50229 15 - 1
    0.31017 1 3
  0.55136 11 - 2
    0.25573 0.2323 5
    0.35924 0.7677 3
  0.58631 3 + 3
    0.41961 0.5097 2
    0.52463 0.3138 1
    0.58631 0.1765 0
  0.6191 7 + 5
    0.14326 0.050891 8
    0.19053 0.078592 7
    0.39324 0.278906 4
    0.4524 0.438809 2
    0.55742 0.152803 1
  0.63906 1 + 3
    0.47236 0.2273 2
    0.57738 0.5081 1
    0.63906 0.2646 0
  0.6564 9 - 1
    0.36077 1 5
  0.6792 9 + 1
    0.38357 1 5
  0.70243 11 + 1
    0.47657 1 4
  0.74401 3 + 3
    0.57731 0.2185 2
    0.68233 0.2071 1
    0.74401 0.5744 0
  0.75312 7 + 5
    0.26482 0.081847 9
    0.52726 0.275489 4
    0.58642 0.067587 2
    0.69144 0.155694 1
    0.75312 0.419383 0
  0.79052 13 - 2
    0.28823 0.5325 11
    0.5984 0.4675 3
  0.8597 5 + 1
    0.56407 1 5
  0.86296 9 + 5
    0.37466 0.073964 9
    0.38712 0.088494 8
    0.6371 0.360318 4
    0.69626 0.20141 2
    0.80128 0.275814 1
  0.87217 7 + 6
    0.38387 0.109804 9
    0.39633 0.202108 8
    0.4436 0.050162 7
    0.64631 0.197808 4
    0.81049 0.167007 1
    0.87217 0.273111 0
  0.89881 3 - 5
    0.1548 0.1551 19
    0.49603 0.0445 6
    0.73211 0.1015 2
    0.83713 0.1442 1
    0.89881 0.5547 0
  0.90359 7 + 6
    0.42775 0.225877 8
    0.47502 0.145885 7
    0.67773 0.228877 4
    0.73689 0.178282 2
    0.84191 0.120888 1
    0.90359 0.10019 0
  0.91097 5 + 3
    0.23177 0.133313 17
    0.35961 0.485549 12
    0.61534 0.381138 5
  0.91646 9 - 2
    0.3651 0.5957 12
    0.72434 0.4043 3
  0.93846 15 - 2
    0.43617 0.7539 11
    0.74634 0.2461 3
  0.9582 7 - 2
    0.7915 0.394 2
    0.89652 0.606 1
  0.9772 5 - 2
    0.8105 0.3008 2
    0.9772 0.6992 0
  0.98439 7 - 6
    0.49609 0.126504 9
    0.50855 0.351211 8
    0.55582 0.094773 7
    0.75853 0.063102 4
    0.81769 0.133204 2
    0.92271 0.231207 1
  1.00162 5 + 4
    0.45026 0.4053 12
    0.52578 0.1998 8
    0.57305 0.1885 7
    0.93994 0.2064 1
  1.02722 7 - 2
    0.55138 0.3866 8
    0.59865 0.6134 7
  1.04199 3 - 1
    0.63921 1 6
  1.05374 19 - 1
    0.55145 1 11
  1.05565 9 + 7
    0.35322 0.049394 18
    0.43655 0.176977 14
    0.57981 0.123384 8
    0.62708 0.340856 7
    0.82979 0.051053 4
    0.88895 0.166678 2
    0.99397 0.091658 1
  1.05831 9 + 4
    0.43921 0.1568 14
    0.57001 0.3244 9
    0.83245 0.1611 4
    0.89161 0.3577 2
  1.08145 13 + 1
    0.60561 1 8
  1.1299 9 + 2
    0.57854 0.415 12
    0.9632 0.585 2
  1.16711 9 + 2
    1.00041 0.4627 2
    1.10543 0.5373 1
  1.17174 15 - 2
    0.38122 0.7046 21
    0.66945 0.2954 11
  1.1884 5 + 2
    0.5693 0.392 14
    0.71256 0.608 8
  1.2204 7 - 1
    0.7321 1 9
  1.23151 9 + 2
    0.80294 0.4257 7
    1.16983 0.5743 1
  1.2553 9 - 2
    0.50218 0.5106 20
    0.82673 0.4894 7
  1.26546 17 - 3
    0.21172 0.02392 36
    0.47494 0.285294 21
    0.76317 0.690786 11
  1.2841 5 + 2
    0.80826 0.6287 8
    0.85553 0.3713 7
  1.2957 5 - 1
    0.81986 1 8
  1.2973 9 + 2
    0.54418 0.5854 20
    0.59487 0.4146 18
  1.3085 9 + 1
    1.08264 1 4
  1.3127 5 - 1
    0.83686 1 8
  1.32539 15 + 1
    0.62296 1 18
  1.34602 5 + 4
    0.5929 0.159384 20
    0.85772 0.271673 9
    0.87018 0.29807 8
    1.34602 0.270873 0
  1.3665 5 + 1
    0.93793 1 7
  1.4282 5 + 1
    1.20234 1 4
  1.4313 5 - 1
    1.00273 1 7
  1.64831 19 - 4
    0.47657 0.252097 42
    0.59457 0.399296 36
    0.70985 0.285697 29
    1.14602 0.062909 11
  1.65673 3 - 4
    0.79377 0.277992 23
    0.9543 0.083028 18
    1.10537 0.277992 12
    1.22816 0.360989 7
  1.671 19 - 4
    0.40554 0.25 47
    0.49926 0.25 42
    0.61726 0.25 36
    1.16871 0.25 11
  1.70603 9 + 7
    0.64772 0.134291 38
    0.72164 0.113792 32
    0.83386 0.326177 24
    1.0036 0.048847 18
    1.27746 0.078015 7
    1.4104 0.165688 5
    1.51391 0.133191 3
  1.72303 1 - 7
    0.66472 0.098359 38
    0.66738 0.273197 37
    0.73864 0.172098 32
    0.96991 0.051909 20
    1.17167 0.054639 12
    1.29446 0.243198 7
    1.49717 0.106599 4
  1.7626 23 - 1
    0.70886 1 36
  1.78528 9 + 10
    0.61817 0.076948 41
    0.75806 0.083758 34
    0.78366 0.141714 33
    0.80089 0.053965 32
    1.08285 0.093159 18
    1.16618 0.156416 14
    1.23392 0.029753 12
    1.35671 0.063256 7
    1.55942 0.185819 4
    1.7236 0.115212 1
  1.7888 17 + 1
    0.70735 1 39
  1.79654 3 - 5
    0.62943 0.1843 41
    0.74089 0.1843 37
    0.92437 0.2266 24
    1.36797 0.1027 7
    1.57068 0.3021 4
  1.8284 1 - 1
    0.82678 1 33
  1.9925 19 + 2
    0.66711 0.3298 53
    0.93876 0.6702 36
  2.03377 21 - 1
    0.76831 1 47
  2.04539 19 + 2
    0.72 0.5925 53
    0.99165 0.4075 36
  2.11831 3 - 6
    1.06266 0.216096 37
    1.20734 0.043959 27
    1.41588 0.058609 18
    1.64247 0.366293 8
    1.68974 0.230795 7
    1.89245 0.084248 4
  2.1798 3 - 1
    1.12149 1 38
  2.2033 19 + 3
    0.16953 0.365663 69
    0.55499 0.360764 58
    1.14956 0.273573 36
  2.3309 23 - 3
    0.5683 0.333333 63
    0.6599 0.333333 60
    1.27716 0.333333 36
  2.3522 21 + 1
    0.1489 1 73
  2.3564 21 + 2
    0.5676 0.2379 65
    1.30266 0.7621 36
  2.44509 23 + 3
    0.3997 0.19812 70
    0.45259 0.276628 68
    0.68249 0.525253 63
  2.47398 23 - 1
    0.44021 1 69
  2.5547 1 - 1
    2.388 1 2
  2.57503 27 - 1
    0.81243 1 63
  2.5769 23 + 2
    0.5844 0.4333 68
    0.8143 0.5667 63
  2.5978 23 + 1
    0.2456 1 75
  2.6738 3 - 1
    0.885 1 65
  2.692 11 - 2
    0.4887 0.5 73
    0.9294 0.5 63
  2.722 25 - 1
    0.9594 1 63
  2.7447 25 + 2
    0.3883 0.7342 76
    0.9821 0.2658 63
  2.8024 23 + 1
    0.75701 1 70
  2.9249 25 + 2
    0.3271 0.951338 82
    0.5727 0.048662 75
  2.9332 27 + 1
    0.48811 1 77
  2.95388 25 - 2
    0.4799 0.7331 78
    0.92011 0.2669 69
  3.0782 27 - 2
    0.50317 0.5 80
    0.7473 0.5 74
  3.1925 27 + 2
    0.6156 0.603 81
    0.74741 0.397 77
  3.2523 21 - 1
    1.049 1 73
  3.2745 29 + 1
    0.5298 1 86
  3.3195 27 + 2
    0.3946 0.9012 88
    0.7217 0.0988 82
  3.3711 23 - 3
    0.1188 0.391077 93
    0.7733 0.024559 82
    1.0189 0.584365 75
  3.4383 31 - 1
    0.86327 1 80
  3.4642 27 - 2
    0.51032 0.6567 90
    0.99022 0.3433 78
  3.5291 29 - 1
    0.8071 1 85
  3.536 25 - 2
    0.1649 0.8897 96
    0.9382 0.1103 82
  3.5648 31 + 1
    0.6316 1 89
  3.7673 29 + 2
    0.4478 0.787 95
    0.8424 0.213 88
  3.7869 27 - 2
    0.2509 0.942281 100
    0.862 0.057719 88
  3.8197 31 - 2
    0.3814 0.5 97
    0.7415 0.5 91
  3.8824 31 + 3
    0.6079 0.329033 94
    0.6899 0.425043 92
    0.9492 0.245925 89
  3.9593 29 - 2
    0.4951 0.4323 98
    1.00542 0.5677 90
  3.9728 33 + 1
    0.6983 1 94
  4.1068 29 - 1
    1.15292 1 90
  4.1236 29 - 1
    0.3367 1 103
  4.251 31 - 3
    0.1442 0.278386 108
    0.2917 0.626769 106
    0.7868 0.094845 98
  4.2637 31 + 2
    0.4964 0.6478 102
    0.9442 0.3522 95
  4.3038 35 - 1
    0.8655 1 97
  4.3519 35 + 1
    0.7871 1 101
  4.3778 33 - 3
    0.1268 0.3486 110
    0.8487 0.2894 99
    0.9395 0.362 97
  4.5332 31 - 1
    0.4096 1 109
  4.5737 35 - 1
    0.1959 1 114
  4.6776 35 + 2
    0.7952 0.6807 105
    1.1128 0.3193 101
  4.7933 33 + 2
    0.5296 0.6923 111
    1.026 0.3077 102
  4.8054 37 + 1
    0.8326 1 107
  4.8175 37 - 2
    0.2438 0.949319 116
    0.4397 0.050681 114
  5.0051 33 - 2
    0.4719 0.8322 115
    0.8815 0.1678 109
  5.1139 39 - 2
    0.2964 0.974019 120
    0.5402 0.025981 116
  5.1713 39 - 1
    0.8675 1 112
  5.2604 39 + 1
    0.9085 1 113
  5.3541 35 + 2
    0.5608 0.5806 118
    1.0904 0.4194 111
  5.4647 41 - 2
    0.3508 0.921309 122
    0.6472 0.078691 120
  5.5326 35 - 2
    0.5275 0.7324 121
    0.9994 0.2676 115
  5.5645 39 + 1
    0.8869 1 117
  5.7446 41 + 1
    0.9392 1 119
  5.8683 43 - 2
    0.4036 0.9345 126
    0.7544 0.0655 122
  5.9068 37 + 2
    0.5527 0.5319 125
    1.1135 0.4681 118
  6.0931 43 - 1
    0.921801 1 123
  6.1065 37 - 2
    0.5739 0.6012 127
    1.1014 0.3988 121
  6.2644 43 + 1
    1.004 1 124
  6.3224 45 - 2
    0.4541 0.803 130
    0.8577 0.197 126
  6.5185 43 + 1
    0.954 1 128
  6.7246 39 - 2
    0.6181 0.6821 133
    1.192 0.3179 127
  6.7648 45 + 1
    1.0202 1 129
  6.8234 47 - 2
    0.501 0.7836 135
    0.9551 0.2164 130
  7.0831 47 - 1
    0.989999 1 132
  7.3366 41 - 2
    0.612 0.6471 137
    1.2301 0.3529 133
  7.3404 47 + 1
    1.076 1 134
  7.3716 49 - 2
    0.548201 0.7017 139
    1.0492 0.2983 135
  7.5345 47 + 1
    1.016 1 136
  7.8588 49 + 1
    1.094 1 138
  7.9692 51 - 2
    0.5976 0.765 143
    1.1458 0.235 139
  8.1221 51 - 1
    1.039 1 140
  8.4774 51 + 1
    1.137 1 142
  8.6138 53 - 2
    0.644599 0.6773 146
    1.2422 0.3227 143
  8.6215 51 + 1
    1.087 1 144
  9.0168 53 + 1
    1.158 1 145
  9.2001 55 - 1
    1.078 1 147
  9.6664 55 + 1
    1.189 1 148
  10.2278 57 + 1
    1.211 1 151
  10.3421 59 - 1
    1.142 1 152
  10.9094 59 + 1
    1.243 1 153
  11.5611 63 - 1
    1.219 1 155
  12.2004 63 + 1
    1.291 1 156
  12.86 67 - 1
    1.2989 1 157
  14.211 71 - 1
    1.351 1 159

59 134 2
  0 4 - 0
  0.2 12 - 1
    0.2 1 0

59 135 105
  0 3 + 0
  0.04143 5 + 1
    0.04143 1 0
  0.20608 7 + 2
    0.16465 0.6014 1
    0.20608 0.3986 0
  0.24548 7 + 2
    0.20405 0.944528 1
    0.24548 0.055472 0
  0.35806 11 - 2
    0.11258 0.972019 3
    0.31663 0.027981 1
  0.49348 7 + 4
    0.248 0.034529 3
    0.2874 0.058389 2
    0.45205 0.678486 1
    0.49348 0.228595 0
  0.51741 9 + 2
    0.27193 0.23 3
    0.47598 0.77 1
  0.54317 7 - 2
    0.18511 0.278 4
    0.50174 0.722 1
  0.59105 7 + 2
    0.34557 0.3355 3
    0.54962 0.6645 1
  0.6881 9 + 4
    0.17069 0.1536 6
    0.44262 0.4344 3
    0.48202 0.2071 2
    0.64667 0.2049 1
  0.73083 15 - 1
    0.37277 1 4
  0.77748 11 + 2
    0.26007 0.075091 6
    0.532 0.924909 3
  0.79925 9 - 2
    0.25608 0.1619 7
    0.44119 0.8381 4
  0.95168 13 - 2
    0.22085 0.1017 10
    0.59362 0.8983 4
  0.98538 9 + 3
    0.46797 0.042862 6
    0.7399 0.562823 3
    0.7793 0.394316 2
  1.01686 9 + 3
    0.49945 0.107711 6
    0.52338 0.511851 5
    0.77138 0.380438 3
  1.08991 7 + 3
    0.5725 0.146015 6
    0.59643 0.29733 5
    1.04848 0.556656 1
  1.1049 9 + 3
    0.58749 0.2414 6
    0.61142 0.4157 5
    0.89882 0.3429 2
  1.1602 9 - 1
    0.61703 1 7
  1.18149 9 + 4
    0.40401 0.1769 11
    0.66408 0.2187 6
    0.68801 0.1938 5
    0.97541 0.4106 2
  1.18515 11 - 2
    0.23347 0.4985 13
    0.3859 0.5015 12
  1.21424 9 - 3
    0.41499 0.410559 12
    0.67107 0.186081 7
    1.17281 0.40336 1
  1.2215 11 + 2
    0.70409 0.4357 6
    0.72802 0.5643 5
  1.2322 13 + 2
    0.45472 0.2397 11
    0.71479 0.7603 6
  1.2896 11 - 2
    0.49035 0.5344 12
    0.74643 0.4656 7
  1.3031 11 - 2
    0.35142 0.6528 13
    0.57227 0.3472 10
  1.30663 5 - 1
    0.5758 1 10
  1.3253 11 + 3
    0.6372 0.1879 9
    0.80789 0.5848 6
    1.07982 0.2273 3
  1.3518 3 + 1
    1.14572 1 2
  1.3909 19 - 1
    0.66007 1 10
  1.4099 7 - 2
    0.63242 0.1013 11
    0.7218 0.8987 9
  1.4333 17 - 2
    0.48162 0.901373 13
    0.70247 0.098627 10
  1.4608 11 + 2
    0.68332 0.1602 11
    0.94339 0.8398 6
  1.4782 17 - 2
    0.52652 0.056781 13
    0.74737 0.943219 10
  1.506 15 + 2
    0.2738 0.088318 23
    0.72852 0.911682 11
  1.5078 11 + 4
    0.70855 0.074021 12
    0.99039 0.617712 6
    1.01432 0.049361 5
    1.30172 0.258905 2
  1.5319 7 + 2
    0.8438 0.5004 9
    1.03842 0.4996 5
  1.5711 9 - 2
    1.07762 0.4765 5
    1.32562 0.5235 3
  1.6364 13 + 2
    0.65102 0.8405 14
    0.85892 0.1595 11
  1.7422 5 - 1
    1.22479 1 6
  1.766 3 - 1
    0.96675 1 12
  1.7942 5 - 1
    1.06337 1 10
  1.816 3 - 1
    0.4251 1 29
  1.9049 5 - 1
    1.12742 1 11
  1.9286 19 - 3
    0.4504 0.420558 33
    0.4953 0.105889 31
    1.19777 0.473553 10
  1.9592 1 - 1
    0.5683 1 29
  1.998 5 + 2
    1.48059 0.3671 6
    1.75252 0.6329 3
  2.0028 3 - 1
    1.27197 1 10
  2.014 1 + 1
    1.28317 1 10
  2.1044 5 - 1
    1.37357 1 10
  2.1165 17 + 1
    0.8843 1 23
  2.1292 3 - 1
    1.58603 1 7
  2.1559 1 + 1
    0.7226 1 31
  2.1585 21 - 2
    0.7252 0.2421 31
    0.7676 0.7579 29
  2.2047 21 - 2
    0.7265 0.4184 33
    0.8138 0.5816 29
  2.2449 23 - 1
    0.854 1 29
  2.3469 23 - 1
    0.956 1 29
  2.3559 5 + 1
    0.965 1 29
  2.373 19 + 1
    0.867 1 34
  2.3959 19 + 1
    0.8899 1 34
  2.5899 21 + 3
    0.194 0.513749 59
    0.2169 0.161984 58
    1.199 0.324268 29
  2.6178 21 + 2
    0.6892 0.7197 44
    1.2269 0.2803 29
  2.7547 3 - 3
    0.5962 0.3073 53
    0.8261 0.2049 44
    1.3638 0.4878 29
  2.8469 23 + 2
    0.257 0.9686 60
    0.451 0.0314 59
  2.9009 23 + 2
    0.554 0.3791 56
    0.656 0.6209 55
  3.001 25 - 3
    0.7561 0.263 55
    0.7963 0.6246 54
    0.8425 0.1124 53
  3.1239 25 + 3
    0.277 0.432457 63
    0.5061 0.170183 61
    0.879 0.39736 55
  3.2049 25 - 1
    0.358 1 63
  3.2448 27 - 1
    0.9999 1 55
  3.4219 27 + 2
    0.521 0.6584 64
    0.575 0.3416 63
  3.4888 5 - 1
    0.871 1 61
  3.5177 3 - 1
    0.763 1 62
  3.5308 5 + 2
    0.7761 0.5291 62
    1.2859 0.4709 55
  3.6429 27 - 1
    0.438 1 67
  3.6589 29 + 1
    0.535 1 66
  3.8628 7 - 3
    0.332 0.3503 72
    0.3451 0.1421 71
    0.374 0.5076 70
  3.957 29 - 1
    0.956 1 65
  4.1079 31 + 1
    0.686 1 69
  4.2199 31 + 2
    0.2629 0.1228 76
    0.561 0.8772 74
  4.2928 3 - 2
    0.43 0.6849 75
    1.048 0.3151 68
  4.3198 31 - 1
    1.075 1 68
  4.3938 5 + 1
    1.149 1 68
  4.4649 33 + 1
    0.806 1 74
  4.7048 7 - 2
    0.385 0.2424 80
    0.412 0.7576 79
  4.9649 35 + 1
    0.857 1 77
  5.0308 3 - 1
    0.326 1 83
  5.069 33 - 1
    1.112 1 76
  5.1638 35 - 2
    0.844 0.8775 80
    0.871 0.1225 79
  5.3368 5 + 1
    1.044 1 79
  5.4209 37 + 1
    0.956 1 82
  5.4548 1 + 1
    0.424 1 85
  5.9538 7 - 1
    0.499 1 90
  5.9739 39 + 1
    1.009 1 84
  5.9978 39 - 1
    0.834 1 87
  6.5009 41 + 1
    1.08 1 89
  6.5108 5 - 1
    0.557 1 91
  6.8798 43 - 1
    0.882 1 93
  6.9789 43 + 1
    1.005 1 92
  7.515 45 + 1
    1.0141 1 94
  7.8028 47 - 1
    0.923 1 96
  7.899 47 + 1
    0.9201 1 97
  8.716 51 - 1
    0.913201 1 99
  9.004 51 + 1
    1.105 1 100
  9.678 55 - 1
    0.961999 1 101
  10.745 59 - 1
    1.067 1 103

59 136 106
  0 4 + 0
  0.04019 2 + 1
    0.04019 1 0
  0.13059 6 + 1
    0.13059 1 0
  0.14069 2 + 1
    0.1005 1 1
  0.14911 2 + 2
    0.10892 0.8674 1
    0.14911 0.1326 0
  0.1745 8 - 1
    0.04391 1 2
  0.1845 2 + 2
    0.14431 0.758 1
    0.1845 0.242 0
  0.3347 2 + 2
    0.20411 0.1901 2
    0.29451 0.8099 1
  0.33844 8 + 2
    0.20785 0.1366 2
    0.33844 0.8634 0
  0.35187 2 + 2
    0.16737 0.4568 6
    0.31168 0.5432 1
  0.47662 2 + 4
    0.29212 0.09725 6
    0.33593 0.2293 3
    0.43643 0.08815 1
    0.47662 0.5853 0
  0.54783 8 + 3
    0.19596 0.117911 9
    0.20939 0.056215 8
    0.41724 0.825874 2
  0.57482 2 + 4
    0.24012 0.014191 7
    0.39032 0.063943 6
    0.53463 0.060532 1
    0.57482 0.861334 0
  0.59462 12 + 2
    0.04679 0.922754 11
    0.42012 0.077246 5
  0.67279 2 + 4
    0.48829 0.19698 6
    0.52368 0.19658 4
    0.6326 0.285771 1
    0.67279 0.320668 0
  0.7932 0 + 3
    0.21838 0.0755 12
    0.64409 0.5537 4
    0.65251 0.3708 3
  0.804 14 + 1
    0.20938 1 13
  0.94009 2 + 4
    0.60539 0.2743 7
    0.75559 0.2471 6
    0.8999 0.1886 1
    0.94009 0.29 0
  0.9723 2 + 1
    0.9723 1 0
  1.0048 2 + 2
    0.52818 0.3355 10
    0.85569 0.6645 4
  1.0488 16 + 1
    0.2448 1 16
  1.0626 2 + 3
    0.92191 0.348365 3
    1.02241 0.370263 1
    1.0626 0.281372 0
  1.116 14 - 1
    0.52138 1 13
  1.1719 2 - 3
    0.49911 0.3076 14
    1.03121 0.3067 3
    1.04131 0.3857 2
  1.184 2 + 2
    0.2117 0.3937 18
    1.184 0.6063 0
  1.25055 18 + 1
    0.20175 1 20
  1.3163 16 + 1
    0.72168 1 13
  1.3464 16 + 2
    0.2304 0.2953 22
    0.75178 0.7047 13
  1.4888 4 - 3
    0.4262 0.2866 21
    1.01218 0.3755 10
    1.4888 0.3379 0
  1.5514 20 + 1
    0.30085 1 25
  1.8029 20 + 2
    0.55235 0.5223 25
    0.7541 0.4777 20
  1.8375 20 + 2
    0.58695 0.3683 25
    0.7887 0.6317 20
  1.9117 22 + 2
    0.3603 0.4958 29
    0.66115 0.5042 25
  2.102 18 - 1
    0.7857 1 26
  2.1528 22 + 2
    0.3499 0.171 30
    0.6014 0.829 29
  2.2227 20 + 1
    0.9064 1 26
  2.2354 20 + 2
    0.1334 0.1819 33
    0.9191 0.8181 26
  2.2657 20 + 1
    0.9193 1 27
  2.3324 20 + 1
    0.986 1 27
  2.382 24 + 2
    0.4703 0.7902 32
    0.8306 0.2098 29
  2.4449 22 - 1
    0.2095 1 36
  2.4658 22 - 4
    0.1334 0.1964 38
    0.2001 0.3266 37
    0.2304 0.226 36
    0.2431 0.251 35
  2.5286 24 + 1
    0.6911 1 31
  2.5691 24 + 2
    0.4163 0.7979 34
    0.6574 0.2021 32
  2.6367 24 + 1
    0.4839 1 34
  2.6804 24 + 3
    0.5276 0.31 34
    0.7687 0.1793 32
    0.8775 0.5107 30
  2.7792 24 - 2
    0.3134 0.7501 41
    0.3343 0.2499 40
  2.8188 26 + 2
    0.4368 0.3469 39
    0.9071 0.6531 32
  2.8468 26 + 2
    0.4648 0.5926 39
    0.9351 0.4074 32
  2.9197 26 + 3
    0.2393 0.4371 45
    0.283 0.1914 44
    0.3506 0.3715 43
  3.0098 26 - 1
    0.2306 1 46
  3.0656 28 + 1
    0.6836 1 39
  3.1226 28 + 1
    0.594 1 42
  3.2369 28 + 1
    0.3172 1 49
  3.3143 28 + 2
    0.4675 0.723 48
    0.9323 0.277 39
  3.3405 28 + 2
    0.5217 0.5186 47
    0.9585 0.4814 39
  3.4147 28 - 1
    0.4049 1 50
  3.5936 30 + 1
    0.3567 1 53
  3.6776 30 - 1
    0.2629 1 56
  3.7289 28 - 2
    0.7191 0.6452 50
    0.8092 0.3548 49
  3.7837 32 + 1
    0.6611 1 52
  3.802 30 + 1
    0.9552 1 48
  3.8607 30 + 2
    0.5202 0.2618 55
    1.0419 0.7382 47
  3.9366 30 - 2
    0.2077 0.6623 59
    0.6997 0.3377 53
  3.9987 30 - 1
    0.8761 1 52
  4.0983 32 + 2
    0.5047 0.5296 57
    0.8614 0.4704 53
  4.1731 32 - 1
    0.4955 1 58
  4.2102 32 - 1
    0.2736 1 63
  4.2415 32 + 2
    0.901 0.3789 55
    0.9272 0.6211 54
  4.289 32 - 1
    0.6114 1 58
  4.3555 34 + 1
    0.5535 1 61
  4.4118 32 + 2
    0.5511 0.49 62
    1.0713 0.51 55
  4.4355 34 + 2
    0.3372 0.3726 65
    0.8419 0.6274 57
  4.4727 36 + 1
    0.689001 1 60
  4.53 34 - 2
    0.241 0.4554 69
    0.3569 0.5446 66
  4.544 34 - 1
    0.5453 1 64
  4.5811 34 - 1
    0.3709 1 67
  4.8842 36 - 1
    0.354201 1 74
  4.9588 34 + 2
    0.547 0.3176 71
    1.0981 0.6824 62
  4.9904 36 - 2
    0.4093 0.8319 76
    0.7802 0.1681 67
  5.0305 36 + 2
    0.595 0.4306 72
    0.9322 0.5694 65
  5.0856 36 - 1
    0.6501 1 72
  5.1435 38 + 1
    0.788 1 70
  5.175 36 + 1
    0.9335 1 68
  5.3237 38 - 1
    0.439499 1 77
  5.3711 40 + 1
    0.898399 1 73
  5.3944 38 - 1
    0.8504 1 75
  5.422 38 + 1
    0.9865 1 72
  5.4304 38 - 2
    0.44 0.6711 79
    0.8493 0.3289 76
  5.8474 40 - 1
    0.5237 1 84
  5.9342 40 - 2
    0.5038 0.7042 88
    0.9438 0.2958 79
  6.0657 40 + 1
    1.0352 1 80
  6.0749 40 + 1
    0.8999 1 83
  6.113 38 + 1
    1.1542 1 78
  6.4269 42 - 1
    0.5795 1 89
  6.4445 42 - 2
    0.5103 0.5618 90
    1.0141 0.4382 88
  6.4695 42 - 1
    1.0751 1 86
  6.4708 44 + 1
    1.0997 1 85
  6.5482 42 + 1
    1.1262 1 87
  6.9748 44 - 2
    0.5303 0.6623 95
    1.0406 0.3377 90
  7.0206 44 - 1
    0.5937 1 94
  7.1146 44 + 1
    1.0397 1 92
  7.5619 46 - 2
    0.5871 0.4118 99
    1.1174 0.5882 95
  7.7279 48 + 1
    1.2571 1 97
  7.7516 46 - 1
    1.2821 1 96
  7.8242 46 + 1
    1.276 1 98

59 137 94
  0 5 + 0
  0.0755 3 + 1
    0.0755 1 0
  0.22988 7 + 1
    0.22988 1 0
  0.3136 5 + 2
    0.2381 0.8279 1
    0.3136 0.1721 0
  0.382 1 + 2
    0.3065 0.908555 1
    0.382 0.091445 0
  0.56122 11 - 2
    0.33134 0.8605 2
    0.56122 0.1395 0
  0.571365 9 + 1
    0.571365 1 0
  0.5806 3 + 5
    0.1986 0.03152 4
    0.267 0.0428 3
    0.35072 0.01637 2
    0.5051 0.375404 1
    0.5806 0.533905 0
  0.7247 5 + 3
    0.3427 0.333333 4
    0.6492 0.333333 1
    0.7247 0.333333 0
  0.7615 3 + 5
    0.1809 0.013191 7
    0.4479 0.010811 3
    0.53162 0.065535 2
    0.686 0.151911 1
    0.7615 0.758553 0
  0.8246 11 + 1
    0.59472 1 2
  0.857 1 + 4
    0.2764 0.060199 7
    0.475 0.101699 4
    0.7815 0.817692 1
    0.857 0.02041 0
  0.9291 3 + 5
    0.1676 0.051028 9
    0.3485 0.054188 7
    0.5471 0.079117 4
    0.6155 0.213191 3
    0.9291 0.602476 0
  0.9592 3 + 2
    0.8837 0.5 1
    0.9592 0.5 0
  1.0013 1 + 5
    0.1443 0.01147 11
    0.6193 0.069307 4
    0.6877 0.015739 3
    0.9258 0.872965 1
    1.0013 0.030519 0
  1.07841 15 - 1
    0.51719 1 5
  1.1889 13 - 1
    0.62768 1 5
  1.2477 7 - 3
    0.2885 0.333333 13
    0.6671 0.333333 7
    1.2477 0.333333 0
  1.2936 9 - 2
    1.2181 0.3333 1
    1.2936 0.6667 0
  1.31 7 - 2
    1.2345 0.5319 1
    1.31 0.4681 0
  1.34891 13 + 1
    0.777545 1 6
  1.4846 5 - 4
    0.5254 0.2625 13
    0.6276 0.1208 11
    1.1026 0.2 4
    1.4846 0.4167 0
  1.6251 9 - 4
    0.6238 0.10209 14
    0.8636 0.110489 9
    1.0445 0.319268 7
    1.2431 0.468153 4
  1.7456 15 - 1
    0.5567 1 16
  1.8368 17 - 2
    0.6479 0.1645 16
    0.75839 0.8355 15
  1.8714 19 - 1
    0.79299 1 15
  1.9408 7 - 4
    1.1793 0.111098 9
    1.3602 0.555589 7
    1.8653 0.311094 1
    1.9408 0.02222 0
  1.9689 1 + 3
    1.3883 0.333667 7
    1.5869 0.333167 4
    1.9689 0.333167 0
  1.9769 1 + 4
    1.1199 0.306594 11
    1.5949 0.237795 4
    1.9014 0.407892 1
    1.9769 0.047719 0
  2.0086 3 - 4
    1.428 0.038233 7
    1.6266 0.538538 4
    1.9331 0.231016 1
    2.0086 0.192213 0
  2.0446 5 - 4
    1.464 0.5133 7
    1.6626 0.0883 4
    1.731 0.1771 3
    1.9691 0.2213 1
  2.1266 1 + 7
    1.3651 0.085959 9
    1.4019 0.107111 8
    1.546 0.128713 7
    1.7446 0.021542 4
    1.813 0.279628 3
    2.0511 0.321432 1
    2.1266 0.055616 0
  2.2866 17 + 2
    0.93769 0.938191 20
    1.20819 0.061809 15
  2.30698 17 + 2
    0.95807 0.826 20
    1.22857 0.174 15
  2.365 7 - 2
    2.2895 0.5 1
    2.365 0.5 0
  2.41 5 - 3
    0.7849 0.333333 22
    2.0964 0.333333 3
    2.3345 0.333333 1
  2.4348 19 + 2
    0.12782 0.6949 33
    0.1482 0.3051 32
  2.5069 9 - 1
    0.7613 1 23
  2.5435 7 - 2
    2.2299 0.5 3
    2.5435 0.5 0
  2.59 5 - 4
    1.2964 0.25 18
    2.2764 0.25 3
    2.5145 0.25 1
    2.59 0.25 0
  2.6227 21 - 2
    0.7513 0.5441 25
    0.7859 0.4559 24
  2.6435 21 + 1
    0.2087 1 36
  2.7138 21 - 2
    0.8424 0.8322 25
    0.877 0.1678 24
  2.7763 23 - 1
    0.9049 1 25
  2.8429 23 + 1
    0.1994 1 41
  2.9205 23 + 1
    0.277 1 41
  3.0008 21 + 1
    1.164 1 24
  3.0312 25 + 1
    0.1883 1 44
  3.0501 7 - 1
    1.1787 1 25
  3.0958 25 + 1
    0.2529 1 44
  3.1773 25 + 1
    0.3344 1 44
  3.3084 25 - 1
    0.6857 1 40
  3.3633 23 + 1
    0.4428 1 45
  3.4397 25 - 4
    0.1313 0.1749 51
    0.5968 0.3194 44
    0.6634 0.2338 43
    0.7259 0.2719 42
  3.5209 25 + 3
    0.1576 0.524148 52
    0.4897 0.130087 47
    0.7446 0.345765 43
  3.5512 27 - 2
    0.1115 0.8271 53
    0.7749 0.1729 43
  3.6142 27 + 1
    0.4369 1 50
  3.6873 27 - 1
    0.911 1 43
  3.7464 27 + 1
    0.3831 1 52
  3.7919 29 + 2
    0.6961 0.4222 49
    0.7607 0.5778 47
  3.8455 5 - 1
    1.0692 1 43
  3.8719 29 - 1
    0.3207 1 55
  3.9043 27 + 2
    0.3834 0.3156 54
    0.541 0.6844 52
  3.9533 3 - 1
    0.59 1 52
  4.1026 5 - 1
    0.2307 1 61
  4.118 29 + 1
    0.5971 1 54
  4.2132 31 - 1
    0.341301 1 61
  4.2219 29 - 1
    0.9135 1 51
  4.3041 7 - 1
    0.689901 1 56
  4.3181 9 - 1
    0.3648 1 63
  4.5795 31 + 2
    0.4615 0.5 65
    0.6752 0.5 62
  4.6224 31 - 1
    0.9351 1 57
  4.6965 33 - 1
    0.483299 1 66
  4.7001 3 + 1
    0.382 1 69
  4.7354 33 + 1
    0.9435 1 59
  4.8134 33 - 1
    0.9415 1 61
  4.9697 5 + 1
    0.1563 1 75
  5.0241 33 + 1
    0.9061 1 65
  5.1313 7 - 1
    0.4312 1 73
  5.171 3 - 1
    0.866899 1 68
  5.1747 35 - 2
    0.205 0.3156 76
    0.4782 0.6844 72
  5.4705 35 + 1
    0.891 1 70
  5.4933 5 + 1
    0.5236 1 76
  5.5154 37 - 1
    0.3407 1 80
  5.615 9 + 1
    0.4837 1 78
  5.624 37 + 1
    0.8886 1 74
  5.6575 35 - 1
    1.0351 1 71
  5.719 7 - 1
    0.2257 1 82
  5.9236 39 - 1
    0.4082 1 83
  6.016 5 + 1
    0.297 1 87
  6.0701 37 + 1
    1.046 1 77
  6.3887 41 - 1
    0.4651 1 88
  6.4456 39 + 1
    0.975101 1 81
  7.434 43 + 1
    0.988399 1 92

59 138 48
  0 2 + 0
  0.19422 0 + 1
    0.19422 1 0
  0.19952 4 + 1
    0.19952 1 0
  0.32573 2 + 2
    0.12621 0.060881 2
    0.32573 0.939119 0
  0.32696 6 + 2
    0.13274 0.8693 1
    0.32696 0.1307 0
  0.364 14 - 1
    0.364 1 0
  0.384 12 - 1
    0.02 1 5
  0.3896 8 - 3
    0.06264 0.333333 4
    0.19008 0.333333 2
    0.19538 0.333333 1
  0.5059 10 - 1
    0.1163 1 7
  0.54111 0 + 4
    0.21415 0.0915 4
    0.21538 0.3761 3
    0.34159 0.4851 2
    0.54111 0.0473 0
  0.563 16 - 1
    0.199 1 5
  0.6236 6 - 1
    0.234 1 7
  0.6739 4 + 2
    0.168 0.1826 8
    0.2843 0.8174 7
  0.696 18 + 2
    0.133 0.5 10
    0.332 0.5 5
  0.718 4 - 2
    0.17689 0.5 9
    0.39104 0.5 4
  0.912 18 - 2
    0.216 0.5 13
    0.349 0.5 10
  1.078 16 + 3
    0.166 0.333333 15
    0.515 0.333333 10
    0.694 0.333333 6
  1.214 18 + 1
    0.136 1 16
  1.598 22 - 1
    0.686 1 15
  1.616 20 + 1
    0.402 1 17
  2.012 22 + 2
    0.396 0.5 19
    0.798 0.5 17
  2.309 18 + 1
    0.297 1 20
  2.42 24 - 1
    0.804 1 19
  2.557 24 + 2
    0.545 0.5 20
    0.941 0.5 19
  2.609 22 + 2
    0.597 0.5 20
    0.993 0.5 19
  2.639 26 - 1
    1.041 1 18
  2.687 26 - 1
    0.675 1 20
  2.699 8 - 1
    0.39 1 21
  2.796 6 - 2
    0.187 0.5 24
    0.784 0.5 20
  2.876 8 - 2
    0.189 0.5 26
    0.319 0.5 23
  2.903 26 + 1
    0.346 1 23
  2.9515 6 - 1
    0.2645 1 26
  3 4 + 1
    0.58 1 22
  3.048 2 - 2
    0.252 0.5 28
    0.491 0.5 23
  3.27 10 + 1
    0.222 1 33
  3.291 6 - 1
    0.415 1 29
  3.375 4 + 1
    0.375 1 32
  3.389 8 - 1
    0.341 1 33
  3.398 2 + 1
    0.759 1 25
  3.564 6 - 1
    0.294 1 34
  3.765 4 + 1
    0.367 1 38
  3.773 10 - 1
    0.384 1 37
  3.918 8 + 1
    0.153 1 40
  3.975 6 - 1
    0.411 1 39
  4.159 4 + 1
    0.386 1 41
  4.313 2 - 1
    0.54 1 41
  4.501 8 + 1
    0.526 1 43
  4.617 10 - 1
    0.458 1 44

59 139 70
  0 5 + 0
  0.11392 7 + 1
    0.11392 1 0
  0.40511 3 + 1
    0.40511 1 0
  0.58941 5 + 3
    0.1843 0.3048 2
    0.47549 0.4744 1
    0.58941 0.2208 0
  0.82198 11 - 2
    0.70806 0.939709 1
    0.82198 0.060291 0
  0.82792 9 + 1
    0.82792 1 0
  0.85187 11 + 2
    0.73795 0.994923 1
    0.85187 0.005077 0
  0.91692 5 + 1
    0.91692 1 0
  1.02391 9 + 1
    0.90999 1 1
  1.07421 1 + 3
    0.4848 0.1019 3
    0.6691 0.3381 2
    1.07421 0.56 0
  1.12402 7 + 1
    1.0101 1 1
  1.147 3 - 2
    0.55759 0.5 3
    1.147 0.5 0
  1.3118 5 + 1
    1.3118 1 0
  1.32843 3 + 4
    0.41151 0.072144 7
    0.92332 0.640338 2
    1.21451 0.153309 1
    1.32843 0.134208 0
  1.36969 9 - 1
    0.54771 1 4
  1.3876 1 - 1
    1.3876 1 0
  1.4055 1 + 1
    1.4055 1 0
  1.449 1 + 1
    1.449 1 0
  1.493 7 - 2
    0.90359 0.5 3
    1.493 0.5 0
  1.5013 5 + 2
    1.09619 0.6064 2
    1.5013 0.3936 0
  1.52311 13 - 1
    0.70113 1 4
  1.532 5 + 1
    1.532 1 0
  1.58427 15 + 1
    0.7324 1 6
  1.62431 9 - 7
    0.1012 0.03757 20
    0.23671 0.092549 15
    0.6004 0.04001 8
    0.77244 0.02862 6
    0.79639 0.296097 5
    0.80233 0.495296 4
    1.51039 0.009859 1
  1.72217 15 - 2
    0.19906 0.047519 20
    0.90019 0.952481 4
  1.782 7 - 2
    1.19259 0.5 3
    1.782 0.5 0
  1.79022 13 + 1
    0.9623 1 5
  1.83399 9 - 5
    0.20968 0.051139 23
    0.81008 0.155897 8
    0.98212 0.646687 6
    1.00607 0.078888 5
    1.01201 0.067389 4
  1.8676 15 + 1
    1.01573 1 6
  1.91 3 - 2
    1.32059 0.5 3
    1.91 0.5 0
  1.9269 11 - 5
    0.09291 0.258392 27
    0.30259 0.047629 23
    0.40379 0.197694 20
    1.07503 0.278592 6
    1.10492 0.217693 4
  1.9415 17 - 2
    0.21933 0.971529 24
    0.41839 0.028471 20
  1.961 13 + 1
    1.10913 1 6
  1.98 7 - 2
    1.39059 0.5 3
    1.98 0.5 0
  2.02951 3 - 1
    0.4052 1 23
  2.04857 7 - 5
    0.21458 0.097808 27
    0.42426 0.132984 23
    1.02466 0.257369 8
    1.22065 0.282766 5
    1.22659 0.229073 4
  2.0501 3 - 1
    0.25988 1 26
  2.098 5 - 2
    1.69289 0.5 2
    1.98408 0.5 1
  2.17449 9 - 4
    0.3405 0.081019 27
    1.15058 0.01609 8
    1.32262 0.284597 6
    2.06057 0.618294 1
  2.18748 7 - 1
    0.24598 1 31
  2.19645 3 + 6
    0.14788 0.166607 35
    0.36246 0.425917 27
    0.57214 0.138306 23
    0.67334 0.111804 20
    1.34458 0.082823 6
    1.37447 0.074543 4
  2.2058 5 - 1
    0.3382 1 28
  2.27796 11 + 1
    0.33646 1 31
  2.2919 7 - 3
    1.26799 0.0485 8
    1.46398 0.3376 5
    1.46992 0.6139 4
  2.36712 5 + 1
    0.17964 1 39
  2.45629 3 - 1
    0.6223 1 27
  2.48138 1 + 1
    0.2939 1 39
  2.4842 7 - 1
    0.5427 1 31
  2.66 5 + 2
    2.07059 0.5 3
    2.66 0.5 0
  2.70065 9 - 1
    0.67114 1 34
  2.73 3 + 1
    0.2458 1 47
  2.74142 11 - 1
    0.26004 1 46
  2.76111 1 + 1
    0.81961 1 31
  2.8202 5 - 1
    0.336 1 47
  2.82122 7 + 3
    0.06011 0.045643 52
    0.4541 0.193612 44
    0.54326 0.760746 42
  2.9097 3 - 1
    0.1797 1 50
  2.98562 9 + 1
    0.6185 1 44
  3.02148 5 - 1
    0.20026 1 54
  3.20397 7 + 1
    0.38275 1 54
  3.2659 3 + 2
    0.24442 0.4473 57
    0.44468 0.5527 54
  3.48389 11 - 1
    0.27992 1 58
  3.57968 1 - 1
    0.5582 1 57
  3.62744 9 + 1
    0.60596 1 57
  3.69783 5 - 1
    1.33071 1 44
  3.9725 7 + 1
    0.34506 1 62
  4.05262 3 - 2
    0.35479 0.099909 63
    0.78672 0.900091 59
  4.10056 13 + 2
    0.12806 0.097473 64
    0.40273 0.902527 63
  4.37737 5 - 1
    1.1734 1 58
  4.53656 19 + 1
    0.436 1 66
  4.86257 7 - 1
    0.32601 1 68

59 140 107
  0 2 + 0
  0.02723 4 + 1
    0.02723 1 0
  0.02951 6 + 1
    0.02951 1 0
  0.1278 10 + 1
    0.09829 1 2
  0.19176 6 + 2
    0.16225 0.5 2
    0.16453 0.5 1
  0.27125 4 + 3
    0.24174 0.333333 2
    0.24402 0.333333 1
    0.27125 0.333333 0
  0.28708 6 + 4
    0.09532 0.25 4
    0.25757 0.25 2
    0.25985 0.25 1
    0.28708 0.25 0
  0.3309 8 + 2
    0.13914 0.5 4
    0.30139 0.5 2
  0.3909 8 + 2
    0.19914 0.5 4
    0.2631 0.5 3
  0.41991 4 + 5
    0.13283 0.2 6
    0.22815 0.2 4
    0.3904 0.2 2
    0.39268 0.2 1
    0.41991 0.2 0
  0.5767 8 + 2
    0.38494 0.5 4
    0.54719 0.5 2
  0.6043 6 + 3
    0.2134 0.333333 8
    0.41254 0.333333 4
    0.57479 0.333333 2
  0.63 6 + 2
    0.60049 0.5 2
    0.63 0.5 0
  0.642 12 - 1
    0.5142 1 3
  0.6702 6 - 1
    0.64069 1 2
  0.7637 14 - 1
    0.6359 1 3
  0.7845 16 - 1
    0.0208 1 15
  0.862 8 - 2
    0.4711 0.5 8
    0.67024 0.5 4
  0.888 4 - 1
    0.888 1 0
  0.89665 10 - 2
    0.50575 0.5 8
    0.56575 0.5 7
  0.9043 4 - 2
    0.63305 0.5 5
    0.9043 0.5 0
  0.9134 10 + 1
    0.2432 1 14
  0.967 4 + 2
    0.93977 0.5 1
    0.967 0.5 0
  0.9832 8 + 2
    0.6523 0.5 7
    0.95597 0.5 1
  1.018 8 + 2
    0.74675 0.5 5
    0.99077 0.5 1
  1.0343 4 - 1
    0.76305 1 5
  1.0362 16 + 2
    0.2517 0.5 16
    0.2725 0.5 15
  1.0537 4 + 3
    0.1403 0.333333 21
    0.4494 0.333333 11
    1.0537 0.333333 0
  1.0615 10 + 1
    0.7306 1 7
  1.079 2 - 2
    0.80775 0.5 5
    1.05177 0.5 1
  1.1474 4 - 2
    0.87615 0.5 5
    1.1474 0.5 0
  1.1832 4 + 3
    0.89612 0.333333 6
    1.15597 0.333333 1
    1.1832 0.333333 0
  1.204 10 + 2
    1.0762 0.5 3
    1.17449 0.5 2
  1.2145 18 + 2
    0.1783 0.5 26
    0.43 0.5 16
  1.23 10 + 2
    1.1022 0.5 3
    1.20049 0.5 2
  1.293 6 + 2
    1.26349 0.5 2
    1.293 0.5 0
  1.32 12 + 2
    0.9291 0.5 8
    0.9891 0.5 7
  1.327 2 - 2
    1.05575 0.5 5
    1.29977 0.5 1
  1.335 2 - 2
    1.06375 0.5 5
    1.30777 0.5 1
  1.37 8 - 2
    1.2422 0.5 3
    1.34049 0.5 2
  1.378 0 - 2
    0.49 0.5 18
    1.378 0.5 0
  1.385 2 - 2
    1.11375 0.5 5
    1.35777 0.5 1
  1.405 0 - 2
    0.517 0.5 18
    1.405 0.5 0
  1.43 4 + 2
    1.15875 0.5 5
    1.40277 0.5 1
  1.4876 6 - 1
    0.2731 1 33
  1.502 2 - 2
    1.23075 0.5 5
    1.47477 0.5 1
  1.525 12 - 2
    0.883 0.5 13
    1.3972 0.5 3
  1.565 6 - 2
    1.29375 0.5 5
    1.53777 0.5 1
  1.586 2 - 2
    1.31475 0.5 5
    1.55877 0.5 1
  1.652 8 - 2
    1.5242 0.5 3
    1.62249 0.5 2
  1.672 14 - 2
    0.77535 0.5 19
    0.9083 0.5 15
  1.684 6 - 2
    1.41275 0.5 5
    1.65677 0.5 1
  1.718 0 - 2
    0.83 0.5 18
    1.718 0.5 0
  1.751 2 - 2
    1.47975 0.5 5
    1.72377 0.5 1
  1.7617 18 + 2
    0.5472 0.5 33
    0.9772 0.5 16
  1.768 8 - 2
    1.6402 0.5 3
    1.73849 0.5 2
  1.8157 20 + 1
    0.054 1 54
  1.825 6 - 2
    1.55375 0.5 5
    1.79777 0.5 1
  1.86 12 + 2
    1.4691 0.5 8
    1.5291 0.5 7
  1.939 10 - 2
    1.5481 0.5 8
    1.6081 0.5 7
  1.96 2 + 2
    1.93049 0.5 2
    1.96 0.5 0
  1.973 6 - 2
    1.70175 0.5 5
    1.94577 0.5 1
  1.984 4 + 2
    1.71275 0.5 5
    1.95677 0.5 1
  2.02 8 - 2
    1.8922 0.5 3
    1.99049 0.5 2
  2.117 0 + 2
    1.84575 0.5 5
    2.08977 0.5 1
  2.1969 22 + 1
    0.3812 1 56
  2.221 6 - 2
    1.94975 0.5 5
    2.19377 0.5 1
  2.277 4 - 2
    2.24749 0.5 2
    2.277 0.5 0
  2.2816 8 + 2
    1.0671 0.5 33
    1.4971 0.5 16
  2.333 2 - 2
    2.06175 0.5 5
    2.30577 0.5 1
  2.349 10 + 2
    2.2212 0.5 3
    2.31949 0.5 2
  2.416 12 - 2
    1.774 0.5 13
    2.2882 0.5 3
  2.446 6 + 2
    2.41649 0.5 2
    2.446 0.5 0
  2.466 4 - 2
    2.43649 0.5 2
    2.466 0.5 0
  2.4766 24 + 2
    0.195 0.5 68
    0.2797 0.5 65
  2.491 8 - 2
    2.3632 0.5 3
    2.46149 0.5 2
  2.542 2 + 2
    2.51249 0.5 2
    2.542 0.5 0
  2.57 6 - 2
    2.29875 0.5 5
    2.54277 0.5 1
  2.602 4 + 2
    2.33075 0.5 5
    2.57477 0.5 1
  2.632 10 - 2
    2.2411 0.5 8
    2.3011 0.5 7
  2.655 14 + 2
    2.013 0.5 13
    2.5272 0.5 3
  2.748 8 - 2
    2.6202 0.5 3
    2.71849 0.5 2
  2.822 6 + 2
    2.79249 0.5 2
    2.822 0.5 0
  2.859 4 - 2
    2.82949 0.5 2
    2.859 0.5 0
  2.8697 2 + 1
    0.3931 1 74
  2.8779 26 - 1
    0.4013 1 74
  2.895 12 + 2
    2.5041 0.5 8
    2.5641 0.5 7
  2.929 8 - 2
    2.8012 0.5 3
    2.89949 0.5 2
  2.953 6 + 2
    2.92349 0.5 2
    2.953 0.5 0
  2.99 4 - 2
    2.96049 0.5 2
    2.99 0.5 0
  3.005 10 + 2
    2.8772 0.5 3
    2.97549 0.5 2
  3.0187 28 - 3
    0.1408 0.333333 85
    0.149 0.333333 84
    0.5421 0.333333 74
  3.1179 30 + 2
    0.0992 0.5 91
    0.24 0.5 85
  3.2468 2 - 1
    1.0499 1 65
  3.5879 6 + 3
    0.3411 0.333333 93
    1.1113 0.333333 74
    1.391 0.333333 65
  3.6272 4 - 1
    1.4303 1 65
  3.6309 8 + 1
    1.1543 1 74
  3.7344 0 - 3
    0.1035 0.333333 96
    0.6165 0.333333 92
    0.7157 0.333333 91
  3.7882 2 + 2
    0.1573 0.5 96
    0.2003 0.5 94
  3.8655 6 - 1
    0.8468 1 91
  3.9122 4 + 1
    0.1778 1 97
  4.0308 10 - 2
    0.2426 0.5 98
    0.2964 0.5 97
  4.035 8 + 1
    0.9171 1 92
  4.0786 34 - 1
    0.9607 1 92
  4.3967 6 + 1
    0.3659 1 101
  4.5497 4 - 1
    0.4711 1 103
  4.718 2 + 1
    0.3213 1 104

59 141 112
  0 5 + 0
  0.145443 7 + 1
    0.145443 1 0
  1.11797 11 - 2
    0.972527 0.8886 1
    1.11797 0.1114 0
  1.127 3 + 2
    0.981557 0.026571 1
    1.127 0.973429 0
  1.2927 5 + 2
    1.14726 0.4013 1
    1.2927 0.5987 0
  1.29872 1 + 1
    1.29872 1 0
  1.43559 3 + 2
    1.29015 0.5618 1
    1.43559 0.4382 0
  1.45246 7 + 2
    1.30702 0.815 1
    1.45246 0.185 0
  1.45506 9 + 1
    1.45506 1 0
  1.45724 9 + 3
    0.33927 0.166783 2
    1.3118 0.612739 1
    1.45724 0.220478 0
  1.49457 11 + 2
    1.34913 0.908782 1
    1.49457 0.091218 0
  1.5103 13 - 1
    0.01573 1 10
  1.52127 9 + 3
    0.4033 0.01779 2
    1.37583 0.097401 1
    1.52127 0.884809 0
  1.57996 5 - 2
    1.43452 0.7537 1
    1.57996 0.2463 0
  1.60955 3 + 1
    1.60955 1 0
  1.65106 9 + 3
    0.53309 0.099282 2
    1.50562 0.069101 1
    1.65106 0.831617 0
  1.65799 1 + 3
    0.53099 0.430457 3
    1.51255 0.20458 1
    1.65799 0.364964 0
  1.7682 13 + 3
    0.27363 0.212006 10
    0.31096 0.040571 9
    0.65023 0.747422 2
  1.78648 5 + 3
    0.49378 0.064328 4
    1.64104 0.303491 1
    1.78648 0.632181 0
  1.79699 15 + 2
    0.02879 0.822 17
    0.30242 0.178 10
  1.81261 5 + 3
    0.36015 0.1477 7
    1.66717 0.5682 1
    1.81261 0.2841 0
  1.84206 5 + 3
    0.54334 0.032129 5
    1.69662 0.355289 1
    1.84206 0.612582 0
  1.85389 7 + 3
    0.56119 0.037419 4
    1.70845 0.879874 1
    1.85389 0.082708 0
  1.91049 5 - 2
    1.76505 0.5 1
    1.91049 0.5 0
  1.9135 11 + 2
    0.1453 0.5 17
    0.79553 0.5 2
  1.9433 7 - 2
    0.82533 0.5 2
    1.9433 0.5 0
  1.97589 5 + 4
    0.39593 0.076682 13
    0.84889 0.329107 3
    1.83045 0.213304 1
    1.97589 0.380908 0
  1.98681 13 + 3
    0.21861 0.2809 17
    0.46554 0.1358 12
    0.86884 0.5833 2
  2.00106 9 - 3
    0.5486 0.122288 7
    0.88309 0.29727 2
    1.85562 0.580442 1
  2.0058 3 + 2
    1.86036 0.7692 1
    2.0058 0.2308 0
  2.01788 3 + 3
    0.56542 0.2552 7
    1.87244 0.2483 1
    2.01788 0.4965 0
  2.04579 7 + 3
    0.46583 0.071009 13
    0.52452 0.143499 12
    1.90035 0.785492 1
  2.06965 17 + 2
    0.27266 0.973539 19
    0.30145 0.026461 17
  2.07554 9 - 2
    1.9301 0.5988 1
    2.07554 0.4012 0
  2.08904 1 - 2
    0.79634 0.1893 4
    0.96204 0.8107 3
  2.1024 7 - 2
    0.9754 0.6641 3
    2.1024 0.3359 0
  2.10544 7 - 3
    0.98747 0.1759 2
    1.96 0.4876 1
    2.10544 0.3365 0
  2.1089 15 + 3
    0.12209 0.333333 27
    0.31191 0.333333 19
    0.3407 0.333333 17
  2.12387 3 - 2
    0.6026 0.3014 12
    0.66881 0.6986 8
  2.13602 5 + 3
    0.67878 0.2031 9
    1.99058 0.2194 1
    2.13602 0.5775 0
  2.1541 1 + 2
    0.85538 0.5004 5
    0.8614 0.4996 4
  2.17226 7 - 1
    2.02682 1 1
  2.178 5 - 2
    1.051 0.5 3
    2.03256 0.5 1
  2.19008 3 + 2
    2.04464 0.3506 1
    2.19008 0.6494 0
  2.19837 7 - 1
    0.905675 1 4
  2.20645 3 + 2
    0.75399 0.2194 7
    2.06101 0.7806 1
  2.2289 9 + 2
    2.08346 0.6024 1
    2.2289 0.3976 0
  2.2309 7 - 1
    0.73633 1 10
  2.233 3 - 2
    0.9403 0.5 4
    2.233 0.5 0
  2.24374 11 + 1
    0.74917 1 10
  2.2481 5 - 1
    2.2481 1 0
  2.254 1 - 1
    2.254 1 0
  2.2648 9 + 2
    2.11936 0.6803 1
    2.2648 0.3197 0
  2.26783 1 + 3
    0.97513 0.5467 4
    1.14083 0.2242 3
    2.26783 0.2291 0
  2.30387 5 + 2
    1.01117 0.3157 4
    2.15843 0.6843 1
  2.31598 11 - 2
    1.02328 0.5573 4
    2.31598 0.4427 0
  2.342 3 - 2
    1.0493 0.5 4
    2.342 0.5 0
  2.3537 3 - 1
    2.3537 1 0
  2.3631 7 - 1
    1.2361 1 3
  2.3648 11 - 2
    1.2378 0.5 3
    1.24683 0.5 2
  2.3833 19 - 1
    1.26533 1 2
  2.39928 15 + 1
    1.28131 1 2
  2.4033 11 - 1
    2.25786 1 1
  2.42007 5 + 2
    2.27463 0.5263 1
    2.42007 0.4737 0
  2.4624 5 + 1
    2.4624 1 0
  2.472 9 - 2
    1.01954 0.5 7
    2.32656 0.5 1
  2.49908 7 - 1
    1.38111 1 2
  2.522 1 - 2
    1.08641 0.5 6
    1.395 0.5 3
  2.5634 9 + 1
    2.5634 1 0
  2.5836 3 + 1
    2.5836 1 0
  2.609 7 + 2
    1.482 0.5 3
    2.46356 0.5 1
  2.627 15 - 1
    1.50903 1 2
  2.684 13 - 2
    1.1737 0.5 11
    1.18943 0.5 10
  2.698 3 - 2
    1.4053 0.5 4
    2.698 0.5 0
  2.73 5 - 2
    1.603 0.5 3
    2.58456 0.5 1
  2.74958 1 - 1
    0.9631 1 18
  2.789 7 - 2
    1.67103 0.5 2
    2.789 0.5 0
  2.82 9 - 2
    1.36754 0.5 7
    2.67456 0.5 1
  2.843 3 - 2
    1.5503 0.5 4
    2.843 0.5 0
  2.876 5 - 2
    1.749 0.5 3
    2.73056 0.5 1
  2.92807 19 - 1
    0.85842 1 32
  2.94 7 - 2
    1.82203 0.5 2
    2.94 0.5 0
  2.9634 19 + 2
    0.8545 0.4341 37
    0.89375 0.5659 32
  2.986 1 + 2
    1.6933 0.5 4
    2.986 0.5 0
  3.0177 21 + 1
    0.94805 1 32
  3.01977 17 - 1
    0.0917 1 80
  3.08 5 - 2
    1.953 0.5 3
    2.93456 0.5 1
  3.135 3 - 2
    1.8423 0.5 4
    3.135 0.5 0
  3.2 9 - 2
    1.74754 0.5 7
    3.05456 0.5 1
  3.33 7 - 2
    2.21203 0.5 2
    3.33 0.5 0
  3.3975 21 - 1
    0.4341 1 82
  3.43 5 - 2
    2.303 0.5 3
    3.28456 0.5 1
  3.4717 23 - 2
    0.0742 0.2533 90
    0.454 0.7467 84
  3.5274 21 - 2
    0.50763 0.4238 85
    0.5097 0.5762 84
  3.5863 23 + 1
    0.5686 1 84
  3.59 3 + 2
    2.463 0.5 3
    3.44456 0.5 1
  3.6441 11 + 1
    0.1167 1 93
  4.3712 7 + 2
    0.843801 0.2145 93
    0.899501 0.7855 92
  4.7414 5 - 2
    0.370199 0.1482 97
    1.2697 0.8518 92
  6.1168 7 + 9
    3.4898 0.02507 71
    3.7748 0.01504 56
    3.80082 0.01393 55
    4.111 0.01114 29
    4.50725 0.01337 14
    4.65956 0.087471 9
    4.8241 0.01337 4
    5.97136 0.263503 1
    6.1168 0.557106 0
  6.8786 7 + 8
    5.06599 0.125 20
    5.09212 0.125 18
    5.22754 0.125 15
    5.29864 0.125 13
    5.35733 0.125 12
    5.42136 0.125 9
    6.73316 0.125 1
    6.8786 0.125 0
  7.1866 5 - 3
    6.06863 0.036319 2
    7.04116 0.119098 1
    7.1866 0.844583 0
  7.2445 5 - 5
    5.63495 0.053177 14
    5.66454 0.034408 13
    6.12653 0.052657 2
    7.09906 0.338383 1
    7.2445 0.521374 0
  7.6304 5 + 16
    4.8414 0.0149 76
    5.0468 0.004808 69
    5.067 0.004808 68
    5.1084 0.0149 67
    5.2884 0.0149 56
    5.36257 0.009615 53
    5.3974 0.080289 48
    5.61252 0.004808 30
    5.78834 0.025 21
    6.05044 0.0149 13
    6.17794 0.090378 7
    6.19481 0.074999 6
    6.3377 0.004808 4
    6.5034 0.085099 3
    7.48496 0.074999 1
    7.6304 0.480792 0
  7.9152 5 + 1
    7.9152 1 0
  8.8805 3 - 7
    6.9372 0.132308 25
    7.03844 0.051943 21
    7.22944 0.098416 15
    7.3702 0.067254 11
    7.5878 0.021871 4
    8.73506 0.081475 1
    8.8805 0.546733 0
  9.751 7 - 2
    8.63303 0.5 2
    9.751 0.5 0
  10.405 3 - 2
    9.1123 0.5 4
    10.405 0.5 0
  10.882 1 - 2
    9.44641 0.5 6
    9.755 0.5 3
  11.1 9 - 2
    9.64754 0.5 7
    10.9546 0.5 1
  11.251 5 - 2
    10.124 0.5 3
    11.1056 0.5 1
  11.493 5 - 2
    10.366 0.5 3
    11.3476 0.5 1

59 142 171
  0 4 - 0
  0.003694 10 - 1
    0.003694 1 0
  0.01775 6 - 1
    0.014056 1 1
  0.063757 12 - 1
    0.060063 1 1
  0.072307 8 - 2
    0.054557 0.5779 2
    0.068613 0.4221 1
  0.084999 2 - 1
    0.084999 1 0
  0.0903 12 - 1
    0.086606 1 1
  0.128262 10 - 3
    0.055955 0.180016 4
    0.064505 0.743867 3
    0.124568 0.076117 1
  0.144599 8 - 2
    0.126849 0.4311 2
    0.140905 0.5689 1
  0.1535 2 + 1
    0.1535 1 0
  0.176886 6 - 4
    0.032287 0.187492 8
    0.104579 0.046748 4
    0.159136 0.004891 2
    0.176886 0.760869 0
  0.200531 4 - 3
    0.115532 0.132405 5
    0.182781 0.798832 2
    0.200531 0.068763 0
  0.3584 14 - 2
    0.2681 0.7334 6
    0.294643 0.2666 3
  0.6313 6 - 3
    0.430769 0.333333 11
    0.546301 0.333333 5
    0.6313 0.333333 0
  0.63724 8 - 5
    0.460354 0.141214 10
    0.508978 0.219422 7
    0.573483 0.159616 3
    0.61949 0.290829 2
    0.633546 0.188919 1
  0.6649 0 + 1
    0.579901 1 5
  0.6816 4 + 2
    0.596601 0.5 5
    0.66385 0.5 2
  0.7025 10 - 3
    0.557901 0.2866 8
    0.630193 0.3061 4
    0.698806 0.4073 1
  0.70475 6 - 2
    0.527864 0.281 10
    0.560151 0.719 8
  0.74701 6 - 4
    0.546479 0.3028 11
    0.570124 0.1903 10
    0.72926 0.169 2
    0.74701 0.3379 0
  0.767 2 + 2
    0.6135 0.5 9
    0.767 0.5 0
  0.79039 6 - 6
    0.15315 0.025979 14
    0.645791 0.587488 8
    0.705391 0.122898 5
    0.718083 0.087948 4
    0.77264 0.070289 2
    0.79039 0.105398 0
  0.8232 4 - 4
    0.18596 0.118288 14
    0.738201 0.354365 5
    0.80545 0.293771 2
    0.8232 0.233577 0
  0.889983 8 + 2
    0.872233 0.5 2
    0.886289 0.5 1
  0.9114 18 + 1
    0.553 1 12
  0.97819 6 - 5
    0.1878 0.163485 21
    0.23118 0.044486 19
    0.801304 0.274675 10
    0.893191 0.304373 5
    0.974496 0.212981 1
  1.04192 4 - 5
    0.25153 0.04902 21
    0.29491 0.081989 19
    0.865034 0.377896 10
    0.956921 0.405896 5
    1.02417 0.085199 2
  1.07234 2 + 2
    0.91884 0.5 9
    1.07234 0.5 0
  1.11179 16 + 1
    0.75339 1 12
  1.11461 8 + 2
    1.09686 0.5 2
    1.11092 0.5 1
  1.1198 8 - 4
    0.41505 0.0296 18
    0.975201 0.2272 8
    0.991538 0.5162 7
    1.10205 0.227 2
  1.15094 6 - 5
    0.36055 0.050196 21
    0.40393 0.058006 19
    0.974054 0.121113 10
    1.00634 0.36734 8
    1.15094 0.403344 0
  1.15734 4 + 2
    1.07234 0.5 5
    1.13959 0.5 2
  1.15881 0 + 2
    0.49391 0.5 15
    1.07381 0.5 5
  1.1757 6 + 4
    0.975169 0.25 11
    0.998814 0.25 10
    1.0907 0.25 5
    1.15795 0.25 2
  1.18239 2 + 2
    1.02889 0.5 9
    1.18239 0.5 0
  1.2004 10 + 2
    1.12809 0.5 4
    1.13664 0.5 3
  1.2202 4 + 2
    1.1352 0.5 5
    1.20245 0.5 2
  1.2366 12 + 2
    1.10834 0.5 7
    1.23291 0.5 1
  1.2508 2 + 2
    1.0973 0.5 9
    1.2508 0.5 0
  1.26344 4 + 2
    1.17844 0.5 5
    1.24569 0.5 2
  1.29052 10 + 2
    1.21821 0.5 4
    1.22676 0.5 3
  1.34664 8 + 2
    1.32889 0.5 2
    1.34295 0.5 1
  1.3627 14 + 2
    1.2724 0.5 6
    1.29894 0.5 3
  1.3815 4 + 2
    1.2965 0.5 5
    1.36375 0.5 2
  1.39382 2 + 2
    1.24032 0.5 9
    1.39382 0.5 0
  1.40254 0 - 2
    1.24904 0.5 9
    1.40254 0.5 0
  1.4289 8 + 2
    1.41115 0.5 2
    1.42521 0.5 1
  1.4447 10 - 2
    1.42695 0.5 2
    1.44101 0.5 1
  1.46012 6 + 2
    1.38781 0.5 4
    1.46012 0.5 0
  1.46642 4 - 2
    1.39411 0.5 4
    1.46642 0.5 0
  1.47055 12 + 2
    1.34229 0.5 7
    1.46686 0.5 1
  1.49546 2 - 2
    1.41046 0.5 5
    1.47771 0.5 2
  1.49938 8 + 2
    1.48163 0.5 2
    1.49569 0.5 1
  1.51184 6 - 2
    1.49409 0.5 2
    1.50815 0.5 1
  1.51759 4 + 2
    1.43259 0.5 5
    1.49984 0.5 2
  1.52738 10 - 2
    1.50963 0.5 2
    1.52369 0.5 1
  1.53846 2 + 2
    1.38496 0.5 9
    1.53846 0.5 0
  1.54043 8 - 2
    1.47667 0.5 3
    1.54043 0.5 0
  1.556 6 + 2
    1.48369 0.5 4
    1.556 0.5 0
  1.56408 4 - 2
    1.49177 0.5 4
    1.56408 0.5 0
  1.56654 0 + 2
    0.90164 0.5 15
    1.48154 0.5 5
  1.59095 14 - 2
    1.46269 0.5 7
    1.58726 0.5 1
  1.59922 12 + 2
    1.47096 0.5 7
    1.59553 0.5 1
  1.6163 6 - 2
    1.59855 0.5 2
    1.61261 0.5 1
  1.62281 4 + 2
    1.53781 0.5 5
    1.60506 0.5 2
  1.63988 8 - 2
    1.57612 0.5 3
    1.63988 0.5 0
  1.65028 2 + 2
    1.49678 0.5 9
    1.65028 0.5 0
  1.66609 10 - 2
    1.64834 0.5 2
    1.6624 0.5 1
  1.6792 6 + 2
    1.60689 0.5 4
    1.6792 0.5 0
  1.68358 4 - 2
    1.61127 0.5 4
    1.68358 0.5 0
  1.69316 8 + 2
    1.67541 0.5 2
    1.68947 0.5 1
  1.70905 2 - 2
    1.62405 0.5 5
    1.6913 0.5 2
  1.72232 16 + 2
    0.61053 0.5 28
    1.36392 0.5 12
  1.73359 10 - 2
    1.71584 0.5 2
    1.7299 0.5 1
  1.74743 6 + 2
    1.67512 0.5 4
    1.74743 0.5 0
  1.75294 4 - 2
    1.68063 0.5 4
    1.75294 0.5 0
  1.7587 8 + 2
    1.74095 0.5 2
    1.75501 0.5 1
  1.76438 12 - 2
    1.69207 0.5 4
    1.70062 0.5 3
  1.76923 2 + 2
    1.61573 0.5 9
    1.76923 0.5 0
  1.78503 6 - 2
    1.76728 0.5 2
    1.78134 0.5 1
  1.79317 4 + 2
    1.70817 0.5 5
    1.77542 0.5 2
  1.79823 0 - 2
    1.64473 0.5 9
    1.79823 0.5 0
  1.80711 10 + 2
    1.7348 0.5 4
    1.74335 0.5 3
  1.81371 8 - 2
    1.74995 0.5 3
    1.81371 0.5 0
  1.82405 6 + 2
    1.75174 0.5 4
    1.82405 0.5 0
  1.82646 4 - 2
    1.75415 0.5 4
    1.82646 0.5 0
  1.83088 2 + 2
    1.67738 0.5 9
    1.83088 0.5 0
  1.84211 14 - 2
    1.71385 0.5 7
    1.83842 0.5 1
  1.8662 8 + 2
    1.84845 0.5 2
    1.86251 0.5 1
  1.87558 6 - 2
    1.85783 0.5 2
    1.87189 0.5 1
  1.88031 4 + 2
    1.79531 0.5 5
    1.86256 0.5 2
  1.88353 10 - 2
    1.86578 0.5 2
    1.87984 0.5 1
  1.89599 2 + 2
    1.74249 0.5 9
    1.89599 0.5 0
  1.9019 12 - 2
    1.82959 0.5 4
    1.83814 0.5 3
  1.91393 6 + 2
    1.84162 0.5 4
    1.91393 0.5 0
  1.92002 4 - 2
    1.84771 0.5 4
    1.92002 0.5 0
  1.92277 8 + 2
    1.90502 0.5 2
    1.91908 0.5 1
  1.92793 0 - 2
    1.77443 0.5 9
    1.92793 0.5 0
  1.93201 2 + 2
    1.77851 0.5 9
    1.93201 0.5 0
  1.9406 6 - 2
    1.92285 0.5 2
    1.93691 0.5 1
  1.95047 4 + 2
    1.86547 0.5 5
    1.93272 0.5 2
  1.95372 10 - 2
    1.93597 0.5 2
    1.95003 0.5 1
  1.9591 8 + 2
    1.94135 0.5 2
    1.95541 0.5 1
  1.96918 20 - 1
    1.05778 1 24
  1.9714 6 + 2
    1.89909 0.5 4
    1.9714 0.5 0
  1.97466 4 - 2
    1.90235 0.5 4
    1.97466 0.5 0
  1.98023 2 + 2
    1.82673 0.5 9
    1.98023 0.5 0
  1.98488 12 - 2
    1.91257 0.5 4
    1.92112 0.5 3
  1.99329 8 + 2
    1.97554 0.5 2
    1.9896 0.5 1
  2.01281 10 - 2
    1.99506 0.5 2
    2.00912 0.5 1
  2.01743 6 + 2
    1.94512 0.5 4
    2.01743 0.5 0
  2.02267 4 - 2
    1.95036 0.5 4
    2.02267 0.5 0
  2.02812 2 + 2
    1.87462 0.5 9
    2.02812 0.5 0
  2.03146 8 - 2
    1.9677 0.5 3
    2.03146 0.5 0
  2.0371 6 + 2
    1.96479 0.5 4
    2.0371 0.5 0
  2.04306 4 - 2
    1.97075 0.5 4
    2.04306 0.5 0
  2.04801 14 + 2
    1.95771 0.5 6
    1.98425 0.5 3
  2.05273 10 - 2
    2.03498 0.5 2
    2.04904 0.5 1
  2.058 0 + 2
    1.3931 0.5 15
    1.973 0.5 5
  2.06078 2 - 2
    1.97578 0.5 5
    2.04303 0.5 2
  2.06664 6 + 2
    1.99433 0.5 4
    2.06664 0.5 0
  2.07121 8 - 2
    2.00745 0.5 3
    2.07121 0.5 0
  2.07475 4 + 2
    1.98975 0.5 5
    2.057 0.5 2
  2.08084 12 - 2
    2.00853 0.5 4
    2.01708 0.5 3
  2.09221 6 + 2
    2.0199 0.5 4
    2.09221 0.5 0
  2.09663 4 - 2
    2.02432 0.5 4
    2.09663 0.5 0
  2.10064 8 + 2
    2.08289 0.5 2
    2.09695 0.5 1
  2.10694 2 - 2
    2.02194 0.5 5
    2.08919 0.5 2
  2.11507 10 + 2
    2.04276 0.5 4
    2.05131 0.5 3
  2.12683 6 - 2
    2.10908 0.5 2
    2.12314 0.5 1
  2.12937 4 + 2
    2.04437 0.5 5
    2.11162 0.5 2
  2.13346 16 - 2
    2.04316 0.5 6
    2.0697 0.5 3
  2.14157 8 + 2
    2.12382 0.5 2
    2.13788 0.5 1
  2.1482 2 - 2
    2.0632 0.5 5
    2.13045 0.5 2
  2.15145 12 + 2
    2.02319 0.5 7
    2.14776 0.5 1
  2.15283 6 - 2
    2.13508 0.5 2
    2.14914 0.5 1
  2.16474 4 + 2
    2.07974 0.5 5
    2.14699 0.5 2
  2.16762 10 - 2
    2.14987 0.5 2
    2.16393 0.5 1
  2.17875 0 + 2
    1.51385 0.5 15
    2.09375 0.5 5
  2.18327 8 - 2
    2.11951 0.5 3
    2.18327 0.5 0
  2.18496 6 + 2
    2.11265 0.5 4
    2.18496 0.5 0
  2.18863 2 - 2
    2.10363 0.5 5
    2.17088 0.5 2
  2.19137 4 + 2
    2.10637 0.5 5
    2.17362 0.5 2
  2.1929 10 - 2
    2.17515 0.5 2
    2.18921 0.5 1
  2.19728 8 + 2
    2.17953 0.5 2
    2.19359 0.5 1
  2.20058 6 - 2
    2.18283 0.5 2
    2.19689 0.5 1
  2.21225 4 + 2
    2.12725 0.5 5
    2.1945 0.5 2
  2.21391 2 - 2
    2.12891 0.5 5
    2.19616 0.5 2
  2.22309 14 + 2
    2.13279 0.5 6
    2.15933 0.5 3
  2.22785 12 - 2
    2.15554 0.5 4
    2.16409 0.5 3
  2.23251 6 + 2
    2.1602 0.5 4
    2.23251 0.5 0
  2.24059 8 - 2
    2.17683 0.5 3
    2.24059 0.5 0
  2.24396 4 + 2
    2.15896 0.5 5
    2.22621 0.5 2
  2.25207 10 - 2
    2.23432 0.5 2
    2.24838 0.5 1
  2.25526 2 + 2
    2.10176 0.5 9
    2.25526 0.5 0
  2.26063 6 - 2
    2.24288 0.5 2
    2.25694 0.5 1
  2.26828 0 + 2
    1.60338 0.5 15
    2.18328 0.5 5
  2.27406 4 - 2
    2.20175 0.5 4
    2.27406 0.5 0
  2.27704 8 + 2
    2.25929 0.5 2
    2.27335 0.5 1
  2.27818 2 - 2
    2.19318 0.5 5
    2.26043 0.5 2
  2.27988 6 + 2
    2.20757 0.5 4
    2.27988 0.5 0
  2.28626 4 - 2
    2.21395 0.5 4
    2.28626 0.5 0
  2.2934 10 + 2
    2.22109 0.5 4
    2.22964 0.5 3
  2.30778 8 - 2
    2.24402 0.5 3
    2.30778 0.5 0
  2.31027 12 + 2
    2.18201 0.5 7
    2.30658 0.5 1
  2.31606 6 - 2
    2.29831 0.5 2
    2.31237 0.5 1
  2.32046 4 + 2
    2.23546 0.5 5
    2.30271 0.5 2
  2.32869 2 - 2
    2.24369 0.5 5
    2.31094 0.5 2
  2.33435 8 + 2
    2.3166 0.5 2
    2.33066 0.5 1
  2.5905 10 - 2
    2.57275 0.5 2
    2.58681 0.5 1

59 143 30
  0 7 + 0
  0.057356 5 + 1
    0.057356 1 0
  0.298 3 + 1
    0.298 1 0
  0.350622 3 + 2
    0.293266 0.931728 1
    0.350622 0.068272 0
  0.490362 7 + 3
    0.13974 0.051811 3
    0.433006 0.065081 1
    0.490362 0.883109 0
  0.61422 7 + 2
    0.556864 0.7248 1
    0.61422 0.2752 0
  0.721923 5 + 4
    0.231561 0.174098 4
    0.371301 0.001913 3
    0.664567 0.422895 1
    0.721923 0.401095 0
  0.74026 1 + 2
    0.389638 0.81 3
    0.682904 0.19 1
  0.78733 3 - 2
    0.729974 0.4968 1
    0.78733 0.5032 0
  0.84842 5 + 3
    0.358058 0.010149 4
    0.497798 0.763462 3
    0.791064 0.226389 1
  0.93782 5 + 5
    0.19756 0.002215 7
    0.447458 0.04355 4
    0.587198 0.193599 3
    0.880464 0.742096 1
    0.93782 0.01854 0
  1.0143 3 + 3
    0.523938 0.40166 4
    0.956944 0.29937 1
    1.0143 0.29897 0
  1.06021 3 + 8
    0.12239 0.247905 10
    0.27288 0.144903 8
    0.338287 0.01491 6
    0.44599 0.064321 5
    0.569848 0.0217 4
    0.709588 0.036351 3
    1.00285 0.317606 1
    1.06021 0.152303 0
  1.15694 1 + 2
    0.41668 0.1969 7
    0.806318 0.8031 3
  1.16058 3 + 5
    0.438657 0.00919 6
    0.670218 0.01805 4
    0.809958 0.067668 3
    1.10322 0.899878 1
    1.16058 0.005214 0
  1.236 9 - 2
    0.745638 0.5 4
    1.236 0.5 0
  1.38184 5 + 6
    0.59451 0.062166 8
    0.76762 0.089015 5
    0.891478 0.228686 4
    1.03122 0.565366 3
    1.32448 0.044037 1
    1.38184 0.010729 0
  1.3974 5 + 4
    0.675477 0.049717 6
    0.907038 0.074636 4
    1.04678 0.696758 3
    1.34004 0.178889 1
  1.526 11 - 1
    1.526 1 0
  1.98 9 - 2
    1.48964 0.5 4
    1.98 0.5 0
  2.141 13 - 2
    0.161 0.5 19
    0.905 0.5 15
  2.512 11 - 1
    0.986 1 18
  15.668 3 - 2
    14.9461 0.5 6
    15.6106 0.5 1
  15.687 7 - 2
    14.9651 0.5 6
    15.6296 0.5 1
  16.478 3 - 2
    15.7561 0.5 6
    16.4206 0.5 1
  16.536 1 - 2
    16.1854 0.5 3
    16.238 0.5 2
  16.826 3 - 2
    16.1041 0.5 6
    16.7686 0.5 1
  16.859 9 - 2
    16.3686 0.5 4
    16.859 0.5 0
  16.869 5 - 2
    16.571 0.5 2
    16.869 0.5 0
  16.957 5 - 2
    16.659 0.5 2
    16.957 0.5 0

59 144 5
  0 0 - 0
  0.05903 6 - 1
    0.05903 1 0
  0.08012 2 - 1
    0.08012 1 0
  0.099952 4 - 2
    0.040922 0.907518 1
    0.099952 0.092482 0
  0.133515 2 - 3
    0.033563 0.083278 3
    0.053395 0.043239 2
    0.133515 0.873483 0

59 145 26
  0 7 + 0
  0.06265 5 + 1
    0.06265 1 0
  0.18884 3 + 2
    0.12619 0.5124 1
    0.18884 0.4876 0
  0.34718 3 + 3
    0.15834 0.004161 2
    0.28453 0.91239 1
    0.34718 0.083449 0
  0.3509 5 + 2
    0.28825 0.0482 1
    0.3509 0.9518 0
  0.54009 5 + 5
    0.18919 0.140303 4
    0.19291 0.075312 3
    0.35125 0.528311 2
    0.47744 0.029971 1
    0.54009 0.226105 0
  0.55 7 + 2
    0.36116 0.5 2
    0.55 0.5 0
  0.55481 3 + 5
    0.20391 0.181307 4
    0.20763 0.432817 3
    0.36597 0.114705 2
    0.49216 0.216309 1
    0.55481 0.054862 0
  0.6972 1 + 2
    0.50836 0.1161 2
    0.63455 0.8839 1
  0.76631 1 + 1
    0.2115 1 7
  0.78691 3 - 6
    0.2321 0.02995 7
    0.24682 0.002076 5
    0.43601 0.01736 4
    0.43973 0.097001 3
    0.59807 0.005601 2
    0.72426 0.848011 1
  0.80643 3 + 1
    0.74378 1 1
  0.83564 5 - 2
    0.77299 0.885 1
    0.83564 0.115 0
  0.84593 5 - 4
    0.49875 0.109698 3
    0.65709 0.072539 2
    0.78328 0.724985 1
    0.84593 0.092778 0
  0.85943 3 - 4
    0.30462 0.094972 7
    0.31934 0.029951 5
    0.51225 0.825617 3
    0.67059 0.049461 2
  0.9484 9 - 2
    0.88575 0.6536 1
    0.9484 0.3464 0
  0.96 7 + 2
    0.77116 0.5 2
    0.96 0.5 0
  1.04697 11 - 4
    0.50688 0.192319 5
    0.69607 0.219222 4
    0.85813 0.384638 2
    1.04697 0.20382 0
  1.11056 5 + 4
    0.75966 0.111001 4
    0.76338 0.02693 3
    0.92172 0.04886 2
    1.11056 0.813208 0
  1.21054 5 - 10
    0.35111 0.050514 14
    0.36461 0.002002 13
    0.42363 0.213016 10
    0.51334 0.009863 8
    0.65573 0.051044 7
    0.67045 0.025762 5
    0.85964 0.089117 4
    0.86336 0.012871 3
    1.14789 0.494838 1
    1.21054 0.050974 0
  1.244 9 - 2
    0.694 0.5 6
    1.244 0.5 0
  1.3184 13 - 2
    0.47247 0.2857 13
    0.48276 0.7143 12
  1.3301 9 - 2
    0.52367 0.115 11
    0.9792 0.885 4
  1.493 11 - 1
    0.44603 1 17
  1.56046 7 - 6
    0.70103 0.059859 14
    0.71453 0.116198 13
    0.86326 0.059859 8
    1.37162 0.352093 2
    1.49781 0.235895 1
    1.56046 0.176096 0
  1.6088 15 - 6
    0.76287 0.078133 13
    0.77316 0.197908 12
    0.80237 0.098964 11
    0.9116 0.520821 8
    1.54615 0.062503 1
    1.6088 0.041672 0

59 146 9
  0 4 - 0
  0.012221 0 - 1
    0.012221 1 0
  0.03505 6 - 2
    0.022829 0.1452 1
    0.03505 0.8548 0
  0.08722 8 - 2
    0.05217 0.6372 2
    0.08722 0.3628 0
  0.10088 2 - 1
    0.10088 1 0
  0.13355 10 - 2
    0.0985 0.4087 2
    0.13355 0.5913 0
  0.14128 12 - 2
    0.10623 0.2044 2
    0.14128 0.7956 0
  0.35178 2 + 6
    0.2105 0.052328 6
    0.21823 0.219393 5
    0.2509 0.028519 4
    0.26456 0.093767 3
    0.31673 0.582183 2
    0.35178 0.023809 0
  0.50295 2 + 5
    0.3694 0.051607 5
    0.41573 0.382277 3
    0.4679 0.248485 2
    0.490729 0.018349 1
    0.50295 0.299282 0

59 147 55
  0 5 + 0
  0.00267 3 + 1
    0.00267 1 0
  0.02777 5 + 1
    0.0251 1 1
  0.0823 7 + 1
    0.0823 1 0
  0.09329 7 + 3
    0.06552 0.1831 2
    0.09062 0.2029 1
    0.09329 0.614 0
  0.1826 9 + 2
    0.1003 0.5 3
    0.1826 0.5 0
  0.24652 3 + 2
    0.21875 0.7542 2
    0.24385 0.2458 1
  0.29182 5 + 4
    0.19853 0.555922 4
    0.26405 0.020361 2
    0.28915 0.319613 1
    0.29182 0.104104 0
  0.3365 11 + 2
    0.1539 0.5 5
    0.2542 0.5 3
  0.36203 5 - 5
    0.07021 0.027409 7
    0.11551 0.003451 6
    0.26874 0.833581 4
    0.35936 0.127297 1
    0.36203 0.008262 0
  0.38476 7 + 2
    0.02273 0.3506 9
    0.13824 0.6494 6
  0.45232 5 - 3
    0.35903 0.128087 4
    0.44965 0.163084 1
    0.45232 0.708829 0
  0.46749 5 - 5
    0.10546 0.01214 9
    0.17567 0.055551 7
    0.3742 0.442604 4
    0.46482 0.145601 1
    0.46749 0.344103 0
  0.47069 1 - 4
    0.10866 0.037339 9
    0.17887 0.370385 7
    0.3774 0.273789 4
    0.44292 0.318487 2
  0.54591 9 - 4
    0.16115 0.2785 10
    0.18388 0.01058 9
    0.25409 0.6485 7
    0.29939 0.06242 6
  0.5753 13 + 2
    0.2388 0.5 8
    0.3927 0.5 5
  0.60801 3 - 5
    0.31619 0.04786 7
    0.36149 0.08349 6
    0.51472 0.06205 4
    0.58024 0.5931 2
    0.60534 0.2135 1
  0.638 5 - 2
    0.18568 0.5076 11
    0.54471 0.4924 4
  0.70132 1 - 6
    0.23383 0.028061 12
    0.249 0.067352 11
    0.4548 0.028061 6
    0.60803 0.185206 4
    0.69865 0.129104 1
    0.70132 0.562217 0
  0.74888 11 - 6
    0.20297 0.078952 14
    0.38685 0.109002 9
    0.45706 0.071431 7
    0.50236 0.169203 6
    0.65559 0.195504 4
    0.74621 0.375908 1
  0.782 15 + 2
    0.2067 0.5 15
    0.4455 0.5 8
  0.7836 9 - 1
    0.53708 1 6
  0.80284 7 - 6
    0.33535 0.140892 12
    0.35052 0.052327 11
    0.44081 0.285783 9
    0.51102 0.048297 7
    0.70955 0.068426 4
    0.80284 0.404276 0
  0.93157 3 - 4
    0.46408 0.278794 12
    0.63975 0.168297 7
    0.83828 0.072119 4
    0.93157 0.48079 0
  0.95163 1 + 6
    0.48414 0.142007 12
    0.65981 0.163108 7
    0.70511 0.036252 6
    0.85834 0.302115 4
    0.94896 0.142007 1
    0.95163 0.214511 0
  0.96106 7 - 5
    0.41515 0.145003 14
    0.49037 0.184304 13
    0.49357 0.302106 12
    0.59903 0.271905 9
    0.71454 0.096682 6
  0.9632 13 - 1
    0.6267 1 8
  0.97807 9 + 3
    0.51058 0.1229 12
    0.59331 0.5587 10
    0.61604 0.3184 9
  1.031 15 - 2
    0.249 0.5 20
    0.4557 0.5 15
  1.04594 3 + 8
    0.29706 0.1104 19
    0.34462 0.1009 18
    0.57845 0.1546 12
    0.59362 0.1451 11
    0.68391 0.07886 9
    0.75412 0.06309 7
    0.95265 0.03155 4
    1.04594 0.3155 0
  1.0589 11 + 2
    0.67414 0.5952 10
    1.05623 0.4048 1
  1.06805 7 - 5
    0.68329 0.065219 10
    0.70602 0.117398 9
    0.77623 0.434791 7
    1.06538 0.282594 1
    1.06805 0.099998 0
  1.1244 17 + 2
    0.3424 0.5 20
    0.5491 0.5 15
  1.15958 3 - 2
    0.70726 0.4536 11
    1.15691 0.5464 1
  1.1702 9 + 4
    0.78544 0.3014 10
    0.80817 0.2123 9
    0.87838 0.1438 7
    1.1702 0.3425 0
  1.17288 1 - 3
    0.70539 0.49505 12
    0.72056 0.326733 11
    0.81085 0.178218 9
  1.19443 7 + 6
    0.64852 0.063355 14
    0.72694 0.153812 12
    0.8324 0.452536 9
    1.10114 0.208117 4
    1.16666 0.081457 2
    1.19443 0.040723 0
  1.2635 17 - 2
    0.3003 0.5 26
    0.4815 0.5 20
  1.2673 3 + 4
    0.65929 0.021829 16
    0.79661 0.32749 13
    0.79981 0.213994 12
    1.26463 0.436687 1
  1.28579 5 - 3
    0.8183 0.231123 12
    0.83347 0.324432 11
    0.92376 0.444444 9
  1.382 19 + 2
    0.2576 0.5 32
    0.6 0.5 20
  1.4126 19 - 2
    0.2882 0.5 32
    0.3816 0.5 28
  1.7172 21 - 2
    0.3352 0.5 40
    0.4537 0.5 37
  1.72493 11 + 6
    0.5305 0.1565 36
    0.7733 0.4348 24
    1.11692 0.1957 16
    1.17902 0.1217 14
    1.47841 0.05217 6
    1.72493 0.03913 0
  1.84592 9 + 6
    0.67572 0.10381 34
    0.79998 0.051905 29
    0.86785 0.346035 27
    1.37843 0.134914 12
    1.3936 0.20072 11
    1.48389 0.162616 9
  1.85634 7 - 3
    1.38885 0.50505 12
    1.49431 0.378762 9
    1.56452 0.116188 7
  1.86494 5 + 6
    1.0621 0.20188 22
    1.22694 0.240376 17
    1.25693 0.165883 16
    1.39745 0.170683 12
    1.41262 0.156284 11
    1.86227 0.064894 1
  1.9281 23 - 1
    0.5155 1 41
  1.94385 3 + 10
    0.96578 0.02 27
    1.33584 0.146701 16
    1.47316 0.102201 13
    1.47636 0.222202 12
    1.49153 0.144401 11
    1.58182 0.04889 9
    1.69733 0.04889 6
    1.85056 0.155602 4
    1.91608 0.02 2
    1.94118 0.091111 1
  2.06058 1 - 4
    1.45257 0.268611 16
    1.76876 0.297512 7
    2.03281 0.020661 2
    2.05791 0.413217 1
  2.13532 7 + 4
    1.58941 0.192481 14
    1.77329 0.377362 9
    1.8435 0.132087 7
    2.10755 0.29807 2
  2.18285 9 - 6
    0.98842 0.321513 36
    1.63694 0.167207 14
    1.79809 0.096464 10
    1.93633 0.24121 6
    2.08956 0.131805 4
    2.18018 0.041802 1
  2.2412 25 - 1
    0.524 1 42
  2.24964 5 + 4
    1.54832 0.3922 18
    1.77895 0.3686 13
    1.88761 0.1333 9
    2.24697 0.1059 1
  2.5753 27 - 1
    0.6472 1 47

59 148 17
  0 2 - 0
  0.09 8 - 1
    0.09 1 0
  0.098166 6 - 1
    0.098166 1 0
  0.102064 4 - 1
    0.102064 1 0
  0.105161 10 - 1
    0.105161 1 0
  0.121169 12 - 1
    0.121169 1 0
  0.195993 2 - 4
    0.074824 0.009095 5
    0.090832 0.471193 4
    0.097827 0.086619 2
    0.195993 0.433093 0
  0.273744 0 + 2
    0.168583 0.057491 4
    0.273744 0.942509 0
  0.2872 6 + 2
    0.185136 0.3865 3
    0.2872 0.6135 0
  0.289655 2 + 3
    0.184494 0.183518 4
    0.191489 0.183518 2
    0.289655 0.632963 0
  0.33275 4 + 1
    0.33275 1 0
  0.3527 8 + 3
    0.231531 0.1105 5
    0.247539 0.3081 4
    0.3527 0.5814 0
  0.390684 2 + 8
    0.101029 0.08479 9
    0.103484 0.004861 8
    0.11694 0.1447 7
    0.194691 0.07777 6
    0.269515 0.3296 5
    0.285523 0.01523 4
    0.28862 0.3176 3
    0.390684 0.02545 0
  0.46777 14 + 4
    0.194026 0.106089 7
    0.271777 0.207079 6
    0.346601 0.181782 5
    0.365706 0.50505 3
  0.52083 2 + 6
    0.16813 0.072823 11
    0.18808 0.097094 10
    0.23363 0.063113 8
    0.324837 0.485419 6
    0.399661 0.048542 5
    0.418766 0.233009 3
  0.62636 6 - 1
    0.521199 1 4
  0.76545 2 + 2
    0.374766 0.3456 12
    0.47825 0.6544 8

59 149 23
  0 5 + 0
  0.04 1 + 1
    0.04 1 0
  0.0577 7 + 1
    0.0577 1 0
  0.0724 11 - 1
    0.0724 1 0
  0.0863 3 - 1
    0.0863 1 0
  0.1617 15 - 1
    0.0893 1 3
  0.22 9 - 1
    0.1623 1 2
  0.26 13 - 1
    0.04 1 6
  0.3801 5 - 3
    0.2938 0.1357 4
    0.3224 0.15 2
    0.3801 0.7143 0
  0.382 19 - 1
    0.2203 1 5
  0.44 7 + 2
    0.22 0.5 6
    0.3823 0.5 2
  0.55 3 + 2
    0.1699 0.5 8
    0.4923 0.5 2
  0.59 9 + 2
    0.5176 0.5 3
    0.59 0.5 0
  0.66 5 + 2
    0.62 0.5 1
    0.66 0.5 0
  0.7128 23 - 1
    0.3308 1 9
  0.8645 7 + 1
    0.8645 1 0
  0.8927 3 + 1
    0.8927 1 0
  0.98 1 - 2
    0.43 0.5 11
    0.5999 0.5 8
  1.1286 27 - 1
    0.4158 1 14
  1.6086 31 - 1
    0.48 1 18
  2.1311 35 - 1
    0.5225 1 19
  2.6656 39 - 1
    0.5345 1 20
  3.1859 43 - 1
    0.5203 1 21

59 150 2
  0 2 - 0
  0.11 2 + 1
    0.11 1 0

59 151 7
  0 3 - 0
  0.0351 7 + 1
    0.0351 1 0
  0.03893 5 + 1
    0.03893 1 0
  0.36206 9 + 2
    0.32313 0.3865 2
    0.36206 0.6135 0
  0.40262 1 + 3
    0.04056 0.3161 3
    0.36369 0.1658 2
    0.40262 0.5181 0
  0.46773 11 + 1
    0.4288 1 2
  0.63681 13 + 2
    0.59788 0.1379 2
    0.63681 0.8621 0

59 152 1
  0 8 - 0

59 153 1
  0 5 + 0

59 154 1
  0 6 + 0

59 155 1
  0 3 - 0

