88 201 1
  0 13 + 0

88 202 1
  0 0 + 0

88 203 1
  0 3 - 0

88 204 1
  0 0 + 0

88 205 1
  0 3 - 0

88 206 5
  0 0 + 0
  0.4743 4 + 1
    0.4743 1 0
  1.0521 8 + 1
    0.5778 1 1
  1.7627 12 + 1
    0.7106 1 2
  2.0101 16 + 1
    0.2474 1 3

88 207 2
  0 1 + 0
  0.554 13 + 1
    0.554 1 0

88 208 7
  0 0 + 0
  0.5202 4 + 1
    0.5202 1 0
  1.0936 8 + 1
    0.5734 1 1
  1.4684 8 + 1
    0.9482 1 1
  1.7554 12 + 1
    0.6618 1 2
  2.017 12 + 2
    0.2616 0.3749 4
    0.5486 0.6251 3
  2.1474 16 + 2
    0.1304 0.5632 5
    0.392 0.4368 4

88 209 1
  0 5 - 0

88 210 2
  0 0 + 0
  2.1 2 + 1
    2.1 1 0

88 211 3
  0 5 - 0
  0.1336 1 - 1
    0.1336 1 0
  0.1924 7 - 1
    0.1924 1 0

88 212 14
  0 0 + 0
  0.6293 4 + 1
    0.6293 1 0
  1.4543 8 + 1
    0.825 1 1
  1.8951 12 + 1
    0.4408 1 2
  1.9584 16 + 1
    0.0633 1 3
  2.1086 16 + 1
    0.1502 1 4
  2.5774 20 + 1
    0.619 1 4
  2.6134 22 - 3
    0.036 0.333333 6
    0.5048 0.333333 5
    0.655 0.333333 4
  3.1218 6 - 1
    0.5084 1 7
  3.4043 10 - 2
    0.2825 0.5 8
    0.7909 0.5 7
  3.6129 2 - 1
    0.4911 1 8
  3.6666 6 - 1
    0.5448 1 8
  3.9154 4 - 1
    0.2488 1 11
  3.9294 8 - 1
    0.3165 1 10

88 213 6
  0 1 - 0
  0.54635 5 - 1
    0.54635 1 0
  0.818 3 - 1
    0.818 1 0
  1.6089 9 - 1
    1.06255 1 1
  1.7697 13 - 1
    0.1608 1 3
  1.77 17 - 1
    0.1611 1 3

88 214 51
  0 0 + 0
  1.3824 4 + 1
    1.3824 1 0
  1.6393 8 + 1
    0.2569 1 1
  1.8197 12 + 1
    0.1804 1 2
  1.8652 16 + 1
    0.0455 1 3
  2.0739 16 + 1
    0.2087 1 4
  2.6832 22 - 2
    0.6093 0.4827 5
    0.818 0.5173 4
  2.9441 20 + 1
    1.0789 1 4
  3.2564 24 + 2
    0.3123 0.3735 7
    0.5732 0.6265 6
  3.3294 24 + 2
    0.073 0.5491 8
    0.6462 0.4509 6
  3.4784 28 + 2
    0.149 0.5716 9
    0.222 0.4284 8
  3.7714 26 - 1
    1.0882 1 6
  3.8501 28 + 1
    0.3717 1 10
  3.9901 30 - 2
    0.14 0.8073 12
    0.2187 0.1927 11
  4.1468 34 - 2
    0.1567 0.1788 13
    0.6684 0.8212 10
  4.1701 30 - 1
    0.6917 1 10
  4.2372 32 + 1
    0.7588 1 10
  4.3768 32 - 1
    0.2067 1 15
  4.4015 34 - 2
    0.0247 0.5 17
    0.2547 0.5 14
  4.6183 32 + 1
    0.7682 1 12
  4.8102 36 + 4
    0.1919 0.091579 19
    0.4087 0.322897 18
    0.573 0.086629 16
    0.6634 0.498895 14
  4.9219 38 - 1
    0.7751 1 14
  4.9309 34 - 1
    0.7608 1 15
  4.9844 36 - 1
    0.5829 1 18
  5.1804 38 - 3
    0.2585 0.014541 21
    0.3702 0.393524 20
    0.7789 0.591936 18
  5.2438 40 + 2
    0.0634 0.054362 24
    0.3219 0.945638 21
  5.3903 42 - 2
    0.1465 0.2035 25
    0.2099 0.7965 24
  5.4619 40 - 1
    0.54 1 21
  5.9481 42 - 2
    0.486201 0.3558 27
    0.557801 0.6442 26
  6.0301 44 - 1
    0.6398 1 26
  6.0566 44 + 2
    0.666301 0.768 26
    0.812801 0.232 25
  6.1178 6 - 1
    0.7275 1 26
  6.29 44 + 2
    0.233399 0.913173 30
    0.8997 0.086827 26
  6.305 44 - 1
    0.248399 1 30
  6.4792 44 + 1
    0.1742 1 33
  6.4821 46 + 1
    0.1921 1 32
  6.5302 48 + 2
    0.0481 0.5 35
    0.2402 0.5 32
  6.565 46 + 1
    0.082901 1 35
  6.577 50 - 1
    0.0468 1 36
  6.6126 46 - 2
    0.5825 0.2341 29
    1.2223 0.7659 26
  6.6604 6 - 1
    0.603799 1 30
  6.7657 4 + 1
    0.4757 1 32
  6.9294 48 + 1
    0.364399 1 37
  6.9367 8 - 1
    0.3241 1 39
  7.0156 6 - 1
    0.4386 1 38
  7.1177 10 - 1
    0.540701 1 38
  7.2429 4 + 1
    0.6659 1 38
  7.3018 2 - 1
    0.3651 1 43
  7.3942 8 + 1
    0.4648 1 42
  7.5419 6 - 1
    0.2401 1 47
  7.87 48 + 3
    0.4758 0.080918 48
    1.305 0.334093 37
    1.3879 0.584988 35

88 215 9
  0 9 + 0
  0.773 15 - 1
    0.773 1 0
  1.6253 17 + 1
    0.8523 1 1
  1.8212 21 + 2
    0.1959 0.7681 2
    1.0482 0.2319 1
  1.8778 25 + 1
    0.0566 1 3
  1.9945 23 + 1
    0.1733 1 3
  2.0538 25 + 2
    0.0593 0.3741 5
    0.176 0.6259 4
  2.2144 27 - 1
    0.3366 1 4
  2.2469 29 - 2
    0.1931 0.955681 6
    0.3691 0.044319 4

88 216 22
  0 0 + 0
  0.6882 4 + 1
    0.6882 1 0
  1.1641 8 + 1
    0.4759 1 1
  1.5076 12 + 1
    0.3435 1 2
  1.7111 16 + 1
    0.2035 1 3
  2.026 20 + 1
    0.3149 1 4
  2.3352 22 - 1
    0.3092 1 5
  2.6794 26 - 1
    0.3442 1 6
  3.2927 28 + 1
    0.6133 1 7
  3.4127 6 - 1
    0.12 1 8
  3.4916 32 + 1
    0.1989 1 8
  3.5807 10 - 1
    0.168 1 9
  3.5821 32 + 1
    0.2894 1 8
  3.7121 36 + 2
    0.13 0.4039 12
    0.2205 0.5961 10
  3.7635 38 - 1
    0.0514 1 13
  4.3204 40 - 1
    0.5569 1 14
  4.719 42 - 1
    0.3986 1 15
  4.977 46 - 1
    0.258 1 16
  5.1705 6 - 1
    0.1935 1 17
  5.4713 2 - 1
    0.3008 1 18
  5.8325 4 + 1
    0.3612 1 19
  6.2661 8 - 1
    0.4336 1 20

88 217 36
  0 9 + 0
  0.3308 11 + 1
    0.3308 1 0
  0.5396 13 + 1
    0.5396 1 0
  0.6662 15 - 1
    0.1266 1 2
  0.754 7 + 1
    0.4232 1 1
  0.9311 15 + 1
    0.6003 1 1
  1.0019 17 + 2
    0.3357 0.5639 3
    0.4623 0.4361 2
  1.0502 15 + 1
    0.1191 1 5
  1.173 19 - 2
    0.1711 0.2986 6
    0.5068 0.7014 3
  1.3375 19 + 3
    0.2873 0.064709 7
    0.3356 0.202498 6
    0.4064 0.732793 5
  1.4157 19 - 1
    0.3655 1 7
  1.4544 21 + 2
    0.2814 0.5054 8
    0.4525 0.4946 6
  1.6112 23 - 2
    0.1568 0.2787 11
    0.4382 0.7213 8
  1.6675 23 + 2
    0.2131 0.4925 11
    0.33 0.5075 9
  1.8964 27 + 1
    0.2289 1 13
  1.971 19 - 1
    0.3598 1 12
  2.0297 27 - 1
    0.4185 1 12
  2.3011 29 + 1
    0.4047 1 14
  2.305 5 - 1
    0.2753 1 16
  2.3936 33 + 1
    0.0925 1 17
  2.5213 31 - 1
    0.4916 1 16
  2.74 3 - 1
    0.4389 1 17
  2.8024 33 + 1
    0.5013 1 17
  2.83 33 + 2
    0.4364 0.5 19
    0.5289 0.5 17
  3.1324 35 - 1
    0.7388 1 19
  3.256 5 - 2
    0.426 0.5 23
    0.4536 0.5 22
  3.2576 37 + 3
    0.1252 0.333333 24
    0.5176 0.333333 21
    0.864 0.333333 19
  3.5064 39 - 2
    0.2488 0.7958 26
    0.374 0.2042 24
  3.6 7 - 1
    0.344 1 25
  3.605 3 - 1
    0.349 1 25
  3.6289 41 + 2
    0.1225 0.251 27
    0.3713 0.749 26
  3.8255 45 + 1
    0.1966 1 30
  4.1856 47 - 1
    0.3601 1 31
  4.327 5 - 1
    0.1414 1 32
  4.823 9 - 1
    0.496 1 33
  5 7 - 1
    0.177 1 34

88 218 51
  0 0 + 0
  0.3889 4 + 1
    0.3889 1 0
  0.7411 8 + 1
    0.3522 1 1
  0.79321 6 - 1
    0.40431 1 1
  1.03832 10 - 2
    0.24511 0.3547 3
    0.29722 0.6453 2
  1.12204 12 + 2
    0.08372 0.277 4
    0.38094 0.723 2
  1.34085 14 - 2
    0.21881 0.914682 5
    0.30253 0.085318 4
  1.5467 16 + 2
    0.20585 0.5907 6
    0.42466 0.4093 5
  1.57301 10 - 3
    0.53469 0.333333 4
    0.7798 0.333333 3
    0.83191 0.333333 2
  1.69435 18 - 2
    0.14765 0.6518 7
    0.3535 0.3482 6
  1.7146 10 + 1
    0.9735 1 2
  1.7258 14 + 1
    0.68748 1 4
  1.8036 14 - 2
    0.46275 0.5 6
    0.68156 0.5 5
  1.8559 12 + 1
    0.73386 1 5
  1.8968 18 - 1
    0.3501 1 7
  1.9617 20 + 2
    0.26735 0.7323 9
    0.415 0.2677 7
  2.0318 18 - 1
    0.33745 1 9
  2.1093 22 - 2
    0.1476 0.32 15
    0.41495 0.68 9
  2.3283 6 + 1
    0.4724 1 13
  2.3908 24 + 2
    0.2815 0.749 17
    0.4291 0.251 15
  2.42 24 - 1
    0.3107 1 17
  2.4424 2 - 1
    0.4106 1 16
  2.4656 4 + 2
    0.5039 0.5 15
    0.5688 0.5 14
  2.5263 26 - 2
    0.1355 0.2771 19
    0.417 0.7229 17
  2.8255 28 + 2
    0.2992 0.7316 23
    0.4347 0.2684 19
  2.9664 30 - 2
    0.1409 0.2691 24
    0.4401 0.7309 23
  3.12615 28 - 1
    0.70615 1 20
  3.2851 32 + 2
    0.3187 0.6211 25
    0.4596 0.3789 24
  3.3877 32 - 1
    0.26155 1 26
  3.3888 34 - 1
    0.4224 1 25
  3.7198 36 - 1
    0.3321 1 28
  3.756 36 + 2
    0.3672 0.5 29
    0.4709 0.5 27
  3.8059 38 - 3
    0.0499 0.333333 31
    0.0861 0.333333 30
    0.4171 0.333333 29
  4.1177 40 - 2
    0.311801 0.5 32
    0.397901 0.5 30
  4.1911 40 + 1
    0.4351 1 31
  4.2126 42 - 1
    0.4067 1 32
  4.3916 42 + 1
    0.273899 1 33
  4.5883 44 + 2
    0.3757 0.5 35
    0.3972 0.5 34
  4.6753 46 - 1
    0.4627 1 35
  4.6826 44 - 3
    0.291 0.333333 36
    0.47 0.333333 35
    0.564899 0.333333 33
  4.8355 46 + 3
    0.1529 0.333333 39
    0.2472 0.333333 37
    0.4439 0.333333 36
  5.0203 48 + 2
    0.345 0.5 38
    0.432 0.5 37
  5.1254 50 - 2
    0.1051 0.5 41
    0.4501 0.5 38
  5.1394 48 - 3
    0.3039 0.333333 40
    0.4568 0.333333 39
    0.4641 0.333333 38
  5.3635 50 + 2
    0.2241 0.5 43
    0.528 0.5 40
  5.4701 52 + 2
    0.3447 0.5 42
    0.4498 0.5 41
  5.5881 54 - 1
    0.4627 1 42
  5.9017 56 + 2
    0.3136 0.5 46
    0.4316 0.5 45
  6.1349 58 - 2
    0.2332 0.5 47
    0.5468 0.5 46
  6.3438 60 + 2
    0.2089 0.5 48
    0.4421 0.5 47
  6.6788 62 - 2
    0.335 0.5 49
    0.5439 0.5 48

88 219 53
  0 7 + 0
  0.0167 11 + 1
    0.0167 1 0
  0.05206 3 + 1
    0.05206 1 0
  0.11371 9 + 2
    0.09701 0.1703 1
    0.11371 0.8297 0
  0.14001 5 + 2
    0.08795 0.1284 2
    0.14001 0.8716 0
  0.15198 7 + 2
    0.03827 0.3947 3
    0.15198 0.6053 0
  0.2511 15 + 1
    0.2344 1 1
  0.3206 5 - 3
    0.16862 0.352765 5
    0.26854 0.540646 2
    0.3206 0.106589 0
  0.3283 7 + 2
    0.18829 0.6086 4
    0.27624 0.3914 2
  0.40474 7 - 3
    0.25276 0.287891 5
    0.26473 0.66608 4
    0.35268 0.046029 2
  0.4217 11 - 1
    0.4217 1 0
  0.445 7 + 3
    0.29302 0.353765 5
    0.30499 0.337366 4
    0.33129 0.308869 3
  0.4707 5 - 2
    0.31872 0.1998 5
    0.35699 0.8002 3
  0.4752 13 + 2
    0.36149 0.5832 3
    0.4585 0.4168 1
  0.5124 17 - 1
    0.2613 1 6
  0.5154 9 + 1
    0.40169 1 3
  0.546 19 + 1
    0.2949 1 6
  0.556 9 + 1
    0.5393 1 1
  0.6041 15 - 2
    0.1289 0.920872 13
    0.353 0.079128 6
  0.7513 21 - 2
    0.2053 0.954881 16
    0.2389 0.045119 14
  0.7799 11 - 1
    0.2239 1 17
  0.8535 17 + 2
    0.2494 0.7306 18
    0.3783 0.2694 13
  0.8765 13 - 3
    0.0966 0.2276 20
    0.3205 0.3659 17
    0.6254 0.4065 6
  0.8932 23 + 2
    0.1419 0.5695 19
    0.3472 0.4305 16
  0.9377 19 - 3
    0.0842 0.211311 21
    0.3336 0.689635 18
    0.4253 0.099055 14
  1.0533 25 - 2
    0.1601 0.7937 23
    0.302 0.2063 19
  1.1313 15 - 2
    0.2548 0.5 22
    0.6189 0.5 14
  1.2459 21 + 1
    0.3082 1 24
  1.2573 17 - 3
    0.126 0.40486 26
    0.3808 0.356264 22
    0.7113 0.238876 16
  1.2883 27 + 2
    0.235 0.7342 25
    0.3951 0.2658 23
  1.325 23 - 3
    0.0791 0.063691 27
    0.3873 0.798508 24
    0.5737 0.137801 19
  1.4113 29 - 2
    0.123 0.4572 29
    0.358 0.5428 25
  1.4264 3 - 1
    0.2951 1 26
  1.5043 19 - 2
    0.247 0.1935 28
    0.753 0.8065 19
  1.6382 25 + 1
    0.3132 1 30
  1.6715 21 - 1
    0.1672 1 33
  1.7016 31 + 2
    0.2903 0.8027 31
    0.4133 0.1973 29
  1.7382 27 - 2
    0.4132 0.7728 30
    0.6849 0.2272 25
  1.8332 33 - 2
    0.1316 0.3005 36
    0.4219 0.6995 31
  2.0388 29 + 2
    0.3006 0.7517 37
    0.4006 0.2483 34
  2.1303 35 + 2
    0.2971 0.7935 38
    0.4287 0.2065 36
  2.1529 31 - 3
    0.1141 0.1822 39
    0.4147 0.649 37
    0.7416 0.1688 31
  2.2897 37 - 2
    0.1594 0.2728 40
    0.4565 0.7272 38
  2.4602 33 + 1
    0.3073 1 41
  2.5681 35 - 3
    0.1079 0.099164 43
    0.4152 0.399916 41
    0.7349 0.50092 38
  2.5805 39 + 2
    0.2908 0.7701 42
    0.4502 0.2299 40
  2.7679 41 - 2
    0.1874 0.3081 45
    0.4782 0.6919 42
  3.0036 39 - 1
    0.4355 1 44
  3.0457 43 + 1
    0.4652 1 45
  3.2727 45 - 2
    0.227 0.5078 48
    0.5048 0.4922 46
  3.5226 47 + 1
    0.2499 1 49
  3.7934 49 - 2
    0.2708 0.5029 50
    0.5207 0.4971 49
  4.3458 53 - 1
    0.5524 1 51

88 220 32
  0 0 + 0
  0.17847 4 + 1
    0.17847 1 0
  0.41007 8 + 1
    0.2316 1 1
  0.41298 2 - 2
    0.23451 0.4291 1
    0.41298 0.5709 0
  0.47417 6 - 1
    0.2957 1 1
  0.6348 10 - 1
    0.22473 1 2
  0.6881 12 + 1
    0.27803 1 2
  0.873 14 - 2
    0.1849 0.913118 6
    0.2382 0.086882 5
  1.0012 16 + 2
    0.1282 0.6616 7
    0.3131 0.3384 6
  1.1638 18 - 2
    0.1626 0.8833 8
    0.2908 0.1167 7
  1.3427 20 + 2
    0.1789 0.7542 9
    0.3415 0.2458 8
  1.4961 22 - 2
    0.1534 0.7245 10
    0.3323 0.2755 9
  1.7112 24 + 2
    0.2151 0.6928 11
    0.3685 0.3072 10
  1.8637 26 - 2
    0.1525 0.581 12
    0.3676 0.419 11
  2.1057 28 + 2
    0.242 0.7119 13
    0.3945 0.2881 12
  2.2625 30 - 2
    0.1568 0.4393 14
    0.3988 0.5607 13
  2.5235 32 + 2
    0.261 0.7277 15
    0.4178 0.2723 14
  2.6901 34 - 2
    0.1666 0.4569 16
    0.4276 0.5431 15
  2.9619 36 + 2
    0.2718 0.5186 17
    0.4384 0.4814 16
  3.1445 38 - 2
    0.1826 0.4827 18
    0.4544 0.5173 17
  3.4176 40 + 2
    0.2731 0.6839 19
    0.4557 0.3161 18
  3.624 42 - 2
    0.2064 0.5359 20
    0.4795 0.4641 19
  3.8886 44 + 2
    0.2646 0.5993 21
    0.471 0.4007 20
  4.1227 46 - 2
    0.2341 0.6188 22
    0.4987 0.3812 21
  4.3747 48 + 2
    0.252001 0.6394 23
    0.486101 0.3606 22
  4.6363 50 - 2
    0.261599 0.3663 24
    0.5136 0.6337 23
  4.8736 52 + 2
    0.2373 0.6036 25
    0.498899 0.3964 24
  5.1641 54 - 2
    0.2905 0.5 26
    0.5278 0.5 25
  5.3845 56 + 2
    0.2204 0.424 27
    0.5109 0.576 26
  5.703 58 - 2
    0.3185 0.2001 28
    0.5389 0.7999 27
  5.912 60 + 2
    0.209 0.5 29
    0.5275 0.5 28
  6.2555 62 - 1
    0.5525 1 29

88 221 28
  0 5 + 0
  0.05314 7 + 1
    0.05314 1 0
  0.10361 5 - 2
    0.05047 0.1665 1
    0.10361 0.8335 0
  0.12195 9 + 2
    0.06881 0.8961 1
    0.12195 0.1039 0
  0.14681 7 - 1
    0.14681 1 0
  0.174 3 - 2
    0.02719 0.5 4
    0.174 0.5 0
  0.2109 11 + 1
    0.08895 1 3
  0.29916 7 + 3
    0.17721 0.23971 3
    0.24602 0.677327 1
    0.29916 0.082963 0
  0.3189 13 + 1
    0.108 1 6
  0.32139 3 + 2
    0.21778 0.01116 2
    0.32139 0.98884 0
  0.3415 13 - 1
    0.1306 1 6
  0.35902 5 + 3
    0.21221 0.014769 4
    0.30588 0.531663 1
    0.35902 0.453568 0
  0.438 15 + 1
    0.0965 1 10
  0.4404 15 - 1
    0.1215 1 8
  0.45033 5 - 2
    0.12894 0.1908 9
    0.15117 0.8092 7
  0.48541 5 - 4
    0.12639 0.183894 11
    0.16402 0.367089 9
    0.3818 0.390688 2
    0.48541 0.058328 0
  0.566 17 - 2
    0.128 0.8122 12
    0.2245 0.1878 10
  0.5731 17 + 2
    0.1327 0.6731 13
    0.2542 0.3269 8
  0.6884 19 - 2
    0.1153 0.7894 17
    0.248 0.2106 13
  0.7116 19 + 2
    0.1456 0.6976 16
    0.2736 0.3024 12
  0.8496 21 - 3
    0.138 0.382704 19
    0.1612 0.524705 18
    0.2836 0.092591 16
  0.8669 21 + 2
    0.1785 0.7744 18
    0.2938 0.2256 17
  0.9904 23 - 3
    0.1235 0.258 21
    0.1408 0.5627 20
    0.302 0.1793 18
  1.0259 23 + 2
    0.1763 0.6972 20
    0.3143 0.3028 19
  1.1805 25 - 2
    0.1546 0.5551 23
    0.3309 0.4449 20
  1.1974 25 + 2
    0.207 0.6469 22
    0.3305 0.3531 21
  1.3444 27 - 2
    0.147 0.4458 25
    0.354 0.5542 22
  1.3758 27 + 2
    0.1953 0.6798 24
    0.3499 0.3202 23

88 222 25
  0 0 + 0
  0.11112 4 + 1
    0.11112 1 0
  0.24211 2 - 2
    0.13099 0.2756 1
    0.24211 0.7244 0
  0.30139 8 + 1
    0.19027 1 1
  0.31729 6 - 2
    0.07518 0.006002 2
    0.20617 0.993998 1
  0.47376 10 - 1
    0.17237 1 3
  0.914 0 + 2
    0.67189 0.8255 2
    0.80288 0.1745 1
  1.0249 4 + 5
    0.70761 0.444182 4
    0.72351 0.015259 3
    0.78279 0.434883 2
    0.91378 0.075847 1
    1.0249 0.029829 0
  1.1709 12 + 3
    0.69714 0.136886 5
    0.85361 0.476852 4
    0.86951 0.386261 3
  1.1984 14 - 3
    0.95629 0.089291 2
    1.08728 0.595206 1
    1.1984 0.315503 0
  1.2252 6 - 3
    0.98309 0.4128 2
    1.11408 0.4255 1
    1.2252 0.1617 0
  1.265 8 - 2
    0.96361 0.2063 3
    1.15388 0.7937 1
  1.3102 10 + 1
    1.06809 1 2
  1.3606 2 - 2
    1.04331 0.625 4
    1.24948 0.375 1
  1.3757 16 + 1
    1.13359 1 2
  1.4026 6 - 6
    0.2317 0.059201 8
    0.3777 0.095472 7
    1.08531 0.360907 4
    1.10121 0.390508 3
    1.16049 0.056451 2
    1.29148 0.037461 1
  1.4326 4 + 2
    1.19049 0.078337 2
    1.32148 0.921663 1
  1.4399 6 - 6
    0.269 0.059599 8
    0.415 0.051309 7
    0.96614 0.106399 5
    1.12261 0.184698 4
    1.13851 0.459595 3
    1.19779 0.138399 2
  1.4995 8 + 4
    0.4746 0.3378 7
    1.18221 0.2939 4
    1.25739 0.1115 2
    1.38838 0.2568 1
  1.5561 4 + 4
    1.23881 0.3932 4
    1.25471 0.1026 3
    1.44498 0.2719 1
    1.5561 0.2323 0
  1.6196 12 - 2
    1.37749 0.8065 2
    1.50848 0.1935 1
  1.6449 10 - 5
    0.62 0.167203 7
    1.32761 0.539411 4
    1.34351 0.056091 3
    1.40279 0.145603 2
    1.53378 0.091692 1
  1.7544 6 - 5
    0.3518 0.2033 15
    1.28064 0.1218 5
    1.43711 0.3577 4
    1.45301 0.1605 3
    1.64328 0.1567 1
  1.8215 2 + 1
    1.57939 1 2
  1.8412 8 + 2
    0.1963 0.8621 21
    1.59909 0.1379 2

88 223 66
  0 3 + 0
  0.029858 5 + 1
    0.029858 1 0
  0.050128 3 - 2
    0.02027 0.1253 1
    0.050128 0.8747 0
  0.061424 7 + 2
    0.031566 0.6761 1
    0.061424 0.3239 0
  0.079708 5 - 3
    0.02958 0.797768 2
    0.04985 0.048238 1
    0.079708 0.153994 0
  0.1046 7 - 2
    0.043176 0.7625 3
    0.074742 0.2375 1
  0.123793 7 - 4
    0.044085 0.732607 4
    0.062369 0.02938 3
    0.073665 0.059911 2
    0.093935 0.178102 1
  0.130141 9 + 3
    0.006348 0.6584 6
    0.068717 0.1877 3
    0.100283 0.1539 1
  0.174569 9 - 5
    0.044428 0.003608 7
    0.050776 0.415593 6
    0.069969 0.051309 5
    0.094861 0.174597 4
    0.113145 0.354894 3
  0.204719 11 + 2
    0.074578 0.2993 7
    0.143295 0.7007 3
  0.234858 5 + 6
    0.111065 0.000643 6
    0.15515 0.000302 4
    0.173434 0.04487 3
    0.18473 0.02299 2
    0.205 0.291699 1
    0.234858 0.639497 0
  0.24739 11 - 3
    0.072821 0.3982 8
    0.117249 0.4772 7
    0.123597 0.1246 6
  0.280182 7 + 6
    0.150041 0.154406 7
    0.175582 0.053282 5
    0.200474 0.032641 4
    0.218758 0.695928 3
    0.250324 0.045052 1
    0.280182 0.018691 0
  0.286087 1 + 3
    0.235959 0.5329 2
    0.256229 0.3416 1
    0.286087 0.1255 0
  0.31599 13 - 1
    0.141421 1 8
  0.329856 3 - 7
    0.043769 0.061619 13
    0.094998 0.003844 10
    0.206063 0.056209 6
    0.250148 0.095088 4
    0.279728 0.01456 2
    0.299998 0.330692 1
    0.329856 0.43799 0
  0.33437 5 + 10
    0.048283 0.356616 13
    0.054188 0.01111 12
    0.099512 0.0094 10
    0.204229 0.029021 7
    0.210577 0.111605 6
    0.254662 0.061893 4
    0.272946 0.082604 3
    0.284242 0.003436 2
    0.304512 0.199509 1
    0.33437 0.134806 0
  0.34259 3 + 7
    0.056503 0.177414 13
    0.107732 0.050944 10
    0.262882 0.051404 4
    0.281166 0.096668 3
    0.292462 0.031323 2
    0.312732 0.390031 1
    0.34259 0.202216 0
  0.346592 9 + 6
    0.06641 0.847942 12
    0.111734 0.013511 10
    0.172023 0.003581 8
    0.216451 0.045382 7
    0.222799 0.024531 6
    0.285168 0.065053 3
  0.35053 1 - 4
    0.00794 0.452814 17
    0.064443 0.113503 13
    0.300402 0.078072 2
    0.35053 0.355611 0
  0.36936 5 - 7
    0.089178 0.037598 12
    0.134502 0.357478 10
    0.245567 0.035858 6
    0.307936 0.008951 3
    0.319232 0.466371 2
    0.339502 0.037658 1
    0.36936 0.056087 0
  0.376296 7 - 12
    0.029704 0.01262 18
    0.041926 0.032461 16
    0.096114 0.040151 12
    0.141438 0.074101 10
    0.201727 0.02511 8
    0.246155 0.006735 7
    0.252503 0.129102 6
    0.296588 0.400107 4
    0.314872 0.263305 3
    0.326168 0.003719 2
    0.346438 0.006281 1
    0.376296 0.006307 0
  0.40507 7 - 7
    0.058478 0.137503 18
    0.124888 0.072231 12
    0.170212 0.085982 10
    0.200351 0.391608 9
    0.281277 0.066571 6
    0.325362 0.224605 4
    0.375212 0.0215 1
  0.42412 11 + 4
    0.10813 0.080925 14
    0.219401 0.195188 9
    0.249551 0.091725 8
    0.362696 0.632162 3
  0.43224 5 - 9
    0.055944 0.540995 21
    0.08965 0.0261 17
    0.102384 0.02758 15
    0.308447 0.167098 6
    0.352532 0.087689 4
    0.370816 0.02421 3
    0.382112 0.051989 2
    0.402382 0.050269 1
    0.43224 0.02407 0
  0.44235 7 + 4
    0.09976 0.721622 17
    0.162168 0.204906 12
    0.267781 0.038031 8
    0.318557 0.035441 6
  0.445071 9 + 9
    0.020951 0.424482 23
    0.040001 0.019359 22
    0.068775 0.042378 21
    0.110701 0.014209 16
    0.197681 0.007833 11
    0.270502 0.016689 8
    0.31493 0.455881 7
    0.383647 0.018319 3
    0.415213 0.000849 1
  0.45993 9 - 4
    0.21254 0.323383 11
    0.225072 0.408478 10
    0.255211 0.259986 9
    0.398506 0.008154 3
  0.51425 11 - 3
    0.05432 0.3501 27
    0.26686 0.5451 11
    0.309531 0.1048 9
  0.53716 11 - 1
    0.28977 1 11
  0.568 15 + 2
    0.25201 0.5 14
    0.363281 0.5 9
  0.5903 11 + 1
    0.466507 1 6
  0.59358 5 - 2
    0.307493 0.968929 13
    0.469787 0.031071 6
  0.641 13 + 2
    0.39361 0.5 11
    0.510859 0.5 7
  0.685 3 + 2
    0.623576 0.5 3
    0.685 0.5 0
  0.7127 1 - 2
    0.632992 0.7042 4
    0.662572 0.2958 2
  0.729 17 + 1
    0.088 1 33
  0.78254 13 - 2
    0.43995 0.2701 17
    0.452684 0.7299 15
  0.78402 15 + 4
    0.722596 0.444444 3
    0.733892 0.124412 2
    0.754162 0.311131 1
    0.78402 0.120012 0
  0.7869 9 - 10
    0.44431 0.07313 17
    0.45253 0.2011 16
    0.457044 0.05484 15
    0.506718 0.1463 12
    0.552042 0.1828 10
    0.663107 0.07313 6
    0.707192 0.03108 4
    0.736772 0.05484 2
    0.757042 0.1517 1
    0.7869 0.03108 0
  0.7926 3 + 1
    0.7926 1 0
  0.80344 19 - 7
    0.43408 0.01429 20
    0.46907 0.007143 16
    0.568582 0.328608 10
    0.723732 0.150004 4
    0.742016 0.007143 3
    0.753312 0.135703 2
    0.80344 0.357109 0
  0.80538 1 + 2
    0.475524 0.6667 15
    0.80538 0.3333 0
  0.81818 5 - 3
    0.756756 0.473933 3
    0.788322 0.099537 1
    0.81818 0.42653 0
  0.82303 7 + 7
    0.48044 0.06455 17
    0.493174 0.112999 15
    0.536943 0.231298 13
    0.588172 0.01237 10
    0.772902 0.03228 2
    0.793172 0.008607 1
    0.82303 0.537896 0
  0.8267 3 + 7
    0.47617 0.005051 19
    0.540613 0.01143 13
    0.546518 0.000513 12
    0.746992 0.047969 4
    0.765276 0.137297 3
    0.776572 0.715683 2
    0.8267 0.082058 0
  0.84205 9 - 9
    0.50768 0.147401 16
    0.555963 0.08318 13
    0.607192 0.04083 10
    0.718257 0.006805 6
    0.762342 0.06049 4
    0.780626 0.07183 3
    0.791922 0.01096 2
    0.812192 0.378102 1
    0.84205 0.200401 0
  0.84641 5 - 5
    0.516554 0.037171 15
    0.722617 0.447813 6
    0.766702 0.250808 4
    0.784986 0.156705 3
    0.796282 0.107503 2
  0.85907 13 + 9
    0.482774 0.051368 21
    0.51648 0.106196 17
    0.5247 0.071917 16
    0.578888 0.171193 12
    0.735277 0.061638 6
    0.797646 0.342486 3
    0.808942 0.027399 2
    0.829212 0.071917 1
    0.85907 0.095886 0
  0.8675 7 - 8
    0.52491 0.162892 17
    0.53313 0.071426 16
    0.537644 0.071426 15
    0.581413 0.051427 13
    0.632642 0.082856 10
    0.787792 0.102895 4
    0.837642 0.285686 1
    0.8675 0.171391 0
  0.87941 7 + 5
    0.644552 0.091921 10
    0.704841 0.073171 8
    0.749269 0.406404 7
    0.817986 0.164602 3
    0.849552 0.263903 1
  0.8842 9 - 1
    0.854342 1 1
  0.891 3 + 1
    0.891 1 0
  0.9044 1 - 1
    0.53504 1 20
  0.9059 5 + 1
    0.576044 1 15
  0.90803 15 - 6
    0.4481 0.048 27
    0.621943 0.02 13
    0.828322 0.0648 4
    0.857902 0.02 2
    0.878172 0.0472 1
    0.90803 0.8 0
  0.92648 21 + 8
    0.57595 0.367103 19
    0.59211 0.01175 16
    0.596624 0.01175 15
    0.691622 0.04405 10
    0.846772 0.168901 4
    0.876352 0.264302 2
    0.896622 0.124801 1
    0.92648 0.007342 0
  0.94079 17 - 3
    0.816997 0.2616 6
    0.910932 0.157 1
    0.94079 0.5814 0
  0.9431 9 + 5
    0.60051 0.073908 17
    0.613244 0.143496 15
    0.863392 0.434787 4
    0.892972 0.291291 2
    0.913242 0.056518 1
  0.95773 3 - 5
    0.671643 0.029921 13
    0.833937 0.073762 6
    0.878022 0.180905 4
    0.907602 0.695921 2
    0.95773 0.019491 0
  0.97131 5 + 4
    0.641454 0.164607 15
    0.909886 0.134105 3
    0.941452 0.609824 1
    0.97131 0.091464 0
  0.99985 11 - 5
    0.623554 0.473686 21
    0.920142 0.032689 4
    0.938426 0.029369 3
    0.969992 0.378989 1
    0.99985 0.085267 0
  1.0152 7 + 1
    1.0152 1 0
  1.0201 13 - 3
    0.958676 0.534747 3
    0.990242 0.29947 1
    1.0201 0.165783 0
  1.025 1 + 2
    0.995142 0.2958 1
    1.025 0.7042 0
  1.02894 9 - 3
    0.949232 0.2727 4
    0.978812 0.5682 2
    0.999082 0.1591 1

88 224 53
  0 0 + 0
  0.084373 4 + 1
    0.084373 1 0
  0.215985 2 - 2
    0.131612 0.3746 1
    0.215985 0.6254 0
  0.250783 8 + 1
    0.16641 1 1
  0.29036 6 - 2
    0.074375 0.4264 2
    0.205987 0.5736 1
  0.43307 10 - 2
    0.14271 0.4299 4
    0.182287 0.5701 3
  0.4792 12 + 1
    0.228417 1 3
  0.64086 14 - 1
    0.20779 1 5
  0.75482 16 + 1
    0.27562 1 6
  0.90624 18 - 1
    0.26538 1 7
  0.91634 0 + 2
    0.700355 0.1727 2
    0.831967 0.8273 1
  0.96551 4 + 2
    0.881137 0.6254 1
    0.96551 0.3746 0
  0.99265 4 + 3
    0.741867 0.3201 3
    0.908277 0.3619 1
    0.99265 0.318 0
  1.05295 2 - 4
    0.76259 0.176804 4
    0.836965 0.780316 2
    0.968577 0.026041 1
    1.05295 0.01684 0
  1.0674 20 + 1
    0.31258 1 8
  1.08998 6 - 3
    0.79962 0.696479 4
    0.873995 0.268392 2
    1.00561 0.035129 1
  1.1871 2 - 2
    0.971115 0.464 2
    1.10273 0.536 1
  1.2169 2 - 2
    0.92654 0.5851 4
    1.00091 0.4149 2
  1.2207 22 - 1
    0.31446 1 9
  1.223 0 + 2
    1.13863 0.5 1
    1.223 0.5 0
  1.34822 6 + 2
    1.09744 0.5529 3
    1.26385 0.4471 1
  1.37835 2 - 4
    0.3254 0.270208 13
    0.46201 0.055272 10
    1.29398 0.139204 1
    1.37835 0.535316 0
  1.38432 4 + 3
    0.39167 0.118788 12
    0.41881 0.466653 11
    1.16833 0.414559 2
  1.38971 4 + 2
    1.17372 0.6938 2
    1.30534 0.3062 1
  1.4137 24 + 1
    0.3463 1 14
  1.42503 0 - 4
    0.33505 0.208799 15
    0.37208 0.1192 13
    1.20904 0.008903 2
    1.34066 0.663098 1
  1.43547 2 - 6
    0.38252 0.256182 13
    0.44282 0.099913 12
    0.51913 0.032738 10
    1.21948 0.089504 2
    1.3511 0.110892 1
    1.43547 0.410771 0
  1.43708 4 + 3
    1.1863 0.1586 3
    1.35271 0.3891 1
    1.43708 0.4523 0
  1.55367 4 + 3
    1.33769 0.4027 2
    1.4693 0.4037 1
    1.55367 0.1936 0
  1.5692 26 - 1
    0.3485 1 18
  1.61441 4 + 2
    1.32405 0.2958 4
    1.39842 0.7042 2
  1.627 8 - 1
    0.27878 1 20
  1.65242 4 + 4
    0.65977 0.063036 12
    1.40164 0.038227 3
    1.56805 0.304179 1
    1.65242 0.594558 0
  1.65852 4 + 3
    1.36816 0.3003 4
    1.44253 0.1738 2
    1.65852 0.5259 0
  1.7363 4 + 2
    1.52031 0.1737 2
    1.7363 0.8263 0
  1.75484 4 - 3
    0.70189 0.276 13
    1.53885 0.121 2
    1.67047 0.603 1
  1.761 8 - 2
    0.134 0.5 31
    0.41278 0.5 20
  1.78961 2 - 3
    1.57362 0.4512 2
    1.70524 0.2204 1
    1.78961 0.3284 0
  1.79675 2 - 3
    1.50639 0.2308 4
    1.58076 0.2082 2
    1.71238 0.561 1
  1.81807 4 - 2
    1.52771 0.4717 4
    1.60208 0.5283 2
  1.83849 4 + 1
    1.6225 1 2
  1.8963 6 - 3
    1.60594 0.4292 4
    1.68032 0.2618 2
    1.81193 0.309 1
  1.949 10 + 2
    0.322 0.5 31
    0.60078 0.5 20
  1.96992 8 - 1
    1.75393 1 2
  2.0002 6 + 2
    0.94725 0.5882 13
    1.78421 0.4118 2
  2.0432 10 - 1
    1.82722 1 2
  2.0523 4 + 2
    1.80152 0.6135 3
    1.83631 0.3865 2
  2.0773 8 - 2
    1.86132 0.3243 2
    1.99293 0.6757 1
  2.1174 6 + 2
    2.03303 0.3939 1
    2.1174 0.6061 0
  2.1353 12 - 1
    1.91931 1 2
  2.2294 10 + 3
    1.93904 0.2765 4
    2.01342 0.3447 2
    2.14503 0.3788 1
  2.2465 8 - 3
    2.03052 0.483085 2
    2.16213 0.449286 1
    2.2465 0.067628 0
  2.3687 6 + 2
    2.15272 0.6536 2
    2.3687 0.3464 0

88 225 71
  0 1 + 0
  0.02541 5 + 1
    0.02541 1 0
  0.03156 3 - 1
    0.03156 1 0
  0.04277 3 + 2
    0.01736 0.667 1
    0.04277 0.333 0
  0.05516 1 - 2
    0.0236 0.98628 2
    0.05516 0.01372 0
  0.06936 7 - 2
    0.0378 0.7224 2
    0.04395 0.2776 1
  0.1005 9 + 2
    0.03114 0.1081 5
    0.07509 0.8919 1
  0.1063 3 + 2
    0.05114 0.5 4
    0.06353 0.5 3
  0.1116 7 + 3
    0.04224 0.00972 5
    0.06883 0.453591 3
    0.08619 0.536689 1
  0.12036 5 - 3
    0.051 0.859857 5
    0.07759 0.109695 3
    0.09495 0.030448 1
  0.14996 3 + 4
    0.0948 0.01603 4
    0.10719 0.606388 3
    0.12455 0.359693 1
    0.14996 0.01789 0
  0.17975 5 + 6
    0.06815 0.067742 8
    0.11039 0.01062 5
    0.13698 0.577417 3
    0.14819 0.065042 2
    0.15434 0.256208 1
    0.17975 0.022971 0
  0.2035 9 - 1
    0.13414 1 5
  0.2158 11 - 2
    0.1153 0.5 6
    0.14644 0.5 5
  0.22055 9 + 3
    0.10895 0.50259 8
    0.12005 0.455491 6
    0.19514 0.041919 1
  0.2252 3 - 7
    0.04545 0.02654 11
    0.07524 0.141001 10
    0.17004 0.171902 4
    0.18243 0.281503 3
    0.19364 0.133901 2
    0.19979 0.096551 1
    0.2252 0.148601 0
  0.2269 11 + 1
    0.1264 1 6
  0.23625 5 + 9
    0.0565 0.106905 11
    0.08629 0.289115 10
    0.11589 0.000443 9
    0.12465 0.135607 8
    0.16689 0.004433 5
    0.19348 0.291815 3
    0.20469 0.012121 2
    0.21084 0.155208 1
    0.23625 0.004353 0
  0.24356 7 + 5
    0.1232 0.030052 9
    0.13196 0.438731 8
    0.14306 0.43393 6
    0.20079 0.016801 3
    0.21815 0.080486 1
  0.2485 3 + 1
    0.06875 1 11
  0.2602 5 - 7
    0.08045 0.01461 11
    0.11024 0.129504 10
    0.13984 0.290309 9
    0.19084 0.409012 5
    0.21743 0.044801 3
    0.22864 0.039941 2
    0.23479 0.071822 1
  0.26792 7 + 7
    0.03167 0.450995 17
    0.11796 0.005533 10
    0.14756 0.01764 9
    0.15632 0.484795 8
    0.16742 0.01782 6
    0.22515 0.007208 3
    0.24251 0.01601 1
  0.27215 5 + 4
    0.02859 0.25 18
    0.06865 0.25 12
    0.16055 0.25 8
    0.17165 0.25 6
  0.28449 7 + 7
    0.06394 0.04844 14
    0.10474 0.02373 11
    0.13453 0.008521 10
    0.17289 0.363303 8
    0.18399 0.398204 6
    0.21513 0.106101 5
    0.25908 0.0517 1
  0.293 13 - 2
    0.0661 0.5 16
    0.0895 0.5 12
  0.32176 9 + 9
    0.04961 0.823526 22
    0.05384 0.035751 21
    0.0782 0.009421 18
    0.10121 0.01161 14
    0.14201 0.00546 11
    0.21016 0.087593 8
    0.22126 0.009577 6
    0.2524 0.01503 5
    0.29635 0.00203 1
  0.328 15 - 1
    0.1122 1 13
  0.335 13 - 2
    0.1081 0.5 16
    0.1315 0.5 12
  0.347 11 - 2
    0.2465 0.5 6
    0.27764 0.5 5
  0.39 11 + 3
    0.1631 0.333333 16
    0.16945 0.333333 14
    0.1742 0.333333 13
  0.3942 3 - 6
    0.134 0.362507 20
    0.15795 0.074431 17
    0.169 0.464109 15
    0.24424 0.036481 10
    0.32484 0.02214 5
    0.36879 0.040331 1
  0.39736 7 + 3
    0.12944 0.19982 21
    0.1538 0.294729 18
    0.16111 0.505451 17
  0.4 17 - 2
    0.065 0.5 27
    0.107 0.5 24
  0.417 9 - 2
    0.29664 0.5 9
    0.3054 0.5 8
  0.448 1 - 2
    0.39284 0.5 4
    0.40523 0.5 3
  0.4784 3 - 7
    0.24215 0.073524 17
    0.2532 0.184011 15
    0.32844 0.059584 10
    0.35804 0.033842 9
    0.43563 0.208813 3
    0.45299 0.146909 1
    0.4784 0.293318 0
  0.484 13 - 2
    0.2571 0.5 16
    0.2805 0.5 12
  0.487 13 + 2
    0.2712 0.5 13
    0.3865 0.5 6
  0.535 15 - 2
    0.207 0.5 26
    0.3192 0.5 13
  0.546 5 - 2
    0.49084 0.5 4
    0.50323 0.5 3
  0.603 7 + 2
    0.4967 0.5 7
    0.56023 0.5 3
  0.609 9 - 2
    0.48864 0.5 9
    0.4974 0.5 8
  0.63 11 + 2
    0.4265 0.5 12
    0.5184 0.5 8
  0.675 1 - 2
    0.61984 0.5 4
    0.63223 0.5 3
  0.7241 5 + 3
    0.4639 0.2011 20
    0.4989 0.5587 15
    0.57414 0.2402 10
  0.815 5 - 2
    0.75984 0.5 4
    0.77223 0.5 3
  0.851 7 + 2
    0.7447 0.5 7
    0.80823 0.5 3
  0.898 1 - 2
    0.84284 0.5 4
    0.85523 0.5 3
  0.956 5 - 2
    0.90084 0.5 4
    0.91323 0.5 3
  0.967 3 - 2
    0.94159 0.5 1
    0.967 0.5 0
  1.009 9 + 2
    0.93964 0.5 5
    0.98359 0.5 1
  1.025 7 + 2
    0.9187 0.5 7
    0.98223 0.5 3
  1.056 19 + 1
    0.656 1 32
  1.07 11 - 2
    0.9695 0.5 6
    1.00064 0.5 5
  1.091 9 + 2
    1.02164 0.5 5
    1.06559 0.5 1
  1.156 7 - 2
    1.12444 0.5 2
    1.13059 0.5 1
  1.184 15 + 2
    0.891 0.5 24
    0.9571 0.5 16
  1.225 5 - 2
    1.16984 0.5 4
    1.18223 0.5 3
  1.258 9 + 2
    1.18864 0.5 5
    1.23259 0.5 1
  1.272 17 - 2
    0.937 0.5 27
    0.979 0.5 24
  1.334 11 + 2
    1.1305 0.5 12
    1.2224 0.5 8
  1.377 7 - 2
    1.34544 0.5 2
    1.35159 0.5 1
  1.441 13 + 2
    1.2252 0.5 13
    1.3405 0.5 6
  1.479 21 - 2
    0.423 0.5 52
    1.079 0.5 32
  1.553 9 + 2
    1.48364 0.5 5
    1.52759 0.5 1
  1.766 3 - 2
    1.74059 0.5 1
    1.766 0.5 0
  1.792 5 + 2
    1.76659 0.5 1
    1.792 0.5 0
  1.872 1 - 2
    1.81684 0.5 4
    1.82923 0.5 3
  1.912 7 + 2
    1.8057 0.5 7
    1.86923 0.5 3
  1.972 11 - 2
    1.8715 0.5 6
    1.90264 0.5 5
  2.138 13 + 2
    1.9222 0.5 13
    2.0375 0.5 6

88 226 61
  0 0 + 0
  0.06767 4 + 1
    0.06767 1 0
  0.21154 8 + 1
    0.14387 1 1
  0.25373 2 - 2
    0.18606 0.4347 1
    0.25373 0.5653 0
  0.32154 6 - 2
    0.11 0.1166 2
    0.25387 0.8834 1
  0.4165 12 + 1
    0.20496 1 2
  0.4463 10 - 2
    0.12476 0.1299 4
    0.23476 0.8701 2
  0.6267 14 - 2
    0.1804 0.1283 6
    0.2102 0.8717 5
  0.65 0 + 1
    0.39627 1 3
  0.6694 16 + 1
    0.2529 1 5
  0.8246 0 + 1
    0.57087 1 3
  0.8576 18 - 2
    0.1882 0.6009 9
    0.2309 0.3991 7
  0.8737 4 + 2
    0.55216 0.4769 4
    0.61997 0.5231 3
  0.9599 20 + 1
    0.2905 1 9
  1.0488 2 - 3
    0.79507 0.153 3
    0.98113 0.4733 1
    1.0488 0.3737 0
  1.0705 4 - 2
    0.81677 0.1292 3
    1.00283 0.8708 1
  1.0772 6 - 3
    0.75566 0.080991 4
    0.82347 0.066501 3
    1.00953 0.852509 1
  1.107 8 - 1
    0.0365 1 15
  1.1224 4 + 1
    0.91086 1 2
  1.1331 22 - 2
    0.1732 0.3968 13
    0.2755 0.6032 11
  1.14 10 + 1
    0.033 1 17
  1.1562 4 + 5
    0.83466 0.203802 4
    0.90247 0.058191 3
    0.94466 0.365804 2
    1.08853 0.153302 1
    1.1562 0.218902 0
  1.22 6 - 2
    1.00846 0.5 2
    1.15233 0.5 1
  1.2389 4 - 2
    0.91736 0.3333 4
    1.17123 0.6667 1
  1.2805 24 + 1
    0.3206 1 13
  1.33 8 - 2
    0.223 0.5 17
    0.2595 0.5 15
  1.39 4 + 4
    0.5163 0.060725 12
    0.5654 0.047604 10
    1.32233 0.568045 1
    1.39 0.323626 0
  1.42 6 - 2
    1.20846 0.5 2
    1.35233 0.5 1
  1.4225 10 + 1
    1.16877 1 3
  1.4378 8 - 2
    1.11626 0.5376 4
    1.18407 0.4624 3
  1.446 26 - 2
    0.1655 0.5 24
    0.3129 0.5 19
  1.54 12 + 2
    1.1235 0.5 5
    1.32846 0.5 2
  1.5873 2 + 2
    1.33357 0.8696 3
    1.5873 0.1304 0
  1.6213 6 - 4
    1.29976 0.4831 4
    1.36757 0.256 3
    1.55363 0.1208 1
    1.6213 0.1401 0
  1.625 28 + 2
    0.179 0.5 30
    0.3445 0.5 24
  1.7234 4 + 4
    0.6462 0.067653 16
    1.46967 0.521226 3
    1.65573 0.275814 1
    1.7234 0.135307 0
  1.7385 8 - 3
    1.48477 0.1059 3
    1.67083 0.3059 1
    1.7385 0.5882 0
  1.7562 10 - 2
    1.50247 0.2248 3
    1.7562 0.7752 0
  1.7671 6 + 1
    1.51337 1 3
  1.7784 2 - 1
    1.52467 1 3
  1.7861 12 + 3
    1.46456 0.353593 4
    1.53237 0.552489 3
    1.7861 0.093918 0
  1.793 30 - 2
    0.168 0.5 34
    0.347 0.5 30
  1.865 8 + 4
    0.9913 0.1111 12
    1.61127 0.4831 3
    1.79733 0.1256 1
    1.865 0.2802 0
  1.8823 6 - 1
    0.4445 1 29
  1.8884 10 + 1
    1.63467 1 3
  1.8974 14 - 3
    1.57586 0.4367 4
    1.68586 0.2489 2
    1.8974 0.3144 0
  1.9078 2 + 3
    1.0832 0.3043 10
    1.84013 0.4831 1
    1.9078 0.2126 0
  1.9456 8 - 2
    1.69187 0.8772 3
    1.9456 0.1228 0
  1.951 6 + 4
    1.62946 0.1013 4
    1.69727 0.346 3
    1.88333 0.4219 1
    1.951 0.1308 0
  1.9708 12 - 5
    0.8484 0.055952 18
    1.64926 0.067222 4
    1.71707 0.32571 3
    1.90313 0.417513 1
    1.9708 0.133604 0
  1.9827 10 + 3
    1.109 0.2069 12
    1.72897 0.5747 3
    1.91503 0.2184 1
  1.993 32 + 2
    0.2 0.5 41
    0.368 0.5 34
  2.0067 8 - 1
    1.75297 1 3
  2.0152 6 - 1
    1.76147 1 3
  2.0568 2 + 3
    1.2322 0.4184 10
    1.98913 0.4017 1
    2.0568 0.1799 0
  2.0861 14 - 2
    2.01843 0.8475 1
    2.0861 0.1525 0
  2.17 34 - 2
    0.177 0.5 51
    0.377 0.5 41
  2.1823 4 + 1
    1.92857 1 3
  2.1894 4 + 3
    1.3648 0.3652 10
    2.12173 0.4846 1
    2.1894 0.1502 0
  2.2697 10 - 3
    2.01597 0.320868 3
    2.20203 0.534747 1
    2.2697 0.144386 0
  2.382 36 + 1
    0.389 1 51

88 227 85
  0 3 + 0
  0.001735 5 + 1
    0.001735 1 0
  0.025768 5 + 1
    0.024033 1 1
  0.064083 7 + 1
    0.064083 1 0
  0.0834 9 + 2
    0.057632 0.5 2
    0.081665 0.5 1
  0.090035 3 - 3
    0.064267 0.304894 2
    0.0883 0.01972 1
    0.090035 0.675386 0
  0.101895 5 - 5
    0.01186 0.272816 5
    0.037812 0.132908 3
    0.076127 0.015341 2
    0.10016 0.250615 1
    0.101895 0.32832 0
  0.12071 1 + 1
    0.12071 1 0
  0.1386 11 - 1
    0.0552 1 4
  0.153275 5 + 2
    0.15154 0.5386 1
    0.153275 0.4614 0
  0.16105 3 + 4
    0.04034 0.000212 7
    0.135282 0.623255 2
    0.159315 0.130312 1
    0.16105 0.246222 0
  0.17697 5 + 5
    0.01592 0.312109 10
    0.05626 0.090373 7
    0.112887 0.107703 3
    0.151202 0.229707 2
    0.175235 0.260108 1
  0.1863 11 + 1
    0.122217 1 3
  0.228 15 - 1
    0.0894 1 8
  0.2673 7 + 2
    0.203217 0.5 3
    0.2673 0.5 0
  0.284279 3 - 7
    0.107309 0.1857 11
    0.123229 0.03853 10
    0.131004 0.03081 9
    0.163569 0.3974 7
    0.182384 0.1965 6
    0.194244 0.1165 5
    0.284279 0.03456 0
  0.296576 1 - 5
    0.012297 0.166502 15
    0.135526 0.256703 10
    0.175866 0.234003 7
    0.206541 0.336104 5
    0.296576 0.006688 0
  0.2994 9 + 2
    0.273632 0.5 2
    0.297665 0.5 1
  0.3376 13 - 1
    0.1513 1 12
  0.363 7 - 2
    0.337232 0.5 2
    0.361265 0.5 1
  0.384356 1 + 2
    0.263646 0.037481 7
    0.384356 0.962519 0
  0.406 9 - 2
    0.304105 0.5 6
    0.341917 0.5 3
  0.438794 3 + 4
    0.348759 0.1018 5
    0.413026 0.5014 2
    0.437059 0.1599 1
    0.438794 0.2369 0
  0.471567 3 - 7
    0.187288 0.033497 15
    0.294597 0.029977 11
    0.350857 0.024898 7
    0.369672 0.548651 6
    0.381532 0.33717 5
    0.445799 0.012909 2
    0.469832 0.012899 1
  0.473516 13 + 2
    0.334916 0.5 8
    0.390116 0.5 4
  0.475032 3 + 7
    0.178456 0.136596 16
    0.321757 0.083267 9
    0.373137 0.041539 6
    0.410949 0.069208 3
    0.449264 0.250692 2
    0.473297 0.089107 1
    0.475032 0.32959 0
  0.523851 1 - 7
    0.139495 0.01164 20
    0.362801 0.030761 10
    0.403141 0.045931 7
    0.421956 0.01014 6
    0.433816 0.871117 5
    0.498083 0.01453 2
    0.523851 0.01588 0
  0.598509 7 - 5
    0.159715 0.166683 22
    0.534426 0.277772 3
    0.572741 0.222178 2
    0.596774 0.166683 1
    0.598509 0.166683 0
  0.675862 1 - 11
    0.20083 0.0122 25
    0.204295 0.160695 23
    0.237068 0.001128 22
    0.291506 0.01452 20
    0.379286 0.006091 16
    0.391583 0.067098 15
    0.514812 0.036229 10
    0.555152 0.057088 7
    0.573967 0.008923 6
    0.585827 0.62868 5
    0.675862 0.00735 0
  0.73165 9 - 5
    0.207799 0.10149 26
    0.347294 0.491251 20
    0.435074 0.114589 16
    0.629755 0.178082 6
    0.641615 0.114589 5
  0.73812 5 - 3
    0.299326 0.332767 22
    0.648085 0.212079 5
    0.712352 0.455154 2
  0.7556 3 - 2
    0.729832 0.5 2
    0.753865 0.5 1
  0.8066 7 - 2
    0.780832 0.5 2
    0.804865 0.5 1
  0.858 11 + 2
    0.6717 0.5 12
    0.793917 0.5 3
  0.875 9 + 2
    0.849232 0.5 2
    0.873265 0.5 1
  0.9064 7 - 2
    0.880632 0.5 2
    0.904665 0.5 1
  0.926 11 + 2
    0.7397 0.5 12
    0.861917 0.5 3
  0.9483 17 - 1
    0.6107 1 18
  0.9693 13 + 2
    0.8307 0.5 8
    0.8859 0.5 4
  1.0006 5 - 2
    0.936517 0.5 3
    1.0006 0.5 0
  1.017 7 + 2
    0.952917 0.5 3
    1.017 0.5 0
  1.056 9 - 2
    0.954105 0.5 6
    0.991917 0.5 3
  1.0949 15 + 3
    0.810621 0.236976 15
    0.993005 0.526047 6
    1.00486 0.236976 5
  1.1271 11 - 2
    0.9885 0.5 8
    1.0437 0.5 4
  1.136 5 + 2
    1.11023 0.5 2
    1.13426 0.5 1
  1.152 7 - 2
    1.12623 0.5 2
    1.15026 0.5 1
  1.1683 9 + 2
    1.14253 0.5 2
    1.16656 0.5 1
  1.202 19 - 1
    0.974 1 13
  1.23 13 + 2
    1.0914 0.5 8
    1.1466 0.5 4
  1.25 5 - 2
    1.18592 0.5 3
    1.25 0.5 0
  1.287 7 + 2
    1.22292 0.5 3
    1.287 0.5 0
  1.307 11 - 2
    1.1684 0.5 8
    1.2236 0.5 4
  1.31883 9 + 3
    0.794979 0.2429 26
    0.847263 0.3522 23
    1.21693 0.4049 6
  1.331 21 - 1
    0.3827 1 37
  1.391 5 + 2
    1.36523 0.5 2
    1.38926 0.5 1
  1.43223 7 - 6
    0.908379 0.085506 26
    0.993436 0.241617 22
    1.04787 0.14501 20
    1.14795 0.070635 15
    1.34219 0.371726 5
    1.43223 0.085506 0
  1.4442 15 + 2
    1.14762 0.5984 16
    1.35416 0.4016 5
  1.4552 17 - 3
    0.983633 0.119012 23
    1.36516 0.285729 5
    1.4552 0.59526 0
  1.46814 9 + 9
    0.14931 0.067151 52
    0.73649 0.059951 29
    0.944289 0.03597 26
    0.993108 0.071941 25
    0.996573 0.02398 23
    1.30709 0.201402 10
    1.34743 0.239802 7
    1.3781 0.175102 5
    1.46814 0.124701 0
  1.47483 3 - 6
    0.74318 0.123604 29
    1.17825 0.142304 16
    1.19055 0.123604 15
    1.31378 0.172305 10
    1.38479 0.374511 5
    1.47483 0.063672 0
  1.491 11 + 2
    1.3047 0.5 12
    1.42692 0.5 3
  1.516 5 - 2
    1.45192 0.5 3
    1.516 0.5 0
  1.545 7 + 2
    1.48092 0.5 3
    1.545 0.5 0
  1.581 13 - 2
    1.2434 0.5 18
    1.3947 0.5 12
  1.751 9 + 2
    1.72523 0.5 2
    1.74926 0.5 1
  1.765 3 - 2
    1.73923 0.5 2
    1.76326 0.5 1
  1.792 5 + 2
    1.76623 0.5 2
    1.79026 0.5 1
  1.814 1 - 2
    1.7121 0.5 6
    1.814 0.5 0
  1.832 7 + 2
    1.76792 0.5 3
    1.832 0.5 0
  1.857 11 - 2
    1.7184 0.5 8
    1.7736 0.5 4
  1.884 23 + 1
    0.553 1 53
  1.916 5 - 2
    1.85192 0.5 3
    1.916 0.5 0
  1.957 9 + 2
    1.93123 0.5 2
    1.95527 0.5 1
  1.972 3 - 2
    1.94623 0.5 2
    1.97026 0.5 1
  2.064 7 + 2
    1.99992 0.5 3
    2.064 0.5 0
  2.083 13 - 2
    1.7454 0.5 18
    1.8967 0.5 12
  2.105 15 + 2
    1.7674 0.5 18
    1.9187 0.5 12
  2.124 5 - 2
    2.05992 0.5 3
    2.124 0.5 0
  2.16 11 + 2
    1.9737 0.5 12
    2.09592 0.5 3
  2.181 7 - 2
    2.15523 0.5 2
    2.17927 0.5 1
  2.228 9 + 2
    2.20223 0.5 2
    2.22627 0.5 1
  2.271 3 - 2
    2.24523 0.5 2
    2.26926 0.5 1
  2.291 1 + 2
    2.26523 0.5 2
    2.28926 0.5 1
  2.317 5 - 2
    2.25292 0.5 3
    2.317 0.5 0
  2.34 7 + 2
    2.27592 0.5 3
    2.34 0.5 0

88 228 40
  0 0 + 0
  0.063823 4 + 1
    0.063823 1 0
  0.20468 8 + 1
    0.140857 1 1
  0.41168 12 + 1
    0.207 1 2
  0.47418 2 - 2
    0.410357 0.4517 1
    0.47418 0.5483 0
  0.53749 6 - 2
    0.33281 0.203 2
    0.473667 0.797 1
  0.65596 10 - 2
    0.24428 0.04761 3
    0.45128 0.95239 2
  0.72119 0 + 2
    0.24701 0.3129 4
    0.657367 0.6871 1
  0.77071 4 + 5
    0.23322 0.171283 5
    0.29653 0.181282 4
    0.56603 0.151185 2
    0.706887 0.214579 1
    0.77071 0.281672 0
  0.84615 4 + 2
    0.782327 0.5819 1
    0.84615 0.4181 0
  0.8803 8 + 4
    0.22434 0.232521 6
    0.34281 0.464942 5
    0.46862 0.099519 3
    0.67562 0.203018 2
  0.89885 6 + 2
    0.69417 0.175 2
    0.835027 0.825 1
  0.96699 14 - 1
    0.76231 1 2
  1.01324 4 + 2
    0.949417 0.97469 1
    1.01324 0.02531 0
  1.04201 10 - 1
    0.56783 1 4
  1.05278 2 - 3
    0.17248 0.016979 10
    0.51529 0.089366 5
    0.988957 0.893655 1
  1.07023 6 + 4
    0.17138 0.449578 11
    0.53274 0.029649 5
    0.86555 0.267387 2
    1.00641 0.253387 1
  1.08728 8 - 2
    0.54979 0.4845 5
    0.6131 0.5155 4
  1.1091 16 - 1
    0.90442 1 2
  1.14 8 + 2
    0.93532 0.5 2
    1.07618 0.5 1
  1.15759 12 - 2
    0.95291 0.2754 2
    1.09377 0.7246 1
  1.18226 10 - 2
    0.5263 0.2308 6
    0.64477 0.7692 5
  1.2 4 + 2
    1.13618 0.5 1
    1.2 0.5 0
  1.21997 4 + 2
    0.49878 0.2707 7
    1.01529 0.7293 2
  1.2385 6 - 2
    0.76432 0.2151 4
    1.17468 0.7849 1
  1.3495 8 + 2
    0.93782 0.2964 3
    1.14482 0.7036 2
  1.42 2 - 2
    1.35618 0.5 1
    1.42 0.5 0
  1.47175 6 - 3
    0.6256 0.26 9
    0.93426 0.5 5
    1.40793 0.24 1
  1.49533 14 - 2
    0.4251 0.187 16
    1.43151 0.813 1
  1.50714 10 - 3
    0.4939 0.1695 13
    1.03296 0.565 4
    1.30246 0.2655 2
  1.51887 12 + 3
    0.55188 0.069772 12
    1.04469 0.775223 4
    1.45505 0.155005 1
  1.5798 2 - 4
    0.42221 0.058122 20
    1.04231 0.38755 5
    1.10562 0.450641 4
    1.51598 0.103687 1
  1.91182 18 + 7
    0.82454 0.100694 17
    0.86981 0.138392 14
    0.89858 0.345879 13
    1.01297 0.044967 11
    1.19063 0.093384 7
    1.848 0.15909 1
    1.91182 0.117593 0
  1.97461 6 - 5
    0.81702 0.2602 20
    0.92183 0.3135 15
    1.50043 0.1129 4
    1.91079 0.1567 1
    1.97461 0.1567 0
  2.041 4 + 6
    0.82103 0.108899 23
    1.02776 0.140999 13
    1.1607 0.185298 10
    1.19485 0.092609 9
    1.31981 0.103599 7
    1.56682 0.368596 4
  2.10793 8 - 3
    0.60079 0.189 29
    1.90325 0.1479 2
    2.04411 0.6631 1
  2.1108 10 + 8
    1.0017 0.032409 18
    1.02352 0.047409 17
    1.09756 0.146297 13
    1.21195 0.02472 11
    1.34009 0.049429 8
    1.57331 0.251195 5
    1.63662 0.043349 4
    2.04698 0.405192 1
  2.1383 4 + 5
    1.17131 0.324668 12
    1.60081 0.188281 5
    1.66412 0.172083 4
    1.93362 0.165583 2
    2.1383 0.149385 0
  2.1613 4 + 6
    1.0522 0.086447 18
    1.19431 0.075638 12
    1.39059 0.093907 8
    1.95662 0.121596 2
    2.09748 0.540284 1
    2.1613 0.082128 0
  2.1682 6 - 3
    1.63071 0.1573 5
    1.96352 0.2809 2
    2.10438 0.5618 1

88 229 33
  0 5 + 0
  0.04125 7 + 1
    0.04125 1 0
  0.10704 5 + 2
    0.06579 0.5938 1
    0.10704 0.4062 0
  0.13745 5 - 2
    0.0962 0.4787 1
    0.13745 0.5213 0
  0.14267 1 + 1
    0.14267 1 0
  0.16874 3 + 2
    0.0617 0.4654 2
    0.16874 0.5346 0
  0.21291 3 + 5
    0.04417 0.775043 5
    0.07024 0.020861 4
    0.07546 0.003005 3
    0.10587 0.098585 2
    0.21291 0.102506 0
  0.47886 1 - 4
    0.26595 0.139599 6
    0.31012 0.103599 5
    0.33619 0.741193 4
    0.34141 0.01561 3
  0.50137 5 + 3
    0.33263 0.173697 5
    0.3587 0.792884 4
    0.36392 0.033419 3
  0.51818 3 - 4
    0.30527 0.08439 6
    0.34944 0.602 5
    0.37551 0.2981 4
    0.38073 0.01551 3
  0.54146 5 - 3
    0.37272 0.080572 5
    0.39879 0.698521 4
    0.40401 0.220907 3
  0.55085 3 - 2
    0.4134 0.4538 3
    0.55085 0.5462 0
  0.56307 3 - 2
    0.39433 0.4143 5
    0.56307 0.5857 0
  0.56564 3 - 2
    0.35273 0.1538 6
    0.42819 0.8462 3
  0.59826 1 - 2
    0.45559 0.4019 4
    0.59826 0.5981 0
  0.66507 9 + 2
    0.5224 0.4505 4
    0.66507 0.5495 0
  0.75291 11 + 4
    0.21145 0.085864 10
    0.27405 0.247783 7
    0.61546 0.343476 3
    0.64587 0.322877 2
  0.7732 7 - 1
    0.56029 1 6
  0.81388 9 + 3
    0.14881 0.209479 15
    0.60097 0.114889 6
    0.67121 0.675632 4
  0.8359 13 - 3
    0.33453 0.3413 8
    0.66716 0.3174 5
    0.69323 0.3413 4
  0.87088 7 + 3
    0.72821 0.2985 4
    0.76384 0.204 2
    0.87088 0.4975 0
  0.93462 11 - 2
    0.79195 0.4845 4
    0.82758 0.5155 2
  1.042 9 + 2
    0.89933 0.8475 4
    1.042 0.1525 0
  1.32264 15 - 1
    0.757 1 13
  1.34001 7 + 1
    0.5871 1 16
  1.37612 13 - 1
    0.4415 1 21
  1.41009 11 + 5
    0.84445 0.09523 13
    0.90872 0.317465 8
    1.19718 0.241273 6
    1.26742 0.317465 4
    1.41009 0.028567 0
  1.42487 9 - 8
    0.61099 0.066258 18
    0.85923 0.042299 13
    0.8618 0.056068 12
    0.88341 0.081548 10
    0.9235 0.041279 8
    1.25613 0.509685 5
    1.2822 0.183494 4
    1.28742 0.019369 3
  1.43702 7 + 4
    0.91884 0.164798 9
    1.26828 0.716293 5
    1.29957 0.055869 3
    1.39577 0.063039 1
  1.4613 17 - 7
    0.52668 0.122104 21
    0.59042 0.159705 20
    0.6254 0.087833 19
    0.94312 0.081262 9
    1.24839 0.046971 6
    1.29256 0.469714 5
    1.32385 0.032411 3
  1.60876 19 + 2
    1.44002 0.5814 5
    1.46609 0.4186 4
  1.69684 9 - 2
    1.17866 0.6211 9
    1.55417 0.3789 4
  1.72054 5 + 2
    0.31045 0.8264 26
    1.57787 0.1736 4

88 230 30
  0 0 + 0
  0.0574 4 + 1
    0.0574 1 0
  0.18664 8 + 1
    0.12924 1 1
  0.37915 12 + 1
    0.19251 1 2
  0.6264 16 + 1
    0.24725 1 3
  0.71093 2 - 2
    0.65353 0.49 1
    0.71093 0.51 0
  0.73487 4 + 3
    0.54823 0.025561 2
    0.67747 0.516221 1
    0.73487 0.458218 0
  0.76854 6 - 3
    0.05761 0.156498 5
    0.5819 0.099909 2
    0.71114 0.743593 1
  0.7859 6 + 2
    0.59926 0.2089 2
    0.7285 0.7911 1
  0.84988 8 + 2
    0.66324 0.6186 2
    0.79248 0.3814 1
  0.87997 10 - 1
    0.69333 1 2
  0.89312 8 - 2
    0.70648 0.5574 2
    0.83572 0.4426 1
  0.92 20 + 1
    0.2936 1 4
  0.93226 10 + 2
    0.55311 0.2331 3
    0.74562 0.7669 2
  1.03394 4 + 5
    0.2654 0.10291 7
    0.32301 0.155616 5
    0.8473 0.255926 2
    0.97654 0.354535 1
    1.03394 0.131013 0
  1.14457 8 + 5
    0.2646 0.1601 10
    0.37603 0.2528 7
    0.76542 0.1777 3
    0.95793 0.2806 2
    1.08717 0.1288 1
  1.15857 14 - 2
    0.97193 0.5181 2
    1.10117 0.4819 1
  1.18907 2 - 2
    0.33919 0.0689 9
    1.00243 0.9311 2
  1.21189 6 - 2
    0.83274 0.4118 3
    1.02525 0.5882 2
  1.2522 24 + 1
    0.3322 1 12
  1.28117 12 - 2
    1.09453 0.5618 2
    1.22377 0.4382 1
  1.34125 10 - 1
    1.15461 1 2
  1.46697 6 - 1
    0.587 1 10
  1.5224 4 - 4
    0.33333 0.179396 17
    0.75386 0.291494 7
    0.81147 0.448391 5
    1.465 0.080718 1
  1.6163 28 + 1
    0.3641 1 19
  1.8973 2 - 7
    0.86336 0.031698 14
    1.00418 0.132591 11
    1.1114 0.077805 8
    1.12876 0.250682 7
    1.16243 0.28818 6
    1.71066 0.181587 2
    1.8399 0.037457 1
  2.00505 6 - 5
    1.21915 0.087427 8
    1.23651 0.202194 7
    1.27018 0.202194 6
    1.29412 0.234993 5
    1.94765 0.273192 1
  2.0063 32 + 1
    0.39 1 24
  2.04352 14 - 3
    0.89895 0.3861 15
    1.27498 0.2278 7
    1.85688 0.3861 2
  2.4183 36 + 1
    0.412 1 27

88 231 31
  0 5 + 0
  0.04623 7 + 1
    0.04623 1 0
  0.06621 1 + 1
    0.06621 1 0
  0.08764 3 + 1
    0.02143 1 2
  0.0955 5 - 2
    0.04927 0.073009 1
    0.0955 0.926991 0
  0.28562 5 + 2
    0.23939 0.1969 1
    0.28562 0.8031 0
  0.39733 3 + 3
    0.30969 0.4725 3
    0.33112 0.3876 2
    0.39733 0.1399 0
  0.455 3 - 1
    0.3595 1 4
  0.45895 9 - 2
    0.36345 0.8306 4
    0.39274 0.1694 2
  0.50333 3 + 2
    0.41569 0.7057 3
    0.43712 0.2943 2
  0.51136 3 + 2
    0.42372 0.1601 3
    0.44515 0.8399 2
  0.52029 1 - 3
    0.12296 0.004991 6
    0.43265 0.559349 3
    0.45408 0.43566 2
  0.6054 3 - 2
    0.5099 0.2765 4
    0.53919 0.7235 2
  0.62059 1 + 2
    0.52509 0.8936 4
    0.62059 0.1064 0
  0.6466 3 - 1
    0.5511 1 4
  0.74072 11 - 5
    0.64522 0.143484 4
    0.65308 0.160882 3
    0.67451 0.434752 2
    0.69449 0.186979 1
    0.74072 0.073902 0
  0.75086 7 - 4
    0.2395 0.102294 10
    0.35353 0.073856 6
    0.66322 0.568166 3
    0.68465 0.255685 2
  0.7605 9 - 2
    0.67286 0.3827 3
    0.69429 0.6173 2
  0.7728 13 + 6
    0.25251 0.090347 11
    0.26144 0.065425 10
    0.37547 0.093467 6
    0.68516 0.311525 3
    0.70659 0.230518 2
    0.7728 0.208717 0
  0.7962 7 - 2
    0.70856 0.2958 3
    0.72999 0.7042 2
  0.83463 11 + 5
    0.31434 0.084201 11
    0.37568 0.140385 8
    0.4373 0.196478 6
    0.74699 0.350861 3
    0.83463 0.228075 0
  0.9292 9 - 2
    0.84156 0.3902 3
    0.86299 0.6098 2
  0.9319 15 + 3
    0.42857 0.20098 9
    0.47295 0.478452 8
    0.84426 0.320568 3
  0.94431 5 - 3
    0.65869 0.278928 5
    0.8781 0.194719 2
    0.94431 0.526353 0
  0.9711 7 + 2
    0.88346 0.5051 3
    0.90489 0.4949 2
  1.13879 13 - 3
    0.38793 0.189181 16
    1.05115 0.450455 3
    1.07258 0.360364 2
  1.6341 11 + 4
    0.7049 0.384638 21
    0.88324 0.142314 16
    1.54646 0.269227 3
    1.56789 0.20382 2
  1.6933 9 - 5
    1.07271 0.122412 13
    1.40768 0.122412 5
    1.60566 0.408241 3
    1.62709 0.134713 2
    1.6933 0.212221 0
  1.7182 5 + 4
    0.88357 0.151015 20
    1.09761 0.192719 13
    1.63056 0.520852 3
    1.65199 0.135414 2
  1.7301 7 - 2
    1.64246 0.7092 3
    1.66389 0.2908 2
  1.7739 17 + 7
    0.842 0.096392 22
    0.93927 0.076312 20
    1.0011 0.128503 18
    1.1273 0.096392 14
    1.37657 0.096392 6
    1.68626 0.401608 3
    1.70769 0.104402 2

88 232 7
  0 0 + 0
  0.0545 4 + 1
    0.0545 1 0
  0.1792 8 + 1
    0.1247 1 1
  0.3676 12 + 1
    0.1884 1 2
  0.8492 6 + 1
    0.67 1 2
  0.9002 10 + 1
    0.721 1 2
  1.05 2 + 1
    0.6824 1 3

88 233 1
  0 5 + 0

88 234 1
  0 0 + 0

