37 73 2
  0 7 + 0
  3.21 1 + 1
    3.21 1 0

37 74 30
  0 0 + 0
  0.478 4 + 1
    0.478 1 0
  1.006 6 + 1
    0.528 1 1
  1.053 8 + 1
    0.575 1 1
  1.225 8 + 1
    0.219 1 2
  1.489 10 + 2
    0.264 0.5 4
    0.483 0.5 2
  1.546 12 + 1
    0.493 1 3
  1.793 14 + 1
    0.304 1 5
  1.806 12 + 1
    0.581 1 4
  2.241 16 + 1
    0.695 1 6
  2.313 18 + 1
    0.52 1 7
  2.972 2 - 1
    0.731 1 9
  3.126 20 + 1
    0.885 1 9
  3.137 22 + 1
    0.824 1 10
  4.091 26 + 1
    0.954 1 13
  4.177 24 + 1
    1.051 1 12
  5.216 30 + 1
    1.125 1 14
  5.36 28 + 1
    1.183 1 15
  6.517 34 + 1
    1.301 1 16
  6.686 32 + 1
    1.326 1 17
  8.006 38 + 1
    1.489 1 18
  8.193 36 + 1
    1.507 1 19
  9.654 42 + 1
    1.648 1 20
  9.881 40 + 1
    1.688 1 21
  11.411 46 + 1
    1.757 1 22
  11.701 44 + 1
    1.82 1 23
  13.376 50 + 1
    1.965 1 24
  15.699 54 + 1
    2.323 1 26
  18.478 58 + 1
    2.779 1 27
  21.612 62 + 1
    3.134 1 28

37 75 32
  0 3 - 0
  0.038 3 + 1
    0.038 1 0
  0.144 5 - 1
    0.144 1 0
  0.354 7 - 2
    0.21 0.5 2
    0.354 0.5 0
  0.378 5 + 3
    0.234 0.333333 2
    0.34 0.333333 1
    0.378 0.333333 0
  0.542 7 + 1
    0.164 1 4
  0.607 9 - 2
    0.253 0.5 3
    0.463 0.5 2
  0.61 9 + 2
    0.068 0.5 5
    0.232 0.5 4
  0.924 11 - 2
    0.317 0.5 6
    0.57 0.5 3
  1.037 11 + 1
    0.495 1 5
  1.125 13 + 1
    0.515 1 7
  1.276 13 - 1
    0.669 1 6
  1.697 15 - 1
    0.773 1 8
  1.785 15 + 2
    0.66 0.5 10
    0.748 0.5 9
  1.858 17 + 1
    0.733 1 10
  2.138 17 - 1
    0.862 1 11
  2.662 19 - 1
    0.965 1 12
  2.78 21 + 1
    0.922 1 14
  3.179 21 - 1
    1.041 1 15
  3.803 23 - 1
    1.141 1 16
  3.865 25 + 1
    1.085 1 17
  4.38 25 - 1
    1.201 1 18
  5.092 29 + 1
    1.227 1 20
  5.102 27 - 1
    1.299 1 19
  5.727 29 - 1
    1.347 1 21
  6.444 33 + 1
    1.352 1 22
  6.539 31 - 1
    1.437 1 23
  7.195 33 - 1
    1.468 1 24
  7.926 37 + 1
    1.482 1 25
  9.543 41 + 1
    1.617 1 28
  11.309 45 + 1
    1.766 1 29
  13.285 49 + 1
    1.976 1 30

37 76 18
  0 2 - 0
  0.10129 4 - 1
    0.10129 1 0
  0.24638 6 - 2
    0.14509 0.8355 1
    0.24638 0.1645 0
  0.31693 8 + 1
    0.07055 1 2
  0.4544 8 - 2
    0.20802 0.886 2
    0.35311 0.114 1
  0.4768 2 + 4
    0.15987 0.025039 3
    0.23042 0.037289 2
    0.37551 0.205294 1
    0.4768 0.732378 0
  0.4972 10 + 1
    0.18027 1 3
  0.516 2 + 1
    0.41471 1 1
  0.6896 10 - 2
    0.2352 0.7537 4
    0.44322 0.2463 2
  0.7072 12 + 2
    0.21 0.8862 6
    0.39027 0.1138 3
  0.9778 14 + 2
    0.2706 0.8342 9
    0.4806 0.1658 6
  0.9829 2 + 5
    0.4669 0.069241 7
    0.66597 0.0116 3
    0.73652 0.02134 2
    0.88161 0.322306 1
    0.9829 0.575512 0
  1.0098 12 - 2
    0.3202 0.5999 8
    0.5554 0.4001 4
  1.2564 16 + 2
    0.2786 0.6683 10
    0.5492 0.3317 9
  1.275 2 + 1
    1.17371 1 1
  1.3329 14 - 2
    0.3231 0.6678 12
    0.6433 0.3322 8
  1.6201 18 + 2
    0.3637 0.5996 13
    0.6423 0.4004 10
  2.0191 20 + 1
    0.7627 1 13

37 77 100
  0 3 - 0
  0.14483 5 - 1
    0.14483 1 0
  0.14694 5 + 1
    0.14694 1 0
  0.30703 7 + 2
    0.16009 0.8367 2
    0.1622 0.1633 1
  0.33163 9 + 1
    0.18469 1 2
  0.36817 7 - 2
    0.22334 0.1792 1
    0.36817 0.8208 0
  0.61474 9 - 3
    0.24657 0.069862 5
    0.30771 0.029611 3
    0.46991 0.900527 1
  0.788 3 - 1
    0.64106 1 2
  0.80433 11 + 2
    0.4727 0.4948 4
    0.4973 0.5052 3
  0.83346 13 + 1
    0.50183 1 4
  0.94392 11 - 3
    0.32918 0.041098 6
    0.57575 0.936463 5
    0.61229 0.022439 4
  1.15375 9 + 4
    0.34942 0.078926 8
    0.82212 0.71405 4
    0.84672 0.14991 3
    1.00681 0.057114 2
  1.249 3 - 1
    0.94197 1 3
  1.28039 13 - 3
    0.33647 0.02993 10
    0.47606 0.01818 8
    0.66565 0.95189 6
  1.5412 9 - 1
    1.23417 1 3
  1.57596 17 + 1
    0.7425 1 9
  1.59039 15 + 2
    0.75693 0.2407 9
    0.78606 0.7593 8
  1.71737 15 - 1
    0.77345 1 10
  1.88255 13 + 4
    0.7288 0.237 11
    0.93863 0.1766 10
    1.04909 0.3759 9
    1.07822 0.2105 8
  2.12494 17 - 3
    0.40757 0.017391 17
    0.53455 0.019271 16
    0.84455 0.963338 13
  2.1495 11 - 3
    1.31604 0.5435 9
    1.34517 0.2826 8
    1.81787 0.1739 4
  2.3881 13 - 2
    0.2386 0.6567 20
    1.10771 0.3433 13
  2.3906 1 + 1
    1.55714 1 9
  2.52936 21 + 1
    0.9534 1 15
  2.59678 17 + 5
    0.71423 0.617463 18
    0.87941 0.096234 17
    1.00639 0.119093 16
    1.02082 0.148091 15
    1.76332 0.019119 9
  2.63058 19 + 2
    1.04019 0.8065 16
    1.05462 0.1935 15
  2.668 15 - 2
    0.2799 0.8015 21
    1.09204 0.1985 15
  2.6805 19 - 1
    0.96313 1 17
  2.9914 17 - 3
    0.3234 0.6224 26
    0.6033 0.2168 21
    0.86646 0.1608 19
  3.134 21 - 1
    1.00906 1 19
  3.2298 19 - 1
    1.10486 1 19
  3.343 19 - 3
    0.3516 0.535779 28
    0.675 0.421583 26
    0.81364 0.042638 23
  3.3537 5 + 2
    0.9631 0.5 22
    1.77774 0.5 15
  3.4113 21 + 3
    0.81452 0.914118 24
    0.88194 0.044781 23
    1.83534 0.041101 15
  3.67439 25 + 1
    1.14503 1 23
  3.7012 21 - 1
    1.0207 1 27
  3.7762 21 - 3
    0.4332 0.3752 31
    0.7848 0.2957 28
    1.65126 0.3291 19
  3.8234 23 - 1
    1.1429 1 27
  3.89457 23 + 3
    0.22018 0.01082 34
    1.26399 0.818184 25
    1.36521 0.170997 23
  4.1229 23 - 1
    0.8931 1 30
  4.2167 23 - 3
    0.440501 0.3537 36
    0.515501 0.1881 35
    0.873701 0.4582 31
  4.3035 25 - 1
    1.1695 1 29
  4.3297 25 + 2
    0.9184 0.956048 33
    1.80034 0.043952 23
  4.4175 5 + 2
    1.0638 0.7042 32
    1.88814 0.2958 23
  4.7116 25 - 2
    0.494899 0.5005 40
    0.9354 0.4995 36
  4.7586 25 - 3
    0.541899 0.1752 40
    0.9824 0.4999 36
    1.0574 0.3249 35
  5.0061 29 + 1
    1.33171 1 34
  5.1039 27 - 2
    0.981 0.1213 39
    1.2805 0.8787 37
  5.1764 27 - 2
    1.0535 0.1453 39
    1.353 0.8547 37
  5.3176 27 - 2
    0.606 0.3106 44
    1.1009 0.6894 40
  5.3454 27 + 2
    1.45083 0.909936 38
    1.67101 0.090064 34
  5.4413 29 + 2
    1.1116 0.914937 42
    1.76691 0.085063 34
  5.4785 3 + 1
    1.061 1 43
  5.6391 29 - 1
    1.3356 1 41
  5.6815 5 + 1
    1.264 1 43
  5.8516 29 - 2
    0.534 0.4685 49
    1.14 0.5315 44
  5.9564 29 - 2
    1.1978 0.8197 45
    1.2448 0.1803 44
  6.2995 31 - 2
    1.1231 0.2413 48
    1.1956 0.7587 47
  6.5255 33 + 1
    1.5194 1 46
  6.6156 31 - 1
    1.298 1 49
  6.6425 31 - 2
    1.4661 0.7582 48
    1.5386 0.2418 47
  6.7523 33 + 2
    1.311 0.6994 51
    1.7462 0.3006 46
  6.8065 3 + 2
    1.125 0.5988 54
    1.328 0.4012 52
  6.9275 31 + 1
    1.5821 1 50
  7.0871 33 - 1
    1.448 1 53
  7.1981 33 - 1
    1.559 1 53
  7.3584 33 - 1
    1.402 1 56
  7.506 5 + 1
    2.4999 1 46
  7.635 35 - 1
    1.3355 1 57
  8.0797 35 - 1
    1.4641 1 59
  8.1684 37 + 2
    1.4161 0.359 61
    1.6429 0.641 58
  8.2635 3 + 1
    1.457 1 62
  8.3005 35 - 1
    1.658 1 60
  8.3167 37 + 2
    1.5644 0.1015 61
    1.7912 0.8985 58
  8.5198 37 - 1
    1.4327 1 64
  8.6275 35 + 1
    1.7 1 63
  8.8321 37 - 1
    1.634 1 65
  8.8921 37 - 1
    1.694 1 65
  8.9544 37 - 1
    1.596 1 66
  9.146 39 - 1
    1.511 1 68
  9.794 7 + 1
    1.5305 1 71
  9.8173 41 + 1
    1.6489 1 70
  10.0968 41 - 1
    1.577 1 74
  10.1035 39 - 1
    1.803 1 72
  10.2096 41 + 2
    1.8929 0.7407 73
    2.0412 0.2593 70
  10.3651 41 - 1
    1.533 1 76
  10.7741 41 - 1
    1.882 1 77
  10.86 43 - 1
    1.714 1 79
  11.476 5 + 1
    1.682 1 80
  11.5823 45 + 1
    1.765 1 81
  11.8698 45 - 1
    1.773 1 82
  12.2647 45 + 2
    2.0551 0.5988 84
    2.4474 0.4012 81
  12.5586 3 + 1
    2.349 1 84
  12.807 47 - 1
    1.947 1 87
  13.5513 49 + 1
    1.969 1 89
  13.888 49 - 1
    2.0182 1 90
  15.013 51 - 1
    2.206 1 93
  15.797 53 + 1
    2.2457 1 94
  17.485 55 - 1
    2.472 1 96
  18.376 57 + 1
    2.579 1 97

37 78 74
  0 0 + 0
  0.04684 2 - 1
    0.04684 1 0
  0.10327 2 + 1
    0.10327 1 0
  0.11119 8 - 2
    0.00792 0.5 2
    0.06435 0.5 1
  0.1149 8 + 1
    0.00371 1 3
  0.1197 6 + 1
    0.0048 1 4
  0.13407 4 - 1
    0.08723 1 1
  0.16073 4 + 2
    0.05746 0.6674 2
    0.16073 0.3326 0
  0.2324 4 + 3
    0.09833 0.062272 6
    0.1127 0.071402 5
    0.12913 0.866326 2
  0.26379 10 - 2
    0.14889 0.028681 4
    0.1526 0.971319 3
  0.2701 10 + 1
    0.1552 1 4
  0.27439 6 - 2
    0.14032 0.8706 6
    0.22755 0.1294 1
  0.29007 2 + 4
    0.156 0.073156 6
    0.1868 0.191588 2
    0.24323 0.552567 1
    0.29007 0.182689 0
  0.31506 0 - 4
    0.02499 0.173217 12
    0.18099 0.160016 6
    0.21179 0.319432 2
    0.26822 0.347335 1
  0.32749 6 + 4
    0.09509 0.60497 8
    0.19342 0.031548 6
    0.20779 0.20109 5
    0.2163 0.162392 3
  0.33422 6 + 3
    0.17349 0.415 7
    0.21452 0.4652 5
    0.22303 0.1198 3
  0.35103 6 + 1
    0.1903 1 7
  0.39559 8 - 3
    0.0681 0.051219 14
    0.1318 0.210896 9
    0.2844 0.737885 3
  0.3989 8 + 2
    0.1288 0.3814 10
    0.284 0.6186 4
  0.4228 12 + 2
    0.1527 0.7719 10
    0.3079 0.2281 4
  0.44009 8 - 3
    0.1126 0.452605 14
    0.1657 0.494105 11
    0.30602 0.053291 6
  0.47589 8 - 3
    0.1484 0.1943 14
    0.2015 0.4705 11
    0.34182 0.3352 6
  0.48879 12 - 3
    0.21869 0.02299 10
    0.225 0.581006 9
    0.3776 0.396004 3
  0.5046 2 + 5
    0.18954 0.154628 13
    0.21453 0.310656 12
    0.37053 0.094737 6
    0.40133 0.153028 2
    0.45776 0.286952 1
  0.52883 8 + 3
    0.1778 0.383 16
    0.19461 0.1408 15
    0.3681 0.4762 7
  0.5383 8 + 2
    0.18727 0.4708 16
    0.20408 0.5292 15
  0.59529 10 - 4
    0.1552 0.277869 20
    0.1997 0.279769 17
    0.3315 0.371959 9
    0.4841 0.070402 3
  0.6635 10 - 3
    0.22341 0.412304 20
    0.38911 0.072391 11
    0.39971 0.515305 9
  0.6673 14 + 2
    0.2445 0.8794 19
    0.3972 0.1206 10
  0.6889 10 + 2
    0.2661 0.2252 19
    0.29 0.7748 18
  0.6995 10 - 2
    0.22361 0.4952 21
    0.42511 0.5048 11
  0.7368 12 + 3
    0.314 0.2142 19
    0.3379 0.2094 18
    0.4667 0.5764 10
  0.7671 14 - 3
    0.27831 0.367496 22
    0.3443 0.01361 19
    0.50331 0.618894 9
  0.7859 10 + 2
    0.2476 0.5955 25
    0.25707 0.4045 24
  0.8249 10 + 1
    0.47387 1 16
  0.8529 16 + 2
    0.1856 0.3594 28
    0.4301 0.6406 19
  0.87219 12 - 3
    0.2769 0.565989 26
    0.3834 0.337793 22
    0.4766 0.096218 17
  0.8963 4 - 1
    0.79303 1 2
  0.9493 12 - 2
    0.2858 0.7364 27
    0.50921 0.2636 20
  1.0174 12 - 3
    0.3179 0.1879 30
    0.52861 0.4921 22
    0.54151 0.32 21
  1.0809 12 + 2
    0.295 0.7364 33
    0.55207 0.2636 24
  1.1144 16 - 2
    0.3473 0.2708 32
    0.62561 0.7292 22
  1.1402 14 + 3
    0.287295 0.1722 35
    0.403395 0.6843 31
    0.472895 0.1435 28
  1.16579 14 - 3
    0.2936 0.593164 36
    0.39869 0.064956 32
    0.5705 0.341879 26
  1.2197 18 + 2
    0.3668 0.82 35
    0.5524 0.18 28
  1.2398 14 - 2
    0.2905 0.6265 38
    0.5763 0.3735 27
  1.3507 16 + 3
    0.210505 0.2134 42
    0.6139 0.1673 31
    0.6834 0.6193 28
  1.3577 14 - 1
    0.6582 1 30
  1.4542 16 + 2
    0.314005 0.5303 42
    0.7174 0.4697 31
  1.4743 18 - 2
    0.3599 0.207 41
    0.7072 0.793 32
  1.6036 16 - 2
    0.43781 0.5411 43
    0.73141 0.4589 36
  1.6255 20 + 2
    0.4058 0.1601 44
    0.7726 0.8399 35
  1.678 16 - 2
    0.4382 0.237 45
    0.7287 0.763 38
  1.7448 18 + 3
    0.3941 0.409041 46
    0.8919 0.281228 35
    1.0775 0.309731 28
  1.9416 20 - 2
    0.4673 0.2191 49
    0.8272 0.7809 41
  1.9845 18 - 2
    0.3809 0.1941 50
    0.81871 0.8059 43
  2.0236 22 + 2
    0.3981 0.4853 51
    0.8039 0.5147 44
  2.0436 18 - 1
    0.8038 1 45
  2.3692 22 - 2
    0.4276 0.1529 54
    0.8949 0.8471 49
  2.6511 24 + 2
    0.6275 0.1454 56
    1.0256 0.8546 51
  2.9554 24 - 1
    1.0138 1 54
  3.042 26 + 2
    0.3909 0.1876 59
    1.0184 0.8124 56
  3.4528 26 - 1
    1.0836 1 58
  3.8971 28 + 1
    1.246 1 59
  4.1514 28 - 1
    1.196 1 60
  4.2537 30 + 1
    1.2117 1 61
  4.7308 30 - 1
    1.278 1 62
  5.3271 32 + 1
    1.43 1 63
  5.6387 34 + 1
    1.385 1 65
  6.2028 34 - 1
    1.472 1 66
  7.1917 38 + 1
    1.553 1 68
  7.8659 38 - 1
    1.6631 1 69
  8.9308 42 + 1
    1.7391 1 70
  9.7229 42 - 1
    1.857 1 71

37 79 98
  0 5 + 0
  0.03937 3 - 1
    0.03937 1 0
  0.09676 9 + 1
    0.09676 1 0
  0.1196 5 + 1
    0.1196 1 0
  0.14438 3 - 2
    0.10501 0.8863 1
    0.14438 0.1137 0
  0.14701 7 + 1
    0.14701 1 0
  0.1742 5 - 2
    0.13483 0.912636 1
    0.1742 0.087363 0
  0.28534 1 - 2
    0.14096 0.6019 4
    0.24597 0.3981 1
  0.35713 3 + 1
    0.31776 1 1
  0.36337 5 - 2
    0.21899 0.5291 4
    0.324 0.4709 1
  0.45289 1 - 3
    0.16755 0.058138 7
    0.30851 0.137295 4
    0.41352 0.804568 1
  0.52551 7 - 4
    0.35131 0.2618 6
    0.42875 0.1724 2
    0.48614 0.2836 1
    0.52551 0.2822 0
  0.59756 13 + 1
    0.5008 1 2
  0.64393 11 + 2
    0.49692 0.6064 5
    0.54717 0.3936 2
  0.645 5 - 2
    0.4708 0.5 6
    0.49799 0.5 5
  0.65175 3 - 2
    0.36641 0.3205 7
    0.61238 0.6795 1
  0.67034 7 - 4
    0.30697 0.491625 9
    0.52596 0.264213 4
    0.63097 0.092855 1
    0.67034 0.151308 0
  0.67989 9 - 3
    0.15438 0.080991 11
    0.50569 0.799408 6
    0.53288 0.119601 5
  0.7744 9 + 1
    0.6548 1 3
  0.849 1 + 2
    0.80963 0.5 1
    0.849 0.5 0
  0.997 7 + 2
    0.8228 0.5 6
    0.84999 0.5 5
  1.02465 9 - 2
    0.35431 0.4633 16
    0.66128 0.5367 9
  1.04989 11 - 4
    0.37 0.075521 17
    0.45233 0.075251 12
    0.597 0.751508 10
    0.95313 0.097721 2
  1.16136 3 + 1
    1.0646 1 2
  1.182 1 + 2
    1.14263 0.5 1
    1.182 0.5 0
  1.294 5 + 2
    1.25463 0.5 1
    1.294 0.5 0
  1.34927 13 - 3
    0.29938 0.09427 22
    0.66938 0.8513 17
    0.70534 0.05443 13
  1.35326 17 + 1
    0.7557 1 12
  1.4 3 - 2
    1.36063 0.5 1
    1.4 0.5 0
  1.41085 11 - 2
    0.3862 0.2653 21
    0.74051 0.7347 16
  1.45444 15 + 2
    0.81051 0.6897 13
    0.85688 0.3103 12
  1.49 7 + 2
    1.3158 0.5 6
    1.34299 0.5 5
  1.5173 13 + 1
    0.7429 1 18
  1.81731 13 - 2
    0.40646 0.2487 29
    0.79266 0.7513 21
  1.82192 15 - 2
    0.47265 0.1152 26
    0.77203 0.8848 22
  1.85237 5 + 1
    1.25481 1 12
  2.093 1 + 2
    2.05363 0.5 1
    2.093 0.5 0
  2.16497 17 - 1
    0.8157 1 26
  2.2973 15 - 1
    0.88645 1 29
  2.31577 21 + 1
    0.96251 1 27
  2.358 17 + 1
    0.8407 1 32
  2.51025 19 + 1
    1.05581 1 30
  2.7111 17 - 1
    0.89379 1 33
  2.76762 19 - 1
    0.9457 1 34
  3.0297 19 - 2
    0.3186 0.5 42
    0.7324 0.5 38
  3.11147 21 - 1
    0.9465 1 37
  3.2393 3 + 1
    1.88604 1 27
  3.2762 21 + 1
    0.9182 1 40
  3.3089 19 - 1
    1.14393 1 37
  3.45758 25 + 1
    1.14181 1 39
  3.5817 21 - 1
    0.8706 1 42
  3.687 21 - 1
    0.3781 1 48
  3.6998 23 + 1
    1.18955 1 41
  3.8792 23 - 1
    1.11158 1 43
  3.9357 23 - 2
    0.354 0.5 50
    0.906 0.5 44
  4.1517 23 - 2
    0.4647 0.5 51
    0.8428 0.5 48
  4.20178 25 - 1
    1.09031 1 45
  4.2131 5 + 1
    1.89733 1 39
  4.3522 25 + 1
    1.076 1 47
  4.6007 25 - 1
    1.019 1 50
  4.6859 25 - 1
    0.5342 1 55
  4.77449 29 + 1
    1.31691 1 49
  4.9545 27 + 1
    1.2547 1 52
  5.1444 27 - 1
    1.2652 1 53
  5.2869 27 - 1
    0.601 1 60
  5.46349 29 - 1
    1.26171 1 56
  5.6077 29 + 1
    1.2555 1 58
  6.2757 33 + 1
    1.50121 1 61
  6.3463 31 + 1
    1.3918 1 62
  6.573 31 - 1
    1.4286 1 63
  6.8993 33 - 1
    1.43581 1 65
  6.9449 33 + 1
    1.3372 1 66
  7.9103 35 + 1
    1.564 1 68
  7.9643 37 + 1
    1.6886 1 67
  8.135 35 - 1
    1.562 1 69
  8.3406 37 + 1
    1.3957 1 71
  8.3704 37 - 1
    1.4711 1 70
  8.4897 37 - 1
    1.5904 1 70
  9.6423 39 + 1
    1.732 1 72
  9.828 41 + 1
    1.8637 1 73
  9.8507 41 - 1
    1.4803 1 76
  9.881 39 - 1
    1.746 1 74
  9.8914 41 + 1
    1.5508 1 75
  10.0283 41 - 1
    1.5386 1 77
  11.51 43 - 1
    1.629 1 81
  11.5191 45 - 1
    1.6684 1 80
  11.6063 43 + 1
    1.964 1 78
  11.6658 45 + 1
    1.7744 1 82
  11.7207 45 - 1
    1.6924 1 83
  11.834 45 + 1
    2.006 1 79
  13.211 47 - 1
    1.701 1 84
  13.5251 49 - 1
    2.006 1 85
  13.5977 49 - 1
    1.877 1 88
  13.6898 49 + 1
    2.024 1 87
  13.791 3 + 1
    1.957 1 89
  13.996 49 + 1
    2.162 1 89
  15.556 53 - 1
    1.9583 1 92
  15.984 53 + 1
    2.2942 1 93

37 80 77
  0 2 + 0
  0.17525 4 - 1
    0.17525 1 0
  0.2359 4 - 1
    0.2359 1 0
  0.3345 6 - 1
    0.15925 1 1
  0.37587 6 + 2
    0.20062 0.4328 1
    0.37587 0.5672 0
  0.3976 8 - 1
    0.0631 1 3
  0.4185 8 - 1
    0.084 1 3
  0.4697 8 - 3
    0.0512 0.333333 6
    0.0721 0.333333 5
    0.1352 0.333333 3
  0.4725 8 + 2
    0.09663 0.8887 4
    0.29725 0.1113 1
  0.4859 10 - 4
    0.0162 0.25 7
    0.0674 0.25 6
    0.0883 0.25 5
    0.1514 0.25 3
  0.4939 12 + 2
    0.008 0.5 9
    0.0214 0.5 8
  0.4964 10 - 2
    0.0779 0.5 6
    0.0988 0.5 5
  0.5537 2 + 3
    0.3178 0.085337 2
    0.37845 0.346586 1
    0.5537 0.568077 0
  0.5807 10 - 2
    0.1622 0.5 6
    0.1831 0.5 5
  0.5892 2 + 2
    0.41395 0.076637 1
    0.5892 0.923363 0
  0.6441 12 - 4
    0.1477 0.25 11
    0.1502 0.25 10
    0.1582 0.25 9
    0.2465 0.25 5
  0.6507 16 + 1
    0.1568 1 10
  0.6578 14 + 1
    0.1639 1 10
  0.7648 12 - 3
    0.2684 0.333333 11
    0.3463 0.333333 6
    0.3672 0.333333 5
  0.884 14 - 5
    0.2262 0.2 17
    0.2399 0.2 15
    0.3876 0.2 11
    0.3901 0.2 10
    0.3981 0.2 9
  1.0657 14 - 2
    0.485 0.5 13
    0.5798 0.5 9
  1.1082 16 - 1
    0.2242 1 19
  1.1231 18 + 1
    0.4724 1 16
  1.2051 16 - 3
    0.3211 0.333333 19
    0.5473 0.333333 17
    0.561 0.333333 15
  1.4111 16 - 1
    0.6463 1 18
  1.542 20 + 2
    0.4189 0.1153 22
    0.8913 0.8847 16
  1.5917 18 - 2
    0.3866 0.5 23
    0.7077 0.5 19
  1.8492 18 - 1
    0.7835 1 20
  1.9335 20 - 2
    0.3418 0.5 26
    0.8253 0.5 21
  1.9996 20 - 1
    0.7945 1 23
  2.0265 22 + 2
    0.4845 0.6948 25
    0.9034 0.3052 22
  2.1151 22 + 1
    0.992 1 22
  2.2601 20 - 1
    0.849 1 24
  2.5068 22 - 2
    0.5072 0.1669 29
    0.9151 0.8331 26
  2.68 24 + 2
    0.6535 0.074137 30
    1.138 0.925863 25
  2.7872 22 - 1
    0.938 1 27
  2.8645 24 - 1
    0.931 1 28
  2.9988 24 - 1
    0.9992 1 29
  3.1138 24 - 1
    0.607 1 33
  3.1301 26 + 1
    1.015 1 31
  3.1519 26 + 2
    0.4719 0.3012 34
    1.1254 0.6988 30
  3.2691 24 - 1
    1.009 1 32
  3.5988 26 - 1
    1.092 1 33
  3.9062 26 - 1
    1.119 1 35
  4.0329 28 + 2
    0.881 0.090936 40
    1.3529 0.909064 34
  4.1245 28 - 1
    1.26 1 36
  4.1778 28 - 1
    1.064 1 38
  4.1849 28 - 1
    1.1861 1 37
  4.3551 28 - 1
    1.086 1 41
  4.4459 30 + 2
    0.413 0.1308 44
    1.294 0.8692 40
  4.8428 30 - 1
    1.244 1 42
  4.9018 30 - 1
    1.303 1 42
  5.0272 30 - 1
    1.121 1 43
  5.3791 32 - 1
    1.024 1 48
  5.4078 32 - 1
    1.23 1 46
  5.543 32 + 1
    1.5101 1 44
  5.5469 32 - 1
    1.362 1 47
  5.9069 34 + 1
    1.461 1 49
  6.1368 34 - 1
    1.294 1 50
  6.2618 34 - 1
    1.36 1 51
  6.5781 36 - 1
    1.199 1 53
  6.7908 36 - 1
    1.383 1 54
  7.1129 36 - 1
    1.566 1 56
  7.185 36 + 1
    1.642 1 55
  7.5438 38 - 1
    1.407 1 58
  7.554 38 + 1
    1.6471 1 57
  7.875 40 - 1
    1.2969 1 60
  8.8619 40 - 1
    1.749 1 62
  9.005 40 + 1
    1.82 1 63
  9.0379 42 - 1
    1.4941 1 64
  9.329 42 + 1
    1.775 1 65
  9.397 44 - 1
    1.522 1 66
  10.7619 44 - 1
    1.9 1 67
  10.785 46 - 1
    1.7471 1 69
  11.164 46 + 1
    1.835 1 70
  12.756 50 - 1
    1.971 1 73
  13.176 50 + 1
    2.012 1 74

37 81 104
  0 3 - 0
  0.08631 9 + 1
    0.08631 1 0
  0.153481 5 - 1
    0.153481 1 0
  0.188228 3 - 1
    0.188228 1 0
  0.245271 5 + 2
    0.158961 0.1656 1
    0.245271 0.8344 0
  0.301241 3 - 4
    0.05597 0.003915 4
    0.113013 0.006642 3
    0.14776 0.948912 2
    0.301241 0.040531 0
  0.4338 7 + 1
    0.34749 1 1
  0.443387 3 - 4
    0.142146 0.141288 5
    0.255159 0.070384 3
    0.289906 0.004493 2
    0.443387 0.783835 0
  0.457 5 - 2
    0.0232 0.5 6
    0.303519 0.5 2
  0.463 5 + 2
    0.217729 0.5277 4
    0.463 0.4723 0
  0.48668 5 - 2
    0.333199 0.207 2
    0.48668 0.793 0
  0.574729 1 - 4
    0.131342 0.002612 7
    0.386501 0.176198 3
    0.421248 0.101199 2
    0.574729 0.719991 0
  0.6122 7 - 2
    0.458719 0.7466 2
    0.6122 0.2534 0
  0.63059 5 + 2
    0.477109 0.6898 2
    0.63059 0.3102 0
  0.70216 5 + 2
    0.548679 0.3549 2
    0.70216 0.6451 0
  0.7093 13 + 1
    0.62299 1 1
  0.71193 5 + 4
    0.410689 0.1388 5
    0.523702 0.4162 3
    0.558449 0.0117 2
    0.71193 0.4333 0
  0.8278 5 + 1
    0.394 1 6
  0.8962 7 - 3
    0.594959 0.333333 5
    0.742719 0.333333 2
    0.8962 0.333333 0
  0.90909 3 - 8
    0.19716 0.009578 16
    0.20693 0.031996 14
    0.42241 0.038085 10
    0.465703 0.125183 7
    0.607849 0.141081 5
    0.663819 0.008762 4
    0.720862 0.365252 3
    0.90909 0.280063 0
  0.913 5 + 2
    0.82669 0.5 1
    0.913 0.5 0
  0.91806 9 - 2
    0.30586 0.3349 12
    0.764579 0.6651 2
  0.92302 3 - 3
    0.348291 0.130601 11
    0.769539 0.056891 2
    0.92302 0.812508 0
  0.9872 11 + 3
    0.2779 0.3593 15
    0.5534 0.6045 6
    0.90089 0.0362 1
  1.0353 11 + 2
    0.326 0.2549 15
    0.94899 0.7451 1
  1.06142 1 + 1
    0.486691 1 11
  1.13 7 + 2
    0.6962 0.5 6
    0.976519 0.5 2
  1.1742 9 - 2
    0.562 0.5 12
    0.68752 0.5 10
  1.2189 3 + 1
    0.50697 1 16
  1.24363 3 + 3
    0.54147 0.6373 14
    0.998359 0.1782 4
    1.24363 0.1845 0
  1.305 9 + 1
    0.8712 1 6
  1.38189 3 - 8
    0.66996 0.021321 16
    0.807161 0.016581 11
    0.89521 0.029022 10
    0.938503 0.592136 7
    1.08065 0.098276 5
    1.13662 0.039662 4
    1.19366 0.121907 3
    1.38189 0.081095 0
  1.39 5 + 2
    1.30369 0.5 1
    1.39 0.5 0
  1.4164 11 - 2
    0.49834 0.091018 21
    0.8042 0.908982 12
  1.4642 9 + 1
    0.477 1 23
  1.5131 1 - 3
    0.81094 0.4739 14
    1.21186 0.1943 5
    1.32487 0.3318 3
  1.551 7 - 2
    1.46469 0.5 1
    1.551 0.5 0
  1.55367 1 - 11
    0.64458 0.060431 19
    0.84174 0.063991 16
    0.85151 0.177702 14
    0.978941 0.112001 11
    1.06699 0.113801 10
    1.09067 0.0471 9
    1.11028 0.085321 7
    1.25243 0.094211 5
    1.36544 0.03928 3
    1.40019 0.124401 2
    1.55367 0.081761 0
  1.5842 17 + 1
    0.8749 1 15
  1.5962 11 - 2
    0.67814 0.5 21
    0.7 0.5 18
  1.721 5 + 2
    1.63469 0.5 1
    1.721 0.5 0
  1.726 1 + 2
    1.53777 0.5 3
    1.726 0.5 0
  1.7386 13 - 2
    0.3222 0.083018 33
    0.82054 0.916982 21
  1.7748 15 + 2
    0.7876 0.2807 23
    1.0655 0.7193 15
  1.80435 7 - 4
    1.31767 0.1684 10
    1.36096 0.3333 7
    1.50311 0.1474 5
    1.61612 0.3509 3
  1.84815 7 - 3
    1.27342 0.645187 11
    1.60288 0.264495 4
    1.65992 0.090318 3
  1.9199 15 + 3
    0.3357 0.047881 38
    0.9327 0.357107 23
    1.2106 0.595012 15
  1.9676 13 - 2
    0.5512 0.5 33
    0.7934 0.5 27
  2.072 5 + 2
    1.98569 0.5 1
    2.072 0.5 0
  2.1654 1 + 3
    1.53481 0.1161 13
    1.67872 0.4375 10
    1.72201 0.4464 7
  2.205 5 + 2
    2.11869 0.5 1
    2.205 0.5 0
  2.264 7 + 2
    1.8302 0.5 6
    2.11052 0.5 2
  2.2942 15 - 2
    0.8778 0.5 33
    1.5849 0.5 15
  2.393 5 + 2
    2.30669 0.5 1
    2.393 0.5 0
  2.3945 15 - 1
    0.7983 1 39
  2.406 1 + 2
    2.21777 0.5 3
    2.406 0.5 0
  2.4256 13 - 1
    0.8294 1 39
  2.5757 17 - 3
    0.2815 0.333333 52
    0.6558 0.333333 46
    0.8371 0.333333 42
  2.598 3 - 2
    2.40977 0.5 3
    2.598 0.5 0
  2.5997 15 - 2
    0.8611 0.5 42
    1.8904 0.5 15
  2.608 21 + 1
    1.0238 1 38
  2.6361 15 - 3
    0.2105 0.333333 56
    0.3419 0.333333 52
    1.9268 0.333333 15
  2.638 3 + 2
    2.2042 0.5 6
    2.48452 0.5 2
  2.6562 17 - 2
    0.362 0.5 52
    0.9176 0.5 42
  2.6971 17 - 7
    0.061 0.142857 61
    0.0974 0.142857 59
    0.4029 0.142857 52
    0.7295 0.142857 47
    0.9223 0.142857 43
    0.9585 0.142857 42
    1.1129 0.142857 38
  2.7104 19 + 2
    0.9356 0.5 43
    1.1262 0.5 38
  2.7599 17 - 2
    0.7923 0.5 47
    1.0213 0.5 42
  2.801 1 + 2
    2.61277 0.5 3
    2.801 0.5 0
  2.812 7 + 2
    2.3782 0.5 6
    2.65852 0.5 2
  2.907 3 - 2
    2.71877 0.5 3
    2.907 0.5 0
  2.9976 19 - 1
    0.3005 1 64
  3.031 7 + 2
    2.5972 0.5 6
    2.87752 0.5 2
  3.0558 19 - 2
    0.7616 0.5 52
    1.4716 0.5 38
  3.0695 3 + 2
    0.4615 0.5 60
    1.4853 0.5 38
  3.1927 19 - 2
    0.617 0.5 57
    0.8985 0.5 52
  3.242 5 + 2
    3.15569 0.5 1
    3.242 0.5 0
  3.2868 19 - 1
    0.8923 1 54
  3.2952 21 - 2
    0.2394 0.5 72
    0.7195 0.5 57
  3.302 9 + 2
    3.05673 0.5 4
    3.21569 0.5 1
  3.4274 21 - 1
    0.4298 1 70
  3.4968 21 - 2
    0.7369 0.5 66
    0.8406 0.5 63
  3.6656 3 + 2
    0.5961 0.5 73
    1.0576 0.5 60
  3.7657 25 + 1
    1.1577 1 60
  3.9564 23 - 4
    0.529 0.25 79
    0.9006 0.25 72
    0.9588 0.25 70
    1.3484 0.25 60
  3.9932 23 - 1
    0.5658 1 79
  4.3173 25 - 1
    1.0221 1 77
  4.4963 25 - 1
    0.9995 1 80
  4.5912 25 - 1
    0.598 1 84
  5.0622 27 - 1
    1.1058 1 83
  5.0722 29 + 1
    1.3065 1 82
  5.2433 27 - 2
    0.6521 0.5 87
    1.2501 0.5 84
  5.4976 29 - 1
    1.1803 1 85
  5.6449 29 - 1
    1.1486 1 86
  5.9323 29 - 2
    0.689 0.5 90
    1.3411 0.5 87
  6.2593 31 - 1
    1.1971 1 88
  6.5652 33 + 1
    1.493 1 89
  6.6833 31 - 1
    1.44 1 90
  6.7946 33 - 1
    1.297 1 91
  6.9047 33 - 1
    1.2598 1 92
  7.5213 35 - 1
    1.262 1 94
  8.1954 37 - 2
    1.2907 0.5 98
    1.4008 0.5 97
  8.2403 37 + 1
    1.6751 1 95
  9.7414 41 - 1
    1.546 1 100
  10.0273 41 + 1
    1.787 1 101

37 82 58
  0 2 + 0
  0.069 10 - 1
    0.069 1 0
  0.0889 4 - 1
    0.0889 1 0
  0.1896 6 - 1
    0.1007 1 2
  0.1922 12 + 1
    0.1232 1 1
  0.21 10 + 1
    0.0178 1 4
  0.2257 4 - 1
    0.1368 1 2
  0.2446 6 - 1
    0.1557 1 2
  0.2562 14 + 1
    0.064 1 4
  0.2669 4 + 2
    0.178 0.5 2
    0.2669 0.5 0
  0.302 16 + 1
    0.0458 1 8
  0.3102 8 - 3
    0.0656 0.333333 7
    0.1206 0.333333 3
    0.2412 0.333333 1
  0.3404 6 - 2
    0.1147 0.5 6
    0.2515 0.5 2
  0.3942 12 - 1
    0.3252 1 1
  0.4399 10 - 2
    0.1297 0.5 11
    0.3709 0.5 1
  0.4849 12 - 1
    0.4159 1 1
  0.534 8 + 2
    0.1398 0.5 13
    0.465 0.5 1
  0.5393 12 + 1
    0.2831 1 8
  0.5761 10 + 1
    0.3839 1 4
  0.6091 10 - 2
    0.1692 0.5 14
    0.2989 0.5 11
  0.6178 6 - 1
    0.2774 1 12
  0.6614 10 + 2
    0.2215 0.5 14
    0.3512 0.5 11
  0.6915 14 - 5
    0.2066 0.7228 15
    0.2973 0.09995 13
    0.4353 0.07091 8
    0.4993 0.07088 4
    0.6225 0.03546 1
  0.7052 12 + 2
    0.1291 0.3485 18
    0.4952 0.6515 5
  0.7349 14 - 2
    0.4329 0.4014 10
    0.5427 0.5986 4
  0.7726 2 + 1
    0.2333 1 17
  0.8645 18 + 1
    0.5625 1 10
  0.8997 14 + 2
    0.1945 0.4012 23
    0.7075 0.5988 4
  1.0258 16 + 2
    0.1261 0.3005 27
    0.8336 0.6995 4
  1.0851 16 - 2
    0.3936 0.5561 22
    0.6002 0.4439 15
  1.2116 18 + 2
    0.1858 0.2531 28
    0.9554 0.7469 8
  1.2823 20 + 2
    0.4178 0.1154 26
    0.9803 0.8846 10
  1.3573 16 - 3
    0.6658 0.051311 22
    0.9631 0.854709 13
    1.0553 0.093981 10
  1.7043 20 + 1
    0.8398 1 26
  1.734 18 - 1
    1.0425 1 22
  1.8443 18 - 3
    0.1103 0.147 34
    0.7592 0.6614 29
    1.5423 0.1916 10
  1.9033 22 + 2
    0.621 0.7044 31
    1.0388 0.2956 26
  1.9636 20 + 1
    1.0991 1 26
  2.2917 22 + 1
    0.5874 1 33
  2.3958 20 - 2
    0.6618 0.2859 34
    1.0385 0.7141 32
  2.5526 24 + 2
    0.2609 0.074837 38
    1.2703 0.925163 31
  2.6183 22 - 4
    0.2225 0.337 39
    0.774 0.3316 35
    0.8843 0.1657 34
    0.914 0.1657 33
  2.7107 22 - 2
    0.8664 0.3976 35
    0.9767 0.6024 34
  2.9614 4 - 1
    1.0581 1 36
  3.0289 24 - 2
    0.3182 0.065619 42
    0.4106 0.934381 41
  3.043 2 + 1
    1.1397 1 36
  3.1847 26 + 2
    0.6321 0.4447 40
    1.2814 0.5553 36
  3.5017 26 - 2
    0.4728 0.8549 44
    0.8834 0.1451 41
  3.5205 4 - 1
    0.5591 1 43
  3.651 26 - 1
    0.9403 1 42
  3.6708 4 + 1
    1.3791 1 38
  4.0171 28 + 1
    1.4645 1 40
  4.0491 28 - 2
    0.5474 0.7578 47
    1.0202 0.2422 44
  4.5322 30 + 1
    1.3475 1 46
  4.7176 30 - 2
    0.6685 0.6137 52
    1.2159 0.3863 47
  5.486 32 - 2
    0.7684 0.5 54
    1.4369 0.5 52
  5.5908 32 + 1
    1.5737 1 51
  6.0137 34 + 1
    1.4815 1 53

37 83 114
  0 5 - 0
  0.00526 3 - 1
    0.00526 1 0
  0.04211 9 + 1
    0.04211 1 0
  0.09939 3 - 1
    0.09413 1 1
  0.38938 3 - 2
    0.28999 0.2077 3
    0.38938 0.7923 0
  0.423625 5 + 3
    0.381515 0.702614 2
    0.418365 0.218504 1
    0.423625 0.078882 0
  0.44 3 - 2
    0.34061 0.5 3
    0.43474 0.5 1
  0.56465 5 + 2
    0.55939 0.6993 1
    0.56465 0.3007 0
  0.73727 7 - 3
    0.63788 0.1188 3
    0.73201 0.2216 1
    0.73727 0.6596 0
  0.75943 5 + 3
    0.66004 0.007162 3
    0.75417 0.179007 1
    0.75943 0.813831 0
  0.79399 13 + 1
    0.75188 1 2
  0.80473 7 + 3
    0.381105 0.076927 5
    0.76262 0.920461 2
    0.80473 0.002612 0
  0.829 3 - 2
    0.72961 0.5 3
    0.82374 0.5 1
  1.03642 7 + 1
    0.99431 1 2
  1.03773 11 + 1
    0.99562 1 2
  1.04404 5 + 3
    0.94465 0.241076 3
    1.03878 0.151785 1
    1.04404 0.607139 0
  1.05448 7 - 2
    0.630855 0.1282 5
    1.05448 0.8718 0
  1.08333 3 - 1
    0.659705 1 5
  1.08595 9 - 2
    1.04384 0.909073 2
    1.08595 0.090927 0
  1.0964 9 + 1
    0.29167 1 11
  1.10295 9 - 2
    0.36568 0.091291 8
    1.10295 0.908709 0
  1.10964 7 - 2
    1.10438 0.8993 1
    1.10964 0.1007 0
  1.116 9 + 2
    0.692375 0.5 5
    1.07389 0.5 2
  1.20214 9 + 4
    0.63749 0.01245 7
    0.778515 0.541022 5
    1.16003 0.403316 2
    1.20214 0.043212 0
  1.24303 5 + 8
    0.15708 0.00226 18
    0.1597 0.049211 17
    0.4383 0.376711 11
    0.67838 0.021801 7
    0.819405 0.369011 5
    0.85365 0.056712 4
    1.23777 0.092373 1
    1.24303 0.031921 0
  1.343 3 - 2
    1.24361 0.5 3
    1.33774 0.5 1
  1.5868 9 + 2
    0.54907 0.4418 14
    1.54469 0.5582 2
  1.59771 7 - 5
    0.83828 0.077202 9
    1.17409 0.350861 5
    1.20833 0.175481 4
    1.59245 0.119287 1
    1.59771 0.27717 0
  1.629 5 + 2
    1.58689 0.5 2
    1.62374 0.5 1
  1.69539 5 + 5
    0.65135 0.241919 15
    0.89066 0.335827 11
    1.13074 0.097028 7
    1.27177 0.161113 5
    1.65328 0.164113 2
  1.74891 7 - 8
    0.639265 0.090694 21
    0.71249 0.055522 13
    0.94418 0.26061 11
    1.01164 0.052822 8
    1.32529 0.385415 5
    1.64952 0.067833 3
    1.7068 0.043552 2
    1.74891 0.043552 0
  1.7542 11 - 2
    0.65125 0.1791 20
    1.01693 0.8209 8
  1.7806 11 - 2
    0.98661 0.4525 10
    1.73849 0.5475 2
  1.79873 7 + 6
    0.7154 0.123191 17
    0.994 0.71895 11
    1.23408 0.045457 7
    1.37511 0.055656 5
    1.75662 0.023828 2
    1.79873 0.032918 0
  1.80788 5 + 4
    0.56485 0.413379 24
    0.72193 0.068197 18
    1.38426 0.453577 5
    1.76577 0.064847 2
  1.88998 17 + 1
    1.09599 1 10
  1.91621 7 - 5
    0.67318 0.407408 24
    0.83026 0.036681 18
    0.87979 0.211804 13
    1.8741 0.167003 2
    1.91095 0.177104 1
  1.94333 15 + 2
    0.9056 0.2754 14
    1.14934 0.7246 10
  1.95191 5 + 9
    0.842265 0.04792 21
    0.86858 0.005529 17
    0.90787 0.063419 15
    1.14718 0.268298 11
    1.21464 0.05012 8
    1.52829 0.01931 5
    1.56253 0.368497 4
    1.94665 0.01511 1
    1.95191 0.161799 0
  2.02013 5 - 3
    0.910485 0.316 21
    1.2154 0.5743 11
    2.01487 0.1097 1
  2.05593 7 + 5
    0.85379 0.322816 23
    1.01951 0.120606 13
    1.2512 0.035852 11
    1.2965 0.325916 9
    1.66655 0.19481 4
  2.062 3 - 2
    1.96261 0.5 3
    2.05674 0.5 1
  2.0675 11 - 1
    2.02539 1 2
  2.074 13 - 1
    1.03627 1 14
  2.0901 7 - 6
    1.00415 0.059589 18
    1.03562 0.099309 16
    1.33067 0.03971 9
    1.66648 0.212398 5
    2.04799 0.258097 2
    2.0901 0.330897 0
  2.1024 13 - 2
    0.3482 0.094636 31
    0.99945 0.905364 20
  2.13463 7 + 5
    0.8916 0.439965 24
    1.0513 0.360871 17
    1.08015 0.017589 16
    1.71101 0.095402 5
    2.13463 0.086173 0
  2.14699 7 + 6
    0.90396 0.065648 24
    0.94485 0.124096 23
    1.04404 0.312491 20
    1.10295 0.259392 15
    2.0476 0.084977 3
    2.14699 0.153395 0
  2.17778 7 + 4
    0.15765 0.3578 39
    0.93475 0.2549 24
    1.44051 0.2547 8
    1.61313 0.1326 7
  2.2066 15 + 1
    1.16887 1 14
  2.3098 1 - 1
    1.27207 1 14
  2.3138 13 - 2
    1.21085 0.7831 20
    1.27607 0.2169 14
  2.3184 17 + 2
    0.42842 0.2488 35
    1.52441 0.7512 10
  2.334 1 - 2
    0.31387 0.5 39
    2.334 0.5 0
  2.4145 15 - 6
    0.1007 0.396324 51
    0.2079 0.067334 49
    0.3121 0.215513 45
    0.3405 0.040812 43
    0.6603 0.111507 31
    1.62051 0.16851 10
  2.442 1 + 2
    2.34261 0.5 3
    2.43674 0.5 1
  2.568 1 - 2
    0.54787 0.5 39
    2.568 0.5 0
  2.5725 3 + 2
    1.76777 0.5 11
    2.5725 0.5 0
  2.577 15 - 1
    0.8228 1 31
  2.584 1 + 2
    2.48461 0.5 3
    2.57874 0.5 1
  2.5972 17 - 2
    0.1827 0.7621 54
    0.65387 0.2379 37
  2.691 1 + 2
    2.59161 0.5 3
    2.68574 0.5 1
  2.7006 17 - 2
    0.1236 0.7868 58
    0.2861 0.2132 54
  2.7736 3 + 2
    0.1764 0.1611 60
    0.3591 0.8389 54
  2.782 3 - 2
    2.68261 0.5 3
    2.77674 0.5 1
  2.86019 21 + 1
    0.97021 1 35
  2.906 5 + 2
    2.86389 0.5 2
    2.90074 0.5 1
  2.9592 19 - 2
    0.2586 0.2583 62
    0.362 0.7417 60
  3.059 1 + 2
    2.95961 0.5 3
    3.05374 0.5 1
  3.147 3 - 2
    3.04761 0.5 3
    3.14174 0.5 1
  3.1962 19 - 2
    0.8778 0.3333 52
    1.30622 0.6667 35
  3.242 5 + 2
    3.19989 0.5 2
    3.23674 0.5 1
  3.33061 21 + 2
    0.47042 0.2004 65
    1.44063 0.7996 35
  3.364 21 - 1
    0.4048 1 67
  3.421 5 + 2
    3.37889 0.5 2
    3.41574 0.5 1
  3.5374 21 + 1
    1.219 1 52
  3.5595 3 - 1
    0.6003 1 67
  3.6023 21 - 2
    0.2383 0.5 73
    0.6431 0.5 67
  3.616 3 - 2
    3.51661 0.5 3
    3.61074 0.5 1
  3.72761 23 + 2
    0.397 0.0994 72
    0.86742 0.9006 65
  3.7662 21 - 2
    0.43559 0.5 72
    1.4478 0.5 52
  3.783 5 + 2
    3.74089 0.5 2
    3.77774 0.5 1
  3.915 1 - 2
    1.89487 0.5 39
    3.915 0.5 0
  3.99293 25 + 2
    0.26532 0.2017 79
    1.13274 0.7983 65
  4.0858 23 - 2
    0.4835 0.5 77
    0.7218 0.5 73
  4.1646 23 - 4
    0.3984 0.25 80
    0.83399 0.25 72
    0.9684 0.25 70
    1.30441 0.25 65
  4.4361 25 + 2
    0.2715 0.1155 85
    0.70849 0.8845 79
  4.4612 25 + 1
    0.73359 1 79
  4.6429 25 - 2
    0.5571 0.5 84
    1.2789 0.5 73
  4.7155 25 + 2
    1.1781 0.5 75
    1.38489 0.5 72
  4.9635 27 + 2
    0.5023 0.2484 87
    0.97057 0.7516 83
  5.2168 27 + 1
    0.7807 1 86
  5.3162 29 + 2
    0.3527 0.2257 90
    1.32327 0.7743 83
  5.4489 27 - 2
    0.806 0.5 88
    1.3631 0.5 84
  5.578 27 + 2
    0.9351 0.5 88
    1.1419 0.5 86
  5.668 29 + 2
    0.4512 0.5007 91
    1.2319 0.4993 86
  5.9718 29 - 2
    0.5229 0.5 93
    1.3289 0.5 88
  6.0886 29 + 1
    1.3731 1 89
  6.2508 29 + 1
    1.034 1 91
  6.4238 31 + 1
    1.207 1 91
  6.4388 31 + 2
    0.7708 0.5 95
    1.4753 0.5 90
  6.4709 31 + 1
    0.8029 1 95
  6.6693 31 + 1
    1.7058 1 90
  6.6891 31 - 2
    0.7173 0.5 96
    1.2402 0.5 93
  6.9128 31 + 1
    1.696 1 91
  7.04055 33 + 1
    1.72435 1 92
  7.1679 33 + 3
    0.697 0.333333 101
    0.7291 0.333333 100
    1.4999 0.333333 95
  7.3735 33 - 2
    0.6844 0.5 103
    1.4017 0.5 96
  7.6336 33 + 1
    1.545 1 97
  8.0951 35 - 2
    0.7216 0.5 107
    1.406 0.5 103
  8.1939 35 + 2
    1.026 0.5 106
    1.7551 0.5 100
  8.6728 37 - 2
    0.5777 0.5 109
    1.2993 0.5 107
  8.8343 37 + 1
    1.79375 1 105
  9.342 39 - 2
    0.6692 0.5 111
    1.2469 0.5 109

37 84 66
  0 4 - 0
  0.24806 6 - 1
    0.24806 1 0
  0.46359 12 - 2
    0.21553 0.6554 1
    0.46359 0.3446 0
  0.46664 10 - 2
    0.00305 0.4409 2
    0.21858 0.5591 1
  0.4724 8 - 1
    0.22434 1 1
  0.54328 10 + 2
    0.07088 0.7181 4
    0.07664 0.2819 3
  0.564 4 + 1
    0.31594 1 1
  0.5729 12 + 1
    0.02962 1 5
  0.6021 12 - 1
    0.13546 1 3
  0.6136 10 - 3
    0.1412 0.333333 4
    0.14696 0.333333 3
    0.15001 0.333333 2
  0.6197 14 + 1
    0.0468 1 7
  0.67799 14 - 1
    0.2144 1 2
  0.7028 16 + 1
    0.0831 1 10
  0.718 2 + 1
    0.718 1 0
  0.768 6 - 2
    0.30136 0.5 3
    0.51994 0.5 1
  0.797 2 + 2
    0.079 0.5 13
    0.797 0.5 0
  0.832 8 + 2
    0.36536 0.5 3
    0.58394 0.5 1
  0.89 8 + 2
    0.42336 0.5 3
    0.64194 0.5 1
  0.929 6 + 2
    0.4566 0.5 4
    0.929 0.5 0
  0.941 8 - 2
    0.47741 0.5 2
    0.941 0.5 0
  0.957 4 - 2
    0.4846 0.5 4
    0.957 0.5 0
  1.007 2 + 2
    0.289 0.5 13
    1.007 0.5 0
  1.066 4 + 2
    0.502 0.5 6
    0.81794 0.5 1
  1.136 4 + 2
    0.572 0.5 6
    0.88794 0.5 1
  1.1569 12 + 2
    0.4541 0.5 12
    0.584 0.5 7
  1.1671 8 - 1
    0.565 1 8
  1.218 2 + 2
    0.5 0.5 13
    1.218 0.5 0
  1.286 6 - 2
    0.81936 0.5 3
    1.03794 0.5 1
  1.3336 18 + 1
    0.6308 1 12
  1.3978 16 - 1
    0.71981 1 11
  1.6623 16 - 2
    0.9595 0.6328 12
    0.98431 0.3672 11
  1.7451 14 - 1
    1.27846 1 3
  1.7579 20 + 2
    0.4243 0.4799 28
    1.0551 0.5201 12
  1.8717 18 + 1
    1.1689 1 12
  2.068 18 - 1
    1.39001 1 11
  2.4287 20 + 2
    0.557 0.1291 33
    1.0951 0.8709 28
  2.4618 18 - 1
    1.064 1 29
  2.4693 20 - 1
    0.4013 1 34
  2.4766 22 + 1
    0.7187 1 32
  2.7106 20 - 1
    1.377 1 28
  2.9179 22 + 2
    0.4892 0.7637 35
    1.16 0.2363 32
  2.9368 20 - 4
    0.475 0.280406 36
    0.8688 0.076682 34
    1.1789 0.363207 32
    1.2745 0.279706 30
  2.9724 18 - 1
    1.2273 1 31
  3.0282 20 - 1
    1.3659 1 30
  3.1079 20 - 3
    0.1355 0.2434 42
    1.4456 0.2896 30
    1.7743 0.467 28
  3.1221 22 - 2
    0.1853 0.7101 41
    0.4115 0.2899 39
  3.1669 24 + 2
    0.6903 0.2734 38
    1.409 0.7266 32
  3.3949 22 - 3
    0.287 0.307931 44
    0.3667 0.290529 43
    1.637 0.40154 32
  3.4082 24 + 2
    0.4903 0.6542 40
    1.6503 0.3458 32
  3.5612 24 - 1
    0.4391 1 45
  3.6808 24 - 1
    0.5587 1 45
  3.7215 24 - 3
    0.3266 0.516495 47
    0.5994 0.421396 45
    1.2522 0.062109 37
  3.7861 26 - 2
    0.2249 0.4912 49
    0.6192 0.5088 46
  4.131 26 - 3
    0.3449 0.1342 52
    0.4502 0.5126 50
    0.5698 0.3532 49
  4.1667 26 - 2
    0.4452 0.9019 51
    0.7718 0.0981 47
  4.2464 4 + 1
    0.8382 1 48
  4.7148 28 - 2
    0.5481 0.6996 54
    0.9933 0.3004 51
  4.8014 28 - 3
    0.6704 0.5472 53
    1.0153 0.35 52
    1.2402 0.1028 49
  4.8247 28 + 1
    1.6578 1 46
  5.2545 30 - 1
    0.4531 1 57
  5.3718 30 - 2
    0.657 0.5527 56
    1.2051 0.4473 54
  5.9333 32 - 1
    0.6788 1 59
  6.0948 32 - 2
    0.723 0.5265 60
    1.38 0.4735 56
  6.4717 34 - 1
    0.538401 1 61
  6.8612 34 - 2
    0.7664 0.5293 62
    1.4894 0.4707 60
  7.3827 36 - 1
    0.910999 1 63

37 85 98
  0 5 - 0
  0.151161 3 - 1
    0.151161 1 0
  0.280986 1 - 2
    0.129825 0.994491 1
    0.280986 0.005509 0
  0.514008 9 + 2
    0.362847 5e-06 1
    0.514008 0.999995 0
  0.731822 3 - 3
    0.450836 0.394808 2
    0.580661 0.029381 1
    0.731822 0.575812 0
  0.86898 7 - 3
    0.354972 0.0204 3
    0.717819 0.009704 1
    0.86898 0.969896 0
  0.88582 1 - 2
    0.734659 0.964329 1
    0.88582 0.035671 0
  0.9197 3 - 2
    0.768539 0.7519 1
    0.9197 0.2481 0
  0.93533 5 - 3
    0.654344 0.003519 2
    0.784169 0.703287 1
    0.93533 0.293194 0
  0.95095 5 + 3
    0.436942 0.033259 3
    0.799789 0.092658 1
    0.95095 0.874083 0
  1.175 9 + 2
    0.30602 0.5 5
    0.660992 0.5 3
  1.23445 5 - 4
    0.502628 0.0243 4
    0.953464 0.067009 2
    1.08329 0.712693 1
    1.23445 0.195998 0
  1.29337 13 + 1
    0.779362 1 3
  1.29594 3 - 4
    0.36061 0.01748 8
    1.01495 0.116002 2
    1.14478 0.580012 1
    1.29594 0.286506 0
  1.38421 5 - 3
    0.44888 0.521905 8
    1.23305 0.452605 1
    1.38421 0.02549 0
  1.44506 7 - 3
    0.57608 0.2955 5
    0.931052 0.0766 3
    1.44506 0.6279 0
  1.44921 5 + 4
    0.49826 0.159395 9
    0.58023 0.022829 5
    0.935202 0.691879 3
    1.44921 0.125896 0
  1.49629 1 - 4
    0.61047 0.144996 6
    1.2153 0.086227 2
    1.34513 0.65818 1
    1.49629 0.110597 0
  1.63146 5 - 4
    0.68051 0.034983 9
    0.76248 0.660253 5
    1.4803 0.053444 1
    1.63146 0.25132 0
  1.66863 3 + 1
    1.38764 1 2
  1.7478 11 + 2
    0.45443 0.1456 12
    1.23379 0.8544 3
  1.78693 5 + 3
    1.05511 0.083155 4
    1.27292 0.181089 3
    1.78693 0.735756 0
  1.79228 1 - 2
    1.06046 0.1151 4
    1.64112 0.8849 1
  1.8022 9 + 2
    0.50883 0.056762 12
    1.28819 0.943238 3
  1.85262 5 + 2
    1.1208 0.4186 4
    1.85262 0.5814 0
  1.891 7 + 2
    0.95567 0.5 8
    1.891 0.5 0
  1.9297 1 + 1
    1.77854 1 1
  1.95003 1 - 2
    1.79887 0.5882 1
    1.95003 0.4118 0
  1.9999 1 - 1
    1.9999 1 0
  2.02811 3 + 2
    1.10841 0.3789 7
    1.87695 0.6211 1
  2.0395 1 + 1
    1.75851 1 2
  2.053 7 + 2
    1.11767 0.5 8
    2.053 0.5 0
  2.0876 5 - 1
    1.80661 1 2
  2.2024 7 + 1
    2.05124 1 1
  2.304 11 + 2
    0.413 0.5 25
    0.5562 0.5 20
  2.3735 3 + 1
    2.22234 1 1
  2.47677 17 + 1
    1.1834 1 12
  2.514 7 - 2
    1.99999 0.5 3
    2.36284 0.5 1
  2.602 9 - 2
    1.66667 0.5 8
    2.602 0.5 0
  2.65928 11 + 1
    1.36591 1 12
  2.68588 15 + 1
    1.39251 1 12
  2.73 3 - 2
    1.99818 0.5 4
    2.57884 0.5 1
  2.801 1 + 2
    2.06918 0.5 4
    2.64984 0.5 1
  2.82657 19 - 1
    0.3498 1 36
  2.948 1 + 2
    2.21618 0.5 4
    2.79684 0.5 1
  3.024 7 - 2
    2.50999 0.5 3
    2.87284 0.5 1
  3.05456 21 - 1
    0.22799 1 43
  3.0733 3 + 1
    0.59653 1 36
  3.148 9 - 2
    2.21267 0.5 8
    3.148 0.5 0
  3.2 7 + 2
    2.26467 0.5 8
    3.2 0.5 0
  3.31 3 - 2
    2.57818 0.5 4
    3.15884 0.5 1
  3.398 5 + 2
    2.88399 0.5 3
    3.24684 0.5 1
  3.49119 21 + 2
    0.43663 0.1527 46
    1.01442 0.8473 36
  3.541 7 - 2
    3.02699 0.5 3
    3.38984 0.5 1
  3.598 3 - 2
    2.86618 0.5 4
    3.44684 0.5 1
  3.656 1 + 2
    2.92418 0.5 4
    3.50484 0.5 1
  3.677 9 - 2
    2.74167 0.5 8
    3.677 0.5 0
  3.698 1 + 2
    2.96618 0.5 4
    3.54684 0.5 1
  3.7172 5 - 1
    0.66264 1 46
  3.886 7 + 2
    2.95067 0.5 8
    3.886 0.5 0
  3.981 1 + 2
    3.24918 0.5 4
    3.82984 0.5 1
  4.039 3 - 2
    3.30718 0.5 4
    3.88784 0.5 1
  4.117 5 - 2
    3.83601 0.5 2
    4.117 0.5 0
  4.13554 23 + 1
    0.64435 1 52
  4.195 3 - 2
    3.46318 0.5 4
    4.04384 0.5 1
  4.22 1 + 2
    3.48818 0.5 4
    4.06884 0.5 1
  4.343 7 - 2
    3.82899 0.5 3
    4.19184 0.5 1
  4.3798 5 + 1
    0.6626 1 58
  4.484 9 - 2
    3.54867 0.5 8
    4.484 0.5 0
  4.575 3 + 2
    4.29401 0.5 2
    4.575 0.5 0
  4.631 1 + 2
    3.89918 0.5 4
    4.47984 0.5 1
  4.756 5 - 2
    4.47501 0.5 2
    4.756 0.5 0
  4.75733 25 + 1
    0.62179 1 63
  4.861 7 - 2
    4.34699 0.5 3
    4.70984 0.5 1
  4.913 1 + 2
    4.18118 0.5 4
    4.76184 0.5 1
  5.013 3 - 2
    4.28118 0.5 4
    4.86184 0.5 1
  5.074 5 - 2
    4.79301 0.5 2
    5.074 0.5 0
  5.127 9 + 2
    4.25802 0.5 5
    4.61299 0.5 3
  5.186 1 + 2
    4.45418 0.5 4
    5.03484 0.5 1
  5.245 7 - 2
    4.73099 0.5 3
    5.09384 0.5 1
  5.31237 25 + 2
    1.17683 0.7093 63
    1.82118 0.2907 52
  5.367 3 - 2
    4.63518 0.5 4
    5.21584 0.5 1
  5.41942 27 + 3
    0.10705 0.4147 80
    0.66209 0.3595 72
    1.28388 0.2258 63
  5.444 5 - 2
    5.16301 0.5 2
    5.444 0.5 0
  5.516 1 + 2
    4.78418 0.5 4
    5.36484 0.5 1
  5.563 11 - 2
    4.69402 0.5 5
    5.04899 0.5 3
  5.6119 29 + 1
    0.19248 1 82
  5.643 7 - 2
    5.12899 0.5 3
    5.49184 0.5 1
  5.668 3 - 2
    4.93618 0.5 4
    5.51684 0.5 1
  5.719 5 + 2
    5.20499 0.5 3
    5.56784 0.5 1
  5.815 9 - 2
    4.87967 0.5 8
    5.815 0.5 0
  5.996 3 + 2
    5.71501 0.5 2
    5.996 0.5 0
  6.065 1 + 2
    5.33318 0.5 4
    5.91384 0.5 1
  6.185 5 - 2
    5.90401 0.5 2
    6.185 0.5 0
  6.336 31 + 1
    0.7241 1 86
  7.1072 33 + 1
    0.771201 1 94
  11.953 5 + 2
    11.439 0.5 3
    11.8018 0.5 1
  12.236 1 + 2
    11.5042 0.5 4
    12.0848 0.5 1

37 86 95
  0 4 - 0
  0.4882 2 + 1
    0.4882 1 0
  0.55605 12 - 1
    0.55605 1 0
  0.66865 6 - 1
    0.66865 1 0
  0.7803 14 - 1
    0.22425 1 2
  0.8732 6 - 2
    0.20455 0.0387 3
    0.8732 0.9613 0
  0.9787 8 - 1
    0.31005 1 3
  1.0272 4 + 2
    0.539 0.2911 1
    1.0272 0.7089 0
  1.0327 8 - 1
    1.0327 1 0
  1.0928 8 - 2
    0.1141 0.3156 6
    0.53675 0.6844 2
  1.1056 6 + 2
    0.2324 0.038762 5
    1.1056 0.961238 0
  1.122 10 + 2
    0.1433 0.5 6
    0.56595 0.5 2
  1.156 0 + 1
    0.1288 1 7
  1.1964 8 - 2
    0.0908 0.3103 10
    0.3232 0.6897 5
  1.248 8 - 1
    0.69195 1 2
  1.3051 6 + 4
    0.5248 0.062619 4
    0.63645 0.089289 3
    0.8169 0.104199 1
    1.3051 0.743893 0
  1.309 18 - 1
    0.5287 1 4
  1.3894 6 + 3
    0.0843 0.388884 15
    0.2838 0.080337 10
    1.3894 0.530779 0
  1.412 8 - 2
    0.85595 0.5 2
    1.412 0.5 0
  1.439 6 - 3
    0.5658 0.2011 5
    0.77035 0.4673 3
    1.439 0.3316 0
  1.4708 4 + 2
    0.1657 0.5219 15
    0.80215 0.4781 3
  1.5017 6 + 1
    0.94565 1 2
  1.55 12 - 2
    0.5713 0.5 6
    0.99395 0.5 2
  1.5585 14 + 2
    0.7782 0.8404 4
    1.00245 0.1596 2
  1.6668 6 + 2
    1.1786 0.5 1
    1.6668 0.5 0
  1.6837 16 + 2
    0.1252 0.915127 23
    0.9034 0.084873 4
  1.7092 6 + 2
    1.221 0.5 1
    1.7092 0.5 0
  1.738 2 + 2
    1.2498 0.5 1
    1.738 0.5 0
  1.761 2 + 2
    1.2728 0.5 1
    1.761 0.5 0
  1.82 10 - 2
    1.0397 0.5 4
    1.15135 0.5 3
  1.8893 2 + 2
    1.4011 0.5 1
    1.8893 0.5 0
  1.901 4 - 2
    1.4128 0.5 1
    1.901 0.5 0
  1.9171 4 + 2
    1.0439 0.5 5
    1.24845 0.5 3
  1.9261 4 - 2
    1.4379 0.5 1
    1.9261 0.5 0
  1.9531 2 + 2
    1.4649 0.5 1
    1.9531 0.5 0
  2.0249 4 - 2
    1.5367 0.5 1
    2.0249 0.5 0
  2.093 2 + 2
    1.6048 0.5 1
    2.093 0.5 0
  2.13 0 - 2
    1.6418 0.5 1
    2.13 0.5 0
  2.1497 4 + 2
    1.2765 0.5 5
    1.48105 0.5 3
  2.1797 10 - 2
    1.3994 0.5 4
    1.51105 0.5 3
  2.255 2 + 2
    1.7668 0.5 1
    2.255 0.5 0
  2.2659 4 - 2
    1.7777 0.5 1
    2.2659 0.5 0
  2.282 0 + 2
    1.126 0.5 12
    1.2548 0.5 7
  2.2989 10 - 2
    1.5186 0.5 4
    1.63025 0.5 3
  2.3318 2 + 2
    1.8436 0.5 1
    2.3318 0.5 0
  2.3525 4 - 2
    1.8643 0.5 1
    2.3525 0.5 0
  2.369 8 + 2
    1.4958 0.5 5
    1.70035 0.5 3
  2.4034 6 - 2
    1.5302 0.5 5
    1.73475 0.5 3
  2.4165 18 + 1
    0.7328 1 25
  2.437 4 - 2
    1.9488 0.5 1
    2.437 0.5 0
  2.4622 2 + 2
    1.974 0.5 1
    2.4622 0.5 0
  2.4757 8 - 2
    1.91965 0.5 2
    2.4757 0.5 0
  2.5082 6 + 2
    2.02 0.5 1
    2.5082 0.5 0
  2.534 4 - 2
    2.0458 0.5 1
    2.534 0.5 0
  2.5704 10 + 2
    1.5917 0.5 6
    2.01435 0.5 2
  2.5857 2 - 2
    1.7125 0.5 5
    1.91705 0.5 3
  2.5981 2 + 2
    2.1099 0.5 1
    2.5981 0.5 0
  2.671 0 - 2
    2.1828 0.5 1
    2.671 0.5 0
  2.719 4 + 2
    1.8458 0.5 5
    2.05035 0.5 3
  2.7655 6 - 2
    1.8923 0.5 5
    2.09685 0.5 3
  2.8104 8 + 2
    1.9372 0.5 5
    2.14175 0.5 3
  2.8279 4 - 2
    2.3397 0.5 1
    2.8279 0.5 0
  2.8504 12 + 2
    1.1667 0.5 25
    2.0701 0.5 4
  2.8901 6 - 2
    2.0169 0.5 5
    2.22145 0.5 3
  2.951 2 + 2
    2.4628 0.5 1
    2.951 0.5 0
  2.992 4 - 2
    2.5038 0.5 1
    2.992 0.5 0
  3.113 2 + 2
    2.6248 0.5 1
    3.113 0.5 0
  3.1375 18 + 1
    1.4538 1 25
  3.205 2 + 2
    2.7168 0.5 1
    3.205 0.5 0
  3.242 8 - 2
    2.68595 0.5 2
    3.242 0.5 0
  3.271 6 - 2
    2.3978 0.5 5
    2.60235 0.5 3
  3.282 20 + 3
    0.1445 0.072328 67
    0.8655 0.436987 48
    1.5983 0.490685 25
  3.319 2 + 2
    2.8308 0.5 1
    3.319 0.5 0
  3.4119 22 + 2
    0.1299 0.938628 71
    0.9954 0.061372 48
  3.445 2 - 2
    2.5718 0.5 5
    2.77635 0.5 3
  3.51 2 + 2
    3.0218 0.5 1
    3.51 0.5 0
  3.5784 20 + 2
    1.1619 0.8065 48
    1.8947 0.1935 25
  3.707 4 - 2
    3.2188 0.5 1
    3.707 0.5 0
  3.7434 24 + 1
    0.3315 1 73
  3.763 6 - 2
    2.8898 0.5 5
    3.09435 0.5 3
  3.824 10 - 2
    3.0437 0.5 4
    3.15535 0.5 3
  3.8661 22 + 1
    0.2877 1 76
  3.896 2 + 2
    3.4078 0.5 1
    3.896 0.5 0
  4.078 4 - 2
    3.5898 0.5 1
    4.078 0.5 0
  4.221 2 + 2
    3.7328 0.5 1
    4.221 0.5 0
  4.266 8 - 2
    3.70995 0.5 2
    4.266 0.5 0
  4.548 6 - 2
    3.6748 0.5 5
    3.87935 0.5 3
  4.7171 26 + 1
    0.9737 1 78
  5.2936 24 - 2
    1.4275 0.082582 81
    1.8817 0.917418 73
  5.5574 26 - 2
    0.263799 0.5291 88
    1.814 0.4709 78
  6.1136 28 - 1
    0.5562 1 89
  6.4558 28 + 1
    1.7387 1 87
  6.7996 30 - 1
    0.686001 1 90
  7.4131 30 - 1
    0.9573 1 91
  7.8601 32 + 1
    0.447 1 93

37 87 106
  0 3 - 0
  0.402587 5 - 1
    0.402587 1 0
  0.84544 3 - 1
    0.84544 1 0
  1.34936 5 - 1
    0.946773 1 1
  1.38978 3 - 2
    0.987193 0.1936 1
    1.38978 0.8064 0
  1.463 1 - 2
    1.06041 0.1305 1
    1.463 0.8695 0
  1.5779 9 + 1
    1.17531 1 1
  1.65931 3 - 2
    1.25672 0.8953 1
    1.65931 0.1047 0
  1.74057 3 - 3
    0.89513 0.01503 2
    1.33798 0.233693 1
    1.74057 0.751277 0
  1.893 3 - 2
    1.04756 0.5 2
    1.893 0.5 0
  1.95 7 - 1
    1.54741 1 1
  2.013 7 + 2
    0.66364 0.5 3
    1.61041 0.5 1
  2.284 11 + 1
    0.271 1 11
  2.37839 7 + 1
    2.37839 1 0
  2.388 5 + 2
    1.54256 0.5 2
    2.388 0.5 0
  2.397 3 - 2
    1.55156 0.5 2
    2.397 0.5 0
  2.41444 3 - 3
    0.67387 0.341366 8
    0.75513 0.138886 7
    2.01185 0.519748 1
  2.4725 7 + 2
    1.12314 0.5 3
    2.06991 0.5 1
  2.53 3 - 2
    1.68456 0.5 2
    2.53 0.5 0
  2.55481 3 + 3
    0.81424 0.017291 8
    0.8955 0.00596 7
    2.55481 0.976749 0
  2.731 9 + 2
    0.781 0.5 10
    1.1531 0.5 6
  2.81125 5 + 3
    1.46189 0.082628 3
    2.40866 0.380889 1
    2.81125 0.536484 0
  2.96062 5 + 5
    0.58223 0.007999 13
    1.30131 0.064779 7
    1.61126 0.02396 3
    2.55803 0.887292 1
    2.96062 0.01597 0
  2.974 7 + 2
    1.62464 0.5 3
    2.57141 0.5 1
  3.002 1 + 2
    2.15656 0.5 2
    3.002 0.5 0
  3.05515 5 - 2
    2.65256 0.218778 1
    3.05515 0.781222 0
  3.06 1 + 2
    2.21456 0.5 2
    3.06 0.5 0
  3.099 9 + 2
    1.149 0.5 10
    1.5211 0.5 6
  3.30849 13 - 2
    0.89405 0.091727 16
    3.30849 0.908273 0
  3.338 11 + 2
    1.054 0.5 12
    1.325 0.5 11
  3.356 1 - 2
    2.00664 0.5 3
    2.95341 0.5 1
  3.411 5 + 2
    2.56556 0.5 2
    3.411 0.5 0
  3.436 9 - 2
    2.08664 0.5 3
    3.03341 0.5 1
  3.48 7 + 2
    2.13064 0.5 3
    3.07741 0.5 1
  3.534 5 - 2
    2.18464 0.5 3
    3.13141 0.5 1
  3.586 1 - 2
    2.23664 0.5 3
    3.18341 0.5 1
  3.618 15 + 2
    0.30951 0.5 28
    1.334 0.5 12
  3.647 7 + 2
    2.29764 0.5 3
    3.24441 0.5 1
  3.685 9 - 2
    2.33564 0.5 3
    3.28241 0.5 1
  3.692 5 + 2
    2.84656 0.5 2
    3.692 0.5 0
  3.707 11 - 2
    1.757 0.5 10
    2.1291 0.5 6
  3.744 1 + 2
    2.89856 0.5 2
    3.744 0.5 0
  3.767 7 - 2
    2.92156 0.5 2
    3.767 0.5 0
  3.824 5 - 2
    2.47464 0.5 3
    3.42141 0.5 1
  3.834 1 + 2
    2.98856 0.5 2
    3.834 0.5 0
  3.865 13 + 2
    1.134 0.5 20
    2.2871 0.5 6
  3.91 9 + 2
    1.96 0.5 10
    2.3321 0.5 6
  3.958 7 - 2
    3.11256 0.5 2
    3.958 0.5 0
  3.974 5 - 2
    2.62464 0.5 3
    3.57141 0.5 1
  4.014 3 + 2
    2.66464 0.5 3
    3.61141 0.5 1
  4.029 11 - 2
    2.079 0.5 10
    2.4511 0.5 6
  4.057 5 + 2
    3.21156 0.5 2
    4.057 0.5 0
  4.068 7 - 2
    3.22256 0.5 2
    4.068 0.5 0
  4.094 9 + 2
    2.144 0.5 10
    2.5161 0.5 6
  4.106 3 - 2
    3.26056 0.5 2
    4.106 0.5 0
  4.146 17 + 1
    0.281 1 45
  4.153 5 - 2
    2.80364 0.5 3
    3.75041 0.5 1
  4.209 1 - 2
    2.85964 0.5 3
    3.80641 0.5 1
  4.266 7 + 2
    2.91664 0.5 3
    3.86341 0.5 1
  4.379 3 + 2
    3.02964 0.5 3
    3.97641 0.5 1
  4.492 5 - 2
    3.14264 0.5 3
    4.08941 0.5 1
  4.681 9 + 2
    2.731 0.5 10
    3.1031 0.5 6
  4.862 7 - 2
    4.01656 0.5 2
    4.862 0.5 0
  4.941 1 + 2
    4.09556 0.5 2
    4.941 0.5 0
  5.118 3 - 2
    4.27256 0.5 2
    5.118 0.5 0
  5.196 1 + 2
    4.35056 0.5 2
    5.196 0.5 0
  5.233 5 - 2
    3.88364 0.5 3
    4.83041 0.5 1
  5.316 11 + 2
    3.032 0.5 12
    3.303 0.5 11
  5.347 3 - 2
    4.50156 0.5 2
    5.347 0.5 0
  5.491 7 + 2
    4.14164 0.5 3
    5.08841 0.5 1
  5.542 5 - 2
    4.19264 0.5 3
    5.13941 0.5 1
  5.634 1 + 2
    4.78856 0.5 2
    5.634 0.5 0
  5.75 1 + 2
    4.90456 0.5 2
    5.75 0.5 0
  5.802 9 - 2
    4.45264 0.5 3
    5.39941 0.5 1
  5.845 3 - 2
    4.99956 0.5 2
    5.845 0.5 0
  5.884 5 + 2
    5.03856 0.5 2
    5.884 0.5 0
  5.978 7 - 2
    5.13256 0.5 2
    5.978 0.5 0
  6.018 1 + 2
    5.17256 0.5 2
    6.018 0.5 0
  6.089 3 - 2
    5.24356 0.5 2
    6.089 0.5 0
  6.176 1 + 2
    5.33056 0.5 2
    6.176 0.5 0
  6.206 5 - 2
    4.85664 0.5 3
    5.80341 0.5 1
  6.307 9 + 2
    4.357 0.5 10
    4.7291 0.5 6
  6.375 7 - 2
    5.52956 0.5 2
    6.375 0.5 0
  6.468 1 + 2
    5.62256 0.5 2
    6.468 0.5 0
  6.512 3 - 2
    5.66656 0.5 2
    6.512 0.5 0
  6.548 1 + 2
    5.70256 0.5 2
    6.548 0.5 0
  6.618 5 - 2
    5.26864 0.5 3
    6.21541 0.5 1
  6.652 7 + 2
    5.30264 0.5 3
    6.24941 0.5 1
  6.744 11 - 2
    4.794 0.5 10
    5.1661 0.5 6
  6.791 3 + 2
    5.44164 0.5 3
    6.38841 0.5 1
  6.838 1 + 2
    5.99256 0.5 2
    6.838 0.5 0
  6.989 1 + 2
    6.14356 0.5 2
    6.989 0.5 0
  13.968 5 + 2
    13.1226 0.5 2
    13.968 0.5 0
  14.49 1 + 2
    13.6446 0.5 2
    14.49 0.5 0
  15.446 9 - 2
    14.0966 0.5 3
    15.0434 0.5 1
  15.854 5 - 2
    14.5046 0.5 3
    15.4514 0.5 1
  15.968 3 - 2
    15.1226 0.5 2
    15.968 0.5 0
  16.04 1 + 2
    15.1946 0.5 2
    16.04 0.5 0
  16.083 7 - 2
    15.2376 0.5 2
    16.083 0.5 0
  16.24 5 - 2
    14.8906 0.5 3
    15.8374 0.5 1
  16.512 7 + 2
    15.1626 0.5 3
    16.1094 0.5 1
  16.762 3 - 2
    15.9166 0.5 2
    16.762 0.5 0
  16.883 9 - 2
    15.5336 0.5 3
    16.4804 0.5 1
  16.994 13 + 2
    14.263 0.5 20
    15.4161 0.5 6
  17.193 1 + 2
    16.3476 0.5 2
    17.193 0.5 0
  17.513 5 - 2
    16.1636 0.5 3
    17.1104 0.5 1

37 88 62
  0 4 - 0
  0.027515 6 - 1
    0.027515 1 0
  0.196292 2 - 2
    0.168777 0.000335 1
    0.196292 0.999665 0
  0.26824 8 - 1
    0.240725 1 1
  0.3405 6 - 2
    0.312985 0.5 1
    0.3405 0.5 0
  0.36224 4 - 3
    0.165948 0.572006 2
    0.334725 0.02609 1
    0.36224 0.401904 0
  0.390547 4 - 4
    0.028307 0.153197 5
    0.122307 0.247595 3
    0.363032 0.044419 1
    0.390547 0.554789 0
  0.407 10 - 2
    0.0665 0.5 4
    0.379485 0.5 1
  0.7268 10 - 2
    0.3863 0.5 4
    0.45856 0.5 3
  0.862349 4 - 5
    0.471802 0.050012 6
    0.500109 0.006695 5
    0.666057 0.005974 2
    0.834834 0.891237 1
    0.862349 0.046082 0
  1.086 8 - 2
    0.81776 0.5 3
    1.086 0.5 0
  1.14136 2 - 3
    0.77912 0.058262 5
    0.945068 0.175507 2
    1.14136 0.766231 0
  1.166 0 + 2
    0.02464 0.5 11
    0.969708 0.5 2
  1.18209 4 - 1
    0.985798 1 2
  1.21258 4 - 5
    0.350231 0.01564 9
    0.822033 0.081542 6
    0.85034 0.156203 5
    1.18507 0.622212 1
    1.21258 0.124402 0
  1.24524 8 - 1
    0.883 1 5
  1.273 4 - 2
    1.00476 0.5 3
    1.273 0.5 0
  1.35249 4 - 4
    0.961943 0.152515 6
    0.99025 0.261026 5
    1.32498 0.293229 1
    1.35249 0.293229 0
  1.372 4 - 2
    1.10376 0.5 3
    1.372 0.5 0
  1.3739 14 + 1
    0.6471 1 8
  1.44151 4 - 2
    0.579161 0.0655 9
    1.24522 0.9345 2
  1.60383 8 - 3
    0.39125 0.143789 14
    0.42174 0.016879 13
    1.60383 0.839333 0
  1.66115 2 - 4
    0.798801 0.084263 9
    1.29891 0.287712 5
    1.46486 0.350914 2
    1.66115 0.277111 0
  1.71471 2 - 2
    0.57335 0.032939 11
    1.51842 0.967061 2
  1.7933 0 - 1
    1.7933 1 0
  1.871 6 + 2
    1.60276 0.5 3
    1.871 0.5 0
  1.91552 4 - 2
    0.31169 0.53 21
    0.77416 0.47 11
  1.964 6 + 2
    1.69576 0.5 3
    1.964 0.5 0
  2.091 6 + 2
    1.82276 0.5 3
    2.091 0.5 0
  2.23176 2 + 9
    0.51705 0.003719 23
    0.57061 0.007024 22
    0.79025 0.013629 20
    0.87927 0.002478 17
    1.04967 0.015689 13
    1.0904 0.00702 11
    1.36941 0.16309 9
    2.03547 0.412875 2
    2.23176 0.374477 0
  2.255 12 + 2
    1.5282 0.5 8
    1.848 0.5 7
  2.345 6 + 2
    2.07676 0.5 3
    2.345 0.5 0
  2.39215 2 + 13
    0.67744 0.00352 23
    0.731 0.000518 22
    0.78832 0.007986 21
    0.95064 0.000569 20
    1.03966 0.007246 17
    1.17957 0.0149 14
    1.21006 0.002122 13
    1.25079 0.01677 11
    1.5298 0.163502 9
    2.02991 0.067791 5
    2.19586 0.197103 2
    2.36463 0.000466 1
    2.39215 0.517507 0
  2.456 10 + 2
    0.74129 0.5263 23
    2.25971 0.4737 2
  2.5 8 + 2
    2.1595 0.5 4
    2.47248 0.5 1
  2.54842 2 + 7
    1.30318 0.024781 15
    1.33584 0.024781 14
    1.40706 0.082585 11
    1.68607 0.250515 9
    2.18618 0.107306 5
    2.35213 0.275217 2
    2.54842 0.234814 0
  2.562 6 + 2
    2.29376 0.5 3
    2.562 0.5 0
  2.728 2 + 2
    2.36576 0.5 5
    2.728 0.5 0
  2.77111 2 + 3
    1.90876 0.2827 9
    2.40887 0.2954 5
    2.77111 0.4219 0
  2.807 4 - 2
    2.53876 0.5 3
    2.807 0.5 0
  2.924 16 + 1
    1.5501 1 19
  2.932 6 + 2
    2.66376 0.5 3
    2.932 0.5 0
  2.978 4 - 2
    2.70976 0.5 3
    2.978 0.5 0
  3.119 8 + 2
    2.7785 0.5 4
    3.09149 0.5 1
  3.1907 18 + 2
    0.2667 0.5 40
    1.8168 0.5 19
  3.258 6 + 2
    2.98976 0.5 3
    3.258 0.5 0
  3.311 0 + 2
    2.16964 0.5 11
    3.11471 0.5 2
  3.389 10 + 2
    2.303 0.5 10
    3.12076 0.5 3
  3.457 6 + 2
    3.18876 0.5 3
    3.457 0.5 0
  3.54 4 - 2
    3.27176 0.5 3
    3.54 0.5 0
  3.724 8 + 2
    3.3835 0.5 4
    3.69649 0.5 1
  3.7864 20 + 2
    0.5957 0.5 44
    0.8624 0.5 40
  3.851 2 + 2
    3.48876 0.5 5
    3.851 0.5 0
  3.973 4 - 2
    3.70476 0.5 3
    3.973 0.5 0
  4.199 2 + 2
    3.83676 0.5 5
    4.199 0.5 0
  4.256 2 + 2
    3.89376 0.5 5
    4.256 0.5 0
  4.485 4 - 2
    4.21676 0.5 3
    4.485 0.5 0
  4.611 6 + 2
    4.34276 0.5 3
    4.611 0.5 0
  4.783 8 - 2
    4.51476 0.5 3
    4.783 0.5 0
  4.831 12 + 2
    4.1042 0.5 8
    4.424 0.5 7
  5.0084 10 - 1
    1.222 1 51
  5.9054 6 + 1
    0.897 1 60

37 89 59
  0 3 - 0
  0.220948 5 - 1
    0.220948 1 0
  0.4974 1 - 1
    0.4974 1 0
  0.57707 1 + 3
    0.07967 0.003394 2
    0.356122 0.425503 1
    0.57707 0.571103 0
  0.586 7 - 2
    0.365052 0.051372 1
    0.586 0.948628 0
  0.86711 3 + 1
    0.86711 1 0
  0.93101 3 + 4
    0.34501 0.439491 4
    0.35394 0.049219 3
    0.710062 0.283594 1
    0.93101 0.227695 0
  0.99748 5 + 3
    0.41148 0.5893 4
    0.776532 0.2589 1
    0.99748 0.1518 0
  1.19536 5 + 5
    0.19788 0.467714 7
    0.26435 0.202406 6
    0.60936 0.005381 4
    0.974412 0.298809 1
    1.19536 0.025691 0
  1.32435 5 + 5
    0.73835 0.4647 4
    0.74728 0.01255 3
    0.82695 0.08423 2
    1.1034 0.09942 1
    1.32435 0.3391 0
  1.34006 5 - 3
    0.75406 0.1336 4
    0.76299 0.5819 3
    1.34006 0.2845 0
  1.48831 3 - 4
    0.49083 0.537795 7
    0.5573 0.268797 6
    1.26736 0.03761 1
    1.48831 0.155798 0
  1.53024 3 - 5
    0.66313 0.021341 5
    0.94424 0.043582 4
    0.95317 0.028451 3
    1.30929 0.017781 1
    1.53024 0.888844 0
  1.69378 5 - 9
    0.20547 0.005959 11
    0.36943 0.065311 9
    0.49842 0.055171 8
    0.6963 0.084001 7
    0.76277 0.04346 6
    1.10778 0.136202 4
    1.11671 0.078191 3
    1.47283 0.324204 1
    1.69378 0.207502 0
  1.82169 3 - 4
    0.62633 0.3402 8
    0.89068 0.2823 6
    1.23569 0.3367 4
    1.60074 0.0408 1
  1.86474 3 + 6
    0.66938 0.06006 8
    0.93373 0.05502 6
    1.27874 0.04502 4
    1.36734 0.22 2
    1.64379 0.4999 1
    1.86474 0.12 0
  1.99855 3 - 10
    0.30477 0.006912 13
    0.46831 0.029529 12
    0.6742 0.071048 9
    1.06754 0.02098 6
    1.13144 0.048829 5
    1.41255 0.080708 4
    1.42148 0.068598 3
    1.50115 0.403491 2
    1.7776 0.233995 1
    1.99855 0.035909 0
  2.14135 3 - 2
    1.55535 0.7092 4
    2.14135 0.2908 0
  2.15998 3 + 12
    0.29524 0.003722 15
    0.33829 0.076751 14
    0.4662 0.179903 13
    0.62974 0.076571 12
    0.83563 0.246204 9
    0.96462 0.01305 8
    1.1625 0.048001 7
    1.22897 0.032241 6
    1.57398 0.042571 4
    1.58291 0.02018 3
    1.93903 0.142703 1
    2.15998 0.118102 0
  2.21871 5 - 1
    1.72131 1 2
  2.2697 3 - 1
    1.6837 1 4
  2.36525 3 + 2
    0.67147 0.5001 13
    1.78818 0.4999 3
  2.38798 5 - 5
    0.52324 0.096846 15
    1.04792 0.177511 10
    1.06363 0.201612 9
    1.81091 0.403124 3
    2.16703 0.120907 1
  2.4009 3 + 9
    0.24092 0.001462 18
    0.40235 0.03893 16
    0.70712 0.060819 13
    0.87066 0.01944 12
    1.07655 0.02884 9
    1.53379 0.626794 5
    1.82383 0.008148 3
    1.9035 0.127199 2
    2.4009 0.088369 0
  2.512 7 + 2
    1.64489 0.5 5
    2.29105 0.5 1
  2.5981 1 + 11
    0.1972 0.037298 23
    0.43812 0.069976 18
    0.59955 0.006407 16
    0.90432 0.521268 13
    1.27375 0.098404 9
    1.73099 0.002186 5
    2.0121 0.112993 4
    2.02103 0.017699 3
    2.1007 0.068186 2
    2.37715 0.057776 1
    2.5981 0.007808 0
  2.78204 9 + 9
    0.38114 0.03 23
    0.78349 0.01426 16
    0.9173 0.04771 15
    1.08826 0.231198 13
    1.2518 0.02459 12
    1.45769 0.04919 9
    1.85103 0.03246 6
    2.19604 0.078699 4
    2.78204 0.491895 0
  2.78873 7 + 3
    1.46438 0.6452 9
    1.79125 0.1677 7
    2.78873 0.1871 0
  2.842 9 - 2
    1.50194 0.5 10
    2.62105 0.5 1
  2.86613 7 + 11
    0.08409 0.002701 26
    0.26803 0.01879 25
    0.46523 0.05401 23
    1.04444 0.091979 14
    1.17235 0.219198 13
    1.33589 0.02975 12
    1.86865 0.04423 7
    1.93512 0.007828 6
    2.28013 0.04579 4
    2.64518 0.094329 1
    2.86613 0.391396 0
  3.01753 11 - 7
    0.41943 0.03846 25
    0.85755 0.2959 18
    1.15279 0.06509 15
    1.69318 0.2692 9
    2.15042 0.02071 5
    2.44046 0.04734 3
    3.01753 0.2633 0
  3.24996 9 + 4
    0.65186 0.104492 25
    1.25141 0.104492 16
    1.92561 0.044776 9
    3.02901 0.74624 1
  3.32793 7 - 11
    0.72983 0.133505 25
    1.05823 0.013721 20
    1.16795 0.015581 18
    1.18658 0.083093 17
    1.50624 0.050822 14
    1.63415 0.370915 13
    1.83962 0.159506 11
    2.33045 0.016321 7
    2.74193 0.012611 4
    2.75086 0.056012 3
    3.10698 0.087914 1
  3.3614 1 + 6
    0.9605 0.198492 23
    1.20142 0.01088 18
    1.66762 0.078747 13
    1.83116 0.053138 12
    2.7754 0.018569 4
    3.3614 0.640174 0
  3.37081 11 - 9
    0.96991 0.044816 23
    1.21083 0.010389 18
    1.37226 0.060075 16
    1.67703 0.068194 13
    2.04646 0.126689 9
    2.5037 0.024028 5
    2.79374 0.324771 3
    2.87341 0.045466 2
    3.37081 0.295573 0
  3.46507 7 + 3
    1.97676 0.102596 11
    2.46759 0.042738 7
    2.87907 0.854666 4
  3.53288 9 - 5
    1.71119 0.021189 14
    2.00264 0.022879 12
    2.5354 0.059318 7
    2.94688 0.049148 4
    3.53288 0.847466 0
  3.71742 13 + 5
    1.11932 0.140286 25
    2.52206 0.018198 8
    3.14035 0.379062 3
    3.22002 0.155384 2
    3.71742 0.307069 0
  3.71995 1 - 5
    1.7214 0.4009 16
    1.89826 0.05603 14
    2.18971 0.04741 12
    2.72247 0.06466 7
    2.85284 0.431 5
  3.8339 7 + 3
    0.81637 0.3913 30
    2.50955 0.5 9
    3.25683 0.1087 3
  3.8988 5 - 4
    2.70344 0.1678 8
    3.32173 0.3425 3
    3.67785 0.3219 1
    3.8988 0.1678 0
  3.96554 9 + 5
    0.71558 0.434039 31
    1.80556 0.048614 18
    2.14385 0.10761 14
    3.09843 0.062506 5
    3.96554 0.347231 0
  3.97738 11 - 4
    1.70768 0.054549 20
    3.40031 0.302997 3
    3.75643 0.03636 1
    3.97738 0.606094 0
  4.04863 7 + 5
    0.68723 0.131196 33
    1.1825 0.312491 29
    3.46263 0.078128 4
    3.82768 0.259392 1
    4.04863 0.218793 0
  4.0585 1 - 2
    1.6576 0.3289 23
    3.83755 0.6711 1
  4.0809 5 + 10
    0.54802 0.043637 36
    1.29886 0.061816 26
    1.4828 0.061816 25
    1.68 0.116393 23
    2.08235 0.079995 16
    2.55066 0.043637 12
    2.75655 0.094544 9
    3.50383 0.029088 3
    3.5835 0.363578 2
    4.0809 0.105494 0
  4.14389 15 - 8
    1.54579 0.115793 25
    2.3222 0.062706 14
    2.80383 0.048237 10
    2.81954 0.154391 9
    3.21288 0.038588 6
    3.56682 0.067526 3
    3.92294 0.482371 1
    4.14389 0.030388 0
  4.1986 9 + 3
    2.33386 0.4469 15
    2.85854 0.2406 10
    3.97765 0.3125 1
  4.2169 7 - 2
    3.63983 0.2126 3
    3.99595 0.7874 1
  4.2307 5 + 3
    2.23215 0.1172 16
    3.29969 0.1931 6
    3.7333 0.6897 2
  4.3072 13 - 5
    1.44107 0.141399 29
    3.44009 0.309797 5
    3.7212 0.336697 4
    3.8098 0.141399 2
    4.3072 0.070709 0
  4.33875 1 + 3
    1.01082 0.684941 32
    3.34127 0.226014 7
    4.1178 0.089045 1
  4.3405 5 - 2
    3.8431 0.5128 2
    4.3405 0.4872 0
  4.36737 7 + 9
    0.28647 0.044841 45
    0.31874 0.073992 43
    1.96647 0.224207 23
    2.20739 0.078482 18
    2.54568 0.085203 14
    3.17201 0.170405 8
    3.78137 0.224207 4
    4.14642 0.026911 1
    4.36737 0.071752 0
  4.40462 11 - 6
    0.93955 0.2469 35
    2.03937 0.06667 21
    2.87438 0.358 12
    2.91631 0.1111 11
    4.18367 0.1877 1
    4.40462 0.02963 0
  4.47815 9 + 4
    1.46062 0.379481 30
    1.88005 0.492875 25
    3.1538 0.083786 9
    4.47815 0.043858 0
  4.4878 5 - 9
    0.4293 0.111901 44
    0.51042 0.156102 42
    1.11699 0.165702 34
    1.47027 0.193402 30
    2.62306 0.0221 15
    2.99949 0.04558 11
    3.9018 0.138101 4
    4.26685 0.02901 1
    4.4878 0.138101 0
  4.63125 1 + 11
    0.48736 0.109103 46
    0.66571 0.160505 41
    1.09837 0.089893 36
    1.30332 0.141304 32
    1.38129 0.081862 31
    1.76512 0.067422 29
    2.4899 0.033711 17
    2.6327 0.194206 16
    3.63377 0.052972 7
    4.04525 0.028891 4
    4.63125 0.040131 0
  4.6862 7 - 3
    0.542311 0.357096 46
    2.2853 0.549495 23
    4.6862 0.093409 0

37 90 32
  0 0 - 0
  0.1069 6 - 1
    0.1069 1 0
  0.12179 2 - 1
    0.12179 1 0
  0.22783 4 - 3
    0.10604 0.117804 2
    0.12093 0.854626 1
    0.22783 0.027571 0
  0.24219 2 - 1
    0.24219 1 0
  0.35623 4 - 3
    0.23444 0.641574 2
    0.24933 0.332887 1
    0.35623 0.025539 0
  0.53691 6 + 3
    0.18068 0.120788 5
    0.30908 0.421758 3
    0.43001 0.457454 1
  0.61442 4 + 4
    0.38659 0.08031 3
    0.49263 0.7498 2
    0.50752 0.03899 1
    0.61442 0.1309 0
  0.66128 2 + 6
    0.30505 0.001466 5
    0.41909 0.008453 4
    0.43345 0.034458 3
    0.53949 0.812161 2
    0.55438 0.134694 1
    0.66128 0.008769 0
  0.6761 6 + 2
    0.43391 0.1467 4
    0.5692 0.8533 1
  0.71246 0 + 1
    0.47027 1 4
  0.74087 4 + 2
    0.49868 0.1229 4
    0.61908 0.8771 2
  0.8382 2 - 1
    0.7313 1 1
  0.93308 4 + 5
    0.22062 0.062449 10
    0.39617 0.077389 6
    0.57685 0.083069 5
    0.69089 0.593194 4
    0.70525 0.183898 3
  1.10219 4 - 3
    0.56528 0.4525 6
    0.74596 0.1358 5
    0.9804 0.4117 2
  1.15341 0 - 2
    0.92558 0.7813 3
    1.03162 0.2187 2
  1.4006 8 + 2
    0.73932 0.2857 8
    1.2937 0.7143 1
  1.46297 10 + 1
    1.34118 1 2
  1.68817 8 - 3
    0.58598 0.2879 14
    0.9473 0.3333 11
    1.46034 0.3788 3
  1.78001 2 + 12
    0.6266 0.004353 15
    0.67782 0.005843 14
    0.94181 0.02044 12
    1.03914 0.006379 11
    1.10391 0.005246 9
    1.11873 0.596105 8
    1.16559 0.01264 7
    1.42378 0.04488 5
    1.53782 0.147801 4
    1.55218 0.03355 3
    1.65822 0.02026 2
    1.78001 0.102501 0
  1.90163 6 - 1
    1.24035 1 8
  2.12758 2 + 6
    1.38671 0.083108 11
    1.4663 0.104797 8
    1.88539 0.095957 4
    1.89975 0.081328 3
    2.00579 0.049729 2
    2.12758 0.585082 0
  2.27134 8 - 2
    1.53047 0.1228 11
    2.14955 0.8772 2
  2.43359 12 + 4
    1.69272 0.2565 11
    1.81917 0.2454 7
    2.1914 0.3717 4
    2.20576 0.1264 3
  3.08307 2 + 7
    1.30306 0.04377 19
    1.6201 0.071159 17
    1.98088 0.080159 14
    2.42179 0.02372 8
    2.46865 0.220898 7
    2.72684 0.408996 5
    2.85524 0.151298 3
  3.09374 2 + 6
    2.16066 0.046964 13
    2.35287 0.129812 11
    2.41764 0.276225 9
    2.43246 0.22102 8
    2.47932 0.055255 7
    2.86591 0.270724 3
  3.23868 2 + 3
    0.96734 0.819634 22
    2.49781 0.057375 11
    3.01085 0.12299 3
  3.4756 10 - 2
    0.39253 0.6452 24
    1.69559 0.3548 19
  3.6252 2 + 2
    2.9491 0.3711 9
    3.26897 0.6289 5
  3.70398 2 + 3
    0.4653 0.418958 26
    0.62091 0.234277 24
    2.7709 0.346765 13
  3.8786 2 + 2
    1.75102 0.8403 21
    3.21732 0.1597 8
  3.8813 2 + 2
    3.2052 0.2366 9
    3.34439 0.7634 6

37 91 61
  0 3 - 0
  0.108789 5 - 1
    0.108789 1 0
  0.50204 3 + 1
    0.50204 1 0
  0.506592 5 + 2
    0.397803 0.075846 1
    0.506592 0.924154 0
  0.55555 3 - 2
    0.446761 0.4598 1
    0.55555 0.5402 0
  0.66242 1 + 1
    0.66242 1 0
  0.72167 7 + 3
    0.215078 0.02091 3
    0.612881 0.901591 1
    0.72167 0.077499 0
  1.13379 9 + 2
    0.41212 0.4514 6
    1.025 0.5486 1
  1.13674 5 - 3
    0.630148 0.5682 3
    1.02795 0.1648 1
    1.13674 0.267 0
  1.17807 5 + 3
    0.671478 0.340197 3
    1.06928 0.04201 1
    1.17807 0.617794 0
  1.2111 7 - 2
    0.48943 0.3635 6
    1.10231 0.6365 1
  1.26769 11 - 6
    0.54602 0.163003 6
    0.71214 0.088972 4
    0.761098 0.418308 3
    0.76565 0.02087 2
    1.1589 0.041741 1
    1.26769 0.267105 0
  1.30425 3 + 5
    0.7487 0.230905 4
    0.797658 0.099592 3
    0.80221 0.049791 2
    1.19546 0.106702 1
    1.30425 0.51301 0
  1.32427 3 + 3
    0.817678 0.2768 3
    1.21548 0.3952 1
    1.32427 0.328 0
  1.40183 1 - 5
    0.68016 0.095651 6
    0.84628 0.08766 4
    0.895238 0.235126 3
    1.29304 0.398344 1
    1.40183 0.18322 0
  1.50163 3 + 4
    0.77996 0.016899 6
    0.995038 0.127592 3
    1.39284 0.087555 1
    1.50163 0.767954 0
  1.54765 9 - 4
    0.82598 0.324768 6
    0.9921 0.10069 4
    1.43886 0.285671 1
    1.54765 0.288871 0
  1.61522 7 + 4
    0.48143 0.133101 7
    0.89355 0.01829 6
    1.10863 0.761108 3
    1.50643 0.087501 1
  1.63707 7 + 1
    1.52828 1 1
  1.72287 3 + 1
    1.61408 1 1
  1.77551 3 - 2
    0.45124 0.061991 13
    1.66672 0.938009 1
  1.77905 3 + 2
    1.27701 0.2 2
    1.77905 0.8 0
  1.9752 1 - 3
    1.41965 0.7194 4
    1.46861 0.1367 3
    1.86641 0.1439 1
  2.0028 5 - 1
    1.28113 1 6
  2.03736 9 - 2
    0.90062 0.2126 8
    1.31569 0.7874 6
  2.08981 13 - 9
    0.47459 0.222698 17
    0.54216 0.01336 16
    0.58818 0.220498 15
    0.78556 0.113599 12
    0.82212 0.095769 11
    0.95307 0.080179 8
    0.95602 0.077949 7
    1.36814 0.082409 6
    1.58322 0.093539 3
  2.19579 11 - 4
    1.05905 0.3068 8
    1.47412 0.0996 6
    2.087 0.1952 1
    2.19579 0.3984 0
  2.37729 5 + 3
    1.19922 0.1421 9
    2.2685 0.3316 1
    2.37729 0.5263 0
  2.3816 7 - 3
    0.87997 0.1561 15
    1.87501 0.578 3
    2.3816 0.2659 0
  2.49014 1 + 5
    0.40033 0.072029 25
    0.87492 0.423696 17
    1.3534 0.199198 8
    1.35635 0.249997 7
    1.98355 0.055079 3
  2.55945 9 - 6
    0.46964 0.040819 25
    1.42566 0.061218 7
    2.0039 0.024489 4
    2.05741 0.253092 2
    2.45066 0.408188 1
    2.55945 0.212194 0
  2.59322 5 + 7
    0.81417 0.028248 21
    1.09159 0.073915 15
    1.45648 0.078125 8
    1.45943 0.060096 7
    1.87155 0.041467 6
    2.48443 0.600958 1
    2.59322 0.117192 0
  2.68681 7 - 2
    1.96514 0.8772 6
    2.68681 0.1228 0
  2.72916 15 + 2
    1.51806 0.115 10
    2.62037 0.885 1
  2.84457 5 - 5
    0.80721 0.205286 24
    1.63347 0.052626 10
    1.6665 0.094733 9
    2.73578 0.526263 1
    2.84457 0.121092 0
  2.86156 1 + 10
    0.77175 0.088011 25
    0.85876 0.065541 23
    1.35993 0.054311 15
    1.53729 0.084271 13
    1.55731 0.121701 12
    1.65046 0.04307 10
    1.72482 0.04869 8
    1.72777 0.127301 7
    2.13989 0.179802 6
    2.75277 0.187302 1
  2.91998 7 - 5
    1.74191 0.3891 9
    1.78324 0.1829 8
    2.41339 0.1634 3
    2.81119 0.1323 1
    2.91998 0.1323 0
  2.9269 11 + 3
    1.52507 0.4065 14
    2.42486 0.374 2
    2.9269 0.2195 0
  2.96414 9 - 7
    1.32707 0.083327 18
    1.65989 0.067707 12
    1.75304 0.119795 10
    1.8274 0.132795 8
    2.24247 0.109396 6
    2.45755 0.226591 3
    2.85535 0.26039 1
  2.97975 5 + 5
    1.57792 0.050229 14
    1.6755 0.205496 12
    1.84301 0.068489 8
    2.47316 0.219196 3
    2.87096 0.456591 1
  3.00232 13 - 9
    1.36525 0.068188 18
    1.3871 0.163218 17
    1.50069 0.206623 15
    1.69807 0.043395 12
    2.28065 0.043395 6
    2.44677 0.074388 4
    2.49573 0.204523 3
    2.89353 0.119813 1
    3.00232 0.076458 0
  3.04457 7 + 3
    1.04177 0.5747 23
    2.3229 0.2874 6
    3.04457 0.1379 0
  3.04623 1 - 2
    1.00887 0.5236 24
    2.53964 0.4764 3
  3.05696 5 + 4
    1.55533 0.339827 15
    2.39454 0.072826 5
    2.55037 0.101908 3
    3.05696 0.485439 0
  3.09067 9 - 5
    1.31162 0.184493 21
    1.58904 0.045038 15
    1.82298 0.124795 11
    1.87957 0.103096 10
    2.98188 0.542578 1
  3.11361 3 + 8
    0.38445 0.019349 33
    1.3381 0.051188 20
    1.78934 0.119896 13
    2.39194 0.033079 6
    2.55806 0.049938 4
    2.60702 0.071158 3
    3.00482 0.031209 1
    3.11361 0.624181 0
  3.20619 7 - 4
    1.23099 0.066355 22
    1.99509 0.056875 10
    2.0724 0.402832 7
    3.0974 0.473938 1
  3.21822 5 + 4
    1.91397 0.1065 12
    2.5558 0.1598 5
    2.66267 0.142 4
    3.10943 0.5917 1
  3.32507 17 - 3
    1.70985 0.363636 17
    2.76952 0.312731 4
    3.32507 0.323632 0
  3.6876 11 + 3
    2.96593 0.3676 6
    3.18101 0.3162 3
    3.57881 0.3162 1
  3.91011 1 - 5
    2.58584 0.133788 13
    2.64242 0.270676 11
    2.73204 0.318471 9
    3.40352 0.213381 3
    3.91011 0.063684 0
  3.9743 3 + 4
    1.12973 0.2695 34
    1.88449 0.2589 25
    2.25143 0.3546 19
    3.9743 0.117 0
  4.07207 5 - 1
    1.2275 1 34
  4.12919 7 + 4
    1.20229 0.159592 37
    2.03938 0.531873 25
    2.62756 0.239388 15
    4.12919 0.069147 0
  4.1995 9 - 2
    1.08589 0.6135 45
    4.1995 0.3865 0
  4.2117 3 + 5
    1.24756 0.3067 38
    1.83441 0.2301 27
    2.80987 0.2147 14
    3.49003 0.1319 6
    3.70511 0.1166 3
  4.5433 5 - 4
    0.569 0.3484 51
    1.56355 0.2962 39
    1.85649 0.1394 32
    3.04167 0.216 15
  4.5459 1 + 2
    2.93068 0.7353 17
    4.43711 0.2647 1
  4.5697 7 - 3
    2.47989 0.5747 25
    3.26545 0.1667 12
    3.43591 0.2586 7
  4.6836 3 + 3
    1.62664 0.5682 43
    1.68128 0.3011 40
    2.90455 0.1307 21
  4.69806 9 - 2
    1.47984 0.6579 47
    3.39381 0.3421 12

37 92 27
  0 0 - 0
  0.142308 2 - 1
    0.142308 1 0
  0.31673 2 - 1
    0.31673 1 0
  0.33342 4 - 2
    0.191112 0.949381 1
    0.33342 0.050619 0
  0.48459 2 - 3
    0.16786 0.024261 2
    0.342282 0.388716 1
    0.48459 0.587023 0
  0.4926 2 - 3
    0.15918 0.112089 3
    0.350292 0.288571 1
    0.4926 0.59934 0
  0.5483 2 - 2
    0.21488 0.025471 3
    0.5483 0.974529 0
  0.62361 4 - 2
    0.481302 0.1175 1
    0.62361 0.8825 0
  0.72824 2 + 3
    0.39482 0.252725 3
    0.585932 0.494949 1
    0.72824 0.252325 0
  0.86842 4 - 2
    0.535 0.8335 3
    0.86842 0.1665 0
  0.92086 2 - 3
    0.37256 0.192219 6
    0.43627 0.351935 4
    0.92086 0.455846 0
  0.92804 4 - 2
    0.785732 0.7693 1
    0.92804 0.2307 0
  1.36089 2 + 9
    0.44003 0.006823 10
    0.49247 0.006348 9
    0.63265 0.002094 8
    0.73728 0.005803 7
    0.81259 0.163999 6
    0.8763 0.04791 4
    1.04416 0.0533 2
    1.21858 0.674595 1
    1.36089 0.03913 0
  1.66354 6 + 4
    1.11524 0.34712 6
    1.17895 0.34712 4
    1.34681 0.000243 2
    1.66354 0.305517 0
  2.03899 2 + 6
    0.6781 0.1651 12
    1.31075 0.05059 8
    1.41538 0.07331 7
    1.5544 0.1686 4
    1.89668 0.3665 1
    2.03899 0.1759 0
  2.07943 8 + 3
    1.59484 0.241524 4
    1.7627 0.334733 2
    2.07943 0.423742 0
  2.32101 6 + 2
    0.28202 0.8403 14
    2.00428 0.1597 2
  2.58739 2 + 6
    1.65935 0.042467 11
    2.03909 0.386077 6
    2.09479 0.123593 5
    2.27066 0.050187 2
    2.44508 0.16599 1
    2.58739 0.231686 0
  2.61106 2 + 5
    1.25017 0.1051 12
    1.98745 0.2643 7
    2.27764 0.1242 3
    2.46875 0.1879 1
    2.61106 0.3185 0
  2.71876 8 + 3
    2.09515 0.2909 7
    2.40203 0.103 2
    2.71876 0.6061 0
  2.90149 2 + 6
    1.5406 0.064219 12
    1.97345 0.204896 11
    1.98063 0.119298 10
    2.4169 0.128397 4
    2.58476 0.177396 2
    2.75918 0.305794 1
  3.05729 6 + 4
    1.39375 0.195004 13
    2.12925 0.316806 11
    2.43368 0.00078 7
    3.05729 0.48741 0
  3.14947 2 + 2
    2.83274 0.7143 2
    3.14947 0.2857 0
  3.3385 10 - 3
    1.25907 0.3745 15
    1.67496 0.2809 13
    2.85391 0.3446 4
  3.34184 2 + 4
    2.4138 0.070924 11
    2.79354 0.156008 6
    3.19953 0.709235 1
    3.34184 0.063833 0
  3.6598 6 - 3
    1.62081 0.2396 14
    3.34307 0.2396 2
    3.6598 0.5208 0
  4.193 2 + 4
    1.29151 0.303 20
    1.47424 0.3257 19
    3.27214 0.2182 10
    3.32458 0.1531 9

37 93 74
  0 5 - 0
  0.25339 5 - 1
    0.25339 1 0
  0.26686 3 - 1
    0.26686 1 0
  0.32395 3 - 3
    0.05709 0.016339 2
    0.07056 0.079497 1
    0.32395 0.904164 0
  0.50601 1 - 2
    0.18206 0.2227 3
    0.25262 0.7773 1
  0.7334 7 - 1
    0.7334 1 0
  0.82052 1 + 4
    0.49657 0.3147 3
    0.55366 0.01348 2
    0.56713 0.02902 1
    0.82052 0.6428 0
  0.91271 7 - 1
    0.91271 1 0
  1.28521 9 + 3
    0.3725 0.4468 7
    0.55181 0.348 5
    1.28521 0.2052 0
  1.35017 5 + 6
    0.52965 0.100406 6
    0.84416 0.114507 4
    1.02622 0.441326 3
    1.08331 0.16591 2
    1.09678 0.026042 1
    1.35017 0.151809 0
  1.55739 3 - 3
    0.73687 0.1438 6
    1.05138 0.2026 4
    1.29053 0.6536 2
  1.56302 5 + 4
    1.23907 0.275089 3
    1.29616 0.466181 2
    1.30963 0.025639 1
    1.56302 0.233091 0
  1.64106 3 + 2
    1.38767 0.4819 1
    1.64106 0.5181 0
  1.64208 1 + 2
    1.13607 0.077491 4
    1.31813 0.922509 3
  1.68871 3 - 3
    1.36476 0.2557 3
    1.42185 0.3626 2
    1.43532 0.3817 1
  1.8502 5 + 4
    0.29281 0.051292 10
    1.52625 0.120705 3
    1.59681 0.773831 1
    1.8502 0.054172 0
  1.88039 5 - 3
    0.23933 0.064453 12
    1.61353 0.135907 2
    1.627 0.79964 1
  1.96464 3 - 4
    0.40162 0.01972 11
    1.45863 0.168897 4
    1.69778 0.596588 2
    1.71125 0.214796 1
  2.00933 3 - 3
    1.68538 0.2564 3
    1.74247 0.5963 2
    1.75594 0.1473 1
  2.0158 5 - 1
    0.73059 1 8
  2.0316 13 + 1
    0.74639 1 8
  2.08387 7 + 1
    0.7337 1 9
  2.16913 9 + 2
    0.48042 0.1736 14
    1.66312 0.8264 4
  2.2106 11 + 4
    1.70459 0.1417 4
    1.88665 0.3937 3
    1.94374 0.2677 2
    1.95721 0.1969 1
  2.26484 7 + 2
    0.62378 0.1837 12
    2.01145 0.8163 1
  2.28575 9 + 5
    0.64367 0.022121 13
    0.72273 0.066352 11
    1.77974 0.139604 4
    1.9618 0.433713 3
    2.01889 0.33821 2
  2.3153 11 - 1
    1.40259 1 7
  2.5763 7 + 1
    0.5605 1 19
  2.60947 1 - 5
    0.39887 0.1195 23
    0.64483 0.2704 17
    1.04645 0.1195 11
    1.78895 0.3145 6
    2.34261 0.1761 2
  2.66484 9 + 2
    0.97613 0.6944 14
    2.41145 0.3056 1
  2.74528 15 - 2
    0.89508 0.4924 15
    2.23927 0.5076 4
  2.81499 7 + 6
    0.96479 0.082668 15
    1.12628 0.025899 14
    1.99447 0.099048 6
    2.49104 0.175196 3
    2.54813 0.236195 2
    2.5616 0.380992 1
  2.85594 3 + 13
    0.1911 0.003553 29
    0.57019 0.05449 25
    0.68681 0.006193 22
    0.8913 0.001422 17
    1.00574 0.007516 15
    1.21488 0.08091 12
    1.50577 0.1029 9
    2.03542 0.08291 6
    2.34993 0.3384 4
    2.53199 0.005956 3
    2.58908 0.02335 2
    2.60255 0.1929 1
    2.85594 0.0995 0
  2.9428 17 + 1
    0.9112 1 20
  3.00211 5 - 6
    1.3134 0.059445 14
    1.36003 0.045976 13
    1.65194 0.140289 9
    2.18159 0.236881 6
    2.4961 0.464463 4
    2.67816 0.052946 3
  3.0323 1 - 1
    0.456 1 27
  3.06335 11 - 8
    0.7776 0.068513 25
    0.85275 0.032051 23
    1.37464 0.144206 14
    1.71318 0.106204 9
    2.55734 0.200308 4
    2.7394 0.174307 3
    2.79649 0.124205 2
    2.80996 0.150206 1
  3.2347 17 + 2
    0.2024 0.4151 35
    1.2031 0.5849 20
  3.24515 7 - 5
    1.23582 0.1656 18
    1.55644 0.3125 14
    1.68213 0.1219 11
    1.68776 0.1812 10
    2.42463 0.2188 6
  3.26518 9 + 5
    0.5199 0.100302 30
    1.00034 0.047531 24
    1.05458 0.110002 23
    1.57647 0.091152 14
    2.99832 0.651013 2
  3.28003 5 - 3
    1.63795 0.5076 13
    1.92986 0.3198 9
    3.02664 0.1726 1
  3.30832 3 + 3
    1.13919 0.2814 22
    1.66624 0.1198 13
    1.7453 0.5988 11
  3.35876 7 - 4
    1.50856 0.264326 15
    2.85275 0.232123 4
    3.10537 0.357136 1
    3.35876 0.146415 0
  3.4062 19 + 1
    0.1715 1 37
  3.4647 5 - 3
    1.82262 0.2058 13
    1.82364 0.4115 12
    3.4647 0.3827 0
  3.49373 1 + 3
    0.49162 0.065247 34
    1.52909 0.119094 17
    3.22687 0.815659 2
  3.55154 9 - 4
    1.38241 0.095946 22
    1.5869 0.436126 17
    1.86283 0.136508 14
    3.29815 0.33142 1
  3.6314 3 + 2
    1.98932 0.7353 13
    3.30745 0.2647 3
  3.73397 7 - 2
    2.91345 0.4382 6
    3.46711 0.5618 2
  3.77716 5 + 4
    0.92122 0.1743 32
    2.08845 0.211 14
    2.95664 0.4587 6
    3.45321 0.156 3
  3.8009 13 - 4
    0.55575 0.1705 38
    1.19143 0.3788 28
    2.15984 0.1098 12
    3.29489 0.3409 4
  3.8858 11 + 1
    0.4796 1 43
  3.9409 21 + 1
    0.9981 1 33
  4.05068 3 - 6
    0.31671 0.2131 48
    0.77065 0.1218 40
    1.78584 0.1077 24
    1.84008 0.2342 23
    2.70051 0.1944 9
    3.23016 0.1288 6
  4.08057 1 - 3
    1.4711 0.287797 28
    1.79482 0.653993 25
    2.51755 0.058209 11
  4.0869 5 + 1
    1.1441 1 33
  4.3204 7 - 1
    0.2335 1 55
  4.3222 23 - 2
    0.3813 0.5561 52
    0.4364 0.4439 51
  4.4231 27 - 1
    0.1009 1 57
  4.86152 9 + 5
    1.06062 0.4167 50
    1.61637 0.075 38
    1.79817 0.1958 36
    3.22046 0.1958 12
    3.30413 0.1167 10
  5.04898 3 + 2
    1.80383 0.5495 38
    2.83838 0.4505 23
  5.1593 5 + 1
    0.7362 1 58
  5.23765 7 - 3
    1.15708 0.6135 54
    2.23554 0.1411 34
    3.88748 0.2454 9
  5.49178 1 + 4
    2.82694 0.2312 29
    3.28118 0.0914 23
    3.40791 0.5376 21
    3.48245 0.1398 18
  5.49626 3 - 4
    1.44558 0.2702 53
    3.28566 0.2329 23
    3.41239 0.1863 21
    3.64606 0.3106 15
  5.66551 5 + 4
    0.61653 0.0905 60
    2.6634 0.45705 34
    3.00067 0.301633 29
    3.37976 0.150817 25
  5.7597 9 - 3
    0.89818 0.082354 59
    2.94471 0.329416 31
    3.01442 0.588229 30
  5.85983 7 + 6
    2.08267 0.268 49
    2.30829 0.0663 46
    2.3661 0.116 45
    3.25036 0.1409 28
    3.64923 0.2762 23
    3.77596 0.1326 21
  5.92033 3 - 5
    0.254821 0.473909 65
    1.05881 0.208504 59
    2.36879 0.094792 46
    3.63458 0.128003 25
    3.65549 0.094792 24
  5.96548 5 + 5
    2.60672 0.51709 42
    2.72033 0.144797 38
    3.15049 0.149897 31
    3.35601 0.160297 28
    3.79635 0.027919 22
  6.07051 1 - 2
    0.57873 0.2806 63
    3.21457 0.7194 32
  6.2601 11 + 3
    2.17953 0.316 54
    3.19675 0.4717 36
    3.44511 0.2123 31
  6.5722 7 - 2
    1.08042 0.082572 63
    2.52152 0.917427 53
  6.72556 3 + 3
    2.9484 0.436304 49
    3.26086 0.062191 44
    3.46038 0.501505 39

37 94 29
  0 6 - 0
  0.00454 0 - 1
    0.00454 1 0
  0.19087 4 - 2
    0.18633 0.8803 1
    0.19087 0.1197 0
  0.2173 8 - 1
    0.2173 1 0
  0.22382 2 - 1
    0.21928 1 1
  0.29272 10 - 1
    0.28818 1 1
  0.3283 10 - 2
    0.111 0.5 3
    0.3283 0.5 0
  0.35901 4 - 4
    0.13519 0.119888 4
    0.16814 0.287671 2
    0.35447 0.249975 1
    0.35901 0.342466 0
  0.3947 6 - 2
    0.20383 0.1431 2
    0.3947 0.8569 0
  0.5281 10 + 1
    0.3108 1 3
  0.6676 12 - 2
    0.3393 0.5 6
    0.4503 0.5 3
  0.6965 12 - 3
    0.1684 0.333333 9
    0.3682 0.333333 6
    0.4792 0.333333 3
  0.8664 2 + 1
    0.4717 1 8
  0.98834 2 + 6
    0.12194 0.022382 12
    0.59364 0.073098 8
    0.62933 0.456849 7
    0.69562 0.115112 5
    0.76452 0.324335 4
    0.9838 0.008224 1
  1.2885 14 + 1
    0.9602 1 6
  1.3155 14 - 3
    0.027 0.333333 14
    0.619 0.333333 11
    0.6479 0.333333 10
  1.40085 14 - 2
    0.73325 0.5 10
    1.07255 0.5 6
  1.4852 16 + 3
    0.08435 0.333333 16
    0.1697 0.333333 15
    0.8176 0.333333 10
  1.6605 16 + 1
    0.345 1 15
  2.0749 20 - 1
    0.5897 1 17
  2.1923 18 + 1
    0.7071 1 17
  2.567 20 - 1
    1.0818 1 17
  2.6341 20 - 1
    1.1489 1 17
  2.7856 24 - 1
    0.7107 1 19
  2.9092 24 + 1
    0.8343 1 19
  3.335 24 + 1
    1.2601 1 19
  3.6794 28 + 2
    0.7702 0.5 24
    0.8938 0.5 23
  3.7115 28 - 1
    0.9259 1 23
  3.9442 30 + 2
    0.2327 0.5 27
    0.2648 0.5 26

37 95 4
  0 5 - 0
  0.192 1 - 1
    0.192 1 0
  0.81 3 - 2
    0.618 0.5618 1
    0.81 0.4382 0
  0.835 7 - 1
    0.835 1 0

37 96 13
  0 4 - 0
  0.05931 6 - 1
    0.05931 1 0
  0.14887 8 - 2
    0.08956 0.6254 1
    0.14887 0.3746 0
  0.18535 2 - 2
    0.12604 0.3671 1
    0.18535 0.6329 0
  0.1877 10 - 1
    0.03883 1 2
  0.2254 0 - 1
    0.16609 1 1
  0.46161 6 - 3
    0.27626 0.088877 3
    0.4023 0.054048 1
    0.46161 0.857074 0
  0.5545 8 - 7
    0.09289 0.49512 6
    0.3291 0.079863 5
    0.3668 0.113505 4
    0.36915 0.147106 3
    0.40563 0.046422 2
    0.49519 0.058992 1
    0.5545 0.058992 0
  0.6714 10 - 2
    0.1169 0.7004 7
    0.20979 0.2996 6
  0.79482 12 - 2
    0.12342 0.4722 8
    0.24032 0.5278 7
  0.9725 14 - 2
    0.17768 0.4183 9
    0.3011 0.5817 8
  1.0946 16 - 2
    0.1221 0.3336 10
    0.29978 0.6664 9
  1.1346 20 - 1
    0.04 1 11

37 97 1
  0 3 + 0

37 98 2
  0 6 + 0
  0.27 0 + 1
    0.27 1 0

37 99 1
  0 5 + 0

37 100 1
  0 8 - 0

37 101 1
  0 3 + 0

37 102 1
  0 4 + 0

37 103 1
  0 3 + 0

