75 159 1
  0 11 - 0

75 160 1
  0 4 - 0

75 161 2
  0 1 + 0
  0.1238 11 - 1
    0.1238 1 0

75 162 2
  0 4 - 0
  0.173 18 + 1
    0.173 1 0

75 163 2
  0 1 + 0
  0.115 11 - 1
    0.115 1 0

75 164 1
  0 6 + 0

75 165 2
  0 1 + 0
  0.048 11 - 1
    0.048 1 0

75 166 1
  0 4 + 0

75 167 3
  0 9 - 0
  0.092 11 - 1
    0.092 1 0
  0.1 5 - 1
    0.1 1 0

75 168 5
  0 14 + 0
  0.0897 0 + 1
    0.0897 1 0
  0.1621 16 + 1
    0.1621 1 0
  0.226 6 + 1
    0.1363 1 1
  0.3492 6 + 1
    0.1232 1 3

75 169 35
  0 9 - 0
  0.1 3 + 1
    0.1 1 0
  0.13624 11 - 1
    0.13624 1 0
  0.3826 13 - 2
    0.24636 0.912091 2
    0.3826 0.087909 0
  0.6226 15 - 2
    0.24 0.6094 3
    0.48636 0.3906 2
  0.94 17 - 2
    0.3174 0.6352 4
    0.5574 0.3648 3
  1.2187 19 - 2
    0.2787 0.4161 5
    0.5961 0.5839 4
  1.3431 15 + 2
    0.4031 0.5 5
    0.7205 0.5 4
  1.4313 15 - 1
    0.0882 1 7
  1.584 21 - 2
    0.3653 0.5196 6
    0.644 0.4804 5
  1.6237 19 - 3
    0.1924 0.5601 8
    0.2806 0.2447 7
    0.405 0.1952 6
  1.7997 21 + 2
    0.176 0.7846 10
    0.3684 0.2154 8
  1.8156 5 + 1
    0.1919 1 10
  1.8823 23 - 2
    0.2983 0.356 9
    0.6636 0.644 6
  1.9226 23 + 1
    0.1229 1 11
  2.0781 25 + 1
    0.1555 1 14
  2.258 25 - 2
    0.3757 0.4783 13
    0.674 0.5217 9
  2.2739 27 + 2
    0.1958 0.8747 15
    0.3513 0.1253 14
  2.4869 27 - 2
    0.2289 0.5508 16
    0.6046 0.4492 13
  2.5128 29 + 2
    0.2389 0.8383 17
    0.4347 0.1617 15
  2.6029 29 - 2
    0.116 0.932209 18
    0.3449 0.067791 16
  2.7439 31 - 2
    0.141 0.962581 20
    0.257 0.037419 18
  2.7863 31 + 2
    0.2735 0.7852 19
    0.5124 0.2148 17
  2.9241 33 - 2
    0.1802 0.950452 21
    0.3212 0.049548 20
  3.0813 33 + 2
    0.295 0.7687 22
    0.5685 0.2313 19
  3.1416 35 - 2
    0.2175 0.8211 23
    0.3977 0.1789 21
  3.3967 37 - 2
    0.2551 0.8424 25
    0.4726 0.1576 23
  3.4087 35 + 2
    0.3274 0.7383 24
    0.6224 0.2617 22
  3.6873 39 - 2
    0.2906 0.7652 26
    0.5457 0.2348 25
  3.723 37 + 2
    0.3143 0.6685 27
    0.6417 0.3315 24
  4.006 41 - 2
    0.3187 0.7721 28
    0.6093 0.2279 26
  4.0504 39 + 2
    0.3274 0.1453 29
    0.6417 0.8547 27
  4.3374 7 + 1
    0.287 1 31
  4.3566 43 - 2
    0.3506 0.6959 30
    0.6693 0.3041 28
  4.7279 45 - 2
    0.3713 0.5 33
    0.7219 0.5 30

75 170 6
  0 10 + 0
  0.02013 12 - 1
    0.02013 1 0
  0.0313 8 + 1
    0.0313 1 0
  0.21032 14 + 2
    0.19019 0.1909 1
    0.21032 0.8091 0
  0.2247 6 + 2
    0.1934 0.6249 2
    0.2247 0.3751 0
  0.3701 4 + 1
    0.15978 1 3

75 171 96
  0 9 - 0
  0.15734 11 - 1
    0.15734 1 0
  0.1898 5 - 1
    0.1898 1 0
  0.2318 5 + 1
    0.2318 1 0
  0.2855 9 - 1
    0.0957 1 2
  0.38118 13 - 2
    0.22384 0.902482 1
    0.38118 0.097518 0
  0.3822 7 + 1
    0.1504 1 3
  0.5148 13 - 1
    0.2293 1 4
  0.53485 3 - 1
    0.34505 1 2
  0.5539 9 + 2
    0.1717 0.8357 6
    0.3221 0.1643 3
  0.5766 3 + 2
    0.1944 0.5 6
    0.3868 0.5 2
  0.61473 15 - 2
    0.23355 0.7548 5
    0.45739 0.2452 1
  0.7585 11 + 2
    0.2046 0.7051 9
    0.3763 0.2949 6
  0.8505 7 + 1
    0.2739 1 10
  0.8698 17 - 1
    0.355 1 7
  0.89464 17 - 2
    0.27991 0.6338 11
    0.51346 0.3662 5
  0.9281 7 - 1
    0.7383 1 2
  0.9614 13 + 2
    0.2029 0.5735 12
    0.4075 0.4265 9
  1.16295 19 - 2
    0.26831 0.5815 15
    0.54822 0.4185 11
  1.1864 15 + 2
    0.225 0.4904 17
    0.4279 0.5096 12
  1.2281 11 + 1
    0.3776 1 13
  1.3272 21 - 1
    0.4574 1 14
  1.3939 17 + 2
    0.2075 0.4272 19
    0.4325 0.5728 17
  1.4246 17 + 3
    0.2382 0.3537 19
    0.4632 0.5404 17
    0.5548 0.1059 14
  1.4749 21 - 2
    0.31195 0.5049 18
    0.58026 0.4951 15
  1.6241 5 + 2
    0.1995 0.5 23
    0.396 0.5 20
  1.6321 19 + 2
    0.2382 0.3124 22
    0.4457 0.6876 19
  1.734 21 + 3
    0.3094 0.4638 23
    0.3401 0.419 22
    0.4068 0.1172 21
  1.7588 23 - 2
    0.2839 0.4438 24
    0.59585 0.5562 18
  1.8629 25 - 1
    0.5357 1 21
  1.8654 21 + 2
    0.2333 0.4357 26
    0.4715 0.5643 22
  2.0235 3 + 2
    0.2895 0.5 27
    0.3994 0.5 25
  2.0729 25 - 2
    0.3141 0.4563 28
    0.598 0.5437 24
  2.1052 23 + 2
    0.2398 0.2285 30
    0.4731 0.7715 26
  2.1064 23 + 2
    0.241 0.1935 30
    0.4743 0.8065 26
  2.1399 25 + 1
    0.4059 1 27
  2.2292 25 + 2
    0.1228 0.487 34
    0.124 0.513 33
  2.3138 5 - 1
    0.4509 1 29
  2.3445 27 - 2
    0.2716 0.4769 32
    0.5857 0.5231 28
  2.3926 27 + 2
    0.1634 0.919082 36
    0.2874 0.080918 33
  2.4232 7 - 1
    0.3997 1 31
  2.4459 29 - 1
    0.583 1 29
  2.5474 29 - 2
    0.2029 0.7565 38
    0.4745 0.2435 32
  2.5934 29 + 2
    0.2008 0.8198 39
    0.3642 0.1802 36
  2.6125 29 + 1
    0.4726 1 35
  2.7062 31 - 2
    0.1588 0.934991 42
    0.3617 0.065009 38
  2.7429 5 - 2
    0.297 0.2857 41
    0.4291 0.7143 37
  2.8308 31 + 2
    0.2374 0.821 43
    0.4382 0.179 39
  2.8489 3 - 1
    0.4257 1 40
  2.8906 33 - 2
    0.1844 0.914463 45
    0.3432 0.085537 42
  3.0088 33 - 1
    0.5629 1 41
  3.0974 33 + 2
    0.2666 0.799 47
    0.504 0.201 43
  3.1084 35 - 2
    0.2178 0.8744 49
    0.4022 0.1256 45
  3.1422 33 + 1
    0.5297 1 44
  3.2439 7 + 1
    0.501 1 46
  3.2915 5 + 1
    0.4426 1 48
  3.357 37 - 2
    0.2486 0.7789 52
    0.4664 0.2211 49
  3.3876 35 + 2
    0.2902 0.5946 51
    0.5568 0.4054 47
  3.5201 37 - 1
    0.5113 1 50
  3.6381 39 - 2
    0.2811 0.6342 56
    0.5297 0.3658 52
  3.6994 37 + 2
    0.3118 0.4779 57
    0.602 0.5221 51
  3.725 37 + 1
    0.5828 1 53
  3.8294 3 - 1
    0.5855 1 54
  3.9395 41 - 2
    0.3014 0.776 59
    0.5825 0.224 56
  4.0177 39 + 2
    0.3183 0.4771 60
    0.6301 0.5229 57
  4.0706 41 - 1
    0.550501 1 58
  4.2688 43 - 2
    0.3293 0.7279 63
    0.6307 0.2721 59
  4.3411 41 + 2
    0.3234 0.5797 64
    0.6417 0.4203 60
  4.3544 41 + 1
    0.6294 1 61
  4.392 7 + 1
    0.667 1 61
  4.4902 5 - 1
    0.660801 1 62
  4.6084 45 - 2
    0.3396 0.575 66
    0.6689 0.425 63
  4.6321 43 + 2
    0.291 0.6252 67
    0.6144 0.3748 64
  4.6875 45 - 1
    0.616899 1 65
  4.8984 45 + 2
    0.2663 0.5452 72
    0.5573 0.4548 67
  4.9686 45 + 1
    0.6142 1 68
  4.9698 47 - 2
    0.3614 0.467 71
    0.701 0.533 66
  5.0644 9 + 1
    0.71 1 68
  5.1746 47 + 2
    0.2762 0.72 74
    0.5425 0.28 72
  5.2122 7 - 1
    0.722 1 70
  5.3299 49 - 2
    0.3601 0.344 76
    0.7215 0.656 71
  5.3706 49 - 1
    0.6831 1 73
  5.4753 49 + 2
    0.3007 0.7102 78
    0.5769 0.2898 74
  5.5728 49 + 1
    0.6042 1 75
  5.7168 51 - 2
    0.3869 0.5535 80
    0.747 0.4465 76
  5.805 51 + 2
    0.3297 0.5403 82
    0.6304 0.4597 78
  5.9866 5 - 1
    0.774399 1 79
  6.0934 53 - 2
    0.3766 0.5843 84
    0.7635 0.4157 80
  6.1169 53 - 1
    0.7463 1 81
  6.1627 53 + 2
    0.357701 0.533 85
    0.687401 0.467 82
  6.2395 53 + 1
    0.666701 1 83
  6.5074 55 - 2
    0.414 0.4764 87
    0.7906 0.5236 84
  6.5515 55 + 2
    0.388799 0.4272 89
    0.7465 0.5728 85
  6.8903 57 - 1
    0.7969 1 87
  6.9519 57 + 2
    0.4004 0.5 92
    0.789199 0.5 89
  7.3785 59 + 1
    0.827 1 92

75 172 2
  0 10 + 0
  0.2 4 + 1
    0.2 1 0

75 173 53
  0 5 - 0
  0.0871 9 - 1
    0.0871 1 0
  0.1181 5 + 1
    0.1181 1 0
  0.2315 7 + 1
    0.1134 1 2
  0.2842 5 - 1
    0.2842 1 0
  0.2938 13 - 1
    0.2067 1 1
  0.3644 9 + 2
    0.1329 0.912273 3
    0.2463 0.087727 2
  0.4769 9 + 2
    0.1927 0.5 4
    0.3898 0.5 1
  0.5147 11 + 2
    0.1503 0.8928 6
    0.2832 0.1072 3
  0.6147 17 - 1
    0.3209 1 5
  0.6551 7 + 1
    0.1782 1 7
  0.6766 13 + 2
    0.1619 0.723 8
    0.3122 0.277 6
  0.746 11 - 2
    0.2691 0.5 7
    0.4522 0.5 5
  0.8532 15 + 2
    0.1766 0.6989 11
    0.3385 0.3011 8
  0.9511 13 + 2
    0.2051 0.5 12
    0.296 0.5 10
  1.0304 21 - 1
    0.4157 1 9
  1.0401 17 + 2
    0.1869 0.6399 13
    0.3635 0.3601 11
  1.067 3 - 1
    0.321 1 12
  1.2429 19 + 2
    0.2028 0.5122 16
    0.3897 0.4878 13
  1.2552 17 + 2
    0.3041 0.5 14
    0.6405 0.5 9
  1.4412 3 - 1
    0.3742 1 17
  1.4542 21 + 2
    0.2113 0.4819 18
    0.4141 0.5181 16
  1.5182 25 - 1
    0.4878 1 15
  1.5407 21 + 3
    0.2855 0.333333 19
    0.2978 0.333333 18
    0.5006 0.333333 16
  1.685 23 + 2
    0.2308 0.4144 21
    0.4421 0.5856 18
  1.8697 7 - 1
    0.4285 1 20
  1.8848 25 + 3
    0.1998 0.1897 24
    0.3441 0.3243 23
    0.4306 0.486 21
  1.9321 25 + 2
    0.2471 0.5 24
    0.4779 0.5 21
  2.0559 29 - 1
    0.5377 1 22
  2.179 27 + 2
    0.2469 0.5 27
    0.494 0.5 24
  2.3082 29 + 1
    0.4234 1 26
  2.353 3 - 1
    0.4833 1 25
  2.4469 29 + 2
    0.2679 0.5898 29
    0.5148 0.4102 27
  2.6241 33 - 1
    0.5682 1 28
  2.7224 31 + 2
    0.2755 0.4669 32
    0.5434 0.5331 29
  2.7867 33 + 1
    0.4785 1 30
  3.0116 33 + 2
    0.2892 0.3281 34
    0.5647 0.6719 32
  3.2167 37 - 1
    0.5926 1 33
  3.3098 35 + 2
    0.2982 0.5 36
    0.5874 0.5 34
  3.3174 37 + 1
    0.5307 1 35
  3.614 37 + 1
    0.6024 1 36
  3.8454 41 - 1
    0.6287 1 37
  3.8986 41 + 1
    0.5812 1 39
  3.928 39 + 1
    0.6182 1 38
  4.5248 45 - 1
    0.6794 1 41
  4.5305 45 + 1
    0.6319 1 42
  5.212 49 + 1
    0.6815 1 45
  5.261 49 - 1
    0.7362 1 44
  5.946 53 + 1
    0.734 1 46
  6.055 53 - 1
    0.794 1 47
  6.73 57 + 1
    0.784 1 48
  6.905 57 - 1
    0.85 1 49
  7.566 61 + 1
    0.836 1 50

75 174 1
  0 4 - 0

75 175 111
  0 5 - 0
  0.0757 9 - 1
    0.0757 1 0
  0.10085 9 - 1
    0.10085 1 0
  0.1253 5 + 1
    0.1253 1 0
  0.2369 11 - 1
    0.13605 1 2
  0.2398 7 + 1
    0.1145 1 3
  0.2722 13 - 1
    0.1965 1 1
  0.3619 7 + 1
    0.2366 1 3
  0.3776 9 + 2
    0.1378 0.938362 5
    0.2523 0.061638 3
  0.4279 13 - 2
    0.191 0.923037 4
    0.32705 0.076963 2
  0.4894 9 + 2
    0.1275 0.5556 7
    0.2496 0.4444 5
  0.5363 11 + 2
    0.1587 0.8527 8
    0.2965 0.1473 5
  0.5874 17 - 1
    0.3152 1 6
  0.638 15 - 2
    0.2101 0.8281 9
    0.4011 0.1719 4
  0.67405 11 + 3
    0.18465 0.4584 10
    0.29645 0.3442 8
    0.31215 0.1974 7
  0.7096 13 + 2
    0.1733 0.7285 11
    0.332 0.2715 8
  0.8074 13 + 3
    0.13335 0.3719 14
    0.2711 0.1737 11
    0.318 0.4544 10
  0.8689 17 - 2
    0.2309 0.7486 13
    0.441 0.2514 9
  0.8991 15 + 2
    0.1895 0.6641 15
    0.3628 0.3359 11
  0.9949 15 + 3
    0.1875 0.3226 16
    0.2853 0.2178 15
    0.32085 0.4596 14
  1.0085 21 - 1
    0.4211 1 12
  1.0803 13 + 2
    0.7027 0.5 8
    0.8434 0.5 4
  1.1001 17 + 2
    0.201 0.5524 18
    0.3905 0.4476 15
  1.1093 19 - 2
    0.2404 0.6658 17
    0.4713 0.3342 13
  1.1981 17 + 2
    0.2032 0.3231 19
    0.3907 0.6769 16
  1.3165 19 + 2
    0.2164 0.4551 22
    0.4174 0.5449 18
  1.3245 17 + 1
    0.7371 1 12
  1.3651 21 - 2
    0.2558 0.5999 23
    0.4962 0.4001 17
  1.4039 15 - 1
    0.6943 1 15
  1.4182 19 + 2
    0.2201 0.2056 24
    0.4233 0.7944 19
  1.5201 25 - 1
    0.5116 1 20
  1.5434 21 + 2
    0.2269 0.4159 25
    0.4433 0.5841 22
  1.6013 21 - 1
    1.0139 1 12
  1.6145 17 - 2
    0.2106 0.5988 28
    0.7154 0.4012 18
  1.6168 21 + 3
    0.2923 0.57446 26
    0.4187 0.330777 24
    0.6083 0.094763 20
  1.6251 23 - 2
    0.26 0.526 27
    0.5158 0.474 23
  1.6556 21 + 2
    0.2374 0.222 29
    0.4575 0.778 24
  1.7874 23 + 2
    0.244 0.3346 31
    0.4709 0.6654 25
  1.7938 19 - 4
    0.1793 0.303027 33
    0.4287 0.303027 27
    0.6845 0.090918 23
    0.6937 0.303027 22
  1.8984 23 + 2
    0.2428 0.1338 36
    0.4802 0.8662 29
  1.90405 25 - 2
    0.27895 0.5235 35
    0.53895 0.4765 27
  1.9096 23 + 1
    0.4914 1 29
  1.9435 21 - 1
    0.1497 1 38
  1.9917 25 + 3
    0.2043 0.073209 37
    0.3749 0.660593 34
    0.4483 0.266197 31
  2.0431 25 + 2
    0.2557 0.2699 37
    0.4997 0.7301 31
  2.1053 29 - 1
    0.5852 1 30
  2.1205 23 - 2
    0.177 0.8621 42
    0.3267 0.1379 38
  2.1689 25 + 1
    0.5133 1 36
  2.1768 27 - 2
    0.27275 0.4219 40
    0.5517 0.5781 35
  2.3058 27 + 2
    0.2627 0.2914 44
    0.5184 0.7086 37
  2.323 25 - 2
    0.2025 0.5348 46
    0.3795 0.4652 42
  2.3261 27 + 1
    0.5387 1 37
  2.4329 27 + 1
    0.5345 1 39
  2.44 29 + 1
    0.4483 1 43
  2.4504 27 + 1
    0.552 1 39
  2.4678 29 - 2
    0.291 0.3329 48
    0.56375 0.6671 40
  2.5493 27 - 2
    0.2263 0.3333 50
    0.4288 0.6667 46
  2.5769 29 + 1
    0.5338 1 44
  2.58 29 - 1
    1.0599 1 30
  2.738 29 + 1
    0.5691 1 47
  2.7395 33 - 1
    0.6342 1 45
  2.7621 31 - 2
    0.2943 0.4143 55
    0.5853 0.5857 48
  2.7974 29 - 2
    0.2481 0.2958 56
    0.4744 0.7042 50
  2.7999 31 + 2
    0.4738 0.5411 51
    0.4941 0.4589 49
  2.9507 33 + 1
    0.5107 1 53
  3.0374 33 - 2
    0.4574 0.3682 58
    0.9321 0.6318 45
  3.0426 33 - 2
    0.2805 0.4956 61
    0.5748 0.5044 55
  3.05455 33 - 1
    0.94925 1 45
  3.0662 31 - 2
    0.2688 0.3464 62
    0.5169 0.6536 56
  3.1226 33 - 1
    0.6548 1 55
  3.1422 33 + 1
    0.5622 1 58
  3.1722 33 - 1
    0.7044 1 55
  3.2123 33 + 1
    0.6323 1 58
  3.2761 35 - 2
    0.2335 0.5122 66
    0.514 0.4878 61
  3.3515 35 + 1
    0.5516 1 63
  3.3536 33 - 2
    0.2874 0.2481 68
    0.5562 0.7519 62
  3.3728 37 - 1
    0.6333 1 60
  3.5199 37 + 1
    0.5692 1 64
  3.5234 37 - 2
    0.2473 0.8073 73
    0.4808 0.1927 66
  3.6313 37 - 1
    0.8918 1 60
  3.6582 35 + 2
    0.3046 0.3243 75
    0.592 0.6757 68
  3.7965 39 - 2
    0.2731 0.7093 78
    0.5204 0.2907 73
  3.9669 39 + 1
    0.6154 1 74
  3.9783 37 + 2
    0.3201 0.4152 80
    0.6247 0.5848 75
  4.0009 41 - 1
    0.6281 1 76
  4.0934 41 - 2
    0.2969 0.6584 81
    0.57 0.3416 78
  4.1445 41 + 1
    0.6246 1 77
  4.3102 39 + 2
    0.3319 0.4083 83
    0.652 0.5917 80
  4.3365 41 - 1
    0.7052 1 79
  4.4142 43 - 2
    0.3208 0.6877 85
    0.6177 0.3123 81
  4.6356 43 + 1
    0.6687 1 82
  4.6722 41 + 1
    0.6939 1 83
  4.6769 45 - 1
    0.676 1 84
  4.7575 45 - 1
    0.6641 1 85
  4.8221 45 + 1
    0.6776 1 86
  5.1365 47 - 1
    0.7223 1 89
  5.3541 47 + 1
    0.7185 1 90
  5.4168 49 - 1
    0.7399 1 92
  5.5502 49 + 1
    0.7281 1 94
  6.2176 53 - 1
    0.8008 1 97
  6.3185 53 + 1
    0.768301 1 98
  7.0776 57 - 1
    0.86 1 99
  7.1076 57 + 1
    0.789099 1 100
  7.9234 61 + 1
    0.8158 1 102
  7.989 61 - 1
    0.9114 1 101
  8.784 65 + 1
    0.8606 1 103
  8.949 65 - 1
    0.96 1 104
  9.695 69 + 1
    0.911001 1 105
  10.659 73 + 1
    0.963999 1 107
  11.673 77 + 1
    1.014 1 108
  12.733 81 + 1
    1.06 1 109

75 176 21
  0 6 + 0
  0.0762 10 + 1
    0.0762 1 0
  0.1413 8 + 2
    0.0651 0.6509 1
    0.1413 0.3491 0
  0.2475 14 + 1
    0.1713 1 1
  0.3037 12 + 2
    0.1624 0.8518 2
    0.2275 0.1482 1
  0.5153 18 + 1
    0.2678 1 3
  0.562 16 + 2
    0.2583 0.939881 4
    0.3145 0.060119 3
  0.8746 22 + 1
    0.3593 1 5
  0.9113 20 + 2
    0.3493 0.999578 6
    0.396 0.000422 5
  1.3159 26 + 1
    0.4413 1 7
  1.3423 24 + 2
    0.431 0.999479 8
    0.4677 0.000521 7
  1.8257 30 + 1
    0.5098 1 9
  1.8428 28 + 1
    0.5005 1 10
  2.376 32 + 1
    0.5332 1 12
  2.3786 34 + 1
    0.5529 1 11
  2.9445 38 + 1
    0.5659 1 14
  3.5453 42 + 1
    0.6008 1 15
  4.2069 46 + 1
    0.6616 1 16
  4.9321 50 + 1
    0.7252 1 17
  5.7158 54 + 1
    0.7837 1 18
  6.5559 58 + 1
    0.8401 1 19

75 177 148
  0 5 - 0
  0.03864 1 - 1
    0.03864 1 0
  0.06351 9 - 1
    0.06351 1 0
  0.08471 5 + 1
    0.08471 1 0
  0.19573 3 - 2
    0.15709 0.3055 1
    0.19573 0.6945 0
  0.20743 7 + 1
    0.12272 1 3
  0.24811 13 - 1
    0.1846 1 2
  0.35821 9 + 2
    0.15078 0.922628 5
    0.2735 0.077372 3
  0.36101 7 + 1
    0.2763 1 3
  0.49037 9 + 2
    0.12936 0.1806 8
    0.28294 0.8194 5
  0.49573 1 + 3
    0.3 0.437356 4
    0.41102 0.247975 3
    0.45709 0.314669 1
  0.53429 11 + 2
    0.17608 0.8249 7
    0.32686 0.1751 5
  0.55222 17 - 1
    0.30411 1 6
  0.56135 11 - 1
    0.49784 1 2
  0.64274 11 + 4
    0.15237 0.226923 9
    0.28173 0.173717 8
    0.28453 0.467747 7
    0.43531 0.131613 5
  0.72771 13 + 2
    0.19342 0.7274 11
    0.3695 0.2726 7
  0.73515 3 - 2
    0.53942 0.6944 4
    0.69651 0.3056 1
  0.7412 5 - 1
    0.24547 1 10
  0.77196 7 - 2
    0.57623 0.3421 4
    0.73332 0.6579 1
  0.81541 13 + 4
    0.17267 0.2882 14
    0.28112 0.2894 11
    0.32504 0.3031 9
    0.4572 0.1193 7
  0.88065 15 - 2
    0.3193 0.1721 13
    0.63254 0.8279 6
  0.93591 15 + 2
    0.2082 0.6015 15
    0.40162 0.3985 11
  0.95265 3 - 4
    0.45692 0.467281 10
    0.75692 0.079437 4
    0.91401 0.051398 1
    0.95265 0.401884 0
  0.96559 21 - 1
    0.41337 1 12
  0.97513 9 + 2
    0.61692 0.5 7
    0.89042 0.5 3
  1.00946 15 + 4
    0.19405 0.2417 19
    0.28175 0.3126 15
    0.36672 0.3346 14
    0.47517 0.1111 11
  1.0372 5 - 1
    0.84147 1 4
  1.073 7 + 1
    0.87727 1 4
  1.08692 13 + 2
    0.11179 0.7973 24
    0.72871 0.2027 7
  1.15101 17 + 2
    0.2151 0.4708 21
    0.4233 0.5292 15
  1.22017 17 + 4
    0.21071 0.264713 25
    0.28426 0.243012 21
    0.40476 0.418121 19
    0.49246 0.074154 15
  1.22313 15 + 1
    0.97502 1 6
  1.29666 19 - 2
    0.41601 0.3896 20
    0.74444 0.6104 12
  1.31817 17 + 3
    0.23125 0.3954 28
    0.50276 0.181 19
    0.76595 0.4236 12
  1.37537 19 + 2
    0.22436 0.3466 29
    0.43946 0.6534 21
  1.4043 3 - 1
    1.20857 1 4
  1.4213 5 - 3
    0.64934 0.3091 18
    0.68615 0.3636 16
    1.33659 0.3273 3
  1.44695 19 + 4
    0.22678 0.2931 30
    0.29594 0.1235 29
    0.43749 0.4831 25
    0.51104 0.1003 21
  1.4643 7 - 1
    1.26857 1 4
  1.47444 25 - 1
    0.50885 1 23
  1.49484 17 - 1
    1.24673 1 6
  1.51466 19 + 2
    0.29153 0.5354 31
    0.96244 0.4646 12
  1.60667 21 + 2
    0.2313 0.3317 34
    0.45566 0.6683 29
  1.64017 21 + 5
    0.2648 0.195404 34
    0.322 0.324706 33
    0.42 0.103402 30
    0.48916 0.294406 29
    0.67458 0.082082 23
  1.68028 19 + 1
    1.12806 1 12
  1.68605 21 + 3
    0.2391 0.284689 37
    0.31068 0.088236 34
    0.46588 0.627075 30
  1.744 5 - 4
    0.2797 0.096773 38
    0.3397 0.116904 35
    0.79135 0.403212 22
    1.744 0.383112 0
  1.79935 23 - 2
    0.50269 0.6144 32
    0.83376 0.3856 23
  1.80669 21 + 2
    0.58652 0.5 30
    0.65568 0.5 29
  1.84801 23 + 2
    0.24134 0.225 42
    0.47264 0.775 34
  1.85103 21 - 2
    0.35619 0.269 40
    1.29881 0.731 12
  1.88583 23 + 3
    0.27916 0.1686 42
    0.37117 0.3752 41
    0.51046 0.4562 34
  1.93459 23 + 3
    0.24854 0.2716 45
    0.32792 0.2236 42
    0.48764 0.5048 37
  1.96505 23 + 2
    0.15836 0.5187 48
    0.28477 0.4813 44
  2.02116 3 - 1
    0.54672 1 39
  2.03175 7 - 1
    1.06616 1 23
  2.03994 25 + 2
    0.39977 0.7659 43
    0.43327 0.2341 42
  2.04446 5 - 1
    0.570015 1 39
  2.04845 23 - 1
    1.08286 1 23
  2.06498 29 - 1
    0.59054 1 39
  2.06944 7 - 1
    0.595 1 39
  2.08056 3 - 1
    0.60612 1 39
  2.10552 25 + 2
    0.25751 0.1831 49
    0.49885 0.8169 42
  2.13514 25 + 3
    0.17009 0.1816 53
    0.32845 0.2845 48
    0.49497 0.5339 43
  2.19175 25 + 3
    0.25716 0.328387 52
    0.34374 0.077037 49
    0.5057 0.594576 45
  2.21447 9 - 1
    0.74003 1 39
  2.23382 25 - 2
    0.382795 0.4088 50
    1.26824 0.5912 23
  2.2526 5 - 1
    0.77816 1 39
  2.30497 27 + 2
    0.41914 0.5831 51
    0.45696 0.4169 49
  2.30981 7 - 2
    0.45878 0.218778 50
    0.83537 0.781222 39
  2.33733 27 + 3
    0.20219 0.1554 63
    0.37228 0.4495 53
    0.48932 0.3951 49
  2.37491 27 - 2
    0.57556 0.6372 47
    0.90047 0.3628 39
  2.38122 27 + 2
    0.2757 0.3104 62
    0.53321 0.6896 49
  2.46272 27 + 3
    0.27097 0.180091 64
    0.3572 0.090845 62
    0.52813 0.729064 52
  2.48969 29 + 1
    0.44975 1 56
  2.55975 27 - 1
    1.08531 1 39
  2.56427 27 - 2
    0.51582 0.781222 58
    1.08983 0.218778 39
  2.57072 29 + 2
    0.43558 0.3896 63
    0.53078 0.6104 56
  2.57295 29 - 2
    0.339125 0.5171 66
    1.09851 0.4829 39
  2.57848 27 - 1
    1.10404 1 39
  2.64304 29 + 2
    0.26182 0.1488 72
    0.53752 0.8512 62
  2.72074 33 - 1
    0.65576 1 59
  2.72615 5 - 1
    0.66117 1 59
  2.74883 29 + 2
    0.36761 0.2458 72
    0.55708 0.7542 64
  2.7802 3 - 2
    0.47039 0.5376 69
    0.71522 0.4624 59
  2.78312 31 + 1
    0.47815 1 68
  2.80953 31 + 3
    0.31984 0.079045 74
    0.4722 0.610937 70
    0.50456 0.310019 68
  2.94242 31 + 2
    0.29938 0.1891 80
    0.5612 0.8109 72
  2.9559 31 + 1
    0.57468 1 72
  2.99025 33 + 1
    0.50056 1 74
  2.99316 33 - 2
    0.42021 0.5046 78
    0.92818 0.4954 59
  3.00146 31 - 2
    0.62655 0.9009 71
    0.93648 0.0991 59
  3.04112 31 + 2
    0.29229 0.3691 83
    0.5784 0.6309 73
  3.0805 7 - 1
    1.01552 1 59
  3.09444 33 + 2
    0.52372 0.8218 77
    0.60475 0.1782 74
  3.1238 5 - 1
    1.05882 1 59
  3.1821 9 - 1
    1.21705 1 53
  3.18734 33 + 2
    0.24492 0.44 87
    0.5443 0.56 80
  3.20872 33 + 1
    0.56568 1 80
  3.30606 3 - 1
    0.52586 1 84
  3.32754 35 + 2
    0.33729 0.1882 89
    0.54442 0.8118 85
  3.34389 33 + 1
    0.59506 1 83
  3.3495 33 + 1
    0.60067 1 83
  3.35599 35 + 1
    0.54646 1 86
  3.39879 37 - 1
    0.67805 1 81
  3.46885 35 + 2
    0.28151 0.4631 97
    0.52643 0.5369 87
  3.52645 37 - 2
    0.53329 0.2827 90
    0.80571 0.7173 81
  3.56528 37 + 1
    0.57503 1 89
  3.5849 35 - 2
    0.58344 0.5523 91
    0.86416 0.4477 81
  3.66058 37 + 1
    0.56614 1 94
  3.8838 5 - 1
    0.57774 1 99
  3.94109 39 + 2
    0.37581 0.1184 107
    0.61355 0.8816 100
  3.9693 39 + 1
    0.61331 1 103
  4.01782 41 - 2
    0.49137 0.091764 106
    0.61903 0.908236 104
  4.117 7 - 1
    0.71821 1 104
  4.16971 39 - 2
    0.58481 0.5481 108
    0.77092 0.4519 104
  4.21363 41 + 1
    0.64835 1 107
  4.24896 41 - 2
    0.72251 0.6067 106
    0.85017 0.3933 104
  4.26746 41 + 1
    0.60688 1 109
  4.5227 5 - 1
    0.6389 1 110
  4.61373 43 + 1
    0.67264 1 111
  4.6464 43 + 1
    0.6771 1 112
  4.67568 45 - 1
    0.65786 1 113
  4.7031 7 - 1
    0.68528 1 113
  4.91509 45 + 2
    0.64763 0.6807 118
    0.70146 0.3193 116
  4.93288 45 + 2
    0.66542 0.3154 118
    0.71925 0.6846 116
  5.0517 45 - 1
    0.802741 1 117
  5.3411 47 + 1
    0.72737 1 120
  5.3757 47 + 1
    0.7293 1 121
  5.4009 49 - 1
    0.72522 1 122
  5.61756 49 + 1
    0.70247 1 124
  5.7037 49 + 1
    0.770821 1 125
  5.8903 49 - 1
    0.838599 1 126
  6.1217 51 + 1
    0.7806 1 127
  6.1384 51 + 1
    0.7627 1 128
  6.1888 53 - 1
    0.7879 1 129
  6.3678 53 + 1
    0.75024 1 130
  6.5476 53 + 1
    0.843899 1 131
  6.7565 53 - 1
    0.8662 1 132
  6.9512 55 + 1
    0.8295 1 133
  7.0318 57 - 1
    0.843 1 135
  7.1678 57 + 1
    0.8 1 136
  7.9227 61 - 1
    0.8909 1 140
  8.0174 61 + 1
    0.849601 1 141
  8.8567 65 - 1
    0.934001 1 142
  8.9154 65 + 1
    0.898 1 143
  9.849 69 + 1
    0.9336 1 145
  10.8242 73 + 1
    0.9752 1 146

75 178 1
  0 6 + 0

75 179 126
  0 5 + 0
  0.06535 5 - 1
    0.06535 1 0
  0.08754 9 - 1
    0.08754 1 0
  0.11559 9 - 1
    0.05024 1 1
  0.11839 1 - 1
    0.05304 1 1
  0.12407 7 + 1
    0.12407 1 0
  0.25305 11 - 1
    0.16551 1 2
  0.27971 9 + 2
    0.15564 0.931109 5
    0.27971 0.068891 0
  0.28398 3 - 2
    0.16559 0.3806 4
    0.21863 0.6194 1
  0.36576 13 - 1
    0.25017 1 3
  0.44724 13 - 2
    0.19419 0.922137 6
    0.3597 0.077863 2
  0.46583 11 + 2
    0.18612 0.8251 7
    0.34176 0.1749 5
  0.57014 17 - 1
    0.20438 1 9
  0.59389 5 - 3
    0.30991 0.2288 8
    0.4755 0.1666 4
    0.59389 0.6046 0
  0.66499 15 - 2
    0.21775 0.7978 10
    0.41194 0.2022 6
  0.67698 13 + 2
    0.21115 0.7159 11
    0.39727 0.2841 7
  0.81661 7 + 3
    0.53263 0.4219 8
    0.69822 0.2954 4
    0.75126 0.2827 1
  0.81783 3 + 2
    0.22394 0.1597 13
    0.81783 0.8403 0
  0.8777 7 + 2
    0.59372 0.6575 8
    0.75931 0.3425 4
  0.90625 17 - 2
    0.24126 0.7599 14
    0.45901 0.2401 10
  0.91381 15 + 2
    0.23683 0.5331 15
    0.44798 0.4669 11
  0.92764 15 - 2
    0.3575 0.2318 12
    0.56188 0.7682 9
  0.96219 21 - 1
    0.39205 1 12
  1.16404 19 - 1
    0.25779 1 19
  1.16641 17 + 2
    0.2526 0.5095 20
    0.48943 0.4905 15
  1.2022 21 + 1
    0.29595 1 19
  1.2087 15 - 2
    0.63856 0.2792 12
    0.84294 0.7208 9
  1.29789 15 - 5
    0.6329 0.2 14
    0.72775 0.2 12
    0.85065 0.2 10
    0.93213 0.2 9
    1.04484 0.2 6
  1.31508 19 + 1
    0.40127 1 20
  1.33041 19 - 2
    0.40277 0.4125 21
    0.76027 0.5875 12
  1.42928 3 + 6
    0.55158 0.181196 18
    0.61267 0.155797 16
    0.83539 0.065219 13
    1.31089 0.362293 4
    1.36393 0.115898 1
    1.42928 0.119598 0
  1.43657 19 + 2
    0.27016 0.4109 24
    0.52276 0.5891 20
  1.44083 21 - 2
    0.27679 0.702 23
    0.53458 0.298 19
  1.44587 25 - 1
    0.48368 1 22
  1.44893 3 + 6
    0.6311 0.104 17
    0.63232 0.14 16
    1.16495 0.144 8
    1.33054 0.4 4
    1.38358 0.112 1
    1.44893 0.1 0
  1.4786 23 + 1
    0.2764 1 25
  1.49077 17 - 5
    0.28207 0.391624 26
    0.32436 0.16721 24
    0.52858 0.055643 22
    0.57696 0.253315 20
    0.92063 0.132208 12
  1.54567 17 - 4
    0.24778 0.1657 27
    0.63942 0.1311 19
    0.88068 0.213 14
    1.09843 0.4902 10
  1.5623 5 + 4
    0.6846 0.348938 18
    0.74569 0.195722 16
    0.96841 0.425547 13
    1.27832 0.029793 8
  1.61815 17 - 3
    0.32026 0.625363 27
    0.7119 0.164716 19
    0.95316 0.209921 14
  1.63695 21 + 2
    0.32187 0.7139 28
    0.47054 0.2861 24
  1.71407 21 + 2
    0.2775 0.4563 31
    0.54766 0.5437 24
  1.7244 23 - 2
    0.28357 0.4936 32
    0.56036 0.5064 23
  1.7722 19 - 6
    0.15405 0.177805 39
    0.22653 0.120204 37
    0.47431 0.071372 27
    0.60816 0.190906 23
    0.86595 0.214306 19
    1.10721 0.225407 14
  1.81457 17 + 4
    0.2689 0.3609 37
    0.51668 0.1656 27
    0.90832 0.2702 19
    1.14958 0.2033 14
  1.82005 23 - 2
    0.48964 0.664 29
    0.85786 0.336 22
  1.8267 19 + 1
    0.0545 1 43
  1.85797 19 - 2
    0.3672 0.7794 36
    0.4214 0.2206 31
  1.8767 7 + 1
    0.91451 1 22
  1.8947 5 + 1
    0.93251 1 22
  1.9785 21 + 2
    0.1518 0.3488 46
    0.2063 0.6512 43
  1.98637 23 + 2
    0.2723 0.3303 41
    0.5498 0.6697 31
  1.989 19 + 1
    0.17443 1 44
  2.00525 29 - 1
    0.55938 1 33
  2.0204 25 - 2
    0.296 0.525 42
    0.57957 0.475 32
  2.0524 25 + 1
    0.41545 1 40
  2.11831 23 + 2
    0.40424 0.7892 41
    0.68174 0.2108 31
  2.1833 21 + 2
    0.1943 0.3335 52
    0.36873 0.6665 44
  2.1872 23 + 1
    0.2087 1 50
  2.25154 25 + 2
    0.26517 0.458 51
    0.53747 0.542 41
  2.2994 21 - 1
    0.44143 1 47
  2.3138 27 - 2
    0.2934 0.4272 54
    0.5894 0.5728 42
  2.31765 21 - 1
    0.45968 1 47
  2.3209 7 + 1
    0.87503 1 33
  2.3823 27 - 1
    0.56225 1 45
  2.3971 23 + 2
    0.2138 0.5732 57
    0.4081 0.4268 52
  2.4119 5 - 1
    0.96603 1 33
  2.4177 25 + 2
    0.2305 0.7053 58
    0.4392 0.2947 50
  2.5084 7 - 1
    0.19075 1 62
  2.51906 27 + 2
    0.26752 0.2892 59
    0.53269 0.7108 51
  2.5526 29 + 1
    0.5002 1 55
  2.55561 27 + 1
    0.30407 1 59
  2.6117 29 - 2
    0.2979 0.4524 61
    0.5913 0.5476 54
  2.61892 27 + 2
    0.36738 0.3208 59
    0.50061 0.6792 56
  2.62398 33 - 1
    0.61873 1 53
  2.6281 25 + 2
    0.231 0.454 65
    0.4448 0.546 57
  2.63403 27 + 2
    0.51572 0.2271 56
    1.18816 0.7729 33
  2.6944 27 + 2
    0.2767 0.6273 67
    0.5072 0.3727 58
  2.7912 29 + 1
    0.53966 1 59
  2.8211 5 - 1
    0.5217 1 60
  2.8278 3 - 1
    0.51015 1 62
  2.8518 9 - 1
    0.84655 1 53
  2.8775 27 + 2
    0.2494 0.4302 75
    0.4804 0.5698 65
  2.9072 31 - 2
    0.2955 0.2506 72
    0.5934 0.7494 61
  2.984 7 - 1
    0.4756 1 68
  3.072 31 + 1
    0.55294 1 69
  3.1302 33 + 1
    0.5776 1 70
  3.1312 29 + 2
    0.2537 0.261 82
    0.5031 0.739 75
  3.15969 29 + 3
    0.52566 0.5015 76
    0.54077 0.3948 73
    0.60408 0.1037 71
  3.206 33 - 2
    0.2988 0.4629 83
    0.5943 0.5371 72
  3.2533 31 + 1
    0.5589 1 77
  3.27734 31 + 4
    0.11765 0.445155 88
    0.14614 0.221078 87
    0.65336 0.130487 74
    1.27209 0.20328 53
  3.2902 37 - 1
    0.66622 1 74
  3.3439 33 + 1
    0.5527 1 78
  3.4267 5 - 1
    0.6056 1 79
  3.45566 33 + 2
    0.17832 0.5017 91
    0.29597 0.4983 88
  3.5085 35 - 2
    0.3025 0.5502 89
    0.6013 0.4498 83
  3.542 33 - 1
    0.26466 1 91
  3.5479 3 - 1
    0.5639 1 84
  3.6306 35 + 1
    0.5586 1 85
  3.7033 35 + 1
    0.42596 1 91
  3.766 35 + 1
    0.31034 1 95
  3.7758 37 + 1
    0.6456 1 86
  3.8214 37 - 2
    0.3129 0.4608 96
    0.6154 0.5392 89
  3.8405 35 - 1
    0.2985 1 97
  3.995 37 + 1
    0.2917 1 100
  4.0002 41 - 1
    0.71 1 92
  4.0801 37 + 2
    0.3141 0.903482 101
    0.62444 0.096518 95
  4.1074 5 - 1
    0.6807 1 94
  4.1429 39 - 1
    0.6344 1 96
  4.1525 37 - 2
    0.312 0.7405 104
    0.6105 0.2595 97
  4.191 7 - 1
    0.6431 1 98
  4.308 39 + 2
    0.313 0.945 105
    0.6047 0.055 100
  4.3982 39 + 2
    0.318101 0.8323 107
    0.632201 0.1677 101
  4.4764 41 + 1
    0.7006 1 102
  4.4802 39 - 2
    0.3277 0.4545 110
    0.6397 0.5455 104
  4.7201 41 + 2
    0.321899 0.7464 113
    0.64 0.2536 107
  4.7331 41 + 2
    0.4251 0.923563 112
    0.7381 0.076437 105
  4.7572 45 - 1
    0.757 1 106
  4.8244 41 - 2
    0.3442 0.4098 115
    0.6719 0.5902 110
  5.0497 43 + 2
    0.3296 0.7334 116
    0.651499 0.2666 113
  5.1631 45 + 1
    0.43 1 117
  5.1862 43 - 2
    0.361801 0.3708 119
    0.706001 0.6292 115
  5.3514 45 + 1
    0.165199 1 122
  5.3895 45 + 2
    0.3398 0.6663 120
    0.6694 0.3337 116
  5.408 5 - 2
    0.0566 0.1119 123
    0.2449 0.8881 121

75 180 10
  0 2 - 0
  0.0201 2 + 1
    0.0201 1 0
  0.0498 4 - 1
    0.0498 1 0
  0.0746 4 + 2
    0.0545 0.5 1
    0.0746 0.5 0
  0.2182 6 + 1
    0.2182 1 0
  0.2499 8 + 3
    0.0317 0.333333 4
    0.2001 0.333333 2
    0.2499 0.333333 0
  0.3492 10 + 2
    0.3291 0.5 1
    0.3492 0.5 0
  0.4018 12 + 2
    0.1836 0.5 4
    0.4018 0.5 0
  0.6686 0 + 2
    0.3194 0.5 6
    0.4504 0.5 4
  0.717 6 - 3
    0.0484 0.333333 8
    0.6672 0.333333 2
    0.717 0.333333 0

75 181 164
  0 5 + 0
  0.11796 7 + 1
    0.11796 1 0
  0.26291 9 - 1
    0.14495 1 1
  0.26639 9 + 2
    0.14843 0.8603 1
    0.26639 0.1397 0
  0.35672 5 - 2
    0.23876 0.966081 1
    0.35672 0.033919 0
  0.3905 9 - 1
    0.03378 1 4
  0.42702 11 - 1
    0.16411 1 2
  0.43243 1 - 1
    0.07571 1 4
  0.44364 11 + 2
    0.17725 0.8308 3
    0.32568 0.1692 1
  0.5464 13 - 1
    0.1559 1 5
  0.59962 3 - 2
    0.16719 0.4066 7
    0.2429 0.5934 4
  0.61864 13 - 2
    0.19162 0.901955 6
    0.35573 0.098045 2
  0.64625 13 + 2
    0.20261 0.7295 8
    0.37986 0.2705 3
  0.7876 3 + 1
    0.7876 1 0
  0.8225 17 - 1
    0.2761 1 9
  0.82675 3 + 1
    0.82675 1 0
  0.83158 3 + 1
    0.83158 1 0
  0.8339 15 - 2
    0.21526 0.8848 11
    0.40688 0.1152 6
  0.86717 1 - 2
    0.26755 0.3781 10
    0.43474 0.6219 7
  0.87271 15 + 2
    0.22646 0.6919 12
    0.42907 0.3081 8
  0.9316 7 + 3
    0.10002 0.4178 16
    0.10485 0.4011 15
    0.9316 0.1811 0
  1.0005 5 + 1
    1.0005 1 0
  1.0599 7 - 1
    0.79699 1 2
  1.06623 3 + 3
    0.23465 0.2133 16
    0.23948 0.2301 15
    1.06623 0.5566 0
  1.07211 17 - 2
    0.23821 0.7677 17
    0.45347 0.2323 11
  1.1078 5 + 3
    0.50818 0.040629 10
    0.67537 0.315391 7
    0.75108 0.643981 4
  1.11635 17 + 2
    0.24364 0.5928 19
    0.4701 0.4072 12
  1.1916 7 - 3
    0.32443 0.1534 18
    0.59198 0.1931 10
    0.75917 0.6535 7
  1.2084 21 - 1
    0.3859 1 14
  1.3275 19 - 2
    0.25539 0.7105 24
    0.4936 0.2895 17
  1.37644 19 + 2
    0.26009 0.5996 26
    0.50373 0.4004 19
  1.3852 5 + 3
    0.78558 0.3347 10
    1.02848 0.1328 4
    1.3852 0.5325 0
  1.4342 3 - 5
    0.3264 0.1746 25
    0.56703 0.24 18
    0.83458 0.1045 10
    1.07748 0.2101 4
    1.4342 0.2708 0
  1.44265 3 - 5
    0.33485 0.053453 25
    0.84303 0.217211 10
    1.01022 0.216011 7
    1.08593 0.336117 4
    1.44265 0.177209 0
  1.4755 15 - 1
    0.9291 1 9
  1.60124 21 - 2
    0.27374 0.6581 29
    0.52913 0.3419 24
  1.64177 21 + 2
    0.26533 0.4414 30
    0.52542 0.5586 26
  1.65637 21 - 2
    0.32887 0.6889 29
    0.58426 0.3111 24
  1.6894 25 - 1
    0.481 1 28
  1.6934 17 + 2
    0.62129 0.281 24
    0.8595 0.719 17
  1.7438 19 - 2
    0.2683 0.1262 34
    0.9213 0.8738 14
  1.80914 19 + 1
    0.11574 1 39
  1.85808 21 + 1
    0.16468 1 39
  1.88057 25 + 1
    0.2242 1 37
  1.88305 23 - 2
    0.28181 0.5642 35
    0.55555 0.4358 29
  1.89834 23 - 3
    0.241965 0.050543 37
    0.297095 0.533332 35
    0.570835 0.416125 29
  1.91357 23 + 2
    0.2718 0.4535 36
    0.53713 0.5465 30
  1.925 3 - 3
    1.32538 0.163616 10
    1.49257 0.419042 7
    1.56828 0.417342 4
  1.9376 7 + 2
    1.11085 0.909091 15
    1.9376 0.090909 0
  1.9461 3 - 4
    1.34648 0.431774 10
    1.51367 0.064756 7
    1.58938 0.262484 4
    1.9461 0.240986 0
  1.9585 5 + 1
    1.13175 1 15
  1.98687 23 + 1
    0.12879 1 42
  2.0153 9 + 2
    0.94907 0.961981 23
    2.0153 0.038019 0
  2.091 7 + 3
    1.02477 0.677832 23
    1.1594 0.214779 20
    1.25942 0.107389 16
  2.104 23 - 2
    0.3602 0.5384 40
    0.8956 0.4616 28
  2.13589 27 + 1
    0.25532 1 43
  2.13718 25 - 2
    0.23884 0.7078 45
    0.480805 0.2922 37
  2.138 3 - 4
    1.53838 0.094337 10
    1.70557 0.494935 7
    1.78128 0.14351 4
    2.138 0.267219 0
  2.15644 25 + 4
    0.16957 0.190292 51
    0.24287 0.316187 46
    0.29836 0.025039 42
    0.51467 0.468481 36
  2.1724 3 - 5
    0.9808 0.158402 27
    1.0646 0.058091 25
    1.30523 0.342703 18
    1.57278 0.205002 10
    1.73997 0.235802 7
  2.17724 25 + 2
    0.26367 0.4701 46
    0.53547 0.5299 36
  2.20132 25 - 2
    0.31827 0.6165 44
    0.60008 0.3835 35
  2.22512 25 - 1
    0.34455 1 43
  2.246 29 - 1
    0.5566 1 38
  2.3541 27 + 2
    0.19766 0.3847 58
    0.36723 0.6153 51
  2.41172 27 - 2
    0.274545 0.5881 56
    0.513385 0.4119 45
  2.41286 29 + 2
    0.27697 0.7951 55
    0.53229 0.2049 43
  2.4259 5 + 3
    1.82628 0.4218 10
    1.99347 0.4739 7
    2.06918 0.1043 4
  2.42703 27 - 3
    0.20191 0.3151 62
    0.22571 0.1044 61
    0.54398 0.5805 44
  2.44931 27 + 2
    0.27207 0.3121 60
    0.53574 0.6879 46
  2.46845 27 - 2
    0.26713 0.5601 61
    0.5854 0.4399 44
  2.4823 3 - 4
    0.3099 0.428339 59
    0.3443 0.396636 57
    1.5507 0.136512 20
    2.4823 0.038513 0
  2.5498 27 - 2
    0.4458 0.8217 54
    0.8604 0.1783 38
  2.57414 29 + 2
    0.22004 0.096109 64
    0.4177 0.903891 58
  2.63286 29 - 2
    0.20583 0.7912 68
    0.40774 0.2088 62
  2.70963 29 + 2
    0.26032 0.4006 69
    0.53239 0.5994 60
  2.71066 31 + 2
    0.2978 0.5886 66
    0.57477 0.4114 55
  2.71302 29 - 2
    0.3013 0.355 65
    0.575845 0.645 56
  2.76317 29 - 2
    0.29472 0.4498 70
    0.56185 0.5502 61
  2.8154 31 + 2
    0.24126 0.1123 73
    0.4613 0.8877 64
  2.85471 31 - 2
    0.22185 0.8485 74
    0.42768 0.1515 68
  2.8569 33 - 1
    0.6109 1 63
  2.8671 7 + 7
    0.7291 0.227689 57
    0.921 0.284986 49
    0.9421 0.222289 47
    1.7593 0.19379 25
    1.99993 0.039898 18
    2.26748 0.00855 10
    2.43467 0.022799 7
  2.9906 31 + 2
    0.28097 0.4481 75
    0.54129 0.5519 69
  3.02803 33 + 2
    0.31737 0.4293 76
    0.61517 0.5707 66
  3.03112 31 - 2
    0.3181 0.257 77
    0.6194 0.743 65
  3.04704 31 - 2
    0.28387 0.5377 78
    0.57859 0.4623 70
  3.07404 33 + 2
    0.25864 0.1577 79
    0.4999 0.8423 73
  3.0761 31 - 1
    0.5263 1 72
  3.09313 33 - 2
    0.23842 0.7476 80
    0.46027 0.2524 74
  3.27166 33 + 2
    0.28106 0.276 83
    0.56203 0.724 75
  3.33256 33 - 2
    0.28552 0.586 86
    0.56939 0.414 78
  3.348 35 + 1
    0.5326 1 79
  3.35406 33 + 2
    0.326035 0.98039 84
    0.643405 0.01961 76
  3.35968 35 - 2
    0.26655 0.5919 89
    0.50497 0.4081 80
  3.37052 35 + 2
    0.34249 0.4649 84
    0.65986 0.5351 76
  3.42874 33 - 2
    0.39762 0.3061 85
    0.71572 0.6939 77
  3.48641 33 - 1
    0.85355 1 74
  3.5081 37 - 1
    0.6512 1 81
  3.51278 33 + 2
    0.80212 0.1616 76
    1.09992 0.8384 66
  3.58771 35 + 2
    0.31605 0.2441 90
    0.59711 0.7559 83
  3.61832 35 - 2
    0.28576 0.6 91
    0.57128 0.4 86
  3.62368 37 - 2
    0.264 0.5282 94
    0.53055 0.4718 89
  3.64244 37 + 1
    0.5684 1 87
  3.679 35 - 1
    0.6029 1 88
  3.71138 35 - 3
    0.28264 0.1646 96
    0.66434 0.0895 86
    0.68026 0.7459 85
  3.72418 37 + 2
    0.35366 0.2363 95
    0.69615 0.7637 84
  3.8694 35 - 1
    0.35662 1 99
  3.90351 37 + 2
    0.3158 0.2578 100
    0.63185 0.7422 90
  3.91466 39 - 2
    0.29098 0.5202 102
    0.55498 0.4798 94
  3.92453 37 - 2
    0.30621 0.6057 101
    0.59197 0.3943 91
  3.963 39 + 1
    0.615 1 92
  3.96747 37 - 2
    0.25609 0.964161 105
    0.48106 0.035839 97
  3.99002 37 - 2
    0.12062 0.1125 107
    0.27864 0.8875 105
  4.2018 41 - 1
    0.6937 1 98
  4.2261 37 - 1
    0.3567 1 107
  4.22869 41 - 2
    0.31403 0.3403 109
    0.60501 0.6597 102
  4.23029 37 + 1
    0.36089 1 107
  4.23774 39 - 2
    0.313211 0.4933 110
    0.619421 0.5067 101
  4.26138 39 + 2
    0.35787 0.3339 108
    0.67367 0.6661 100
  4.28834 41 + 1
    0.6459 1 103
  4.32777 39 - 1
    0.33775 1 113
  4.3544 39 - 1
    0.6754 1 104
  4.55252 43 - 2
    0.32383 0.3048 116
    0.63786 0.6952 109
  4.57136 39 + 1
    0.34107 1 117
  4.5834 41 - 2
    0.345659 0.4131 118
    0.65887 0.5869 110
  4.5867 39 - 2
    0.3606 0.6366 115
    0.7173 0.3634 107
  4.61217 41 + 2
    0.35079 0.074428 119
    0.70866 0.925572 108
  4.6539 43 + 1
    0.6909 1 111
  4.67805 41 - 2
    0.35028 0.8711 121
    0.68803 0.1289 113
  4.80127 41 - 1
    0.4735 1 121
  4.90991 45 - 2
    0.35739 0.3392 123
    0.68122 0.6608 116
  4.91654 41 + 2
    0.34518 0.6897 124
    0.68625 0.3103 117
  4.92912 43 - 2
    0.345721 0.4012 125
    0.69138 0.5988 118
  4.9481 45 - 1
    0.746301 1 114
  5.0098 45 + 1
    0.72146 1 120
  5.02694 43 + 2
    0.414771 0.1084 127
    0.765561 0.8916 119
  5.04395 43 - 2
    0.365901 0.4164 129
    0.716181 0.5836 121
  5.0972 43 - 1
    0.7428 1 122
  5.18377 43 - 1
    0.3825 1 130
  5.26 47 - 2
    0.35009 0.2875 131
    0.70748 0.7125 123
  5.27323 43 + 2
    0.35669 0.7299 132
    0.70187 0.2701 124
  5.38517 45 + 1
    0.773 1 127
  5.4215 47 + 1
    0.7676 1 128
  5.42608 45 - 2
    0.382129 0.1354 137
    0.74803 0.8646 129
  5.57827 45 - 2
    0.3945 0.042471 139
    0.777 0.957529 130
  5.63987 45 + 2
    0.36664 0.8772 141
    0.72333 0.1228 132
  5.66594 49 - 2
    0.40594 0.1876 140
    0.75603 0.8124 131
  5.7591 49 - 1
    0.810999 1 134
  5.8035 49 + 1
    0.7937 1 135
  5.82419 47 - 2
    0.39811 0.2166 144
    0.780239 0.7834 137
  5.8983 47 - 1
    0.8011 1 138
  5.98537 47 - 2
    0.407101 0.8149 145
    0.801601 0.1851 139
  6.03249 51 - 2
    0.366551 0.063728 147
    0.772491 0.936272 140
  6.23834 49 - 2
    0.41415 0.5228 150
    0.81226 0.4772 144
  6.2559 51 + 1
    0.8344 1 143
  6.40227 49 - 1
    0.824 1 145
  6.4569 53 - 1
    0.79096 1 147
  6.6408 53 - 1
    0.8817 1 148
  6.6559 53 + 1
    0.8524 1 149
  6.66568 51 - 2
    0.42734 0.061291 154
    0.84149 0.938709 150
  6.7407 51 - 1
    0.842401 1 151
  6.8621 55 - 1
    0.82961 1 153
  7.5907 57 - 1
    0.949901 1 158

75 182 51
  0 14 + 0
  0.1 4 + 1
    0.1 1 0
  0.15415 16 + 1
    0.15415 1 0
  0.33945 18 + 2
    0.1853 0.8158 2
    0.33945 0.1842 0
  0.44315 18 - 1
    0.289 1 2
  0.55201 20 + 2
    0.21256 0.6702 3
    0.39786 0.3298 2
  0.62499 20 - 1
    0.18184 1 4
  0.78953 22 + 2
    0.23752 0.5474 5
    0.45008 0.4526 3
  0.83431 22 - 2
    0.20932 0.917791 6
    0.39116 0.082209 4
  1.05041 24 + 2
    0.26088 0.3507 7
    0.4984 0.6493 5
  1.06921 24 - 2
    0.2349 0.7769 8
    0.44422 0.2231 6
  1.32811 26 - 2
    0.2589 0.6419 10
    0.4938 0.3581 8
  1.33276 26 + 2
    0.28235 0.3604 9
    0.54323 0.6396 7
  1.60912 28 - 2
    0.28101 0.6194 11
    0.53991 0.3806 10
  1.63617 28 + 2
    0.30341 0.2692 12
    0.58576 0.7308 9
  1.91194 30 - 2
    0.30282 0.5103 13
    0.58383 0.4897 11
  1.95728 30 + 2
    0.32111 0.3586 14
    0.62452 0.6414 12
  2.233 32 - 2
    0.32106 0.5 15
    0.62388 0.5 13
  2.25648 32 - 2
    0.34454 0.4425 15
    0.64736 0.5575 13
  2.29892 32 + 2
    0.34164 0.3671 16
    0.66275 0.6329 14
  2.52448 32 + 1
    0.268 1 18
  2.576 34 - 2
    0.343 0.5 17
    0.66406 0.5 15
  2.6147 34 - 1
    0.35822 1 18
  2.65 34 + 2
    0.35108 0.5 19
    0.69272 0.5 16
  2.804 34 + 1
    0.27952 1 20
  2.931 36 - 2
    0.355 0.5 21
    0.698 0.5 17
  2.99 36 - 2
    0.3753 0.5 22
    0.73352 0.5 18
  3.025 36 + 2
    0.375 0.5 23
    0.72608 0.5 19
  3.098 36 + 2
    0.294 0.5 24
    0.57352 0.5 20
  3.312 38 - 2
    0.381 0.5 25
    0.736 0.5 21
  3.382 38 - 2
    0.392 0.5 26
    0.7673 0.5 22
  3.4 38 + 2
    0.375 0.5 27
    0.75 0.5 23
  3.419 38 + 2
    0.321 0.5 28
    0.615 0.5 24
  3.694 40 - 2
    0.382 0.5 29
    0.763 0.5 25
  3.759 40 + 1
    0.661 1 28
  3.789 40 - 2
    0.407 0.5 30
    0.799 0.5 26
  3.822 40 + 1
    0.797 1 27
  4.112 42 - 2
    0.418 0.5 33
    0.8 0.5 29
  4.116 42 + 1
    0.697 1 32
  4.19 42 + 1
    0.79 1 31
  4.206 42 - 2
    0.417 0.5 35
    0.824 0.5 30
  4.507 44 - 2
    0.395 0.5 37
    0.813 0.5 33
  4.633 44 - 1
    0.844 1 35
  4.649 44 + 1
    0.827 1 36
  4.942 46 - 1
    0.83 1 37
  5.013 46 + 1
    0.823 1 39
  5.076 46 - 1
    0.87 1 40
  5.352 48 - 1
    0.845 1 41
  5.488 48 + 1
    0.839 1 43
  5.53 48 - 1
    0.897 1 42
  5.858 50 + 1
    0.845 1 45

75 183 65
  0 5 + 0
  0.114464 7 + 1
    0.114464 1 0
  0.259863 9 + 2
    0.145399 0.949347 1
    0.259863 0.050653 0
  0.435236 11 + 2
    0.175373 0.8776 2
    0.320772 0.1224 1
  0.496231 9 - 3
    0.236368 0.037422 2
    0.381767 0.95454 1
    0.496231 0.008038 0
  0.59886 5 - 1
    0.484396 1 1
  0.61912 9 - 1
    0.02026 1 5
  0.63904 13 + 2
    0.203804 0.823 3
    0.379177 0.177 2
  0.664076 11 - 2
    0.167845 0.998126 4
    0.404213 0.001874 2
  0.70064 1 - 1
    0.10178 1 5
  0.7605 13 - 1
    0.14138 1 6
  0.82901 3 - 3
    0.12837 0.4285 9
    0.23015 0.4586 5
    0.82901 0.1129 0
  0.851476 7 + 4
    0.355245 0.118107 4
    0.591613 0.004993 2
    0.737012 0.050753 1
    0.851476 0.826147 0
  0.86116 13 - 2
    0.197084 0.957929 8
    0.364929 0.042071 4
  0.87042 15 + 2
    0.23138 0.6623 7
    0.435184 0.3377 3
  0.87892 1 + 1
    0.87892 1 0
  0.89211 7 - 4
    0.228034 0.5097 8
    0.27299 0.1331 6
    0.29325 0.239 5
    0.89211 0.1182 0
  0.95486 3 + 2
    0.840396 0.3153 1
    0.95486 0.6847 0
  0.99955 5 + 2
    0.12063 0.922337 15
    0.99955 0.077663 0
  1.00245 9 + 6
    0.150974 0.311388 12
    0.338374 0.063277 8
    0.567214 0.00683 3
    0.742587 0.032909 2
    0.887986 0.553278 1
    1.00245 0.032319 0
  1.0242 17 - 1
    0.2637 1 10
  1.03485 3 + 2
    0.07999 0.1178 17
    1.03485 0.8822 0
  1.04075 5 + 2
    0.926286 0.3047 1
    1.04075 0.6953 0
  1.06612 1 + 2
    0.23711 0.6535 11
    0.36548 0.3465 9
  1.075 7 - 2
    0.815137 0.5 2
    1.075 0.5 0
  1.08468 15 - 2
    0.22352 0.8305 13
    0.420604 0.1695 8
  1.10194 1 + 4
    0.06709 0.063668 21
    0.14708 0.022639 17
    0.4013 0.007728 9
    1.10194 0.905966 0
  1.10792 3 + 2
    0.993456 0.007613 1
    1.10792 0.992387 0
  1.125 3 + 2
    0.52614 0.5 5
    1.01054 0.5 1
  1.12702 17 + 2
    0.2566 0.6292 14
    0.48798 0.3708 7
  1.18346 11 + 4
    0.18101 0.7612 19
    0.331984 0.06123 12
    0.687229 0.08839 4
    0.923597 0.08918 2
  1.29 5 - 2
    0.793769 0.5 4
    1.17554 0.5 1
  1.30419 11 - 2
    0.640114 0.093791 8
    0.807959 0.906209 4
  1.33491 17 - 2
    0.25023 0.8559 25
    0.47375 0.1441 13
  1.35381 7 - 3
    0.24589 0.3796 27
    0.25187 0.4714 26
    1.35381 0.149 0
  1.4042 21 - 1
    0.38 1 20
  1.4092 19 + 2
    0.28218 0.5036 29
    0.53878 0.4964 14
  1.41464 5 - 4
    0.53572 0.010879 15
    0.58563 0.517859 11
    0.714 0.24858 9
    0.81578 0.222682 5
  1.422 1 + 2
    0.59299 0.5 11
    1.422 0.5 0
  1.47 7 - 2
    1.21014 0.5 2
    1.47 0.5 0
  1.52523 9 - 6
    0.66407 0.034158 13
    0.861154 0.187991 8
    1.029 0.019689 4
    1.08999 0.211589 3
    1.26537 0.221289 2
    1.41077 0.325284 1
  1.532 5 - 2
    1.03577 0.5 4
    1.41754 0.5 1
  1.55406 9 - 6
    0.6929 0.027561 13
    0.889984 0.401316 8
    1.05783 0.219909 4
    1.11882 0.063783 3
    1.2942 0.038022 2
    1.4396 0.24941 1
  1.56316 3 + 2
    0.73415 0.7092 11
    0.9643 0.2908 5
  1.60842 19 - 2
    0.27351 0.6355 33
    0.52374 0.3645 25
  1.631 1 + 2
    0.80199 0.5 11
    1.631 0.5 0
  1.653 1 + 2
    0.82399 0.5 11
    1.653 0.5 0
  1.65902 7 - 3
    1.16279 0.972581 4
    1.39916 0.01477 2
    1.54456 0.01265 1
  1.66375 11 + 5
    0.80259 0.368337 13
    1.02471 0.151015 7
    1.16752 0.154715 4
    1.22851 0.156516 3
    1.40389 0.169417 2
  1.71178 9 - 5
    1.0477 0.1367 8
    1.11292 0.0707 5
    1.21555 0.1418 4
    1.27654 0.1085 3
    1.45192 0.5423 2
  1.71366 21 + 2
    0.30446 0.5915 36
    0.58664 0.4085 29
  1.74644 5 - 3
    1.08236 0.819633 8
    1.25021 0.150306 4
    1.48658 0.030061 2
  1.78142 3 + 3
    0.47723 0.6352 32
    1.11734 0.1447 8
    1.28519 0.2201 4
  1.79839 7 - 3
    1.53853 0.4695 2
    1.68393 0.1643 1
    1.79839 0.3662 0
  1.86435 5 + 4
    1.36812 0.413183 4
    1.60449 0.330587 2
    1.74989 0.082637 1
    1.86435 0.173593 0
  1.8932 25 - 1
    0.489 1 35
  1.89784 7 + 4
    1.23376 0.739667 8
    1.40161 0.118311 4
    1.63798 0.060655 2
    1.78338 0.081367 1
  1.90385 3 - 4
    0.55004 0.2162 34
    0.79593 0.3861 27
    0.94899 0.2664 17
    1.90385 0.1313 0
  1.9076 25 + 1
    0.19394 1 50
  1.94885 5 - 2
    0.9464 0.2481 19
    1.09737 0.7519 12
  1.99093 7 + 4
    1.32685 0.157903 8
    1.4947 0.058481 4
    1.55569 0.584812 3
    1.87647 0.198804 1
  2.01685 9 - 2
    1.16537 0.6897 12
    1.35277 0.3103 8
  2.03002 3 + 7
    1.17854 0.02562 12
    1.36594 0.192003 8
    1.39098 0.01464 7
    1.53379 0.732012 4
    1.59478 0.01684 3
    1.77016 0.01171 2
    1.91556 0.007174 1
  2.0395 23 + 2
    0.32584 0.4147 50
    0.6303 0.5853 36
  2.3926 25 + 1
    0.67894 1 50

75 184 122
  0 6 - 0
  0.056 2 - 1
    0.056 1 0
  0.07401 4 - 1
    0.07401 1 0
  0.10474 8 - 1
    0.10474 1 0
  0.14192 6 - 2
    0.06791 0.959829 2
    0.14192 0.040171 0
  0.188046 16 + 2
    0.083306 0.999342 3
    0.188046 0.000658 0
  0.23717 10 - 2
    0.13243 0.942019 3
    0.23717 0.057981 0
  0.24215 8 - 1
    0.10023 1 4
  0.2566 6 - 1
    0.2006 1 1
  0.31162 8 - 2
    0.20688 0.4759 3
    0.31162 0.5241 0
  0.34756 12 - 2
    0.11039 0.931291 6
    0.24282 0.068709 3
  0.36881 10 - 2
    0.12666 0.951438 7
    0.22689 0.048562 4
  0.388 8 - 2
    0.28326 0.5 3
    0.31399 0.5 2
  0.3891 10 + 2
    0.14695 0.5 7
    0.28436 0.5 3
  0.397 12 - 2
    0.15983 0.8249 6
    0.29226 0.1751 3
  0.44 2 - 2
    0.384 0.5 1
    0.44 0.5 0
  0.44598 18 + 1
    0.257934 1 5
  0.47278 10 - 4
    0.16116 0.755462 9
    0.23561 0.173591 6
    0.36804 0.014439 3
    0.47278 0.056507 0
  0.474 8 + 2
    0.33208 0.5 4
    0.474 0.5 0
  0.498 4 - 2
    0.39326 0.5 3
    0.42399 0.5 2
  0.52749 12 - 2
    0.15868 0.8943 11
    0.28534 0.1057 7
  0.5541 10 - 1
    0.2975 1 8
  0.56598 14 - 2
    0.16898 0.01392 14
    0.21842 0.98608 10
  0.581 6 - 2
    0.525 0.5 1
    0.581 0.5 0
  0.58395 14 - 2
    0.18695 0.7111 14
    0.34678 0.2889 6
  0.59 14 + 2
    0.2009 0.5 13
    0.24244 0.5 10
  0.596 10 + 2
    0.35385 0.5 7
    0.49126 0.5 3
  0.602 4 + 2
    0.546 0.5 1
    0.602 0.5 0
  0.66206 12 - 3
    0.18928 0.821316 17
    0.35044 0.064681 9
    0.55732 0.114002 3
  0.68453 8 + 2
    0.37291 0.3527 9
    0.57979 0.6473 3
  0.693 8 - 2
    0.58826 0.5 3
    0.61899 0.5 2
  0.70287 12 - 5
    0.30587 0.081565 14
    0.31377 0.102406 13
    0.33406 0.364422 11
    0.46072 0.427426 7
    0.4657 0.024181 6
  0.70914 14 - 2
    0.18165 0.8246 20
    0.34033 0.1754 11
  0.7154 16 + 1
    0.14942 1 22
  0.72786 20 + 2
    0.28188 0.6016 16
    0.539814 0.3984 5
  0.741 12 + 2
    0.50383 0.5 6
    0.552954 0.5 5
  0.751 16 + 2
    0.18502 0.5 22
    0.562954 0.5 5
  0.775 4 + 2
    0.719 0.5 1
    0.775 0.5 0
  0.783 6 + 2
    0.67826 0.5 3
    0.70899 0.5 2
  0.79526 16 - 2
    0.21131 0.6394 24
    0.39826 0.3606 14
  0.8043 10 + 1
    0.11977 1 29
  0.81023 16 - 4
    0.22628 0.146 24
    0.24425 0.3779 22
    0.41323 0.1189 14
    0.46267 0.3572 10
  0.816 2 + 2
    0.318 0.5 19
    0.74199 0.5 2
  0.82193 14 - 2
    0.11906 0.8809 31
    0.29444 0.1191 20
  0.8255 18 - 2
    0.37952 0.023171 16
    0.637454 0.976829 5
  0.854 16 - 1
    0.28802 1 22
  0.86452 4 + 1
    0.5529 1 9
  0.87834 14 - 2
    0.21628 0.7554 28
    0.40556 0.2446 17
  0.8871 6 + 1
    0.18423 1 31
  0.8911 18 + 1
    0.1757 1 33
  0.91 4 + 2
    0.854 0.5 1
    0.91 0.5 0
  0.917 20 - 2
    0.0915 0.927009 44
    0.47102 0.072991 16
  0.92211 16 - 2
    0.21297 0.7376 32
    0.39462 0.2624 20
  0.9515 12 + 1
    0.1472 1 40
  0.955 14 - 1
    0.4009 1 21
  0.97 18 + 1
    0.52402 1 16
  0.973 6 + 2
    0.86826 0.5 3
    0.89899 0.5 2
  0.988 2 + 2
    0.49 0.5 19
    0.91399 0.5 2
  1.003 4 + 2
    0.947 0.5 1
    1.003 0.5 0
  1.022 6 + 2
    0.91726 0.5 3
    0.94799 0.5 2
  1.03222 22 + 2
    0.30436 0.3786 34
    0.58624 0.6214 16
  1.03328 18 - 2
    0.23802 0.5846 39
    0.44933 0.4154 24
  1.045 2 + 2
    0.547 0.5 19
    0.97099 0.5 2
  1.055 4 + 1
    0.23307 1 43
  1.06923 18 - 2
    0.259 0.2447 41
    0.50325 0.7553 22
  1.0741 18 - 1
    0.50812 1 22
  1.0916 20 + 2
    0.2005 0.8785 49
    0.3762 0.1215 33
  1.0973 6 + 1
    0.27537 1 43
  1.12073 16 - 2
    0.24239 0.7048 47
    0.45867 0.2952 28
  1.12291 22 - 2
    0.20591 0.977149 51
    0.39505 0.022851 34
  1.1257 14 + 1
    0.1742 1 53
  1.1558 18 - 2
    0.23369 0.6492 52
    0.44666 0.3508 32
  1.18533 20 - 3
    0.26833 0.093864 51
    0.35983 0.698928 44
    0.73935 0.207208 16
  1.2058 16 + 1
    0.3187 1 48
  1.22106 20 + 3
    0.25106 0.1612 55
    0.4932 0.6821 34
    0.77508 0.1567 16
  1.29312 20 - 2
    0.25984 0.5066 61
    0.49786 0.4934 39
  1.29847 20 - 2
    0.26519 0.4897 61
    0.50321 0.5103 39
  1.3202 22 + 2
    0.2286 0.8076 66
    0.4291 0.1924 49
  1.35723 24 + 2
    0.32501 0.2865 60
    0.62937 0.7135 34
  1.36165 24 - 2
    0.23874 0.8109 69
    0.44465 0.1891 51
  1.36734 20 - 1
    0.55711 1 41
  1.38588 18 - 2
    0.26515 0.6434 68
    0.50754 0.3566 47
  1.4005 4 + 1
    0.3455 1 63
  1.40608 20 - 2
    0.33685 0.3122 64
    0.59585 0.6878 41
  1.4078 8 + 2
    0.3105 0.115 67
    0.3528 0.885 63
  1.4176 20 - 2
    0.2618 0.6481 71
    0.49549 0.3519 52
  1.47974 22 - 3
    0.29441 0.1914 72
    0.56274 0.7002 51
    0.65424 0.1084 44
  1.49997 22 + 4
    0.27891 0.2137 74
    0.46775 0.411 60
    0.52997 0.2314 55
    0.77211 0.1439 34
  1.5197 20 + 1
    0.4647 1 63
  1.54318 24 - 2
    0.18153 0.129 79
    0.42027 0.871 69
  1.5722 24 + 1
    0.252 1 77
  1.5791 22 - 1
    0.54582 1 61
  1.6264 26 - 2
    0.26475 0.5947 79
    0.50349 0.4053 69
  1.6755 20 - 2
    0.28962 0.6684 81
    0.55477 0.3316 68
  1.6771 22 - 1
    0.60787 1 64
  1.6998 22 - 2
    0.2822 0.5666 85
    0.544 0.4334 71
  1.70928 26 + 2
    0.352045 0.2196 78
    0.677055 0.7804 60
  1.71792 24 - 3
    0.23818 0.2506 86
    0.59501 0.2411 69
    0.80092 0.5083 51
  1.8039 24 + 2
    0.44667 0.5168 78
    0.58284 0.4832 74
  1.8194 6 + 2
    0.4116 0.3711 84
    0.4189 0.6289 82
  1.8261 26 - 1
    0.28292 1 89
  1.834 28 + 1
    0.29082 1 89
  1.8432 26 + 2
    0.271 0.5881 90
    0.523 0.4119 77
  1.8549 4 + 1
    0.4544 1 82
  1.91152 28 - 2
    0.28512 0.4741 92
    0.54987 0.5259 79
  1.92728 26 - 3
    0.3841 0.3763 89
    0.56563 0.3209 79
    0.80437 0.3028 69
  1.97153 26 - 3
    0.25361 0.1217 97
    0.60988 0.3884 79
    0.84862 0.4899 69
  2.0025 24 - 2
    0.3027 0.6857 95
    0.5849 0.3143 85
  2.0601 28 + 1
    0.70287 1 78
  2.1234 28 - 2
    0.2973 0.5596 100
    0.58022 0.4404 89
  2.1604 28 + 1
    0.61722 1 89
  2.1637 30 + 1
    0.3297 1 101
  2.1809 26 - 1
    0.6018 1 91
  2.192 30 + 1
    0.358 1 101
  2.2199 30 - 2
    0.30838 0.3909 104
    0.5935 0.6091 92
  2.4062 32 + 1
    0.5722 1 101
  2.4125 6 + 1
    0.5576 1 103
  2.432 30 + 1
    0.722725 1 96
  2.4333 30 - 2
    0.3099 0.3472 109
    0.6072 0.6528 100
  2.5116 32 + 2
    0.3479 0.5236 111
    0.6776 0.4764 101
  2.6573 34 + 1
    0.2511 1 115
  2.9915 36 + 1
    0.3342 1 120

75 185 67
  0 5 + 0
  0.125359 7 + 1
    0.125359 1 0
  0.2842 9 + 2
    0.158841 0.916 1
    0.2842 0.084 0
  0.3683 9 - 1
    0.242941 1 1
  0.4757 11 + 2
    0.1915 0.5 2
    0.350341 0.5 1
  0.547 11 - 1
    0.1787 1 3
  0.646134 1 + 1
    0.646134 1 0
  0.6971 13 + 2
    0.2214 0.5 4
    0.4129 0.5 2
  0.717446 3 + 3
    0.071312 0.1534 6
    0.592087 0.2127 1
    0.717446 0.6339 0
  0.7575 13 - 2
    0.2105 0.5 5
    0.3892 0.5 3
  0.76893 5 + 2
    0.122796 0.5 6
    0.76893 0.5 0
  0.826 7 - 2
    0.5418 0.5 2
    0.826 0.5 0
  0.836 3 - 2
    0.189866 0.5 6
    0.836 0.5 0
  0.874815 3 + 2
    0.749456 0.000497 1
    0.874815 0.999503 0
  0.880331 1 + 3
    0.162885 0.185591 8
    0.234197 0.085946 6
    0.880331 0.728464 0
  0.917 5 - 2
    0.5487 0.5 3
    0.791641 0.5 1
  0.931063 3 + 2
    0.805704 0.000795 1
    0.931063 0.999205 0
  0.9497 15 + 2
    0.2526 0.5 7
    0.474 0.5 4
  0.966 9 + 2
    0.6818 0.5 2
    0.966 0.5 0
  0.9948 15 - 1
    0.2373 1 9
  1.013 5 + 2
    0.7288 0.5 2
    1.013 0.5 0
  1.045 1 - 2
    0.170185 0.5 13
    0.327554 0.5 8
  1.143 3 - 2
    0.496866 0.5 6
    1.143 0.5 0
  1.189 7 - 2
    0.9048 0.5 2
    1.189 0.5 0
  1.2061 15 - 2
    0.2113 0.5 19
    0.4486 0.5 9
  1.22 7 - 2
    0.9358 0.5 2
    1.22 0.5 0
  1.2279 17 + 2
    0.2782 0.5 17
    0.5308 0.5 7
  1.2618 17 - 1
    0.267 1 19
  1.278 5 - 2
    0.9097 0.5 3
    1.15264 0.5 1
  1.298 9 - 2
    0.9297 0.5 3
    1.17264 0.5 1
  1.303 11 - 2
    0.756 0.5 5
    1.0188 0.5 2
  1.343 7 + 2
    0.9747 0.5 3
    1.21764 0.5 1
  1.4101 17 + 1
    0.204 1 24
  1.434 5 - 2
    1.0657 0.5 3
    1.30864 0.5 1
  1.496 7 + 2
    1.1277 0.5 3
    1.37064 0.5 1
  1.5327 19 + 1
    0.583 1 17
  1.538 9 - 2
    1.1697 0.5 3
    1.41264 0.5 1
  1.5488 19 - 1
    0.287 1 27
  1.596 5 + 2
    1.3118 0.5 2
    1.596 0.5 0
  1.634 3 - 2
    0.987866 0.5 6
    1.634 0.5 0
  1.651 3 + 2
    0.933554 0.5 8
    1.52564 0.5 1
  1.67 7 - 2
    1.3858 0.5 2
    1.67 0.5 0
  1.6915 19 + 1
    0.2814 1 32
  1.7 1 + 2
    1.05387 0.5 6
    1.7 0.5 0
  1.8629 21 + 1
    0.635 1 26
  1.8658 21 - 1
    0.317 1 37
  1.9995 21 - 1
    0.308 1 42
  2.0088 19 - 2
    0.3173 0.2255 42
    0.5987 0.7745 32
  2.1238 21 + 1
    0.115 1 47
  2.1908 23 - 1
    0.325 1 45
  2.2047 23 + 1
    0.672 1 35
  2.378 25 - 1
    0.2542 1 48
  2.5525 23 + 1
    0.4287 1 48
  2.5879 25 + 1
    0.725 1 44
  2.8173 27 - 2
    0.2648 0.5 52
    0.4393 0.5 51
  2.9417 27 + 1
    0.737 1 50
  3.1223 29 - 1
    0.305 1 54
  3.3209 29 + 1
    0.733 1 53
  3.3973 5 - 1
    0.58 1 54
  3.4753 31 - 1
    0.353 1 56
  3.6753 31 + 1
    0.553 1 56
  3.8583 33 - 1
    0.383 1 59
  3.9233 7 + 1
    0.526 1 58
  3.9903 33 - 1
    0.315 1 60
  4.3856 35 + 1
    0.3953 1 63
  4.5923 9 - 1
    0.669 1 62
  4.799 37 + 2
    0.4134 0.5 64
    0.8087 0.5 63

75 186 168
  0 2 - 0
  0.05901 4 - 1
    0.05901 1 0
  0.099361 6 - 2
    0.040351 0.938181 1
    0.099361 0.061819 0
  0.146274 6 - 2
    0.087264 0.981551 1
    0.146274 0.018449 0
  0.149 16 + 1
    0.049639 1 2
  0.173929 8 - 1
    0.074568 1 2
  0.186 12 - 1
    0.012071 1 5
  0.210699 4 - 4
    0.064425 0.046676 3
    0.111338 0.354546 2
    0.151689 0.320842 1
    0.210699 0.277936 0
  0.268798 8 - 3
    0.122524 0.848734 3
    0.169437 0.084373 2
    0.209788 0.066893 1
  0.273627 8 - 3
    0.099698 0.2951 5
    0.127353 0.3732 3
    0.174266 0.3317 2
  0.314009 6 + 4
    0.10331 0.131992 7
    0.167735 0.041757 3
    0.214648 0.539968 2
    0.254999 0.286283 1
  0.316463 2 - 2
    0.257453 0.3771 1
    0.316463 0.6229 0
  0.317845 10 - 2
    0.143916 0.97578 5
    0.218484 0.02422 2
  0.322379 6 - 5
    0.11168 0.772308 7
    0.14845 0.02313 5
    0.176105 0.084051 3
    0.223018 0.084881 2
    0.263369 0.03563 1
  0.33 10 + 1
    0.144 1 6
  0.342 14 + 2
    0.012 0.5 14
    0.156 0.5 6
  0.351202 6 + 2
    0.204928 0.01313 3
    0.251841 0.98687 2
  0.378392 4 - 4
    0.061929 0.749592 11
    0.232118 0.067159 3
    0.319382 0.03805 1
    0.378392 0.145199 0
  0.417792 10 - 2
    0.148994 0.8308 8
    0.271518 0.1692 3
  0.420559 8 + 1
    0.10655 1 10
  0.425823 6 + 1
    0.111814 1 10
  0.462969 10 - 5
    0.145124 0.121295 12
    0.189342 0.588176 9
    0.194171 0.065987 8
    0.28904 0.038648 5
    0.363608 0.185893 2
  0.469779 8 - 3
    0.1474 0.856291 13
    0.200981 0.089529 8
    0.29585 0.054179 5
  0.47733 6 - 4
    0.098938 0.898009 17
    0.154951 0.01873 13
    0.208532 0.01408 8
    0.41832 0.069181 1
  0.484146 8 + 1
    0.154146 1 14
  0.497293 12 - 1
    0.179448 1 12
  0.500722 8 + 2
    0.14952 0.945328 16
    0.401361 0.054672 2
  0.53437 8 - 2
    0.260743 0.252 9
    0.360441 0.748 5
  0.54933 4 + 1
    0.123507 1 20
  0.559976 10 + 2
    0.134153 0.2879 20
    0.139417 0.7121 19
  0.562 12 + 1
    0.232 1 14
  0.577723 4 - 1
    0.26126 1 11
  0.588709 8 - 1
    0.111379 1 23
  0.60158 2 + 2
    0.285117 0.147 11
    0.390881 0.853 7
  0.62389 2 - 2
    0.301511 0.2564 13
    0.413191 0.7436 7
  0.646332 10 - 3
    0.176553 0.728015 22
    0.22854 0.176004 18
    0.328487 0.095982 12
  0.65799 4 + 3
    0.05641 0.888535 33
    0.335611 0.032981 13
    0.341527 0.078483 11
  0.665188 10 + 1
    0.164466 1 26
  0.68003 6 - 3
    0.357651 0.331833 13
    0.469331 0.309231 7
    0.68003 0.358936 0
  0.686058 6 - 3
    0.108335 0.455573 31
    0.208728 0.076255 23
    0.307666 0.468172 17
  0.6893 2 - 2
    0.589939 0.5 2
    0.6893 0.5 0
  0.69134 12 - 3
    0.194047 0.356236 25
    0.228371 0.372437 21
    0.373495 0.271327 12
  0.736127 10 - 1
    0.147418 1 32
  0.74481 6 + 1
    0.08682 1 36
  0.7537 0 + 2
    0.437237 0.5 11
    0.7537 0.5 0
  0.76142 4 + 3
    0.439041 0.2732 13
    0.550721 0.2623 7
    0.76142 0.4645 0
  0.78531 14 + 2
    0.406918 0.5208 17
    0.468847 0.4792 11
  0.7915 2 - 2
    0.692139 0.5 2
    0.7915 0.5 0
  0.79663 4 + 5
    0.218907 0.042871 31
    0.418238 0.184406 17
    0.480167 0.498515 11
    0.585931 0.129604 7
    0.79663 0.144604 0
  0.803 0 + 2
    0.486537 0.5 11
    0.803 0.5 0
  0.8122 2 - 2
    0.712839 0.5 2
    0.8122 0.5 0
  0.81894 4 + 4
    0.496561 0.3584 13
    0.608241 0.2366 7
    0.645011 0.1075 5
    0.75993 0.2975 1
  0.82131 18 + 2
    0.16332 0.3671 36
    0.21973 0.6329 33
  0.826152 8 - 3
    0.140094 0.800784 39
    0.237443 0.056919 32
    0.348822 0.142297 23
  0.85504 8 + 2
    0.11023 0.959081 43
    0.19705 0.040919 36
  0.8579 14 + 2
    0.5279 0.5 14
    0.6719 0.5 6
  0.86417 4 + 1
    0.286447 1 31
  0.8713 0 - 2
    0.660601 0.5 7
    0.81229 0.5 1
  0.8793 12 + 2
    0.561455 0.5 12
    0.7303 0.5 4
  0.8884 8 - 2
    0.714471 0.5 5
    0.82939 0.5 1
  0.8898 6 + 2
    0.715871 0.5 5
    0.83079 0.5 1
  0.895 2 + 2
    0.684301 0.5 7
    0.83599 0.5 1
  0.9018 4 + 2
    0.802439 0.5 2
    0.9018 0.5 0
  0.9136 16 + 2
    0.3516 0.5 30
    0.7646 0.5 4
  0.9237 6 + 2
    0.749771 0.5 5
    0.86469 0.5 1
  0.93 4 - 2
    0.756071 0.5 5
    0.87099 0.5 1
  0.9355 2 + 2
    0.724801 0.5 7
    0.87649 0.5 1
  0.9383 2 - 2
    0.838939 0.5 2
    0.9383 0.5 0
  0.9464 12 + 2
    0.628555 0.5 12
    0.7974 0.5 4
  0.954 6 + 2
    0.780071 0.5 5
    0.89499 0.5 1
  0.975 10 - 2
    0.828726 0.5 3
    0.875639 0.5 2
  0.9888 4 + 2
    0.889439 0.5 2
    0.9888 0.5 0
  0.99784 10 + 1
    0.1428 1 54
  0.9993 14 - 2
    0.681455 0.5 12
    0.8503 0.5 4
  1.0048 6 - 2
    0.905439 0.5 2
    1.0048 0.5 0
  1.015 0 + 2
    0.698537 0.5 11
    1.015 0.5 0
  1.0194 20 - 1
    0.19809 1 52
  1.0399 4 + 2
    0.940539 0.5 2
    1.0399 0.5 0
  1.0429 2 - 2
    0.943539 0.5 2
    1.0429 0.5 0
  1.0469 8 + 2
    0.900626 0.5 3
    0.947539 0.5 2
  1.0534 6 - 2
    0.954039 0.5 2
    1.0534 0.5 0
  1.0571 12 + 2
    0.739255 0.5 12
    0.9081 0.5 4
  1.0698 4 - 2
    0.895871 0.5 5
    1.01079 0.5 1
  1.0733 8 + 2
    0.927026 0.5 3
    0.973939 0.5 2
  1.0971 8 - 2
    0.923171 0.5 5
    1.03809 0.5 1
  1.1029 6 + 2
    0.928971 0.5 5
    1.04389 0.5 1
  1.1239 10 - 2
    0.977626 0.5 3
    1.02454 0.5 2
  1.131 4 + 2
    1.03164 0.5 2
    1.131 0.5 0
  1.1419 2 - 2
    1.04254 0.5 2
    1.1419 0.5 0
  1.1513 8 - 2
    0.977371 0.5 5
    1.09229 0.5 1
  1.1576 6 + 2
    0.983671 0.5 5
    1.09859 0.5 1
  1.163 2 - 2
    1.06364 0.5 2
    1.163 0.5 0
  1.1736 12 - 2
    0.9876 0.5 6
    0.999671 0.5 5
  1.185 14 + 2
    0.855 0.5 14
    0.999 0.5 6
  1.1943 4 + 2
    1.09494 0.5 2
    1.1943 0.5 0
  1.1979 10 + 2
    1.0119 0.5 6
    1.02397 0.5 5
  1.2191 2 - 2
    1.11974 0.5 2
    1.2191 0.5 0
  1.2258 6 + 2
    1.05187 0.5 5
    1.16679 0.5 1
  1.232 0 - 2
    1.0213 0.5 7
    1.17299 0.5 1
  1.2421 16 + 2
    0.6801 0.5 30
    1.0931 0.5 4
  1.2485 4 - 2
    1.07457 0.5 5
    1.18949 0.5 1
  1.2613 2 - 2
    1.16194 0.5 2
    1.2613 0.5 0
  1.2718 6 + 2
    1.09787 0.5 5
    1.21279 0.5 1
  1.2753 8 + 2
    1.12903 0.5 3
    1.17594 0.5 2
  1.2854 10 - 2
    1.13913 0.5 3
    1.18604 0.5 2
  1.2975 12 + 2
    0.979655 0.5 12
    1.1485 0.5 4
  1.3075 4 - 2
    1.13357 0.5 5
    1.24849 0.5 1
  1.3179 6 + 2
    1.14397 0.5 5
    1.25889 0.5 1
  1.322 8 - 2
    1.14807 0.5 5
    1.26299 0.5 1
  1.3517 8 - 2
    1.17777 0.5 5
    1.29269 0.5 1
  1.3552 10 + 2
    1.1692 0.5 6
    1.18127 0.5 5
  1.3595 4 + 2
    1.26014 0.5 2
    1.3595 0.5 0
  1.3751 6 - 2
    1.27574 0.5 2
    1.3751 0.5 0
  1.3853 14 + 2
    1.0553 0.5 14
    1.1993 0.5 6
  1.3927 18 - 2
    0.4791 0.5 63
    1.2437 0.5 4
  1.3988 0 + 2
    1.08234 0.5 11
    1.3988 0.5 0
  1.4032 2 - 2
    1.30384 0.5 2
    1.4032 0.5 0
  1.4058 6 + 2
    1.23187 0.5 5
    1.34679 0.5 1
  1.4194 4 - 2
    1.24547 0.5 5
    1.36039 0.5 1
  1.4245 12 + 2
    1.10666 0.5 12
    1.2755 0.5 4
  1.431 8 - 2
    1.25707 0.5 5
    1.37199 0.5 1
  1.437 10 + 2
    1.251 0.5 6
    1.26307 0.5 5
  1.4501 6 - 2
    1.35074 0.5 2
    1.4501 0.5 0
  1.4581 4 + 2
    1.35874 0.5 2
    1.4581 0.5 0
  1.4628 22 - 1
    0.0701 1 114
  1.476 10 - 2
    1.32973 0.5 3
    1.37664 0.5 2
  1.489 8 + 2
    1.34273 0.5 3
    1.38964 0.5 2
  1.5257 8 - 2
    1.35177 0.5 5
    1.46669 0.5 1
  1.5314 6 + 2
    1.35747 0.5 5
    1.47239 0.5 1
  1.5388 4 + 2
    1.43944 0.5 2
    1.5388 0.5 0
  1.545 2 - 2
    1.44564 0.5 2
    1.545 0.5 0
  1.5509 12 + 2
    1.23306 0.5 12
    1.4019 0.5 4
  1.5666 6 - 2
    1.46724 0.5 2
    1.5666 0.5 0
  1.5721 4 + 2
    1.47274 0.5 2
    1.5721 0.5 0
  1.5758 14 - 2
    1.25796 0.5 12
    1.4268 0.5 4
  1.5916 10 + 2
    1.4056 0.5 6
    1.41767 0.5 5
  1.608 16 - 2
    1.266 0.5 15
    1.422 0.5 6
  1.6273 2 + 2
    1.4166 0.5 7
    1.56829 0.5 1
  1.6439 6 - 2
    1.54454 0.5 2
    1.6439 0.5 0
  1.6481 8 + 2
    1.50183 0.5 3
    1.54874 0.5 2
  1.6621 4 - 2
    1.48817 0.5 5
    1.60309 0.5 1
  1.6678 0 + 2
    1.35134 0.5 11
    1.6678 0.5 0
  1.6728 12 - 2
    1.4868 0.5 6
    1.49887 0.5 5
  1.6842 10 + 2
    1.4982 0.5 6
    1.51027 0.5 5
  1.6965 6 - 2
    1.59714 0.5 2
    1.6965 0.5 0
  1.7111 2 + 2
    1.5004 0.5 7
    1.65209 0.5 1
  1.7191 4 - 2
    1.54517 0.5 5
    1.66009 0.5 1
  1.758 8 + 2
    1.61173 0.5 3
    1.65864 0.5 2
  1.768 6 - 2
    1.66864 0.5 2
    1.768 0.5 0
  1.794 10 - 2
    1.64773 0.5 3
    1.69464 0.5 2
  1.8181 4 + 2
    1.71874 0.5 2
    1.8181 0.5 0
  1.8281 8 + 2
    1.68183 0.5 3
    1.72874 0.5 2
  1.8399 2 - 2
    1.74054 0.5 2
    1.8399 0.5 0
  1.8473 12 + 2
    1.52946 0.5 12
    1.6983 0.5 4
  1.885 6 - 2
    1.78564 0.5 2
    1.885 0.5 0
  1.906 14 + 2
    1.576 0.5 14
    1.72 0.5 6
  1.966 4 - 2
    1.79207 0.5 5
    1.90699 0.5 1
  1.985 8 + 2
    1.83873 0.5 3
    1.88564 0.5 2
  2.005 0 - 2
    1.7943 0.5 7
    1.94599 0.5 1
  2.056 10 + 2
    1.87 0.5 6
    1.88207 0.5 5
  2.064 6 - 2
    1.96464 0.5 2
    2.064 0.5 0
  2.083 2 + 2
    1.8723 0.5 7
    2.02399 0.5 1
  2.107 4 - 2
    1.93307 0.5 5
    2.04799 0.5 1
  2.142 8 + 2
    1.99573 0.5 3
    2.04264 0.5 2
  2.205 6 - 2
    2.10564 0.5 2
    2.205 0.5 0
  2.219 12 + 2
    1.90115 0.5 12
    2.07 0.5 4
  2.246 10 - 2
    2.09973 0.5 3
    2.14664 0.5 2
  2.262 4 + 2
    2.16264 0.5 2
    2.262 0.5 0

75 187 85
  0 5 + 0
  0.134244 7 + 1
    0.134244 1 0
  0.206247 9 - 2
    0.072003 0.3245 1
    0.206247 0.6755 0
  0.30336 9 + 2
    0.169116 0.912473 1
    0.30336 0.087527 0
  0.38863 11 - 1
    0.182383 1 2
  0.50853 11 + 2
    0.20517 0.8078 3
    0.374286 0.1922 1
  0.511768 1 + 1
    0.511768 1 0
  0.58199 5 + 3
    0.070222 0.463581 6
    0.375743 0.021739 2
    0.58199 0.514679 0
  0.589143 3 + 3
    0.077375 0.349335 6
    0.454899 0.126413 1
    0.589143 0.524252 0
  0.60347 13 - 2
    0.21484 0.945172 4
    0.397223 0.054828 2
  0.618369 3 + 5
    0.029226 0.023729 8
    0.036379 0.024089 7
    0.106601 0.018459 6
    0.484125 0.002552 1
    0.618369 0.93117 0
  0.625516 1 + 4
    0.007147 0.577084 10
    0.113748 0.099737 6
    0.491272 0.007387 1
    0.625516 0.315792 0
  0.64726 5 + 1
    0.64726 1 0
  0.685795 5 - 4
    0.103805 0.000215 7
    0.479548 0.408014 2
    0.551551 0.092553 1
    0.685795 0.499217 0
  0.71873 1 + 2
    0.093214 0.4019 11
    0.100361 0.5981 10
  0.74484 13 + 2
    0.23631 0.6993 5
    0.44148 0.3007 3
  0.7678 7 + 1
    0.7678 1 0
  0.772876 3 + 3
    0.154507 0.008155 10
    0.261108 0.003427 6
    0.772876 0.988418 0
  0.79261 13 - 2
    0.40398 0.8588 4
    0.586363 0.1412 2
  0.816562 5 + 4
    0.043686 0.474386 17
    0.198193 0.066928 10
    0.682318 0.161895 1
    0.816562 0.296791 0
  0.82192 7 + 2
    0.615673 0.5 2
    0.687676 0.5 1
  0.82684 3 + 4
    0.141045 0.713779 13
    0.208471 0.133596 10
    0.692596 0.130696 1
    0.82684 0.021929 0
  0.83955 15 - 2
    0.23608 0.7529 9
    0.45092 0.2471 4
  0.842 7 - 3
    0.45337 0.1005 4
    0.707756 0.5768 1
    0.842 0.3227 0
  0.8447 9 + 2
    0.26271 0.97999 7
    0.8447 0.02001 0
  0.864556 3 + 6
    0.178761 0.01888 13
    0.23904 0.180801 11
    0.246187 0.241601 10
    0.275413 0.004621 8
    0.352788 0.002894 6
    0.864556 0.551203 0
  0.879465 5 + 4
    0.106589 0.232588 17
    0.576105 0.011349 3
    0.745221 0.518674 1
    0.879465 0.237388 0
  0.93362 5 - 3
    0.16582 0.0189 16
    0.727373 0.7501 2
    0.93362 0.231 0
  0.948 1 + 2
    0.436232 0.5 6
    0.948 0.5 0
  0.96017 5 + 3
    0.11547 0.909282 24
    0.825926 0.01372 1
    0.96017 0.076998 0
  0.9693 5 + 2
    0.835056 0.1743 1
    0.9693 0.8257 0
  0.979 5 + 2
    0.67564 0.5 3
    0.979 0.5 0
  1.00093 7 + 3
    0.04076 0.487476 29
    0.794683 0.430178 2
    1.00093 0.082346 0
  1.00314 7 + 2
    0.123675 0.4998 26
    0.138584 0.5002 25
  1.01513 15 + 2
    0.27029 0.6127 15
    0.5066 0.3873 5
  1.03411 9 - 4
    0.19211 0.450691 23
    0.64548 0.253595 4
    0.73075 0.086318 3
    0.899866 0.209396 1
  1.04256 15 + 2
    0.24995 0.6431 18
    0.43909 0.3569 9
  1.079 11 - 2
    0.69037 0.5 4
    0.77564 0.5 3
  1.10675 17 - 2
    0.2672 0.7235 22
    0.50328 0.2765 9
  1.126 9 - 2
    0.919753 0.5 2
    0.991756 0.5 1
  1.163 3 - 2
    0.651232 0.5 6
    1.163 0.5 0
  1.19045 5 + 4
    0.373888 0.177411 19
    0.564934 0.793448 11
    1.05621 0.014981 1
    1.19045 0.014161 0
  1.2 9 - 2
    0.993753 0.5 2
    1.06576 0.5 1
  1.2095 11 - 2
    0.82087 0.5 4
    0.90614 0.5 3
  1.2208 7 - 2
    0.57354 0.7519 12
    1.2208 0.2481 0
  1.23012 3 - 3
    0.611751 0.062837 10
    0.640977 0.897664 8
    1.23012 0.039498 0
  1.2325 5 - 2
    1.02625 0.5 2
    1.09826 0.5 1
  1.25721 7 - 4
    0.2231 0.5 35
    0.74868 0.145 5
    0.86858 0.25 4
    0.95385 0.105 3
  1.266 11 - 2
    0.87737 0.5 4
    0.96264 0.5 3
  1.286 9 - 2
    1.07975 0.5 2
    1.15176 0.5 1
  1.31004 17 + 2
    0.29491 0.5531 34
    0.5652 0.4469 15
  1.319 17 - 2
    0.27644 0.7143 36
    0.52639 0.2857 18
  1.343 7 - 2
    1.03964 0.5 3
    1.343 0.5 0
  1.38355 19 - 2
    0.2768 0.7031 38
    0.544 0.2969 22
  1.423 3 - 2
    0.911232 0.5 6
    1.423 0.5 0
  1.458 1 - 2
    0.839631 0.5 10
    0.868857 0.5 8
  1.47433 19 - 3
    0.15533 0.241298 51
    0.36758 0.726393 38
    0.63478 0.03231 22
  1.487 5 + 2
    1.18364 0.5 3
    1.487 0.5 0
  1.506 9 - 2
    1.29975 0.5 2
    1.37176 0.5 1
  1.51094 7 - 2
    0.25373 0.7194 47
    0.90747 0.2806 9
  1.546 3 - 2
    1.03423 0.5 6
    1.546 0.5 0
  1.608 11 - 2
    1.21937 0.5 4
    1.30464 0.5 3
  1.63884 19 + 2
    0.3288 0.6372 50
    0.62371 0.3628 34
  1.64 7 - 2
    1.33664 0.5 3
    1.64 0.5 0
  1.65 9 + 2
    1.34664 0.5 3
    1.65 0.5 0
  1.661 3 + 2
    1.07186 0.5 8
    1.52676 0.5 1
  1.67394 21 - 1
    0.29039 1 53
  1.68163 19 + 1
    0.2073 1 56
  1.683 13 - 2
    1.17447 0.5 5
    1.47675 0.5 2
  1.713 1 - 2
    1.09463 0.5 10
    1.12386 0.5 8
  1.736 7 + 2
    1.52975 0.5 2
    1.60176 0.5 1
  1.789 11 - 2
    1.40037 0.5 4
    1.48564 0.5 3
  1.799 11 - 2
    1.41037 0.5 4
    1.49564 0.5 3
  1.808 9 + 2
    1.50464 0.5 3
    1.808 0.5 0
  1.836 3 + 2
    1.24686 0.5 8
    1.70176 0.5 1
  1.87053 7 - 1
    0.1889 1 67
  1.876 5 + 2
    1.57264 0.5 3
    1.876 0.5 0
  1.905 3 - 2
    1.39323 0.5 6
    1.905 0.5 0
  1.922 9 + 2
    1.61864 0.5 3
    1.922 0.5 0
  1.948 1 + 2
    1.43623 0.5 6
    1.948 0.5 0
  1.963 13 - 2
    1.45447 0.5 5
    1.75675 0.5 2
  1.98174 21 + 1
    0.3429 1 62
  1.99 7 - 2
    1.68664 0.5 3
    1.99 0.5 0
  2.109 5 - 2
    1.90275 0.5 2
    1.97476 0.5 1
  2.19963 3 + 1
    0.3291 1 75

75 188 81
  0 2 - 0
  0.0417 0 - 1
    0.0417 1 0
  0.063582 4 - 1
    0.063582 1 0
  0.1007 6 - 1
    0.1007 1 0
  0.1117 8 - 1
    0.048118 1 2
  0.156047 6 - 2
    0.092465 0.978629 2
    0.156047 0.021371 0
  0.169443 6 - 2
    0.105861 0.994794 2
    0.169443 0.005206 0
  0.172069 12 - 2
    0.002626 0.5 6
    0.016022 0.5 5
  0.182743 2 - 1
    0.0133 1 6
  0.205342 4 - 2
    0.14176 0.8314 2
    0.205342 0.1686 0
  0.207855 2 + 1
    0.207855 1 0
  0.23091 4 + 2
    0.074863 0.5938 5
    0.167328 0.4062 2
  0.256923 4 - 2
    0.193341 0.3797 2
    0.256923 0.6203 0
  0.284598 4 - 1
    0.128551 1 5
  0.287127 6 - 2
    0.13108 0.911727 5
    0.223545 0.088273 2
  0.290666 2 - 3
    0.085324 0.031629 9
    0.227084 0.375489 2
    0.290666 0.592882 0
  0.300212 4 + 5
    0.092357 0.378791 10
    0.130769 0.005735 6
    0.144165 0.01279 5
    0.23663 0.38629 2
    0.300212 0.216395 0
  0.316932 6 - 2
    0.11159 0.9684 9
    0.147489 0.0316 6
  0.325867 4 - 3
    0.143124 0.1793 8
    0.156424 0.7864 6
    0.16982 0.0343 5
  0.3307 10 + 2
    0.158631 0.5 7
    0.219 0.5 4
  0.3432 8 + 2
    0.187153 0.5 5
    0.2425 0.5 3
  0.34658 4 + 2
    0.138725 0.8753 10
    0.141238 0.1247 9
  0.35243 6 - 3
    0.12152 0.1457 11
    0.182987 0.1951 6
    0.196383 0.6592 5
  0.360882 10 + 3
    0.129972 0.1341 11
    0.178139 0.2416 8
    0.188813 0.6243 7
  0.362715 6 - 4
    0.072049 0.868617 15
    0.206668 0.01159 5
    0.299133 0.02259 2
    0.362715 0.097202 0
  0.372077 4 - 5
    0.166735 0.081028 9
    0.202634 0.084488 6
    0.21603 0.562589 5
    0.308495 0.116298 2
    0.372077 0.155597 0
  0.4039 8 + 2
    0.247853 0.5 5
    0.3032 0.5 3
  0.429755 10 + 2
    0.142628 0.078337 14
    0.247012 0.921663 8
  0.439753 2 + 3
    0.208843 0.970661 11
    0.234411 0.018419 9
    0.283706 0.01092 5
  0.4482 4 - 2
    0.161073 0.8875 14
    0.163602 0.1125 13
  0.462087 8 + 1
    0.30604 1 5
  0.47014 12 + 4
    0.107425 0.796759 24
    0.213217 0.008011 12
    0.264798 0.013039 9
    0.406558 0.182191 2
  0.482153 2 + 4
    0.181941 0.184309 16
    0.251243 0.430322 11
    0.274298 0.367118 10
    0.276811 0.018251 9
  0.499724 14 + 2
    0.153144 0.005656 21
    0.199512 0.994344 16
  0.51175 4 + 1
    0.211538 1 16
  0.523044 10 + 5
    0.150967 0.804384 25
    0.197177 0.01488 18
    0.206112 0.0143 17
    0.238446 0.093278 13
    0.340301 0.073159 8
  0.54155 4 + 4
    0.178835 0.5387 24
    0.224618 0.09359 17
    0.241338 0.301 16
    0.31064 0.06671 11
  0.5502 6 - 1
    0.189318 1 23
  0.55684 2 + 3
    0.348985 0.1643 10
    0.493258 0.4312 2
    0.55684 0.4045 0
  0.5583 8 + 2
    0.402253 0.5 5
    0.4576 0.5 3
  0.57544 6 + 3
    0.135687 0.4782 28
    0.22301 0.3384 22
    0.258508 0.1834 17
  0.58216 2 - 6
    0.219445 0.347124 24
    0.291494 0.448231 15
    0.374305 0.032332 10
    0.376818 0.035322 9
    0.426113 0.062224 5
    0.518578 0.074765 2
  0.60904 8 + 4
    0.246325 0.0618 24
    0.318374 0.1798 15
    0.352117 0.1966 12
    0.60904 0.5618 0
  0.62888 12 + 7
    0.11713 0.04124 34
    0.146727 0.02062 32
    0.15874 0.168398 31
    0.266165 0.237098 24
    0.2823 0.051549 21
    0.328668 0.137499 16
    0.423538 0.343597 9
  0.6473 10 - 1
    0.284585 1 24
  0.68011 8 + 3
    0.12327 0.048829 38
    0.317395 0.31709 24
    0.389444 0.634081 15
  0.7041 14 - 2
    0.07522 0.5 43
    0.23396 0.5 31
  0.7117 16 + 2
    0.08282 0.5 43
    0.24156 0.5 31
  0.7228 0 - 2
    0.659218 0.5 2
    0.6811 0.5 1
  0.7369 12 + 2
    0.333 0.5 26
    0.3937 0.5 20
  0.7417 10 - 2
    0.585653 0.5 5
    0.641 0.5 3
  0.7454 8 + 2
    0.589353 0.5 5
    0.6447 0.5 3
  0.7546 18 - 2
    0.0429 0.5 47
    0.0505 0.5 46
  0.75766 6 + 1
    0.275507 1 32
  0.7831 8 - 2
    0.6714 0.5 4
    0.719518 0.5 2
  0.7914 10 + 2
    0.619331 0.5 7
    0.6797 0.5 4
  0.7985 14 - 2
    0.16962 0.5 43
    0.32836 0.5 31
  0.8089 0 + 2
    0.626157 0.5 8
    0.8089 0.5 0
  0.8155 12 - 2
    0.643431 0.5 7
    0.7038 0.5 4
  0.8224 6 + 2
    0.7107 0.5 4
    0.758818 0.5 2
  0.8316 8 - 2
    0.7199 0.5 4
    0.768018 0.5 2
  0.8511 16 + 2
    0.22222 0.5 43
    0.38096 0.5 31
  0.859 10 - 2
    0.702953 0.5 5
    0.7583 0.5 3
  0.8709 6 + 2
    0.7592 0.5 4
    0.807318 0.5 2
  0.8838 20 - 1
    0.8838 1 0
  0.8986 8 + 2
    0.742553 0.5 5
    0.7979 0.5 3
  0.913 12 - 2
    0.740931 0.5 7
    0.8013 0.5 4
  0.9204 2 + 2
    0.856818 0.5 2
    0.8787 0.5 1
  0.9266 6 - 2
    0.8259 0.5 3
    0.9266 0.5 0
  0.9445 10 + 2
    0.772431 0.5 7
    0.8328 0.5 4
  0.9554 14 - 2
    0.32652 0.5 43
    0.48526 0.5 31
  0.965 8 + 2
    0.808953 0.5 5
    0.8643 0.5 3
  0.9783 4 - 2
    0.914718 0.5 2
    0.9366 0.5 1
  0.9831 6 + 2
    0.8714 0.5 4
    0.919518 0.5 2
  0.996 0 - 2
    0.932418 0.5 2
    0.9543 0.5 1
  1.029 2 + 2
    0.965418 0.5 2
    0.9873 0.5 1
  1.058 10 - 2
    0.901953 0.5 5
    0.9573 0.5 3
  1.075 4 + 2
    0.9743 0.5 3
    1.075 0.5 0
  1.094 8 - 2
    0.9823 0.5 4
    1.03042 0.5 2
  1.118 6 + 2
    1.0063 0.5 4
    1.05442 0.5 2
  1.16 12 - 2
    0.987931 0.5 7
    1.0483 0.5 4

75 189 23
  0 5 + 0
  0.125 9 - 1
    0.125 1 0
  0.146 7 + 1
    0.021 1 1
  0.2604 3 + 1
    0.2604 1 0
  0.279 11 + 2
    0.133 0.5 2
    0.154 0.5 1
  0.303 11 - 1
    0.303 1 0
  0.4824 5 - 1
    0.222 1 3
  0.501 3 + 2
    0.2406 0.5 3
    0.355 0.5 2
  0.599 3 + 2
    0.3386 0.5 3
    0.453 0.5 2
  0.64 7 - 2
    0.337 0.5 5
    0.64 0.5 0
  0.67 3 + 2
    0.4096 0.5 3
    0.524 0.5 2
  0.697 7 + 2
    0.551 0.5 2
    0.572 0.5 1
  0.852 5 + 2
    0.212 0.5 9
    0.852 0.5 0
  0.877 11 - 2
    0.237 0.5 9
    0.574 0.5 5
  1.097 1 - 2
    0.6146 0.5 6
    0.8366 0.5 3
  1.223 5 + 2
    0.583 0.5 9
    1.223 0.5 0
  1.308 5 + 2
    0.668 0.5 9
    1.308 0.5 0
  1.396 9 - 2
    1.25 0.5 2
    1.271 0.5 1
  1.423 11 - 2
    0.783 0.5 9
    1.12 0.5 5
  1.502 13 - 2
    1.223 0.5 4
    1.377 0.5 1
  1.632 9 - 2
    1.486 0.5 2
    1.507 0.5 1
  1.916 1 - 2
    1.4336 0.5 6
    1.6556 0.5 3
  1.959 15 - 2
    1.082 0.5 13
    1.656 0.5 5

75 190 5
  0 4 - 0
  0.11912 6 - 1
    0.11912 1 0
  0.1621 0 + 1
    0.1621 1 0
  0.21 12 - 1
    0.21 1 0
  0.3197 2 + 1
    0.1576 1 2

75 191 40
  0 9 - 0
  0.027 1 - 1
    0.027 1 0
  0.097 5 + 1
    0.097 1 0
  0.145 9 - 1
    0.145 1 0
  0.227 7 - 1
    0.13 1 2
  0.254 3 - 2
    0.027 0.5 4
    0.157 0.5 2
  0.264 11 - 1
    0.037 1 4
  0.285 11 - 2
    0.021 0.5 6
    0.058 0.5 4
  0.299 13 - 2
    0.154 0.5 3
    0.299 0.5 0
  0.449 1 + 2
    0.195 0.5 5
    0.352 0.5 2
  0.521 5 + 2
    0.294 0.5 4
    0.424 0.5 2
  0.55 7 + 2
    0.405 0.5 3
    0.55 0.5 0
  0.555 3 + 2
    0.005 0.5 11
    0.528 0.5 1
  0.606 15 + 1
    0.307 1 8
  0.622 5 + 2
    0.395 0.5 4
    0.525 0.5 2
  0.627 7 + 2
    0.482 0.5 3
    0.627 0.5 0
  0.741 3 - 2
    0.514 0.5 4
    0.644 0.5 2
  0.758 9 + 2
    0.531 0.5 4
    0.661 0.5 2
  0.799 7 + 2
    0.654 0.5 3
    0.799 0.5 0
  0.832 5 - 2
    0.805 0.5 1
    0.832 0.5 0
  0.858 5 + 2
    0.631 0.5 4
    0.761 0.5 2
  0.876 17 - 2
    0.27 0.5 13
    0.577 0.5 8
  1.004 13 - 2
    0.859 0.5 3
    1.004 0.5 0
  1.015 3 + 2
    0.465 0.5 11
    0.988 0.5 1
  1.064 3 + 2
    0.514 0.5 11
    1.037 0.5 1
  1.112 11 - 2
    0.848 0.5 6
    0.885 0.5 4
  1.128 9 - 2
    0.983 0.5 3
    1.128 0.5 0
  1.145 5 + 2
    0.918 0.5 4
    1.048 0.5 2
  1.229 11 - 2
    0.965 0.5 6
    1.002 0.5 4
  1.243 7 + 2
    1.098 0.5 3
    1.243 0.5 0
  1.367 11 - 2
    1.103 0.5 6
    1.14 0.5 4
  1.408 1 + 2
    1.154 0.5 5
    1.311 0.5 2
  1.468 7 - 2
    1.241 0.5 4
    1.371 0.5 2
  1.524 9 + 2
    1.297 0.5 4
    1.427 0.5 2
  1.56 19 - 1
    1.56 1 0
  1.663 3 + 2
    1.113 0.5 11
    1.636 0.5 1
  1.715 5 - 2
    1.688 0.5 1
    1.715 0.5 0
  1.835 7 + 2
    1.69 0.5 3
    1.835 0.5 0
  1.904 13 - 2
    1.759 0.5 3
    1.904 0.5 0
  1.937 5 + 2
    1.71 0.5 4
    1.84 0.5 2

75 192 1
  0 20 - 0

75 193 1
  0 9 - 0

75 194 1
  0 0 + 0

75 195 1
  0 5 - 0

