45 89 1
  0 9 + 0

45 90 1
  0 0 + 0

45 91 1
  0 9 + 0

45 92 20
  0 12 + 0
  0.235 16 + 1
    0.235 1 0
  0.5991 18 + 1
    0.3641 1 1
  1.2709 20 + 2
    0.6718 0.5 2
    1.0359 0.5 1
  1.5486 22 + 2
    0.2777 0.5 3
    0.9495 0.5 2
  1.8459 18 + 1
    0.575 1 3
  2.1517 22 - 3
    0.3058 0.333333 5
    0.6031 0.333333 4
    0.8808 0.333333 3
  2.5366 26 + 1
    0.988 1 4
  2.6077 24 - 1
    0.456 1 6
  2.8437 26 - 2
    0.236 0.5 8
    0.692 0.5 6
  3.1966 30 + 1
    0.66 1 7
  3.4757 26 - 1
    0.632 1 9
  3.7799 30 - 1
    0.9362 1 9
  4.3136 34 + 1
    1.117 1 10
  4.7187 34 - 1
    0.9388 1 12
  5.4186 38 + 1
    1.105 1 13
  5.7527 38 - 1
    1.034 1 14
  6.029 4 - 1
    0.610399 1 15
  6.305 6 - 1
    0.276 1 17
  7.172 42 - 1
    1.4193 1 16

45 93 32
  0 9 + 0
  0.2401 7 + 1
    0.2401 1 0
  0.6219 5 + 2
    0.3818 0.726 1
    0.6219 0.274 0
  0.8529 13 + 1
    0.8529 1 0
  0.8641 9 - 1
    0.8641 1 0
  0.8942 11 + 1
    0.8942 1 0
  1.4511 7 + 1
    1.4511 1 0
  1.4639 13 + 1
    1.4639 1 0
  1.6301 9 + 1
    1.39 1 1
  1.7184 11 + 1
    1.7184 1 0
  1.88561 17 + 1
    1.03271 1 3
  2.05231 21 + 1
    0.1667 1 10
  2.1978 5 + 1
    2.1978 1 0
  2.5951 23 + 1
    0.54279 1 11
  2.8905 25 + 1
    0.2954 1 13
  3.543 25 + 2
    0.6525 0.3467 14
    0.9479 0.6533 13
  4.089 27 + 2
    0.546 0.6069 15
    1.4939 0.3931 13
  4.2521 29 + 1
    1.3616 1 14
  4.5491 31 + 2
    0.297 0.5583 17
    0.4601 0.4417 16
  4.6114 3 - 1
    0.5224 1 16
  4.7081 33 + 1
    0.159 1 18
  4.749 3 - 2
    0.1376 0.7463 19
    0.4969 0.2537 17
  5.1592 35 + 1
    0.451101 1 20
  5.447 5 - 1
    0.698 1 21
  5.6228 37 + 1
    0.463599 1 22
  5.6939 1 - 1
    0.2469 1 23
  5.8276 3 - 1
    0.2048 1 24
  6.3886 5 - 1
    0.6947 1 25
  6.5797 7 - 1
    0.1911 1 27
  6.7099 3 - 1
    0.1302 1 28
  6.8579 1 - 1
    0.148 1 29
  6.9245 41 + 1
    1.3017 1 24

45 94 7
  0 8 + 0
  0.0546 4 + 1
    0.0546 1 0
  0.1 16 + 1
    0.1 1 0
  0.6128 2 + 1
    0.5582 1 1
  1.67 2 + 1
    1.0572 1 3
  2.626 2 + 2
    0.956 0.5 4
    2.0132 0.5 3
  2.91 2 + 2
    1.24 0.5 4
    2.2972 0.5 3

45 95 46
  0 9 + 0
  0.5433 1 - 1
    0.5433 1 0
  0.68 7 + 1
    0.68 1 0
  1.18 5 + 1
    1.18 1 0
  1.35097 13 + 1
    1.35097 1 0
  1.43 11 + 1
    1.43 1 0
  1.57 3 + 1
    1.0267 1 1
  2.06753 17 + 1
    0.71656 1 4
  2.08 17 + 1
    0.72903 1 4
  2.23637 17 - 1
    0.16884 1 7
  2.2641 17 + 1
    0.91313 1 4
  2.44913 21 + 2
    0.18503 0.1259 10
    0.3816 0.8741 7
  2.97313 23 + 1
    0.524 1 11
  3.0959 13 - 2
    0.85953 0.1378 9
    1.02837 0.8622 7
  3.12943 21 - 1
    0.6803 1 11
  3.2413 21 - 1
    1.00493 1 9
  3.7237 25 + 1
    1.27457 1 11
  3.8373 5 - 2
    1.60093 0.8547 9
    1.76977 0.1453 7
  3.9088 25 - 1
    0.6675 1 15
  4.1352 3 - 1
    1.89883 1 9
  4.1634 7 - 1
    1.92703 1 9
  4.2419 21 + 1
    1.79277 1 11
  5.4583 25 + 2
    1.2164 0.1229 21
    1.7346 0.8771 16
  6.1197 27 + 2
    0.6614 0.7199 22
    2.396 0.2801 16
  6.2122 29 + 3
    0.092501 0.097009 23
    0.753901 0.525395 22
    2.4885 0.377596 16
  6.4053 27 - 1
    2.4965 1 18
  6.5854 27 - 1
    2.6766 1 18
  6.6992 29 - 3
    0.113801 0.054934 26
    0.293901 0.179413 25
    2.7904 0.765654 18
  6.7951 31 + 1
    0.582899 1 24
  7.0649 29 - 1
    0.4795 1 26
  7.1395 33 + 1
    0.3444 1 28
  7.5126 31 - 2
    0.4477 0.5477 29
    0.813399 0.4523 27
  7.6251 35 + 2
    0.485601 0.3064 30
    0.830001 0.6936 28
  7.8462 33 - 2
    0.3336 0.2884 31
    1.147 0.7116 27
  8.395 35 - 2
    0.5488 0.909373 33
    0.769899 0.090627 32
  8.656 37 - 2
    0.261 0.8951 34
    0.8098 0.1049 33
  8.8753 39 + 1
    1.2502 1 32
  9.3466 39 - 2
    0.6906 0.8405 35
    0.9516 0.1595 34
  10.6533 41 - 2
    1.3067 0.6994 37
    1.9973 0.3006 35
  11.368 5 - 1
    2.0214 1 37
  11.9671 41 + 1
    3.0918 1 36
  12.1139 41 + 1
    3.2386 1 36
  12.1947 3 - 1
    2.8481 1 37
  12.4346 43 + 2
    0.4675 0.6862 40
    3.5593 0.3138 36
  12.8691 5 - 1
    3.5225 1 37
  13.8764 3 - 1
    1.4418 1 43

45 96 49
  0 12 + 0
  0.05198 6 + 1
    0.05198 1 0
  0.11429 8 + 1
    0.06231 1 1
  0.12562 14 + 1
    0.12562 1 0
  0.16745 10 + 1
    0.16745 1 0
  0.17639 4 + 1
    0.12441 1 1
  0.51399 8 - 2
    0.3376 0.095245 5
    0.46201 0.904755 1
  0.53526 4 - 1
    0.48328 1 1
  0.57898 6 - 2
    0.06499 0.7285 6
    0.527 0.2715 1
  0.5984 6 - 2
    0.42201 0.225 5
    0.54642 0.775 1
  0.66099 6 + 2
    0.5467 0.8066 2
    0.60901 0.1934 1
  0.66508 8 - 2
    0.06668 0.7493 9
    0.6131 0.2507 1
  0.7148 16 + 1
    0.58918 1 3
  0.7735 10 + 1
    0.64788 1 3
  0.77519 4 + 2
    0.5988 0.3942 5
    0.72321 0.6058 1
  0.9046 18 + 1
    0.1311 1 13
  0.93876 2 + 3
    0.16357 0.004732 14
    0.76237 0.946998 5
    0.88678 0.04827 1
  1.1852 2 + 1
    1.00881 1 5
  1.27478 2 + 4
    0.33602 0.026461 16
    0.49959 0.47711 14
    1.09839 0.460809 5
    1.2228 0.035621 1
  1.2966 0 - 1
    1.17098 1 3
  1.39271 18 + 1
    1.26709 1 3
  1.5551 16 + 2
    0.8403 0.338 12
    1.42948 0.662 3
  1.5642 2 + 3
    0.62544 0.2003 16
    0.78901 0.4256 14
    1.38781 0.3741 5
  1.657 4 - 1
    0.9422 1 12
  1.8017 2 + 3
    0.86294 0.085373 16
    1.02651 0.139604 14
    1.62531 0.775023 5
  1.91946 20 + 2
    0.52675 0.8854 20
    0.62286 0.1146 19
  2.0193 22 + 2
    0.09984 0.3919 25
    0.62659 0.6081 20
  2.1057 16 - 1
    1.98008 1 3
  2.1326 18 - 3
    0.4756 0.094664 23
    0.5775 0.379115 21
    0.73989 0.526221 20
  2.2643 4 - 1
    0.87159 1 20
  2.2895 20 - 1
    0.1569 1 28
  2.3209 20 + 1
    0.92819 1 20
  2.5336 24 + 2
    0.2127 0.020229 31
    0.5143 0.979771 26
  2.5369 6 - 1
    0.4043 1 28
  2.5856 24 + 1
    0.5663 1 26
  2.6752 22 + 2
    0.1416 0.2717 32
    1.28249 0.7283 20
  2.7248 22 - 1
    0.4353 1 30
  2.8012 4 - 1
    0.2643 1 33
  3.2943 24 - 2
    0.5695 0.4512 36
    1.0048 0.5488 30
  3.643 26 - 2
    0.3487 0.754 38
    0.9182 0.246 36
  3.7437 28 + 1
    1.2101 1 32
  3.9603 6 - 1
    0.2166 1 40
  4.1618 28 - 3
    0.5188 0.6953 39
    0.8675 0.1247 38
    1.6282 0.18 32
  4.1949 8 - 1
    0.4512 1 40
  4.2277 4 - 1
    0.484 1 40
  4.4245 30 - 2
    0.2627 0.8101 42
    0.7815 0.1899 39
  4.5465 6 - 1
    0.8028 1 40
  5.017 32 + 1
    1.2733 1 40
  5.56 30 + 1
    1.8163 1 40

45 97 87
  0 9 + 0
  0.25876 1 - 1
    0.25876 1 0
  0.26536 7 + 1
    0.26536 1 0
  0.47511 5 + 2
    0.20975 0.03799 2
    0.47511 0.96201 0
  0.8453 1 + 1
    0.58654 1 1
  0.8501 5 - 1
    0.59134 1 1
  0.85771 13 + 1
    0.85771 1 0
  0.86355 9 + 1
    0.86355 1 0
  1.0045 3 - 1
    0.74574 1 1
  1.05804 5 + 3
    0.58293 0.1098 3
    0.79268 0.7507 2
    1.05804 0.1395 0
  1.1991 7 + 2
    0.93374 0.6537 2
    1.1991 0.3463 0
  1.2426 11 + 2
    0.97724 0.1453 2
    1.2426 0.8547 0
  1.3756 9 - 3
    0.5255 0.810376 5
    1.11024 0.102497 2
    1.3756 0.087127 0
  1.41551 3 + 2
    0.9404 0.7729 3
    1.15015 0.2271 2
  1.46364 15 + 1
    0.60593 1 6
  1.4706 3 - 1
    0.6205 1 5
  1.5287 3 - 1
    1.05359 1 3
  1.5418 11 - 2
    0.67825 0.8697 7
    1.5418 0.1303 0
  1.55315 17 + 2
    0.08951 0.1541 14
    0.69544 0.8459 6
  1.619 7 + 2
    0.6145 0.2664 8
    1.35364 0.7336 2
  1.635 5 + 1
    1.15989 1 3
  1.75955 7 - 4
    0.23085 0.048 16
    0.896 0.192 7
    1.49419 0.36 2
    1.75955 0.4 0
  1.7751 1 - 1
    0.5325 1 11
  1.9065 5 - 1
    1.64114 1 2
  1.9283 13 - 3
    0.5527 0.5245 12
    0.6857 0.2613 11
    1.07059 0.2142 6
  1.96198 19 + 1
    0.40883 1 18
  1.9841 3 - 2
    0.52046 0.5 14
    0.7415 0.5 11
  1.9942 7 - 3
    1.51909 0.5814 3
    1.72884 0.1105 2
    1.9942 0.3081 0
  2.0621 5 - 1
    1.79674 1 2
  2.068 3 - 1
    1.59289 1 3
  2.0975 1 - 1
    0.7219 1 12
  2.1036 9 + 1
    0.63996 1 14
  2.11325 5 - 5
    0.3537 0.086777 21
    1.05521 0.409284 9
    1.63814 0.270189 3
    1.84789 0.204692 2
    2.11325 0.029059 0
  2.1266 7 + 1
    1.2765 1 5
  2.1473 3 - 1
    0.9047 1 11
  2.1872 5 + 1
    0.6585 1 16
  2.2254 17 - 2
    0.67225 0.1667 18
    0.76176 0.8333 14
  2.2296 7 + 2
    1.17156 0.8673 9
    2.2296 0.1327 0
  2.2711 1 - 1
    1.421 1 5
  2.2725 3 + 1
    0.31052 1 25
  2.2954 9 - 2
    1.23736 0.4475 9
    2.03004 0.5525 2
  2.2977 11 + 1
    0.9221 1 12
  2.3537 5 - 1
    0.4254 1 24
  2.3728 7 + 1
    1.51509 1 6
  2.61727 21 + 2
    0.65529 0.6997 25
    1.06412 0.3003 18
  2.8958 23 + 1
    0.93382 1 25
  2.90358 3 - 4
    1.28458 0.3663 19
    2.42847 0.326 3
    2.63822 0.1355 2
    2.90358 0.1722 0
  2.9501 5 - 2
    2.68474 0.7722 2
    2.9501 0.2278 0
  3.0557 21 - 1
    0.8303 1 36
  3.0912 1 + 3
    0.8616 0.4525 37
    0.97795 0.2398 32
    2.82584 0.3077 2
  3.0959 21 - 2
    0.8234 0.3902 39
    1.13392 0.6098 25
  3.24 3 + 3
    1.48045 0.4425 21
    2.97464 0.3982 2
    3.24 0.1593 0
  3.2597 23 + 3
    0.1638 0.03359 50
    0.64243 0.126301 44
    1.29772 0.840108 25
  3.3454 23 - 1
    0.2897 1 48
  3.5513 25 + 3
    0.2916 0.2458 52
    0.6555 0.3308 45
    0.93403 0.4234 44
  3.6071 7 - 3
    1.3775 0.2218 37
    2.408 0.3891 10
    3.34174 0.3891 2
  4.0155 27 + 2
    0.4642 0.4987 54
    0.7558 0.5013 52
  4.0744 25 - 2
    0.729 0.6991 53
    1.0187 0.3009 48
  4.2751 29 + 2
    0.2596 0.5241 56
    0.7238 0.4759 54
  4.8244 31 + 1
    0.8089 1 56
  5.1594 29 - 1
    1.085 1 57
  5.5162 33 + 1
    1.2411 1 58
  5.9651 5 - 1
    1.69 1 58
  5.9738 31 - 1
    0.8144 1 60
  6.1916 35 + 1
    1.3672 1 59
  6.4412 33 - 1
    0.467401 1 63
  6.4725 33 - 1
    0.4987 1 63
  6.5025 3 + 1
    0.310901 1 64
  6.7741 37 + 1
    1.2579 1 61
  6.9121 35 - 1
    1.3959 1 61
  6.9732 5 - 1
    1.457 1 61
  7.0792 7 + 1
    1.563 1 61
  7.3276 9 - 1
    0.825099 1 67
  7.5842 5 + 1
    2.068 1 61
  7.6872 3 - 1
    2.171 1 61
  7.6992 35 - 1
    1.258 1 65
  7.9541 7 + 1
    1.18 1 68
  8.0036 5 + 1
    1.812 1 64
  8.2821 3 - 1
    1.508 1 68
  8.3641 39 + 1
    1.59 1 68
  8.4922 1 - 1
    0.793 1 75
  8.51 5 + 2
    8.03489 0.5 3
    8.51 0.5 0
  8.5941 9 - 1
    1.82 1 68
  9.0786 7 + 1
    1.075 1 77
  9.2042 3 - 1
    1.505 1 75
  9.2422 1 + 1
    1.543 1 75
  9.4 1 + 2
    8.5547 0.5 4
    8.92489 0.5 3

45 98 44
  0 4 + 0
  0.1 10 + 1
    0.1 1 0
  0.10675 6 + 1
    0.10675 1 0
  0.11201 2 + 1
    0.11201 1 0
  0.17445 8 + 2
    0.0677 0.7045 2
    0.17445 0.2955 0
  0.2141 0 + 1
    0.2141 1 0
  0.29127 12 + 2
    0.18452 0.1228 2
    0.29127 0.8772 0
  0.83667 2 + 3
    0.66222 0.824075 4
    0.72466 0.165195 3
    0.83667 0.01073 0
  0.8416 8 + 1
    0.8416 1 0
  1.00739 2 + 3
    0.83294 0.5288 4
    0.89538 0.2542 3
    1.00739 0.217 0
  1.11191 2 + 2
    0.9999 0.3976 3
    1.11191 0.6024 0
  1.26226 2 + 3
    1.08781 0.584658 4
    1.15025 0.292529 3
    1.26226 0.122812 0
  1.5681 12 + 1
    0.7265 1 8
  1.9471 4 - 1
    0.379 1 12
  2.3563 6 - 1
    0.4092 1 13
  2.5634 16 + 2
    0.2071 0.069709 14
    0.9953 0.930291 12
  2.7797 18 - 1
    0.2163 1 15
  2.9773 16 + 2
    0.4139 0.3167 15
    1.4092 0.6833 12
  3.2431 20 - 1
    0.4634 1 16
  3.5436 18 + 1
    0.9802 1 15
  3.8089 20 + 2
    0.2653 0.5973 19
    0.8316 0.4027 17
  4.001 22 + 1
    0.4574 1 19
  4.0357 22 - 1
    0.7926 1 18
  4.3587 22 + 2
    0.5498 0.4356 20
    0.8151 0.5644 19
  5.4166 24 - 1
    1.3809 1 22
  5.4839 24 + 1
    1.1252 1 23
  5.496 26 + 2
    1.1373 0.8369 23
    1.495 0.1631 21
  5.7151 4 - 1
    0.2191 1 26
  6.3497 26 - 1
    0.9331 1 24
  6.6245 6 - 1
    1.2079 1 24
  6.8525 4 - 1
    1.4359 1 24
  6.86 30 + 1
    1.364 1 26
  6.9636 28 - 1
    1.547 1 24
  7.5107 34 + 1
    0.650701 1 31
  7.6971 28 - 1
    1.3474 1 28
  7.7171 32 + 1
    0.857101 1 31
  7.9121 6 - 1
    1.2876 1 29
  8.2931 34 + 1
    1.4331 1 31
  8.4004 38 + 1
    0.8897 1 33
  8.6517 34 + 1
    0.9346 1 35
  8.8478 4 - 1
    1.1507 1 34
  9.1846 6 - 1
    1.4875 1 34
  9.3932 8 - 1
    0.208601 1 41
  9.4964 42 + 1
    1.096 1 38

45 99 95
  0 1 - 0
  0.0646 9 + 1
    0.0646 1 0
  0.2007 7 + 1
    0.1361 1 1
  0.4109 3 - 1
    0.4109 1 0
  0.4278 5 - 1
    0.4278 1 0
  0.4644 5 + 2
    0.2637 0.8129 2
    0.3998 0.1871 1
  0.8422 13 + 1
    0.7776 1 1
  0.8511 7 + 3
    0.3867 0.3463 5
    0.6504 0.1703 2
    0.7865 0.4834 1
  0.8745 5 + 3
    0.4101 0.128 5
    0.6738 0.6735 2
    0.8099 0.1985 1
  0.9797 9 - 1
    0.5519 1 4
  1.0155 5 + 2
    0.5877 0.8446 4
    0.6046 0.1554 3
  1.0184 7 - 2
    0.8177 0.915763 2
    0.9538 0.084237 1
  1.036 1 - 2
    0.6251 0.1683 3
    1.036 0.8317 0
  1.101 3 + 2
    0.6732 0.904164 4
    0.6901 0.095836 3
  1.1112 7 + 4
    0.2367 0.115112 8
    0.6468 0.39894 5
    0.9105 0.191219 2
    1.0466 0.294729 1
  1.1678 5 + 4
    0.2933 0.498195 8
    0.7034 0.089149 5
    0.74 0.062259 4
    0.9671 0.350396 2
  1.3667 5 + 2
    1.166 0.7634 2
    1.3021 0.2366 1
  1.3822 3 + 2
    0.9544 0.2447 4
    0.9713 0.7553 3
  1.3975 9 - 1
    0.523 1 8
  1.4084 5 + 1
    0.9806 1 4
  1.4308 9 - 2
    0.9664 0.4878 5
    1.2301 0.5122 2
  1.4775 3 + 2
    1.0666 0.4186 3
    1.4775 0.5814 0
  1.5278 3 + 4
    0.6533 0.649861 8
    1.0634 0.018809 5
    1.1 0.259384 4
    1.5278 0.071946 0
  1.5362 7 + 5
    0.3684 0.024211 15
    0.6851 0.021601 7
    1.0718 0.147104 5
    1.3355 0.770123 2
    1.4716 0.036961 1
  1.6163 3 + 1
    1.1519 1 5
  1.6188 3 + 1
    1.191 1 4
  1.6225 5 - 1
    1.1581 1 5
  1.6268 5 + 1
    0.6471 1 9
  1.6599 13 - 1
    0.6802 1 9
  1.7015 17 + 1
    0.8593 1 6
  1.7368 11 - 1
    0.6358 1 13
  1.7612 1 - 4
    0.8867 0.298991 8
    1.2968 0.068628 5
    1.5605 0.142196 2
    1.6966 0.490185 1
  1.7906 11 - 1
    1.3797 1 3
  1.7947 1 - 1
    1.594 1 2
  1.799 7 - 2
    1.3712 0.5 4
    1.3881 0.5 3
  1.815 15 - 2
    1.3506 0.2647 5
    1.6143 0.7353 2
  1.8817 11 - 1
    1.681 1 2
  1.9214 7 - 1
    1.4936 1 4
  1.9695 9 - 3
    1.095 0.157416 8
    1.5051 0.417042 5
    1.9049 0.425543 1
  2.0405 3 - 2
    1.0221 0.5952 11
    1.8398 0.4048 2
  2.0519 1 + 5
    0.5241 0.291303 22
    0.6852 0.114201 16
    1.2008 0.094491 7
    1.5875 0.106301 5
    1.8512 0.393704 2
  2.0688 7 - 1
    1.6044 1 5
  2.071 3 + 1
    1.2199 1 7
  2.1435 9 - 3
    1.1251 0.2 11
    1.6791 0.5556 5
    1.9428 0.2444 2
  2.1814 3 + 6
    0.6536 0.360186 22
    1.0136 0.359586 15
    1.717 0.158094 5
    1.7536 0.032329 4
    1.9807 0.014369 2
    2.1814 0.075437 0
  2.1948 19 + 1
    0.4933 1 29
  2.1992 5 - 4
    0.663 0.184704 23
    1.3247 0.401608 8
    1.7348 0.044181 5
    1.9985 0.369507 2
  2.2682 1 - 3
    1.157 0.6849 14
    1.3937 0.137 8
    1.8038 0.1781 5
  2.2999 17 - 1
    0.64 1 28
  2.3434 7 + 3
    1.879 0.2151 5
    2.1427 0.5376 2
    2.2788 0.2473 1
  2.3886 5 + 6
    0.6274 0.14131 31
    0.8524 0.152211 23
    1.5141 0.097837 8
    1.9242 0.236417 5
    2.1879 0.100507 2
    2.324 0.271719 1
  2.5927 21 + 2
    0.3979 0.4401 45
    0.8912 0.5599 29
  2.6182 11 - 3
    2.1538 0.7576 5
    2.4175 0.1136 2
    2.5536 0.1288 1
  2.6293 17 - 1
    0.9694 1 28
  2.6402 3 + 4
    1.2735 0.298615 16
    1.7891 0.452523 7
    2.4395 0.185509 2
    2.5756 0.063353 1
  2.7099 7 - 3
    1.5421 0.136386 15
    2.2455 0.757524 5
    2.5092 0.106089 2
  2.726 5 + 1
    0.1333 1 51
  2.737 9 - 5
    0.7675 0.161084 38
    1.8625 0.134986 8
    2.2726 0.261174 5
    2.5363 0.435356 2
    2.6724 0.0074 1
  2.7588 1 + 5
    0.7183 0.265781 39
    1.231 0.450468 22
    1.3921 0.081074 16
    2.5581 0.117092 2
    2.6942 0.085584 1
  2.8362 3 - 3
    1.9617 0.3148 8
    2.3718 0.3148 5
    2.6355 0.3704 2
  2.8604 5 + 3
    2.396 0.2538 5
    2.6597 0.2386 2
    2.7958 0.5076 1
  2.9576 7 - 7
    0.7584 0.147209 46
    0.8866 0.306718 42
    1.4214 0.147209 23
    1.4298 0.181011 22
    1.7898 0.193311 15
    2.4932 0.019941 5
    2.893 0.004601 1
  3.0145 21 + 1
    0.8197 1 45
  3.0475 9 - 3
    1.8797 0.507375 15
    2.8468 0.461677 2
    2.9829 0.030948 1
  3.1127 21 - 1
    0.8128 1 48
  3.1493 23 + 1
    0.9545 1 45
  3.4336 5 + 1
    0.3209 1 64
  3.5469 3 - 1
    0.4342 1 64
  3.5858 25 + 1
    0.4365 1 65
  3.71 23 - 4
    0.1631 0.04032 67
    0.2764 0.02419 66
    0.6955 0.128999 62
    1.1173 0.806492 51
  3.9876 25 + 1
    0.2776 1 69
  4.1306 25 - 1
    0.4206 1 69
  4.2634 27 + 1
    1.1141 1 65
  4.325 27 - 1
    0.3374 1 70
  4.6269 29 + 1
    1.0411 1 68
  4.8551 29 - 2
    0.5301 0.6369 73
    0.8675 0.3631 70
  5.1156 27 + 1
    0.985 1 71
  5.1923 7 - 1
    0.3372 1 75
  5.3187 31 + 1
    1.0553 1 72
  5.6784 33 + 1
    1.0515 1 74
  5.6817 33 + 1
    0.363 1 78
  5.7428 5 - 1
    0.6272 1 76
  5.7822 31 - 2
    0.5899 0.5 77
    0.9271 0.5 75
  5.943 3 - 1
    0.8274 1 76
  6.1101 35 + 1
    0.4284 1 80
  6.8835 37 + 1
    1.2051 1 79
  7.1231 35 - 1
    1.3409 1 82
  7.9566 41 + 1
    1.0731 1 85
  8.015 37 - 1
    0.8919 1 86
  9.0846 45 + 1
    1.128 1 87
  9.839 5 + 2
    9.4281 0.5 3
    9.7744 0.5 1
  10.174 17 + 2
    8.4725 0.5 29
    9.3318 0.5 6
  10.2819 49 + 1
    1.1973 1 89
  10.303 1 + 2
    9.8386 0.5 5
    9.8921 0.5 3
  10.432 1 + 2
    9.9676 0.5 5
    10.0211 0.5 3

45 100 67
  0 2 - 0
  0.032696 4 - 1
    0.032696 1 0
  0.074782 4 + 2
    0.042086 0.215 1
    0.074782 0.785 0
  0.086331 2 - 2
    0.053635 0.5362 1
    0.086331 0.4638 0
  0.1076 10 + 2
    0.032818 0.107528 2
    0.074904 0.892472 1
  0.136322 2 + 1
    0.06154 1 2
  0.13984 0 - 1
    0.13984 1 0
  0.151798 2 + 2
    0.119102 0.1796 1
    0.151798 0.8204 0
  0.154 2 - 1
    0.154 1 0
  0.158797 2 + 4
    0.072466 0.001369 3
    0.084015 0.884736 2
    0.126101 0.095054 1
    0.158797 0.018841 0
  0.16069 6 - 3
    0.074359 0.736774 3
    0.127994 0.122812 1
    0.16069 0.140414 0
  0.171101 6 + 2
    0.08477 0.938819 3
    0.138405 0.061181 1
  0.21961 14 + 1
    0.11201 1 4
  0.22178 2 + 1
    0.085458 1 5
  0.24357 12 + 1
    0.13597 1 4
  0.248045 6 + 2
    0.096247 0.4508 7
    0.173263 0.5492 2
  0.25572 4 - 1
    0.119398 1 5
  0.28198 4 + 1
    0.207198 1 2
  0.32517 4 - 2
    0.04319 0.5232 17
    0.188848 0.4768 5
  0.3294 2 - 1
    0.158299 1 11
  0.35757 12 + 2
    0.13796 0.4572 12
    0.24997 0.5428 4
  0.3767 4 - 2
    0.290369 0.5 3
    0.344004 0.5 1
  0.3897 2 - 2
    0.218599 0.5 11
    0.303369 0.5 3
  0.43865 14 + 4
    0.08108 0.240495 20
    0.19508 0.578488 14
    0.21904 0.091528 12
    0.33105 0.089488 4
  0.4455 6 - 3
    0.16352 0.069144 17
    0.286703 0.784547 9
    0.309178 0.146309 5
  0.4732 8 - 1
    0.31251 1 10
  0.51771 8 - 1
    0.365912 1 7
  0.5319 8 + 1
    0.360799 1 11
  0.561 10 - 1
    0.389899 1 11
  0.8871 16 + 1
    0.44845 1 23
  1.1976 18 + 2
    0.3105 0.273 29
    0.75895 0.727 23
  1.2703 16 - 3
    0.3832 0.1861 29
    0.83165 0.2155 23
    1.05069 0.5984 12
  1.4033 18 - 2
    0.133 0.7991 31
    0.5162 0.2009 29
  1.7328 6 + 1
    0.5352 1 30
  1.8008 20 - 1
    0.3975 1 32
  2.1273 22 - 2
    0.3265 0.6572 34
    0.724 0.3428 32
  2.1902 20 - 2
    0.3894 0.5 34
    0.7869 0.5 32
  2.5462 22 - 2
    0.356 0.5 36
    0.7454 0.5 34
  2.5958 24 - 2
    0.4685 0.8933 35
    0.795 0.1067 34
  2.61 22 - 1
    0.4198 1 36
  2.9107 24 - 4
    0.3007 0.25 39
    0.3645 0.25 37
    0.7205 0.25 36
    0.7834 0.25 35
  3.0643 26 - 1
    0.937 1 35
  3.2177 26 - 2
    0.307 0.5 40
    0.6219 0.5 38
  3.4903 28 - 3
    0.2726 0.333333 42
    0.426 0.333333 41
    0.8945 0.333333 38
  3.5806 28 - 2
    0.5163 0.5 41
    0.9848 0.5 38
  3.9489 30 - 4
    0.3683 0.25 44
    0.4586 0.25 43
    0.7312 0.25 42
    0.8846 0.25 41
  4.3899 32 + 1
    0.441 1 45
  4.563 32 - 2
    0.6141 0.5 45
    0.9824 0.5 44
  4.616 32 - 2
    0.6671 0.5 45
    1.1257 0.5 43
  5.0037 34 - 3
    0.3877 0.333333 48
    0.4407 0.333333 47
    1.0548 0.333333 45
  5.6388 36 - 2
    0.6351 0.5 49
    1.0758 0.5 47
  6.1748 38 - 2
    0.536 0.5 50
    1.1711 0.5 49
  6.4868 38 - 2
    0.848 0.5 50
    1.4831 0.5 49
  6.8317 40 - 2
    0.6569 0.5 51
    1.1929 0.5 50
  7.415 42 - 2
    0.5833 0.5 53
    1.2402 0.5 51
  8.0414 44 - 2
    0.6264 0.5 54
    1.2097 0.5 53
  9.0018 46 - 2
    0.960401 0.5 55
    1.5868 0.5 54
  9.1031 46 - 2
    1.0617 0.5 55
    1.6881 0.5 54
  9.3034 48 - 1
    1.262 1 55
  9.6029 6 + 2
    0.499801 0.5 57
    0.6011 0.5 56
  10.4039 4 + 1
    0.801 1 59
  10.8744 6 + 1
    1.571 1 58
  11.086 8 + 1
    1.4831 1 59
  11.407 4 + 1
    1.0031 1 60
  12.6974 6 + 1
    1.823 1 61
  12.923 4 + 1
    1.516 1 63
  14.519 8 + 1
    1.596 1 65

45 101 128
  0 1 - 0
  0.15732 9 + 1
    0.15732 1 0
  0.18178 7 + 1
    0.02446 1 1
  0.30542 3 - 1
    0.30542 1 0
  0.35524 5 - 1
    0.35524 1 0
  0.47806 5 + 2
    0.29628 0.967929 2
    0.32074 0.032071 1
  0.74777 11 + 1
    0.59045 1 1
  0.799575 7 + 3
    0.321515 0.29737 5
    0.617795 0.155884 2
    0.642255 0.546745 1
  0.85135 7 - 2
    0.49611 0.6669 4
    0.54593 0.3331 3
  0.8934 13 + 2
    0.14563 0.1699 6
    0.73608 0.8301 1
  0.89935 9 - 1
    0.54411 1 4
  0.90569 5 + 5
    0.106115 0.009929 7
    0.42763 0.037988 5
    0.72391 0.755666 2
    0.74837 0.193391 1
    0.90569 0.003026 0
  0.977 1 - 2
    0.62176 0.5 4
    0.977 0.5 0
  0.97816 7 + 3
    0.178585 0.1893 7
    0.79638 0.5888 2
    0.82084 0.2219 1
  0.9964 3 - 2
    0.64116 0.5 4
    0.69098 0.5 3
  1.03563 5 + 2
    0.12994 0.1654 11
    0.85385 0.8346 2
  1.058 5 - 2
    0.70276 0.5849 4
    0.75258 0.4151 3
  1.32026 3 - 2
    0.96502 0.4536 4
    1.01484 0.5464 3
  1.35937 7 + 6
    0.38121 0.014069 13
    0.45368 0.223884 11
    0.559795 0.034668 7
    0.88131 0.039627 5
    1.17759 0.129991 2
    1.20205 0.557761 1
  1.3834 3 - 1
    1.02816 1 4
  1.464 9 + 2
    0.98594 0.5 5
    1.30668 0.5 1
  1.47081 11 - 9
    0.11144 0.003079 18
    0.43518 0.01724 15
    0.49265 0.002586 13
    0.61946 0.01084 8
    0.671235 0.073888 7
    0.99275 0.254295 5
    1.16539 0.002586 3
    1.28903 0.615787 2
    1.31349 0.0197 1
  1.531 1 - 2
    1.17576 0.5 4
    1.531 0.5 0
  1.541 3 + 2
    1.35922 0.5 2
    1.541 0.5 0
  1.5769 11 - 1
    0.67755 1 10
  1.604 15 + 3
    0.13319 0.649335 21
    0.804425 0.233777 7
    1.44668 0.116888 1
  1.60595 13 - 1
    0.7066 1 10
  1.6074 5 + 1
    0.807825 1 7
  1.609 15 + 1
    0.7156 1 9
  1.64 3 - 2
    1.16194 0.5 5
    1.33458 0.5 3
  1.69633 9 + 5
    0.79064 0.039218 11
    0.896755 0.013369 7
    1.21827 0.891261 5
    1.39091 0.009804 3
    1.51455 0.046348 2
  1.73 1 - 2
    1.37476 0.5 4
    1.73 0.5 0
  1.7779 5 + 1
    1.42266 1 4
  1.78415 17 + 2
    0.175145 0.061738 28
    0.890745 0.938262 9
  1.78949 7 - 5
    0.18549 0.789876 25
    0.989915 0.045809 7
    1.31143 0.126396 5
    1.60771 0.022119 2
    1.63217 0.0158 1
  1.82059 3 - 5
    0.9149 0.324504 11
    1.02101 0.125502 7
    1.34253 0.108201 5
    1.63881 0.432706 2
    1.66327 0.009087 1
  1.843 13 - 1
    0.23705 1 26
  1.84533 5 + 2
    0.37452 0.5464 21
    0.78733 0.4536 16
  1.9114 7 + 3
    1.11183 0.2025 7
    1.43334 0.6135 5
    1.72962 0.184 2
  1.935 9 - 2
    1.57976 0.5 4
    1.75322 0.5 2
  1.96 3 + 2
    1.77822 0.5 2
    1.96 0.5 0
  1.997 1 - 2
    1.64176 0.5 4
    1.997 0.5 0
  2.009 5 + 2
    1.70358 0.5 3
    1.85168 0.5 1
  2.038 7 - 2
    1.73258 0.5 3
    1.88068 0.5 1
  2.075 3 + 2
    1.89322 0.5 2
    2.075 0.5 0
  2.087 5 - 2
    1.90522 0.5 2
    2.087 0.5 0
  2.113 9 + 2
    1.63494 0.5 5
    1.95568 0.5 1
  2.146 1 - 2
    1.79076 0.5 4
    2.146 0.5 0
  2.166 7 + 2
    1.81076 0.5 4
    1.98422 0.5 2
  2.188 3 - 2
    1.70994 0.5 5
    1.88258 0.5 3
  2.225 5 + 2
    1.91958 0.5 3
    2.06768 0.5 1
  2.242 11 - 2
    1.39065 0.5 8
    2.08468 0.5 1
  2.292 9 + 2
    1.81394 0.5 5
    2.13468 0.5 1
  2.328 7 - 2
    2.02258 0.5 3
    2.17068 0.5 1
  2.352 3 + 2
    2.17022 0.5 2
    2.352 0.5 0
  2.361 5 - 2
    2.17922 0.5 2
    2.361 0.5 0
  2.3867 17 - 1
    0.78075 1 26
  2.455 1 + 2
    1.97694 0.5 5
    2.14958 0.5 3
  2.492 3 + 2
    2.31022 0.5 2
    2.492 0.5 0
  2.521 5 - 2
    2.33922 0.5 2
    2.521 0.5 0
  2.577 7 + 2
    2.22176 0.5 4
    2.39522 0.5 2
  2.5863 19 + 1
    0.802155 1 33
  2.6538 9 - 1
    0.869655 1 33
  2.6718 17 - 2
    0.2851 0.2331 56
    1.06585 0.7669 26
  2.781 21 + 1
    0.996855 1 33
  2.7851 17 - 1
    0.3984 1 56
  2.9312 19 - 3
    0.1461 0.191504 65
    0.2594 0.045981 63
    0.5445 0.762515 56
  3.1195 21 - 3
    0.1883 0.859483 66
    0.4477 0.01062 63
    0.7328 0.129897 56
  3.2477 21 - 1
    0.861 1 56
  3.4251 23 - 4
    0.1774 0.02678 68
    0.3056 0.875009 67
    0.4939 0.01211 66
    0.6441 0.086101 64
  3.5305 23 - 3
    0.2828 0.067763 68
    0.411 0.379015 67
    0.7495 0.553222 64
  3.7442 25 - 3
    0.2137 0.24799 70
    0.3191 0.731071 69
    0.6247 0.020939 67
  3.7633 23 - 1
    0.5156 1 68
  3.8742 25 + 1
    1.0932 1 64
  3.89 23 + 1
    1.109 1 64
  3.9308 25 - 3
    0.4003 0.3536 70
    0.5057 0.4402 69
    0.8113 0.2062 67
  3.9942 25 - 1
    0.7465 1 68
  4.0717 25 - 1
    0.3084 1 72
  4.2366 27 - 3
    0.3058 0.054115 75
    0.4924 0.644258 71
    0.8115 0.301627 69
  4.3035 27 - 3
    0.3727 0.5255 75
    0.5593 0.2245 71
    0.773 0.25 70
  4.3844 25 + 2
    0.9593 0.5 69
    1.6034 0.5 64
  4.571 5 + 2
    0.5768 0.5 76
    1.1459 0.5 69
  4.6096 29 - 3
    0.306101 0.2731 79
    0.373001 0.4448 78
    0.865401 0.2821 71
  4.7734 27 + 4
    0.2024 0.166117 81
    0.389 0.335334 80
    0.7792 0.249325 76
    1.0292 0.249225 71
  4.8012 29 - 4
    0.191599 0.025088 82
    0.4977 0.309572 79
    0.5646 0.475557 78
    0.8704 0.189783 75
  4.825 27 + 1
    0.935 1 74
  4.9799 29 + 1
    1.1057 1 73
  5.1967 29 + 3
    0.423301 0.728585 83
    0.812301 0.180996 80
    1.3225 0.090418 73
  5.2304 31 - 4
    0.4292 0.473181 84
    0.620799 0.056538 82
    0.9269 0.319787 79
    0.9938 0.150494 78
  5.2345 31 - 1
    0.624899 1 82
  5.6271 31 + 2
    0.430399 0.7258 87
    0.8537 0.2742 83
  5.7281 33 - 3
    0.4977 0.4772 88
    0.9269 0.2852 84
    1.1185 0.2376 82
  5.8463 33 - 2
    1.0451 0.1667 84
    1.2367 0.8333 82
  5.8815 31 + 1
    1.0565 1 85
  6.0828 33 + 1
    1.1029 1 86
  6.1169 33 + 2
    0.4898 0.7255 90
    0.920199 0.2745 87
  6.3096 35 - 3
    0.4633 0.143414 92
    0.5815 0.286029 91
    1.0792 0.570557 88
  6.6331 35 + 4
    0.516201 0.302394 95
    0.550301 0.099218 94
    0.751601 0.449991 93
    1.006 0.148397 90
  6.7064 35 + 2
    0.5895 0.5007 95
    1.0793 0.4993 90
  6.8825 37 - 2
    0.5729 0.4325 96
    1.1544 0.5675 91
  6.9942 37 - 1
    1.1479 1 92
  7.2104 37 + 3
    0.504 0.223378 98
    0.577299 0.259374 97
    1.0935 0.517248 95
  7.2133 37 + 1
    1.1305 1 94
  7.536 39 - 1
    1.2264 1 96
  7.8403 39 + 2
    0.6299 0.3755 101
    1.2072 0.6245 97
  8.161 41 - 2
    0.625 0.5006 103
    1.2785 0.4994 99
  8.2876 41 - 1
    1.2934 1 100
  8.3924 41 + 3
    0.552101 0.2991 104
    1.1791 0.0666 102
    1.182 0.6343 101
  8.926 43 - 1
    1.39 1 103
  9.0669 43 + 2
    0.6745 0.4157 107
    1.2266 0.5843 104
  9.4645 45 - 1
    1.3035 1 105
  9.5076 45 - 1
    1.22 1 106
  9.6476 45 + 2
    0.580699 0.334 109
    1.2552 0.666 107
  10.2199 47 - 1
    1.2939 1 108
  10.4141 47 + 2
    0.7665 0.4656 112
    1.3472 0.5344 109
  10.6899 49 - 2
    0.47 0.4165 113
    1.2254 0.5835 110
  11.0297 49 + 2
    0.6156 0.5006 114
    1.3821 0.4994 112
  11.3 3 + 2
    11.1182 0.5 2
    11.3 0.5 0
  11.597 5 + 2
    11.2916 0.5 3
    11.4397 0.5 1
  11.607 3 + 2
    11.4252 0.5 2
    11.607 0.5 0
  11.839 5 + 2
    11.5336 0.5 3
    11.6817 0.5 1
  11.933 7 + 2
    11.5778 0.5 4
    11.7512 0.5 2
  12.1276 53 - 1
    1.4377 1 115
  12.3821 53 + 1
    1.3524 1 116
  13.7563 57 + 1
    1.3742 1 123
  13.8336 57 - 1
    1.706 1 122
  15.4072 61 + 1
    1.6509 1 124
  17.2343 65 + 1
    1.8271 1 126

45 102 113
  0 4 - 0
  0.04194 4 - 1
    0.04194 1 0
  0.076 6 - 1
    0.076 1 0
  0.105216 6 + 2
    0.063276 0.3048 1
    0.105216 0.6952 0
  0.123751 6 - 2
    0.081811 0.2263 1
    0.123751 0.7737 0
  0.14073 12 + 1
    0.09879 1 1
  0.15446 10 + 1
    0.01373 1 5
  0.156494 2 + 2
    0.051278 0.979829 3
    0.156494 0.020171 0
  0.17868 6 + 2
    0.054929 0.000171 4
    0.13674 0.999829 1
  0.206875 2 + 4
    0.028195 0.869971 8
    0.101659 0.116609 3
    0.164935 0.008471 1
    0.206875 0.004949 0
  0.20874 6 + 2
    0.1668 0.7887 1
    0.20874 0.2113 0
  0.24227 14 + 1
    0.10154 1 5
  0.25957 2 - 1
    0.103076 1 7
  0.26384 10 + 1
    0.08516 1 8
  0.29154 4 - 3
    0.167789 0.2533 4
    0.2496 0.235 1
    0.29154 0.5117 0
  0.29729 14 + 1
    0.15656 1 5
  0.30222 6 - 4
    0.095345 0.883 9
    0.145726 0.02983 7
    0.26028 0.05145 1
    0.30222 0.03572 0
  0.30589 4 + 1
    0.182139 1 4
  0.34577 4 + 2
    0.13703 0.921363 10
    0.30383 0.078637 1
  0.3591 10 + 1
    0.20464 1 6
  0.362205 2 - 1
    0.102635 1 12
  0.3648 4 + 3
    0.18612 0.098545 8
    0.208306 0.283586 7
    0.259584 0.617869 3
  0.37861 12 + 4
    0.08132 0.368137 15
    0.13634 0.164016 11
    0.22415 0.212821 6
    0.23788 0.255026 5
  0.38 6 - 2
    0.256249 0.5 4
    0.304 0.5 2
  0.39939 14 + 1
    0.13555 1 13
  0.40991 6 + 2
    0.10769 0.3085 16
    0.304694 0.6915 3
  0.42752 2 - 1
    0.21878 1 10
  0.43148 10 - 2
    0.224605 0.990376 9
    0.274986 0.009624 7
  0.44936 4 - 4
    0.14714 0.133013 16
    0.27068 0.306831 8
    0.292866 0.216822 7
    0.344144 0.343334 3
  0.4506 6 - 1
    0.19103 1 12
  0.47434 10 + 2
    0.10954 0.993589 21
    0.21477 0.006411 12
  0.47685 14 + 3
    0.114645 0.3186 20
    0.21301 0.5191 13
    0.23458 0.1623 11
  0.491 6 - 2
    0.367249 0.5 4
    0.415 0.5 2
  0.5251 4 - 1
    0.318225 1 9
  0.54214 6 + 1
    0.23625 1 17
  0.54355 6 - 1
    0.419799 1 4
  0.54589 4 - 2
    0.24367 0.3115 16
    0.440674 0.6885 3
  0.56965 14 + 1
    0.42892 1 5
  0.57593 2 + 1
    0.14841 1 26
  0.59894 10 - 2
    0.23414 0.3643 21
    0.236735 0.6357 20
  0.60138 4 + 1
    0.394505 1 9
  0.6157 18 - 2
    0.21631 0.5366 24
    0.31841 0.4634 15
  0.6325 10 - 1
    0.36866 1 13
  0.64582 6 + 1
    0.3436 1 16
  0.68279 12 - 6
    0.20594 0.094163 31
    0.2834 0.037691 24
    0.30418 0.423513 22
    0.3855 0.065782 15
    0.44052 0.080042 11
    0.52833 0.298809 6
  0.70825 16 + 4
    0.1386 0.072926 37
    0.2314 0.269822 31
    0.41096 0.198216 15
    0.56752 0.459037 5
  0.73075 14 - 4
    0.04796 0.792868 44
    0.35214 0.103696 22
    0.43346 0.062098 15
    0.59002 0.041338 5
  0.7608 16 - 2
    0.03005 0.7535 46
    0.46351 0.2465 15
  0.84587 16 + 2
    0.27622 0.8358 37
    0.54858 0.1642 15
  0.90714 18 - 1
    0.14634 1 47
  1.04234 18 + 4
    0.19647 0.158416 48
    0.33409 0.347535 45
    0.42664 0.108111 41
    0.74505 0.385939 15
  1.1867 18 + 1
    0.88941 1 15
  1.2 8 - 2
    1.15806 0.5 1
    1.2 0.5 0
  1.2702 20 - 2
    0.36306 0.961762 49
    0.5094 0.038238 47
  1.57635 22 - 2
    0.30615 0.8292 53
    0.66921 0.1708 49
  1.59869 20 + 2
    0.55635 0.8003 50
    0.75282 0.1997 48
  1.67 8 - 2
    1.62806 0.5 1
    1.67 0.5 0
  1.84 8 - 2
    1.79806 0.5 1
    1.84 0.5 0
  2.03849 24 - 2
    0.46214 0.8271 54
    0.76829 0.1729 53
  2.1659 22 + 1
    0.9792 1 51
  2.35757 24 + 1
    0.75888 1 55
  2.47665 26 - 2
    0.43816 0.5015 58
    0.9003 0.4985 54
  2.96506 28 - 2
    0.48841 0.7527 61
    0.92657 0.2473 58
  3.26628 28 + 1
    0.90871 1 60
  3.49402 30 - 2
    0.52896 0.6069 62
    1.01737 0.3931 61
  3.5051 26 + 2
    1.14753 0.5001 60
    1.46661 0.4999 58
  3.5388 26 + 2
    1.18123 0.6667 60
    1.3729 0.3333 59
  3.83172 28 + 3
    0.29292 0.514679 66
    0.32662 0.030739 65
    1.35507 0.454582 61
  3.9178 28 + 2
    0.4127 0.4031 65
    1.44115 0.5969 61
  4.02242 32 - 2
    0.5284 0.6132 64
    1.05736 0.3868 62
  4.1577 30 + 1
    0.325981 1 67
  4.1982 8 - 1
    0.93192 1 63
  4.2641 30 + 4
    0.3463 0.366185 68
    0.43238 0.091066 67
    0.759 0.090566 65
    1.29904 0.452182 62
  4.31259 32 + 1
    1.04631 1 63
  4.589 32 + 2
    0.431299 0.917846 70
    0.75728 0.082154 67
  4.62593 34 - 2
    0.60351 0.5688 69
    1.13191 0.4312 64
  4.6371 32 + 4
    0.373 0.476052 72
    0.4389 0.263874 71
    0.479399 0.156384 70
    1.14308 0.10369 64
  5.002 34 + 2
    0.413 0.8483 74
    0.844299 0.1517 70
  5.0637 34 + 2
    0.4266 0.8774 76
    0.4747 0.1226 74
  5.23263 36 - 2
    0.6067 0.5994 75
    1.21021 0.4006 69
  5.4609 36 + 1
    1.14831 1 73
  5.5389 36 + 3
    0.4752 0.4173 78
    0.5369 0.4166 77
    0.9018 0.1661 76
  5.5655 36 + 3
    0.5018 0.251913 78
    0.5635 0.662233 77
    0.9765 0.085854 74
  5.92675 38 - 2
    0.69412 0.237 79
    1.30082 0.763 75
  6.0241 38 + 2
    0.4852 0.7882 81
    1.0221 0.2118 77
  6.0889 38 + 2
    0.5234 0.5997 82
    1.0869 0.4003 77
  6.5134 40 - 2
    0.58665 0.5472 83
    1.28077 0.4528 79
  6.6154 40 + 4
    0.5265 0.195016 85
    0.5913 0.442835 84
    1.0499 0.083927 82
    1.0765 0.278222 81
  6.687 40 + 1
    1.2261 1 80
  7.1757 42 + 2
    0.560301 0.6417 87
    1.1516 0.3583 84
  7.3092 42 - 2
    0.795801 0.5131 86
    1.38245 0.4869 83
  7.7978 44 - 1
    1.2844 1 86
  7.8446 44 + 2
    0.6689 0.614 89
    1.2292 0.386 87
  7.9913 44 + 1
    1.3043 1 88
  8.4831 46 + 2
    0.638499 0.4017 92
    1.3074 0.5983 89
  8.6941 46 - 1
    1.3849 1 90
  8.7223 8 - 1
    0.731001 1 93
  9.1098 48 - 2
    0.4157 0.2872 95
    1.312 0.7128 91
  9.2491 48 + 2
    0.766 0.4768 94
    1.4045 0.5232 92
  9.3797 48 + 1
    1.3884 1 93
  9.8162 50 + 1
    1.3331 1 94
  10.1691 50 - 1
    1.475 1 95
  10.4828 52 - 1
    1.373 1 97
  10.665 52 + 1
    1.4159 1 98
  10.8317 52 + 1
    1.452 1 99
  11.1997 54 + 1
    1.3835 1 100
  11.6941 54 - 1
    1.525 1 101
  12.1268 56 - 1
    1.644 1 102
  12.1602 56 + 1
    1.4952 1 103
  12.6093 58 + 2
    0.4491 0.287 108
    1.4096 0.713 105
  13.2891 58 - 1
    1.595 1 106
  14.1683 62 + 1
    1.559 1 109
  15.9783 66 + 1
    1.81 1 111

45 103 215
  0 1 - 0
  0.039753 7 + 1
    0.039753 1 0
  0.093036 9 + 1
    0.053283 1 1
  0.294965 3 - 1
    0.294965 1 0
  0.357396 5 - 3
    0.062431 0.096308 3
    0.317643 0.000608 1
    0.357396 0.903084 0
  0.53684 5 + 3
    0.241875 0.000166 3
    0.443804 0.003666 2
    0.497087 0.996168 1
  0.607409 9 - 2
    0.514373 0.7519 2
    0.567656 0.2481 1
  0.650064 5 + 5
    0.042655 0.015229 6
    0.113224 0.000671 5
    0.292668 0.000172 4
    0.557028 0.125491 2
    0.610311 0.858437 1
  0.651716 3 + 3
    0.114876 0.079177 5
    0.611963 0.919264 1
    0.651716 0.001559 0
  0.65776 11 + 2
    0.564724 0.8773 2
    0.618007 0.1227 1
  0.78115 9 + 2
    0.688114 0.6098 2
    0.741397 0.3902 1
  0.80316 1 - 3
    0.445764 0.046586 4
    0.508195 0.291974 3
    0.80316 0.66144 0
  0.82145 13 + 2
    0.16369 0.0612 9
    0.728414 0.9388 2
  0.84759 7 - 2
    0.490194 0.7754 4
    0.552625 0.2246 3
  0.88046 5 - 3
    0.523064 0.4979 4
    0.585495 0.383 3
    0.88046 0.1191 0
  0.9032 11 + 2
    0.810164 0.5 2
    0.863447 0.5 1
  0.92009 9 - 2
    0.0725 0.1289 13
    0.562694 0.8711 4
  1.07831 5 + 4
    0.428246 0.441844 7
    0.54147 0.211421 5
    0.720914 0.188719 4
    0.985274 0.158016 2
  1.10686 5 - 3
    0.499451 0.144014 6
    0.749464 0.512651 4
    0.811895 0.343334 3
  1.1358 3 - 2
    0.840835 0.900973 3
    1.1358 0.099027 0
  1.2521 5 - 2
    0.602036 0.329 7
    1.21235 0.671 1
  1.2565 3 + 2
    0.604784 0.8407 8
    0.961535 0.1593 3
  1.27717 3 - 4
    0.47401 0.066009 11
    0.919774 0.073009 4
    0.982205 0.131397 3
    1.27717 0.729585 0
  1.29399 3 + 3
    0.936594 0.1802 4
    0.999025 0.4505 3
    1.29399 0.3693 0
  1.327 9 + 1
    1.28725 1 1
  1.3447 9 + 2
    0.68694 0.329 9
    0.80786 0.671 5
  1.3495 13 + 4
    0.4463 0.25 15
    0.52805 0.25 12
    0.69174 0.25 9
    1.25646 0.25 2
  1.404 7 + 1
    1.0466 1 4
  1.41093 5 - 2
    1.37118 0.5 1
    1.41093 0.5 0
  1.41578 5 - 4
    0.56819 0.290129 13
    0.765716 0.140214 7
    1.12082 0.131513 3
    1.41578 0.438144 0
  1.4205 3 + 1
    0.54004 1 14
  1.4287 9 - 1
    1.0713 1 4
  1.4384 3 + 2
    0.786684 0.3509 8
    1.39865 0.6491 1
  1.44363 5 + 3
    1.08623 0.2611 4
    1.14867 0.6369 3
    1.44363 0.102 0
  1.4664 7 + 2
    1.109 0.8263 4
    1.17144 0.1737 3
  1.47 7 - 2
    1.17504 0.5 3
    1.37696 0.5 2
  1.4801 9 - 1
    1.44035 1 1
  1.48236 3 - 5
    0.6792 0.1362 11
    0.94552 0.1447 5
    1.12496 0.4385 4
    1.18739 0.1359 3
    1.48236 0.1447 0
  1.4916 5 - 2
    1.1342 0.2481 4
    1.19664 0.7519 3
  1.5156 1 - 1
    1.1582 1 4
  1.5247 15 + 2
    0.70325 0.6454 12
    0.86694 0.3546 9
  1.5305 9 + 2
    0.99366 0.5989 5
    1.49075 0.4011 1
  1.5799 7 - 2
    0.928184 0.2308 8
    1.54015 0.7692 1
  1.5997 1 - 1
    0.949636 1 7
  1.605 7 + 2
    1.2476 0.4505 4
    1.31004 0.5495 3
  1.6111 1 - 1
    0.76351 1 13
  1.614 11 + 2
    1.00659 0.5 6
    1.57425 0.5 1
  1.626 7 - 2
    1.33103 0.5 3
    1.53296 0.5 2
  1.63767 13 - 1
    0.71758 1 16
  1.65 1 + 2
    1.11316 0.5 5
    1.35503 0.5 3
  1.6852 7 + 2
    1.3278 0.5587 4
    1.39024 0.4413 3
  1.70611 3 - 1
    1.34871 1 4
  1.71221 11 + 2
    1.61917 0.5405 2
    1.71221 0.4595 0
  1.7174 17 + 2
    0.1927 0.068828 40
    0.89595 0.931172 12
  1.7315 7 - 2
    1.08144 0.4898 7
    1.69175 0.5102 1
  1.774 3 - 2
    1.23716 0.5 5
    1.47904 0.5 3
  1.778 5 + 1
    1.12628 1 8
  1.812 1 - 2
    1.4546 0.5 4
    1.812 0.5 0
  1.8422 7 + 1
    1.54724 1 3
  1.8516 15 + 4
    0.3269 0.25 40
    0.5021 0.25 26
    0.9484 0.25 15
    1.03015 0.25 12
  1.861 3 - 2
    1.32416 0.5 5
    1.56604 0.5 3
  1.901 5 - 2
    1.86125 0.5 1
    1.901 0.5 0
  1.923 11 + 2
    1.31559 0.5 6
    1.88325 0.5 1
  1.943 1 - 2
    1.5856 0.5 4
    1.943 0.5 0
  1.9682 5 + 1
    1.9682 1 0
  1.97345 3 - 2
    1.43661 0.5 5
    1.67849 0.5 3
  1.9779 7 + 1
    1.68294 1 3
  1.986 5 - 2
    1.94625 0.5 1
    1.986 0.5 0
  1.997 3 + 2
    1.95725 0.5 1
    1.997 0.5 0
  1.9993 7 - 2
    1.6419 0.5587 4
    1.9993 0.4413 0
  2.001 1 + 2
    1.46416 0.5 5
    1.70603 0.5 3
  2.0087 11 - 2
    1.71374 0.6803 3
    2.0087 0.3197 0
  2.034 5 + 2
    1.73903 0.5 3
    1.94096 0.5 2
  2.0405 3 - 1
    1.16004 1 14
  2.049 7 + 2
    1.6916 0.5 4
    2.00925 0.5 1
  2.0588 9 - 1
    1.40874 1 7
  2.065 5 + 2
    1.77004 0.5 3
    1.97196 0.5 2
  2.071 1 - 2
    1.7136 0.5 4
    2.071 0.5 0
  2.075 3 + 2
    2.03525 0.5 1
    2.075 0.5 0
  2.089 7 - 2
    1.79404 0.5 3
    1.99596 0.5 2
  2.1035 5 + 1
    2.1035 1 0
  2.128 9 - 2
    1.7706 0.5 4
    2.08825 0.5 1
  2.1364 3 + 1
    1.779 1 4
  2.146 19 - 1
    0.4286 1 53
  2.155 7 + 2
    1.7976 0.5 4
    2.11525 0.5 1
  2.163 11 - 2
    1.38185 0.5 10
    2.06996 0.5 2
  2.196 5 + 2
    1.90104 0.5 3
    2.10296 0.5 2
  2.2212 15 - 2
    0.58353 0.5163 48
    1.39975 0.4837 12
  2.2346 1 + 2
    1.58288 0.4012 8
    1.69776 0.5988 5
  2.29 3 - 2
    1.75316 0.5 5
    1.99504 0.5 3
  2.306 9 + 2
    1.76916 0.5 5
    2.21296 0.5 2
  2.319 5 - 2
    2.27925 0.5 1
    2.319 0.5 0
  2.3454 17 - 3
    0.1242 0.321716 87
    0.70773 0.58993 48
    0.8207 0.088354 40
  2.352 7 + 2
    1.9946 0.5 4
    2.31225 0.5 1
  2.362 3 + 2
    2.32225 0.5 1
    2.362 0.5 0
  2.4184 17 - 1
    0.78073 1 48
  2.42655 17 + 4
    0.57495 0.25 59
    0.70915 0.25 53
    0.90185 0.25 40
    1.07705 0.25 26
  2.434 5 - 2
    2.39425 0.5 1
    2.434 0.5 0
  2.468 1 + 2
    1.93116 0.5 5
    2.17304 0.5 3
  2.478 7 - 2
    2.18304 0.5 3
    2.38496 0.5 2
  2.516 3 + 2
    2.47625 0.5 1
    2.516 0.5 0
  2.5226 17 - 2
    0.3014 0.7902 87
    0.88493 0.2098 48
  2.526 19 + 2
    0.8086 0.6581 53
    1.0013 0.3419 40
  2.5406 19 - 3
    0.1222 0.099313 95
    0.1952 0.875226 92
    0.3194 0.025461 87
  2.544 5 + 2
    2.24904 0.5 3
    2.45096 0.5 2
  2.585 9 - 2
    2.2276 0.5 4
    2.54525 0.5 1
  2.594 7 + 2
    2.2366 0.5 4
    2.55425 0.5 1
  2.604 3 - 2
    2.06716 0.5 5
    2.30904 0.5 3
  2.62 5 + 2
    2.32504 0.5 3
    2.52696 0.5 2
  2.645 1 - 2
    2.2876 0.5 4
    2.645 0.5 0
  2.666 11 + 2
    2.05859 0.5 6
    2.62625 0.5 1
  2.68 7 - 2
    2.38504 0.5 3
    2.58696 0.5 2
  2.695 3 + 2
    2.65525 0.5 1
    2.695 0.5 0
  2.698 5 - 2
    2.65825 0.5 1
    2.698 0.5 0
  2.7027 19 - 2
    0.1801 0.1745 101
    0.3573 0.8255 92
  2.706 9 + 2
    2.16916 0.5 5
    2.61296 0.5 2
  2.7398 21 + 2
    0.2138 0.1274 102
    1.0224 0.8726 53
  2.747 13 - 2
    2.08924 0.5 9
    2.13959 0.5 6
  2.7534 21 - 2
    0.2128 0.98757 103
    0.408 0.01243 92
  2.762 3 + 2
    2.72225 0.5 1
    2.762 0.5 0
  2.801 5 + 2
    2.50604 0.5 3
    2.70796 0.5 2
  2.854 7 - 2
    2.55904 0.5 3
    2.76096 0.5 2
  2.866 1 + 2
    2.32916 0.5 5
    2.57104 0.5 3
  2.8833 19 + 3
    0.45675 0.333333 96
    1.0317 0.333333 59
    1.1659 0.333333 53
  2.911 5 - 2
    2.87125 0.5 1
    2.911 0.5 0
  2.919 3 - 2
    2.38216 0.5 5
    2.62404 0.5 3
  2.9211 21 - 1
    0.2184 1 114
  2.923 7 + 2
    2.5656 0.5 4
    2.88325 0.5 1
  2.9368 21 + 1
    0.2341 1 114
  2.944 9 - 2
    2.5866 0.5 4
    2.90425 0.5 1
  2.956 5 + 2
    2.66104 0.5 3
    2.86296 0.5 2
  2.96 3 - 2
    2.42316 0.5 5
    2.66504 0.5 3
  2.966 7 + 2
    2.6086 0.5 4
    2.92625 0.5 1
  2.991 1 - 2
    2.6336 0.5 4
    2.991 0.5 0
  3.0141 23 - 2
    0.2607 0.8643 118
    0.4735 0.1357 103
  3.028 5 + 2
    2.73304 0.5 3
    2.93496 0.5 2
  3.056 9 + 2
    2.51916 0.5 5
    2.96296 0.5 2
  3.082 3 - 2
    2.54516 0.5 5
    2.78703 0.5 3
  3.108 11 + 2
    2.50059 0.5 6
    3.06825 0.5 1
  3.114 7 - 2
    2.81903 0.5 3
    3.02096 0.5 2
  3.138 5 + 2
    2.84303 0.5 3
    3.04496 0.5 2
  3.153 3 - 2
    2.61616 0.5 5
    2.85804 0.5 3
  3.165 1 + 2
    2.62816 0.5 5
    2.87004 0.5 3
  3.201 9 - 2
    2.8436 0.5 4
    3.16125 0.5 1
  3.2142 21 - 1
    0.7958 1 95
  3.219 21 + 2
    0.4792 0.174 116
    0.693 0.826 102
  3.223 7 + 2
    2.8656 0.5 4
    3.18325 0.5 1
  3.231 23 - 1
    0.3099 1 126
  3.242 5 + 2
    2.94704 0.5 3
    3.14896 0.5 2
  3.2767 23 - 1
    0.3399 1 128
  3.288 3 + 2
    3.24825 0.5 1
    3.288 0.5 0
  3.296 5 - 2
    3.25625 0.5 1
    3.296 0.5 0
  3.315 7 + 2
    2.9576 0.5 4
    3.27525 0.5 1
  3.3299 25 - 1
    0.3158 1 134
  3.3346 3 + 2
    3.29485 0.5 1
    3.3346 0.5 0
  3.339 1 - 2
    2.9816 0.5 4
    3.339 0.5 0
  3.345 9 + 2
    2.80816 0.5 5
    3.25196 0.5 2
  3.358 5 - 2
    3.31825 0.5 1
    3.358 0.5 0
  3.3991 23 + 3
    0.1801 0.5236 145
    0.6593 0.2899 116
    0.8731 0.1865 102
  3.401 7 - 2
    3.10603 0.5 3
    3.30796 0.5 2
  3.411 3 + 2
    3.37125 0.5 1
    3.411 0.5 0
  3.435 11 - 2
    2.65385 0.5 10
    3.34196 0.5 2
  3.44 5 + 2
    3.14504 0.5 3
    3.34696 0.5 2
  3.449 1 - 2
    3.0916 0.5 4
    3.449 0.5 0
  3.462 7 + 2
    3.1046 0.5 4
    3.42225 0.5 1
  3.4882 21 + 2
    0.6049 0.5 123
    1.06165 0.5 96
  3.521 3 - 2
    2.98416 0.5 5
    3.22603 0.5 3
  3.531 9 - 2
    3.1736 0.5 4
    3.49125 0.5 1
  3.535 5 + 2
    3.24004 0.5 3
    3.44196 0.5 2
  3.557 7 - 2
    3.26204 0.5 3
    3.46396 0.5 2
  3.573 3 + 2
    3.53325 0.5 1
    3.573 0.5 0
  3.589 5 - 2
    3.54925 0.5 1
    3.589 0.5 0
  3.6 1 + 2
    3.06316 0.5 5
    3.30504 0.5 3
  3.613 9 - 2
    3.2556 0.5 4
    3.57325 0.5 1
  3.617 11 + 2
    3.00959 0.5 6
    3.57725 0.5 1
  3.6185 25 - 1
    0.3418 1 149
  3.6332 25 + 2
    0.2341 0.6782 158
    0.8934 0.3218 116
  3.652 3 - 2
    3.11516 0.5 5
    3.35704 0.5 3
  3.66 7 + 2
    3.3026 0.5 4
    3.62025 0.5 1
  3.6728 25 - 1
    0.4418 1 147
  3.691 5 + 2
    3.39603 0.5 3
    3.59796 0.5 2
  3.708 3 - 2
    3.17116 0.5 5
    3.41304 0.5 3
  3.728 5 + 2
    3.43304 0.5 3
    3.63496 0.5 2
  3.7709 27 - 2
    0.441 0.7945 153
    0.7568 0.2055 134
  3.773 7 + 2
    3.4156 0.5 4
    3.73325 0.5 1
  3.79 9 - 2
    3.4326 0.5 4
    3.75025 0.5 1
  3.798 1 + 2
    3.26116 0.5 5
    3.50304 0.5 3
  3.82 5 - 2
    3.78025 0.5 1
    3.82 0.5 0
  3.831 3 + 2
    3.79125 0.5 1
    3.831 0.5 0
  3.8707 25 + 1
    1.1309 1 116
  3.89 7 - 2
    3.59504 0.5 3
    3.79696 0.5 2
  3.904 5 - 2
    3.86425 0.5 1
    3.904 0.5 0
  3.916 9 + 2
    3.37916 0.5 5
    3.82296 0.5 2
  3.936 3 - 2
    3.39916 0.5 5
    3.64104 0.5 3
  3.9418 27 + 1
    0.3086 1 176
  3.944 1 - 2
    3.5866 0.5 4
    3.944 0.5 0
  3.977 7 + 2
    3.6196 0.5 4
    3.93725 0.5 1
  4.0391 25 - 1
    0.8249 1 144
  4.324 29 + 1
    0.3822 1 194
  4.3388 29 - 1
    0.5679 1 183
  4.4877 27 + 3
    0.617 0.333333 189
    0.8545 0.333333 176
    1.0886 0.333333 158
  4.7091 31 + 2
    0.3851 0.8208 198
    0.7673 0.1792 194
  4.8319 29 + 4
    0.3442 0.25 200
    0.8901 0.25 194
    0.9612 0.25 189
    1.1987 0.25 176
  5.0525 29 + 1
    1.1818 1 189
  5.2003 33 + 2
    0.4912 0.901264 201
    0.8763 0.098736 198
  5.2087 31 + 3
    0.376801 0.333333 202
    0.721001 0.333333 200
    0.884701 0.333333 198
  5.6593 33 + 3
    0.450599 0.333333 205
    0.8274 0.333333 202
    0.9502 0.333333 201
  5.6673 35 + 2
    0.467 0.7761 204
    0.9582 0.2239 201
  6.1045 35 + 2
    0.4452 0.5 206
    0.895799 0.5 205
  6.2087 37 + 2
    0.541401 0.5 207
    1.0084 0.5 204
  6.5714 37 + 3
    0.4669 0.333333 208
    0.9041 0.333333 207
    0.9121 0.333333 206
  6.7534 39 + 2
    0.544699 0.5 209
    1.0861 0.5 207
  7.1164 39 + 2
    0.545 0.5 210
    1.0119 0.5 208
  7.3634 41 + 2
    0.61 0.5 211
    1.1547 0.5 209
  7.9989 43 + 2
    0.6355 0.5 213
    1.2455 0.5 211

45 104 181
  0 2 + 0
  0.051423 4 - 1
    0.051423 1 0
  0.0971 4 + 1
    0.0971 1 0
  0.128968 10 + 2
    0.031868 0.0383 2
    0.077545 0.9617 1
  0.175238 12 + 1
    0.04627 1 3
  0.18084 2 + 3
    0.08374 0.046519 2
    0.129417 0.0121 1
    0.18084 0.941381 0
  0.186041 2 - 3
    0.088941 0.016039 2
    0.134618 0.798568 1
    0.186041 0.185393 0
  0.197894 4 + 2
    0.100794 0.949981 2
    0.197894 0.050019 0
  0.213061 2 + 4
    0.032221 0.539434 5
    0.115961 0.006236 2
    0.161638 0.177311 1
    0.213061 0.277018 0
  0.224419 4 + 2
    0.043579 0.083118 5
    0.127319 0.916882 2
  0.266769 2 - 5
    0.080728 0.101405 6
    0.085929 0.032722 5
    0.169669 0.001732 2
    0.215346 0.583328 1
    0.266769 0.280814 0
  0.269271 4 - 3
    0.088431 0.003336 5
    0.172171 0.044532 2
    0.217848 0.952132 1
  0.3298 4 + 3
    0.105381 0.6032 9
    0.131906 0.3665 7
    0.2327 0.0303 2
  0.344594 12 - 3
    0.169356 0.637125 4
    0.215626 0.345614 3
    0.293171 0.017261 1
  0.34961 12 + 2
    0.174372 0.2181 4
    0.220642 0.7819 3
  0.358631 2 + 3
    0.14557 6.3e-05 8
    0.177791 0.734627 5
    0.261531 0.26531 2
  0.363182 6 + 2
    0.138763 0.4126 9
    0.165288 0.5874 7
  0.380533 10 - 1
    0.035939 1 13
  0.384987 4 - 6
    0.115716 0.005835 11
    0.118218 0.162216 10
    0.198946 0.114111 6
    0.204147 0.020332 5
    0.287887 0.014341 2
    0.333564 0.683166 1
  0.39419 14 - 1
    0.049596 1 13
  0.397758 2 + 3
    0.173339 0.4467 9
    0.199864 0.3926 7
    0.397758 0.1607 0
  0.400759 4 + 5
    0.070959 0.163813 12
    0.17634 0.025122 9
    0.202865 0.472938 7
    0.219919 0.164013 5
    0.303659 0.174114 2
  0.404507 4 - 5
    0.135236 0.333777 11
    0.137738 0.242083 10
    0.218466 0.14219 6
    0.307407 0.046767 2
    0.353084 0.235184 1
  0.4069 10 + 2
    0.062306 0.5 13
    0.277932 0.5 3
  0.41624 14 + 1
    0.241002 1 4
  0.420768 6 + 5
    0.062137 0.14319 15
    0.207707 0.025128 8
    0.222874 0.052736 7
    0.323668 0.353875 2
    0.420768 0.42507 0
  0.426365 4 - 7
    0.157094 0.391304 11
    0.159596 0.148901 10
    0.201946 0.03016 9
    0.228471 0.02249 7
    0.245525 0.01496 5
    0.329265 0.01858 2
    0.374942 0.373604 1
  0.45549 16 - 1
    0.0613 1 19
  0.459638 2 - 3
    0.246577 0.161016 8
    0.273597 0.493549 6
    0.408215 0.345435 1
  0.46589 6 - 2
    0.085357 0.985561 17
    0.121296 0.014439 13
  0.482326 4 + 5
    0.269265 0.314922 8
    0.284432 0.020131 7
    0.353358 0.129109 3
    0.385226 0.13931 2
    0.482326 0.396528 0
  0.48619 8 + 2
    0.310952 0.5 4
    0.38909 0.5 2
  0.49805 4 + 8
    0.134868 0.151995 16
    0.16825 0.209794 12
    0.231281 0.009821 10
    0.273631 0.234293 9
    0.284989 0.024879 8
    0.31721 0.298291 5
    0.40095 0.044439 2
    0.446627 0.026489 1
  0.505187 6 - 3
    0.235916 0.800668 11
    0.238418 0.082237 10
    0.280768 0.117095 9
  0.514522 4 - 5
    0.129535 0.380066 18
    0.245251 0.160986 11
    0.247753 0.274775 10
    0.290103 0.095051 9
    0.328481 0.089122 6
  0.521952 2 - 3
    0.252681 0.020989 11
    0.255183 0.045748 10
    0.470529 0.933263 1
  0.524703 2 + 8
    0.126945 0.047871 20
    0.166072 0.058601 15
    0.166072 0.048051 15
    0.326809 0.055331 7
    0.338662 0.045031 6
    0.343863 0.087502 5
    0.427603 0.544011 2
    0.47328 0.113602 1
  0.537739 2 + 6
    0.055413 0.364081 30
    0.116971 0.027149 25
    0.152752 0.005842 18
    0.324678 0.140193 8
    0.356899 0.086855 5
    0.440639 0.37588 2
  0.5523 18 - 1
    0.15811 1 19
  0.555473 8 - 3
    0.17494 0.222422 17
    0.286202 0.629263 11
    0.331054 0.148315 9
  0.5752 10 + 2
    0.230606 0.5 13
    0.446232 0.5 3
  0.577243 2 - 2
    0.391202 0.7946 6
    0.396403 0.2054 5
  0.58415 14 + 3
    0.23454 0.740293 14
    0.408912 0.086609 4
    0.455182 0.173098 3
  0.589925 4 - 1
    0.403884 1 6
  0.5924 2 - 2
    0.406359 0.5 6
    0.4953 0.5 2
  0.60426 6 - 2
    0.418219 0.5 6
    0.50716 0.5 2
  0.61371 18 - 1
    0.15822 1 27
  0.6156 8 - 2
    0.486632 0.5 3
    0.564177 0.5 1
  0.6349 8 - 2
    0.505932 0.5 3
    0.583477 0.5 1
  0.644191 2 + 7
    0.119488 0.006438 36
    0.419772 0.03753 9
    0.43113 0.091111 8
    0.463351 0.107101 5
    0.547091 0.090811 2
    0.547091 0.133502 2
    0.644191 0.533506 0
  0.646984 8 - 4
    0.122281 0.3718 36
    0.148934 0.1062 32
    0.181094 0.1302 29
    0.187346 0.3918 28
  0.649252 4 - 2
    0.379981 0.2199 11
    0.597829 0.7801 1
  0.665 6 + 2
    0.613577 0.5 1
    0.665 0.5 0
  0.695788 2 + 4
    0.158049 0.074138 37
    0.173836 0.034789 35
    0.197738 0.044499 32
    0.695788 0.846575 0
  0.70162 6 - 2
    0.515579 0.5 6
    0.60452 0.5 2
  0.71107 4 + 2
    0.498009 0.4952 8
    0.53023 0.5048 5
  0.728217 6 - 4
    0.138292 0.02065 43
    0.150974 0.1547 41
    0.347684 0.03365 17
    0.542176 0.791 6
  0.732404 4 - 2
    0.227217 0.034461 33
    0.306039 0.965539 26
  0.74998 8 + 3
    0.349221 0.246201 21
    0.480709 0.747104 11
    0.56914 0.006695 5
  0.78732 4 + 6
    0.424138 0.04399 16
    0.562901 0.1145 9
    0.574259 0.2141 8
    0.589426 0.08612 7
    0.60648 0.04429 5
    0.78732 0.497 0
  0.790504 4 + 7
    0.200579 0.041501 43
    0.275982 0.028711 34
    0.392746 0.023811 20
    0.431873 0.155705 15
    0.609664 0.261208 5
    0.693404 0.081552 2
    0.790504 0.407512 0
  0.79326 8 - 2
    0.664292 0.5 3
    0.741837 0.5 1
  0.8016 2 - 5
    0.152348 0.063928 51
    0.211675 0.117996 43
    0.287078 0.368089 34
    0.296413 0.256292 33
    0.341962 0.193694 28
  0.808554 4 - 3
    0.112766 0.343766 53
    0.342664 0.271873 29
    0.622513 0.384362 6
  0.81463 2 - 2
    0.628589 0.5 6
    0.71753 0.5 2
  0.816143 2 + 4
    0.120355 0.087655 53
    0.630102 0.106194 6
    0.635303 0.323881 5
    0.76472 0.482271 1
  0.81746 16 + 2
    0.23331 0.4633 42
    0.46785 0.5367 14
  0.822373 6 - 8
    0.24513 0.029922 41
    0.401605 0.068584 25
    0.555604 0.176111 10
    0.609312 0.057013 8
    0.641533 0.143809 5
    0.725273 0.16361 2
    0.77095 0.062534 1
    0.822373 0.298418 0
  0.826727 6 + 6
    0.288988 0.090644 37
    0.302024 0.008592 36
    0.463545 0.174389 16
    0.613666 0.245185 8
    0.645887 0.445572 5
    0.729627 0.035618 2
  0.83687 4 - 2
    0.785447 0.5 1
    0.83687 0.5 0
  0.84684 6 - 2
    0.660799 0.5 6
    0.74974 0.5 2
  0.848304 0 + 4
    0.20132 0.085891 50
    0.382414 0.559506 29
    0.467771 0.146901 17
    0.50371 0.207702 13
  0.860322 8 + 5
    0.213338 0.696807 50
    0.270397 0.04378 43
    0.362272 0.01476 32
    0.433957 0.04375 26
    0.459563 0.200902 21
  0.8645 0 - 2
    0.813077 0.5 1
    0.8645 0.5 0
  0.877014 4 - 3
    0.127034 0.1957 58
    0.352311 0.1111 36
    0.607743 0.6932 11
  0.888659 6 + 6
    0.311416 0.070431 41
    0.35092 0.04429 37
    0.406333 0.066191 30
    0.525477 0.03868 16
    0.707819 0.438504 5
    0.791559 0.341903 2
  0.8976 4 - 2
    0.846177 0.5 1
    0.8976 0.5 0
  0.9082 8 + 6
    0.175796 0.069954 57
    0.44231 0.187983 29
    0.527667 0.081923 17
    0.545018 0.176984 16
    0.5784 0.294074 12
    0.9082 0.189083 0
  0.9099 20 - 2
    0.3576 0.5 38
    0.51571 0.5 19
  0.914 8 - 2
    0.785032 0.5 3
    0.862577 0.5 1
  0.91565 4 - 2
    0.702589 0.6329 8
    0.73481 0.3671 5
  0.92432 6 - 7
    0.191916 0.016351 57
    0.228532 0.034692 53
    0.409798 0.125409 34
    0.59452 0.028692 12
    0.711259 0.379327 8
    0.872897 0.260518 1
    0.92432 0.155011 0
  0.93 10 + 2
    0.585406 0.5 13
    0.801032 0.5 3
  0.94894 2 - 2
    0.762899 0.5 6
    0.85184 0.5 2
  0.95238 12 + 8
    0.396907 0.076566 39
    0.414641 0.071346 37
    0.430428 0.085976 35
    0.45433 0.068237 32
    0.567393 0.046438 18
    0.607786 0.283886 13
    0.739319 0.091465 8
    0.85528 0.276086 2
  0.9713 20 - 2
    0.35759 0.961781 46
    0.51581 0.038219 27
  0.973 6 + 2
    0.921577 0.5 1
    0.973 0.5 0
  0.98247 6 - 2
    0.796429 0.5 6
    0.88537 0.5 2
  0.986 10 + 2
    0.641406 0.5 13
    0.857032 0.5 3
  0.9953 8 + 2
    0.820062 0.5 4
    0.8982 0.5 2
  1.0016 10 - 1
    0.58536 1 24
  1.00762 6 - 2
    0.821579 0.5 6
    0.91052 0.5 2
  1.03094 6 - 2
    0.844899 0.5 6
    0.93384 0.5 2
  1.04791 4 - 5
    0.12359 0.050576 81
    0.199606 0.12999 71
    0.533388 0.182185 34
    0.689279 0.386269 15
    0.834849 0.25098 8
  1.05029 4 - 2
    0.998867 0.5 1
    1.05029 0.5 0
  1.07282 0 - 2
    1.0214 0.5 1
    1.07282 0.5 0
  1.08194 8 + 9
    0.193281 0.005056 75
    0.37087 0.149904 55
    0.576753 0.065012 33
    0.661172 0.180604 25
    0.681181 0.140803 21
    0.718758 0.135403 16
    0.723309 0.110103 15
    0.868879 0.097512 8
    0.884046 0.115603 7
  1.08754 0 + 2
    0.901499 0.5 6
    0.99044 0.5 2
  1.09518 8 + 2
    0.919942 0.5 4
    0.99808 0.5 2
  1.1 6 + 2
    1.04858 0.5 1
    1.1 0.5 0
  1.11952 10 - 2
    0.76991 0.5 14
    0.944282 0.5 4
  1.13005 8 + 2
    0.954812 0.5 4
    1.03295 0.5 2
  1.1517 6 + 2
    1.10028 0.5 1
    1.1517 0.5 0
  1.16725 0 + 2
    0.981209 0.5 6
    1.07015 0.5 2
  1.191 10 + 2
    0.846406 0.5 13
    1.06203 0.5 3
  1.2009 6 + 1
    0.78466 1 24
  1.2107 8 + 2
    1.03546 0.5 4
    1.1136 0.5 2
  1.23045 12 + 2
    0.88084 0.5 14
    1.05521 0.5 4
  1.2382 22 - 2
    0.3283 0.5 78
    0.6859 0.5 38
  1.2446 6 + 2
    1.19318 0.5 1
    1.2446 0.5 0
  1.257 8 - 2
    1.12803 0.5 3
    1.20558 0.5 1
  1.2724 10 + 2
    0.927806 0.5 13
    1.14343 0.5 3
  1.2741 0 - 1
    0.85786 1 24
  1.28724 6 + 2
    1.23582 0.5 1
    1.28724 0.5 0
  1.2958 8 - 2
    1.16683 0.5 3
    1.24438 0.5 1
  1.2972 20 - 2
    0.7449 0.5 38
    0.90301 0.5 19
  1.3001 22 - 2
    0.3288 0.901964 85
    0.68639 0.098036 46
  1.30927 6 + 2
    1.25785 0.5 1
    1.30927 0.5 0
  1.3248 10 + 2
    0.980206 0.5 13
    1.19583 0.5 3
  1.33789 0 + 2
    1.15185 0.5 6
    1.24079 0.5 2
  1.35094 8 - 2
    1.22197 0.5 3
    1.29952 0.5 1
  1.3584 6 + 1
    0.74469 1 46
  1.3634 12 - 2
    1.01881 0.5 13
    1.23443 0.5 3
  1.38967 2 + 2
    1.33825 0.5 1
    1.38967 0.5 0
  1.409 10 - 2
    0.59154 0.7143 66
    0.82485 0.2857 42
  1.41289 8 - 2
    1.28392 0.5 3
    1.36147 0.5 1
  1.4299 6 + 2
    1.37848 0.5 1
    1.4299 0.5 0
  1.4403 4 + 2
    1.25426 0.5 6
    1.3432 0.5 2
  1.4712 2 - 2
    1.28516 0.5 6
    1.3741 0.5 2
  1.4823 6 + 2
    1.43088 0.5 1
    1.4823 0.5 0
  1.4886 8 - 2
    1.35963 0.5 3
    1.43718 0.5 1
  1.4992 0 - 2
    1.44778 0.5 1
    1.4992 0.5 0
  1.50886 4 + 2
    1.32282 0.5 6
    1.41176 0.5 2
  1.5217 10 + 2
    1.17711 0.5 13
    1.39273 0.5 3
  1.5264 2 - 2
    1.34036 0.5 6
    1.4293 0.5 2
  1.532 6 + 2
    1.48058 0.5 1
    1.532 0.5 0
  1.54563 12 - 2
    1.20104 0.5 13
    1.41666 0.5 3
  1.5684 4 + 2
    1.38236 0.5 6
    1.4713 0.5 2
  1.58613 8 - 2
    1.45716 0.5 3
    1.53471 0.5 1
  1.59693 6 + 2
    1.54551 0.5 1
    1.59693 0.5 0
  1.61267 2 - 2
    1.42663 0.5 6
    1.51557 0.5 2
  1.6324 4 + 2
    1.44636 0.5 6
    1.5353 0.5 2
  1.6491 10 - 2
    1.29949 0.5 14
    1.47386 0.5 4
  1.6511 22 - 3
    0.3539 0.333333 115
    0.7412 0.333333 78
    1.0988 0.333333 38
  1.6584 8 + 2
    1.48316 0.5 4
    1.5613 0.5 2
  1.67336 6 + 2
    1.62194 0.5 1
    1.67336 0.5 0
  1.68225 2 - 2
    1.49621 0.5 6
    1.58515 0.5 2
  1.6935 4 + 2
    1.50746 0.5 6
    1.5964 0.5 2
  1.7018 0 - 2
    1.65038 0.5 1
    1.7018 0.5 0
  1.7059 24 - 2
    0.4677 0.5 108
    0.796 0.5 78
  1.7102 6 + 2
    1.65878 0.5 1
    1.7102 0.5 0
  1.7128 8 + 1
    0.7415 1 85
  1.72699 4 - 2
    1.67557 0.5 1
    1.72699 0.5 0
  1.73811 2 + 2
    1.68669 0.5 1
    1.73811 0.5 0
  1.7481 6 - 1
    0.3897 1 121
  1.7555 10 + 2
    1.41091 0.5 13
    1.62653 0.5 3
  1.7654 4 - 2
    1.71398 0.5 1
    1.7654 0.5 0
  1.7682 24 - 2
    0.4681 0.8071 116
    0.7969 0.1929 85
  1.7754 8 + 2
    1.60016 0.5 4
    1.6783 0.5 2
  1.78429 12 + 2
    1.43468 0.5 14
    1.60905 0.5 4
  1.9062 2 - 1
    0.2551 1 143
  2.0408 24 - 4
    0.3897 0.25 143
    0.7436 0.25 115
    0.8026 0.25 108
    1.1309 0.25 78
  2.1025 6 + 1
    0.3897 1 151
  2.1343 4 + 1
    0.2281 1 160
  2.1479 8 - 1
    0.3998 1 154
  2.1809 26 - 2
    0.475 0.5 149
    0.9427 0.5 108
  2.1924 6 + 1
    0.2862 1 160
  2.2436 26 - 2
    0.4754 0.911963 157
    0.9435 0.088036 116
  2.2991 4 + 1
    0.5309 1 157
  2.4401 26 - 4
    0.3993 0.25 161
    0.7342 0.25 149
    0.789 0.25 143
    1.2019 0.25 108
  2.4456 2 + 1
    0.3113 1 163
  2.4934 10 + 1
    0.301 1 166
  2.7093 28 - 2
    0.5284 0.5 165
    1.0034 0.5 149
  2.8469 6 + 1
    0.3535 1 171
  2.904 28 - 4
    0.4639 0.25 169
    0.7231 0.25 165
    0.8632 0.25 161
    1.1981 0.25 149
  3.2995 30 - 2
    0.5902 0.5 172
    1.1186 0.5 165
  3.3898 30 - 4
    0.4858 0.25 174
    0.6805 0.25 172
    0.9497 0.25 169
    1.2089 0.25 165
  3.8702 32 - 2
    0.5707 0.5 175
    1.1609 0.5 172
  3.9452 32 - 4
    0.5554 0.25 176
    0.6457 0.25 175
    1.0412 0.25 174
    1.2359 0.25 172
  4.4745 34 - 3
    0.5293 0.333333 178
    1.0847 0.333333 176
    1.175 0.333333 175
  4.4759 34 - 2
    0.6057 0.5 177
    1.1764 0.5 175

45 105 129
  0 7 + 0
  0.129782 1 - 1
    0.129782 1 0
  0.14913 9 + 1
    0.14913 1 0
  0.39256 3 - 1
    0.262778 1 1
  0.45587 5 - 2
    0.06331 0.1195 3
    0.326088 0.8805 1
  0.4694 3 + 2
    0.339618 0.000798 1
    0.4694 0.999202 0
  0.474 9 + 1
    0.32487 1 2
  0.49936 5 + 2
    0.35023 0.1264 2
    0.49936 0.8736 0
  0.524 11 + 1
    0.524 1 0
  0.60275 11 + 2
    0.45362 0.8798 2
    0.60275 0.1202 0
  0.6387 7 + 3
    0.13934 0.064581 7
    0.48957 0.663913 2
    0.6387 0.271505 0
  0.72435 5 + 4
    0.22499 0.002635 7
    0.25495 0.001404 5
    0.57522 0.01764 2
    0.72435 0.978321 0
  0.73425 11 + 2
    0.58512 0.6853 2
    0.73425 0.3147 0
  0.76208 3 - 2
    0.36952 0.2381 3
    0.632298 0.7619 1
  0.783 3 - 2
    0.28364 0.5 7
    0.39044 0.5 3
  0.78592 1 + 4
    0.28656 0.001733 7
    0.31652 0.655478 5
    0.39336 0.220093 3
    0.656138 0.122696 1
  0.79494 13 + 2
    0.19219 0.2318 9
    0.64581 0.7682 2
  0.80598 3 + 6
    0.08163 0.004372 11
    0.30662 0.004234 7
    0.35011 0.053292 4
    0.41342 0.118704 3
    0.676198 0.817027 1
    0.80598 0.002371 0
  0.817 7 - 2
    0.42444 0.5 3
    0.66787 0.5 2
  0.83 9 + 2
    0.356 0.5 6
    0.68087 0.5 2
  0.83366 11 + 1
    0.68453 1 2
  0.84266 1 - 1
    0.3433 1 7
  0.866 5 - 2
    0.736218 0.5 1
    0.866 0.5 0
  0.86932 5 + 2
    0.41345 0.5407 4
    0.47676 0.4593 3
  0.89443 7 - 2
    0.43856 0.8405 4
    0.50187 0.1595 3
  0.924 7 - 2
    0.53144 0.5 3
    0.77487 0.5 2
  0.9695 5 + 10
    0.16352 0.041627 17
    0.18358 0.028038 15
    0.24515 0.006336 11
    0.3308 0.167688 10
    0.47014 0.045737 7
    0.5001 0.134991 5
    0.51363 0.050197 4
    0.57694 0.004656 3
    0.82037 0.003467 2
    0.9695 0.517264 0
  0.97843 9 + 1
    0.47907 1 7
  0.99891 9 - 2
    0.10448 0.008609 24
    0.54304 0.991391 4
  1.01901 7 + 4
    0.38031 0.046776 10
    0.51965 0.484661 7
    0.86988 0.304376 2
    1.01901 0.164187 0
  1.14737 5 - 1
    0.6915 1 4
  1.19 3 - 2
    0.69064 0.5 7
    0.79744 0.5 3
  1.20692 13 + 2
    0.47267 0.5625 12
    0.60417 0.4375 9
  1.215 5 - 2
    1.08522 0.5 1
    1.215 0.5 0
  1.2969 1 - 1
    0.14953 1 30
  1.3163 7 - 1
    0.8469 1 5
  1.32138 5 + 5
    0.59703 0.04895 11
    0.82202 0.349 7
    0.85198 0.2548 5
    1.17225 0.01255 2
    1.32138 0.3347 0
  1.34527 3 + 8
    0.53929 0.03214 17
    0.55935 0.0307 15
    0.62092 0.01997 11
    0.70657 0.002708 10
    0.84591 0.178099 7
    0.87587 0.712195 5
    0.95271 0.004269 3
    1.21549 0.01992 1
  1.351 3 - 2
    0.85164 0.5 7
    0.95844 0.5 3
  1.355 9 + 2
    0.881 0.5 6
    1.20587 0.5 2
  1.36588 15 + 2
    0.57094 0.7357 16
    0.76313 0.2643 9
  1.37708 3 + 8
    0.40758 0.055871 26
    0.59116 0.049711 15
    0.65273 0.189504 11
    0.73838 0.046691 10
    0.87772 0.290505 7
    0.90768 0.326306 5
    0.98452 0.006521 3
    1.37708 0.034891 0
  1.393 1 - 2
    0.93713 0.5 4
    1.26322 0.5 1
  1.39983 11 + 2
    0.38082 0.8902 29
    0.4214 0.1098 27
  1.40594 3 + 1
    0.51151 1 24
  1.44135 5 - 2
    0.63537 0.6995 17
    1.44135 0.3005 0
  1.462 3 - 2
    0.96264 0.5 7
    1.06944 0.5 3
  1.47501 7 - 1
    0.4761 1 28
  1.48682 3 + 4
    0.7009 0.054271 15
    0.98746 0.020211 7
    1.01742 0.918725 5
    1.35704 0.006793 1
  1.5191 7 - 1
    0.68544 1 20
  1.521 1 - 2
    1.06513 0.5 4
    1.39122 0.5 1
  1.52964 5 - 1
    0.63521 1 24
  1.56499 11 - 2
    0.56608 0.6899 28
    0.67056 0.3101 24
  1.577 9 - 2
    1.12113 0.5 4
    1.577 0.5 0
  1.60547 17 + 2
    0.23959 0.1438 40
    0.81053 0.8562 16
  1.608 7 - 2
    1.21544 0.5 3
    1.45887 0.5 2
  1.64702 13 - 1
    0.64811 1 28
  1.649 5 - 2
    1.51922 0.5 1
    1.649 0.5 0
  1.67694 15 + 2
    0.47002 0.5012 32
    0.94269 0.4988 12
  1.69 1 - 2
    1.23413 0.5 4
    1.56022 0.5 1
  1.69844 7 - 3
    1.05974 0.250885 10
    1.22904 0.052257 5
    1.69844 0.696858 0
  1.70843 5 + 3
    1.20907 0.719436 7
    1.23903 0.223011 5
    1.70843 0.057553 0
  1.72136 5 + 5
    1.08266 0.099209 10
    1.222 0.231475 7
    1.25196 0.243873 5
    1.57223 0.012389 2
    1.72136 0.413055 0
  1.74526 9 - 1
    1.14251 1 9
  1.758 1 - 2
    1.30213 0.5 4
    1.62822 0.5 1
  1.7654 7 + 1
    1.7654 1 0
  1.7808 3 - 1
    0.78189 1 28
  1.80971 9 + 3
    1.08536 0.869565 11
    1.34031 0.086957 5
    1.80971 0.043478 0
  1.8296 5 + 1
    1.8296 1 0
  1.849 3 - 2
    1.34964 0.5 7
    1.45644 0.5 3
  1.864 7 - 2
    1.47144 0.5 3
    1.71487 0.5 2
  1.887 1 + 2
    1.38764 0.5 7
    1.49444 0.5 3
  1.904 5 - 2
    1.77422 0.5 1
    1.904 0.5 0
  1.9057 3 + 1
    0.69878 1 32
  1.913 7 - 2
    1.52044 0.5 3
    1.76387 0.5 2
  1.936 9 + 2
    1.462 0.5 6
    1.78687 0.5 2
  1.94687 15 + 1
    0.547035 1 43
  1.957 5 - 2
    1.82722 0.5 1
    1.957 0.5 0
  2.005 3 - 2
    1.50564 0.5 7
    1.61244 0.5 3
  2.01914 13 - 4
    0.37212 0.04939 56
    1.02023 0.146701 28
    1.2242 0.543205 16
    1.41639 0.260703 9
  2.033 1 + 2
    1.53364 0.5 7
    1.64044 0.5 3
  2.061 7 + 2
    1.60513 0.5 4
    2.061 0.5 0
  2.083 5 - 2
    1.95322 0.5 1
    2.083 0.5 0
  2.109 9 + 2
    1.635 0.5 6
    1.95987 0.5 2
  2.137 3 - 2
    1.63764 0.5 7
    1.74444 0.5 3
  2.16 7 + 2
    1.70413 0.5 4
    2.16 0.5 0
  2.164 17 + 2
    0.48706 0.3799 58
    0.95708 0.6201 32
  2.17014 15 - 4
    0.151 0.319178 79
    0.52312 0.274481 56
    0.80426 0.046767 40
    1.3752 0.359575 16
  2.24412 19 + 2
    0.63865 0.6373 54
    0.87824 0.3627 40
  2.31058 17 - 3
    0.14044 0.3699 87
    0.66356 0.5108 56
    0.9447 0.1193 40
  2.32996 15 - 2
    0.72449 0.5 54
    1.53502 0.5 16
  2.3963 17 - 1
    0.74928 1 56
  2.4173 15 - 1
    1.21038 1 32
  2.47701 17 - 2
    0.30687 0.4452 87
    0.82999 0.5548 56
  2.49589 19 - 2
    0.09959 0.03179 91
    0.18531 0.96821 89
  2.51258 17 - 2
    0.09528 0.4157 92
    0.83564 0.5843 58
  2.52113 21 + 2
    0.27701 0.1449 88
    0.91566 0.8551 54
  2.5941 19 + 1
    0.647235 1 76
  2.61532 19 + 2
    0.45132 0.3019 86
    0.93838 0.6981 58
  2.6456 19 - 4
    0.13302 0.180118 95
    0.16859 0.29823 93
    0.33502 0.405041 89
    0.47546 0.116612 87
  2.66898 19 - 5
    0.1564 0.072503 95
    0.19197 0.356414 93
    0.27268 0.108604 91
    0.3584 0.370415 89
    0.49884 0.092064 87
  2.71859 21 - 1
    0.2227 1 94
  2.82501 21 - 3
    0.15603 0.2218 100
    0.17941 0.6339 99
    0.32912 0.1443 94
  2.89078 19 + 2
    0.36965 0.5714 96
    1.28531 0.4286 54
  2.91423 21 - 2
    0.24525 0.545 100
    0.26863 0.455 99
  2.98155 23 + 2
    0.46042 0.8203 96
    0.73743 0.1797 88
  2.9929 23 - 2
    0.27431 0.955819 101
    0.49701 0.044181 94
  3.07782 23 - 1
    0.25281 1 102
  3.19755 25 + 2
    0.216 0.8189 105
    0.67642 0.1811 96
  3.26715 23 - 1
    0.35292 1 104
  3.3083 25 - 1
    0.3154 1 106
  3.34471 23 + 1
    0.75061 1 97
  3.4698 25 - 1
    0.39198 1 107
  3.478 27 + 2
    0.28045 0.943338 108
    0.49645 0.056662 105
  3.5368 25 + 1
    1.01567 1 96
  3.6678 25 - 1
    0.40065 1 109
  3.7691 27 - 1
    0.4608 1 110
  3.8393 29 + 2
    0.3613 0.8874 113
    0.64175 0.1126 108
  4.0026 23 + 1
    0.4658 1 114
  4.0926 27 - 1
    0.4248 1 115
  4.1699 27 + 1
    0.82519 1 111
  4.1834 29 - 1
    0.4143 1 116
  4.2154 31 + 2
    0.3761 0.7478 117
    0.7374 0.2522 113
  4.4174 29 + 1
    0.8806 1 114
  4.7022 33 + 1
    0.4868 1 122
  6.64 3 + 2
    6.51022 0.5 1
    6.64 0.5 0
  6.775 1 + 2
    6.27564 0.5 7
    6.38244 0.5 3
  7.08 5 + 2
    6.68744 0.5 3
    6.93087 0.5 2
  7.26 1 + 2
    6.76064 0.5 7
    6.86744 0.5 3

45 106 26
  0 2 + 0
  0.137 12 + 1
    0.137 1 0
  0.2477 12 - 1
    0.1107 1 1
  0.3524 14 - 1
    0.1047 1 2
  0.4005 16 - 1
    0.0481 1 3
  0.5645 18 - 1
    0.164 1 4
  0.8975 20 - 2
    0.333 0.9403 5
    0.497 0.0597 4
  1.1899 20 - 2
    0.6254 0.9728 5
    0.7894 0.0272 4
  1.2075 22 - 2
    0.31 0.7071 6
    0.643 0.2929 5
  1.5473 22 - 2
    0.3574 0.5203 7
    0.6498 0.4797 6
  1.6246 24 - 2
    0.4171 0.8074 8
    0.7271 0.1926 6
  1.9236 24 - 3
    0.3763 0.878065 9
    0.7161 0.078397 8
    0.7337 0.043538 7
  2.0415 26 - 2
    0.4169 0.5451 10
    0.834 0.4549 8
  2.3943 26 - 3
    0.4707 0.790592 11
    0.7697 0.149598 10
    0.847 0.059809 9
  2.4955 28 - 2
    0.454 0.6505 12
    0.8709 0.3495 10
  2.8658 28 - 3
    0.4715 0.646294 13
    0.8243 0.03861 12
    0.9422 0.315097 11
  2.9962 30 - 2
    0.5007 0.5086 14
    0.9547 0.4914 12
  3.3499 30 - 3
    0.4841 0.4515 15
    0.8544 0.1619 14
    0.9556 0.3866 13
  3.4595 32 - 2
    0.4633 0.5063 16
    0.964 0.4937 14
  3.8432 32 - 2
    0.4933 0.5387 17
    0.9774 0.4613 15
  4.0008 34 - 2
    0.5413 0.4983 18
    1.0046 0.5017 16
  4.4577 36 - 2
    0.4569 0.5014 20
    0.9982 0.4986 18
  4.9995 38 - 2
    0.5418 0.466 21
    0.9987 0.534 20
  5.5004 40 - 2
    0.5009 0.3599 22
    1.0427 0.6401 21
  6.0861 42 - 2
    0.585701 0.4659 23
    1.0866 0.5341 22
  6.671 44 - 2
    0.584899 0.3795 24
    1.1706 0.6205 23

45 107 84
  0 7 + 0
  0.194048 9 + 1
    0.194048 1 0
  0.26836 1 - 1
    0.26836 1 0
  0.374278 3 + 2
    0.105918 0.087982 2
    0.374278 0.912018 0
  0.38482 1 + 1
    0.11646 1 2
  0.4058 3 + 1
    0.4058 1 0
  0.462601 5 + 4
    0.056801 0.188414 5
    0.088323 0.006548 3
    0.268553 0.068585 1
    0.462601 0.736453 0
  0.48566 3 - 1
    0.2173 1 2
  0.54384 5 - 2
    0.05818 0.1336 7
    0.27548 0.8664 2
  0.55996 11 + 2
    0.365912 0.8556 1
    0.55996 0.1444 0
  0.5689 7 + 4
    0.106299 0.01949 6
    0.194622 0.425004 3
    0.374852 0.354704 1
    0.5689 0.200802 0
  0.576 3 + 2
    0.30764 0.5 2
    0.576 0.5 0
  0.58892 3 + 4
    0.18312 0.066103 5
    0.2041 0.516521 4
    0.214642 0.323513 3
    0.58892 0.093864 0
  0.68 11 + 1
    0.485952 1 1
  0.6831 7 + 3
    0.220499 0.2283 6
    0.489052 0.5517 1
    0.6831 0.22 0
  0.75255 3 - 2
    0.26689 0.117 7
    0.48419 0.883 2
  0.7711 13 + 2
    0.21114 0.5 9
    0.577052 0.5 1
  0.87775 5 - 3
    0.33391 0.5045 8
    0.39209 0.2059 7
    0.60939 0.2896 2
  0.91199 7 + 2
    0.717942 0.029151 1
    0.91199 0.970849 0
  0.932 5 + 2
    0.54718 0.5 4
    0.737952 0.5 1
  0.9359 11 + 1
    0.367 1 10
  0.94812 5 - 2
    0.26502 0.1464 14
    0.94812 0.8536 0
  0.95348 9 + 3
    0.36456 0.3774 12
    0.38458 0.0355 10
    0.759432 0.5871 1
  0.97444 7 - 2
    0.4306 0.8476 8
    0.48878 0.1524 7
  1.005 9 + 2
    0.542399 0.5 6
    0.810952 0.5 1
  1.0066 9 - 1
    0.46276 1 8
  1.00976 5 - 2
    0.25721 0.7343 15
    0.5241 0.2657 7
  1.024 1 - 2
    0.649722 0.5 3
    0.75564 0.5 2
  1.04195 5 + 6
    0.09383 0.002289 21
    0.35885 0.029553 14
    0.579349 0.22472 6
    0.63615 0.021972 5
    0.847902 0.487544 1
    1.04195 0.233921 0
  1.078 15 - 1
    0.3069 1 16
  1.166 13 + 1
    0.486 1 13
  1.251 1 - 2
    0.876722 0.5 3
    0.98264 0.5 2
  1.2551 15 + 2
    0.484 0.5 16
    0.69514 0.5 9
  1.2722 7 - 11
    0.23025 0.02016 28
    0.36021 0.099221 18
    0.5922 0.02171 13
    0.68328 0.01589 12
    0.7033 0.145301 10
    0.71224 0.006202 9
    0.809599 0.06124 6
    0.8664 0.01047 5
    0.897922 0.112801 3
    1.07815 0.119401 1
    1.2722 0.387603 0
  1.30643 3 - 10
    0.35831 0.028991 21
    0.39444 0.105105 18
    0.62643 0.024161 13
    0.71751 0.049532 12
    0.73753 0.24161 10
    0.74647 0.007007 9
    0.843829 0.149806 6
    0.932152 0.183608 3
    1.11238 0.041072 1
    1.30643 0.169107 0
  1.334 9 - 2
    0.79016 0.5 8
    1.334 0.5 0
  1.359 5 - 2
    1.09064 0.5 2
    1.359 0.5 0
  1.38636 7 - 3
    0.923759 0.0175 6
    0.98056 0.6729 5
    1.38636 0.3096 0
  1.4609 15 + 1
    0.525 1 20
  1.5091 17 + 2
    0.254 0.5 32
    0.738 0.5 16
  1.545 3 - 2
    1.0824 0.5 6
    1.16018 0.5 4
  1.569 1 - 2
    1.19472 0.5 3
    1.30064 0.5 2
  1.583 15 + 1
    0.417 1 30
  1.6104 13 - 1
    0.6038 1 25
  1.63907 5 - 9
    0.25271 0.167195 37
    0.59712 0.042689 28
    0.69095 0.083577 21
    0.72708 0.091637 18
    0.95597 0.092537 14
    1.05015 0.062688 12
    1.17647 0.083577 6
    1.44502 0.298491 1
    1.63907 0.077608 0
  1.665 7 - 2
    1.2024 0.5 6
    1.47095 0.5 1
  1.689 3 - 2
    1.2264 0.5 6
    1.30418 0.5 4
  1.706 9 - 2
    1.16216 0.5 8
    1.706 0.5 0
  1.8631 5 + 6
    0.47674 0.116689 37
    0.82115 0.238879 28
    0.95111 0.180584 18
    1.2942 0.038887 10
    1.66905 0.147187 1
    1.8631 0.277775 0
  1.867 3 - 2
    1.4044 0.5 6
    1.48218 0.5 4
  1.93 7 + 2
    1.55572 0.5 3
    1.93 0.5 0
  2.02051 1 - 4
    1.06703 0.7237 22
    1.55791 0.1616 6
    1.82646 0.05331 1
    2.02051 0.06139 0
  2.033 17 + 2
    0.45 0.5 42
    0.867 0.5 30
  2.035 1 - 2
    1.66072 0.5 3
    1.76664 0.5 2
  2.0531 19 + 2
    0.544 0.5 39
    0.798 0.5 32
  2.0542 5 - 4
    1.10608 0.065363 21
    1.14221 0.169907 18
    1.5916 0.653626 6
    1.6484 0.111104 5
  2.11542 11 + 2
    1.16194 0.1803 22
    1.1673 0.8197 21
  2.1179 19 + 1
    0.657 1 38
  2.136 7 - 2
    1.6734 0.5 6
    1.94195 0.5 1
  2.1411 15 - 1
    1.37 1 16
  2.17798 5 + 3
    1.58906 0.33331 12
    1.69232 0.081872 7
    1.77218 0.584818 5
  2.199 3 - 2
    1.7364 0.5 6
    1.81418 0.5 4
  2.20768 9 + 2
    2.01363 0.4536 1
    2.20768 0.5464 0
  2.24968 7 - 4
    1.2962 0.1719 22
    1.56658 0.4525 14
    2.05563 0.2308 1
    2.24968 0.1448 0
  2.2772 17 - 3
    0.1361 0.333333 59
    0.6668 0.333333 43
    1.0221 0.333333 32
  2.291 5 + 2
    1.90618 0.5 4
    2.09695 0.5 1
  2.3013 17 - 1
    0.6909 1 43
  2.30339 3 + 5
    1.29363 0.064291 26
    1.42564 0.178604 17
    1.81773 0.089292 7
    1.89759 0.357107 5
    1.92911 0.310706 3
  2.33108 9 + 3
    1.64798 0.2549 14
    1.86848 0.2549 6
    2.33108 0.4902 0
  2.343 5 - 2
    2.07464 0.5 2
    2.343 0.5 0
  2.3581 21 + 2
    0.305 0.5 54
    0.849 0.5 39
  2.387 7 - 2
    1.9244 0.5 6
    2.19295 0.5 1
  2.4283 19 - 2
    0.127 0.5 66
    0.1511 0.5 64
  2.469 3 + 2
    2.20064 0.5 2
    2.469 0.5 0
  2.51 1 + 2
    2.31595 0.5618 1
    2.51 0.4382 0
  2.6603 21 - 1
    0.232 1 72
  2.8461 23 + 2
    0.488 0.5 70
    0.793 0.5 54
  2.8739 23 + 1
    0.8208 1 54
  2.9623 23 - 1
    0.302 1 75
  3.1351 25 + 1
    0.289 1 76
  3.3113 25 - 1
    0.349 1 78
  3.4341 27 + 1
    0.299 1 79
  3.7093 27 - 1
    0.398 1 80
  3.8021 29 + 1
    0.368 1 81

45 108 5
  0 2 + 0
  0.01454 0 + 1
    0.01454 1 0
  0.07365 4 + 1
    0.07365 1 0
  0.1 10 + 1
    0.1 1 0
  0.16498 2 + 3
    0.09133 0.058547 2
    0.15044 0.19289 1
    0.16498 0.748563 0

45 109 80
  0 7 + 0
  0.206293 9 + 1
    0.206293 1 0
  0.225974 3 + 1
    0.225974 1 0
  0.25777 1 + 1
    0.031796 1 2
  0.358784 5 + 3
    0.101014 0.003234 3
    0.13281 0.016699 2
    0.358784 0.980067 0
  0.37409 1 - 2
    0.11632 0.983439 3
    0.148116 0.016561 2
  0.40982 5 + 3
    0.183846 0.848042 2
    0.203527 0.050453 1
    0.40982 0.101505 0
  0.426854 5 + 4
    0.06807 0.344201 4
    0.20088 0.008278 2
    0.220561 0.03732 1
    0.426854 0.610201 0
  0.47839 5 + 5
    0.119606 0.040439 4
    0.22062 0.582682 3
    0.252416 0.315891 2
    0.272097 0.025209 1
    0.47839 0.035779 0
  0.53069 11 + 2
    0.324397 0.7953 1
    0.53069 0.2047 0
  0.56821 3 - 1
    0.19412 1 5
  0.62323 5 - 2
    0.05502 0.2628 10
    0.24914 0.7372 5
  0.64203 11 + 1
    0.435737 1 1
  0.671937 7 + 3
    0.245083 0.4372 7
    0.465644 0.4097 1
    0.671937 0.1531 0
  0.74091 3 - 3
    0.11768 0.032671 11
    0.1727 0.214806 10
    0.36682 0.752523 5
  0.7455 13 + 2
    0.21481 0.5 9
    0.539207 0.5 1
  0.7678 11 + 1
    0.35798 1 6
  0.85609 5 - 4
    0.11518 0.074883 14
    0.23286 0.523753 11
    0.28788 0.299473 10
    0.482 0.101891 5
  0.86109 9 + 3
    0.3827 0.7314 8
    0.45127 0.1674 6
    0.86109 0.1012 0
  0.8903 5 - 4
    0.218363 0.120301 13
    0.463446 0.073751 7
    0.684007 0.069641 1
    0.8903 0.736307 0
  0.92686 5 - 3
    0.18595 0.176418 14
    0.30363 0.469147 11
    0.35865 0.354435 10
  0.9734 3 - 2
    0.35017 0.5565 11
    0.40519 0.4435 10
  0.98081 1 + 5
    0.2399 0.540889 14
    0.60672 0.053499 5
    0.622026 0.235895 4
    0.72304 0.053019 3
    0.754836 0.116698 2
  1.01167 3 + 2
    0.584816 0.052262 7
    1.01167 0.947738 0
  1.02651 5 + 7
    0.354573 0.018918 13
    0.599656 0.051885 7
    0.61669 0.028127 6
    0.667726 0.036226 4
    0.800536 0.018728 2
    0.820217 0.624038 1
    1.02651 0.222078 0
  1.05131 5 + 3
    0.3104 0.235602 14
    0.67722 0.714607 5
    0.692526 0.04979 4
  1.05333 7 + 7
    0.381393 0.064094 13
    0.57494 0.032122 8
    0.626476 0.091326 7
    0.64351 0.157711 6
    0.827356 0.14921 2
    0.847037 0.276319 1
    1.05333 0.229216 0
  1.0602 9 - 1
    0.43697 1 11
  1.0731 13 + 2
    0.3276 0.5 15
    0.43107 0.5 12
  1.09629 9 + 4
    0.45426 0.041286 12
    0.5656 0.192183 9
    0.889997 0.310372 1
    1.09629 0.456159 0
  1.16231 3 - 1
    0.803526 1 4
  1.17711 7 - 3
    0.11691 0.2289 27
    0.750256 0.2736 7
    0.818326 0.4975 4
  1.2026 15 + 2
    0.4571 0.5 15
    0.67191 0.5 9
  1.2143 3 - 2
    0.64609 0.3424 10
    0.84021 0.6576 5
  1.22951 7 - 6
    0.69882 0.058591 9
    0.75112 0.101602 8
    0.802656 0.097662 7
    0.81969 0.082032 6
    1.02322 0.390608 1
    1.22951 0.269505 0
  1.2839 5 - 4
    0.611963 0.063169 13
    0.87408 0.04354 6
    1.07761 0.545094 1
    1.2839 0.348197 0
  1.2918 15 + 1
    0.524 1 16
  1.31082 7 - 4
    0.638883 0.038608 13
    0.83243 0.071336 8
    0.883966 0.235588 7
    0.952036 0.654467 4
  1.331 5 + 2
    1.07323 0.5 3
    1.12471 0.5 1
  1.41264 1 - 4
    0.985786 0.2568 7
    1.05386 0.3425 4
    1.15487 0.2671 3
    1.18667 0.1336 2
  1.4446 17 + 2
    0.242 0.5 32
    0.6991 0.5 15
  1.455 15 + 2
    0.3819 0.5 28
    0.81297 0.5 12
  1.459 9 + 2
    1.10022 0.5 4
    1.25271 0.5 1
  1.51159 7 - 14
    0.20077 0.04415 37
    0.4153 0.0262 29
    0.45826 0.006793 26
    0.48508 0.02377 24
    0.49992 0.06841 23
    0.62129 0.079091 19
    0.839653 0.072781 13
    0.86956 0.01116 12
    0.9809 0.01747 9
    1.0332 0.01116 8
    1.08474 0.04415 7
    1.15281 0.04076 4
    1.3053 0.485203 1
    1.51159 0.0689 0
  1.513 1 - 2
    1.13891 0.5 5
    1.28703 0.5 2
  1.57641 3 - 9
    0.26559 0.18677 37
    0.48012 0.06225 29
    0.56474 0.083647 23
    0.68611 0.173172 19
    0.904473 0.143977 13
    1.09802 0.073918 8
    1.16659 0.031125 6
    1.37012 0.194569 1
    1.57641 0.050572 0
  1.631 7 - 2
    1.27222 0.5 4
    1.42471 0.5 1
  1.63811 3 - 1
    1.27933 1 4
  1.6522 13 - 1
    0.592 1 27
  1.676 17 + 1
    0.6029 1 28
  1.753 9 - 2
    1.22231 0.5 9
    1.753 0.5 0
  1.915 7 - 2
    1.55622 0.5 4
    1.70871 0.5 1
  1.92913 1 - 16
    0.35272 0.010189 45
    0.61831 0.004194 37
    0.64523 0.008986 35
    0.8758 0.009586 26
    0.90262 0.021568 24
    0.91746 0.029358 23
    1.03883 0.012579 19
    1.06804 0.003595 18
    1.25719 0.042537 13
    1.2871 0.011979 12
    1.39844 0.007189 9
    1.45074 0.007788 8
    1.50228 0.176786 7
    1.57035 0.007788 4
    1.72284 0.046726 1
    1.92913 0.599151 0
  1.9598 19 + 1
    0.668 1 36
  1.96346 3 - 7
    0.65264 0.004098 37
    1.07316 0.076843 19
    1.29152 0.048842 13
    1.48507 0.012981 8
    1.53661 0.341514 7
    1.75717 0.290312 1
    1.96346 0.225409 0
  1.97192 11 - 5
    0.96025 0.02376 23
    1.08162 0.052809 19
    1.54507 0.091748 7
    1.76563 0.660087 1
    1.97192 0.171597 0
  1.9756 19 + 2
    0.531 0.5 40
    0.773 0.5 32
  2.01557 7 - 7
    0.83846 0.067567 31
    1.27466 0.040538 14
    1.53718 0.121594 8
    1.58872 0.108095 7
    1.64148 0.040538 5
    1.65679 0.450477 4
    1.7896 0.171191 2
  2.04565 1 - 2
    1.56726 0.5988 8
    1.81968 0.4012 2
  2.09402 9 - 17
    0.45591 0.01429 47
    0.68138 0.04555 39
    0.87972 0.01429 33
    0.93171 0.00679 30
    1.04271 0.0481 25
    1.08235 0.02688 23
    1.11321 0.1217 22
    1.23793 0.05234 17
    1.35311 0.01683 14
    1.47079 0.03819 11
    1.61563 0.08629 8
    1.66717 0.07073 7
    1.71993 0.1415 5
    1.73524 0.1188 4
    1.83625 0.14 3
    1.86805 0.0481 2
    2.09402 0.009619 0
  2.0985 3 + 7
    1.00221 0.129091 29
    1.2082 0.104293 19
    1.23741 0.104293 18
    1.62011 0.036737 8
    1.68868 0.024828 6
    1.89221 0.104293 1
    2.0985 0.496465 0
  2.10799 17 - 3
    0.431995 0.333333 49
    0.652995 0.333333 41
    0.905395 0.333333 32
  2.11709 7 + 5
    1.10542 0.05634 23
    1.69024 0.2817 7
    1.85932 0.4695 3
    1.89112 0.1596 2
    2.11709 0.03286 0
  2.18291 5 - 2
    1.75606 0.5208 7
    1.97662 0.4792 1
  2.18481 3 + 8
    1.0077 0.060982 31
    1.1335 0.044311 25
    1.51287 0.406512 13
    1.6166 0.089433 10
    1.75796 0.113803 7
    1.82603 0.138204 4
    1.95884 0.081302 2
    2.18481 0.065452 0
  2.19065 9 - 8
    1.13934 0.089837 25
    1.20984 0.132796 22
    1.33456 0.074218 17
    1.44974 0.101597 14
    1.71226 0.046879 8
    1.7638 0.105497 7
    1.81656 0.058588 5
    1.83187 0.390588 4
  2.19381 11 + 4
    1.52187 0.063109 13
    1.71542 0.111699 8
    1.76696 0.485395 7
    2.19381 0.339797 0
  2.20854 5 - 3
    1.34745 0.365137 18
    1.58531 0.414942 11
    1.79872 0.219922 6
  2.20959 7 + 2
    1.53765 0.3056 13
    1.85081 0.6944 4
  2.2381 3 - 3
    1.75971 0.4115 8
    1.81125 0.2222 7
    1.87932 0.3663 4
  2.24711 1 + 5
    1.15082 0.19898 29
    1.35681 0.261774 19
    1.57517 0.225078 13
    2.04082 0.170183 1
    2.24711 0.143986 0
  2.2506 21 + 1
    0.806 1 40
  2.2701 5 - 2
    1.86028 0.6289 6
    2.06381 0.3711 1
  2.2979 19 - 1
    0.189905 1 61
  2.3352 17 - 1
    0.683 1 48
  2.5589 21 - 1
    0.261 1 73
  2.7206 7 + 1
    0.47 1 71
  2.8749 23 - 1
    0.316 1 75
  3.0006 3 + 1
    0.28 1 76
  3.3456 9 + 1
    0.345 1 78

45 110 2
  0 4 + 0
  0.2 2 + 1
    0.2 1 0

45 111 62
  0 7 + 0
  0.21153 9 + 1
    0.21153 1 0
  0.30345 3 + 1
    0.30345 1 0
  0.38202 5 + 3
    0.07857 0.567689 2
    0.17049 0.01632 1
    0.38202 0.415992 0
  0.39495 3 + 2
    0.0915 0.3862 2
    0.39495 0.6138 0
  0.4173 11 - 1
    0.20577 1 1
  0.44042 1 + 1
    0.13697 1 2
  0.49074 11 + 2
    0.27921 0.6701 1
    0.49074 0.3299 0
  0.49273 1 - 1
    0.18928 1 2
  0.56748 7 + 4
    0.17253 0.3186 4
    0.18546 0.1591 3
    0.35595 0.2541 1
    0.56748 0.2682 0
  0.5863 3 + 1
    0.19135 1 4
  0.6083 11 + 1
    0.39677 1 1
  0.63237 7 + 4
    0.25035 0.517 3
    0.32892 0.0277 2
    0.42084 0.3545 1
    0.63237 0.1008 0
  0.6612 11 + 1
    0.44967 1 1
  0.66314 5 + 3
    0.22272 0.427743 6
    0.26819 0.461746 4
    0.28112 0.110511 3
  0.6813 3 - 1
    0.18857 1 8
  0.6848 5 + 1
    0.38135 1 2
  0.7154 13 + 2
    0.22466 0.5544 7
    0.50387 0.4456 1
  0.7327 5 - 2
    0.23997 0.6786 8
    0.35068 0.3214 3
  0.8603 3 - 2
    0.179 0.1747 15
    0.36757 0.8253 8
  0.9225 11 + 1
    0.35502 1 9
  0.936 9 - 1
    0.55398 1 3
  0.9604 7 - 3
    0.51998 0.1284 6
    0.56545 0.6757 4
    0.9604 0.1959 0
  0.9768 5 - 3
    0.2441 0.4852 18
    0.2955 0.259 15
    0.48407 0.2558 8
  1.01802 3 - 4
    0.15772 0.20621 19
    0.52529 0.137507 8
    0.5776 0.031252 6
    0.71457 0.625031 2
  1.02895 13 + 1
    0.42065 1 11
  1.0389 9 - 2
    0.82737 0.7752 1
    1.0389 0.2248 0
  1.04493 9 + 1
    0.38179 1 14
  1.05501 1 - 3
    0.67299 0.082382 3
    0.84348 0.669813 1
    1.05501 0.247805 0
  1.0964 7 - 1
    0.60367 1 8
  1.1578 15 + 2
    0.4424 0.6676 17
    0.66706 0.3324 7
  1.1595 5 - 1
    0.77748 1 3
  1.1683 9 - 1
    0.4356 1 18
  1.34882 7 - 4
    0.71645 0.1893 12
    0.9668 0.4115 3
    1.04537 0.177 2
    1.34882 0.2222 0
  1.3733 15 + 3
    0.34435 0.4654 25
    0.6579 0.249 17
    0.765 0.2856 11
  1.3824 17 + 2
    0.2246 0.3793 30
    0.667 0.6207 17
  1.4444 15 + 1
    0.5219 1 20
  1.5481 17 + 1
    0.51915 1 25
  1.7593 13 - 1
    0.591 1 32
  1.7802 5 - 1
    1.39818 1 3
  1.89805 3 - 5
    1.26568 0.413217 12
    1.51603 0.413217 3
    1.5946 0.053722 2
    1.68652 0.066123 1
    1.89805 0.053722 0
  1.9318 19 + 2
    0.5494 0.3512 35
    0.774 0.6488 30
  1.9499 19 + 3
    0.4018 0.334567 37
    0.5766 0.482452 34
    0.7921 0.182982 30
  2.03394 5 - 5
    1.40157 0.153102 12
    1.65192 0.095041 3
    1.73049 0.070751 2
    1.82241 0.153102 1
    2.03394 0.528005 0
  2.1117 1 - 2
    0.1618 0.904164 42
    0.7293 0.095836 35
  2.11957 19 + 1
    0.67517 1 36
  2.12674 3 + 7
    1.03034 0.092521 29
    1.10872 0.29847 24
    1.44544 0.026867 15
    1.4636 0.265773 14
    1.63401 0.050735 8
    1.68632 0.065653 6
    1.73179 0.19998 4
  2.1557 21 + 1
    0.7733 1 35
  2.21477 7 - 4
    1.55163 0.2475 14
    1.81982 0.2241 4
    1.91132 0.3344 2
    2.21477 0.194 0
  2.3544 5 - 1
    0.2427 1 44
  2.6032 23 + 1
    0.6533 1 42
  2.6498 7 - 2
    0.2954 0.8 49
    0.5381 0.2 44
  2.7321 23 + 2
    0.5764 0.6671 47
    0.8003 0.3329 41
  2.8934 25 + 2
    0.1613 0.1984 52
    0.7377 0.8016 47
  2.9037 23 + 1
    0.78413 1 45
  2.9635 5 - 2
    0.3137 0.781222 51
    0.6091 0.218778 49
  3.2713 27 + 1
    0.3779 1 53
  3.3244 3 - 2
    0.3609 0.7042 55
    0.6746 0.2958 51
  3.5228 29 + 2
    0.2515 0.5191 56
    0.6294 0.4809 53
  3.7416 1 - 2
    0.4172 0.5 57
    0.7781 0.5 55
  3.9323 31 + 1
    0.661 1 56
  4.2482 33 + 1
    0.7254 1 58

45 112 2
  0 2 + 0
  0.2 0 + 1
    0.2 1 0

45 113 65
  0 7 + 0
  0.21172 9 + 1
    0.21172 1 0
  0.26321 3 + 1
    0.26321 1 0
  0.35135 5 + 2
    0.08814 0.535 2
    0.35135 0.465 0
  0.44401 11 + 2
    0.23229 0.5301 1
    0.44401 0.4699 0
  0.57096 11 + 2
    0.35924 0.8704 1
    0.57096 0.1296 0
  0.57898 7 + 2
    0.22763 0.7796 3
    0.36726 0.2204 1
  0.60072 3 + 2
    0.33751 0.8783 2
    0.60072 0.1217 0
  0.6662 1 - 1
    0.40299 1 2
  0.68467 13 + 2
    0.24066 0.4567 4
    0.47295 0.5433 1
  0.7848 9 + 2
    0.20582 0.5 6
    0.43345 0.5 3
  0.78584 7 - 1
    0.20686 1 6
  0.78655 7 + 1
    0.18583 1 7
  0.8234 5 - 1
    0.56019 1 2
  0.83436 5 + 3
    0.23364 0.4859 7
    0.48301 0.1275 3
    0.57115 0.3866 2
  0.8832 1 - 1
    0.217 1 8
  0.91192 9 + 1
    0.33294 1 6
  0.93633 13 + 2
    0.36537 0.7061 5
    0.72461 0.2939 1
  0.9679 7 - 3
    0.18135 0.1751 12
    0.36718 0.6349 7
    0.70469 0.19 2
  0.978 7 - 2
    0.62665 0.2847 3
    0.71479 0.7153 2
  1.0089 7 - 3
    0.65755 0.319332 3
    0.74569 0.309531 2
    1.0089 0.371137 0
  1.034 3 + 3
    0.24745 0.249875 12
    0.68265 0.275472 3
    0.77079 0.474653 2
  1.0609 3 + 5
    0.22654 0.090543 14
    0.27435 0.099633 12
    0.70955 0.291509 3
    0.79769 0.247607 2
    1.0609 0.270708 0
  1.071 11 + 2
    0.2862 0.5 10
    0.49202 0.5 6
  1.07573 15 + 2
    0.39106 0.6188 9
    0.63172 0.3812 4
  1.1385 11 + 1
    0.35195 1 12
  1.2064 5 - 1
    0.99468 1 1
  1.25862 9 + 1
    0.42426 1 14
  1.2599 5 - 1
    0.34798 1 16
  1.28426 15 + 3
    0.34793 0.594 17
    0.59959 0.2708 9
    0.7133 0.1352 5
  1.32022 17 + 2
    0.24449 0.3439 24
    0.63555 0.6561 9
  1.412 17 + 1
    0.47567 1 17
  1.4639 3 - 2
    1.11255 0.4118 3
    1.4639 0.5882 0
  1.4852 5 - 2
    0.90622 0.422 6
    1.13385 0.578 3
  1.5298 1 - 1
    1.31808 1 1
  1.67362 17 + 2
    0.38936 0.6078 29
    0.73729 0.3922 17
  1.77549 19 + 2
    0.45527 0.7255 30
    0.69976 0.2745 24
  1.8434 3 - 1
    1.63168 1 1
  1.9086 5 - 2
    1.12276 0.2481 11
    1.64539 0.7519 2
  1.9458 1 - 2
    1.36682 0.5464 6
    1.59445 0.4536 3
  1.9658 3 - 2
    1.17996 0.5 11
    1.61445 0.5 3
  2.02531 19 + 3
    0.35169 0.5235 35
    0.74105 0.1192 29
    0.94958 0.3573 24
  2.03798 21 + 2
    0.26249 0.3105 36
    0.71776 0.6895 30
  2.0584 9 - 3
    1.22404 0.207121 14
    1.84668 0.689469 1
    2.0584 0.10341 0
  2.122 5 - 4
    1.77065 0.340527 3
    1.85879 0.431034 2
    1.91028 0.137911 1
    2.122 0.090527 0
  2.13319 21 + 1
    0.3577 1 36
  2.1913 3 - 6
    0.2455 0.020771 39
    1.2234 0.112803 18
    1.3679 0.189906 13
    1.83995 0.189906 3
    1.92809 0.296709 2
    2.1913 0.189906 0
  2.2214 5 - 4
    1.1605 0.086763 22
    1.2125 0.164407 20
    1.87005 0.292212 3
    1.95819 0.456618 2
  2.2875 7 - 3
    1.2266 0.6993 22
    1.93615 0.1329 3
    2.02429 0.1678 2
  2.2974 1 - 2
    2.03419 0.3197 2
    2.2974 0.6803 0
  2.3679 9 - 5
    1.53354 0.03704 14
    1.58206 0.370396 11
    1.92389 0.370396 4
    2.15618 0.074069 1
    2.3679 0.148099 0
  2.39849 21 + 2
    0.37318 0.627 41
    0.72487 0.373 35
  2.4175 9 - 3
    0.8877 0.081968 34
    1.97349 0.819675 4
    2.4175 0.098357 0
  2.4465 23 + 1
    0.31331 1 45
  2.47033 23 + 2
    0.43235 0.5759 42
    0.69484 0.4241 36
  2.5257 5 - 3
    0.4037 0.5208 44
    1.5477 0.3698 19
    2.17435 0.1094 3
  2.6236 3 - 1
    2.36039 1 2
  2.6754 7 - 1
    2.32405 1 3
  2.72325 25 + 2
    0.25292 0.4144 54
    0.68527 0.5856 42
  2.7769 25 + 2
    0.3304 0.6436 53
    0.64371 0.3564 45
  3.09077 27 + 2
    0.36752 0.7159 58
    0.62044 0.2841 54
  3.13307 27 + 1
    0.68657 1 53
  3.33476 29 + 1
    0.61151 1 58
  3.77005 31 + 1
    0.67928 1 60
  4.00604 33 + 1
    0.67128 1 62

45 114 6
  0 2 + 0
  0.1 0 + 1
    0.1 1 0
  0.127 4 + 1
    0.127 1 0
  0.1794 2 + 2
    0.0524 0.7265 2
    0.1794 0.2735 0
  0.2552 2 + 1
    0.1282 1 2
  0.267 2 + 1
    0.0876 1 3

45 115 5
  0 7 + 0
  0.2926 3 + 1
    0.2926 1 0
  0.3727 5 + 1
    0.0801 1 1
  0.4997 3 + 1
    0.2071 1 1
  0.6963 9 + 1
    0.1966 1 3

45 116 2
  0 2 + 0
  0.15 12 - 1
    0.15 1 0

45 117 1
  0 7 + 0

45 118 1
  0 2 - 0

45 119 1
  0 7 + 0

45 120 1
  0 2 - 0

45 121 1
  0 9 + 0

45 122 1
  0 2 - 0

45 123 1
  0 9 + 0

45 124 1
  0 2 - 0

45 125 1
  0 9 + 0

45 126 1
  0 2 - 0

