86 193 1
  0 3 - 0

86 194 1
  0 0 + 0

86 195 2
  0 3 - 0
  0.059 13 + 1
    0.059 1 0

86 196 1
  0 0 + 0

86 197 1
  0 3 - 0

86 198 6
  0 0 + 0
  0.339 4 + 1
    0.339 1 0
  0.7495 8 + 1
    0.4105 1 1
  1.231 12 + 1
    0.4815 1 2
  1.7798 16 + 1
    0.5488 1 3
  2.3838 20 + 1
    0.604 1 4

86 199 2
  0 3 - 0
  0.18 13 + 1
    0.18 1 0

86 200 10
  0 0 + 0
  0.4326 4 + 1
    0.4326 1 0
  0.9363 8 + 1
    0.5037 1 1
  1.5006 12 + 1
    0.5643 1 2
  1.7763 12 + 1
    0.84 1 2
  2.0336 16 + 1
    0.2573 1 4
  2.114 16 + 1
    0.6134 1 3
  2.3005 18 + 1
    0.2669 1 5
  2.5541 6 + 1
    0.4401 1 6
  2.7762 10 - 1
    0.2221 1 8

86 201 2
  0 3 - 0
  0.1 13 + 1
    0.1 1 0

86 202 15
  0 0 + 0
  0.504 4 + 1
    0.504 1 0
  1.0297 6 + 1
    0.5257 1 1
  1.0731 8 + 1
    0.5691 1 1
  1.5022 10 + 1
    0.4725 1 2
  1.6982 12 + 1
    0.6251 1 3
  1.79 12 + 1
    0.7169 1 3
  2.0779 16 + 2
    0.2879 0.914582 6
    0.3797 0.085418 5
  2.1595 16 + 1
    0.4613 1 5
  2.2111 2 - 1
    0.4211 1 6
  2.2604 18 - 1
    0.1825 1 7
  2.275 16 + 1
    0.5768 1 5
  2.4429 16 + 1
    0.7447 1 5
  2.7605 20 + 1
    0.601 1 8
  2.7755 6 - 1
    0.3326 1 12

86 203 19
  0 3 - 0
  0.362 13 + 1
    0.362 1 0
  0.8601 17 + 1
    0.4981 1 1
  1.44443 21 + 1
    0.58433 1 2
  1.49537 21 + 1
    0.63527 1 2
  1.93846 25 + 2
    0.44309 0.5403 4
    0.49403 0.4597 3
  2.0547 5 + 1
    0.11624 1 5
  2.09763 25 + 1
    0.6532 1 3
  2.1921 7 + 1
    0.1374 1 6
  2.24926 29 + 1
    0.3108 1 5
  2.425 9 - 1
    0.2329 1 8
  2.5129 33 + 1
    0.26364 1 9
  2.7707 27 - 1
    0.67307 1 7
  2.9091 11 - 1
    0.81147 1 7
  3.1114 37 + 1
    0.5985 1 11
  3.3193 5 - 1
    0.5486 1 12
  3.6863 41 + 1
    0.5749 1 14
  4.1156 7 - 1
    0.4293 1 16
  4.7208 3 - 1
    0.6052 1 17

86 204 53
  0 0 + 0
  0.5429 4 + 1
    0.5429 1 0
  1.1315 8 + 1
    0.5886 1 1
  1.6278 4 - 1
    1.0849 1 1
  1.77279 12 + 1
    0.64129 1 2
  1.8062 12 + 1
    0.6747 1 2
  1.9119 10 - 1
    0.7804 1 2
  2.03272 16 + 1
    0.25993 1 4
  2.10511 16 + 1
    0.29891 1 5
  2.1827 12 + 1
    0.3765 1 5
  2.21881 18 - 2
    0.1137 0.4964 8
    0.18609 0.5036 7
  2.2392 14 + 3
    0.3273 0.343766 6
    0.433 0.322768 5
    0.46641 0.333467 4
  2.24813 16 + 2
    0.21541 0.464 7
    0.47534 0.536 4
  2.3655 16 + 1
    0.33278 1 7
  2.3712 16 + 1
    0.26609 1 8
  2.4528 20 + 1
    0.23399 1 10
  2.4619 20 - 1
    0.24309 1 10
  2.54 16 + 1
    0.76721 1 4
  2.5972 22 - 1
    0.1353 1 16
  2.63661 20 + 1
    0.60389 1 7
  2.6811 20 + 1
    0.57599 1 8
  2.6881 20 + 1
    0.58299 1 8
  2.7943 18 + 1
    0.76158 1 7
  2.8848 6 - 2
    0.2876 0.5 18
    0.4229 0.5 16
  2.8949 20 + 1
    0.64677 1 12
  2.93311 20 + 1
    0.828 1 8
  3.0353 24 + 2
    0.4381 0.3687 18
    0.5825 0.6313 15
  3.151 24 + 1
    0.4699 1 20
  3.1655 22 - 1
    0.5683 1 18
  3.193 22 - 1
    0.5049 1 21
  3.2285 6 - 1
    0.59189 1 19
  3.2464 20 + 1
    0.7064 1 17
  3.3058 26 - 2
    0.1403 0.1757 28
    0.7086 0.8243 18
  3.3987 8 - 1
    0.46559 1 25
  3.4105 24 + 1
    0.7224 1 21
  3.4682 6 - 1
    0.5834 1 23
  3.4736 2 - 1
    0.5787 1 24
  3.5071 26 - 1
    0.4718 1 26
  3.5319 26 - 3
    0.2261 0.333333 32
    0.3664 0.333333 28
    0.4966 0.333333 26
  3.6772 24 + 2
    0.5117 0.5008 28
    1.04059 0.4992 19
  3.7365 4 - 2
    0.2629 0.2 36
    0.508 0.8 30
  3.7823 8 - 1
    0.3718 1 34
  3.895 6 - 1
    0.5892 1 32
  3.949 28 + 1
    0.2718 1 39
  3.9802 10 - 1
    0.7517 1 30
  3.9838 4 - 2
    0.4519 0.5 38
    0.678 0.5 32
  4.0019 28 + 1
    0.4948 1 37
  4.0874 2 - 1
    0.1384 1 43
  4.0958 30 - 2
    0.112 0.5 45
    0.79 0.5 32
  4.1207 8 - 1
    0.7102 1 34
  4.2539 6 - 1
    0.722 1 38
  4.4139 4 - 1
    0.5189 1 42
  4.5832 10 - 1
    0.6882 1 42

86 205 3
  0 5 - 0
  0.387 5 - 1
    0.387 1 0
  0.6337 3 + 1
    0.6337 1 0

86 206 19
  0 0 + 0
  0.5753 4 + 1
    0.5753 1 0
  1.1343 8 + 1
    0.559 1 1
  1.5018 6 + 1
    0.9265 1 1
  1.7629 12 + 1
    0.6286 1 2
  1.8183 12 + 1
    0.684 1 2
  1.9243 16 + 1
    0.1614 1 4
  2.0249 10 + 1
    0.8906 1 2
  2.1743 2 + 1
    0.356 1 5
  2.2069 6 - 1
    0.2826 1 6
  2.26989 18 - 1
    0.34559 1 6
  2.47555 20 - 2
    0.20566 0.7143 10
    0.55125 0.2857 6
  2.5346 20 + 1
    0.6103 1 6
  2.5853 22 - 1
    0.10975 1 11
  2.8342 24 - 1
    0.2489 1 13
  3.1315 24 + 1
    0.5969 1 12
  3.362 26 - 2
    0.5278 0.5236 14
    0.7767 0.4764 13
  3.8875 28 - 1
    0.5255 1 16
  4.1298 30 - 2
    0.2423 0.5 17
    0.7678 0.5 16

86 207 23
  0 5 - 0
  0.12003 3 - 1
    0.12003 1 0
  0.267 7 - 1
    0.14697 1 1
  0.28297 9 - 2
    0.16294 0.5 1
    0.28297 0.5 0
  0.5961 11 - 1
    0.5961 1 0
  0.6016 1 - 1
    0.6016 1 0
  0.6651 9 - 1
    0.6651 1 0
  0.8991 13 + 1
    0.234 1 6
  1.3971 13 - 1
    0.732 1 6
  1.4821 17 + 1
    0.583 1 7
  1.6331 15 + 1
    0.236 1 8
  1.6831 17 - 1
    0.286 1 8
  1.7391 19 + 1
    0.257 1 9
  1.9041 21 + 1
    0.422 1 9
  2.1921 23 + 1
    0.288 1 13
  2.3241 25 + 1
    0.42 1 13
  2.3591 23 + 1
    0.62 1 12
  2.3851 23 + 1
    0.646 1 12
  2.6141 29 - 1
    0.29 1 15
  2.7781 27 + 1
    0.586 1 14
  2.8411 33 - 1
    0.227 1 18
  2.9021 27 + 1
    0.71 1 14
  3.013 37 - 1
    0.1719 1 20

86 208 43
  0 0 + 0
  0.6358 4 + 1
    0.6358 1 0
  1.1889 8 + 1
    0.5531 1 1
  1.4143 8 + 2
    0.2254 0.051238 2
    0.7785 0.948762 1
  1.578 8 + 2
    0.1637 0.7399 3
    0.3891 0.2601 2
  1.6586 10 + 1
    0.4697 1 2
  1.7396 12 + 3
    0.081 0.139 5
    0.1616 0.1222 4
    0.3253 0.7388 3
  1.8252 12 + 1
    0.6363 1 2
  1.8283 16 + 1
    0.0887 1 6
  1.9057 12 + 1
    0.7168 1 2
  2.1288 14 + 1
    0.3892 1 6
  2.1633 14 + 1
    0.335 1 8
  2.1712 20 + 1
    0.3429 1 8
  2.179 10 - 1
    0.9901 1 2
  2.3194 18 - 1
    0.4911 1 8
  2.3253 14 + 1
    0.497 1 8
  2.3303 12 + 1
    0.6717 1 5
  2.3568 10 - 1
    0.9425 1 3
  2.4591 16 + 1
    0.7195 1 6
  2.4651 20 + 1
    0.6368 1 8
  2.546 12 - 1
    0.8874 1 5
  2.6181 20 - 3
    0.153 0.030781 19
    0.2987 0.214504 14
    0.7898 0.754715 8
  2.6201 14 + 1
    0.2948 1 15
  2.6212 22 - 2
    0.0031 0.5 21
    0.1561 0.5 19
  2.7974 24 + 2
    0.3323 0.5094 19
    0.6262 0.4906 12
  2.9352 26 - 1
    0.1378 1 24
  2.9545 26 - 1
    0.1571 1 24
  3.0808 28 - 1
    0.1456 1 25
  3.1108 24 + 1
    0.6457 1 19
  3.1983 24 - 1
    0.5771 1 23
  3.3893 26 - 2
    0.191 0.1672 29
    0.7681 0.8328 23
  3.4131 30 - 1
    0.3323 1 27
  3.469 28 + 1
    0.3582 1 28
  3.5207 26 - 2
    0.3224 0.6438 29
    0.8995 0.3562 23
  3.7791 28 - 2
    0.2584 0.6771 33
    0.3898 0.3229 30
  3.8517 32 - 1
    0.4386 1 31
  3.9252 30 - 3
    0.1461 0.486251 34
    0.4562 0.219778 32
    0.5359 0.293971 30
  4.0664 32 - 1
    0.1412 1 36
  4.5246 32 + 1
    0.745501 1 34
  4.8326 36 - 1
    0.7662 1 37
  5.1783 38 - 1
    0.3457 1 39
  5.377 38 - 1
    0.5444 1 39
  5.9306 42 - 1
    0.7523 1 40

86 209 34
  0 5 - 0
  0.1101 1 - 1
    0.1101 1 0
  0.2147 3 - 2
    0.1046 0.6417 1
    0.2147 0.3583 0
  0.327 7 - 1
    0.1123 1 2
  0.7978 9 - 1
    0.7978 1 0
  1.17398 13 + 1
    0.37618 1 4
  1.46553 13 - 1
    0.66773 1 4
  1.56155 15 - 2
    0.09602 0.7738 6
    0.38757 0.2262 5
  1.61067 17 - 1
    0.04912 1 7
  1.68741 19 - 1
    0.07674 1 8
  2.23816 21 - 2
    0.55075 0.8312 9
    0.62749 0.1688 8
  2.41871 21 + 1
    0.7313 1 9
  2.50129 23 - 1
    0.81388 1 9
  2.74415 23 + 1
    0.32544 1 11
  2.84848 25 - 2
    0.34719 0.3096 12
    0.61032 0.6904 10
  2.8646 5 + 1
    0.44589 1 11
  2.95758 27 - 2
    0.1091 0.7596 14
    0.45629 0.2404 12
  3.0499 7 + 1
    0.1853 1 15
  3.15748 29 - 1
    0.1999 1 16
  3.4006 11 + 1
    0.65645 1 13
  3.5399 27 + 4
    0.1393 0.183 19
    0.38242 0.2627 18
    0.49 0.2577 17
    0.79575 0.2966 13
  3.63678 35 + 1
    0.4793 1 18
  3.6715 29 + 1
    0.1316 1 20
  3.987 31 + 1
    0.3155 1 22
  4.1824 33 + 1
    0.1954 1 23
  4.5836 35 + 2
    0.401201 0.7153 24
    0.596601 0.2847 23
  4.8337 41 - 1
    1.19692 1 21
  4.988 37 + 2
    0.404399 0.6944 25
    0.8056 0.3056 24
  5.2169 41 + 1
    0.383199 1 26
  5.8198 43 + 2
    0.6029 0.4844 28
    0.986099 0.5156 26
  6.538 47 + 1
    0.7182 1 29
  6.7721 49 + 1
    0.2341 1 30
  6.8261 49 + 1
    0.2881 1 30
  7.3077 51 - 1
    0.481601 1 32

86 210 5
  0 0 + 0
  0.6438 4 + 1
    0.6438 1 0
  1.4614 8 + 1
    0.8176 1 1
  1.5451 8 + 1
    0.9013 1 1
  1.6646 12 + 2
    0.1195 0.1897 3
    0.2032 0.8103 2

86 211 9
  0 1 - 0
  0.5399 5 - 1
    0.5399 1 0
  0.833 3 - 1
    0.833 1 0
  1.4582 9 - 1
    0.9183 1 1
  1.5778 13 - 1
    0.1196 1 3
  1.739 11 - 1
    0.2808 1 3
  1.96 7 - 1
    0.221 1 5
  2.179 9 + 1
    0.44 1 5
  2.722 11 + 2
    0.762 0.1995 6
    0.983 0.8005 5

86 212 28
  0 0 + 0
  1.2738 4 + 1
    1.2738 1 0
  1.5015 8 + 1
    0.2277 1 1
  1.6398 12 + 1
    0.1383 1 2
  1.694 16 + 1
    0.0542 1 3
  2.116 16 + 1
    0.422 1 4
  2.1719 10 + 1
    0.6704 1 2
  2.3063 8 - 1
    0.8048 1 2
  2.655 20 + 1
    0.961 1 4
  2.6871 12 + 2
    1.0473 0.3424 3
    1.1856 0.6576 2
  2.6961 16 - 1
    1.0021 1 4
  2.7607 22 - 2
    0.1057 0.7024 8
    1.0667 0.2976 4
  2.8814 24 + 2
    0.1207 0.007673 11
    0.2264 0.992327 8
  2.9673 6 - 1
    0.2066 1 11
  3.2978 24 + 2
    0.4164 0.6713 12
    0.5371 0.3287 11
  3.3576 28 + 1
    0.4762 1 12
  3.5103 2 - 1
    0.6289 1 12
  3.7351 6 - 1
    0.9744 1 11
  3.9911 30 - 1
    0.6335 1 15
  3.9981 4 - 1
    0.6405 1 15
  4.0668 34 - 2
    0.0757 0.903573 18
    0.7092 0.096427 15
  4.1351 32 - 1
    0.0683 1 20
  4.1513 6 - 1
    0.7937 1 15
  4.5827 34 - 2
    0.4476 0.2577 21
    0.5159 0.7423 20
  5.1146 36 - 3
    0.5319 0.504595 23
    0.9795 0.058309 21
    1.0478 0.437096 20
  5.4272 40 + 2
    0.8445 0.2517 23
    1.3604 0.7483 20
  5.7724 38 - 2
    0.3452 0.078872 25
    0.6578 0.921128 24
  6.1674 40 + 1
    0.395 1 26

86 213 20
  0 9 + 0
  0.705 11 + 1
    0.705 1 0
  0.8961 15 - 2
    0.1911 0.044929 1
    0.8961 0.955071 0
  1.2596 13 + 1
    1.2596 1 0
  1.529 17 + 2
    0.2694 0.01859 3
    0.6329 0.98141 2
  1.5741 5 + 1
    0.3145 1 3
  1.6124 7 + 2
    0.3528 0.2647 3
    0.9074 0.7353 1
  1.664 21 + 2
    0.135 0.98898 4
    0.7679 0.01102 2
  1.7035 3 + 1
    0.0395 1 7
  1.7459 1 - 1
    0.2169 1 4
  1.7887 5 - 1
    0.2597 1 4
  1.8794 7 - 1
    1.1744 1 1
  1.9369 3 - 2
    0.2334 0.8403 8
    0.2729 0.1597 7
  2.0074 9 - 3
    0.2187 0.096766 10
    0.2615 0.096766 9
    0.3434 0.806468 7
  2.0728 11 - 2
    0.5438 0.1071 4
    1.1767 0.8929 2
  2.1843 5 - 1
    0.5203 1 7
  2.2275 7 + 1
    0.5635 1 7
  2.2575 3 - 1
    0.1847 1 14
  2.3271 9 + 1
    0.3902 1 12
  2.6107 1 - 1
    0.3832 1 16

86 214 49
  0 0 + 0
  0.6947 4 + 1
    0.6947 1 0
  1.1412 8 + 1
    0.4465 1 1
  1.3317 4 + 1
    0.637 1 1
  1.4427 12 + 1
    0.3015 1 2
  1.6251 16 + 1
    0.1824 1 4
  1.8005 8 - 1
    0.4688 1 3
  1.928 20 + 1
    0.3029 1 5
  1.9449 16 + 1
    0.3198 1 5
  2.0282 20 - 1
    0.4031 1 5
  2.0997 20 + 1
    0.1548 1 8
  2.2086 14 + 1
    0.7659 1 4
  2.3205 20 + 1
    0.2923 1 9
  2.3771 20 + 2
    0.4491 0.3825 7
    0.752 0.6175 5
  2.3947 22 - 1
    0.4667 1 7
  2.5048 16 - 1
    0.2962 1 11
  2.5571 22 - 1
    0.6291 1 7
  2.6487 24 - 1
    0.254 1 14
  2.6682 20 + 1
    0.7233 1 8
  2.6762 26 - 2
    0.2815 0.955938 14
    0.7482 0.044062 7
  2.6822 6 - 2
    0.3051 0.4286 13
    0.7542 0.5714 7
  2.6891 6 - 1
    0.7442 1 8
  2.8782 24 + 4
    0.202 0.03339 19
    0.2295 0.01784 17
    0.4835 0.007364 14
    0.9502 0.941406 7
  2.9171 10 - 1
    0.5224 1 14
  3.1481 28 + 2
    0.2699 0.2557 22
    0.4719 0.7443 19
  3.2687 28 + 1
    0.1206 1 24
  3.3279 32 + 1
    0.1798 1 24
  3.4654 2 - 1
    0.3173 1 24
  3.4901 36 + 1
    0.1622 1 26
  3.5401 6 - 1
    0.2122 1 26
  3.5787 36 - 1
    0.0886 1 28
  3.6104 32 + 2
    0.4623 0.791 24
    0.9342 0.209 19
  3.7459 38 - 2
    0.1672 0.1675 30
    0.2558 0.8325 28
  3.7533 4 - 1
    0.4254 1 26
  3.7912 8 - 1
    0.0453 1 32
  3.8276 40 - 1
    0.0817 1 32
  3.9072 10 - 1
    0.4171 1 28
  3.9409 6 - 1
    0.4755 1 27
  4.0642 2 + 1
    0.3183 1 32
  4.2205 4 - 1
    0.4746 1 32
  4.2502 8 + 1
    0.4226 1 35
  4.2622 6 - 1
    0.355 1 36
  4.5175 10 + 1
    0.7263 1 34
  4.5548 4 - 1
    0.8089 1 32
  4.5954 44 + 1
    0.7678 1 35
  4.7508 2 - 1
    0.1554 1 44
  4.8588 8 + 1
    0.3413 1 42
  4.9776 6 - 1
    0.2268 1 45
  5.051 12 + 1
    0.3002 1 45

86 215 5
  0 9 + 0
  0.2141 1 + 1
    0.2141 1 0
  0.2908 5 + 1
    0.2908 1 0
  0.31582 7 + 1
    0.31582 1 0
  0.8057 7 + 3
    0.48988 0.333333 3
    0.5916 0.333333 1
    0.8057 0.333333 0

86 216 21
  0 0 + 0
  0.4614 4 + 1
    0.4614 1 0
  0.8405 8 + 1
    0.3791 1 1
  1.2259 12 + 1
    0.3854 1 2
  1.645 16 + 1
    0.4191 1 3
  1.7857 6 + 1
    0.5598 1 3
  1.8375 10 + 1
    0.1925 1 4
  1.932 2 + 1
    0.287 1 4
  1.9397 20 + 2
    0.1022 0.2964 6
    0.2947 0.7036 4
  2.3425 6 - 1
    0.4105 1 7
  2.4056 24 + 1
    0.4659 1 8
  2.5983 26 - 1
    0.1927 1 10
  2.8261 28 + 2
    0.2278 0.158 11
    0.4205 0.842 10
  2.9654 4 - 1
    0.6229 1 9
  3.0721 30 - 2
    0.246 0.4215 12
    0.4738 0.5785 11
  3.2383 32 + 2
    0.1662 0.0727 14
    0.4122 0.9273 12
  3.4694 34 - 2
    0.2311 0.4815 15
    0.3973 0.5185 14
  3.5724 36 + 1
    0.3341 1 15
  3.7797 38 - 2
    0.2073 0.1472 17
    0.3103 0.8528 16
  4.0718 8 - 2
    0.2921 0.5729 18
    0.4994 0.4271 17
  4.2997 6 - 1
    0.52 1 18

86 217 12
  0 9 + 0
  0.0889 1 + 1
    0.0889 1 0
  0.09302 7 + 2
    0.00412 0.5 1
    0.09302 0.5 0
  0.14918 5 + 2
    0.05616 0.1293 2
    0.14918 0.8707 0
  0.1743 3 + 2
    0.0854 0.002281 1
    0.1743 0.997719 0
  0.2352 3 + 1
    0.08602 1 3
  0.295 11 + 1
    0.20198 1 2
  0.375 3 + 2
    0.1398 0.345 5
    0.22582 0.655 3
  0.3822 7 + 4
    0.2079 0.3333 4
    0.23302 0.1124 3
    0.28918 0.3876 2
    0.3822 0.1667 0
  0.4745 13 - 1
    0.4745 1 0
  0.5696 5 - 3
    0.3953 0.215 4
    0.42042 0.5 3
    0.47658 0.285 2
  0.6189 9 - 3
    0.4446 0.4 4
    0.46972 0.3 3
    0.52588 0.3 2

86 218 24
  0 0 + 0
  0.32432 4 + 1
    0.32432 1 0
  0.65318 8 + 1
    0.32886 1 1
  0.796911 6 - 2
    0.143731 0.031919 2
    0.472591 0.968081 1
  0.840172 6 - 2
    0.515852 0.3341 1
    0.840172 0.6659 0
  1.0143 12 + 1
    0.36112 1 2
  1.0261 10 - 1
    0.37292 1 2
  1.3279 14 - 2
    0.3018 0.6798 6
    0.3136 0.3202 5
  1.3929 16 + 1
    0.3786 1 5
  1.6943 18 - 1
    0.3664 1 7
  1.7752 20 + 1
    0.3823 1 8
  2.0709 22 - 1
    0.3766 1 9
  2.1689 24 + 1
    0.3937 1 10
  2.4579 26 - 1
    0.387 1 11
  2.5766 28 + 1
    0.4077 1 12
  2.853 30 - 1
    0.3951 1 13
  3.002 32 + 1
    0.4254 1 14
  3.2652 34 - 1
    0.4122 1 15
  3.4375 36 + 1
    0.4355 1 16
  3.6832 38 - 1
    0.418 1 17
  3.8594 40 + 1
    0.4219 1 18
  4.287 44 + 1
    0.4276 1 20
  4.725 48 + 1
    0.438 1 21
  5.1678 52 + 1
    0.4428 1 22

86 219 31
  0 5 + 0
  0.00447 9 + 1
    0.00447 1 0
  0.01437 7 + 2
    0.0099 0.6061 1
    0.01437 0.3939 0
  0.12677 11 + 1
    0.1223 1 1
  0.15864 7 + 4
    0.03187 0.004489 3
    0.14427 0.370912 2
    0.15417 0.561417 1
    0.15864 0.063182 0
  0.26948 3 + 3
    0.11084 0.01458 4
    0.25511 0.002515 2
    0.26948 0.982905 0
  0.33827 5 + 4
    0.17963 0.045581 4
    0.3239 0.558917 2
    0.3338 0.01029 1
    0.33827 0.385212 0
  0.34278 7 - 2
    0.32841 0.4851 2
    0.34278 0.5149 0
  0.37626 9 + 4
    0.24949 0.078278 3
    0.36189 0.079068 2
    0.37179 0.825584 1
    0.37626 0.01707 0
  0.37733 9 - 2
    0.36296 0.231 2
    0.37286 0.769 1
  0.3971 7 + 1
    0.27033 1 3
  0.44503 5 + 5
    0.10225 0.000574 7
    0.10676 0.148399 6
    0.17555 0.03741 5
    0.43066 0.01222 2
    0.44503 0.801397 0
  0.44682 5 - 6
    0.06949 0.105901 9
    0.10404 0.398804 7
    0.10855 0.01342 6
    0.17734 0.101201 5
    0.28818 0.313203 4
    0.43245 0.067471 2
  0.49092 9 - 1
    0.11466 1 8
  0.5145 9 + 5
    0.13824 0.295412 8
    0.35586 0.103904 4
    0.38773 0.543322 3
    0.50013 0.043162 2
    0.51003 0.014201 1
  0.5177 7 + 1
    0.07088 1 12
  0.54199 7 + 5
    0.16573 0.191 8
    0.38335 0.1476 4
    0.52762 0.6307 2
    0.53752 0.01819 1
    0.54199 0.01251 0
  0.5941 7 - 6
    0.10318 0.358905 13
    0.14728 0.182603 12
    0.25132 0.409106 7
    0.25583 0.034211 6
    0.57973 0.007589 2
    0.5941 0.007586 0
  0.59872 5 + 4
    0.22139 0.24588 9
    0.26045 0.081683 6
    0.58435 0.009992 2
    0.59872 0.662445 0
  0.62368 5 - 4
    0.24742 0.420692 8
    0.60931 0.473791 2
    0.61921 0.034469 1
    0.62368 0.071049 0
  0.6461 9 - 6
    0.1316 0.275114 14
    0.19928 0.170509 12
    0.48746 0.448422 4
    0.63173 0.017851 2
    0.64163 0.066913 1
    0.6461 0.021191 0
  0.6726 7 - 1
    0.54583 1 3
  0.7113 7 + 3
    0.36852 0.653839 7
    0.69693 0.054443 2
    0.7113 0.291717 0
  0.7328 9 + 7
    0.28598 0.215704 12
    0.35547 0.228805 9
    0.39002 0.379808 7
    0.57416 0.065901 4
    0.71843 0.078902 2
    0.72833 0.01575 1
    0.7328 0.01513 0
  0.748 3 - 2
    0.40973 0.5 6
    0.748 0.5 0
  0.773 1 - 2
    0.32618 0.5 12
    0.50352 0.5 5
  0.8 13 - 2
    0.42267 0.5 9
    0.67323 0.5 3
  0.83 3 - 2
    0.49173 0.5 6
    0.83 0.5 0
  0.851 11 - 2
    0.50822 0.5 7
    0.84653 0.5 1
  0.861 1 - 2
    0.41418 0.5 12
    0.59152 0.5 5
  0.873 3 - 2
    0.53473 0.5 6
    0.873 0.5 0

86 220 22
  0 0 + 0
  0.240986 4 + 1
    0.240986 1 0
  0.53368 8 + 1
    0.292694 1 1
  0.64544 2 - 2
    0.404454 0.293 1
    0.64544 0.707 0
  0.66303 6 - 1
    0.422044 1 1
  0.8519 10 - 2
    0.18887 0.2854 4
    0.31822 0.7146 2
  0.87388 12 + 1
    0.3402 1 2
  1.1282 14 - 2
    0.25432 0.2674 6
    0.2763 0.7326 5
  1.2443 16 + 1
    0.37042 1 6
  1.4621 18 - 2
    0.2178 0.1198 8
    0.3339 0.8802 7
  1.6311 20 + 1
    0.3868 1 8
  1.834 22 - 1
    0.3719 1 9
  2.0339 24 + 1
    0.4028 1 10
  2.2271 26 - 1
    0.3931 1 11
  2.4527 28 + 1
    0.4188 1 12
  2.6383 30 - 1
    0.4112 1 13
  2.887 32 + 1
    0.4343 1 14
  3.0686 34 - 1
    0.4303 1 15
  3.3253 36 + 1
    0.4383 1 16
  3.5098 38 - 1
    0.4412 1 17
  3.7639 40 + 1
    0.4386 1 18
  3.9615 42 - 1
    0.4517 1 19

86 221 2
  0 7 + 0
  0.03 3 + 1
    0.03 1 0

86 222 5
  0 0 + 0
  0.186211 4 + 1
    0.186211 1 0
  0.44837 8 + 1
    0.262159 1 1
  0.60066 2 - 2
    0.414449 0.3771 1
    0.60066 0.6229 0
  0.63547 6 - 1
    0.449259 1 1

86 223 1
  0 7 - 0

86 224 1
  0 0 + 0

86 225 1
  0 7 - 0

86 226 1
  0 0 + 0

86 227 1
  0 5 - 0

86 228 1
  0 0 + 0

86 229 1
  0 1 + 0

86 230 1
  0 0 + 0

86 231 1
  0 5 + 0

