44 88 5
  0 0 + 0
  0.6162 4 + 1
    0.6162 1 0
  1.416 8 + 1
    0.7998 1 1
  2.3803 12 + 1
    0.9643 1 2
  3.48 16 + 1
    1.0997 1 3

44 89 14
  0 9 + 0
  0.8637 13 + 1
    0.8637 1 0
  1.7277 5 + 1
    0.864 1 1
  1.9174 17 + 1
    1.0537 1 1
  1.9677 3 + 1
    1.104 1 1
  2.4584 7 + 2
    0.4907 0.422 4
    0.541 0.578 3
  2.7669 1 + 1
    0.8495 1 3
  2.9539 21 + 1
    1.0365 1 3
  3.0285 5 + 1
    1.1111 1 3
  3.221 3 - 1
    0.7626 1 5
  3.3025 25 + 1
    0.3486 1 7
  4.2193 29 + 1
    0.9168 1 10
  5.3094 7 - 1
    1.0901 1 11
  6.2392 11 - 1
    0.929801 1 12

44 90 10
  0 0 + 0
  0.738 4 + 1
    0.738 1 0
  1.63811 8 + 1
    0.90011 1 1
  2.5843 12 + 1
    0.94619 1 2
  3.0962 16 + 1
    0.5119 1 3
  3.9818 20 + 1
    0.8856 1 4
  4.9574 24 + 1
    0.9756 1 5
  5.7304 6 + 1
    0.773 1 6
  6.0974 30 + 1
    0.367 1 7
  6.3879 32 + 1
    0.2905 1 8

44 91 33
  0 9 + 0
  0.1 1 - 1
    0.1 1 0
  0.9735 13 + 1
    0.9735 1 0
  1.872 17 + 1
    0.8985 1 2
  1.893 13 - 1
    0.9195 1 2
  2.2 17 - 2
    0.307 0.1009 4
    0.328 0.8991 3
  2.2538 15 - 1
    0.3608 1 4
  2.3694 21 + 1
    0.4974 1 3
  2.4093 17 - 3
    0.1555 0.2858 6
    0.2093 0.3635 5
    0.5163 0.3507 4
  2.7093 19 - 2
    0.3 0.6397 8
    0.5093 0.3603 5
  2.9276 19 - 2
    0.2183 0.2547 9
    0.7276 0.7453 5
  2.9853 23 + 1
    0.6159 1 7
  3.0049 19 - 2
    0.2956 0.6025 9
    0.8049 0.3975 5
  3.1643 21 - 3
    0.2367 0.162897 10
    0.455 0.083318 9
    0.9643 0.753785 5
  3.1925 25 + 2
    0.2072 0.5813 11
    0.8231 0.4187 7
  3.5546 23 - 3
    0.3903 0.522452 13
    0.5497 0.130013 12
    0.8453 0.347535 9
  3.6336 25 + 2
    0.6483 0.3793 11
    1.2642 0.6207 7
  3.8939 23 - 2
    0.3393 0.2267 15
    0.889 0.7733 12
  3.9698 27 + 2
    0.3362 0.3814 16
    0.7773 0.6186 14
  4.0358 25 - 2
    0.1419 0.1094 17
    0.8715 0.8906 13
  4.1516 29 + 2
    0.1818 0.313 18
    0.9591 0.687 14
  4.3797 27 - 2
    0.3439 0.5075 19
    0.8251 0.4925 15
  4.9919 29 - 2
    0.6122 0.917618 21
    1.0221 0.082382 18
  5.1088 33 + 1
    0.9572 1 20
  5.9617 35 + 1
    0.8529 1 23
  5.9964 33 - 1
    1.0045 1 22
  6.085 37 + 2
    0.123301 0.4679 24
    0.976201 0.5321 23
  6.3138 35 - 1
    0.3174 1 25
  6.9223 37 - 1
    0.6085 1 27
  7.5152 41 + 1
    1.4302 1 26
  7.5168 39 - 1
    1.203 1 27
  8.149 41 - 1
    1.2267 1 28
  9.63 5 + 1
    1.481 1 31

44 92 37
  0 0 + 0
  0.8646 4 + 1
    0.8646 1 0
  1.8549 8 + 1
    0.9903 1 1
  2.5352 10 - 2
    0.6803 0.5652 2
    1.6706 0.4348 1
  2.6715 12 + 1
    0.8166 1 2
  2.8339 16 + 1
    0.1624 1 4
  2.9945 16 + 1
    0.1606 1 5
  3.2922 14 - 1
    0.757 1 3
  3.7982 20 + 1
    0.8037 1 6
  3.9314 18 - 1
    0.6392 1 7
  4.3631 24 + 1
    0.564901 1 8
  4.7052 22 - 1
    0.7738 1 9
  5.215 26 + 1
    0.851899 1 10
  5.2676 6 - 1
    0.562401 1 11
  5.2819 28 + 1
    0.918799 1 10
  5.3696 2 - 1
    0.101999 1 13
  5.5721 28 + 1
    0.3571 1 12
  5.5987 26 - 2
    0.229101 0.3786 15
    0.893501 0.6214 11
  5.6581 30 + 2
    0.086 0.8626 16
    0.3762 0.1374 14
  5.7417 32 + 1
    0.083601 1 18
  6.1453 32 + 1
    0.4872 1 18
  6.6214 30 - 2
    0.9633 0.3288 18
    1.0227 0.6712 17
  6.9956 34 + 2
    0.8503 0.4507 20
    1.3375 0.5493 18
  7.0607 34 - 2
    0.4393 0.312 21
    1.319 0.688 19
  7.5042 36 + 1
    0.5086 1 22
  7.6589 36 - 1
    0.5982 1 23
  8.001 38 - 1
    0.3421 1 25
  8.47 38 + 1
    0.9658 1 24
  8.647 4 - 2
    0.177 0.5988 27
    1.1428 0.4012 24
  8.912 40 + 1
    1.4078 1 24
  9.233 42 - 1
    1.232 1 26
  9.433 40 + 2
    0.963001 0.7094 27
    1.9288 0.2906 24
  10.741 6 - 1
    1.508 1 30
  10.886 42 + 2
    1.974 0.6061 29
    2.239 0.3939 28
  10.996 4 - 2
    1.563 0.6536 31
    2.349 0.3464 28
  11.259 6 - 2
    0.263001 0.4152 34
    0.373 0.5848 33
  11.311 2 - 1
    2.078 1 30

44 93 46
  0 9 + 0
  0.7344 1 - 1
    0.7344 1 0
  1.35942 11 + 1
    1.35942 1 0
  1.39211 13 + 1
    1.39211 1 0
  1.62992 9 + 1
    1.62992 1 0
  1.8421 13 - 2
    0.48268 0.3944 2
    1.8421 0.6056 0
  1.9363 17 + 1
    0.54419 1 3
  2.0825 21 + 1
    0.1462 1 6
  2.1128 15 + 2
    0.1765 0.6393 6
    0.72069 0.3607 3
  2.1294 17 + 2
    0.1931 0.3617 6
    0.73729 0.6383 3
  2.27353 13 + 2
    0.64361 0.4687 4
    2.27353 0.5313 0
  2.2805 17 - 3
    0.1511 0.178291 9
    0.1677 0.747463 8
    0.3442 0.074246 6
  2.7133 19 - 1
    0.4328 1 11
  2.7337 23 + 1
    0.6512 1 7
  3.1211 25 + 2
    0.3874 0.974851 13
    1.0386 0.025149 7
  3.2405 21 - 2
    0.5272 0.596 12
    0.96 0.404 11
  3.3755 25 + 1
    1.293 1 7
  3.7227 25 - 3
    0.4822 0.2961 15
    0.6016 0.5623 14
    0.989 0.1416 13
  4.022 27 + 2
    0.6465 0.8335 16
    0.9009 0.1665 14
  4.237 27 - 1
    0.5143 1 17
  4.5002 29 + 2
    0.4782 0.7417 18
    1.3791 0.2583 14
  4.7872 29 - 1
    0.5502 1 19
  4.8502 31 - 2
    0.063001 0.6204 21
    0.613201 0.3796 19
  5.2717 31 + 1
    0.7715 1 20
  5.3427 33 + 3
    0.071 0.2383 23
    0.492499 0.1051 22
    0.8425 0.6566 20
  5.971 35 - 1
    1.1208 1 22
  6.3768 33 + 1
    1.1051 1 23
  7.8496 37 + 2
    1.4728 0.1526 26
    2.5069 0.8474 24
  7.8649 5 - 1
    2.5222 1 24
  7.981 37 + 2
    1.6042 0.7519 26
    2.6383 0.2481 24
  8.2041 39 - 1
    2.2331 1 25
  8.3311 3 - 1
    0.3501 1 29
  8.4639 39 + 1
    0.614301 1 27
  8.7357 39 + 1
    0.886101 1 27
  8.9621 37 - 1
    2.9911 1 25
  9.1458 5 - 3
    0.4101 0.3802 33
    0.6819 0.2776 32
    1.2962 0.3422 27
  9.4257 39 - 3
    0.4636 0.6548 34
    1.2216 0.2345 30
    3.4547 0.1107 25
  9.6374 39 - 2
    0.675301 0.4291 34
    1.6564 0.5709 29
  9.694 7 - 1
    0.548199 1 35
  10.0493 41 - 1
    0.411899 1 37
  10.0837 3 - 1
    0.389701 1 38
  10.3657 41 - 5
    0.7283 0.10169 37
    0.940001 0.534847 36
    1.4036 0.10159 34
    2.0346 0.106889 31
    2.1616 0.154985 30
  10.6841 43 - 3
    0.318399 0.7433 41
    1.0467 0.1467 37
    1.2584 0.11 36
  10.8844 5 + 1
    0.8007 1 40
  11.4008 45 - 1
    0.716701 1 42
  11.9502 47 - 1
    1.2661 1 42

44 94 75
  0 0 + 0
  1.43071 4 + 1
    1.43071 1 0
  2.1866 8 + 1
    0.75589 1 1
  2.498 12 + 1
    0.3114 1 2
  2.5032 8 + 1
    1.07249 1 1
  2.6244 10 - 2
    0.1264 0.3295 3
    0.4378 0.6705 2
  2.6441 16 + 1
    0.1461 1 3
  2.965 6 - 2
    0.7784 0.5 2
    1.53429 0.5 1
  2.995 0 + 2
    1.56429 0.5 1
    2.995 0.5 0
  3.117 6 + 1
    0.4926 1 5
  3.1773 10 - 1
    0.5529 1 5
  3.2547 6 - 1
    1.0681 1 2
  3.52 2 - 2
    2.08929 0.5 1
    3.52 0.5 0
  3.615 0 + 2
    2.18429 0.5 1
    3.615 0.5 0
  3.6576 14 - 1
    1.0332 1 5
  3.77 0 + 2
    2.33929 0.5 1
    3.77 0.5 0
  3.82 4 - 1
    0.703 1 9
  3.9301 16 + 1
    1.4321 1 3
  3.9912 20 + 1
    1.3471 1 6
  4 2 - 2
    2.56929 0.5 1
    4 0.5 0
  4.1973 18 - 3
    0.2672 0.1034 17
    0.5397 0.7681 14
    1.5532 0.1285 6
  4.3385 18 - 1
    0.6809 1 14
  4.4891 22 - 3
    0.1506 0.014249 21
    0.2918 0.320184 20
    0.4979 0.665567 18
  4.7166 24 + 2
    0.2275 0.015339 22
    0.7254 0.984661 18
  5.5678 26 - 1
    1.0787 1 22
  6.2751 24 + 1
    2.2839 1 18
  6.3576 24 + 2
    1.641 0.2481 23
    1.8685 0.7519 22
  6.6144 26 + 2
    0.2568 0.3465 26
    1.8978 0.6535 23
  6.9189 26 - 1
    2.4298 1 22
  7.1576 28 + 2
    0.5432 0.972871 27
    2.441 0.027129 23
  7.7683 26 - 1
    2.2005 1 24
  7.7731 30 + 2
    0.6155 0.8081 29
    1.1587 0.1919 27
  7.9099 30 + 3
    0.1368 0.069344 31
    0.7523 0.574735 29
    1.2955 0.355921 27
  7.97 28 - 1
    2.4022 1 24
  8.0394 28 + 2
    1.7643 0.6667 25
    3.3228 0.3333 23
  8.1332 30 - 1
    2.5654 1 24
  8.1523 28 - 2
    0.384 0.1821 30
    2.5845 0.8179 24
  8.2718 28 - 3
    0.1195 0.119196 36
    0.3018 0.044629 33
    2.704 0.836175 24
  8.4112 32 + 3
    0.501301 0.2693 32
    0.638101 0.6247 31
    1.2536 0.106 29
  8.5015 30 - 8
    0.2297 0.322506 37
    0.3492 0.120402 36
    0.368299 0.086092 35
    0.4621 0.073291 34
    0.5315 0.093192 33
    0.7332 0.085082 30
    1.3439 0.201604 29
    1.5826 0.01783 28
  8.7367 30 - 4
    0.464901 0.2698 37
    0.584401 0.5073 36
    0.6035 0.1116 35
    0.963601 0.1113 31
  8.8534 30 - 2
    0.581601 0.4086 37
    0.701101 0.5914 36
  8.9967 32 - 2
    0.259999 0.097445 40
    0.4952 0.902555 39
  9.0417 34 + 2
    0.630499 0.8947 38
    1.2686 0.1053 31
  9.1349 32 - 3
    0.2815 0.3713 41
    0.3982 0.4961 40
    1.225 0.1326 32
  9.2542 34 - 2
    0.1193 0.067647 44
    0.257501 0.932353 42
  9.464 32 - 2
    0.6106 0.926128 41
    1.6909 0.073872 31
  9.5266 36 + 1
    0.4849 1 43
  9.7892 34 - 4
    0.3252 0.127303 46
    0.6543 0.136603 44
    0.792501 0.679114 42
    1.2877 0.056981 39
  9.921 38 + 2
    0.3944 0.7594 47
    0.8793 0.2406 43
  9.9286 36 - 6
    0.139399 0.334323 48
    0.402 0.024332 47
    0.674399 0.14871 45
    0.793699 0.255718 44
    0.8869 0.044203 43
    0.9319 0.192713 42
  10.1294 34 - 1
    1.7182 1 38
  10.4443 38 - 2
    0.515701 0.5139 50
    1.1901 0.4861 45
  10.5448 36 - 1
    0.4154 1 51
  11.0418 40 - 2
    0.597499 0.18 52
    1.1132 0.82 50
  11.4517 38 + 1
    2.41 1 43
  12.0772 4 + 1
    2.1562 1 49
  12.4296 4 + 1
    2.5086 1 49
  12.4841 6 + 1
    2.0398 1 52
  12.9228 40 - 2
    1.881 0.5376 54
    2.378 0.4624 53
  12.94 40 + 1
    3.019 1 49
  13.0534 44 - 1
    2.0116 1 54
  13.0777 42 - 1
    2.0359 1 54
  13.247 4 + 1
    1.7953 1 55
  13.6238 42 + 1
    3.7028 1 49
  13.8969 42 - 3
    1.4128 0.408159 58
    2.8551 0.273473 54
    3.4526 0.318368 52
  13.917 4 + 1
    0.8636 1 61
  13.9388 6 + 1
    2.897 1 54
  14.2267 42 - 1
    3.1849 1 54
  14.2935 46 - 2
    1.2158 0.5848 62
    1.2401 0.4152 61
  14.6748 2 + 1
    3.633 1 54
  14.8057 4 + 2
    0.8669 0.7874 67
    3.7639 0.2126 54
  15.2894 6 + 2
    1.3925 0.813 65
    2.8053 0.187 58
  16.7674 2 + 1
    1.478 1 72
  18.3214 4 + 1
    1.554 1 73

44 95 72
  0 5 + 0
  0.7877 1 + 1
    0.7877 1 0
  0.89 3 + 1
    0.89 1 0
  0.94179 7 + 1
    0.94179 1 0
  1.141 5 + 2
    0.3533 0.5 1
    1.141 0.5 0
  1.35208 9 + 2
    0.41029 0.036861 3
    1.35208 0.963139 0
  1.49468 9 + 2
    0.55289 0.028271 3
    1.49468 0.971729 0
  1.524 7 + 1
    1.524 1 0
  1.92529 7 - 3
    0.40129 0.367604 7
    0.9835 0.01119 3
    1.92529 0.621206 0
  2.02962 13 + 2
    0.67754 0.994049 5
    2.02962 0.005951 0
  2.0675 11 + 1
    0.71542 1 5
  2.117 9 + 3
    0.62232 0.417042 6
    0.76492 0.337434 5
    1.17521 0.245525 3
  2.1557 9 - 2
    0.66102 0.6624 6
    2.1557 0.3376 0
  2.24692 11 + 3
    0.89484 0.48021 5
    1.30513 0.49981 3
    2.24692 0.01998 0
  2.25884 9 + 4
    0.22922 0.394128 9
    0.90676 0.099887 5
    1.31705 0.494135 3
    2.25884 0.011851 0
  2.2682 9 - 2
    1.32641 0.6494 3
    2.2682 0.3506 0
  2.284 17 + 1
    0.25438 1 9
  2.294 9 + 2
    1.153 0.5 4
    2.294 0.5 0
  2.43111 3 - 4
    0.40149 0.086856 9
    1.07903 0.252387 5
    1.48932 0.647168 3
    2.43111 0.013589 0
  2.4502 11 - 2
    0.3827 0.5 10
    1.09812 0.5 5
  2.49312 13 - 3
    0.2462 0.4635 13
    0.4635 0.1125 9
    1.14104 0.424 5
  2.538 21 + 1
    0.254 1 16
  2.5751 5 - 1
    0.2911 1 16
  2.69099 3 - 4
    0.66137 0.516321 9
    1.33891 0.24261 5
    1.7492 0.216809 3
    2.69099 0.024261 0
  2.6956 9 - 3
    0.66598 0.443456 9
    1.75381 0.241676 3
    2.6956 0.314869 0
  2.713 5 - 2
    1.77121 0.5 3
    1.823 0.5 2
  2.7743 15 - 2
    0.28118 0.950848 20
    0.74468 0.049152 9
  2.9023 3 - 3
    1.3783 0.523569 7
    1.55022 0.408376 5
    2.9023 0.068056 0
  2.9994 1 - 1
    0.7154 1 16
  3.0629 5 - 2
    2.12111 0.6173 3
    3.0629 0.3827 0
  3.1645 7 - 2
    2.22271 0.813 3
    3.1645 0.187 0
  3.1863 3 - 1
    3.1863 1 0
  3.214 1 + 2
    2.4263 0.5 1
    3.214 0.5 0
  3.3629 19 + 3
    0.3635 0.537454 28
    0.7878 0.20422 22
    0.8249 0.258326 21
  3.383 5 - 2
    2.44121 0.5 3
    2.493 0.5 2
  3.4072 3 - 1
    3.4072 1 0
  3.4778 17 - 2
    0.7035 0.592 26
    0.98468 0.408 20
  3.55123 7 + 3
    1.29239 0.2749 14
    2.60944 0.4739 3
    3.55123 0.2512 0
  3.6558 5 + 3
    1.3876 0.546444 15
    2.71401 0.426234 3
    3.6558 0.027322 0
  3.6867 7 - 2
    2.33462 0.7353 5
    3.6867 0.2647 0
  3.7022 19 - 3
    0.2244 0.205398 36
    0.9279 0.735793 26
    1.1271 0.058809 22
  3.7336 3 + 2
    2.79181 0.8718 3
    3.7336 0.1282 0
  3.744 1 + 2
    1.5883 0.4565 12
    1.71438 0.5435 9
  3.7791 9 + 3
    1.74948 0.3937 9
    2.42702 0.2126 5
    3.7791 0.3937 0
  3.8245 3 - 1
    3.8245 1 0
  3.8303 25 + 1
    1.2923 1 21
  3.9758 5 - 3
    1.71696 0.5397 14
    3.03401 0.4263 3
    3.9758 0.034 0
  3.9836 7 - 2
    3.04181 0.4898 3
    3.9836 0.5102 0
  3.9857 21 - 3
    0.2835 0.656893 40
    0.5079 0.246298 36
    0.6228 0.096809 33
  4.1777 5 + 2
    3.23591 0.7634 3
    4.1777 0.2366 0
  4.1928 23 - 3
    0.2071 0.742874 48
    0.4906 0.128913 40
    1.6548 0.128213 21
  4.5029 29 + 1
    0.6726 1 45
  4.5058 25 - 1
    0.313 1 50
  4.7445 27 - 2
    0.2387 0.8952 52
    0.5517 0.1048 50
  5.6166 29 - 2
    0.872101 0.6804 53
    1.1108 0.3196 52
  5.7745 31 - 2
    0.157899 0.1047 54
    1.03 0.8953 53
  6.6438 3 + 1
    2.1409 1 51
  6.7776 5 + 1
    2.2747 1 51
  6.8248 7 + 1
    0.181 1 56
  7.0639 1 + 1
    1.2894 1 55
  7.5274 3 + 1
    1.7529 1 55
  7.5297 5 - 2
    0.704901 0.4186 58
    0.885901 0.5814 56
  7.6817 35 - 1
    1.9072 1 55
  7.7623 7 + 1
    0.2349 1 60
  8.1038 3 + 2
    0.574099 0.925928 61
    1.279 0.074072 58
  8.1372 5 - 1
    1.0733 1 59
  8.3085 35 - 1
    2.534 1 55
  8.7026 1 + 1
    0.5988 1 64
  8.7353 7 + 1
    1.0536 1 62
  8.8493 3 - 2
    0.7455 0.5499 64
    1.3196 0.4501 61
  9.3415 5 + 2
    0.4922 0.7103 69
    1.2377 0.2897 64
  12.1609 1 - 3
    2.8194 0.32 70
    3.3116 0.18 69
    3.4583 0.5 67

44 96 115
  0 0 + 0
  0.83256 4 + 1
    0.83256 1 0
  1.51805 8 + 1
    0.68549 1 1
  1.93107 4 + 2
    1.09851 0.943428 1
    1.93107 0.056572 0
  2.14878 0 + 1
    1.31622 1 1
  2.21681 12 + 1
    0.69876 1 2
  2.28388 4 + 2
    1.45132 0.930263 1
    2.28388 0.069737 0
  2.46216 8 - 1
    0.94411 1 2
  2.52485 6 + 3
    0.59378 0.060499 3
    1.0068 0.090109 2
    1.69229 0.849391 1
  2.52847 2 + 2
    1.69591 0.7692 1
    2.52847 0.2308 0
  2.57602 4 + 2
    1.74346 0.6993 1
    2.57602 0.3007 0
  2.57902 6 + 2
    0.64795 0.3717 3
    1.74646 0.6283 1
  2.58841 10 - 1
    1.07036 1 2
  2.64999 6 - 4
    0.36611 0.042619 6
    0.71892 0.030899 3
    1.13194 0.154497 2
    1.81743 0.771985 1
  2.6998 8 + 2
    0.23764 0.5 7
    1.18175 0.5 2
  2.73978 4 + 4
    0.4559 0.024492 6
    0.591 0.001743 4
    0.80871 0.695847 3
    1.90722 0.277919 1
  2.7602 10 - 1
    1.24215 1 2
  2.79389 10 - 2
    0.57708 0.599 5
    1.27584 0.401 2
  2.85112 6 - 4
    0.56724 0.061457 6
    0.92005 0.069087 3
    1.33307 0.102095 2
    2.01856 0.767362 1
  2.89164 12 + 1
    0.67483 1 5
  2.89761 6 + 5
    0.43545 0.014579 7
    0.61373 0.097274 6
    0.96654 0.485471 3
    1.37956 0.305682 2
    2.06505 0.096994 1
  2.95039 16 + 1
    0.73358 1 5
  2.9878 8 + 1
    2.15524 1 1
  2.9963 8 + 4
    0.47145 0.111202 8
    0.53414 0.02288 7
    1.47825 0.129003 2
    2.16374 0.736915 1
  3.06046 8 + 3
    0.77658 0.1726 6
    1.12939 0.6896 3
    2.2279 0.1378 1
  3.07221 6 - 1
    0.4838 1 12
  3.07628 6 - 6
    0.42629 0.084216 13
    0.48787 0.149293 12
    0.61412 0.037218 7
    1.14521 0.255187 3
    1.55823 0.463877 2
    2.24372 0.010209 1
  3.08365 12 - 1
    1.5656 1 2
  3.0902 4 + 2
    2.25764 0.939847 1
    3.0902 0.060153 0
  3.15424 2 + 3
    1.22317 0.209006 3
    2.32168 0.044771 1
    3.15424 0.746222 0
  3.16676 12 + 1
    1.64871 1 2
  3.1724 18 + 1
    0.22201 1 21
  3.21013 12 + 2
    1.69208 0.6098 2
    2.37757 0.3902 1
  3.2322 8 - 1
    1.30113 1 3
  3.26103 4 + 3
    1.74298 0.709179 2
    2.42847 0.226993 1
    3.26103 0.063828 0
  3.2813 6 - 1
    0.69289 1 12
  3.2824 2 + 1
    3.2824 1 0
  3.29146 14 - 1
    0.70305 1 12
  3.29916 8 + 5
    0.40752 0.148804 19
    0.53896 0.032771 16
    0.77431 0.229407 8
    1.78111 0.180005 2
    2.4666 0.409012 1
  3.30678 10 - 4
    0.41514 0.195502 19
    0.65679 0.073291 13
    1.08997 0.121901 5
    1.78873 0.609306 2
  3.36254 8 + 1
    1.14573 1 5
  3.37755 10 + 6
    0.30127 0.02219 26
    0.48591 0.042959 19
    0.8527 0.041429 8
    0.91539 0.088138 7
    1.16074 0.667787 5
    1.8595 0.137497 2
  3.38051 12 + 4
    0.43012 0.197788 21
    0.48887 0.034358 19
    0.58662 0.134892 17
    1.1637 0.632962 5
  3.4479 2 - 1
    3.4479 1 0
  3.4796 2 - 1
    3.4796 1 0
  3.54452 4 - 3
    0.23774 0.1833 39
    0.59413 0.5556 21
    1.32771 0.2611 5
  3.7065 2 - 4
    0.39972 0.044798 39
    0.40734 0.210792 38
    0.91261 0.085637 17
    1.48969 0.658774 5
  3.74287 4 - 3
    0.38033 0.217 40
    1.52606 0.4717 5
    2.22482 0.3113 2
  3.75515 2 - 2
    0.86351 0.04671 19
    1.53834 0.95329 5
  3.80569 6 - 2
    1.0118 0.3464 17
    1.58888 0.6536 5
  3.81722 20 + 1
    0.86683 1 21
  3.88723 4 - 2
    0.99559 0.1504 19
    1.67042 0.8496 5
  3.9286 20 + 1
    0.11138 1 50
  3.95108 18 - 3
    0.65962 0.96811 37
    0.77868 0.01643 31
    1.00069 0.01546 21
  4.05752 2 - 2
    1.84071 0.4536 5
    2.53947 0.5464 2
  4.08028 6 - 4
    0.69977 0.094127 42
    1.18864 0.588241 19
    1.28639 0.252918 17
    2.14921 0.064715 3
  4.11299 4 - 3
    1.1626 0.203798 21
    1.52458 0.04151 12
    1.89618 0.754692 5
  4.1482 2 - 1
    1.93139 1 5
  4.2108 0 - 2
    1.4506 0.5 16
    1.99399 0.5 5
  4.2621 6 - 1
    0.44488 1 50
  4.265 22 + 1
    0.3364 1 52
  4.41827 24 + 1
    0.60105 1 50
  4.52108 4 - 2
    1.99623 0.7669 8
    2.05892 0.2331 7
  4.53403 20 - 1
    0.58295 1 53
  4.56093 6 - 3
    1.01641 0.1863 45
    1.26177 0.3235 38
    1.80073 0.4902 16
  4.5925 4 - 1
    1.04798 1 45
  4.5989 2 - 1
    0.3368 1 59
  4.7109 24 + 3
    0.29263 0.2878 61
    0.4459 0.3968 60
    0.89368 0.3154 50
  4.77742 10 + 7
    0.89019 0.199108 51
    1.39987 0.058842 41
    1.47064 0.226309 39
    1.70114 0.135705 26
    1.88578 0.190008 19
    2.25257 0.131205 8
    2.56061 0.058822 5
  4.7987 22 - 2
    0.26467 0.020371 63
    0.84762 0.979629 53
  4.866 4 - 1
    0.44773 1 61
  4.94964 10 + 6
    1.64286 0.34012 39
    2.05203 0.112207 20
    2.36123 0.149709 12
    2.42479 0.112207 8
    2.73283 0.095246 5
    3.43159 0.190511 2
  5.2743 6 - 1
    0.4756 1 69
  5.5319 26 + 1
    0.821 1 67
  5.5339 22 - 2
    0.7352 0.3067 69
    0.99987 0.6933 63
  5.54147 2 - 1
    2.16392 1 41
  5.68069 28 + 2
    0.14879 0.072491 73
    1.26242 0.927509 61
  5.7502 26 - 2
    0.2183 0.147 73
    0.9515 0.853 69
  5.9785 28 + 1
    0.4466 1 73
  5.9945 4 - 1
    1.1958 1 69
  6.2783 28 - 3
    0.5281 0.6033 77
    0.59761 0.1984 76
    0.7464 0.1983 73
  6.44161 32 + 1
    0.76092 1 76
  6.6789 6 + 1
    0.23729 1 81
  6.7541 30 - 2
    0.4758 0.3952 80
    1.0039 0.6048 77
  6.7698 8 + 1
    0.32819 1 81
  6.7771 32 - 1
    0.498801 1 80
  7.415 34 + 1
    0.97339 1 81
  7.4252 32 + 2
    1.4467 0.5001 78
    1.74451 0.4999 76
  7.5348 34 + 1
    1.09319 1 81
  7.5583 34 - 1
    0.781199 1 85
  7.9512 34 - 1
    1.1971 1 83
  8.1876 34 + 1
    1.74599 1 81
  8.2057 36 + 2
    0.780501 0.2251 87
    1.76409 0.7749 81
  8.236 36 - 2
    0.6777 0.943491 89
    1.4589 0.056509 85
  8.4996 34 + 1
    2.05799 1 81
  8.6441 36 + 1
    1.2291 1 86
  8.7362 36 + 2
    0.5002 0.5004 93
    2.29459 0.4996 81
  8.9688 36 + 1
    0.781201 1 91
  9.101 36 + 1
    0.601401 1 94
  9.2491 40 + 1
    1.0434 1 92
  9.2503 36 - 1
    1.2991 1 90
  9.3914 38 - 2
    1.1554 0.6667 93
    1.4402 0.3333 90
  9.5864 40 + 1
    0.850201 1 96
  9.6653 38 - 1
    1.4293 1 93
  9.7134 38 + 1
    0.977201 1 96
  9.8522 40 + 1
    0.7512 1 98
  9.8923 42 - 1
    0.227001 1 103
  9.9924 42 - 1
    0.601 1 101
  9.9974 42 + 1
    0.748301 1 99
  10.5928 44 + 1
    0.595399 1 108
  10.6315 44 + 1
    1.3824 1 99
  10.7204 44 + 1
    1.134 1 102
  11.0661 44 + 1
    1.817 1 99
  11.3601 44 + 1
    2.111 1 99
  11.6014 46 - 1
    1.609 1 107

44 97 135
  0 5 + 0
  0.18922 3 + 1
    0.18922 1 0
  0.42154 7 + 1
    0.42154 1 0
  0.52784 3 + 2
    0.33862 0.1815 1
    0.52784 0.8185 0
  0.61079 3 - 2
    0.42157 0.958829 1
    0.61079 0.041171 0
  0.77138 3 + 2
    0.58216 0.3381 1
    0.77138 0.6619 0
  0.84019 7 + 2
    0.65097 0.075009 1
    0.84019 0.924991 0
  0.87876 9 + 2
    0.45722 0.080418 2
    0.87876 0.919582 0
  0.90829 1 + 3
    0.2975 0.056753 4
    0.71907 0.565028 1
    0.90829 0.378219 0
  1.18454 3 + 3
    0.41316 0.031448 5
    0.99532 0.447878 1
    1.18454 0.520674 0
  1.19911 11 + 2
    0.32035 0.1488 7
    0.77757 0.8512 2
  1.22943 9 + 4
    0.35067 0.1072 7
    0.38924 0.2216 6
    0.80789 0.3794 2
    1.22943 0.2918 0
  1.37687 7 + 3
    0.60549 0.132213 5
    1.18765 0.694269 1
    1.37687 0.173517 0
  1.477 5 + 2
    0.86621 0.5 4
    1.477 0.5 0
  1.54302 11 + 2
    0.66426 0.1228 7
    0.70283 0.8772 6
  1.5956 9 - 1
    0.71684 1 7
  1.6196 11 + 2
    0.74084 0.3905 7
    1.19806 0.6095 2
  1.6509 13 + 1
    0.77214 1 7
  1.8257 13 + 1
    0.94694 1 7
  1.84569 15 + 1
    0.64658 1 10
  1.8793 11 - 2
    0.68019 0.2959 10
    1.00054 0.7041 7
  1.929 3 + 2
    1.50746 0.5 2
    1.73978 0.5 1
  1.93232 7 + 6
    0.70289 0.081089 11
    1.05356 0.404896 7
    1.09213 0.153898 6
    1.51078 0.153698 2
    1.7431 0.060719 1
    1.93232 0.145699 0
  1.99007 7 + 2
    1.11131 0.7144 7
    1.99007 0.2856 0
  1.9986 7 + 2
    1.15841 0.5466 6
    1.57706 0.4534 2
  2.005 5 - 2
    1.58346 0.5 2
    1.81578 0.5 1
  2.0201 7 - 2
    0.4005 0.5 16
    0.82099 0.5 10
  2.08 5 - 2
    1.65846 0.5 2
    1.89078 0.5 1
  2.1509 7 + 4
    1.27214 0.172402 7
    1.31071 0.689707 6
    1.72936 0.089611 2
    1.96168 0.04828 1
  2.173 1 + 2
    1.56221 0.5 4
    2.173 0.5 0
  2.1977 3 - 6
    0.82083 0.03493 12
    1.01316 0.2601 9
    1.42632 0.1071 5
    1.58691 0.3824 4
    2.00848 0.1837 1
    2.1977 0.03177 0
  2.24589 3 - 6
    0.86902 0.020539 12
    1.06135 0.014129 9
    1.3376 0.046617 8
    1.47451 0.084765 5
    1.71805 0.127192 3
    2.24589 0.706758 0
  2.284 1 + 2
    1.67321 0.5 4
    2.284 0.5 0
  2.3007 5 - 2
    1.11616 0.2593 9
    2.11148 0.7407 1
  2.31278 5 - 2
    1.78494 0.3288 3
    2.12356 0.6712 1
  2.35 5 - 2
    1.92846 0.5 2
    2.16078 0.5 1
  2.5056 17 + 1
    0.8547 1 17
  2.52577 1 + 2
    1.91498 0.5 4
    2.52577 0.5 0
  2.54554 17 + 2
    0.69985 0.98522 19
    0.71984 0.01478 18
  2.5528 15 - 2
    0.6735 0.654 20
    0.7271 0.346 18
  2.5649 3 - 7
    0.25212 0.108304 34
    0.3672 0.063793 30
    1.18803 0.201808 12
    1.65661 0.201608 8
    2.03706 0.301012 3
    2.37568 0.105404 1
    2.5649 0.018071 0
  2.576 9 - 2
    1.96521 0.7692 4
    2.576 0.2308 0
  2.5914 5 - 3
    1.39229 0.263926 10
    1.71264 0.364336 7
    1.75121 0.371737 6
  2.5962 15 - 1
    0.7169 1 20
  2.5987 17 + 1
    0.773 1 18
  2.605 5 - 2
    2.18346 0.5 2
    2.41578 0.5 1
  2.6404 17 + 1
    0.8147 1 18
  2.64782 3 - 6
    1.46328 0.171595 9
    1.73953 0.162295 8
    1.87644 0.021329 5
    2.03703 0.157595 4
    2.4586 0.023199 1
    2.64782 0.463986 0
  2.652 1 + 2
    2.04121 0.5 4
    2.652 0.5 0
  2.6604 19 + 1
    0.1548 1 36
  2.702 1 + 2
    2.09121 0.5 4
    2.702 0.5 0
  2.7391 21 + 1
    0.19356 1 38
  2.7431 17 + 1
    0.89741 1 19
  2.7547 7 + 4
    0.76463 0.213 23
    1.87594 0.4253 7
    2.56548 0.149 1
    2.7547 0.2127 0
  2.7594 19 + 2
    0.21386 0.1894 38
    0.91371 0.8106 19
  2.7604 5 - 3
    1.88164 0.3333 7
    1.92021 0.25 6
    2.33886 0.4167 2
  2.7628 19 + 1
    0.21726 1 38
  2.76477 9 - 4
    0.56707 0.268805 30
    2.15398 0.358307 4
    2.23693 0.283306 3
    2.57555 0.089582 1
  2.7662 5 - 2
    1.88744 0.3056 7
    1.92601 0.6944 6
  2.7969 9 - 3
    0.55101 0.074929 31
    1.42003 0.091579 12
    2.60768 0.833492 1
  2.92976 3 - 5
    0.61698 0.13801 34
    0.68387 0.167412 31
    0.73206 0.247417 30
    2.31897 0.083536 4
    2.92976 0.363625 0
  2.9664 7 + 2
    0.9678 0.7752 24
    2.77718 0.2248 1
  3.03 5 - 2
    2.60846 0.5 2
    2.84078 0.5 1
  3.2255 19 - 1
    0.6727 1 39
  3.2649 3 - 5
    1.88803 0.538173 12
    2.49352 0.076956 5
    2.73706 0.153892 3
    3.07568 0.153992 1
    3.2649 0.076986 0
  3.2695 19 - 1
    0.6733 1 43
  3.2961 5 - 2
    2.76826 0.5128 3
    3.10688 0.4872 1
  3.3031 21 + 1
    0.6427 1 49
  3.3688 1 - 1
    2.94726 1 2
  3.3747 3 - 4
    0.5778 0.14 59
    1.06192 0.1209 34
    3.18548 0.1019 1
    3.3747 0.6372 0
  3.4589 3 - 2
    3.26968 0.1379 1
    3.4589 0.8621 0
  3.4808 21 + 1
    0.8821 1 44
  3.6095 23 + 2
    0.3064 0.1899 67
    0.9491 0.8101 49
  3.6209 23 + 2
    0.8615 0.3197 54
    0.8818 0.6803 51
  3.6695 25 + 1
    0.9304 1 51
  3.9411 7 - 1
    1.202 1 51
  4.10225 23 - 1
    0.876751 1 63
  4.2627 27 + 2
    0.593201 0.4654 74
    0.641801 0.5346 73
  4.6531 27 + 1
    1.0436 1 72
  4.6945 27 - 1
    0.592249 1 76
  4.7301 29 + 2
    0.467399 0.5663 77
    1.0606 0.4337 74
  4.7633 5 - 1
    0.500599 1 77
  5.1064 31 + 3
    0.3431 0.103 81
    0.3763 0.1039 80
    0.843699 0.7931 77
  5.3732 33 + 2
    0.2668 0.211 82
    0.6431 0.789 80
  5.49 9 - 1
    0.7955 1 79
  5.7218 5 - 1
    1.0273 1 79
  6.1333 31 + 1
    1.4802 1 78
  6.2484 35 + 1
    0.8752 1 83
  6.3126 7 - 1
    0.822601 1 84
  6.7652 35 + 1
    0.631901 1 86
  6.7773 5 - 2
    6.35576 0.5 2
    6.58808 0.5 1
  6.8899 37 + 1
    0.6415 1 87
  7.3804 39 + 1
    0.4905 1 91
  7.4628 39 + 1
    0.697599 1 89
  7.6386 39 + 1
    1.3902 1 87
  7.6785 3 - 1
    0.2157 1 93
  7.9082 7 - 1
    0.229701 1 95
  8.1593 39 + 1
    1.2694 1 91
  8.4072 5 - 1
    0.944401 1 93
  8.4684 43 + 1
    0.829801 1 94
  8.4891 41 + 3
    0.3298 0.0323 97
    1.1087 0.4361 92
    1.5992 0.5316 91
  8.5417 1 - 1
    1.0789 1 93
  8.6213 3 - 1
    1.844 1 90
  9.2043 45 + 1
    0.735899 1 99
  9.383 7 - 1
    0.8413 1 101
  9.4231 9 - 1
    0.8814 1 101
  9.4467 5 - 1
    1.0395 1 98
  9.7288 3 - 1
    0.5245 1 103
  9.7636 45 + 2
    1.1423 0.115 102
    1.2745 0.885 100
  10.1211 47 + 2
    0.9168 0.6669 103
    1.6527 0.3331 99
  10.1261 5 - 1
    1.637 1 100
  10.6227 7 - 1
    1.4184 1 103
  10.8294 1 - 1
    1.6251 1 103
  10.9272 47 + 2
    0.801099 0.401 110
    1.1636 0.599 108
  11.0812 49 + 2
    0.960101 0.8002 109
    1.8769 0.1998 103
  11.288 51 + 1
    0.206799 1 114
  11.5085 3 - 1
    1.3874 1 109
  11.7176 53 + 1
    0.4296 1 115
  12.1245 49 + 1
    1.1973 1 113
  12.4215 5 - 1
    1.3403 1 114
  12.5594 9 - 1
    1.4782 1 114
  12.7292 7 - 1
    1.8998 1 112
  12.7379 3 - 1
    0.316401 1 119
  12.7445 5 - 1
    1.4565 1 115
  12.9469 7 - 1
    1.2293 1 117
  13.2538 1 - 1
    0.694399 1 120
  13.3281 51 + 1
    1.2036 1 118
  13.9754 3 - 1
    1.0285 1 124
  14.566 5 - 1
    1.6191 1 124
  15.0477 9 - 1
    1.7939 1 125
  15.2099 7 - 1
    1.8818 1 126
  15.4798 3 - 1
    2.1517 1 126
  16.088 5 - 1
    1.522 1 128
  16.132 1 - 1
    1.566 1 128
  17.2917 9 - 1
    2.0818 1 130

44 98 71
  0 0 + 0
  0.65244 4 + 1
    0.65244 1 0
  1.32214 0 + 1
    0.6697 1 1
  1.39782 8 + 1
    0.74538 1 1
  1.41429 4 + 2
    0.76185 0.6669 1
    1.41429 0.3331 0
  1.79696 6 + 3
    0.38267 0.197198 4
    0.39914 0.053009 3
    1.14452 0.749793 1
  1.81722 4 + 2
    1.16478 0.7248 1
    1.81722 0.2752 0
  1.9534 6 + 1
    1.30096 1 1
  2.0127 6 + 3
    0.59841 0.440322 4
    0.61488 0.478524 3
    1.36026 0.081154 1
  2.22251 12 + 1
    0.82469 1 3
  2.2414 10 + 1
    0.84358 1 3
  2.2459 6 + 1
    1.59346 1 1
  2.2665 8 + 3
    0.2538 0.1539 8
    0.46954 0.6722 5
    0.86868 0.1739 3
  2.2768 4 + 1
    1.62436 1 1
  2.285 8 + 2
    0.88718 0.5 3
    1.63256 0.5 1
  2.365 2 - 2
    1.71256 0.5 1
    2.365 0.5 0
  2.3745 6 - 1
    1.72206 1 1
  2.409 2 - 2
    1.75656 0.5 1
    2.409 0.5 0
  2.42714 4 + 4
    0.60992 0.067331 6
    0.63018 0.052361 5
    1.02932 0.134401 3
    1.7747 0.745907 1
  2.4302 4 + 1
    1.03238 1 3
  2.435 6 - 2
    1.03718 0.5 3
    1.78256 0.5 1
  2.4676 4 + 2
    0.67064 0.8371 5
    2.4676 0.1629 0
  2.4738 8 + 1
    0.197 1 13
  2.54699 12 + 2
    0.32448 0.1833 9
    1.14917 0.8167 3
  2.6023 6 + 2
    0.5896 0.4292 8
    1.20448 0.5708 3
  2.6198 4 + 2
    1.96736 0.8953 1
    2.6198 0.1047 0
  2.65652 10 - 1
    1.2587 1 3
  2.65962 6 + 1
    0.86266 1 5
  2.7203 6 - 1
    1.32248 1 3
  2.80918 4 + 2
    0.54268 0.5626 12
    1.01222 0.4374 5
  2.8677 12 + 2
    0.32071 0.6937 23
    0.64519 0.3063 9
  3.02 2 - 2
    2.36756 0.5 1
    3.02 0.5 0
  3.046 2 - 2
    2.39356 0.5 1
    3.046 0.5 0
  3.0649 6 + 1
    1.66708 1 3
  3.0693 2 - 2
    0.52231 0.2248 23
    0.84679 0.7752 9
  3.09786 10 - 1
    2.44542 1 1
  3.12631 16 + 1
    0.9038 1 9
  3.1788 8 - 3
    1.76451 0.0566 4
    2.52636 0.6289 1
    3.1788 0.3145 0
  3.1902 16 + 1
    0.96769 1 9
  3.2055 2 - 2
    1.79121 0.3865 4
    2.55306 0.6135 1
  3.2454 12 + 1
    0.9789 1 12
  3.2509 8 - 1
    0.9844 1 12
  3.28351 14 - 2
    0.62699 0.2252 26
    1.061 0.7748 9
  3.3254 2 - 2
    2.67296 0.5 1
    3.3254 0.5 0
  3.3668 10 - 1
    3.3668 1 0
  3.4413 0 - 2
    1.4286 0.4413 8
    1.62408 0.5587 6
  3.537 8 - 1
    1.71978 1 6
  3.53842 4 - 2
    0.41211 0.4475 36
    0.99143 0.5525 23
  3.5797 2 - 3
    0.2543 0.333333 43
    1.03271 0.333333 23
    1.35719 0.333333 9
  3.85159 18 - 5
    0.27189 0.035062 48
    0.31317 0.035062 47
    0.52619 0.017531 43
    0.66139 0.035102 38
    0.72528 0.877244 36
  4.0013 20 + 2
    0.8111 0.3151 38
    0.87499 0.6849 36
  4.006 4 - 2
    0.72249 0.5405 42
    0.87969 0.4595 36
  4.2233 20 + 2
    1.0331 0.5406 38
    1.09699 0.4594 36
  4.673 22 - 1
    0.82141 1 49
  4.8465 8 + 1
    0.8405 1 51
  4.9146 24 + 1
    0.9133 1 50
  4.9888 24 + 1
    0.9875 1 50
  5.5212 26 - 1
    0.848201 1 53
  5.8194 28 + 2
    0.8306 0.422 56
    0.9048 0.578 55
  5.8886 2 - 1
    0.8998 1 56
  6.5912 30 - 1
    1.07 1 57
  6.8696 32 + 1
    1.0502 1 58
  7.6234 34 - 1
    1.0322 1 60
  8.4495 38 - 1
    0.8261 1 62
  9.9307 42 - 1
    1.4812 1 63
  11.0065 44 - 1
    1.0758 1 64
  11.4052 46 - 2
    0.398701 0.447 65
    1.4745 0.553 64
  12.2823 50 - 1
    0.877099 1 66
  14.4752 6 - 1
    2.1929 1 67
  15.4994 4 - 1
    1.0242 1 68
  17.2374 6 - 1
    1.738 1 69

44 99 121
  0 5 + 0
  0.08957 3 + 1
    0.08957 1 0
  0.32199 3 + 2
    0.23242 0.075282 1
    0.32199 0.924718 0
  0.3409 7 + 2
    0.25133 0.00741 1
    0.3409 0.99259 0
  0.44259 3 + 2
    0.35302 0.939238 1
    0.44259 0.060762 0
  0.57583 5 + 2
    0.48626 0.6313 1
    0.57583 0.3687 0
  0.61789 7 + 3
    0.27699 0.091573 3
    0.52832 0.164005 1
    0.61789 0.744422 0
  0.669 1 + 4
    0.22641 0.051279 4
    0.34701 0.02953 2
    0.57943 0.828192 1
    0.669 0.090999 0
  0.71987 9 + 3
    0.10198 0.02119 6
    0.37897 0.027591 3
    0.71987 0.951219 0
  0.73409 5 + 3
    0.4121 0.067009 2
    0.64452 0.231598 1
    0.73409 0.701393 0
  0.89685 1 + 2
    0.80728 0.5883 1
    0.89685 0.4117 0
  0.99871 5 + 2
    0.90914 0.058391 1
    0.99871 0.941609 0
  1.0485 11 + 2
    0.32863 0.087636 8
    0.7076 0.912363 3
  1.06988 11 - 3
    0.35001 0.938058 8
    0.72898 0.054458 3
    1.06988 0.007485 0
  1.1184 7 + 3
    0.54257 0.365663 5
    1.02883 0.339066 1
    1.1184 0.29527 0
  1.2008 5 + 3
    0.46671 0.117388 9
    0.8599 0.233777 3
    1.2008 0.648835 0
  1.2613 7 + 6
    0.52721 0.275102 9
    0.64341 0.006244 6
    0.68547 0.04744 5
    0.9204 0.0424 3
    1.17173 0.005609 1
    1.2613 0.623204 0
  1.27787 9 + 6
    0.54378 0.290691 9
    0.558 0.045069 8
    0.65998 0.112497 6
    0.70204 0.037659 5
    0.93697 0.488685 3
    1.27787 0.025399 0
  1.29078 7 - 1
    1.29078 1 0
  1.3064 5 + 4
    0.68851 0.36 6
    0.9655 0.2229 3
    0.98441 0.2769 2
    1.3064 0.1402 0
  1.31967 11 + 3
    0.27117 0.092282 12
    0.5998 0.435161 8
    0.70178 0.472557 6
  1.38295 1 + 4
    0.94036 0.680386 4
    1.06096 0.119698 2
    1.29338 0.159797 1
    1.38295 0.040119 0
  1.4075 7 - 1
    1.0666 1 3
  1.41405 5 + 2
    0.74505 0.225 7
    1.32448 0.775 1
  1.4739 3 - 1
    0.89807 1 5
  1.49706 13 + 3
    0.17739 0.02817 20
    0.44856 0.04203 12
    0.77719 0.9298 8
  1.4992 9 + 3
    0.77933 0.4097 8
    1.1583 0.4309 3
    1.4992 0.1594 0
  1.53146 3 - 4
    1.08887 0.304794 4
    1.20947 0.171397 2
    1.44189 0.047619 1
    1.53146 0.47619 0
  1.57194 15 - 1
    0.50206 1 13
  1.5832 3 - 1
    1.2423 1 3
  1.66205 9 - 2
    1.57248 0.7353 1
    1.66205 0.2647 0
  1.6852 7 + 1
    0.96533 1 8
  1.7114 1 - 1
    0.99153 1 8
  1.7175 9 - 1
    0.64762 1 13
  1.7499 3 - 1
    1.7499 1 0
  1.8229 5 - 1
    1.482 1 3
  1.847 11 + 1
    1.12713 1 8
  1.86176 13 - 1
    0.79188 1 13
  1.8989 1 - 1
    0.6981 1 15
  1.9445 11 - 1
    0.87462 1 13
  1.9662 13 + 1
    0.9177 1 12
  1.97568 3 - 1
    1.25581 1 8
  2.02029 15 + 2
    0.70062 0.1152 20
    0.97179 0.8848 12
  2.05934 3 - 5
    1.44145 0.091301 6
    1.48351 0.259703 5
    1.61675 0.350803 4
    1.96977 0.259603 1
    2.05934 0.03859 0
  2.1125 5 - 1
    1.064 1 12
  2.1699 7 - 1
    1.45003 1 8
  2.22396 15 + 2
    0.90429 0.5001 20
    1.17546 0.4999 12
  2.25425 19 - 1
    0.68231 1 28
  2.26829 19 - 1
    0.69635 1 28
  2.33004 5 - 1
    0.46828 1 37
  2.3835 9 + 1
    1.335 1 12
  2.39276 17 - 2
    0.531 0.038571 37
    0.82082 0.961429 28
  2.40088 17 + 3
    0.38059 0.051178 42
    0.90382 0.890864 25
    1.35238 0.057958 12
  2.4115 3 - 1
    1.363 1 12
  2.6536 7 - 1
    0.79184 1 37
  2.75216 5 - 3
    0.35128 0.49502 52
    0.73187 0.054462 42
    1.2551 0.450518 25
  2.82227 1 - 1
    0.42139 1 52
  2.85197 19 - 3
    0.45921 0.308 51
    0.52193 0.1637 49
    1.28003 0.5283 28
  2.87452 19 + 4
    0.12236 0.146604 55
    0.47364 0.589718 52
    0.65056 0.01117 46
    0.85423 0.252508 42
  2.9975 3 - 3
    0.17523 0.168283 56
    0.24534 0.480752 55
    0.59662 0.350965 52
  3.01997 21 + 2
    0.14545 0.7598 58
    0.61909 0.2402 52
  3.03651 19 - 2
    0.64375 0.2807 51
    0.76822 0.7193 48
  3.09445 19 + 1
    1.07416 1 42
  3.20019 23 - 1
    0.9319 1 48
  3.2075 23 - 1
    0.95325 1 47
  3.32431 19 + 1
    1.10035 1 46
  3.3532 5 - 1
    1.77 1 29
  3.4596 17 + 1
    1.05872 1 52
  3.46606 7 - 1
    1.19777 1 48
  3.48389 21 + 1
    1.08301 1 52
  3.53419 23 - 1
    0.68222 1 57
  3.53629 5 - 1
    0.66177 1 58
  3.6382 23 + 3
    0.61823 0.262003 60
    0.6407 0.066991 59
    0.76368 0.671007 58
  3.9828 23 - 1
    0.94629 1 61
  4.04682 3 + 1
    0.84663 1 63
  4.10253 25 + 1
    1.08256 1 60
  4.2229 27 - 1
    1.02271 1 63
  4.233 23 + 1
    1.13855 1 62
  4.29238 23 + 1
    1.19793 1 62
  4.3238 7 - 1
    1.1163 1 64
  4.38091 25 + 1
    0.74271 1 72
  4.4383 23 + 1
    0.8001 1 72
  4.48705 27 - 1
    0.95286 1 70
  4.5183 5 - 1
    1.0587 1 67
  4.5909 27 + 3
    0.20999 0.333333 80
    0.48837 0.333333 75
    0.9527 0.333333 72
  5.0053 27 - 1
    0.7824 1 76
  5.03121 27 + 3
    0.59291 0.333333 81
    0.73883 0.333333 78
    0.79821 0.333333 77
  5.1681 3 - 1
    0.9452 1 76
  5.3574 31 - 1
    1.1345 1 76
  5.5743 31 + 1
    0.9834 1 84
  5.6033 31 - 1
    1.11625 1 82
  5.9116 31 + 1
    0.880391 1 86
  5.9523 31 - 1
    0.947 1 85
  6.4791 35 - 3
    0.5268 0.052034 92
    0.8758 0.207415 90
    1.1217 0.740552 88
  6.5957 35 - 1
    1.2383 1 88
  6.746 35 + 1
    1.1717 1 89
  6.8753 35 + 2
    0.963699 0.8265 91
    1.301 0.1735 89
  7.1813 35 - 1
    1.229 1 92
  7.5626 39 - 2
    0.381301 0.03889 97
    1.0835 0.96111 93
  7.8311 39 - 1
    1.2354 1 94
  8.0052 39 + 2
    1.1299 0.7693 96
    1.2592 0.2307 95
  8.499 41 - 1
    0.9364 1 98
  8.7376 43 - 1
    1.175 1 98
  8.8782 43 - 2
    0.3792 0.2014 101
    1.3156 0.7986 98
  9.0441 43 - 1
    1.213 1 99
  9.1909 43 + 1
    1.1857 1 100
  10.0266 47 - 1
    1.289 1 102
  10.1666 47 - 1
    1.2884 1 103
  10.4532 47 + 1
    1.2623 1 105
  10.4839 47 - 1
    1.4398 1 104
  11.3419 51 - 1
    1.1753 1 107
  11.4246 51 - 1
    1.398 1 106
  12.0925 51 + 1
    1.6393 1 108
  12.1109 51 - 2
    1.627 0.5 109
    1.9443 0.5 107
  13.1501 55 - 2
    1.0392 0.3335 113
    1.8082 0.6665 110
  13.766 55 + 1
    1.6735 1 112
  14.78 59 + 1
    1.014 1 115
  16.1782 5 + 1
    3.0281 1 114
  17.385 3 + 1
    2.605 1 116
  18.1792 5 + 1
    2.001 1 117
  19.254 7 + 1
    1.869 1 118

44 100 193
  0 0 + 0
  0.53951 4 + 1
    0.53951 1 0
  1.13032 0 + 1
    0.59081 1 1
  1.22646 8 + 1
    0.68695 1 1
  1.36217 4 + 2
    0.82266 0.5779 1
    1.36217 0.4221 0
  1.74101 0 + 2
    0.37884 0.4328 4
    1.2015 0.5672 1
  1.86512 4 + 5
    0.50295 0.046773 4
    0.63866 0.044673 3
    0.7348 0.257115 2
    1.32561 0.33262 1
    1.86512 0.318819 0
  1.88104 6 + 3
    0.51887 0.135108 4
    0.65458 0.082345 3
    1.34153 0.782547 1
  2.05166 0 + 2
    0.68949 0.1129 4
    1.51215 0.8871 1
  2.06265 8 + 3
    0.70048 0.187381 4
    0.83619 0.39616 3
    1.52314 0.416458 1
  2.07544 4 + 1
    1.53593 1 1
  2.08739 12 + 1
    0.86093 1 3
  2.09911 4 + 7
    0.23399 0.001582 6
    0.3581 0.031 5
    0.73694 0.103601 4
    0.87265 0.01803 3
    0.96879 0.03135 2
    1.5596 0.783106 1
    2.09911 0.03133 0
  2.131 4 + 2
    1.59149 0.5 1
    2.131 0.5 0
  2.16688 6 - 5
    0.30176 0.105308 6
    0.80471 0.007672 4
    0.94042 0.018141 3
    1.62737 0.824365 1
    2.16688 0.044514 0
  2.194 2 - 2
    1.65449 0.5 1
    2.194 0.5 0
  2.24081 4 + 7
    0.37569 0.008606 6
    0.4998 0.266905 5
    0.87864 0.01276 4
    1.01435 0.132902 3
    1.11049 0.044101 2
    1.7013 0.531009 1
    2.24081 0.003717 0
  2.268 4 + 2
    1.72849 0.5 1
    2.268 0.5 0
  2.3135 4 + 3
    0.95133 0.152985 4
    1.08704 0.210279 3
    1.77399 0.636736 1
  2.3246 6 + 2
    0.26195 0.8127 9
    1.09814 0.1873 3
  2.35125 8 + 4
    0.47021 0.01335 7
    0.48613 0.043321 6
    1.12479 0.574617 3
    1.81174 0.368711 1
  2.36659 8 + 3
    0.48555 0.028919 7
    1.14013 0.149597 3
    1.82708 0.821484 1
  2.38738 0 + 3
    0.28827 0.675632 12
    1.02521 0.182282 4
    1.84787 0.142086 1
  2.41377 8 + 2
    1.0516 0.1237 4
    1.87426 0.8763 1
  2.438 4 + 2
    1.89849 0.5 1
    2.438 0.5 0
  2.46939 4 - 8
    0.22858 0.004568 16
    0.30251 0.023251 14
    0.37028 0.023431 12
    0.58835 0.155705 7
    0.60427 0.007171 6
    1.10722 0.421513 4
    1.92988 0.359811 1
    2.46939 0.004551 0
  2.49303 8 + 4
    0.43038 0.207608 9
    0.61199 0.085763 7
    0.62791 0.25401 6
    1.26657 0.452618 3
  2.51242 8 + 7
    0.34554 0.025209 14
    0.41331 0.085137 12
    0.44977 0.023769 9
    0.63138 0.50338 7
    1.15025 0.029139 4
    1.28596 0.062278 3
    1.97291 0.271089 1
  2.51683 2 - 8
    0.34995 0.019331 14
    0.46517 0.064783 8
    0.65171 0.283811 6
    0.77582 0.060152 5
    1.15466 0.148306 4
    1.38651 0.24391 2
    1.97732 0.165307 1
    2.51683 0.014401 0
  2.52726 10 - 5
    0.17601 0.017201 20
    0.36038 0.053902 14
    0.43987 0.01097 11
    0.46461 0.112903 9
    1.3008 0.805024 3
  2.5362 6 + 6
    0.29539 0.20481 16
    0.65516 0.055543 7
    0.67108 0.011231 6
    1.17403 0.034882 4
    1.30974 0.071004 3
    1.99669 0.622531 1
  2.5437 4 + 6
    0.66266 0.035532 7
    0.67858 0.213115 6
    1.18153 0.325323 4
    1.41338 0.169112 2
    2.00419 0.14311 1
    2.5437 0.113808 0
  2.56991 6 - 7
    0.3291 0.006304 16
    0.40303 0.439825 14
    0.4708 0.013971 12
    0.68887 0.017001 7
    1.20774 0.235313 4
    1.34345 0.244014 3
    2.0304 0.043572 1
  2.57685 10 + 2
    0.69581 0.398 7
    1.35039 0.602 3
  2.59182 8 - 7
    0.24057 0.015119 20
    0.42494 0.183891 14
    0.71078 0.42748 7
    1.22965 0.013259 4
    1.36536 0.333284 3
    1.4615 0.018849 2
    2.05231 0.008117 1
  2.60609 2 + 1
    2.06658 1 1
  2.61714 4 + 3
    0.75202 0.048029 6
    1.25497 0.246893 4
    2.61714 0.705079 0
  2.634 2 - 2
    2.09449 0.5 1
    2.634 0.5 0
  2.66013 4 + 3
    0.56102 0.092164 12
    2.12062 0.746548 1
    2.66013 0.161289 0
  2.66348 10 + 3
    0.31223 0.052743 20
    0.78244 0.464628 7
    1.43702 0.482629 3
  2.66615 4 + 2
    1.53583 0.3865 2
    2.12664 0.6135 1
  2.70555 12 + 4
    0.1287 0.01477 33
    0.61816 0.132204 11
    0.6429 0.508215 9
    1.47909 0.34481 3
  2.73868 4 - 5
    0.37209 0.148885 21
    0.38743 0.164984 20
    0.67603 0.214079 9
    0.85764 0.317668 7
    0.87356 0.154385 6
  2.74561 2 - 4
    0.69395 0.065284 8
    0.88049 0.100891 6
    1.61529 0.593047 2
    2.2061 0.240778 1
  2.7475 8 - 5
    0.15568 0.170404 34
    0.58062 0.245006 14
    0.86646 0.163204 7
    0.88238 0.007474 6
    1.52104 0.413911 3
  2.76495 6 + 5
    0.39836 0.198108 21
    0.4137 0.053362 20
    0.88391 0.077303 7
    0.89983 0.077303 6
    1.53849 0.593924 3
  2.77518 6 + 2
    1.41301 0.3874 4
    2.23567 0.6126 1
  2.78021 10 - 2
    0.25295 0.8377 29
    0.71756 0.1623 9
  2.78522 12 + 3
    0.69783 0.677414 11
    0.72257 0.045381 9
    1.55876 0.277206 3
  2.80084 6 - 2
    1.43867 0.6878 4
    1.57438 0.3122 3
  2.80871 4 - 3
    0.14858 0.2876 38
    0.92767 0.1178 7
    2.2692 0.5946 1
  2.816 4 + 2
    2.27649 0.5 1
    2.816 0.5 0
  2.8328 2 - 2
    2.29329 0.5 1
    2.8328 0.5 0
  2.83772 4 + 2
    1.47555 0.085118 4
    2.29821 0.914882 1
  2.86252 4 - 2
    0.76341 0.1229 12
    1.50035 0.8771 4
  2.87758 6 + 2
    0.99654 0.4926 7
    1.51541 0.5074 4
  2.88422 6 + 3
    0.78511 0.1113 12
    1.00318 0.374 7
    1.65776 0.5147 3
  2.89 4 + 2
    2.35049 0.5 1
    2.89 0.5 0
  2.90515 8 + 1
    2.36564 1 1
  2.91148 10 - 3
    0.38422 0.3226 29
    0.54489 0.3586 21
    1.68502 0.3188 3
  2.91554 4 - 14
    0.24939 0.000179 40
    0.25541 0.000249 38
    0.2984 7.1e-05 36
    0.34563 0.001175 32
    0.37934 0.000763 30
    0.39871 0.002062 28
    0.40312 0.001076 27
    0.44615 0.17561 25
    0.74866 0.013201 14
    0.81643 0.005472 12
    1.0345 0.022551 7
    1.55337 0.301017 4
    2.37603 0.475527 1
    2.91554 0.001046 0
  2.93365 4 + 1
    2.93365 1 0
  2.95147 6 + 3
    1.5893 0.076845 4
    1.72501 0.541132 3
    2.41196 0.382023 1
  2.95761 14 - 4
    0.172385 0.001663 48
    0.252055 0.007198 41
    0.430345 0.142806 29
    0.870215 0.848333 11
  2.96364 12 - 2
    0.37182 0.2209 34
    0.87625 0.7791 11
  2.96759 12 + 4
    0.26204 0.1482 41
    0.8802 0.2545 11
    0.90494 0.4172 9
    1.74113 0.1801 3
  2.98333 2 + 1
    2.44382 1 1
  2.99934 6 - 1
    2.45983 1 1
  3.0168 2 - 2
    2.47729 0.5 1
    3.0168 0.5 0
  3.034 2 - 2
    2.49449 0.5 1
    3.034 0.5 0
  3.0581 4 - 2
    0.7335 0.5 19
    1.17706 0.5 7
  3.06007 16 + 1
    0.97268 1 11
  3.06238 2 - 3
    1.70021 0.1404 4
    2.52287 0.1912 1
    3.06238 0.6684 0
  3.06463 8 + 1
    2.52512 1 1
  3.06952 2 - 12
    0.15398 0.00973 60
    0.40939 0.001928 38
    0.49961 0.032781 32
    0.53332 0.026211 30
    0.55269 0.032001 28
    0.60013 0.068262 25
    0.82871 0.003552 16
    0.90264 0.027771 14
    1.2044 0.008582 6
    1.70735 0.048892 4
    2.53001 0.739624 1
    3.06952 0.000666 0
  3.07225 4 + 9
    0.55542 0.033521 28
    0.60286 0.074973 25
    0.83144 0.105004 16
    0.90537 0.106204 14
    0.97314 0.056002 12
    1.19121 0.066563 7
    1.20713 0.052892 6
    1.71008 0.440518 4
    3.07225 0.064323 0
  3.102 6 - 2
    1.87554 0.5 3
    2.56249 0.5 1
  3.11059 6 - 1
    0.94371 1 14
  3.11867 10 - 2
    1.7565 0.2543 4
    2.57916 0.7457 1
  3.1393 14 - 6
    0.17566 0.028669 64
    0.181695 0.282989 63
    0.22782 0.01035 59
    0.35408 0.043518 48
    0.61204 0.462481 29
    1.05191 0.171993 11
  3.1771 2 - 2
    2.63759 0.5 1
    3.1771 0.5 0
  3.21813 16 - 1
    0.25449 1 64
  3.23182 6 - 2
    2.00536 0.5 3
    2.69231 0.5 1
  3.26366 16 + 4
    0.20359 0.317632 71
    0.47844 0.191519 48
    0.55811 0.125913 41
    1.17627 0.364937 11
  3.2663 2 - 2
    2.72679 0.5 1
    3.2663 0.5 0
  3.2721 6 - 2
    2.04564 0.5 3
    2.73259 0.5 1
  3.30065 10 - 2
    1.238 0.5 9
    2.07419 0.5 3
  3.30811 8 - 2
    0.98351 0.5 19
    1.42707 0.5 7
  3.32374 6 - 7
    0.80691 0.067331 28
    0.85435 0.052541 25
    1.22463 0.047891 12
    1.27208 0.038871 8
    2.19342 0.063161 2
    2.78423 0.694114 1
    3.32374 0.036091 0
  3.3263 2 - 2
    2.78679 0.5 1
    3.3263 0.5 0
  3.33243 8 - 2
    1.00783 0.5 19
    1.45139 0.5 7
  3.34845 10 - 2
    1.2858 0.5 9
    2.12199 0.5 3
  3.35466 16 - 4
    0.091 0.023019 83
    0.21536 0.081996 79
    0.29459 0.072326 71
    0.39102 0.822659 64
  3.369 14 - 4
    0.2297 0.102892 79
    0.40536 0.030478 64
    0.411395 0.661947 63
    0.59382 0.204684 46
  3.37504 6 - 2
    2.14858 0.5 3
    2.83553 0.5 1
  3.4191 4 + 2
    2.87959 0.2754 1
    3.4191 0.7246 0
  3.441 2 - 2
    2.90149 0.5 1
    3.441 0.5 0
  3.44638 14 + 3
    0.7829 0.1758 39
    0.86953 0.4506 33
    1.37094 0.3736 10
  3.4604 8 - 2
    1.1358 0.5 19
    1.57936 0.5 7
  3.46374 6 - 3
    0.14 0.340134 88
    1.5827 0.326533 7
    3.46374 0.333333 0
  3.50338 18 - 5
    0.14872 0.103103 92
    0.23972 0.022771 83
    0.36408 0.211606 79
    0.44331 0.285809 71
    0.545775 0.376711 63
  3.517 2 - 2
    2.97749 0.5 1
    3.517 0.5 0
  3.55012 16 + 4
    0.49005 0.1731 71
    0.7649 0.1387 48
    0.84457 0.5614 41
    1.46273 0.1268 11
  3.57556 18 - 2
    0.51549 0.1038 71
    0.617955 0.8962 63
  3.58054 14 + 5
    0.13416 0.05145 97
    0.31688 0.09823 83
    0.61295 0.04332 65
    0.87499 0.3267 41
    1.00369 0.4803 33
  3.585 6 - 2
    2.35854 0.5 3
    3.04549 0.5 1
  3.59932 16 - 4
    0.24466 0.037898 92
    0.38119 0.042057 81
    0.46002 0.119093 79
    0.641715 0.800952 63
  3.608 8 - 2
    1.2834 0.5 19
    1.72696 0.5 7
  3.6098 14 + 2
    0.94632 0.2616 39
    1.52241 0.7384 11
  3.66149 12 - 2
    0.88128 0.2482 47
    1.13423 0.7518 29
  3.693 10 - 2
    1.63035 0.5 9
    2.46654 0.5 3
  3.7319 2 - 2
    3.19239 0.5 1
    3.7319 0.5 0
  3.77975 6 + 2
    1.45515 0.5 19
    1.89871 0.5 7
  3.8515 8 - 2
    0.88391 0.5 65
    1.27465 0.5 33
  3.87777 0 + 2
    3.33826 0.5 1
    3.87777 0.5 0
  3.883 2 - 2
    3.34349 0.5 1
    3.883 0.5 0
  3.92964 16 + 2
    0.66598 0.265 83
    0.96205 0.735 65
  3.96039 18 - 2
    0.60573 0.5559 92
    0.74226 0.4441 81
  3.9736 6 + 2
    1.649 0.5 19
    2.09256 0.5 7
  3.983 10 - 2
    1.92035 0.5 9
    2.75654 0.5 3
  3.99217 20 - 3
    0.41661 0.011599 103
    0.48879 0.348365 100
    0.63751 0.640036 92
  4.00073 6 + 2
    1.67613 0.5 19
    2.11969 0.5 7
  4.0495 8 + 2
    2.82304 0.5 3
    3.50999 0.5 1
  4.07594 16 - 3
    0.47662 0.145285 106
    0.57256 0.29607 100
    0.93664 0.558644 79
  4.0833 20 + 2
    0.81964 0.064581 83
    1.02323 0.935419 71
  4.0915 2 - 2
    3.55199 0.5 1
    4.0915 0.5 0
  4.09742 18 - 2
    0.52186 0.7757 103
    0.72842 0.2243 93
  4.1029 6 + 2
    1.7783 0.5 19
    2.22186 0.5 7
  4.1486 8 + 2
    2.92214 0.5 3
    3.60909 0.5 1
  4.1876 2 - 2
    3.64809 0.5 1
    4.1876 0.5 0
  4.23061 22 - 2
    0.23844 0.2723 120
    0.72723 0.7277 100
  4.23582 20 - 3
    0.6365 0.5829 106
    0.66026 0.1043 103
    0.73244 0.3128 100
  4.24219 20 + 3
    0.15889 0.063844 124
    0.97853 0.282917 83
    1.18212 0.653239 71
  4.24853 18 - 2
    0.67297 0.3509 103
    0.89387 0.6491 92
  4.2571 6 + 2
    1.9325 0.5 19
    2.37606 0.5 7
  4.2735 4 + 2
    3.73399 0.5 1
    4.2735 0.5 0
  4.3074 10 + 2
    1.9828 0.5 19
    2.42636 0.5 7
  4.31627 22 - 2
    0.74071 0.905009 103
    0.81289 0.094991 100
  4.3376 2 + 2
    2.013 0.5 19
    2.45656 0.5 7
  4.3433 18 + 2
    0.89692 0.6897 97
    1.07964 0.3103 83
  4.35338 20 + 3
    0.27008 0.0475 124
    0.80326 0.1635 102
    1.29331 0.789 71
  4.3664 6 - 2
    3.13994 0.5 3
    3.82689 0.5 1
  4.3761 8 - 2
    2.0515 0.5 19
    2.49506 0.5 7
  4.38171 18 + 2
    0.93533 0.6061 97
    1.11805 0.3939 83
  4.4036 4 - 2
    2.079 0.5 19
    2.52256 0.5 7
  4.40866 20 - 2
    0.17805 0.1288 130
    1.054 0.8712 92
  4.50349 20 + 2
    0.42019 0.1536 124
    0.95337 0.8464 102
  4.5196 6 - 2
    3.29314 0.5 3
    3.98009 0.5 1
  4.53 4 + 2
    3.99049 0.5 1
    4.53 0.5 0
  4.5437 2 - 2
    4.00419 0.5 1
    4.5437 0.5 0
  4.5856 8 + 2
    3.35914 0.5 3
    4.04609 0.5 1
  4.6012 6 - 2
    3.37474 0.5 3
    4.06169 0.5 1
  4.6507 4 + 2
    4.11119 0.5 1
    4.6507 0.5 0
  4.66346 22 - 3
    0.43285 0.188191 130
    0.56604 0.093645 126
    1.16008 0.718164 100
  4.7916 20 + 6
    0.28811 0.083883 146
    0.43822 0.093203 140
    0.54941 0.300776 132
    0.7083 0.059295 124
    0.86196 0.37037 116
    1.73153 0.092473 71
  4.79819 24 - 2
    0.56758 0.167 130
    0.80602 0.833 120
  4.81858 20 + 2
    0.4652 0.2599 140
    0.57639 0.7401 132
  4.91818 24 + 3
    0.5648 0.157116 140
    0.67599 0.189619 132
    0.83488 0.653265 124
  5.01049 22 + 4
    0.19191 0.377504 156
    0.21889 0.347303 154
    0.7683 0.214802 132
    0.92719 0.060391 124
  5.0662 24 - 3
    0.74993 0.0835 137
    0.83038 0.8347 131
    0.83559 0.0818 130
  5.1263 24 + 1
    1.043 1 124
  5.16246 26 - 2
    0.84619 0.5146 137
    0.93185 0.4854 130
  5.27507 26 - 2
    0.9588 0.5715 137
    1.04446 0.4285 130
  5.3072 24 + 1
    1.2239 1 124
  5.71352 28 + 1
    0.795341 1 157
  5.7844 28 - 1
    0.98621 1 155
  6.1672 30 - 1
    1.00474 1 161
  6.2841 30 - 1
    1.00903 1 162
  6.3652 28 + 1
    1.058 1 163
  6.71503 32 + 1
    1.00151 1 164
  6.8851 32 - 1
    1.1007 1 165
  7.2037 34 - 1
    1.0365 1 166
  7.4086 32 + 1
    1.0434 1 168
  7.82723 36 + 1
    1.1122 1 169
  8.0182 36 - 1
    1.1331 1 170
  8.4506 36 + 1
    1.042 1 172
  8.4587 38 - 1
    1.255 1 171
  9.05794 40 + 1
    1.23071 1 173
  9.1788 40 - 1
    1.1606 1 174
  9.7967 42 - 1
    1.338 1 176
  10.3783 44 + 1
    1.32036 1 177
  10.4033 44 - 1
    1.2245 1 178
  11.7388 48 + 1
    1.3605 1 180
  11.7463 48 - 1
    1.343 1 181
  13.1702 52 + 1
    1.4314 1 182
  13.3093 52 - 1
    1.563 1 183
  14.7384 56 + 1
    1.5682 1 184
  14.9334 56 - 1
    1.6241 1 185
  14.9383 56 + 1
    1.7681 1 184
  16.106 60 + 2
    1.1677 0.375 188
    1.3676 0.625 186
  16.6486 60 + 1
    1.9102 1 186
  17.7409 64 + 2
    1.0923 0.5002 190
    1.6349 0.4998 189
  20.1979 4 - 1
    2.457 1 191

44 101 151
  0 5 + 0
  0.127229 3 + 1
    0.127229 1 0
  0.306858 7 + 2
    0.179629 0.007481 1
    0.306858 0.992519 0
  0.311368 5 + 2
    0.184139 0.8945 1
    0.311368 0.1055 0
  0.32523 1 + 2
    0.198001 0.8638 1
    0.32523 0.1362 0
  0.42222 3 + 5
    0.09699 0.082655 4
    0.110852 0.044297 3
    0.115362 0.034598 2
    0.294991 0.630062 1
    0.42222 0.208387 0
  0.52756 11 - 1
    0.220702 1 2
  0.535 3 + 2
    0.228142 0.5 2
    0.407771 0.5 1
  0.545115 7 + 4
    0.233747 0.03904 3
    0.238257 0.04443 2
    0.417886 0.000829 1
    0.545115 0.915701 0
  0.59834 5 - 3
    0.286972 0.1719 3
    0.291482 0.0818 2
    0.59834 0.7463 0
  0.6163 5 + 2
    0.489071 0.6854 1
    0.6163 0.3146 0
  0.623 5 + 2
    0.311632 0.5 3
    0.623 0.5 0
  0.653795 1 + 2
    0.526566 0.7357 1
    0.653795 0.2643 0
  0.684 9 - 2
    0.138885 0.5 8
    0.377142 0.5 2
  0.72 3 - 2
    0.408632 0.5 3
    0.72 0.5 0
  0.73101 9 + 4
    0.185895 0.111706 8
    0.419642 0.026431 3
    0.424152 0.067123 2
    0.73101 0.79474 0
  0.742 7 - 2
    0.430632 0.5 3
    0.742 0.5 0
  0.824 3 + 2
    0.517142 0.5 2
    0.696771 0.5 1
  0.84276 7 + 3
    0.531392 0.5344 3
    0.715531 0.3462 1
    0.84276 0.1194 0
  0.907 3 - 2
    0.595632 0.5 3
    0.907 0.5 0
  0.927 3 + 2
    0.620142 0.5 2
    0.799771 0.5 1
  0.92877 9 + 4
    0.383655 0.131613 8
    0.617402 0.192619 3
    0.621912 0.275228 2
    0.92877 0.40054 0
  0.938365 7 + 7
    0.322065 0.043297 10
    0.39325 0.118493 8
    0.516145 0.116993 5
    0.626997 0.509869 3
    0.631507 0.046907 2
    0.811136 0.067726 1
    0.938365 0.096714 0
  0.9584 15 - 1
    0.43084 1 6
  0.9734 3 + 2
    0.666542 0.5 2
    0.846171 0.5 1
  1.00115 11 + 2
    0.27014 0.127 15
    0.694292 0.873 2
  1.038 5 + 2
    0.726632 0.5 3
    1.038 0.5 0
  1.051 7 + 2
    0.744142 0.5 2
    0.923771 0.5 1
  1.098 1 + 2
    0.786632 0.5 3
    1.098 0.5 0
  1.111 1 + 2
    0.799632 0.5 3
    1.111 0.5 0
  1.164 13 - 2
    0.16285 0.5 25
    0.48 0.5 13
  1.2068 9 - 1
    0.60846 1 9
  1.219 5 - 1
    0.673885 1 8
  1.225 11 - 2
    0.49399 0.5 15
    0.69744 0.5 6
  1.227 1 + 2
    0.915632 0.5 3
    1.227 0.5 0
  1.266 5 - 2
    0.959142 0.5 2
    1.13877 0.5 1
  1.276 1 + 2
    0.964632 0.5 3
    1.276 0.5 0
  1.32157 11 + 3
    0.3928 0.094563 21
    0.59056 0.413671 15
    0.776455 0.491766 8
  1.39 7 - 1
    1.08314 1 2
  1.425 9 - 2
    0.879885 0.5 8
    1.11814 0.5 2
  1.477 5 - 2
    1.17014 0.5 2
    1.34977 0.5 1
  1.4993 13 - 2
    0.49815 0.5 25
    0.8153 0.5 13
  1.5009 13 + 1
    0.76989 1 15
  1.5365 7 - 2
    1.22513 0.5 3
    1.5365 0.5 0
  1.542 3 - 2
    1.23063 0.5 3
    1.542 0.5 0
  1.58728 5 + 2
    0.65851 0.4654 21
    0.74452 0.5346 18
  1.6223 19 - 1
    0.6639 1 23
  1.659 9 - 2
    1.11389 0.5 8
    1.35214 0.5 2
  1.688 7 - 2
    1.37663 0.5 3
    1.688 0.5 0
  1.701 3 - 2
    1.38963 0.5 3
    1.701 0.5 0
  1.714 1 + 2
    1.40263 0.5 3
    1.714 0.5 0
  1.758 1 + 2
    1.44663 0.5 3
    1.758 0.5 0
  1.76187 5 - 1
    0.8331 1 21
  1.7741 11 - 1
    0.8157 1 23
  1.779 7 - 2
    1.46763 0.5 3
    1.779 0.5 0
  1.812 3 - 2
    1.50063 0.5 3
    1.812 0.5 0
  1.822 5 - 2
    1.51514 0.5 2
    1.69477 0.5 1
  1.8434 3 + 2
    1.53654 0.5 2
    1.71617 0.5 1
  1.858 1 + 2
    1.54663 0.5 3
    1.858 0.5 0
  1.8624 15 + 1
    0.86125 1 25
  1.8801 3 + 2
    1.57324 0.5 2
    1.75287 0.5 1
  1.893 9 - 2
    1.34788 0.5 8
    1.58614 0.5 2
  1.936 1 + 2
    1.62463 0.5 3
    1.936 0.5 0
  1.9615 5 - 2
    1.65464 0.5 2
    1.83427 0.5 1
  1.971 3 + 2
    1.66414 0.5 2
    1.84377 0.5 1
  1.997 7 - 2
    1.68563 0.5 3
    1.997 0.5 0
  2.017 9 - 2
    1.47188 0.5 8
    1.71014 0.5 2
  2.03725 5 - 1
    1.07885 1 23
  2.057 1 + 2
    1.74563 0.5 3
    2.057 0.5 0
  2.0634 7 - 1
    1.105 1 23
  2.0867 5 - 2
    1.77984 0.5 2
    1.95947 0.5 1
  2.1 9 - 2
    1.55489 0.5 8
    1.79314 0.5 2
  2.131 7 - 2
    1.81963 0.5 3
    2.131 0.5 0
  2.147 5 - 2
    1.84014 0.5 2
    2.01977 0.5 1
  2.1739 17 + 1
    0.673 1 42
  2.218 3 - 2
    1.90663 0.5 3
    2.218 0.5 0
  2.2227 7 + 1
    1.2643 1 23
  2.244 9 - 2
    1.69889 0.5 8
    1.93714 0.5 2
  2.299 5 + 2
    1.98763 0.5 3
    2.299 0.5 0
  2.3177 3 - 2
    2.00633 0.5 3
    2.3177 0.5 0
  2.3268 11 + 2
    1.78168 0.5 8
    2.01994 0.5 2
  2.346 7 - 1
    0.7237 1 46
  2.35 5 + 2
    2.03863 0.5 3
    2.35 0.5 0
  2.3772 17 + 1
    0.8763 1 42
  2.404 3 - 2
    2.09263 0.5 3
    2.404 0.5 0
  2.443 9 - 2
    1.89789 0.5 8
    2.13614 0.5 2
  2.459 7 + 2
    2.15214 0.5 2
    2.33177 0.5 1
  2.4732 23 - 1
    0.8509 1 46
  2.493 5 + 2
    2.18163 0.5 3
    2.493 0.5 0
  2.544 3 - 2
    2.23263 0.5 3
    2.544 0.5 0
  2.5609 11 + 2
    2.01579 0.5 8
    2.25404 0.5 2
  2.601 5 - 2
    2.29414 0.5 2
    2.47377 0.5 1
  2.6134 7 + 2
    2.30654 0.5 2
    2.48617 0.5 1
  2.6255 9 - 2
    2.08039 0.5 8
    2.31864 0.5 2
  2.6596 3 + 2
    2.35274 0.5 2
    2.53237 0.5 1
  2.694 1 - 2
    2.27178 0.5 5
    2.56677 0.5 1
  2.718 5 + 2
    2.40663 0.5 3
    2.718 0.5 0
  2.752 7 - 2
    2.44063 0.5 3
    2.752 0.5 0
  2.7685 3 + 2
    2.46164 0.5 2
    2.64127 0.5 1
  2.784 13 - 2
    1.78285 0.5 25
    2.1 0.5 13
  2.7975 5 + 1
    1.1752 1 46
  2.8018 21 + 1
    0.6279 1 74
  2.815 9 - 2
    2.26988 0.5 8
    2.50814 0.5 2
  2.8238 19 + 1
    0.9614 1 59
  2.844 7 - 2
    2.53263 0.5 3
    2.844 0.5 0
  2.869 3 - 2
    2.55763 0.5 3
    2.869 0.5 0
  2.8784 1 + 2
    2.56703 0.5 3
    2.8784 0.5 0
  2.8855 5 - 1
    1.0231 1 59
  2.8874 19 + 1
    1.025 1 59
  2.901 11 - 2
    2.16999 0.5 15
    2.37344 0.5 6
  2.918 3 + 2
    2.61114 0.5 2
    2.79077 0.5 1
  2.931 7 - 2
    2.61963 0.5 3
    2.931 0.5 0
  2.977 5 + 2
    2.66563 0.5 3
    2.977 0.5 0
  2.9842 9 - 1
    0.511 1 87
  3.019 1 + 2
    2.70763 0.5 3
    3.019 0.5 0
  3.0526 21 + 2
    0.6754 0.8336 83
    1.4303 0.1664 46
  3.065 3 - 2
    2.75363 0.5 3
    3.065 0.5 0
  3.083 5 - 2
    2.77614 0.5 2
    2.95577 0.5 1
  3.12 7 + 2
    2.81314 0.5 2
    2.99277 0.5 1
  3.173 9 - 2
    2.62789 0.5 8
    2.86614 0.5 2
  3.228 1 + 2
    2.91663 0.5 3
    3.228 0.5 0
  3.2366 3 - 1
    1.6143 1 46
  3.2859 5 + 2
    2.97453 0.5 3
    3.2859 0.5 0
  3.2908 27 + 1
    0.8176 1 87
  3.3954 7 - 2
    3.08403 0.5 3
    3.3954 0.5 0
  3.4438 23 + 4
    0.3912 0.211 115
    0.5564 0.16 108
    0.62 0.4995 103
    0.9706 0.1295 87
  3.4781 27 - 1
    1.0049 1 87
  3.656 5 - 1
    1.1828 1 87
  3.6815 25 + 2
    0.6289 0.8478 115
    1.2083 0.1522 87
  3.714 3 - 1
    1.2408 1 87
  4.044 7 + 1
    4.044 1 0
  4.1409 27 + 2
    0.4594 0.5272 128
    0.6971 0.4728 125
  4.1828 27 + 2
    0.5013 0.3339 128
    0.739 0.6661 125
  4.4512 29 + 1
    0.7697 1 128
  4.6136 31 - 1
    1.1355 1 126
  4.9675 31 + 2
    0.5163 0.3513 133
    0.8266 0.6487 131
  5.2332 31 + 1
    1.0504 1 132
  5.265 5 - 1
    1.7869 1 126
  5.3745 3 - 1
    1.8964 1 126
  5.60295 33 + 1
    1.15175 1 133
  5.831 35 - 1
    1.2174 1 134
  5.9027 9 - 1
    1.2891 1 134
  5.9464 35 + 2
    0.34345 0.5006 139
    0.9789 0.4994 135
  6.4691 37 + 1
    0.86615 1 139
  7.0768 39 + 1
    1.1304 1 142
  7.0955 39 - 1
    1.2645 1 140
  7.6789 41 + 1
    1.2098 1 143
  8.3182 43 + 1
    1.2414 1 144
  8.4325 43 - 1
    1.337 1 145
  9.0025 45 + 1
    1.3236 1 146
  9.8262 47 - 1
    1.3937 1 148

44 102 137
  0 0 + 0
  0.475096 4 + 1
    0.475096 1 0
  0.94369 0 + 1
    0.468594 1 1
  1.10305 4 + 2
    0.627954 0.6294 1
    1.10305 0.3706 0
  1.10643 8 + 1
    0.631334 1 1
  1.5216 6 + 3
    0.41517 0.0459 4
    0.41855 0.2317 3
    1.0465 0.7224 1
  1.58056 4 + 3
    0.63687 0.345283 2
    1.10546 0.574371 1
    1.58056 0.080346 0
  1.60337 8 + 2
    0.49694 0.834 4
    1.12827 0.166 1
  1.79908 8 + 3
    0.69265 0.337203 4
    0.69603 0.571506 3
    1.32398 0.091291 1
  1.83725 0 + 3
    0.25669 0.041781 6
    0.7342 0.203904 3
    1.36215 0.754315 1
  1.87325 12 + 1
    0.76682 1 4
  1.96801 0 + 1
    0.86496 1 3
  2.03673 4 + 4
    0.45617 0.3462 6
    0.9303 0.1147 4
    1.56163 0.4245 1
    2.03673 0.1146 0
  2.04339 6 - 2
    0.94034 0.4625 3
    1.56829 0.5375 1
  2.15274 4 + 1
    1.04631 1 4
  2.19 2 - 2
    1.7149 0.5 1
    2.19 0.5 0
  2.21903 10 + 4
    0.34578 0.01356 10
    0.41995 0.048921 8
    0.69743 0.674714 5
    1.1126 0.262805 4
  2.24078 2 - 2
    1.76568 0.5 1
    2.24078 0.5 0
  2.26109 4 - 6
    0.2177 0.005123 13
    0.68053 0.231405 6
    0.73949 0.278706 5
    1.15804 0.278606 3
    1.78599 0.197804 1
    2.26109 0.008356 0
  2.3027 8 + 1
    1.19627 1 4
  2.3673 6 - 2
    1.26425 0.5 3
    1.8922 0.5 1
  2.37305 10 - 3
    0.32966 0.02316 13
    0.4998 0.03033 10
    1.26662 0.946509 4
  2.3857 2 - 2
    1.9106 0.5 1
    2.3857 0.5 0
  2.42 8 + 2
    1.31695 0.3712 3
    1.9449 0.6288 1
  2.4418 8 + 3
    0.9202 0.1288 5
    1.33875 0.6435 3
    1.9667 0.2277 1
  2.46 6 - 2
    1.35695 0.5 3
    1.9849 0.5 1
  2.46739 4 + 1
    1.99229 1 1
  2.567 2 - 2
    2.0919 0.5 1
    2.567 0.5 0
  2.5865 12 + 1
    0.78742 1 8
  2.59179 6 - 1
    0.5484 1 13
  2.61474 6 - 2
    1.51169 0.3506 3
    2.13964 0.6494 1
  2.64993 12 - 2
    0.27688 0.2545 21
    0.77668 0.7455 10
  2.6761 2 - 1
    2.201 1 1
  2.7005 10 - 3
    1.1789 0.067419 5
    1.59745 0.302494 3
    2.2254 0.630087 1
  2.7061 16 + 1
    0.83285 1 10
  2.7088 14 - 2
    0.33575 0.1248 21
    0.83555 0.8752 10
  2.71115 6 - 2
    1.6081 0.5 3
    2.23605 0.5 1
  2.7192 2 - 3
    1.1976 0.2168 5
    1.61615 0.4425 3
    2.2441 0.3407 1
  2.78984 4 - 2
    0.52875 0.5 18
    1.26824 0.5 5
  2.80097 6 - 2
    1.69792 0.5 3
    2.32587 0.5 1
  2.8144 10 - 3
    1.2928 0.559306 5
    1.71135 0.369104 3
    2.3393 0.071591 1
  2.8229 2 - 2
    2.3478 0.5 1
    2.8229 0.5 0
  2.8775 4 + 2
    2.4024 0.5 1
    2.8775 0.5 0
  2.899 6 - 2
    1.79595 0.5 3
    2.4239 0.5 1
  2.9091 8 + 1
    2.434 1 1
  2.9137 4 - 2
    1.81065 0.5587 3
    2.4386 0.4413 1
  2.9366 14 - 2
    0.56355 0.7525 21
    1.06335 0.2475 10
  2.942 16 - 2
    0.2332 0.3743 35
    0.29207 0.6257 31
  2.94475 2 + 2
    0.68366 0.5 18
    1.42315 0.5 5
  2.9461 6 + 2
    0.72707 0.5 16
    1.4245 0.5 5
  2.9564 10 + 2
    0.73737 0.5 16
    1.4348 0.5 5
  2.967 4 - 2
    0.70591 0.5 18
    1.4454 0.5 5
  3.0103 8 + 3
    1.4887 0.2399 5
    1.90725 0.5838 3
    2.5352 0.1763 1
  3.0354 14 + 1
    0.81637 1 16
  3.05673 2 - 2
    2.58163 0.5 1
    3.05673 0.5 0
  3.0856 6 - 2
    1.98255 0.5 3
    2.6105 0.5 1
  3.1385 18 - 2
    0.1965 0.009862 47
    0.4297 0.990138 35
  3.1571 4 + 2
    2.682 0.5 1
    3.1571 0.5 0
  3.2342 8 + 2
    2.13115 0.5 3
    2.7591 0.5 1
  3.2447 6 - 2
    2.14165 0.5 3
    2.7696 0.5 1
  3.3282 16 - 2
    0.3862 0.7264 47
    0.6194 0.2736 35
  3.3472 2 + 2
    1.08611 0.5 18
    1.8256 0.5 5
  3.3886 4 + 2
    2.9135 0.5 1
    3.3886 0.5 0
  3.3949 16 + 1
    0.8084 1 28
  3.4342 20 + 1
    0.7281 1 34
  3.4504 10 - 2
    1.84703 0.5 7
    2.34397 0.5 4
  3.4567 18 - 3
    0.5147 0.592059 47
    0.5201 0.260426 46
    0.7479 0.147515 35
  3.4689 6 - 2
    2.36585 0.5 3
    2.9938 0.5 1
  3.5379 20 - 2
    0.3994 0.1388 56
    0.5959 0.8612 47
  3.5491 4 + 2
    3.074 0.5 1
    3.5491 0.5 0
  3.5767 8 + 2
    2.47365 0.5 3
    3.1016 0.5 1
  3.6801 2 - 2
    3.205 0.5 1
    3.6801 0.5 0
  3.6886 6 + 2
    1.46957 0.5 16
    2.167 0.5 5
  3.6996 4 - 2
    1.43851 0.5 18
    2.178 0.5 5
  3.7184 8 + 2
    2.61535 0.5 3
    3.2433 0.5 1
  3.733 2 - 2
    3.2579 0.5 1
    3.733 0.5 0
  3.7413 10 + 2
    1.52227 0.5 16
    2.2197 0.5 5
  3.7493 6 - 2
    2.64625 0.5 3
    3.2742 0.5 1
  3.7585 4 + 2
    3.2834 0.5 1
    3.7585 0.5 0
  3.772 2 - 1
    0.83 1 47
  3.7821 8 + 2
    2.67905 0.5 3
    3.307 0.5 1
  3.7913 6 - 2
    2.68825 0.5 3
    3.3162 0.5 1
  3.8196 22 - 1
    0.6811 1 56
  3.8409 4 + 2
    3.3658 0.5 1
    3.8409 0.5 0
  3.8589 20 + 2
    0.4247 0.3959 64
    1.1528 0.6041 34
  3.8757 12 - 2
    1.22577 0.5 31
    1.65667 0.5 16
  3.8856 4 + 2
    3.4105 0.5 1
    3.8856 0.5 0
  3.9167 18 + 1
    0.8813 1 53
  3.937 6 - 2
    2.83395 0.5 3
    3.4619 0.5 1
  3.9729 2 - 2
    3.4978 0.5 1
    3.9729 0.5 0
  4.013 20 - 1
    0.6848 1 60
  4.0335 8 + 2
    2.93045 0.5 3
    3.5584 0.5 1
  4.0556 24 + 1
    0.6214 1 64
  4.0662 10 - 2
    2.46283 0.5 7
    2.95977 0.5 4
  4.081 4 + 2
    3.6059 0.5 1
    4.081 0.5 0
  4.0879 6 - 2
    2.98485 0.5 3
    3.6128 0.5 1
  4.1139 0 + 2
    3.6388 0.5 1
    4.1139 0.5 0
  4.1253 2 - 2
    3.6502 0.5 1
    4.1253 0.5 0
  4.1791 8 + 2
    3.07605 0.5 3
    3.704 0.5 1
  4.18175 4 - 2
    1.92066 0.5 18
    2.66015 0.5 5
  4.1837 22 - 2
    0.645801 0.2594 68
    0.727001 0.7406 66
  4.2947 20 + 1
    0.899801 1 63
  4.3651 24 - 2
    0.5455 0.072537 82
    0.8272 0.927463 68
  4.615 6 + 1
    0.843 1 79
  4.7109 26 - 1
    0.8913 1 82
  4.7201 24 + 3
    0.6645 0.2622 92
    0.8612 0.2619 84
    1.2859 0.4759 64
  4.7546 22 + 1
    0.837901 1 87
  4.8084 28 + 1
    0.7528 1 92
  4.8398 24 - 1
    0.8268 1 90
  5.0699 26 - 1
    0.886199 1 100
  5.3704 28 - 1
    1.0053 1 102
  5.6784 28 + 2
    0.9583 0.8198 105
    1.6228 0.1802 92
  5.7246 32 + 1
    0.9162 1 107
  5.7576 30 - 1
    1.0467 1 104
  5.7666 28 - 1
    0.926801 1 108
  6.0583 30 - 1
    0.9884 1 109
  6.0808 28 + 1
    1.2724 1 107
  6.5072 32 - 1
    1.1368 1 110
  6.7254 32 - 1
    0.958799 1 114
  6.7904 36 + 1
    1.0658 1 112
  6.918 34 - 1
    1.1604 1 113
  7.0005 32 + 2
    0.9197 0.1804 116
    1.2759 0.8196 112
  7.1183 34 - 1
    1.06 1 115
  7.7504 36 - 1
    1.2432 1 117
  7.9983 40 + 1
    1.2079 1 119
  8.0536 36 + 2
    1.0531 0.4286 121
    1.2632 0.5714 119
  8.1259 38 - 1
    1.2079 1 120
  8.247 38 - 1
    1.1287 1 122
  9.0373 40 - 1
    1.2869 1 123
  9.21952 4 + 11
    6.16279 0.01139 54
    6.18412 0.025119 53
    6.27477 0.060278 48
    6.60478 0.018079 30
    6.62773 0.334887 29
    6.75213 0.287988 26
    6.95843 0.030139 18
    6.97874 0.147394 17
    7.17613 0.044208 13
    7.69792 0.015739 5
    8.11309 0.024779 4
  9.2487 40 + 2
    1.1951 0.5 125
    1.2504 0.5 124
  9.3045 44 + 1
    1.3062 1 124
  9.3705 42 - 1
    1.2446 1 126
  9.5097 42 - 1
    1.2627 1 127
  10.6811 46 - 1
    1.3106 1 132
  10.7083 48 + 1
    1.4038 1 131
  12.2216 52 + 1
    1.5133 1 135

44 103 132
  0 3 + 0
  0.00281 5 + 1
    0.00281 1 0
  0.136079 5 + 2
    0.133269 0.021961 1
    0.136079 0.978039 0
  0.17426 1 + 2
    0.17145 0.037519 1
    0.17426 0.962481 0
  0.21356 7 + 3
    0.077481 0.026239 2
    0.21075 0.924981 1
    0.21356 0.048779 0
  0.2382 11 - 1
    0.02464 1 4
  0.29748 7 - 1
    0.29467 1 1
  0.34638 3 + 4
    0.17212 0.002387 3
    0.210301 0.262703 2
    0.34357 0.141302 1
    0.34638 0.593608 0
  0.40415 7 + 3
    0.19059 0.066 4
    0.268071 0.1639 2
    0.40134 0.7701 1
  0.40608 5 + 4
    0.23182 0.036247 3
    0.270001 0.181587 2
    0.40327 0.762347 1
    0.40608 0.019819 0
  0.43206 1 + 2
    0.2578 0.1293 3
    0.43206 0.8707 0
  0.4759 3 + 1
    0.30164 1 3
  0.50115 5 + 3
    0.28759 0.1918 4
    0.365071 0.1203 2
    0.50115 0.6879 0
  0.5354 3 + 2
    0.32184 0.5 4
    0.5354 0.5 0
  0.54821 1 + 4
    0.20183 0.039281 7
    0.25073 0.591012 6
    0.37395 0.061901 3
    0.5454 0.307806 1
  0.55458 1 + 3
    0.12252 0.02178 10
    0.38032 0.134103 3
    0.55458 0.844117 0
  0.5577 9 + 4
    0.15355 0.059591 8
    0.34414 0.332003 4
    0.421621 0.137701 2
    0.55489 0.470705 1
  0.56287 5 + 4
    0.38861 0.228193 3
    0.426791 0.038569 2
    0.56006 0.021359 1
    0.56287 0.711879 0
  0.56817 5 + 2
    0.27069 0.935737 6
    0.56817 0.064263 0
  0.59197 5 + 6
    0.24559 0.106789 7
    0.37841 0.29967 4
    0.41771 0.083892 3
    0.455891 0.134387 2
    0.58916 0.181682 1
    0.59197 0.193581 0
  0.622 5 + 1
    0.32452 1 6
  0.6537 15 - 1
    0.4155 1 5
  0.66155 3 + 6
    0.1604 0.093076 12
    0.31517 0.158094 7
    0.48729 0.166193 3
    0.525471 0.044058 2
    0.65874 0.219891 1
    0.66155 0.318687 0
  0.6972 7 + 1
    0.561121 1 2
  0.7352 5 + 3
    0.33105 0.231677 8
    0.599121 0.40246 2
    0.73239 0.365863 1
  0.73689 1 + 6
    0.18231 0.051331 15
    0.30483 0.036901 10
    0.33081 0.082292 9
    0.56263 0.328007 3
    0.600811 0.097162 2
    0.73689 0.404308 0
  0.7488 5 + 1
    0.1911 1 16
  0.7741 11 + 2
    0.2164 0.1112 16
    0.56054 0.8888 4
  0.814885 3 + 6
    0.408805 0.133699 9
    0.410735 0.097949 8
    0.468505 0.158598 7
    0.678806 0.190198 2
    0.812075 0.060959 1
    0.814885 0.358596 0
  0.855 9 - 2
    0.45085 0.5 8
    0.64144 0.5 4
  0.87371 5 + 1
    0.57623 1 6
  0.90305 3 - 4
    0.4019 0.125987 12
    0.60557 0.137986 6
    0.72879 0.137686 3
    0.90305 0.59834 0
  0.90536 3 + 4
    0.6918 0.069009 4
    0.769281 0.329597 2
    0.90255 0.383096 1
    0.90536 0.218298 0
  0.90764 3 - 4
    0.69408 0.086437 4
    0.73338 0.197092 3
    0.771561 0.358286 2
    0.90764 0.358186 0
  0.9116 7 + 1
    0.61412 1 6
  0.92724 1 + 6
    0.30524 0.006246 20
    0.35907 0.379809 18
    0.37903 0.439111 14
    0.62976 0.105103 6
    0.75298 0.021791 3
    0.791161 0.047941 2
  0.9313 5 + 1
    0.38309 1 14
  0.9405 7 - 4
    0.72694 0.073169 4
    0.804421 0.219496 2
    0.93769 0.609588 1
    0.9405 0.097748 0
  0.9544 3 + 1
    0.818321 1 2
  0.9888 5 + 1
    0.48765 1 12
  0.9916 7 + 1
    0.77804 1 4
  1.004 3 + 2
    0.79044 0.5 4
    1.004 0.5 0
  1.0181 7 + 1
    0.72062 1 6
  1.0204 11 - 1
    0.3667 1 21
  1.057 9 - 2
    0.65285 0.5 8
    0.84344 0.5 4
  1.06514 9 - 5
    0.66099 0.3831 8
    0.85158 0.2184 4
    0.929061 0.1226 2
    1.06233 0.1456 1
    1.06514 0.1303 0
  1.0796 9 - 1
    0.67545 1 8
  1.1067 1 + 1
    0.93244 1 3
  1.1101 13 - 3
    0.67804 0.1307 10
    0.70402 0.2157 9
    1.1101 0.6536 0
  1.12215 11 + 2
    0.56445 0.2129 16
    0.718 0.7871 8
  1.1337 9 - 2
    0.72955 0.5 8
    0.92014 0.5 4
  1.1406 7 - 1
    0.73645 1 8
  1.1713 13 - 2
    0.62309 0.5 14
    0.87382 0.5 6
  1.17408 3 - 1
    0.62587 1 14
  1.182 9 - 2
    0.77785 0.5 8
    0.96844 0.5 4
  1.1999 13 + 1
    0.6422 1 16
  1.238 7 - 2
    1.10192 0.5 2
    1.23519 0.5 1
  1.2506 17 - 2
    0.0793 0.5 52
    0.1405 0.5 48
  1.2698 7 - 1
    0.86565 1 8
  1.2882 9 - 1
    0.72003 1 18
  1.3015 19 - 1
    0.6478 1 21
  1.3136 11 + 2
    0.5395 0.725 27
    0.7559 0.275 16
  1.322 1 - 2
    0.97562 0.5 7
    1.322 0.5 0
  1.3242 5 - 1
    0.97782 1 7
  1.338 3 - 2
    1.20192 0.5 2
    1.33519 0.5 1
  1.34712 7 - 3
    0.84597 0.216722 12
    1.04964 0.492649 6
    1.21104 0.290629 2
  1.37 9 - 2
    0.96585 0.5 8
    1.15644 0.5 4
  1.3784 5 - 1
    0.81023 1 18
  1.40098 3 - 6
    0.73943 0.083336 22
    0.83811 0.107107 17
    0.96892 0.119008 10
    0.9949 0.202414 9
    1.1035 0.190513 6
    1.40098 0.297621 0
  1.43112 7 - 3
    0.86295 0.549445 18
    0.86825 0.335166 17
    1.29504 0.115388 2
  1.4437 15 + 1
    0.6696 1 27
  1.461 1 - 2
    1.11462 0.5 7
    1.461 0.5 0
  1.4738 5 - 1
    1.06965 1 8
  1.4903 3 - 2
    1.35422 0.5 2
    1.48749 0.5 1
  1.5583 11 - 2
    1.26082 0.5 6
    1.3201 0.5 5
  1.60447 7 - 6
    1.0363 0.06042 18
    1.17241 0.08157 10
    1.19839 0.29 9
    1.43021 0.1934 3
    1.46839 0.07251 2
    1.60447 0.3021 0
  1.642 9 - 2
    1.23785 0.5 8
    1.42844 0.5 4
  1.662 5 - 2
    1.44844 0.5 4
    1.662 0.5 0
  1.699 3 - 2
    1.56292 0.5 2
    1.69619 0.5 1
  1.717 1 - 2
    1.58092 0.3711 2
    1.717 0.6289 0
  1.7304 7 - 2
    1.29834 0.115 10
    1.7304 0.885 0
  1.7553 5 - 2
    1.54174 0.5 4
    1.7553 0.5 0
  1.78 9 + 2
    1.64392 0.5 2
    1.77719 0.5 1
  1.809 1 + 2
    1.67292 0.5 2
    1.80619 0.5 1
  1.817 3 - 2
    1.68092 0.5 2
    1.81419 0.5 1
  1.83588 7 - 4
    0.90864 0.052362 35
    1.17433 0.183207 22
    1.24391 0.24081 19
    1.6998 0.523621 2
  1.88054 5 + 5
    0.70646 0.0678 53
    1.28857 0.1582 19
    1.33233 0.565 14
    1.74446 0.0904 2
    1.88054 0.1186 0
  1.892 11 - 2
    1.59452 0.5 6
    1.6538 0.5 5
  1.90606 3 + 4
    0.73198 0.087718 53
    1.24451 0.438591 22
    1.55968 0.127197 7
    1.7318 0.346493 3
  1.96194 13 - 6
    0.56096 0.06826 68
    1.0347 0.186926 35
    1.36997 0.296742 19
    1.46079 0.115716 12
    1.61556 0.062319 7
    1.95913 0.270038 1
  2.0036 9 + 1
    1.07636 1 35
  2.022 5 - 2
    1.80844 0.5 4
    2.022 0.5 0
  2.058 7 + 2
    1.84444 0.5 4
    2.058 0.5 0
  2.082 3 - 2
    1.94592 0.5 2
    2.07919 0.5 1
  2.118 1 + 2
    1.98192 0.5 2
    2.11519 0.5 1
  2.1297 23 - 1
    0.8282 1 60
  2.1318 19 + 1
    0.6881 1 70
  2.137 5 - 2
    1.92344 0.5 4
    2.137 0.5 0
  2.167 7 + 1
    0.829 1 64
  2.20604 3 - 7
    0.80506 0.157673 68
    1.03196 0.125279 53
    1.2788 0.071258 35
    1.2984 0.215963 33
    1.54449 0.125279 22
    1.85966 0.157673 7
    2.03178 0.146875 3
  2.217 9 + 2
    2.08092 0.5 2
    2.21419 0.5 1
  2.2236 5 - 1
    2.2236 1 0
  2.232 7 + 2
    2.01844 0.5 4
    2.232 0.5 0
  2.248 11 - 2
    1.95052 0.5 6
    2.0098 0.5 5
  2.28 3 + 2
    2.06644 0.5 4
    2.28 0.5 0
  2.299 1 - 2
    1.95262 0.5 7
    2.299 0.5 0
  2.384 5 + 2
    2.24792 0.5 2
    2.38119 0.5 1
  2.405 9 - 2
    2.00085 0.5 8
    2.19144 0.5 4
  2.4432 7 + 2
    2.22964 0.5 4
    2.4432 0.5 0
  2.489 3 - 2
    2.35292 0.5 2
    2.48619 0.5 1
  2.507 5 + 2
    2.37092 0.5 2
    2.50419 0.5 1
  2.515 1 + 2
    2.37892 0.5 2
    2.51219 0.5 1
  2.52 7 - 2
    2.38392 0.5 2
    2.51719 0.5 1
  2.548 3 - 2
    2.41192 0.5 2
    2.54519 0.5 1
  2.5762 5 + 4
    1.83931 0.3165 25
    2.02799 0.2152 14
    2.07505 0.2025 12
    2.5762 0.2658 0
  2.627 9 - 2
    2.22285 0.5 8
    2.41344 0.5 4
  2.657 11 + 2
    2.25285 0.5 8
    2.44344 0.5 4
  2.6796 23 + 1
    0.5478 1 96
  2.694 3 - 2
    2.55792 0.5 2
    2.69119 0.5 1
  2.723 7 - 2
    2.58692 0.5 2
    2.72019 0.5 1
  2.96 5 + 2
    2.82392 0.5 2
    2.95719 0.5 1
  3.015 1 - 2
    2.66862 0.5 7
    3.015 0.5 0
  3.062 13 + 2
    2.5043 0.5 16
    2.8238 0.5 5
  3.0787 27 - 1
    0.949 1 95
  3.204 5 + 2
    3.06792 0.5 2
    3.20119 0.5 1
  3.2756 27 + 1
    0.596 1 117
  3.325 3 - 2
    3.18892 0.5 2
    3.32219 0.5 1
  3.512 7 - 2
    3.37592 0.5 2
    3.50919 0.5 1
  4.0586 31 + 1
    0.783 1 125
  4.083 31 - 1
    1.0043 1 123
  5.028 35 + 1
    0.9694 1 128
  5.127 35 - 1
    1.044 1 129

44 104 70
  0 0 + 0
  0.35802 4 + 1
    0.35802 1 0
  0.88848 8 + 1
    0.53046 1 1
  0.8931 4 + 2
    0.53508 0.589 1
    0.8931 0.411 0
  0.98827 0 + 1
    0.63025 1 1
  1.24236 6 + 3
    0.34926 0.175098 3
    0.35388 0.068309 2
    0.88434 0.756592 1
  1.335 0 + 2
    0.4419 0.5 3
    0.97698 0.5 1
  1.5026 8 + 3
    0.6095 0.5557 3
    0.61412 0.3279 2
    1.14458 0.1164 1
  1.51544 4 + 4
    0.52717 0.091957 4
    0.62696 0.052268 2
    1.15742 0.66868 1
    1.51544 0.187094 0
  1.5564 12 + 1
    0.66792 1 2
  1.75 4 + 2
    1.39198 0.5 1
    1.75 0.5 0
  1.87239 10 + 2
    0.63003 0.7466 5
    0.98391 0.2534 2
  1.97043 6 - 1
    1.61241 1 1
  1.9748 12 - 1
    0.4184 1 9
  2.004 2 - 2
    1.64598 0.5 1
    2.004 0.5 0
  2.03485 4 + 3
    0.51941 0.079809 8
    0.79249 0.223298 5
    1.67683 0.696893 1
  2.08084 8 + 4
    0.5654 0.046971 8
    0.83848 0.411012 5
    1.18774 0.176605 3
    1.72282 0.365411 1
  2.095 8 + 4
    0.57956 0.25 8
    0.85264 0.25 5
    1.2019 0.25 3
    1.20652 0.25 2
  2.1966 12 + 1
    0.694 1 7
  2.2328 10 - 1
    1.34432 1 2
  2.26904 8 + 4
    0.29861 0.026328 12
    1.37594 0.088525 3
    1.38056 0.409375 2
    1.91102 0.475771 1
  2.28507 4 + 2
    0.31464 0.072691 12
    1.39659 0.927309 2
  2.3204 16 + 1
    0.764 1 9
  2.32922 4 - 2
    1.43612 0.187 3
    1.9712 0.813 1
  2.37375 2 + 1
    2.01573 1 1
  2.42985 6 - 3
    0.34901 0.068022 16
    0.45942 0.085253 12
    1.54137 0.846725 2
  2.443 2 - 2
    2.08498 0.5 1
    2.443 0.5 0
  2.4819 6 - 4
    0.51147 0.049608 12
    1.23954 0.061728 5
    1.59342 0.117295 2
    2.12388 0.771369 1
  2.48991 6 + 3
    1.24755 0.113703 5
    1.59681 0.848125 3
    1.60143 0.038171 2
  2.52428 4 - 4
    0.55385 0.089254 12
    1.02168 0.134207 7
    1.28192 0.59283 5
    1.6358 0.183709 2
  2.59731 4 - 2
    1.60904 0.2593 4
    2.23929 0.7407 1
  2.6007 12 - 1
    1.0443 1 9
  2.6139 14 - 2
    0.3811 0.1318 19
    1.0575 0.8682 9
  2.61897 2 - 3
    0.3339 0.4263 21
    0.58412 0.4206 15
    0.64854 0.1531 12
  2.6234 14 + 1
    0.75101 1 11
  2.6278 6 - 1
    0.395 1 19
  2.62999 2 - 2
    0.65956 0.0458 12
    1.73689 0.9542 3
  2.7581 10 - 1
    1.2017 1 9
  2.75995 6 - 3
    0.47488 0.2073 21
    1.51759 0.6098 5
    1.87147 0.1829 2
  2.82343 2 - 3
    1.58107 0.173617 5
    1.93495 0.131913 2
    2.46541 0.694469 1
  2.8476 16 + 1
    0.651 1 18
  2.8614 8 - 1
    1.305 1 9
  2.9279 16 - 2
    0.1698 0.5 37
    0.3272 0.5 31
  3.0359 6 - 2
    0.4081 0.5 35
    0.422 0.5 32
  3.07503 10 - 3
    0.58512 0.1579 28
    2.18193 0.3636 3
    2.71701 0.4785 1
  3.09355 18 - 1
    0.47965 1 32
  3.1119 20 + 1
    0.7915 1 22
  3.2847 20 + 1
    0.9643 1 22
  3.3338 2 - 2
    1.36337 0.5208 12
    2.97578 0.4792 1
  3.3844 6 - 1
    0.523 1 41
  3.41442 8 + 3
    0.79545 0.2957 33
    2.52594 0.1667 2
    3.0564 0.5376 1
  3.44334 4 - 4
    0.91906 0.078204 29
    1.9279 0.268179 8
    2.55024 0.558655 3
    3.08532 0.094962 1
  3.4729 20 - 1
    0.545 1 42
  3.50159 2 + 6
    1.12784 0.072797 24
    1.46674 0.214591 15
    1.53116 0.095786 12
    1.98615 0.042148 8
    2.60849 0.383085 3
    3.14357 0.191592 1
  3.50732 6 + 4
    1.13357 0.097934 24
    1.47247 0.309281 15
    1.53689 0.077315 12
    3.1493 0.515469 1
  3.58281 4 - 2
    1.0929 0.6711 28
    2.34045 0.3289 5
  3.5839 8 + 4
    0.98659 0.215622 30
    1.21015 0.293729 24
    2.6908 0.178118 3
    3.22588 0.312531 1
  3.61816 10 - 3
    2.3758 0.2589 5
    2.72506 0.5076 3
    3.26014 0.2335 1
  3.67674 6 + 2
    2.78826 0.6452 2
    3.31872 0.3548 1
  3.6912 22 - 1
    0.59765 1 45
  3.7134 24 + 1
    0.6015 1 46
  3.8754 2 - 4
    1.84055 0.3279 15
    2.63304 0.1803 5
    2.9823 0.1967 3
    3.51738 0.2951 1
  3.91945 4 + 2
    2.67709 0.5952 5
    3.02635 0.4048 3
  4.1639 24 - 1
    0.691 1 52
  4.1701 6 + 4
    2.08926 0.510149 16
    2.92774 0.168383 5
    3.277 0.168383 3
    3.81208 0.153085 1
  4.26372 8 - 2
    1.63373 0.2806 36
    3.37062 0.7194 3
  4.2677 4 + 2
    2.39531 0.5917 11
    3.3746 0.4083 3
  4.4392 28 + 1
    0.7258 1 60
  4.4432 26 - 1
    0.752001 1 59
  5.357 32 + 1
    0.9178 1 67

44 105 61
  0 3 + 0
  0.02061 5 + 1
    0.02061 1 0
  0.107937 5 + 1
    0.107937 1 0
  0.159518 1 + 1
    0.159518 1 0
  0.163815 5 + 2
    0.055878 0.1079 2
    0.143205 0.8921 1
  0.2086 11 - 1
    0.2086 1 0
  0.22948 7 + 3
    0.121543 0.1289 2
    0.20887 0.7109 1
    0.22948 0.1602 0
  0.24441 3 - 4
    0.080595 0.2991 4
    0.136473 0.1895 2
    0.2238 0.2561 1
    0.24441 0.2553 0
  0.246373 5 - 4
    0.082558 0.411233 4
    0.138436 0.356128 2
    0.225763 0.201916 1
    0.246373 0.030722 0
  0.272722 5 + 4
    0.113204 0.176411 3
    0.164785 0.011241 2
    0.252112 0.508631 1
    0.272722 0.303718 0
  0.30168 7 + 2
    0.28107 0.2843 1
    0.30168 0.7157 0
  0.321595 3 - 7
    0.048873 0.004214 9
    0.075222 0.191799 8
    0.15778 0.147699 4
    0.162077 0.03284 3
    0.213658 0.07305 2
    0.300985 0.0519 1
    0.321595 0.498498 0
  0.44195 5 + 4
    0.169228 0.205604 9
    0.282432 0.067681 3
    0.334013 0.219504 2
    0.44195 0.50721 0
  0.46627 3 + 4
    0.306752 0.1895 3
    0.358333 0.3429 2
    0.44566 0.2424 1
    0.46627 0.2252 0
  0.49089 3 - 3
    0.218168 0.081391 9
    0.331372 0.153502 3
    0.49089 0.765108 0
  0.5739 15 - 1
    0.3653 1 5
  0.578 7 - 2
    0.470063 0.5 2
    0.55739 0.5 1
  0.580115 3 - 3
    0.420597 0.1146 3
    0.472178 0.1222 2
    0.580115 0.7632 0
  0.58212 3 + 3
    0.28044 0.528 10
    0.309398 0.2074 9
    0.35264 0.2646 6
  0.62583 7 + 2
    0.39635 0.1532 6
    0.60522 0.8468 1
  0.63127 1 + 3
    0.358548 0.240602 9
    0.471752 0.099291 3
    0.63127 0.660107 0
  0.64403 3 - 4
    0.322435 0.387327 11
    0.397657 0.069335 8
    0.480215 0.363625 4
    0.64403 0.179713 0
  0.6708 1 + 2
    0.398078 0.074554 9
    0.562863 0.925446 2
  0.72592 9 + 2
    0.48151 0.066281 7
    0.617983 0.933719 2
  0.75671 3 + 4
    0.31476 0.241724 12
    0.483988 0.140614 9
    0.648773 0.238824 2
    0.75671 0.378838 0
  0.78456 1 - 3
    0.462965 0.939009 11
    0.538187 0.050641 8
    0.620745 0.01035 4
  0.80577 1 + 1
    0.646252 1 3
  0.82433 9 - 7
    0.19306 0.094159 20
    0.33344 0.162298 14
    0.577957 0.142899 8
    0.664812 0.077919 3
    0.716393 0.126599 2
    0.80372 0.071429 1
    0.82433 0.324697 0
  0.84112 9 - 1
    0.53944 1 10
  0.87343 1 + 2
    0.600708 0.1737 9
    0.713912 0.8263 3
  0.88657 3 + 4
    0.24254 0.02381 21
    0.4203 0.00558 13
    0.564975 0.277403 11
    0.640197 0.693207 8
  0.90309 7 - 3
    0.60141 0.133895 10
    0.656717 0.078737 8
    0.739275 0.787368 4
  0.914 11 - 2
    0.3401 0.5 15
    0.7054 0.5 5
  0.95673 13 - 4
    0.684008 0.2599 9
    0.710357 0.2147 8
    0.797212 0.2825 3
    0.848793 0.2429 2
  0.96709 9 - 1
    0.32306 1 21
  0.994 5 - 2
    0.76452 0.5 6
    0.994 0.5 0
  1.05878 7 - 3
    0.7571 0.740744 10
    0.8293 0.037042 6
    0.894965 0.222213 4
  1.114 5 - 2
    0.88452 0.5 6
    1.114 0.5 0
  1.13495 11 + 2
    0.971135 0.1453 4
    1.13495 0.8547 0
  1.1427 19 - 1
    0.5688 1 15
  1.145 7 + 2
    0.91552 0.5 6
    1.145 0.5 0
  1.18013 9 - 4
    0.73818 0.1429 12
    0.87845 0.331 10
    0.95065 0.1777 6
    1.15952 0.3484 1
  1.3255 5 + 3
    0.43893 0.3177 30
    0.54094 0.361 25
    1.0039 0.3213 11
  1.32919 7 - 2
    0.86292 0.7246 13
    0.88724 0.2754 12
  1.58 13 + 2
    1.0061 0.5 15
    1.3714 0.5 5
  1.6936 9 - 1
    1.53408 1 3
  1.73513 5 + 4
    0.60018 0.092773 38
    0.84856 0.149488 30
    1.0911 0.515459 21
    1.57561 0.242281 3
  1.83271 11 - 6
    1.00838 0.156995 27
    1.04815 0.052328 25
    1.20144 0.104697 20
    1.36644 0.290691 13
    1.51111 0.212194 11
    1.55999 0.183095 9
  1.8432 7 + 1
    1.05864 1 25
  1.8454 5 - 2
    0.87831 0.781222 34
    1.82479 0.218778 1
  1.8674 23 - 1
    0.7247 1 39
  1.93 9 + 2
    1.82206 0.5 2
    1.90939 0.5 1
  2.1484 7 + 1
    2.12779 1 1
  2.15542 3 - 3
    1.37086 0.230091 25
    1.8827 0.051038 9
    2.15542 0.718871 0
  2.3267 5 + 2
    2.05398 0.8264 9
    2.16718 0.1736 3
  2.3528 1 - 2
    1.91085 0.6452 12
    2.33219 0.3548 1
  2.3797 17 + 1
    1.32092 1 36
  2.4036 7 - 2
    2.08201 0.7752 11
    2.17412 0.2248 6
  2.55734 3 + 1
    1.97722 1 17
  2.7106 27 - 1
    0.8432 1 50
  3.6412 31 - 1
    0.9306 1 59

44 106 50
  0 0 + 0
  0.27007 4 + 1
    0.27007 1 0
  0.71469 8 + 1
    0.44462 1 1
  0.79231 4 + 2
    0.52224 0.5924 1
    0.79231 0.4076 0
  0.99062 0 + 1
    0.72055 1 1
  1.09155 6 + 3
    0.29924 0.135609 3
    0.37686 0.086536 2
    0.82148 0.777854 1
  1.2958 12 + 1
    0.58111 1 2
  1.3068 8 + 2
    0.51449 0.5 3
    0.59211 0.5 2
  1.39221 4 + 4
    0.40159 0.046167 4
    0.67752 0.150489 2
    1.12214 0.653154 1
    1.39221 0.150189 0
  1.6411 10 + 2
    0.54955 0.5 5
    0.92641 0.5 2
  1.68841 2 - 1
    0.8961 1 3
  1.77437 4 + 2
    0.68282 0.2485 5
    1.5043 0.7515 1
  1.88561 4 + 1
    1.61554 1 1
  1.9078 12 + 1
    0.601 1 7
  1.9734 16 + 1
    0.6776 1 6
  2.151 6 - 2
    1.43631 0.5 2
    1.88093 0.5 1
  2.2394 2 - 4
    0.35379 0.01686 12
    1.24878 0.02384 4
    1.96933 0.3779 1
    2.2394 0.5814 0
  2.2841 14 + 1
    0.643 1 9
  2.367 8 + 2
    1.65231 0.5 2
    2.09693 0.5 1
  2.467 6 - 2
    1.75231 0.5 2
    2.19693 0.5 1
  2.4855 12 - 1
    1.1897 1 6
  2.5443 14 - 1
    1.2485 1 6
  2.5687 2 - 1
    1.2729 1 6
  2.63282 0 + 3
    1.24061 0.0663 8
    1.84051 0.753 3
    2.36275 0.1807 1
  2.70143 2 - 3
    1.71081 0.064519 4
    2.43136 0.290294 1
    2.70143 0.645187 0
  2.705 20 + 1
    0.7316 1 14
  2.7287 6 - 1
    1.4329 1 6
  2.771 4 + 2
    2.50093 0.5 1
    2.771 0.5 0
  2.8712 16 - 2
    0.3857 0.5 20
    0.8978 0.5 14
  2.876 10 - 2
    1.5802 0.5 6
    2.16131 0.5 2
  2.931 6 - 2
    2.21631 0.5 2
    2.66093 0.5 1
  2.94594 8 - 2
    2.15363 0.089254 3
    2.94594 0.910746 0
  2.9601 16 + 1
    0.676 1 17
  2.9994 6 - 1
    1.026 1 14
  3.0159 2 - 2
    1.0425 0.5 14
    1.7201 0.5 6
  3.04713 2 - 2
    2.77706 0.4624 1
    3.04713 0.5376 0
  3.05953 2 - 5
    1.66732 0.026499 8
    2.06891 0.021199 4
    2.26722 0.136293 3
    2.78946 0.756962 1
    3.05953 0.059047 0
  3.068 18 - 2
    0.5237 0.5 21
    1.0946 0.5 14
  3.18643 2 - 2
    2.91636 0.3902 1
    3.18643 0.6098 0
  3.2097 4 - 1
    0.481 1 26
  3.25943 2 + 2
    2.98936 0.183 1
    3.25943 0.817 0
  3.36413 2 - 5
    1.47852 0.129006 12
    1.58976 0.080654 11
    2.57182 0.322616 3
    3.09406 0.177409 1
    3.36413 0.290315 0
  3.4232 20 - 1
    0.552 1 28
  3.45 24 + 1
    0.745 1 25
  3.55098 2 + 3
    2.75867 0.3532 3
    3.28091 0.1881 1
    3.55098 0.4587 0
  3.7047 22 - 2
    0.6367 0.5 37
    0.7053 0.5 33
  3.9304 6 + 2
    3.66033 0.5376 1
    3.9304 0.4624 0
  4.1192 24 - 1
    0.696 1 42
  4.241 28 + 1
    0.791 1 43
  4.4457 26 - 1
    0.741 1 45

44 107 56
  0 5 + 0
  0.102681 9 + 1
    0.102681 1 0
  0.106307 7 + 1
    0.106307 1 0
  0.142101 9 - 2
    0.03942 0.7317 1
    0.142101 0.2683 0
  0.177024 9 - 2
    0.070717 0.1646 2
    0.177024 0.8354 0
  0.19971 7 + 1
    0.19971 1 0
  0.25056 9 - 2
    0.108459 0.917663 3
    0.147879 0.082337 1
  0.29146 9 + 4
    0.114436 0.105298 4
    0.185153 0.116298 2
    0.188779 0.071019 1
    0.29146 0.707386 0
  0.3013 11 - 1
    0.159199 1 3
  0.32257 9 + 3
    0.145546 0.5968 4
    0.216263 0.1006 2
    0.32257 0.3026 0
  0.36032 9 - 3
    0.183296 0.03539 4
    0.257639 0.02461 1
    0.36032 0.94 0
  0.42846 9 + 2
    0.22875 0.506 5
    0.42846 0.494 0
  0.46087 9 + 4
    0.1383 0.092714 9
    0.16941 0.061846 7
    0.354563 0.693451 2
    0.46087 0.151989 0
  0.47089 5 + 2
    0.27118 0.4156 5
    0.47089 0.5844 0
  0.49095 9 - 3
    0.29124 0.088327 5
    0.313926 0.225918 4
    0.49095 0.685755 0
  0.4925 9 + 2
    0.315476 0.3895 4
    0.386193 0.6105 2
  0.56135 9 + 2
    0.419249 0.073863 3
    0.458669 0.926137 1
  0.58246 9 - 4
    0.291 0.065451 7
    0.38275 0.272705 5
    0.479779 0.065131 1
    0.58246 0.596712 0
  0.58594 9 + 4
    0.33538 0.618125 6
    0.443839 0.296012 3
    0.483259 0.033391 1
    0.58594 0.052472 0
  0.63195 13 - 2
    0.489849 0.6651 3
    0.529269 0.3349 1
  0.6722 15 - 1
    0.3709 1 8
  0.67678 11 + 2
    0.24832 0.3066 11
    0.47707 0.6934 5
  0.69837 3 - 2
    0.22748 0.5 13
    0.69837 0.5 0
  0.71371 9 - 2
    0.536686 0.8062 4
    0.71371 0.1938 0
  0.74142 9 - 3
    0.18007 0.1785 16
    0.635113 0.4979 2
    0.638739 0.3236 1
  0.80725 3 - 4
    0.55669 0.1312 6
    0.665149 0.4525 3
    0.704569 0.1674 1
    0.80725 0.2489 0
  0.82594 5 + 5
    0.46562 0.203986 10
    0.53448 0.261482 7
    0.648916 0.189687 4
    0.723259 0.28738 1
    0.82594 0.057466 0
  0.89406 3 - 4
    0.19569 0.1259 22
    0.42317 0.3401 13
    0.53374 0.1939 10
    0.751959 0.3401 3
  0.90023 1 + 4
    0.53991 0.253575 10
    0.57766 0.133987 9
    0.723206 0.478452 4
    0.90023 0.133987 0
  0.9232 7 - 5
    0.33726 0.515246 18
    0.56288 0.087588 10
    0.746176 0.252423 4
    0.820519 0.11331 1
    0.9232 0.031433 0
  0.95709 5 + 2
    0.66563 0.2754 7
    0.850783 0.7246 2
  1.01699 13 + 2
    0.340205 0.1545 21
    0.588525 0.8455 11
  1.0762 3 - 5
    0.37783 0.264505 22
    0.51485 0.264505 16
    0.969893 0.322606 2
    0.973519 0.096772 1
    1.0762 0.051611 0
  1.16249 5 - 2
    0.53054 0.3631 19
    0.57655 0.6369 18
  1.2036 17 - 2
    0.5314 0.12 20
    0.57165 0.88 19
  1.2253 19 - 1
    0.5531 1 20
  1.2415 15 + 2
    0.224515 0.1545 31
    0.56472 0.8455 21
  1.2842 7 + 4
    0.361 0.114411 29
    0.65225 0.49755 19
    0.72285 0.213921 16
    1.2842 0.174117 0
  1.48629 1 + 5
    0.78792 0.108808 22
    0.92494 0.255218 16
    1.02542 0.14641 12
    1.12597 0.071135 10
    1.37998 0.418429 2
  1.5512 17 + 2
    0.3097 0.072219 36
    0.534215 0.927781 31
  1.55522 3 - 8
    0.85685 0.3096 22
    0.99387 0.08669 16
    1.06272 0.05573 15
    1.09435 0.06502 12
    1.26376 0.1548 7
    1.3782 0.2167 4
    1.45254 0.07121 1
    1.55522 0.04025 0
  1.67958 5 - 7
    0.60338 0.002801 32
    0.98121 0.106407 22
    1.11823 0.204514 16
    1.21871 0.204514 12
    1.38812 0.081236 7
    1.50256 0.120408 4
    1.57327 0.280119 2
  1.75733 7 + 10
    0.68113 0.097383 32
    0.83413 0.043071 29
    0.86327 0.028091 27
    1.26483 0.071162 15
    1.29646 0.157305 12
    1.39701 0.116103 10
    1.43476 0.106703 9
    1.46587 0.129204 7
    1.65102 0.187306 2
    1.65465 0.063672 1
  1.84477 3 - 2
    1.66775 0.3789 4
    1.74209 0.6211 1
  1.8701 19 + 1
    0.6286 1 36
  1.9302 21 - 2
    0.7049 0.090918 35
    0.7266 0.909082 34
  1.9367 23 - 1
    0.7114 1 35
  2.1898 21 + 1
    0.6386 1 39
  2.55592 5 + 2
    2.09505 0.2248 12
    2.3789 0.7752 4
  2.5578 23 + 1
    0.6877 1 44
  2.67968 7 - 7
    2.11833 0.086955 16
    2.35711 0.057967 9
    2.38822 0.057967 7
    2.42912 0.086955 6
    2.50266 0.289883 4
    2.53758 0.289883 3
    2.577 0.130392 1
  2.7852 25 - 1
    0.855 1 45
  2.7868 27 - 1
    0.8501 1 46
  2.884 25 + 1
    0.6942 1 47
  3.3151 27 + 1
    0.7573 1 49
  3.7652 31 - 1
    0.9784 1 52

44 108 46
  0 0 + 0
  0.24223 4 + 1
    0.24223 1 0
  0.6651 8 + 1
    0.42287 1 1
  0.70783 4 + 2
    0.4656 0.5567 1
    0.70783 0.4433 0
  0.97484 6 + 3
    0.26701 0.095278 3
    0.30974 0.054739 2
    0.73261 0.849983 1
  0.97595 0 + 1
    0.73372 1 1
  1.18297 8 + 3
    0.47514 0.538246 3
    0.51787 0.338566 2
    0.94074 0.123188 1
  1.21881 6 - 1
    0.55371 1 2
  1.24059 12 + 1
    0.57549 1 2
  1.24917 4 + 5
    0.27322 0.051491 5
    0.54134 0.067101 3
    0.58407 0.126801 2
    1.00694 0.451905 1
    1.24917 0.302703 0
  1.48614 2 - 2
    0.5113 0.565 4
    0.82104 0.435 2
  1.49614 10 + 2
    0.5213 0.6674 4
    0.83104 0.3326 2
  1.64387 8 + 4
    0.3947 0.1452 9
    0.66903 0.3998 4
    0.93604 0.1637 3
    1.40164 0.2913 1
  1.74128 2 - 1
    0.49211 1 9
  1.7619 12 + 3
    0.52131 0.1299 8
    0.57893 0.7635 6
    1.0968 0.1066 2
  1.82575 10 + 5
    0.18188 0.050432 12
    0.57658 0.087843 9
    0.85091 0.157105 4
    1.11792 0.229007 3
    1.58352 0.475614 1
  1.9422 16 + 1
    0.70161 1 8
  1.97327 6 - 3
    0.7903 0.195 6
    1.30817 0.305 2
    1.73104 0.5 1
  2.00257 2 - 3
    0.3587 0.081482 12
    1.02773 0.177804 4
    1.76034 0.740715 1
  2.1106 10 - 1
    1.4455 1 2
  2.12495 4 - 3
    1.15011 0.106089 4
    1.41712 0.757524 3
    1.88272 0.136386 1
  2.13268 14 + 1
    0.63654 1 11
  2.273 12 - 3
    0.1624 0.5691 19
    1.03241 0.2919 8
    1.6079 0.139 2
  2.35226 6 - 2
    1.68716 0.1803 2
    2.35226 0.8197 0
  2.4197 16 + 1
    0.6578 1 14
  2.4726 14 - 2
    0.1996 0.7792 22
    0.362 0.2208 19
  2.7161 16 - 2
    0.2435 0.6555 25
    0.4431 0.3445 22
  2.73099 4 - 3
    1.24485 0.3814 10
    1.75615 0.1949 4
    2.02316 0.4237 3
  2.7405 20 + 1
    0.7983 1 16
  2.8439 18 + 2
    0.71122 0.961571 21
    0.9017 0.038429 16
  2.86256 6 - 2
    1.88772 0.375 4
    2.62033 0.625 1
  2.92511 2 - 2
    1.95027 0.2537 4
    2.21728 0.7463 3
  2.9847 18 - 3
    0.2686 0.509 26
    0.5121 0.2215 25
    1.0425 0.2695 16
  3.09763 8 - 3
    0.97268 0.1667 20
    1.27188 0.4386 15
    2.3898 0.3947 3
  3.1497 20 + 1
    0.73 1 24
  3.2942 20 - 2
    0.3095 0.5932 32
    0.5781 0.4068 26
  3.5286 24 + 1
    0.7881 1 28
  3.5562 22 - 2
    0.262 0.172 35
    0.5715 0.828 32
  3.5694 22 + 2
    0.7255 0.4013 29
    0.8289 0.5987 28
  3.9817 24 - 1
    0.6875 1 35
  4.1936 26 - 1
    0.6374 1 37
  4.2908 28 + 1
    0.7622 1 36
  4.3098 26 + 1
    0.7404 1 38
  4.7744 28 - 1
    0.7927 1 39
  4.9473 30 - 1
    0.7537 1 40
  5.1544 32 + 1
    0.8636 1 41

44 109 34
  0 5 + 0
  0.0688 1 + 1
    0.0688 1 0
  0.0962 5 - 1
    0.0962 1 0
  0.1318 7 - 2
    0.0356 0.5 2
    0.1318 0.5 0
  0.1379 3 - 2
    0.0691 0.6553 1
    0.1379 0.3447 0
  0.1851 7 + 1
    0.1851 1 0
  0.1911 3 + 1
    0.1223 1 1
  0.1946 3 - 2
    0.0984 0.083309 2
    0.1946 0.916691 0
  0.1975 5 - 2
    0.1287 0.945409 1
    0.1975 0.054591 0
  0.23 9 - 1
    0.0982 1 3
  0.2557 5 - 4
    0.0582 0.213021 8
    0.1178 0.192619 4
    0.1869 0.452245 1
    0.2557 0.142114 0
  0.304 11 - 2
    0.074 0.5 9
    0.1722 0.5 3
  0.4054 3 + 2
    0.2079 0.795 8
    0.2675 0.205 4
  0.4078 9 + 2
    0.2227 0.2585 5
    0.4078 0.7415 0
  0.5146 1 + 4
    0.3235 0.003759 6
    0.3767 0.282012 4
    0.4458 0.338314 1
    0.5146 0.375915 0
  0.6194 13 - 2
    0.3154 0.618 11
    0.3894 0.382 9
  0.628 7 + 2
    0.4901 0.6667 4
    0.628 0.3333 0
  0.6579 11 + 2
    0.2501 0.3593 13
    0.4728 0.6407 5
  0.6783 15 - 1
    0.3743 1 11
  0.9485 13 + 2
    0.2906 0.2936 17
    0.5407 0.7064 13
  0.9952 7 + 2
    0.5898 0.4444 12
    0.8041 0.5556 6
  1.159 9 - 1
    1.159 1 0
  1.184 17 - 2
    0.5057 0.3508 18
    0.5646 0.6492 15
  1.2194 19 - 1
    0.5411 1 18
  1.2563 15 + 1
    0.5984 1 17
  1.268 5 + 1
    1.268 1 0
  1.503 1 + 1
    1.503 1 0
  1.6005 17 + 1
    0.652 1 19
  1.891 21 - 1
    0.707 1 22
  1.9101 23 - 1
    0.6907 1 23
  1.964 3 + 1
    1.964 1 0
  1.9673 19 + 1
    0.711 1 24
  2.274 21 + 1
    0.6735 1 27
  2.7331 27 - 1
    0.823 1 29

44 110 25
  0 0 + 0
  0.24071 4 + 1
    0.24071 1 0
  0.61289 4 + 2
    0.37218 0.5207 1
    0.61289 0.4793 0
  0.66331 8 + 1
    0.4226 1 1
  0.85996 6 + 2
    0.24707 0.1875 2
    0.61925 0.8125 1
  1.0843 8 + 3
    0.42099 0.29587 3
    0.47141 0.60224 2
    0.84359 0.10189 1
  1.2394 12 + 1
    0.57609 1 3
  1.3754 10 + 2
    0.51544 0.855 4
    0.71209 0.145 3
  1.3964 4 + 2
    1.15569 0.6667 1
    1.3964 0.3333 0
  1.6559 2 - 1
    1.41519 1 1
  1.6841 12 + 3
    0.4447 0.067737 6
    0.5998 0.717471 5
    1.02079 0.214791 3
  1.82049 6 - 4
    0.16459 0.1743 9
    0.42409 0.4587 8
    0.96053 0.1468 4
    1.57978 0.2202 1
  1.9445 16 + 1
    0.7051 1 6
  2.0208 14 + 1
    0.6454 1 7
  2.0468 2 - 2
    1.18684 0.3151 4
    1.80609 0.6849 1
  2.2426 6 - 1
    0.8672 1 7
  2.3969 16 + 1
    0.7128 1 10
  2.4262 10 - 1
    1.1868 1 6
  2.7592 20 + 1
    0.8147 1 12
  2.7767 18 + 1
    0.7559 1 13
  2.8929 2 - 1
    0.9484 1 12
  3.6466 24 + 1
    0.8874 1 18
  3.7 4 - 1
    0.9408 1 18
  4.3516 28 + 1
    0.705 1 21
  5.1502 32 + 1
    0.7986 1 23

44 111 73
  0 5 + 0
  0.0097 1 + 1
    0.0097 1 0
  0.0393 3 + 1
    0.0393 1 0
  0.15017 7 + 1
    0.15017 1 0
  0.1853 5 + 3
    0.146 0.2904 2
    0.1756 0.4953 1
    0.1853 0.2143 0
  0.2132 9 + 1
    0.2132 1 0
  0.25397 7 - 2
    0.1038 0.962019 3
    0.25397 0.037981 0
  0.27972 1 + 1
    0.27972 1 0
  0.3062 7 + 1
    0.2669 1 2
  0.31679 9 - 2
    0.06282 0.6495 6
    0.16662 0.3505 3
  0.35604 9 + 2
    0.20587 0.3569 3
    0.35604 0.6431 0
  0.3688 9 + 2
    0.21863 0.056019 3
    0.3688 0.943981 0
  0.39244 11 - 2
    0.07565 0.8714 9
    0.13847 0.1286 6
  0.4894 13 + 1
    0.17261 1 9
  0.5313 9 + 2
    0.2251 0.075263 8
    0.346 0.924737 4
  0.54268 5 + 2
    0.39251 0.1155 3
    0.54268 0.8845 0
  0.571 7 + 1
    0.571 1 0
  0.58147 11 + 2
    0.22543 0.1631 10
    0.4313 0.8369 3
  0.66895 9 - 2
    0.38923 0.56 7
    0.41498 0.44 6
  0.69552 13 - 2
    0.30308 0.488 12
    0.37873 0.512 9
  0.70565 11 - 2
    0.38886 0.4121 9
    0.45168 0.5879 6
  0.746 11 + 1
    0.4398 1 8
  0.75013 15 - 1
    0.35769 1 12
  0.7668 7 - 1
    0.61663 1 3
  0.8246 3 - 1
    0.67443 1 3
  0.85121 13 + 2
    0.26974 0.092218 17
    0.49517 0.907782 10
  0.8564 13 - 1
    0.46396 1 12
  0.8635 3 - 1
    0.71333 1 3
  1.0228 13 + 2
    0.2768 0.0418 21
    0.4915 0.9582 14
  1.0263 5 - 1
    1.0263 1 0
  1.0485 3 - 1
    0.89833 1 3
  1.1324 15 - 3
    0.276 0.4445 26
    0.38227 0.1162 22
    0.42675 0.4393 20
  1.1393 15 + 1
    0.55783 1 17
  1.22733 17 - 2
    0.4772 0.3423 22
    0.53181 0.6577 19
  1.2644 19 - 1
    0.51427 1 22
  1.331 15 + 1
    0.585 1 21
  1.43185 17 - 2
    0.57545 0.338 26
    0.68172 0.662 22
  1.4352 5 - 1
    1.4352 1 0
  1.4566 17 + 1
    0.60539 1 25
  1.6408 17 + 1
    0.618 1 28
  1.75763 19 - 3
    0.32578 0.132299 36
    0.49323 0.04921 34
    0.62523 0.818492 31
  1.8053 19 + 1
    0.666 1 32
  1.8883 21 - 1
    0.66097 1 33
  1.9153 23 - 1
    0.6509 1 34
  2.0295 19 + 1
    0.6985 1 35
  2.1339 3 - 1
    0.70205 1 36
  2.1521 21 + 1
    0.6955 1 38
  2.3675 21 + 1
    0.7267 1 39
  2.5051 23 - 1
    0.74747 1 40
  2.5613 23 + 1
    0.756 1 41
  2.6538 25 - 1
    0.7655 1 42
  2.676 27 - 1
    0.7607 1 43
  2.8093 5 - 1
    0.7798 1 44
  2.9191 25 + 1
    0.767 1 46
  2.9221 3 - 1
    0.77 1 46
  3.1785 5 - 1
    0.811 1 47
  3.3451 7 + 1
    0.84 1 48
  3.3803 27 + 1
    0.819 1 49
  3.3913 5 - 1
    0.83 1 49
  3.5008 29 - 1
    0.847 1 50
  3.522 31 - 1
    0.846 1 51
  3.7461 29 + 1
    0.827 1 53
  4.2473 31 + 1
    0.867 1 57
  4.4098 33 - 1
    0.909 1 59
  4.439 35 - 1
    0.917 1 60
  4.6351 33 + 1
    0.889 1 61
  5.1693 35 + 1
    0.922 1 62
  5.3778 37 - 1
    0.968 1 63
  5.409 39 - 1
    0.97 1 64
  6.4131 43 - 1
    1.0041 1 68
  6.4378 41 - 1
    1.06 1 67
  7.4971 47 - 1
    1.084 1 69
  7.5439 45 - 1
    1.1061 1 70

44 112 21
  0 0 + 0
  0.23666 4 + 1
    0.23666 1 0
  0.52355 4 + 2
    0.28689 0.5559 1
    0.52355 0.4441 0
  0.6449 8 + 1
    0.40824 1 1
  0.7479 6 + 2
    0.22435 0.2777 2
    0.51124 0.7223 1
  0.9808 8 + 3
    0.3359 0.159198 3
    0.45725 0.786792 2
    0.74414 0.054009 1
  1.0269 12 - 1
    0.382 1 3
  1.1796 12 + 1
    0.1527 1 6
  1.1899 12 + 1
    0.545 1 3
  1.2355 10 + 2
    0.4876 0.934728 4
    0.5906 0.065272 3
  1.5701 12 + 2
    0.3802 0.1315 8
    0.5893 0.8685 5
  1.8394 16 + 1
    0.6495 1 8
  1.8409 14 + 1
    0.6054 1 9
  2.2631 16 + 1
    0.693 1 10
  2.5342 18 + 1
    0.6933 1 12
  2.5627 20 + 1
    0.7233 1 11
  2.8145 2 - 1
    0.9751 1 11
  2.8801 6 - 1
    1.0407 1 11
  3.3261 24 + 1
    0.7634 1 15
  4.118 28 + 1
    0.7919 1 18
  4.953 32 + 1
    0.835 1 19

44 113 8
  0 1 + 0
  0.0984 3 + 1
    0.0984 1 0
  0.1642 5 + 2
    0.0658 0.1975 1
    0.1642 0.8025 0
  0.295 7 + 3
    0.1308 0.3088 2
    0.1966 0.2304 1
    0.295 0.4608 0
  0.4337 9 + 2
    0.3353 0.5236 1
    0.4337 0.4764 0
  0.6882 11 + 1
    0.5898 1 1
  0.9631 13 + 1
    0.6681 1 3
  1.6186 5 + 1
    1.5202 1 1

44 114 9
  0 0 + 0
  0.2656 4 + 1
    0.2656 1 0
  0.5639 4 + 2
    0.2983 0.5 1
    0.5639 0.5 0
  0.7088 8 + 1
    0.4432 1 1
  0.8293 6 + 1
    0.2654 1 2
  1.2995 12 + 1
    0.5907 1 3
  1.3733 10 + 1
    0.544 1 4
  2.0086 16 + 1
    0.7091 1 5
  2.7931 20 + 1
    0.7845 1 7

44 115 1
  0 1 + 0

44 116 1
  0 0 + 0

44 117 1
  0 11 - 0

44 118 1
  0 0 + 0

44 119 1
  0 11 - 0

44 120 1
  0 0 + 0

44 121 1
  0 11 - 0

44 122 1
  0 0 + 0

44 123 1
  0 11 - 0

44 124 1
  0 0 + 0

