16 27 1
  0 5 + 0

16 28 2
  0 0 + 0
  1.512 4 + 1
    1.512 1 0

16 29 1
  0 5 + 0

16 30 31
  0 0 + 0
  2.2106 4 + 1
    2.2106 1 0
  3.4026 4 + 2
    1.192 0.8 1
    3.4026 0.2 0
  3.6675 0 - 1
    1.4569 1 1
  3.676 2 + 2
    1.4654 0.4012 1
    3.676 0.5988 0
  4.704 6 + 1
    1.028 1 4
  4.814 4 + 2
    2.6034 0.5 1
    4.814 0.5 0
  5.136 6 + 1
    2.9254 1 1
  5.168 8 + 2
    1.7654 0.5 2
    2.9574 0.5 1
  5.2174 0 + 2
    3.0068 0.5 1
    5.2174 0.5 0
  5.318 6 - 2
    1.9154 0.5 2
    3.1074 0.5 1
  5.389 4 + 2
    3.1784 0.5 1
    5.389 0.5 0
  5.843 2 - 2
    3.6324 0.5 1
    5.843 0.5 0
  5.945 2 - 2
    3.7344 0.5 1
    5.945 0.5 0
  6.071 2 - 2
    3.8604 0.5 1
    6.071 0.5 0
  6.202 10 - 2
    0.884 0.5 10
    1.034 0.5 8
  6.2801 8 - 2
    1.1441 0.5 7
    1.5761 0.5 5
  6.341 4 - 2
    2.665 0.5 4
    2.6735 0.5 3
  6.532 2 - 2
    4.3214 0.5 1
    6.532 0.5 0
  6.643 6 - 2
    3.2404 0.5 2
    4.4324 0.5 1
  6.766 4 + 2
    4.5554 0.5 1
    6.766 0.5 0
  6.855 2 - 2
    4.6444 0.5 1
    6.855 0.5 0
  6.927 12 + 2
    0.725001 0.5 15
    1.759 0.5 8
  7.074 4 - 2
    3.398 0.5 4
    3.4065 0.5 3
  7.123 2 + 2
    3.447 0.5 4
    3.4555 0.5 3
  7.295 6 - 2
    3.8924 0.5 2
    5.0844 0.5 1
  7.352 8 + 2
    3.9494 0.5 2
    5.1414 0.5 1
  7.485 4 - 2
    3.809 0.5 4
    3.8175 0.5 3
  7.598 2 + 2
    3.922 0.5 4
    3.9305 0.5 3
  7.693 0 - 2
    4.017 0.5 4
    4.0255 0.5 3
  7.924 6 + 2
    3.22 0.5 5
    4.248 0.5 4

16 31 59
  0 1 + 0
  1.2489 3 + 1
    1.2489 1 0
  2.2356 5 + 1
    2.2356 1 0
  3.079 1 + 1
    3.079 1 0
  3.2855 3 + 2
    1.0499 0.2481 2
    2.0366 0.7519 1
  3.3511 3 + 1
    2.1022 1 1
  3.437 3 + 2
    2.1881 0.5405 1
    3.437 0.4595 0
  4.08 3 + 2
    0.7945 0.5 4
    2.8311 0.5 1
  4.204 3 + 2
    0.9185 0.5 4
    2.9551 0.5 1
  4.452 5 - 2
    1.1665 0.5 4
    3.2031 0.5 1
  4.525 3 + 2
    1.2395 0.5 4
    3.2761 0.5 1
  4.58 3 + 2
    1.2945 0.5 4
    3.3311 0.5 1
  4.718 3 + 2
    1.4325 0.5 4
    3.4691 0.5 1
  4.866 7 - 1
    2.6304 1 2
  4.969 1 - 2
    1.6835 0.5 4
    3.7201 0.5 1
  5.022 5 - 2
    1.7365 0.5 4
    3.7731 0.5 1
  5.151 1 + 2
    2.9154 0.5 2
    5.151 0.5 0
  5.306 7 - 2
    0.44 0.5 13
    3.0704 0.5 2
  5.408 5 - 2
    2.1225 0.5 4
    4.1591 0.5 1
  5.44 9 - 2
    0.418 0.5 15
    0.988 0.5 9
  5.515 5 - 2
    2.2295 0.5 4
    4.2661 0.5 1
  5.685 7 - 2
    0.819 0.5 13
    3.4494 0.5 2
  5.781 5 + 2
    3.5454 0.5 2
    5.781 0.5 0
  5.826 1 - 2
    2.5405 0.5 4
    4.5771 0.5 1
  5.894 3 + 2
    2.6085 0.5 4
    4.6451 0.5 1
  5.985 11 - 2
    0.679 0.5 17
    1.119 0.5 13
  6.155 7 - 2
    1.289 0.5 13
    3.9194 0.5 2
  6.267 1 + 2
    4.0314 0.5 2
    6.267 0.5 0
  6.309 3 + 2
    3.0235 0.5 4
    5.0601 0.5 1
  6.35 5 - 2
    3.0645 0.5 4
    5.1011 0.5 1
  6.396 9 - 2
    1.374 0.5 15
    1.944 0.5 9
  6.453 1 - 2
    3.1675 0.5 4
    5.2041 0.5 1
  6.593 5 - 2
    3.3075 0.5 4
    5.3441 0.5 1
  6.628 7 - 2
    1.762 0.5 13
    4.3924 0.5 2
  6.712 13 + 1
    0.727 1 25
  6.748 1 - 2
    3.4625 0.5 4
    5.4991 0.5 1
  6.796 5 + 2
    4.5604 0.5 2
    6.796 0.5 0
  6.835 9 - 2
    1.813 0.5 15
    2.383 0.5 9
  6.87 7 + 2
    3.5845 0.5 4
    5.6211 0.5 1
  6.921 3 - 2
    4.6854 0.5 2
    6.921 0.5 0
  6.996 1 + 2
    4.7604 0.5 2
    6.996 0.5 0
  7.039 5 - 2
    3.7535 0.5 4
    5.7901 0.5 1
  7.112 3 + 2
    3.8265 0.5 4
    5.8631 0.5 1
  7.155 5 - 2
    3.8695 0.5 4
    5.9061 0.5 1
  7.199 1 + 2
    4.9634 0.5 2
    7.199 0.5 0
  7.31 3 - 2
    5.0744 0.5 2
    7.31 0.5 0
  7.445 7 + 2
    4.1595 0.5 4
    6.1961 0.5 1
  7.522 5 - 2
    4.2365 0.5 4
    6.2731 0.5 1
  7.6 1 + 2
    5.3644 0.5 2
    7.6 0.5 0
  7.66 3 - 2
    5.4244 0.5 2
    7.66 0.5 0
  7.715 15 + 1
    7.715 1 0
  7.768 5 - 2
    4.4825 0.5 4
    6.5191 0.5 1
  7.85 3 + 2
    4.5645 0.5 4
    6.6011 0.5 1
  7.888 7 - 2
    3.022 0.5 13
    5.6524 0.5 2
  7.985 1 + 2
    5.7494 0.5 2
    7.985 0.5 0
  8.082 5 - 2
    4.7965 0.5 4
    6.8331 0.5 1
  8.183 3 + 2
    4.8975 0.5 4
    6.9341 0.5 1
  8.362 9 - 2
    3.34 0.5 15
    3.91 0.5 9
  8.453 1 + 2
    6.2174 0.5 2
    8.453 0.5 0

16 32 302
  0 0 + 0
  2.2303 4 + 1
    2.2303 1 0
  3.7783 0 + 2
    1.548 0.99965 1
    3.7783 0.00035 0
  4.2815 4 + 2
    2.0512 0.1409 1
    4.2815 0.8591 0
  4.4589 8 + 1
    2.2286 1 1
  4.6954 2 + 2
    2.4651 0.5999 1
    4.6954 0.4001 0
  5.0062 6 - 2
    2.7759 0.96899 1
    5.0062 0.03101 0
  5.413 6 + 1
    3.1827 1 1
  5.5489 4 + 2
    3.3186 0.5999 1
    5.5489 0.4001 0
  5.7979 2 - 1
    5.7979 1 0
  6.2243 4 - 1
    3.994 1 1
  6.411 8 + 1
    4.1807 1 1
  6.58 4 + 1
    4.3497 1 1
  6.6211 8 - 4
    1.2081 0.014071 7
    1.6149 0.740752 6
    2.1622 0.222216 4
    4.3908 0.022962 1
  6.6657 4 + 2
    2.8874 0.4792 2
    4.4354 0.5208 1
  6.7617 10 - 2
    1.7555 0.7092 6
    2.3028 0.2908 4
  6.852 8 + 3
    1.439 0.1022 7
    2.3931 0.1679 4
    2.5705 0.7299 3
  7.0025 2 + 1
    4.7722 1 1
  7.115 4 + 4
    2.4196 0.090144 5
    2.8335 0.029761 3
    4.8847 0.850334 1
    7.115 0.029761 0
  7.1897 2 + 2
    4.9594 0.5988 1
    7.1897 0.4012 0
  7.3502 6 + 1
    2.6548 1 5
  7.434 2 - 3
    3.6557 0.1988 2
    5.2037 0.1988 1
    7.434 0.6024 0
  7.4848 4 + 2
    5.2545 0.2188 1
    7.4848 0.7812 0
  7.5357 0 + 1
    2.8403 1 5
  7.5669 10 + 2
    2.1539 0.3007 7
    3.108 0.6993 4
  7.637 2 + 1
    3.3555 1 3
  7.7017 6 - 1
    5.4714 1 1
  7.8829 8 + 3
    2.334 0.1119 8
    2.8767 0.1418 6
    5.6526 0.7463 1
  7.885 4 - 2
    2.472 0.5 7
    3.1896 0.5 5
  7.921 0 + 1
    5.6907 1 1
  7.9501 8 - 3
    2.5371 0.389512 7
    2.9439 0.581417 6
    3.4912 0.029071 4
  7.9749 6 - 2
    2.9687 0.2754 6
    5.7446 0.7246 1
  8.1254 2 + 2
    5.8951 0.1379 1
    8.1254 0.8621 0
  8.1911 8 + 4
    2.6422 0.3003 8
    2.7781 0.2402 7
    3.7322 0.2793 4
    3.9096 0.1802 3
  8.2703 10 - 1
    3.2641 1 6
  8.276 2 - 2
    6.0457 0.5 1
    8.276 0.5 0
  8.2963 6 - 2
    4.0148 0.3333 3
    6.066 0.6667 1
  8.344 4 + 2
    6.1137 0.5 1
    8.344 0.5 0
  8.3458 2 - 1
    3.8869 1 4
  8.38 2 - 2
    6.1497 0.5 1
    8.38 0.5 0
  8.407 4 + 3
    3.7116 0.144914 5
    4.1255 0.130413 3
    4.6287 0.724672 2
  8.4993 2 - 2
    6.269 0.3939 1
    8.4993 0.6061 0
  8.507 0 + 2
    6.2767 0.5 1
    8.507 0.5 0
  8.69 4 + 2
    6.4597 0.5 1
    8.69 0.5 0
  8.7293 6 + 3
    1.8773 0.228577 16
    2.1082 0.363264 13
    3.3163 0.408159 7
  8.7456 6 - 5
    1.8936 0.118588 16
    2.1245 0.335966 13
    2.3346 0.39526 11
    3.1967 0.079042 8
    3.3326 0.071143 7
  8.861 4 + 2
    6.6307 0.5 1
    8.861 0.5 0
  9.023 6 - 2
    4.7415 0.2481 3
    6.7927 0.7519 1
  9.0415 2 - 2
    2.2798 0.6993 15
    2.4204 0.3007 13
  9.059 2 - 2
    6.8287 0.5 1
    9.059 0.5 0
  9.065 8 + 3
    3.652 0.579 7
    4.6061 0.3011 4
    4.7835 0.1199 3
  9.138 4 - 2
    3.725 0.5 7
    4.4426 0.5 5
  9.17 2 - 1
    4.7111 1 4
  9.196 4 + 2
    6.9657 0.5 1
    9.196 0.5 0
  9.2075 2 + 2
    6.9772 0.6098 1
    9.2075 0.3902 0
  9.235 6 - 2
    3.822 0.5 7
    4.7761 0.5 4
  9.2455 2 - 4
    4.5501 0.088025 5
    5.4672 0.295182 2
    7.0152 0.586865 1
    9.2455 0.029928 0
  9.255 0 - 2
    3.0307 0.5 10
    4.5596 0.5 5
  9.2901 2 + 2
    3.8771 0.5 7
    4.5947 0.5 5
  9.3889 4 - 2
    3.9759 0.5 7
    4.6935 0.5 5
  9.4635 6 - 1
    2.7018 1 15
  9.4753 4 + 1
    2.7136 1 15
  9.4867 2 - 4
    2.3717 0.02468 18
    4.4805 0.01532 6
    5.2052 0.1089 3
    9.4867 0.8511 0
  9.557 0 - 2
    3.3327 0.5 10
    4.8616 0.5 5
  9.6357 6 - 1
    3.0146 1 13
  9.65 12 - 2
    2.0831 0.5 24
    3.0289 0.5 13
  9.65495 4 + 2
    7.42465 0.5 1
    9.65495 0.5 0
  9.6596 2 + 2
    4.2466 0.5 7
    4.9642 0.5 5
  9.7115 4 + 2
    7.4812 0.5 1
    9.7115 0.5 0
  9.7243 6 - 2
    5.4428 0.5 3
    7.494 0.5 1
  9.7308 2 - 2
    7.5005 0.5 1
    9.7308 0.5 0
  9.783 0 - 1
    5.3241 1 4
  9.8173 6 - 2
    5.5358 0.5 3
    7.587 0.5 1
  9.849 2 - 2
    7.6187 0.5 1
    9.849 0.5 0
  9.8877 2 + 2
    4.4747 0.5 7
    5.1923 0.5 5
  9.9198 4 + 2
    7.6895 0.5 1
    9.9198 0.5 0
  9.9499 2 - 2
    7.7196 0.5 1
    9.9499 0.5 0
  9.9783 8 - 2
    3.754 0.5 10
    4.5653 0.5 7
  9.9794 6 + 2
    4.5664 0.5 7
    5.284 0.5 5
  9.98 2 + 2
    4.567 0.5 7
    5.2846 0.5 5
  9.9832 4 - 2
    4.5702 0.5 7
    5.2878 0.5 5
  9.986 0 + 2
    7.7557 0.5 1
    9.986 0.5 0
  10.021 4 - 2
    4.608 0.5 7
    5.3256 0.5 5
  10.0765 4 - 2
    4.6635 0.5 7
    5.3811 0.5 5
  10.1041 8 + 2
    5.8226 0.5 3
    7.8738 0.5 1
  10.2205 6 + 2
    4.8075 0.5 7
    5.5251 0.5 5
  10.2232 6 - 2
    5.9417 0.5 3
    7.9929 0.5 1
  10.2262 2 - 2
    7.9959 0.5 1
    10.2262 0.5 0
  10.2315 2 + 2
    4.8185 0.5 7
    5.5361 0.5 5
  10.2575 8 - 2
    4.0332 0.5 10
    4.8445 0.5 7
  10.276 8 + 2
    5.9945 0.5 3
    8.0457 0.5 1
  10.2882 6 - 2
    6.0067 0.5 3
    8.0579 0.5 1
  10.2912 4 - 2
    4.8782 0.5 7
    5.5958 0.5 5
  10.2933 4 + 2
    8.063 0.5 1
    10.2933 0.5 0
  10.3325 2 - 2
    8.1022 0.5 1
    10.3325 0.5 0
  10.369 0 + 2
    8.1387 0.5 1
    10.369 0.5 0
  10.3721 4 + 2
    8.1418 0.5 1
    10.3721 0.5 0
  10.3976 8 - 2
    4.1733 0.5 10
    4.9846 0.5 7
  10.4016 0 - 2
    4.1773 0.5 10
    5.7062 0.5 5
  10.4343 4 - 2
    5.0213 0.5 7
    5.7389 0.5 5
  10.45 2 + 2
    5.037 0.5 7
    5.7546 0.5 5
  10.457 0 + 2
    8.2267 0.5 1
    10.457 0.5 0
  10.5 0 + 2
    8.2697 0.5 1
    10.5 0.5 0
  10.5099 4 + 2
    8.2796 0.5 1
    10.5099 0.5 0
  10.528 4 + 2
    8.2977 0.5 1
    10.528 0.5 0
  10.57 0 + 2
    8.3397 0.5 1
    10.57 0.5 0
  10.5731 10 + 2
    3.952 0.5 13
    5.1601 0.5 7
  10.604 2 - 2
    8.3737 0.5 1
    10.604 0.5 0
  10.626 6 - 2
    6.3445 0.5 3
    8.3957 0.5 1
  10.6364 6 - 2
    6.3549 0.5 3
    8.4061 0.5 1
  10.658 2 - 2
    8.4277 0.5 1
    10.658 0.5 0
  10.6964 4 + 2
    8.4661 0.5 1
    10.6964 0.5 0
  10.7008 2 - 2
    8.4705 0.5 1
    10.7008 0.5 0
  10.7053 4 - 2
    5.2923 0.5 7
    6.0099 0.5 5
  10.745 0 + 2
    8.5147 0.5 1
    10.745 0.5 0
  10.757 6 + 2
    5.344 0.5 7
    6.0616 0.5 5
  10.769 4 - 2
    5.356 0.5 7
    6.0736 0.5 5
  10.7793 4 + 2
    8.549 0.5 1
    10.7793 0.5 0
  10.7856 2 + 2
    5.3726 0.5 7
    6.0902 0.5 5
  10.7872 0 + 2
    8.5569 0.5 1
    10.7872 0.5 0
  10.7927 4 + 2
    8.5624 0.5 1
    10.7927 0.5 0
  10.81 4 - 2
    5.397 0.5 7
    6.1146 0.5 5
  10.816 6 - 2
    6.5345 0.5 3
    8.5857 0.5 1
  10.826 2 - 2
    8.5957 0.5 1
    10.826 0.5 0
  10.8273 4 + 2
    8.597 0.5 1
    10.8273 0.5 0
  10.868 4 + 2
    8.6377 0.5 1
    10.868 0.5 0
  10.88 12 - 2
    3.3131 0.5 24
    4.2589 0.5 13
  10.9 6 - 2
    6.6185 0.5 3
    8.6697 0.5 1
  10.916 2 - 2
    8.6857 0.5 1
    10.916 0.5 0
  10.934 6 + 2
    5.521 0.5 7
    6.2386 0.5 5
  10.956 0 + 2
    8.7257 0.5 1
    10.956 0.5 0
  10.977 4 - 2
    5.564 0.5 7
    6.2816 0.5 5
  10.98 12 - 2
    3.4131 0.5 24
    4.3589 0.5 13
  11.01 8 + 2
    6.7285 0.5 3
    8.7797 0.5 1
  11.051 4 + 2
    8.8207 0.5 1
    11.051 0.5 0
  11.064 2 - 2
    8.8337 0.5 1
    11.064 0.5 0
  11.083 4 + 2
    8.8527 0.5 1
    11.083 0.5 0
  11.092 6 - 2
    6.8105 0.5 3
    8.8617 0.5 1
  11.104 4 + 2
    8.8737 0.5 1
    11.104 0.5 0
  11.123 2 + 2
    5.71 0.5 7
    6.4276 0.5 5
  11.13 0 + 2
    8.8997 0.5 1
    11.13 0.5 0
  11.14 2 + 2
    5.727 0.5 7
    6.4446 0.5 5
  11.17 12 - 2
    3.6031 0.5 24
    4.5489 0.5 13
  11.197 6 - 2
    6.9155 0.5 3
    8.9667 0.5 1
  11.225 2 - 2
    8.9947 0.5 1
    11.225 0.5 0
  11.231 4 - 2
    5.818 0.5 7
    6.5356 0.5 5
  11.234 2 - 2
    9.0037 0.5 1
    11.234 0.5 0
  11.236 6 + 2
    5.823 0.5 7
    6.5406 0.5 5
  11.253 6 - 2
    6.9715 0.5 3
    9.0227 0.5 1
  11.254 6 + 2
    5.841 0.5 7
    6.5586 0.5 5
  11.333 4 + 2
    9.1027 0.5 1
    11.333 0.5 0
  11.41 6 - 2
    7.1285 0.5 3
    9.1797 0.5 1
  11.44 4 - 2
    6.027 0.5 7
    6.7446 0.5 5
  11.447 2 - 2
    9.2167 0.5 1
    11.447 0.5 0
  11.475 6 + 2
    6.062 0.5 7
    6.7796 0.5 5
  11.486 4 + 2
    9.2557 0.5 1
    11.486 0.5 0
  11.5 2 + 2
    6.087 0.5 7
    6.8046 0.5 5
  11.508 2 - 2
    9.2777 0.5 1
    11.508 0.5 0
  11.557 6 - 2
    7.2755 0.5 3
    9.3267 0.5 1
  11.584 0 + 2
    9.3537 0.5 1
    11.584 0.5 0
  11.587 2 - 2
    9.3567 0.5 1
    11.587 0.5 0
  11.59 4 + 2
    9.3597 0.5 1
    11.59 0.5 0
  11.602 4 + 2
    9.3717 0.5 1
    11.602 0.5 0
  11.605 10 - 2
    6.5988 0.5 6
    7.1461 0.5 4
  11.607 0 + 2
    9.3767 0.5 1
    11.607 0.5 0
  11.609 2 - 2
    9.3787 0.5 1
    11.609 0.5 0
  11.623 2 + 2
    6.21 0.5 7
    6.9276 0.5 5
  11.625 6 - 2
    7.3435 0.5 3
    9.3947 0.5 1
  11.629 6 - 2
    7.3475 0.5 3
    9.3987 0.5 1
  11.633 2 - 2
    9.4027 0.5 1
    11.633 0.5 0
  11.636 2 - 2
    9.4057 0.5 1
    11.636 0.5 0
  11.6535 2 + 2
    6.2405 0.5 7
    6.9581 0.5 5
  11.67 10 + 2
    5.0489 0.5 13
    6.257 0.5 7
  11.679 4 + 2
    9.4487 0.5 1
    11.679 0.5 0
  11.69 6 - 2
    7.4085 0.5 3
    9.4597 0.5 1
  11.697 10 + 2
    5.0759 0.5 13
    6.284 0.5 7
  11.722 4 + 2
    9.4917 0.5 1
    11.722 0.5 0
  11.735 2 - 2
    9.5047 0.5 1
    11.735 0.5 0
  11.749 2 + 2
    6.336 0.5 7
    7.0536 0.5 5
  11.759 8 - 2
    5.5347 0.5 10
    6.346 0.5 7
  11.784 6 - 2
    7.5025 0.5 3
    9.5537 0.5 1
  11.803 6 + 2
    6.39 0.5 7
    7.1076 0.5 5
  11.805 6 - 2
    7.5235 0.5 3
    9.5747 0.5 1
  11.807 2 - 2
    9.5767 0.5 1
    11.807 0.5 0
  11.818 4 - 2
    6.405 0.5 7
    7.1226 0.5 5
  11.832 4 + 2
    9.6017 0.5 1
    11.832 0.5 0
  11.848 6 - 2
    7.5665 0.5 3
    9.6177 0.5 1
  11.865 4 - 2
    6.452 0.5 7
    7.1696 0.5 5
  11.869 0 + 2
    9.6387 0.5 1
    11.869 0.5 0
  11.879 6 - 2
    7.5975 0.5 3
    9.6487 0.5 1
  11.891 4 - 2
    6.478 0.5 7
    7.1956 0.5 5
  11.902 2 - 2
    9.6717 0.5 1
    11.902 0.5 0
  11.91 2 - 2
    9.6797 0.5 1
    11.91 0.5 0
  11.93 0 + 2
    9.6997 0.5 1
    11.93 0.5 0
  11.94 12 - 2
    4.3731 0.5 24
    5.3189 0.5 13
  11.9465 6 - 2
    7.665 0.5 3
    9.7162 0.5 1
  11.953 4 + 2
    9.7227 0.5 1
    11.953 0.5 0
  12.03 8 + 2
    7.7485 0.5 3
    9.7997 0.5 1
  12.044 8 - 2
    5.8197 0.5 10
    6.631 0.5 7
  12.049 0 + 3
    2.8415 0.110394 54
    3.9236 0.829858 32
    5.0465 0.059747 17
  12.12 6 - 2
    7.8385 0.5 3
    9.8897 0.5 1
  12.19 2 + 2
    6.777 0.5 7
    7.4946 0.5 5
  12.198 6 - 2
    7.9165 0.5 3
    9.9677 0.5 1
  12.63 12 - 2
    5.0631 0.5 24
    6.0089 0.5 13
  12.65 2 + 2
    7.237 0.5 7
    7.9546 0.5 5
  12.74 12 - 2
    5.1731 0.5 24
    6.1189 0.5 13
  12.93 6 - 2
    8.6485 0.5 3
    10.6997 0.5 1
  12.98 2 + 2
    7.567 0.5 7
    8.2846 0.5 5
  13.086 6 - 2
    8.8045 0.5 3
    10.8557 0.5 1
  13.26 12 - 2
    5.6931 0.5 24
    6.6389 0.5 13
  13.268 6 - 2
    8.9865 0.5 3
    11.0377 0.5 1
  13.37 6 - 2
    9.0885 0.5 3
    11.1397 0.5 1
  13.41 4 + 2
    11.1797 0.5 1
    13.41 0.5 0
  13.49 6 - 2
    9.2085 0.5 3
    11.2597 0.5 1
  13.54 12 - 2
    5.9731 0.5 24
    6.9189 0.5 13
  13.588 6 - 2
    9.3065 0.5 3
    11.3577 0.5 1
  13.655 6 - 2
    9.3735 0.5 3
    11.4247 0.5 1
  13.696 8 + 2
    9.4145 0.5 3
    11.4657 0.5 1
  13.78 2 + 2
    8.367 0.5 7
    9.0846 0.5 5
  13.807 6 - 2
    9.5255 0.5 3
    11.5767 0.5 1
  13.87 10 - 2
    8.8638 0.5 6
    9.4111 0.5 4
  13.896 8 + 2
    9.6145 0.5 3
    11.6657 0.5 1
  13.97 4 + 2
    11.7397 0.5 1
    13.97 0.5 0
  14.07 6 - 2
    9.7885 0.5 3
    11.8397 0.5 1
  14.131 10 - 2
    9.1248 0.5 6
    9.6721 0.5 4
  14.177 8 + 2
    9.8955 0.5 3
    11.9467 0.5 1
  14.234 6 - 2
    9.9525 0.5 3
    12.0037 0.5 1
  14.29 12 - 2
    6.7231 0.5 24
    7.6689 0.5 13
  14.429 6 - 2
    10.1475 0.5 3
    12.1987 0.5 1
  14.45 2 + 2
    9.037 0.5 7
    9.7546 0.5 5
  14.542 8 + 2
    10.2605 0.5 3
    12.3117 0.5 1
  14.633 10 - 2
    9.6268 0.5 6
    10.1741 0.5 4
  14.77 4 - 2
    9.357 0.5 7
    10.0746 0.5 5
  14.832 8 + 2
    10.5505 0.5 3
    12.6017 0.5 1
  14.878 8 + 2
    10.5965 0.5 3
    12.6477 0.5 1
  15.025 8 + 2
    10.7435 0.5 3
    12.7947 0.5 1
  15.116 10 - 2
    10.1098 0.5 6
    10.6571 0.5 4
  15.23 8 + 2
    10.9485 0.5 3
    12.9997 0.5 1
  15.344 10 - 2
    10.3378 0.5 6
    10.8851 0.5 4
  15.385 10 - 2
    10.3788 0.5 6
    10.9261 0.5 4
  15.441 10 - 2
    10.4348 0.5 6
    10.9821 0.5 4
  15.527 10 - 2
    10.5208 0.5 6
    11.0681 0.5 4
  15.631 10 - 2
    10.6248 0.5 6
    11.1721 0.5 4
  15.686 10 - 2
    10.6798 0.5 6
    11.2271 0.5 4
  15.758 12 + 2
    9.347 0.5 11
    11.2991 0.5 4
  15.847 8 + 2
    11.5655 0.5 3
    13.6167 0.5 1
  15.894 10 - 2
    10.8878 0.5 6
    11.4351 0.5 4
  15.955 12 + 2
    9.544 0.5 11
    11.4961 0.5 4
  16.052 10 - 2
    11.0458 0.5 6
    11.5931 0.5 4
  16.243 12 + 2
    9.832 0.5 11
    11.7841 0.5 4
  16.341 10 - 2
    11.3348 0.5 6
    11.8821 0.5 4
  16.37 12 - 2
    8.8031 0.5 24
    9.7489 0.5 13
  16.495 10 - 2
    11.4888 0.5 6
    12.0361 0.5 4
  16.615 12 + 2
    10.204 0.5 11
    12.1561 0.5 4
  16.65 12 - 2
    9.0831 0.5 24
    10.0289 0.5 13
  16.691 10 - 2
    11.6848 0.5 6
    12.2321 0.5 4
  16.747 12 + 2
    10.336 0.5 11
    12.2881 0.5 4
  16.795 12 + 2
    10.384 0.5 11
    12.3361 0.5 4
  16.866 12 + 2
    10.455 0.5 11
    12.4071 0.5 4
  16.92 12 + 2
    10.509 0.5 11
    12.4611 0.5 4
  16.978 12 + 2
    10.567 0.5 11
    12.5191 0.5 4
  17.08 12 + 2
    10.669 0.5 11
    12.6211 0.5 4
  17.15 12 - 2
    9.5831 0.5 24
    10.5289 0.5 13
  17.25 10 - 2
    12.2438 0.5 6
    12.7911 0.5 4
  17.393 14 - 2
    9.1227 0.5 34
    10.6313 0.5 15
  17.656 14 - 2
    9.3857 0.5 34
    10.8943 0.5 15
  17.688 14 - 2
    9.4177 0.5 34
    10.9263 0.5 15
  17.868 12 + 2
    11.457 0.5 11
    13.4091 0.5 4
  17.934 14 - 2
    9.6637 0.5 34
    11.1723 0.5 15
  18.042 14 - 2
    9.7717 0.5 34
    11.2803 0.5 15
  18.213 14 - 2
    9.9427 0.5 34
    11.4513 0.5 15
  18.458 14 - 2
    10.1877 0.5 34
    11.6963 0.5 15
  18.554 14 - 2
    10.2837 0.5 34
    11.7923 0.5 15
  18.66 14 - 2
    10.3897 0.5 34
    11.8983 0.5 15
  18.736 14 - 2
    10.4657 0.5 34
    11.9743 0.5 15
  18.803 16 + 2
    2.848 0.5 247
    3.045 0.5 244
  18.986 16 + 2
    3.031 0.5 247
    3.228 0.5 244
  19.119 16 + 2
    3.164 0.5 247
    3.361 0.5 244
  19.248 16 + 2
    3.293 0.5 247
    3.49 0.5 244
  19.442 14 - 2
    11.1717 0.5 34
    12.6803 0.5 15
  19.551 16 + 2
    3.596 0.5 247
    3.793 0.5 244
  19.653 16 + 2
    3.698 0.5 247
    3.895 0.5 244
  19.747 16 + 2
    3.792 0.5 247
    3.989 0.5 244
  20.275 14 - 2
    12.0047 0.5 34
    13.5133 0.5 15
  20.381 16 + 2
    4.426 0.5 247
    4.623 0.5 244
  20.485 16 + 2
    4.53 0.5 247
    4.727 0.5 244
  20.703 16 + 2
    4.748 0.5 247
    4.945 0.5 244
  20.835 16 + 2
    4.88 0.5 247
    5.077 0.5 244
  21.212 18 - 2
    3.556 0.5 265
    3.819 0.5 264
  21.395 18 - 2
    3.739 0.5 265
    4.002 0.5 264
  21.457 18 - 2
    3.801 0.5 265
    4.064 0.5 264
  21.532 18 - 2
    3.876 0.5 265
    4.139 0.5 264
  21.783 16 + 2
    5.828 0.5 247
    6.025 0.5 244
  22.135 18 - 2
    4.479 0.5 265
    4.742 0.5 264
  22.205 18 - 2
    4.549 0.5 265
    4.812 0.5 264
  22.308 18 - 2
    4.652 0.5 265
    4.915 0.5 264
  22.355 16 + 2
    6.4 0.5 247
    6.597 0.5 244
  22.846 18 - 2
    5.19 0.5 265
    5.453 0.5 264
  22.964 20 + 2
    3.978 0.5 276
    4.161 0.5 275
  23.226 18 - 2
    5.57 0.5 265
    5.833 0.5 264
  23.296 18 - 2
    5.64 0.5 265
    5.903 0.5 264
  23.493 20 + 2
    4.507 0.5 276
    4.69 0.5 275

16 33 319
  0 3 + 0
  0.840982 1 + 1
    0.840982 1 0
  1.96719 5 + 2
    1.12621 0.069772 1
    1.96719 0.930228 0
  2.3134 3 + 3
    0.34621 0.0113 2
    1.47242 0.7062 1
    2.3134 0.2825 0
  2.86763 5 + 2
    2.02665 0.01478 1
    2.86763 0.98522 0
  2.93474 7 - 2
    0.96755 0.5181 2
    2.93474 0.4819 0
  2.96918 7 + 2
    1.00199 0.0991 2
    2.96918 0.9009 0
  3.22069 3 - 5
    0.35306 0.003923 4
    0.90729 0.003922 3
    1.2535 0.002655 2
    2.37971 0.6034 1
    3.22069 0.3861 0
  3.5372 3 - 1
    0.60246 1 5
  3.7799 9 + 1
    0.84516 1 5
  3.8316 5 + 4
    0.86242 0.116594 6
    1.5182 0.19019 3
    1.86441 0.079746 2
    3.8316 0.613469 0
  3.93473 3 + 5
    1.0671 0.060976 4
    1.62133 0.042677 3
    1.96754 0.121993 2
    3.09375 0.16459 1
    3.93473 0.609763 0
  4.04856 9 + 3
    1.07938 0.100101 6
    1.11382 0.02959 5
    2.08137 0.870309 2
  4.05535 1 + 1
    4.05535 1 0
  4.09509 7 + 3
    1.22746 0.070361 4
    2.1279 0.879509 2
    4.09509 0.050131 0
  4.14432 5 + 3
    0.92363 0.067582 7
    1.20958 0.076992 5
    4.14432 0.855426 0
  4.21085 3 - 2
    1.89745 0.073219 3
    3.36987 0.926781 1
  4.3754 1 + 1
    4.3754 1 0
  4.42373 3 + 4
    2.11033 0.069512 3
    2.45654 0.187178 2
    3.58275 0.208575 1
    4.42373 0.534736 0
  4.7301 9 - 2
    1.76092 0.8197 6
    1.79536 0.1803 5
  4.7473 3 + 2
    3.90632 0.0991 1
    4.7473 0.9009 0
  4.7952 11 - 1
    1.0153 1 9
  4.8667 11 - 1
    1.93196 1 5
  4.91787 1 - 6
    0.707021 0.00885 16
    0.862521 0.00885 13
    0.983141 0.023889 11
    1.69718 0.884965 7
    4.07689 0.027429 1
    4.91787 0.046018 0
  4.9418 5 - 1
    2.00706 1 5
  5.178 5 - 2
    2.8646 0.5 3
    5.178 0.5 0
  5.2094 5 - 1
    5.2094 1 0
  5.273 1 - 2
    2.9596 0.5 3
    5.273 0.5 0
  5.2825 5 + 1
    5.2825 1 0
  5.28628 3 - 2
    2.97288 0.4709 3
    4.4453 0.5291 1
  5.342 3 + 2
    3.0286 0.5 3
    5.342 0.5 0
  5.351 7 - 2
    2.48337 0.5 4
    3.38381 0.5 2
  5.395 11 + 1
    0.5998 1 21
  5.47979 1 + 3
    2.54505 0.1511 5
    4.63881 0.7194 1
    5.47979 0.1295 0
  5.597 1 + 2
    3.62981 0.5 2
    4.75602 0.5 1
  5.61283 1 + 3
    1.6781 0.3425 11
    4.77185 0.5525 1
    5.61283 0.105 0
  5.62107 1 + 2
    3.65388 0.5 2
    4.78009 0.5 1
  5.71088 1 - 6
    0.09805 0.001086 35
    1.50003 0.002373 16
    2.49019 0.1546 7
    3.39748 0.06506 3
    4.8699 0.765401 1
    5.71088 0.01148 0
  5.7194 7 - 2
    2.85177 0.5 4
    3.75221 0.5 2
  5.804 5 + 2
    3.83681 0.5 2
    4.96302 0.5 1
  5.864 3 - 2
    3.89681 0.5 2
    5.02302 0.5 1
  5.8834 5 - 1
    5.04242 1 1
  5.88845 3 - 8
    0.97058 0.00228 23
    1.6776 0.014999 16
    1.74413 0.036597 15
    2.66776 0.137989 7
    3.02082 0.039597 4
    3.92126 0.023998 2
    5.04747 0.599952 1
    5.88845 0.144588 0
  5.915 1 + 2
    3.94781 0.5 2
    5.07402 0.5 1
  5.982 7 - 2
    3.11437 0.5 4
    4.01481 0.5 2
  5.9903 3 - 1
    0.5953 1 32
  6.063 5 - 2
    3.7496 0.5 3
    6.063 0.5 0
  6.0796 7 - 1
    6.0796 1 0
  6.101 3 - 2
    4.13381 0.5 2
    5.26002 0.5 1
  6.131 5 - 2
    3.8176 0.5 3
    6.131 0.5 0
  6.236 3 + 2
    3.9226 0.5 3
    6.236 0.5 0
  6.263 13 - 2
    0.868 0.5 32
    1.5329 0.5 19
  6.31 5 + 2
    4.34281 0.5 2
    5.46902 0.5 1
  6.326 7 - 2
    3.45837 0.5 4
    4.35881 0.5 2
  6.363 5 + 2
    4.39581 0.5 2
    5.52202 0.5 1
  6.3737 3 - 1
    6.3737 1 0
  6.416 1 + 2
    4.44881 0.5 2
    5.57502 0.5 1
  6.42497 3 - 5
    2.21412 0.201896 16
    2.28065 0.047229 15
    4.45778 0.01506 2
    5.58399 0.684486 1
    6.42497 0.051329 0
  6.487 1 + 2
    4.51981 0.5 2
    5.64602 0.5 1
  6.513 9 - 2
    2.41791 0.5 14
    3.54382 0.5 6
  6.526 5 + 2
    4.55881 0.5 2
    5.68502 0.5 1
  6.559 3 - 2
    4.59181 0.5 2
    5.71802 0.5 1
  6.616 1 + 2
    4.64881 0.5 2
    5.77502 0.5 1
  6.67673 7 - 8
    2.46588 0.061698 16
    2.53241 0.041129 15
    3.45604 0.156795 7
    3.8091 0.051408 4
    4.36333 0.257092 3
    4.70954 0.079688 2
    5.83575 0.128496 1
    6.67673 0.223693 0
  6.688 3 + 2
    4.3746 0.5 3
    6.688 0.5 0
  6.71 5 - 2
    4.3966 0.5 3
    6.71 0.5 0
  6.72 7 + 2
    4.4066 0.5 3
    6.72 0.5 0
  6.788 3 - 2
    4.82081 0.5 2
    5.94702 0.5 1
  6.8908 5 + 1
    6.8908 1 0
  6.904 3 + 2
    4.5906 0.5 3
    6.904 0.5 0
  6.967 1 - 2
    4.6536 0.5 3
    6.967 0.5 0
  6.999 9 - 2
    2.90391 0.5 14
    4.02982 0.5 6
  7.017 5 + 2
    5.04981 0.5 2
    6.17602 0.5 1
  7.037 7 - 2
    4.16937 0.5 4
    5.06981 0.5 2
  7.133 3 + 2
    4.8196 0.5 3
    7.133 0.5 0
  7.164 1 - 2
    4.8506 0.5 3
    7.164 0.5 0
  7.183 5 + 2
    5.21581 0.5 2
    6.34202 0.5 1
  7.18773 3 - 2
    6.34675 0.052128 1
    7.18773 0.947872 0
  7.254 1 + 2
    5.28681 0.5 2
    6.41302 0.5 1
  7.33 7 - 2
    4.46237 0.5 4
    5.36281 0.5 2
  7.338 5 + 2
    5.37081 0.5 2
    6.49702 0.5 1
  7.353 3 - 2
    5.38581 0.5 2
    6.51202 0.5 1
  7.359 15 + 2
    1.096 0.5 51
    1.964 0.5 32
  7.369 1 - 2
    5.0556 0.5 3
    7.369 0.5 0
  7.401 3 + 2
    5.0876 0.5 3
    7.401 0.5 0
  7.41588 1 - 2
    6.5749 0.2063 1
    7.41588 0.7937 0
  7.452 5 + 2
    5.48481 0.5 2
    6.61102 0.5 1
  7.46 9 - 2
    3.36491 0.5 14
    4.49082 0.5 6
  7.475 3 + 2
    5.1616 0.5 3
    7.475 0.5 0
  7.48823 7 - 1
    7.48823 1 0
  7.50631 5 + 2
    6.66533 0.6135 1
    7.50631 0.3865 0
  7.562 3 - 2
    5.59481 0.5 2
    6.72102 0.5 1
  7.615 5 + 2
    5.64781 0.5 2
    6.77402 0.5 1
  7.62237 1 - 4
    4.75474 0.20278 4
    5.30898 0.111889 3
    5.65518 0.335666 2
    7.62237 0.349665 0
  7.629 3 + 2
    5.3156 0.5 3
    7.629 0.5 0
  7.658 7 - 2
    4.79037 0.5 4
    5.69081 0.5 2
  7.693 5 + 2
    5.72581 0.5 2
    6.85202 0.5 1
  7.711 3 - 2
    5.74381 0.5 2
    6.87002 0.5 1
  7.749 1 + 2
    5.78181 0.5 2
    6.90802 0.5 1
  7.766 9 - 2
    3.67091 0.5 14
    4.79682 0.5 6
  7.779 5 + 2
    5.81181 0.5 2
    6.93802 0.5 1
  7.797 3 - 2
    5.82981 0.5 2
    6.95602 0.5 1
  7.828 7 + 2
    5.5146 0.5 3
    7.828 0.5 0
  7.84 1 - 2
    5.5266 0.5 3
    7.84 0.5 0
  7.862 3 + 2
    5.5486 0.5 3
    7.862 0.5 0
  7.892 5 - 2
    5.5786 0.5 3
    7.892 0.5 0
  7.905 7 + 2
    5.5916 0.5 3
    7.905 0.5 0
  7.9198 1 - 1
    7.07882 1 1
  7.983 3 + 2
    5.6696 0.5 3
    7.983 0.5 0
  7.991 5 - 2
    5.6776 0.5 3
    7.991 0.5 0
  8.014 3 + 2
    5.7006 0.5 3
    8.014 0.5 0
  8.107 1 - 2
    5.7936 0.5 3
    8.107 0.5 0
  8.234 5 + 2
    6.26681 0.5 2
    7.39302 0.5 1
  8.3298 7 - 1
    8.3298 1 0
  8.36809 3 + 2
    7.52711 0.4012 1
    8.36809 0.5988 0
  8.584 9 - 2
    4.48891 0.5 14
    5.61482 0.5 6
  8.64165 1 + 20
    0.27356 0.000749 114
    1.01928 0.001685 93
    1.13534 0.005118 90
    1.15342 0.000437 89
    1.22577 0.006865 85
    1.45392 0.005804 77
    1.75085 0.001061 68
    1.96492 0.013105 63
    2.21668 0.020599 57
    2.7532 0.057419 42
    2.93077 0.174731 37
    3.02882 0.001873 35
    3.16186 0.00156 33
    3.35537 0.002184 29
    3.72378 0.028083 23
    4.21792 0.002309 18
    4.4308 0.051177 16
    4.5863 0.000281 13
    5.42096 0.624085 7
    5.77402 0.000874 4
  8.644 5 - 2
    6.3306 0.5 3
    8.644 0.5 0
  8.6717 1 - 9
    2.96082 0.135111 37
    3.75383 0.045054 23
    4.46085 0.054054 16
    5.45101 0.072076 7
    5.80407 0.036043 4
    6.3583 0.090097 3
    6.70451 0.090097 2
    7.83072 0.450436 1
    8.6717 0.027032 0
  8.6841 3 + 7
    2.97322 0.074711 37
    4.47325 0.086211 16
    5.46341 0.574706 7
    6.3707 0.086211 3
    6.71691 0.04598 2
    7.84312 0.057471 1
    8.6841 0.074711 0
  8.687 5 + 2
    6.71981 0.5 2
    7.84602 0.5 1
  8.729 3 - 2
    6.76181 0.5 2
    7.88802 0.5 1
  8.73616 3 - 2
    6.76897 0.5 2
    7.89518 0.5 1
  8.74121 1 + 2
    6.77402 0.5 2
    7.90023 0.5 1
  8.7463 1 + 5
    3.03542 0.2 37
    4.53545 0.2 16
    5.52561 0.2 7
    7.90532 0.2 1
    8.7463 0.2 0
  8.75039 3 - 2
    6.7832 0.5 2
    7.90941 0.5 1
  8.7544 7 + 4
    3.04352 0.1241 37
    5.53371 0.3759 7
    7.91342 0.2368 1
    8.7544 0.2632 0
  8.78234 5 - 2
    6.46894 0.5 3
    8.78234 0.5 0
  8.79694 5 + 2
    6.82975 0.5 2
    7.95596 0.5 1
  8.80906 7 - 2
    5.94143 0.5 4
    6.84187 0.5 2
  8.83889 1 - 2
    6.52549 0.5 3
    8.83889 0.5 0
  8.8482 3 + 6
    4.79285 0.166667 13
    4.91347 0.166667 11
    5.62751 0.166667 7
    6.5348 0.166667 3
    8.00722 0.166667 1
    8.8482 0.166667 0
  8.873 9 + 2
    6.00537 0.5 4
    6.90581 0.5 2
  8.89493 5 + 2
    6.92774 0.5 2
    8.05395 0.5 1
  8.90569 1 - 2
    6.59229 0.5 3
    8.90569 0.5 0
  8.92147 3 - 2
    6.95428 0.5 2
    8.08049 0.5 1
  8.939 7 + 2
    6.6256 0.5 3
    8.939 0.5 0
  8.94156 5 + 2
    6.97437 0.5 2
    8.10058 0.5 1
  8.94443 3 - 2
    6.97724 0.5 2
    8.10345 0.5 1
  8.95314 17 - 2
    1.59414 0.5 82
    2.69014 0.5 51
  8.975 5 + 2
    7.00781 0.5 2
    8.13402 0.5 1
  8.97709 3 - 2
    7.0099 0.5 2
    8.13611 0.5 1
  8.98439 5 + 2
    7.0172 0.5 2
    8.14341 0.5 1
  9.0071 1 + 2
    7.03991 0.5 2
    8.16612 0.5 1
  9.0098 7 - 1
    0.679999 1 113
  9.0111 3 - 2
    7.04391 0.5 2
    8.17012 0.5 1
  9.03075 19 + 2
    0.07761 0.5 139
    1.67175 0.5 82
  9.0417 3 - 2
    7.07451 0.5 2
    8.20072 0.5 1
  9.05442 9 + 2
    6.18679 0.5 4
    7.08723 0.5 2
  9.08759 3 + 2
    6.77419 0.5 3
    9.08759 0.5 0
  9.09059 5 + 2
    7.1234 0.5 2
    8.24961 0.5 1
  9.115 7 - 2
    6.24737 0.5 4
    7.14781 0.5 2
  9.13966 1 - 2
    6.82626 0.5 3
    9.13966 0.5 0
  9.15872 5 - 2
    6.84532 0.5 3
    9.15872 0.5 0
  9.175 11 + 2
    5.07991 0.5 14
    6.20582 0.5 6
  9.2005 3 - 2
    7.23331 0.5 2
    8.35952 0.5 1
  9.21024 3 - 2
    7.24305 0.5 2
    8.36926 0.5 1
  9.2113 5 + 1
    5.99061 1 7
  9.245 1 + 2
    7.27781 0.5 2
    8.40402 0.5 1
  9.26807 7 - 2
    6.40044 0.5 4
    7.30088 0.5 2
  9.27153 5 + 2
    7.30434 0.5 2
    8.43055 0.5 1
  9.28 1 - 2
    6.9666 0.5 3
    9.28 0.5 0
  9.28777 3 + 2
    6.97437 0.5 3
    9.28777 0.5 0
  9.29689 3 + 2
    6.98349 0.5 3
    9.29689 0.5 0
  9.3084 7 - 2
    6.44077 0.5 4
    7.34121 0.5 2
  9.31643 1 + 2
    7.34924 0.5 2
    8.47545 0.5 1
  9.3454 1 - 1
    9.3454 1 0
  9.35195 5 - 2
    7.03855 0.5 3
    9.35195 0.5 0
  9.3579 9 + 2
    1.0281 0.5 113
    9.3579 0.5 0
  9.36054 3 - 2
    7.39335 0.5 2
    8.51956 0.5 1
  9.39468 5 + 2
    7.42749 0.5 2
    8.5537 0.5 1
  9.39722 3 - 2
    7.43003 0.5 2
    8.55624 0.5 1
  9.40203 3 + 2
    7.08863 0.5 3
    9.40203 0.5 0
  9.40937 3 + 2
    7.09597 0.5 3
    9.40937 0.5 0
  9.43593 5 + 2
    7.46874 0.5 2
    8.59495 0.5 1
  9.45045 7 - 2
    6.58282 0.5 4
    7.48326 0.5 2
  9.46 1 - 2
    7.1466 0.5 3
    9.46 0.5 0
  9.48162 7 - 2
    6.61399 0.5 4
    7.51443 0.5 2
  9.48451 5 + 2
    7.51732 0.5 2
    8.64353 0.5 1
  9.49981 7 - 2
    6.63218 0.5 4
    7.53262 0.5 2
  9.51591 1 + 2
    7.54872 0.5 2
    8.67493 0.5 1
  9.5243 9 - 2
    5.42921 0.5 14
    6.55512 0.5 6
  9.53402 5 + 2
    7.56683 0.5 2
    8.69304 0.5 1
  9.53514 3 - 2
    7.56795 0.5 2
    8.69416 0.5 1
  9.56053 5 + 2
    7.59334 0.5 2
    8.71955 0.5 1
  9.59804 1 - 2
    7.28464 0.5 3
    9.59804 0.5 0
  9.605 1 + 2
    7.63781 0.5 2
    8.76402 0.5 1
  9.61959 3 - 2
    7.6524 0.5 2
    8.77861 0.5 1
  9.65526 3 + 2
    7.34186 0.5 3
    9.65526 0.5 0
  9.6571 1 + 2
    7.68991 0.5 2
    8.81612 0.5 1
  9.65923 1 - 2
    7.34583 0.5 3
    9.65923 0.5 0
  9.664 5 - 2
    7.3506 0.5 3
    9.664 0.5 0
  9.66554 5 + 2
    7.69835 0.5 2
    8.82456 0.5 1
  9.67116 3 - 2
    7.70397 0.5 2
    8.83018 0.5 1
  9.67494 1 + 2
    7.70775 0.5 2
    8.83396 0.5 1
  9.67697 7 - 2
    6.80934 0.5 4
    7.70978 0.5 2
  9.69365 3 + 2
    7.38025 0.5 3
    9.69365 0.5 0
  9.69636 9 - 2
    5.60127 0.5 14
    6.72718 0.5 6
  9.70063 3 - 2
    7.73344 0.5 2
    8.85965 0.5 1
  9.71546 5 + 2
    7.74827 0.5 2
    8.87448 0.5 1
  9.72293 3 - 2
    7.75574 0.5 2
    8.88195 0.5 1
  9.74745 1 - 2
    7.43405 0.5 3
    9.74745 0.5 0
  9.75734 7 + 2
    7.44394 0.5 3
    9.75734 0.5 0
  9.76752 1 + 2
    7.80033 0.5 2
    8.92654 0.5 1
  9.77178 3 + 2
    7.45838 0.5 3
    9.77178 0.5 0
  9.78022 5 - 2
    7.46682 0.5 3
    9.78022 0.5 0
  9.80882 3 - 2
    7.84163 0.5 2
    8.96784 0.5 1
  9.82336 3 + 2
    7.50996 0.5 3
    9.82336 0.5 0
  9.84565 7 - 2
    6.97802 0.5 4
    7.87846 0.5 2
  9.84759 3 - 2
    7.8804 0.5 2
    9.00661 0.5 1
  9.85893 5 - 2
    7.54553 0.5 3
    9.85893 0.5 0
  9.87842 3 - 2
    7.91123 0.5 2
    9.03744 0.5 1
  9.89219 1 + 2
    7.925 0.5 2
    9.05121 0.5 1
  9.90905 3 + 2
    7.59565 0.5 3
    9.90905 0.5 0
  9.92582 5 + 2
    7.95863 0.5 2
    9.08484 0.5 1
  9.94085 5 + 2
    7.97366 0.5 2
    9.09987 0.5 1
  9.95248 7 + 2
    7.63908 0.5 3
    9.95248 0.5 0
  9.96072 7 - 2
    7.09309 0.5 4
    7.99353 0.5 2
  9.97798 5 + 2
    8.01079 0.5 2
    9.137 0.5 1
  9.98428 3 - 2
    8.01709 0.5 2
    9.1433 0.5 1
  9.99708 1 - 2
    7.68368 0.5 3
    9.99708 0.5 0
  9.99989 5 + 2
    8.0327 0.5 2
    9.15891 0.5 1
  10.0176 1 + 2
    8.05041 0.5 2
    9.17662 0.5 1
  10.0241 3 - 2
    8.05691 0.5 2
    9.18312 0.5 1
  10.0524 1 + 8
    0.6945 0.125 168
    0.707 0.125 166
    1.0426 0.125 144
    1.7226 0.125 113
    4.57261 0.125 33
    6.00384 0.125 12
    8.08521 0.125 2
    10.0524 0.125 0
  10.062 9 - 2
    5.96686 0.5 14
    7.09277 0.5 6
  10.0707 11 + 2
    5.97561 0.5 14
    7.10152 0.5 6
  10.0763 5 - 2
    7.7629 0.5 3
    10.0763 0.5 0
  10.0835 5 + 2
    8.11631 0.5 2
    9.24252 0.5 1
  10.1209 3 + 2
    7.8075 0.5 3
    10.1209 0.5 0
  10.1292 7 - 2
    7.26157 0.5 4
    8.16201 0.5 2
  10.1324 5 - 2
    7.819 0.5 3
    10.1324 0.5 0
  10.142 9 + 2
    7.27437 0.5 4
    8.17481 0.5 2
  10.1577 7 - 2
    7.29007 0.5 4
    8.19051 0.5 2
  10.1647 5 + 2
    8.19751 0.5 2
    9.32372 0.5 1
  10.1804 3 - 2
    8.21321 0.5 2
    9.33942 0.5 1
  10.1981 1 + 2
    8.23091 0.5 2
    9.35712 0.5 1
  10.2171 5 + 2
    8.24991 0.5 2
    9.37612 0.5 1
  10.2503 1 + 2
    8.28311 0.5 2
    9.40932 0.5 1
  10.309 7 + 2
    7.9956 0.5 3
    10.309 0.5 0
  10.333 3 - 2
    8.36581 0.5 2
    9.49202 0.5 1
  10.342 3 - 2
    8.37481 0.5 2
    9.50102 0.5 1
  10.355 5 + 2
    8.38781 0.5 2
    9.51402 0.5 1
  10.378 13 - 2
    4.983 0.5 32
    5.6479 0.5 19
  10.389 9 - 2
    6.29391 0.5 14
    7.41982 0.5 6
  10.405 1 - 2
    8.0916 0.5 3
    10.405 0.5 0
  10.413 3 + 2
    8.0996 0.5 3
    10.413 0.5 0
  10.422 7 - 2
    7.55437 0.5 4
    8.45481 0.5 2
  10.4418 3 + 6
    1.432 0.166667 144
    4.73092 0.166667 37
    6.01807 0.166667 18
    7.47262 0.166667 6
    8.47461 0.166667 2
    10.4418 0.166667 0
  10.457 3 - 2
    8.48981 0.5 2
    9.61602 0.5 1
  10.4915 1 + 7
    1.291 0.142857 155
    6.28065 0.142857 16
    7.27081 0.142857 7
    7.62387 0.142857 4
    8.1781 0.142857 3
    8.52431 0.142857 2
    10.4915 0.142857 0
  10.504 3 - 2
    8.53681 0.5 2
    9.66302 0.5 1
  10.518 5 + 2
    8.55081 0.5 2
    9.67702 0.5 1
  10.536 11 - 2
    6.7561 0.5 9
    7.60126 0.5 5
  10.579 7 + 2
    8.2656 0.5 3
    10.579 0.5 0
  10.59 1 - 2
    8.2766 0.5 3
    10.59 0.5 0
  10.6 5 + 2
    8.63281 0.5 2
    9.75902 0.5 1
  10.614 7 - 2
    7.74637 0.5 4
    8.64681 0.5 2
  10.641 3 + 2
    8.3276 0.5 3
    10.641 0.5 0
  10.653 5 - 2
    8.3396 0.5 3
    10.653 0.5 0
  10.665 1 + 2
    8.69781 0.5 2
    9.82402 0.5 1
  10.679 3 - 2
    8.71181 0.5 2
    9.83802 0.5 1
  10.689 9 + 2
    7.82137 0.5 4
    8.72181 0.5 2
  10.699 5 - 2
    8.3856 0.5 3
    10.699 0.5 0
  10.7062 1 + 7
    4.9868 0.142857 38
    6.28247 0.142857 18
    6.49535 0.142857 16
    7.77146 0.142857 5
    8.3928 0.142857 3
    8.73901 0.142857 2
    10.7062 0.142857 0
  10.723 21 - 2
    1.69225 0.5 146
    1.76986 0.5 139
  10.746 1 + 2
    8.77881 0.5 2
    9.90502 0.5 1
  10.7614 5 - 6
    5.042 0.166667 38
    5.84353 0.166667 23
    6.55055 0.166667 16
    6.82667 0.166667 11
    7.82666 0.166667 5
    8.448 0.166667 3
  10.7793 3 + 4
    6.9477 0.25 10
    7.91167 0.25 4
    8.81211 0.25 2
    9.93832 0.25 1
  10.801 7 - 2
    7.93337 0.5 4
    8.83381 0.5 2
  10.822 3 + 2
    8.5086 0.5 3
    10.822 0.5 0
  10.832 5 - 2
    8.5186 0.5 3
    10.832 0.5 0
  10.842 23 + 2
    0.119 0.5 265
    1.81125 0.5 146
  10.864 3 - 2
    8.89681 0.5 2
    10.023 0.5 1
  10.879 1 + 2
    8.91181 0.5 2
    10.038 0.5 1
  10.891 5 - 2
    8.5776 0.5 3
    10.891 0.5 0
  10.913 7 + 2
    8.5996 0.5 3
    10.913 0.5 0
  10.938 3 - 2
    8.97081 0.5 2
    10.097 0.5 1
  10.952 3 + 2
    8.6386 0.5 3
    10.952 0.5 0
  10.96 1 - 2
    8.6466 0.5 3
    10.96 0.5 0
  10.979 7 - 2
    8.11137 0.5 4
    9.01181 0.5 2
  10.986 5 + 2
    9.01881 0.5 2
    10.145 0.5 1
  11.001 3 + 2
    8.6876 0.5 3
    11.001 0.5 0
  11.014 9 - 2
    6.91891 0.5 14
    8.04482 0.5 6
  11.026 5 + 2
    9.05881 0.5 2
    10.185 0.5 1
  11.045 1 - 2
    8.7316 0.5 3
    11.045 0.5 0
  11.064 25 + 1
    11.064 1 0
  11.084 3 - 2
    9.11681 0.5 2
    10.243 0.5 1
  11.1 5 + 2
    9.13281 0.5 2
    10.259 0.5 1
  11.114 1 - 2
    8.8006 0.5 3
    11.114 0.5 0
  11.115 7 + 2
    8.8016 0.5 3
    11.115 0.5 0
  11.15 3 - 2
    9.18281 0.5 2
    10.309 0.5 1
  11.159 5 + 2
    9.19181 0.5 2
    10.318 0.5 1
  11.173 3 - 2
    9.20581 0.5 2
    10.332 0.5 1
  11.185 3 - 2
    9.21781 0.5 2
    10.344 0.5 1
  11.212 1 + 2
    9.24481 0.5 2
    10.371 0.5 1
  11.224 9 + 2
    8.35637 0.5 4
    9.25681 0.5 2
  11.25 5 - 2
    8.9366 0.5 3
    11.25 0.5 0
  11.264 1 + 2
    9.29681 0.5 2
    10.423 0.5 1
  11.282 7 - 2
    8.41437 0.5 4
    9.31481 0.5 2
  11.295 5 + 2
    9.32781 0.5 2
    10.454 0.5 1
  11.308 3 - 2
    9.34081 0.5 2
    10.467 0.5 1
  11.369 11 + 2
    7.27391 0.5 14
    8.39982 0.5 6
  11.378 1 - 2
    9.0646 0.5 3
    11.378 0.5 0
  11.4 7 + 2
    9.0866 0.5 3
    11.4 0.5 0
  11.435 5 - 2
    9.1216 0.5 3
    11.435 0.5 0
  11.479 3 + 2
    9.1656 0.5 3
    11.479 0.5 0
  11.593 1 - 2
    9.2796 0.5 3
    11.593 0.5 0
  11.619 3 + 2
    9.3056 0.5 3
    11.619 0.5 0
  11.663 5 - 2
    9.3496 0.5 3
    11.663 0.5 0
  11.712 5 + 2
    9.74481 0.5 2
    10.871 0.5 1
  11.756 7 - 2
    8.88837 0.5 4
    9.78881 0.5 2
  11.799 3 + 2
    9.4856 0.5 3
    11.799 0.5 0
  11.826 1 - 2
    9.5126 0.5 3
    11.826 0.5 0
  11.865 9 + 2
    8.99737 0.5 4
    9.89781 0.5 2
  11.94 3 - 2
    9.97281 0.5 2
    11.099 0.5 1
  12.76 5 + 2
    10.7928 0.5 2
    11.919 0.5 1
  14.41 7 - 2
    11.5424 0.5 4
    12.4428 0.5 2
  17.36 1 + 2
    15.3928 0.5 2
    16.519 0.5 1

16 34 134
  0 0 + 0
  2.12756 4 + 1
    2.12756 1 0
  3.30421 4 + 2
    1.17665 0.559 1
    3.30421 0.441 0
  3.91641 0 + 2
    0.6122 0.002992 2
    1.78885 0.997008 1
  4.07467 2 + 3
    0.77046 0.043829 2
    1.94711 0.458186 1
    4.07467 0.497985 0
  4.11481 4 + 2
    1.98725 0.4413 1
    4.11481 0.5587 0
  4.6244 6 - 3
    1.32019 0.737812 2
    2.49684 0.258204 1
    4.6244 0.003984 0
  4.68898 8 + 1
    2.56142 1 1
  4.87684 6 + 2
    1.57263 0.3902 2
    2.74928 0.6098 1
  4.88976 4 + 3
    1.58555 0.3111 2
    2.7622 0.3704 1
    4.88976 0.3185 0
  5.22818 0 + 2
    1.11337 0.03939 5
    1.15351 0.96061 4
  5.32251 4 - 3
    0.69811 0.01192 6
    1.24784 0.071489 4
    3.19495 0.916591 1
  5.38099 2 + 4
    1.26618 0.083536 5
    2.07678 0.190913 2
    3.25343 0.477333 1
    5.38099 0.248217 0
  5.67993 4 - 6
    0.79017 0.007859 9
    0.80309 0.022099 8
    1.05553 0.132593 6
    1.56512 0.017189 5
    2.37572 0.491176 2
    3.55237 0.329084 1
  5.689 10 - 2
    1.00002 0.5208 7
    1.0646 0.4792 6
  5.75588 2 - 4
    1.64107 0.006777 5
    2.45167 0.218396 2
    3.62832 0.752987 1
    5.75588 0.02184 0
  5.84753 0 + 3
    1.77286 0.147415 4
    2.54332 0.641064 2
    3.71997 0.211521 1
  5.9981 4 + 4
    1.12126 0.190819 8
    1.92343 0.328933 4
    3.87054 0.29933 1
    5.9981 0.180918 0
  6.12148 4 + 2
    2.81727 0.7874 2
    3.99392 0.2126 1
  6.16886 6 - 6
    0.84635 0.019649 11
    1.47988 0.018139 7
    1.54446 0.128494 6
    2.05405 0.040818 5
    2.86465 0.755862 2
    4.0413 0.037038 1
  6.25122 8 + 2
    1.37438 0.4595 8
    1.56224 0.5405 7
  6.29709 6 - 2
    0.617155 0.3007 13
    1.67269 0.6993 6
  6.34249 2 - 2
    3.03828 0.7407 2
    6.34249 0.2593 0
  6.42142 8 - 3
    1.54458 0.628913 8
    1.73244 0.301906 7
    1.79702 0.069181 6
  6.42812 4 + 3
    0.306641 0.1216 18
    1.73914 0.5779 7
    2.35345 0.3005 4
  6.47877 2 - 8
    0.63124 0.01327 16
    0.72289 0.007863 15
    0.79884 0.01425 13
    1.15626 0.073222 11
    1.85437 0.059952 6
    2.4041 0.050121 4
    3.17456 0.491413 2
    4.35121 0.289908 1
  6.535 2 - 2
    4.40744 0.5 1
    6.535 0.5 0
  6.639 8 - 2
    0.95 0.3007 14
    2.0146 0.6993 6
  6.68533 4 - 1
    0.92945 1 15
  6.729 4 + 2
    2.61419 0.5 5
    4.60144 0.5 1
  6.742 6 + 3
    2.05302 0.333333 7
    2.62719 0.333333 5
    4.61444 0.333333 1
  6.82882 4 + 2
    2.75415 0.5 4
    6.82882 0.5 0
  6.84791 2 - 2
    1.5254 0.6711 11
    6.84791 0.3289 0
  6.8637 10 - 3
    1.1747 0.2088 14
    2.17472 0.5494 7
    2.2393 0.2418 6
  6.89 6 + 2
    2.20102 0.8 7
    4.76244 0.2 1
  6.95422 4 - 5
    1.27429 0.139906 13
    1.63171 0.348014 11
    2.83941 0.121005 5
    3.65001 0.378215 2
    4.82666 0.012861 1
  7.11045 6 - 6
    0.281631 0.003208 31
    0.941591 0.05646 19
    0.988971 0.01115 18
    2.23361 0.697101 8
    2.99564 0.05088 5
    4.98289 0.1812 1
  7.16446 2 - 2
    3.08979 0.6897 4
    5.0369 0.3103 1
  7.21928 2 - 3
    2.32952 0.042038 9
    2.5303 0.149594 7
    7.21928 0.808368 0
  7.24805 4 + 4
    2.37121 0.049693 8
    2.55907 0.690148 7
    2.62365 0.060044 6
    5.12049 0.200114 1
  7.27 2 - 2
    1.01878 0.3506 20
    1.59007 0.6494 13
  7.36742 6 - 3
    2.49058 0.38 8
    3.45101 0.22 3
    5.23986 0.4 1
  7.392 2 + 3
    0.5283 0.130295 33
    1.14078 0.070337 20
    1.703 0.799368 14
  7.46772 0 - 3
    0.988951 0.04191 25
    1.46962 0.119899 17
    3.39305 0.838192 4
  7.55269 2 + 3
    1.2102 0.064072 22
    2.23018 0.307809 11
    4.24848 0.628119 2
  7.62991 6 - 4
    2.94093 0.04204 7
    3.00551 0.4004 6
    3.5151 0.05706 5
    4.3257 0.5005 2
  7.657 12 + 2
    1.40578 0.5 20
    2.78016 0.5 8
  7.714 8 - 2
    2.39149 0.5 11
    2.83716 0.5 8
  7.73079 2 + 2
    4.42658 0.5 2
    5.60323 0.5 1
  7.753 6 - 2
    4.44879 0.5 2
    5.62544 0.5 1
  7.78122 2 - 2
    1.3531 0.090909 24
    7.78122 0.909091 0
  7.788 12 - 3
    0.924301 0.079737 33
    1.53678 0.089696 20
    2.099 0.830567 14
  7.795 4 + 2
    1.54378 0.5 20
    7.795 0.5 0
  7.97472 0 + 3
    4.67051 0.140514 2
    5.84716 0.318932 1
    7.97472 0.540554 0
  8.02 0 + 2
    3.90519 0.5 5
    5.89244 0.5 1
  8.0363 6 - 2
    0.92585 0.4898 36
    8.0363 0.5102 0
  8.083 10 - 3
    1.2193 0.6211 33
    1.66158 0.118 23
    2.394 0.2609 14
  8.1381 2 - 4
    1.79561 0.078317 22
    2.29057 0.10841 16
    6.01054 0.210819 1
    8.1381 0.602454 0
  8.1751 4 + 2
    2.94692 0.6579 10
    8.1751 0.3421 0
  8.18546 2 + 2
    6.0579 0.5 1
    8.18546 0.5 0
  8.2054 8 + 2
    3.581 0.2424 6
    6.07784 0.7576 1
  8.255 4 + 2
    6.12744 0.5 1
    8.255 0.5 0
  8.264 6 - 2
    2.01278 0.5 20
    2.575 0.5 14
  8.293 8 - 2
    2.604 0.5 14
    3.41616 0.5 8
  8.29439 2 + 2
    1.9519 0.2481 22
    6.16683 0.7519 1
  8.369 4 - 1
    2.68 1 14
  8.3854 2 - 1
    8.3854 1 0
  8.425 8 + 3
    3.54816 0.333333 8
    3.8006 0.333333 6
    6.29744 0.333333 1
  8.502 6 + 2
    2.813 0.6993 14
    3.81302 0.3007 7
  8.50677 2 - 4
    3.18426 0.014869 11
    4.39196 0.053168 5
    5.20256 0.360186 2
    8.50677 0.571777 0
  8.61574 4 + 6
    2.31866 0.218413 21
    3.7389 0.118507 8
    3.99134 0.029992 6
    4.54107 0.181411 4
    5.31153 0.081455 2
    6.48818 0.370222 1
  8.651 0 - 1
    1.7873 1 33
  8.657 2 + 1
    8.657 1 0
  8.67 4 - 1
    3.79316 1 8
  8.70235 6 + 5
    0.51689 0.147996 59
    2.94647 0.137796 15
    3.02242 0.081628 13
    3.81259 0.122396 9
    6.57479 0.510185 1
  8.712 4 - 2
    4.02302 0.5 7
    6.58444 0.5 1
  8.72763 6 + 4
    1.61718 0.632951 36
    3.49945 0.158213 10
    6.60007 0.069626 1
    8.72763 0.139211 0
  8.733 0 - 2
    3.044 0.5291 14
    4.1086 0.4709 6
  8.782 2 + 1
    3.093 1 14
  8.8057 4 - 3
    2.32693 0.067481 25
    5.50149 0.613512 2
    8.8057 0.319006 0
  8.87402 6 + 4
    1.24411 0.031122 45
    4.75921 0.12021 5
    4.79935 0.141411 4
    6.74646 0.707257 1
  8.876 4 - 3
    2.62478 0.2905 20
    3.99916 0.5587 8
    6.74844 0.1508 1
  8.942 2 + 3
    2.69078 0.333333 20
    5.63779 0.333333 2
    6.81444 0.333333 1
  8.968 0 - 3
    1.18 0.333333 51
    2.1043 0.333333 33
    3.279 0.333333 14
  8.99 4 + 1
    6.86244 1 1
  9.02631 2 - 2
    3.64532 0.3789 12
    9.02631 0.6211 0
  9.095 6 + 1
    6.96744 1 1
  9.15871 8 - 3
    3.31118 0.258495 16
    5.0439 0.680286 5
    5.08404 0.061219 4
  9.20804 4 + 4
    0.33402 0.024502 80
    1.84062 0.329633 41
    1.95999 0.445445 39
    9.20804 0.20042 0
  9.478 2 + 1
    9.478 1 0
  9.54609 6 - 4
    0.67207 0.1502 80
    2.32681 0.0515 38
    6.24188 0.4292 2
    9.54609 0.3691 0
  9.59841 10 - 2
    0.98267 0.2126 70
    3.47693 0.7874 18
  9.64 2 - 1
    9.64 1 0
  9.66574 4 + 2
    2.81783 0.6579 32
    7.53818 0.3421 1
  9.711 0 + 1
    9.711 1 0
  9.80188 6 - 3
    5.88547 0.2686 3
    6.49767 0.5714 2
    7.67432 0.16 1
  9.8367 4 + 2
    2.98879 0.2908 32
    7.70914 0.7092 1
  9.86 2 + 1
    9.86 1 0
  9.93335 2 - 4
    0.72531 0.211221 88
    1.79525 0.330033 57
    2.15213 0.310231 50
    9.93335 0.148515 0
  9.981 2 - 2
    7.85344 0.5 1
    9.981 0.5 0
  10.0922 8 + 2
    1.36457 0.4012 76
    3.67078 0.5988 23
  10.097 4 - 2
    5.22016 0.5 8
    6.02233 0.5 4
  10.142 6 + 2
    5.26516 0.5 8
    6.06733 0.5 4
  10.17 2 - 2
    8.04244 0.5 1
    10.17 0.5 0
  10.1748 2 + 2
    5.29796 0.5 8
    6.10013 0.5 4
  10.1796 4 - 2
    4.49967 0.4709 13
    8.05204 0.5291 1
  10.201 0 + 2
    8.07344 0.5 1
    10.201 0.5 0
  10.2122 6 - 2
    4.53227 0.3289 13
    8.08464 0.6711 1
  10.237 4 + 2
    8.10944 0.5 1
    10.237 0.5 0
  10.25 2 - 2
    8.12244 0.5 1
    10.25 0.5 0
  10.3115 4 + 5
    1.9261 0.150197 66
    2.1734 0.088738 57
    2.84378 0.320794 43
    4.98899 0.341293 11
    6.23683 0.098978 4
  10.386 8 - 2
    5.06349 0.5 11
    5.50916 0.5 8
  10.407 4 + 2
    8.27944 0.5 1
    10.407 0.5 0
  10.447 6 - 2
    7.14279 0.5 2
    8.31944 0.5 1
  10.494 2 - 2
    8.36644 0.5 1
    10.494 0.5 0
  10.529 0 + 2
    8.40144 0.5 1
    10.529 0.5 0
  10.587 2 - 2
    8.45944 0.5 1
    10.587 0.5 0
  10.617 6 + 2
    5.74016 0.5 8
    6.54233 0.5 4
  10.626 2 - 2
    8.49844 0.5 1
    10.626 0.5 0
  10.6501 4 + 2
    2.91931 0.6098 48
    5.26911 0.3902 12
  10.663 8 + 2
    7.35879 0.5 2
    8.53544 0.5 1
  10.67 2 - 2
    8.54244 0.5 1
    10.67 0.5 0
  10.705 4 + 2
    8.57744 0.5 1
    10.705 0.5 0
  10.768 4 + 2
    8.64044 0.5 1
    10.768 0.5 0
  10.791 2 - 2
    8.66344 0.5 1
    10.791 0.5 0
  10.803 2 + 1
    10.803 1 0
  10.8406 6 - 2
    0.7484 0.4083 100
    6.15162 0.5917 7
  10.869 0 - 2
    5.54649 0.5 11
    6.79433 0.5 4
  10.895 6 + 2
    6.01816 0.5 8
    6.82033 0.5 4
  10.916 4 - 2
    6.03916 0.5 8
    6.84133 0.5 4
  10.931 2 - 2
    8.80344 0.5 1
    10.931 0.5 0
  10.994 4 + 2
    8.86644 0.5 1
    10.994 0.5 0
  11.015 4 + 3
    1.98869 0.20082 85
    4.89352 0.409841 18
    5.25912 0.389339 15
  11.0249 2 - 2
    8.89734 0.5 1
    11.0249 0.5 0

16 35 53
  0 3 + 0
  1.57237 1 + 1
    1.57237 1 0
  1.99133 7 - 1
    1.99133 1 0
  2.34778 3 - 2
    0.77541 0.2498 1
    2.34778 0.7502 0
  2.7171 5 + 2
    0.36932 0.056619 3
    2.7171 0.943381 0
  2.93864 3 + 1
    2.93864 1 0
  3.421 5 + 1
    3.421 1 0
  3.55807 3 - 4
    0.61943 0.049974 5
    1.21029 0.302024 3
    1.56674 0.549144 2
    3.55807 0.098858 0
  3.597 3 + 1
    3.597 1 0
  3.675 1 - 2
    0.73636 0.5 5
    3.675 0.5 0
  3.80196 3 - 5
    0.86332 0.004778 5
    1.08486 0.008122 4
    1.45418 0.069756 3
    2.22959 0.439574 1
    3.80196 0.477771 0
  3.8181 3 + 1
    1.82677 1 2
  3.886 3 - 3
    1.53822 0.4009 3
    1.89467 0.4505 2
    3.886 0.1486 0
  3.907 5 - 2
    0.96836 0.5 5
    3.907 0.5 0
  4.0214 3 - 1
    2.03007 1 2
  4.028 3 - 3
    1.08936 0.329933 5
    1.68022 0.329933 3
    2.45563 0.340134 1
  4.1056 3 + 2
    1.16696 0.1304 5
    4.1056 0.8696 0
  4.18 1 + 2
    2.60763 0.1803 1
    4.18 0.8197 0
  4.18925 1 - 4
    1.25061 0.040249 5
    1.84147 0.402488 3
    2.61688 0.041279 1
    4.18925 0.515984 0
  4.302 1 + 2
    1.95422 0.5917 3
    4.302 0.4083 0
  4.4776 5 + 2
    2.12982 0.5102 3
    2.90523 0.4898 1
  4.567 3 + 2
    1.62836 0.5 5
    4.567 0.5 0
  4.617 7 - 2
    2.26922 0.5 3
    2.62567 0.5 2
  4.839 1 + 2
    2.49122 0.5 3
    3.26663 0.5 1
  4.90335 1 - 5
    1.10139 0.001987 10
    1.96471 0.030059 5
    2.55557 0.20889 3
    3.33098 0.509476 1
    4.90335 0.249588 0
  4.96307 3 - 6
    1.16111 0.005002 10
    1.405 0.060127 7
    2.61529 0.100595 3
    2.97174 0.020219 2
    3.3907 0.532072 1
    4.96307 0.281985 0
  4.99 3 + 2
    2.05136 0.5 5
    4.99 0.5 0
  5.058 7 - 2
    2.71022 0.5 3
    3.06667 0.5 2
  5.127 7 + 2
    2.18836 0.5 5
    5.127 0.5 0
  5.344 9 - 2
    0.217 0.5 28
    1.437 0.5 13
  5.475 5 + 2
    3.48367 0.5 2
    3.90263 0.5 1
  5.545 5 - 2
    2.60636 0.5 5
    5.545 0.5 0
  5.7525 5 + 1
    5.7525 1 0
  5.8413 9 - 1
    4.26893 1 1
  5.915 5 + 2
    3.92367 0.5 2
    4.34263 0.5 1
  5.98 7 - 2
    3.63222 0.5 3
    3.98867 0.5 2
  6.0186 11 + 1
    6.0186 1 0
  6.07847 5 - 2
    3.13983 0.1803 5
    6.07847 0.8197 0
  6.129 1 + 2
    3.78122 0.5 3
    4.55663 0.5 1
  6.29392 7 - 1
    6.29392 1 0
  6.334 5 + 2
    4.34267 0.5 2
    4.76163 0.5 1
  6.3556 9 - 1
    6.3556 1 0
  6.4199 1 + 1
    6.4199 1 0
  6.446 5 - 2
    3.50736 0.5 5
    6.446 0.5 0
  6.496 7 + 2
    3.55736 0.5 5
    6.496 0.5 0
  6.538 13 - 2
    0.6967 0.5 33
    1.194 0.5 29
  6.545 1 + 2
    4.19722 0.5 3
    4.97263 0.5 1
  6.584 5 - 2
    3.64536 0.5 5
    6.584 0.5 0
  6.6292 9 + 1
    6.6292 1 0
  6.684 11 - 2
    2.067 0.5 22
    4.69267 0.5 2
  6.761 7 + 1
    6.761 1 0
  6.891 3 - 2
    4.89967 0.5 2
    5.31863 0.5 1
  9.155 5 + 2
    7.16367 0.5 2
    7.58263 0.5 1

16 36 24
  0 0 + 0
  3.2909 4 + 1
    3.2909 1 0
  3.346 0 + 1
    3.346 1 0
  4.1927 6 - 1
    0.9018 1 1
  4.523 2 + 2
    1.2321 0.2481 1
    4.523 0.7519 0
  4.5752 4 + 1
    1.2843 1 1
  5.0215 8 - 2
    0.8288 0.970881 3
    1.7306 0.029119 1
  5.2061 10 - 2
    0.1846 0.8151 6
    1.0134 0.1849 3
  5.2512 6 - 2
    1.0585 0.2806 3
    1.9603 0.7194 1
  5.338 2 - 2
    2.0471 0.5 1
    5.338 0.5 0
  5.3914 4 + 2
    0.816199 0.1526 5
    5.3914 0.8474 0
  5.462 6 + 2
    0.4405 0.5 6
    0.939 0.5 4
  5.5091 4 - 2
    1.3164 0.3421 3
    2.2182 0.6579 1
  5.5731 2 - 1
    2.2822 1 1
  5.8309 6 - 5
    0.579699 0.006171 8
    0.8094 0.085255 6
    1.2557 0.071226 5
    1.6382 0.560866 3
    2.54 0.276483 1
  6.1869 6 - 2
    1.9942 0.2481 3
    2.896 0.7519 1
  6.2252 4 + 2
    1.65 0.7576 5
    2.9343 0.2424 1
  6.35 2 + 2
    0.888 0.5 11
    1.827 0.5 4
  6.472 2 - 2
    3.1811 0.5 1
    6.472 0.5 0
  6.5144 8 + 1
    2.3217 1 3
  6.553 4 + 2
    3.2621 0.5 1
    6.553 0.5 0
  7.12 12 - 3
    2.5448 0.201412 5
    3.8291 0.079145 1
    7.12 0.719443 0
  7.2719 2 + 6
    0.7575 0.1306 19
    1.441 0.04898 14
    2.0207 0.4082 8
    2.0658 0.06122 7
    2.2504 0.1306 6
    3.0792 0.2204 3
  7.71 0 - 2
    2.2009 0.5 12
    3.187 0.5 4

16 37 37
  0 7 - 0
  0.64618 3 - 1
    0.64618 1 0
  1.39751 3 + 1
    0.75133 1 1
  1.99193 3 - 2
    1.34575 0.7576 1
    1.99193 0.2424 0
  2.02287 7 - 2
    1.37669 0.6211 1
    2.02287 0.3789 0
  2.5148 5 - 1
    1.11729 1 2
  2.63786 1 - 1
    1.99168 1 1
  2.7763 5 - 2
    0.2615 0.5 5
    1.37879 0.5 2
  2.978 9 - 2
    0.2017 0.5 7
    0.4632 0.5 5
  3.12 9 + 2
    1.09713 0.5 4
    3.12 0.5 0
  3.2619 3 - 2
    1.23903 0.3421 4
    2.61572 0.6579 1
  3.3554 1 + 2
    1.36347 0.5 3
    2.70922 0.5 1
  3.4421 7 - 2
    2.79592 0.5 1
    3.4421 0.5 0
  3.49271 3 - 1
    1.46984 1 4
  3.555 5 + 2
    2.90882 0.5 1
    3.555 0.5 0
  3.605 1 + 2
    1.61307 0.5 3
    2.95882 0.5 1
  3.666 5 + 2
    3.01982 0.5 1
    3.666 0.5 0
  3.918 11 + 1
    0.94 1 8
  3.967 1 + 2
    1.97507 0.5 3
    3.32082 0.5 1
  4.008 5 + 2
    3.36182 0.5 1
    4.008 0.5 0
  4.072 3 + 2
    1.5572 0.5 5
    2.67449 0.5 2
  4.368 13 + 1
    1.248 1 9
  4.411 1 - 2
    1.8962 0.5 5
    3.01349 0.5 2
  4.471 5 + 2
    3.82482 0.5 1
    4.471 0.5 0
  4.492 3 - 2
    3.84582 0.5 1
    4.492 0.5 0
  4.548 7 + 2
    2.0332 0.5 5
    3.15049 0.5 2
  4.675 5 - 2
    2.1602 0.5 5
    3.27749 0.5 2
  4.745 3 + 2
    2.2302 0.5 5
    3.34749 0.5 2
  4.858 5 - 2
    2.3432 0.5 5
    3.46049 0.5 2
  4.88 1 + 2
    2.88807 0.5 3
    4.23382 0.5 1
  4.893 7 - 2
    4.24682 0.5 1
    4.893 0.5 0
  5.054 3 + 2
    2.5392 0.5 5
    3.65649 0.5 2
  5.09 1 - 2
    2.5752 0.5 5
    3.69249 0.5 2
  5.122 9 + 2
    3.09913 0.5 4
    5.122 0.5 0
  5.505 5 - 2
    2.9902 0.5 5
    4.10749 0.5 2
  5.666 5 - 2
    3.1512 0.5 5
    4.26849 0.5 2
  5.72 5 - 2
    3.2052 0.5 5
    4.32249 0.5 2

16 38 15
  0 0 + 0
  1.292 4 + 1
    1.292 1 0
  2.805 4 + 1
    1.513 1 1
  2.8252 8 + 1
    1.5332 1 1
  3.375 4 + 2
    2.083 0.5 1
    3.375 0.5 0
  3.5162 2 + 2
    2.2242 0.641 1
    3.5162 0.359 0
  3.6742 12 + 1
    0.849 1 3
  3.725 6 + 1
    0.8998 1 3
  4.336 8 + 2
    1.531 0.5 2
    3.044 0.5 1
  4.454 2 - 2
    3.162 0.5 1
    4.454 0.5 0
  4.99 4 + 1
    3.698 1 1
  5.064 6 - 2
    2.259 0.5 2
    3.772 0.5 1
  5.278 4 + 2
    3.986 0.5 1
    5.278 0.5 0
  6.0053 6 - 1
    4.7133 1 1
  6.605 2 - 2
    5.313 0.5 1
    6.605 0.5 0

16 39 2
  0 7 - 0
  1.469 1 - 1
    1.469 1 0

16 40 10
  0 0 + 0
  0.90369 4 + 1
    0.90369 1 0
  1.91684 8 + 1
    1.01315 1 1
  2.25479 4 + 2
    1.3511 0.984251 1
    2.25479 0.015749 0
  3.2361 2 + 1
    0.98131 1 3
  3.48946 6 + 2
    2.58577 0.1143 1
    3.48946 0.8857 0
  3.947 2 + 2
    1.69221 0.2 3
    3.04331 0.8 1
  4.1383 10 + 2
    0.64884 0.1205 5
    3.23461 0.8795 1
  4.72461 6 + 2
    2.46982 0.5376 3
    2.80777 0.4624 2
  5.0094 4 - 2
    1.7733 0.078337 4
    4.10571 0.921663 1

16 41 3
  0 7 - 0
  0.449 1 - 1
    0.449 1 0
  0.904 3 - 1
    0.904 1 0

16 42 2
  0 0 + 0
  0.89 4 + 1
    0.89 1 0

16 43 3
  0 1 - 0
  0.319 3 - 1
    0.319 1 0
  0.94 5 - 1
    0.94 1 0

16 44 5
  0 0 + 0
  1.334 4 + 1
    1.334 1 0
  1.365 0 + 2
    0.031 0.5 1
    1.365 0.5 0
  1.63 2 + 1
    0.296 1 1
  2.627 4 + 2
    0.997 0.3333 3
    2.627 0.6667 0

16 45 1
  0 3 - 0

16 46 2
  0 0 + 0
  0.952 4 + 1
    0.952 1 0

16 48 1
  0 0 + 0

