21 38 1
  0 4 - 0

21 39 3
  0 7 - 0
  0.95 3 - 1
    0.95 1 0
  8.96 3 + 1
    8.96 1 0

21 40 42
  0 8 - 0
  0.0343 6 - 1
    0.0343 1 0
  0.7721 4 - 1
    0.7721 1 0
  0.8935 10 - 1
    0.8592 1 1
  1.6707 2 - 1
    1.6364 1 1
  1.7032 0 - 1
    0.9311 1 2
  1.797 6 - 2
    0.9035 0.5 3
    1.7627 0.5 1
  1.871 4 - 2
    1.0989 0.5 2
    1.871 0.5 0
  1.933 2 - 2
    0.2623 0.5 4
    1.8987 0.5 1
  2.285 2 + 2
    0.5818 0.5 5
    1.5129 0.5 2
  2.37 8 - 2
    1.5979 0.5 2
    2.37 0.5 0
  2.754 2 + 2
    1.0508 0.5 5
    1.9819 0.5 2
  2.94 2 + 2
    1.2368 0.5 5
    2.1679 0.5 2
  3.03 6 - 2
    2.1365 0.5 3
    2.9957 0.5 1
  3.144 2 + 2
    1.4408 0.5 5
    2.3719 0.5 2
  3.23 2 + 2
    1.5268 0.5 5
    2.4579 0.5 2
  3.337 2 + 2
    1.6338 0.5 5
    2.5649 0.5 2
  3.418 2 + 2
    1.7148 0.5 5
    2.6459 0.5 2
  3.494 4 + 2
    1.8233 0.5 4
    3.4597 0.5 1
  3.656 2 + 2
    1.9528 0.5 5
    2.8839 0.5 2
  3.79 2 + 2
    2.0868 0.5 5
    3.0179 0.5 2
  3.864 4 + 2
    2.1933 0.5 4
    3.8297 0.5 1
  3.9 4 - 2
    3.1279 0.5 2
    3.9 0.5 0
  4.07 2 + 2
    2.3668 0.5 5
    3.2979 0.5 2
  4.132 2 + 2
    2.4288 0.5 5
    3.3599 0.5 2
  4.271 2 + 2
    2.5678 0.5 5
    3.4989 0.5 2
  4.368 0 + 2
    2.435 0.5 8
    2.6973 0.5 4
  4.526 2 + 2
    2.8228 0.5 5
    3.7539 0.5 2
  4.658 2 + 2
    2.9548 0.5 5
    3.8859 0.5 2
  4.83 2 + 2
    3.1268 0.5 5
    4.0579 0.5 2
  4.904 4 - 2
    4.1319 0.5 2
    4.904 0.5 0
  5.018 2 + 2
    3.3148 0.5 5
    4.2459 0.5 2
  5.086 2 + 2
    3.3828 0.5 5
    4.3139 0.5 2
  5.228 6 - 2
    4.3345 0.5 3
    5.1937 0.5 1
  5.362 2 + 2
    3.6588 0.5 5
    4.5899 0.5 2
  5.574 2 + 2
    3.8708 0.5 5
    4.8019 0.5 2
  5.702 2 + 2
    3.9988 0.5 5
    4.9299 0.5 2
  6.012 2 + 2
    4.3088 0.5 5
    5.2399 0.5 2
  6.127 2 + 2
    4.4238 0.5 5
    5.3549 0.5 2
  6.426 2 + 2
    4.7228 0.5 5
    5.6539 0.5 2
  7.5 12 - 2
    5.13 0.5 10
    7.5 0.5 0
  9 4 - 2
    8.2279 0.5 2
    9 0.5 0

21 41 201
  0 7 - 0
  1.71645 3 - 1
    1.71645 1 0
  2.0959 3 + 1
    2.0959 1 0
  2.4148 3 - 1
    0.69835 1 1
  2.5881 5 - 2
    0.87165 0.02439 1
    2.5881 0.97561 0
  2.66664 5 + 2
    0.95019 0.042139 1
    2.66664 0.957861 0
  2.71917 1 + 1
    1.00272 1 1
  2.88247 7 + 2
    0.78657 0.000799 2
    2.88247 0.999201 0
  2.9721 7 - 1
    2.9721 1 0
  3.013 5 - 2
    0.9171 0.8696 2
    3.013 0.1304 0
  3.1851 5 - 1
    3.1851 1 0
  3.3581 9 - 2
    0.47563 0.5 7
    0.77 0.5 4
  3.4115 1 + 1
    1.69505 1 1
  3.465 1 - 2
    0.8769 0.5 4
    1.3691 0.5 2
  3.48 1 - 1
    1.76355 1 1
  3.5627 1 + 1
    1.84625 1 1
  3.678 3 - 2
    1.96155 0.359 1
    3.678 0.641 0
  3.69 5 + 2
    1.97355 0.5 1
    3.69 0.5 0
  3.6967 7 + 4
    0.81423 0.031201 7
    1.03006 0.041291 5
    1.6008 0.01009 2
    3.6967 0.917418 0
  3.731 1 - 2
    1.1429 0.5 4
    1.6351 0.5 2
  3.774 3 - 1
    3.774 1 0
  3.7807 5 + 8
    0.7677 0.01003 9
    0.89823 0.020069 7
    1.06153 0.01003 6
    1.11406 0.060198 5
    1.1926 0.01003 4
    1.6848 0.020069 2
    2.06425 0.200694 1
    3.7807 0.66888 0
  3.788 3 + 2
    1.1999 0.5 4
    1.6921 0.5 2
  3.81 1 + 2
    1.3952 0.5 3
    2.09355 0.5 1
  3.905 9 + 2
    1.23836 0.5 5
    3.905 0.5 0
  3.968 1 + 2
    1.5532 0.5 3
    2.25155 0.5 1
  4.0228 7 - 5
    1.35616 0.240602 5
    1.4347 0.01993 4
    1.9269 0.004982 2
    2.30635 0.02278 1
    4.0228 0.711706 0
  4.0302 7 - 2
    2.31375 0.01961 1
    4.0302 0.98039 0
  4.245 5 + 8
    1.232 0.148202 9
    1.36253 0.117502 7
    1.57836 0.042921 5
    1.6569 0.004088 4
    1.8302 0.006132 3
    2.1491 0.511008 2
    2.52855 0.002044 1
    4.245 0.168103 0
  4.328 5 + 2
    1.7399 0.187 4
    4.328 0.813 0
  4.441 5 + 4
    1.2559 0.208504 10
    1.55853 0.081082 7
    1.77436 0.324306 5
    4.441 0.386108 0
  4.504 3 + 2
    1.9159 0.5 4
    2.4081 0.5 2
  4.514 9 + 1
    4.514 1 0
  4.535 3 - 2
    2.81855 0.5 1
    4.535 0.5 0
  4.644 1 - 2
    2.0559 0.5 4
    2.5481 0.5 2
  4.656 1 + 2
    2.2412 0.5 3
    2.93955 0.5 1
  4.777 3 + 2
    2.1889 0.5 4
    2.6811 0.5 2
  4.81 11 - 1
    4.81 1 0
  4.869 5 + 2
    3.15255 0.5 1
    4.869 0.5 0
  4.929 3 - 2
    3.21255 0.5 1
    4.929 0.5 0
  4.947 5 + 2
    3.23055 0.5 1
    4.947 0.5 0
  4.951 5 - 1
    4.951 1 0
  5.011 7 - 1
    5.011 1 0
  5.021 1 + 2
    2.6062 0.5 3
    3.30455 0.5 1
  5.0368 9 + 3
    1.6787 0.027181 11
    2.15433 0.257505 7
    5.0368 0.715314 0
  5.074 1 - 2
    2.4859 0.5 4
    2.9781 0.5 2
  5.083 3 + 2
    2.4949 0.5 4
    2.9871 0.5 2
  5.143 3 - 1
    5.143 1 0
  5.167 3 - 2
    3.45055 0.5 1
    5.167 0.5 0
  5.2 7 - 2
    3.48355 0.5 1
    5.2 0.5 0
  5.225 3 - 2
    3.50855 0.5 1
    5.225 0.5 0
  5.324 11 + 2
    1.9659 0.5 11
    2.44153 0.5 7
  5.356 3 + 2
    2.7679 0.5 4
    3.2601 0.5 2
  5.376 5 + 1
    5.376 1 0
  5.396 3 - 2
    3.67955 0.5 1
    5.396 0.5 0
  5.419 5 + 2
    3.70255 0.5 1
    5.419 0.5 0
  5.49 1 - 2
    2.9019 0.5 4
    3.3941 0.5 2
  5.494 1 + 2
    3.0792 0.5 3
    3.77755 0.5 1
  5.521 5 - 2
    2.9329 0.5 4
    3.4251 0.5 2
  5.535 3 - 2
    3.81855 0.5 1
    5.535 0.5 0
  5.568 7 - 2
    3.85155 0.5 1
    5.568 0.5 0
  5.578 9 + 1
    5.578 1 0
  5.65 5 - 1
    5.65 1 0
  5.691 1 - 2
    3.1029 0.5 4
    3.5951 0.5 2
  5.705 1 - 2
    3.1169 0.5 4
    3.6091 0.5 2
  5.709 5 - 1
    5.709 1 0
  5.755 3 - 2
    4.03855 0.5 1
    5.755 0.5 0
  5.771 7 + 2
    3.1829 0.5 4
    3.6751 0.5 2
  5.801 13 + 2
    1.287 0.5 32
    1.896 0.5 24
  5.81 3 + 2
    3.2219 0.5 4
    3.7141 0.5 2
  5.838 7 + 2
    3.2499 0.5 4
    3.7421 0.5 2
  5.861 5 - 2
    3.2729 0.5 4
    3.7651 0.5 2
  5.867 5 + 2
    4.15055 0.5 1
    5.867 0.5 0
  5.886 3 + 2
    3.2979 0.5 4
    3.7901 0.5 2
  5.915 9 - 2
    3.03253 0.5 7
    3.3269 0.5 4
  5.939 3 + 4
    1.694 0.602406 28
    2.1583 0.04819 21
    2.5275 0.180702 12
    3.27236 0.168702 5
  5.971 7 - 1
    5.971 1 0
  5.986 3 - 2
    4.26955 0.5 1
    5.986 0.5 0
  6.013 1 + 2
    3.5982 0.5 3
    4.29655 0.5 1
  6.036 11 + 2
    2.6779 0.5 11
    3.15353 0.5 7
  6.047 3 - 2
    4.33055 0.5 1
    6.047 0.5 0
  6.085 5 + 2
    4.36855 0.5 1
    6.085 0.5 0
  6.112 7 - 2
    4.39555 0.5 1
    6.112 0.5 0
  6.116 9 + 2
    3.44936 0.5 5
    6.116 0.5 0
  6.131 5 - 2
    3.5429 0.5 4
    4.0351 0.5 2
  6.148 5 + 1
    6.148 1 0
  6.203 3 - 2
    4.48655 0.5 1
    6.203 0.5 0
  6.236 7 + 2
    3.6479 0.5 4
    4.1401 0.5 2
  6.259 15 - 2
    0.458 0.5 68
    1.449 0.5 37
  6.314 3 + 2
    3.7259 0.5 4
    4.2181 0.5 2
  6.326 17 - 1
    6.326 1 0
  6.335 1 + 2
    3.9202 0.5 3
    4.61855 0.5 1
  6.361 5 + 2
    4.64455 0.5 1
    6.361 0.5 0
  6.399 3 - 2
    4.68255 0.5 1
    6.399 0.5 0
  6.414 5 + 2
    4.69755 0.5 1
    6.414 0.5 0
  6.435 5 - 2
    3.8469 0.5 4
    4.3391 0.5 2
  6.458 3 - 2
    4.74155 0.5 1
    6.458 0.5 0
  6.469 5 - 2
    3.8809 0.5 4
    4.3731 0.5 2
  6.474 7 + 2
    3.8859 0.5 4
    4.3781 0.5 2
  6.507 1 + 2
    4.0922 0.5 3
    4.79055 0.5 1
  6.513 5 + 2
    4.79655 0.5 1
    6.513 0.5 0
  6.522 3 - 2
    4.80555 0.5 1
    6.522 0.5 0
  6.533 5 + 2
    4.81655 0.5 1
    6.533 0.5 0
  6.572 5 - 2
    3.9839 0.5 4
    4.4761 0.5 2
  6.585 1 - 2
    3.9969 0.5 4
    4.4891 0.5 2
  6.589 1 + 2
    4.1742 0.5 3
    4.87255 0.5 1
  6.61 1 + 2
    4.1952 0.5 3
    4.89355 0.5 1
  6.622 5 + 2
    4.90555 0.5 1
    6.622 0.5 0
  6.643 7 - 2
    4.92655 0.5 1
    6.643 0.5 0
  6.651 9 + 2
    3.98436 0.5 5
    6.651 0.5 0
  6.673 3 - 2
    4.95655 0.5 1
    6.673 0.5 0
  6.691 3 - 2
    4.97455 0.5 1
    6.691 0.5 0
  6.7 5 + 2
    4.98355 0.5 1
    6.7 0.5 0
  6.73 7 - 2
    5.01355 0.5 1
    6.73 0.5 0
  6.741 5 + 2
    5.02455 0.5 1
    6.741 0.5 0
  6.752 3 - 2
    5.03555 0.5 1
    6.752 0.5 0
  6.772 3 - 2
    5.05555 0.5 1
    6.772 0.5 0
  6.783 5 - 2
    4.1949 0.5 4
    4.6871 0.5 2
  6.824 5 + 2
    5.10755 0.5 1
    6.824 0.5 0
  6.841 5 - 2
    4.2529 0.5 4
    4.7451 0.5 2
  6.857 3 - 2
    5.14055 0.5 1
    6.857 0.5 0
  6.872 7 + 2
    4.2839 0.5 4
    4.7761 0.5 2
  6.88 9 + 2
    4.21336 0.5 5
    6.88 0.5 0
  6.893 1 + 2
    4.4782 0.5 3
    5.17655 0.5 1
  6.895 9 + 2
    4.22836 0.5 5
    6.895 0.5 0
  6.908 5 - 2
    4.3199 0.5 4
    4.8121 0.5 2
  6.923 5 - 2
    4.3349 0.5 4
    4.8271 0.5 2
  6.947 3 + 2
    4.3589 0.5 4
    4.8511 0.5 2
  6.97 5 + 2
    5.25355 0.5 1
    6.97 0.5 0
  6.996 9 + 2
    4.32936 0.5 5
    6.996 0.5 0
  7.004 9 + 2
    4.33736 0.5 5
    7.004 0.5 0
  7.022 7 - 2
    5.30555 0.5 1
    7.022 0.5 0
  7.033 5 + 2
    5.31655 0.5 1
    7.033 0.5 0
  7.069 5 - 2
    4.4809 0.5 4
    4.9731 0.5 2
  7.078 3 - 2
    5.36155 0.5 1
    7.078 0.5 0
  7.107 5 + 2
    5.39055 0.5 1
    7.107 0.5 0
  7.113 1 - 2
    4.5249 0.5 4
    5.0171 0.5 2
  7.123 3 - 2
    5.40655 0.5 1
    7.123 0.5 0
  7.142 5 + 2
    5.42555 0.5 1
    7.142 0.5 0
  7.177 7 - 2
    5.46055 0.5 1
    7.177 0.5 0
  7.182 3 - 2
    5.46555 0.5 1
    7.182 0.5 0
  7.201 5 + 2
    5.48455 0.5 1
    7.201 0.5 0
  7.206 1 - 2
    4.6179 0.5 4
    5.1101 0.5 2
  7.216 3 + 2
    4.6279 0.5 4
    5.1201 0.5 2
  7.245 5 - 2
    4.6569 0.5 4
    5.1491 0.5 2
  7.264 7 + 2
    4.6759 0.5 4
    5.1681 0.5 2
  7.279 5 + 2
    5.56255 0.5 1
    7.279 0.5 0
  7.297 7 + 2
    4.7089 0.5 4
    5.2011 0.5 2
  7.313 1 - 2
    4.7249 0.5 4
    5.2171 0.5 2
  7.333 5 + 2
    5.61655 0.5 1
    7.333 0.5 0
  7.338 5 - 2
    4.7499 0.5 4
    5.2421 0.5 2
  7.347 5 + 2
    5.63055 0.5 1
    7.347 0.5 0
  7.352 9 + 2
    4.68536 0.5 5
    7.352 0.5 0
  7.36 3 - 2
    5.64355 0.5 1
    7.36 0.5 0
  7.382 3 - 2
    5.66555 0.5 1
    7.382 0.5 0
  7.396 9 + 2
    4.72936 0.5 5
    7.396 0.5 0
  7.406 5 - 2
    4.8179 0.5 4
    5.3101 0.5 2
  7.421 1 - 2
    4.8329 0.5 4
    5.3251 0.5 2
  7.469 3 + 2
    4.8809 0.5 4
    5.3731 0.5 2
  7.474 1 - 2
    4.8859 0.5 4
    5.3781 0.5 2
  7.489 3 - 2
    5.77255 0.5 1
    7.489 0.5 0
  7.494 7 + 2
    4.9059 0.5 4
    5.3981 0.5 2
  7.523 7 + 2
    4.9349 0.5 4
    5.4271 0.5 2
  7.538 3 + 2
    4.9499 0.5 4
    5.4421 0.5 2
  7.557 3 - 2
    5.84055 0.5 1
    7.557 0.5 0
  7.572 3 + 2
    4.9839 0.5 4
    5.4761 0.5 2
  7.606 5 - 2
    5.0179 0.5 4
    5.5101 0.5 2
  7.617 1 - 2
    5.0289 0.5 4
    5.5211 0.5 2
  7.64 9 + 2
    4.97336 0.5 5
    7.64 0.5 0
  7.65 5 + 2
    5.93355 0.5 1
    7.65 0.5 0
  7.66 1 - 2
    5.0719 0.5 4
    5.5641 0.5 2
  7.718 3 - 2
    6.00155 0.5 1
    7.718 0.5 0
  7.742 3 + 2
    5.1539 0.5 4
    5.6461 0.5 2
  7.777 7 - 2
    6.06055 0.5 1
    7.777 0.5 0
  7.815 1 - 2
    5.2269 0.5 4
    5.7191 0.5 2
  7.83 5 - 2
    5.2419 0.5 4
    5.7341 0.5 2
  7.855 9 + 2
    5.18836 0.5 5
    7.855 0.5 0
  7.874 1 - 2
    5.2859 0.5 4
    5.7781 0.5 2
  7.894 7 + 2
    5.3059 0.5 4
    5.7981 0.5 2
  7.903 1 + 2
    5.4882 0.5 3
    6.18655 0.5 1
  7.938 3 - 2
    6.22155 0.5 1
    7.938 0.5 0
  7.947 11 + 2
    4.5889 0.5 11
    5.06453 0.5 7
  7.962 7 - 2
    6.24555 0.5 1
    7.962 0.5 0
  7.98 3 + 2
    5.3919 0.5 4
    5.8841 0.5 2
  7.9935 1 - 2
    5.4054 0.5 4
    5.8976 0.5 2
  8.006 3 - 2
    6.28955 0.5 1
    8.006 0.5 0
  8.089 3 - 2
    6.37255 0.5 1
    8.089 0.5 0
  8.147 5 + 2
    6.43055 0.5 1
    8.147 0.5 0
  8.45 9 + 2
    5.78336 0.5 5
    8.45 0.5 0
  8.645 9 + 2
    5.97836 0.5 5
    8.645 0.5 0
  8.879 9 + 2
    6.21236 0.5 5
    8.879 0.5 0
  9.128 9 + 2
    6.46136 0.5 5
    9.128 0.5 0
  9.269 9 + 2
    6.60236 0.5 5
    9.269 0.5 0
  9.415 9 + 2
    6.74836 0.5 5
    9.415 0.5 0
  9.513 9 + 2
    6.84636 0.5 5
    9.513 0.5 0
  9.659 9 + 2
    6.99236 0.5 5
    9.659 0.5 0
  9.698 9 + 2
    7.03136 0.5 5
    9.698 0.5 0
  9.815 9 + 2
    7.14836 0.5 5
    9.815 0.5 0
  10.5 7 - 2
    8.78355 0.5 1
    10.5 0.5 0
  11.1 9 + 2
    8.43336 0.5 5
    11.1 0.5 0
  13.4 7 + 2
    10.8119 0.5 4
    11.3041 0.5 2

21 42 119
  0 0 + 0
  0.611051 2 + 1
    0.611051 1 0
  0.61628 14 + 1
    0.61628 1 0
  1.49043 6 + 1
    0.879379 1 1
  1.5101 10 + 1
    0.89382 1 2
  1.58631 4 + 2
    0.975259 0.913246 1
    1.58631 0.086754 0
  1.704 8 + 1
    0.11769 1 5
  1.846 6 + 2
    0.25969 0.5 5
    1.23495 0.5 1
  1.8736 0 + 1
    1.26255 1 1
  1.8889 2 + 1
    1.8889 1 0
  2.18754 6 + 2
    0.60123 0.949681 5
    1.57649 0.050319 1
  2.2227 2 + 2
    0.63639 0.5 5
    2.2227 0.5 0
  2.24614 4 + 2
    0.65983 0.949671 5
    0.75571 0.050328 3
  2.26913 2 + 4
    0.38023 0.062528 9
    0.68282 0.520884 5
    1.65808 0.218693 1
    2.26913 0.197894 0
  2.2965 6 - 1
    0.71019 1 5
  2.38906 6 + 2
    0.87896 0.8772 4
    0.89863 0.1228 3
  2.43333 10 + 2
    0.92323 0.4792 4
    0.9429 0.5208 3
  2.455 2 + 1
    2.455 1 0
  2.48659 4 + 2
    0.99616 0.2308 3
    1.87554 0.7692 1
  2.507 4 + 2
    0.92069 0.5 5
    2.507 0.5 0
  2.5351 2 + 1
    2.5351 1 0
  2.5868 4 - 1
    1.09637 1 3
  2.65098 4 - 2
    0.76208 0.0991 9
    1.06467 0.9009 5
  2.669 8 - 2
    1.1589 0.5 4
    1.17857 0.5 3
  2.726 8 - 2
    1.2159 0.5 4
    1.23557 0.5 3
  2.7953 12 - 1
    2.17902 1 2
  2.81537 8 + 3
    0.96937 0.048776 7
    1.30527 0.609751 4
    1.32494 0.341473 3
  2.8332 8 + 1
    1.24689 1 5
  2.8476 6 + 1
    1.26129 1 5
  2.883 4 - 2
    1.39257 0.5 3
    2.27195 0.5 1
  2.9104 8 + 1
    1.41997 1 3
  2.964 2 - 2
    1.37769 0.5 5
    2.964 0.5 0
  2.99553 6 + 2
    0.60647 0.2 15
    0.74939 0.8 12
  3.0228 8 - 1
    1.5127 1 4
  3.0891 10 + 1
    2.47282 1 2
  3.146 4 - 2
    1.65557 0.5 3
    2.53495 0.5 1
  3.166 6 + 2
    1.67557 0.5 3
    2.55495 0.5 1
  3.182 2 - 2
    1.59569 0.5 5
    3.182 0.5 0
  3.22382 8 - 3
    0.83476 0.4098 15
    0.97768 0.3197 12
    1.71372 0.2705 4
  3.242 14 + 2
    1.7319 0.5 4
    2.62572 0.5 2
  3.281 4 - 2
    1.79057 0.5 3
    2.66995 0.5 1
  3.32136 6 + 2
    1.83093 0.5 3
    2.71031 0.5 1
  3.3228 6 + 2
    1.8127 0.5714 4
    1.83237 0.4286 3
  3.345 4 - 2
    1.85457 0.5 3
    2.73395 0.5 1
  3.366 2 - 2
    1.77969 0.5 5
    3.366 0.5 0
  3.3927 2 + 2
    0.57733 0.5 26
    0.90611 0.5 18
  3.446 0 - 2
    1.5571 0.5 9
    2.83495 0.5 1
  3.468 4 - 2
    1.97757 0.5 3
    2.85695 0.5 1
  3.493 0 - 2
    1.6041 0.5 9
    2.88195 0.5 1
  3.512 4 - 2
    2.02157 0.5 3
    2.90095 0.5 1
  3.529 2 - 2
    1.94269 0.5 5
    3.529 0.5 0
  3.58 4 - 2
    2.08957 0.5 3
    2.96895 0.5 1
  3.602 12 + 2
    0.78663 0.5 26
    1.898 0.5 6
  3.6687 2 - 2
    1.23537 0.5 16
    1.42256 0.5 12
  3.6878 2 + 3
    1.8142 0.150394 8
    2.10149 0.75187 5
    3.6878 0.097736 0
  3.7193 4 - 1
    3.10302 1 2
  3.754 0 - 2
    1.8651 0.5 9
    3.14295 0.5 1
  3.775 6 - 2
    2.071 0.5 6
    2.18869 0.5 5
  3.796 6 + 2
    2.30557 0.5 3
    3.18495 0.5 1
  3.855 4 - 2
    2.36457 0.5 3
    3.24395 0.5 1
  3.866 2 + 2
    2.37557 0.5 3
    3.25495 0.5 1
  3.887 4 - 2
    2.39657 0.5 3
    3.27595 0.5 1
  3.9335 0 - 1
    2.34719 1 5
  4.022 2 - 2
    2.43569 0.5 5
    4.022 0.5 0
  4.04772 4 - 1
    1.65866 1 15
  4.067 6 - 2
    2.363 0.5 6
    2.48069 0.5 5
  4.175 2 - 2
    2.58869 0.5 5
    4.175 0.5 0
  4.204 4 - 2
    2.71357 0.5 3
    3.59295 0.5 1
  4.246 0 - 2
    2.3571 0.5 9
    3.63495 0.5 1
  4.262 6 - 2
    2.558 0.5 6
    2.67569 0.5 5
  4.276 2 + 2
    2.78557 0.5 3
    3.66495 0.5 1
  4.289 4 - 2
    2.79857 0.5 3
    3.67795 0.5 1
  4.37 2 + 2
    2.87957 0.5 3
    3.75895 0.5 1
  4.391 6 - 2
    2.687 0.5 6
    2.80469 0.5 5
  4.41 4 + 2
    2.82369 0.5 5
    4.41 0.5 0
  4.4688 10 - 2
    1.5584 0.5 30
    2.88249 0.5 5
  4.548 0 + 2
    2.96169 0.5 5
    4.548 0.5 0
  4.582 2 - 2
    2.99569 0.5 5
    4.582 0.5 0
  4.604 4 + 2
    3.01769 0.5 5
    4.604 0.5 0
  4.665 8 - 2
    3.1549 0.5 4
    3.17457 0.5 3
  4.704 6 + 2
    3.21357 0.5 3
    4.09295 0.5 1
  4.725 2 - 2
    3.13869 0.5 5
    4.725 0.5 0
  4.755 4 + 2
    3.16869 0.5 5
    4.755 0.5 0
  4.79 6 - 2
    3.086 0.5 6
    3.20369 0.5 5
  4.808 4 + 2
    3.22169 0.5 5
    4.808 0.5 0
  4.828 2 - 2
    3.24169 0.5 5
    4.828 0.5 0
  4.875 8 + 2
    3.171 0.5 6
    3.28869 0.5 5
  4.971 0 - 2
    3.0821 0.5 9
    4.35995 0.5 1
  5.001 6 + 2
    3.51057 0.5 3
    4.38995 0.5 1
  5.028 4 - 2
    3.53757 0.5 3
    4.41695 0.5 1
  5.048 2 + 2
    3.55757 0.5 3
    4.43695 0.5 1
  5.084 10 - 2
    2.7875 0.5 14
    3.38 0.5 6
  5.12 4 + 2
    3.53369 0.5 5
    5.12 0.5 0
  5.14 6 - 2
    3.436 0.5 6
    3.55369 0.5 5
  5.305 2 + 2
    3.81457 0.5 3
    4.69395 0.5 1
  5.326 8 - 2
    3.8159 0.5 4
    3.83557 0.5 3
  5.352 4 + 2
    3.76569 0.5 5
    5.352 0.5 0
  5.37 0 - 2
    3.4811 0.5 9
    4.75895 0.5 1
  5.38 2 + 2
    3.88957 0.5 3
    4.76895 0.5 1
  5.436 6 - 2
    3.732 0.5 6
    3.84969 0.5 5
  5.475 4 + 2
    3.88869 0.5 5
    5.475 0.5 0
  5.52 2 - 2
    3.93369 0.5 5
    5.52 0.5 0
  5.572 6 + 2
    4.08157 0.5 3
    4.96095 0.5 1
  5.635 4 - 2
    4.14457 0.5 3
    5.02395 0.5 1
  5.651 8 + 2
    3.947 0.5 6
    4.06469 0.5 5
  5.771 2 - 2
    4.18469 0.5 5
    5.771 0.5 0
  5.81 0 + 2
    4.22369 0.5 5
    5.81 0.5 0
  5.865 4 - 2
    4.37457 0.5 3
    5.25395 0.5 1
  5.966 6 + 2
    4.47557 0.5 3
    5.35495 0.5 1
  5.9958 2 - 14
    1.94808 0.076775 64
    2.77198 0.163611 38
    2.9067 0.038383 34
    2.973 0.012121 33
    3.1482 0.050514 28
    3.18043 0.038383 26
    3.34482 0.050514 22
    3.50921 0.038383 18
    3.56247 0.038383 16
    3.74966 0.076775 12
    3.80826 0.024242 10
    4.40949 0.101007 5
    4.4857 0.202014 4
    4.50537 0.088896 3
  6.05 4 + 2
    4.46369 0.5 5
    6.05 0.5 0
  6.07641 8 - 8
    2.02869 0.042304 64
    2.40771 0.042304 53
    2.75505 0.102709 41
    3.05361 0.072517 33
    3.16601 0.042304 30
    3.68735 0.178216 15
    3.80728 0.21752 13
    3.83027 0.302127 12
  6.09 6 + 2
    4.59957 0.5 3
    5.47895 0.5 1
  6.1742 2 - 9
    1.7054 0.048841 75
    2.4549 0.244207 55
    2.8514 0.097693 42
    2.95038 0.084833 38
    3.0851 0.035991 34
    3.17867 0.084833 32
    3.35883 0.110503 26
    3.3789 0.035991 25
    3.90507 0.257108 13
  6.18 4 + 2
    4.59369 0.5 5
    6.18 0.5 0
  6.2534 10 - 9
    3.1643 0.045613 34
    3.4058 0.045613 28
    3.43803 0.035092 26
    3.60242 0.175411 22
    3.82007 0.175411 16
    4.00726 0.010531 12
    4.06586 0.350921 10
    4.7433 0.080705 4
    4.76297 0.080705 3
  7.12 0 + 2
    5.53369 0.5 5
    7.12 0.5 0
  7.94 6 - 2
    6.236 0.5 6
    6.35369 0.5 5
  8.54 2 + 2
    7.04957 0.5 3
    7.92895 0.5 1

21 43 121
  0 7 - 0
  0.1514 3 + 1
    0.1514 1 0
  0.4723 3 - 2
    0.3209 0.0403 1
    0.4723 0.9597 0
  0.8452 5 - 1
    0.8452 1 0
  0.8551 1 + 2
    0.3828 0.2 2
    0.7037 0.8 1
  0.8803 5 + 2
    0.7289 0.98039 1
    0.8803 0.01961 0
  1.1584 3 + 4
    0.2781 0.200496 5
    0.3033 0.238295 4
    0.6861 0.02002 2
    1.007 0.541189 1
  1.1789 3 - 4
    0.2986 0.007148 5
    0.3337 0.121506 3
    0.7066 0.714237 2
    1.1789 0.157108 0
  1.3368 7 + 3
    0.4565 0.1824 5
    1.1854 0.6289 1
    1.3368 0.1887 0
  1.408 7 - 3
    0.5628 0.131203 3
    0.9357 0.049181 2
    1.408 0.819616 0
  1.6508 5 + 5
    0.4924 0.200706 6
    0.7705 0.072472 5
    0.7957 0.030101 4
    1.4994 0.557417 1
    1.6508 0.139304 0
  1.8107 3 - 4
    0.6318 0.3891 7
    0.9556 0.1595 4
    1.3384 0.3502 2
    1.6593 0.1012 1
  1.8299 11 - 1
    1.8299 1 0
  1.8826 5 - 2
    1.0023 0.1736 5
    1.8826 0.8264 0
  1.9314 9 + 3
    0.5946 0.210997 8
    1.0511 0.781191 5
    1.9314 0.007812 0
  1.9629 5 - 3
    0.784 0.130196 7
    0.8045 0.030229 6
    1.4906 0.839575 2
  2.0943 3 - 6
    0.9154 0.33003 7
    1.214 0.099019 5
    1.2392 0.181516 4
    1.2491 0.10891 3
    1.622 0.10891 2
    1.9429 0.171615 1
  2.106 3 + 4
    0.4552 0.1063 10
    0.9476 0.2062 6
    1.2257 0.625 5
    1.9546 0.0625 1
  2.1143 5 + 2
    0.9559 0.4414 6
    1.9629 0.5586 1
  2.1417 3 - 8
    0.4909 0.121407 10
    0.9628 0.019171 7
    0.9833 0.047923 6
    1.2614 0.319519 5
    1.2866 0.038342 4
    1.6694 0.15971 2
    1.9903 0.236414 1
    2.1417 0.057513 0
  2.2426 3 - 3
    1.3974 0.25 3
    1.7703 0.5682 2
    2.2426 0.1818 0
  2.2883 5 - 5
    0.8803 0.01044 9
    1.4431 0.01233 3
    1.816 0.008539 2
    2.1369 0.019919 1
    2.2883 0.948772 0
  2.3354 5 - 1
    2.3354 1 0
  2.3827 3 + 2
    0.7319 0.6897 10
    1.5276 0.3103 4
  2.4586 9 - 1
    2.4586 1 0
  2.5525 11 + 2
    0.6211 0.6098 14
    1.2157 0.3902 8
  2.58 5 - 3
    1.4216 0.270827 6
    1.6997 0.208321 5
    2.4286 0.520852 1
  2.6354 9 - 3
    0.8055 0.1687 12
    1.2274 0.2289 9
    2.6354 0.6024 0
  2.657 1 + 2
    1.8019 0.5 4
    2.1847 0.5 2
  2.6703 3 - 4
    1.4914 0.078428 7
    1.79 0.210794 5
    1.8152 0.490185 4
    2.198 0.220593 2
  2.76 9 - 1
    2.76 1 0
  2.7952 1 + 4
    1.3872 0.1429 9
    1.95 0.3452 3
    2.6438 0.1151 1
    2.7952 0.3968 0
  2.8107 5 - 3
    0.7047 0.350235 17
    1.4739 0.460846 8
    2.8107 0.188919 0
  2.84 5 + 4
    0.4573 0.151885 23
    1.5032 0.370363 8
    1.9597 0.159284 5
    2.84 0.318468 0
  2.8462 3 - 1
    2.8462 1 0
  2.861 5 + 5
    1.2102 0.061411 10
    1.6821 0.070181 7
    1.7026 0.100901 6
    1.9807 0.438604 5
    2.7096 0.328903 1
  2.875 7 - 1
    2.7236 1 1
  2.93 3 + 2
    2.0848 0.5 3
    2.7786 0.5 1
  2.9849 5 + 4
    1.806 0.1293 7
    2.1046 0.27 5
    2.1397 0.2205 3
    2.8335 0.3802 1
  2.9874 15 - 1
    1.1575 1 12
  3.1232 19 - 1
    0.1358 1 39
  3.1406 13 + 1
    1.2092 1 14
  3.1588 1 + 3
    2.2785 0.2101 5
    3.0074 0.3697 1
    3.1588 0.4202 0
  3.1976 1 + 1
    2.7253 1 2
  3.2598 1 + 2
    1.4299 0.04031 12
    3.2598 0.95969 0
  3.2929 7 - 5
    1.3615 0.2985 14
    1.4822 0.06866 11
    2.114 0.2418 7
    2.4126 0.09254 5
    2.4477 0.2985 3
  3.3272 1 + 1
    3.3272 1 0
  3.332 7 + 7
    1.3691 0.019941 15
    1.5213 0.061734 11
    2.1531 0.474829 7
    2.1736 0.208913 6
    2.4868 0.137709 3
    2.8597 0.090226 2
    3.332 0.006648 0
  3.3752 1 + 5
    1.4926 0.1592 13
    1.5453 0.1892 12
    1.9672 0.3003 9
    2.0384 0.1201 8
    3.3752 0.2312 0
  3.4515 5 + 5
    1.6408 0.543262 11
    2.5712 0.201186 5
    2.6063 0.090534 3
    3.3001 0.110692 1
    3.4515 0.054326 0
  3.4633 5 - 2
    2.583 0.2701 5
    3.3119 0.7299 1
  3.48 7 + 2
    2.6348 0.5 3
    3.3286 0.5 1
  3.503 7 - 2
    2.6578 0.5 3
    3.503 0.5 0
  3.613 1 + 2
    2.7579 0.5 4
    3.1407 0.5 2
  3.6315 3 + 1
    3.6315 1 0
  3.6454 1 - 4
    1.6825 0.1293 15
    1.9946 0.251 10
    2.4665 0.3802 7
    2.7651 0.2395 5
  3.683 3 + 3
    2.8027 0.1381 5
    2.8378 0.3094 3
    3.5316 0.5525 1
  3.7 7 - 2
    3.2277 0.5 2
    3.7 0.5 0
  3.7338 1 + 3
    1.4455 0.333333 21
    2.3258 0.333333 9
    2.8886 0.333333 3
  3.7547 15 + 1
    0.6141 1 41
  3.757 3 - 2
    3.6056 0.6993 1
    3.757 0.3007 0
  3.8066 7 - 3
    2.4698 0.150915 8
    2.9263 0.628963 5
    3.3343 0.220122 2
  3.843 9 + 1
    2.9978 1 3
  3.86 3 - 1
    3.7086 1 1
  3.894 1 + 2
    3.0389 0.5 4
    3.4217 0.5 2
  3.939 5 - 2
    3.0938 0.5 3
    3.7876 0.5 1
  3.949 3 + 2
    3.1038 0.5 3
    3.7976 0.5 1
  4.007 7 - 4
    3.1267 0.2492 5
    3.1519 0.3003 4
    3.5347 0.1502 2
    3.8556 0.3003 1
  4.038 7 - 2
    2.1066 0.5988 14
    3.5657 0.4012 2
  4.138 5 + 2
    3.6657 0.5 2
    4.138 0.5 0
  4.157 3 + 1
    1.6045 1 25
  4.211 1 - 2
    3.3658 0.5 3
    4.0596 0.5 1
  4.236 7 - 2
    3.7637 0.5 2
    4.236 0.5 0
  4.276 9 + 2
    3.3957 0.5 5
    4.276 0.5 0
  4.36 17 - 1
    0.6053 1 59
  4.371 3 + 5
    2.265 0.151 17
    2.7202 0.1306 10
    2.963 0.2 9
    3.0342 0.4082 8
    3.4907 0.1102 5
  4.382 5 + 2
    3.9097 0.5 2
    4.382 0.5 0
  4.43 1 - 3
    3.2511 0.4 7
    3.2716 0.3 6
    3.5497 0.3 5
  4.455 3 + 1
    4.455 1 0
  4.511 5 - 2
    3.6658 0.5 3
    4.3596 0.5 1
  4.555 1 + 2
    3.6999 0.5 4
    4.0827 0.5 2
  4.584 3 - 2
    4.1117 0.5 2
    4.584 0.5 0
  4.665 5 + 2
    4.1927 0.5 2
    4.665 0.5 0
  4.7 15 + 2
    0.9453 0.5 59
    2.1475 0.5 25
  4.72 3 - 2
    4.2477 0.5 2
    4.72 0.5 0
  4.766 9 - 2
    3.4292 0.5 8
    3.9208 0.5 3
  4.817 5 + 2
    4.3447 0.5 2
    4.817 0.5 0
  4.875 1 - 2
    4.0298 0.5 3
    4.7236 0.5 1
  4.895 7 + 2
    4.0498 0.5 3
    4.7436 0.5 1
  4.942 3 - 2
    4.4697 0.5 2
    4.942 0.5 0
  5.022 5 + 2
    4.5497 0.5 2
    5.022 0.5 0
  5.187 11 - 2
    3.779 0.5 9
    5.187 0.5 0
  5.2 17 + 2
    2.0768 0.5 40
    2.2126 0.5 39
  5.236 3 - 2
    4.7637 0.5 2
    5.236 0.5 0
  5.262 1 + 2
    4.4069 0.5 4
    4.7897 0.5 2
  5.327 5 - 2
    4.4818 0.5 3
    5.1756 0.5 1
  5.461 7 + 2
    4.6158 0.5 3
    5.3096 0.5 1
  5.49 3 - 2
    5.0177 0.5 2
    5.49 0.5 0
  5.5173 19 + 1
    2.3941 1 40
  5.53 1 - 2
    4.6848 0.5 3
    5.3786 0.5 1
  5.641 5 + 2
    5.1687 0.5 2
    5.641 0.5 0
  5.72 3 - 2
    5.2477 0.5 2
    5.72 0.5 0
  5.822 7 + 2
    4.9768 0.5 3
    5.6706 0.5 1
  5.871 9 - 2
    4.5342 0.5 8
    5.0258 0.5 3
  5.919 3 + 2
    5.0738 0.5 3
    5.7676 0.5 1
  5.976 5 - 2
    5.1308 0.5 3
    5.8246 0.5 1
  6.032 1 + 2
    5.1769 0.5 4
    5.5597 0.5 2
  6.079 5 - 2
    5.2338 0.5 3
    5.9276 0.5 1
  6.105 3 + 2
    5.2598 0.5 3
    5.9536 0.5 1
  6.143 3 - 2
    5.6707 0.5 2
    6.143 0.5 0
  6.217 7 + 2
    5.3718 0.5 3
    6.0656 0.5 1
  6.282 1 - 2
    5.4368 0.5 3
    6.1306 0.5 1
  6.384 5 + 2
    5.9117 0.5 2
    6.384 0.5 0
  6.4287 23 + 2
    0.9114 0.930237 98
    3.3055 0.069763 40
  6.444 7 - 2
    5.9717 0.5 2
    6.444 0.5 0
  6.685 1 - 2
    5.8398 0.5 3
    6.5336 0.5 1
  6.696 5 + 2
    6.2237 0.5 2
    6.696 0.5 0
  6.71 1 - 2
    5.8648 0.5 3
    6.5586 0.5 1
  6.811 3 + 2
    5.9658 0.5 3
    6.6596 0.5 1
  6.917 9 - 2
    5.5802 0.5 8
    6.0718 0.5 3
  7.3549 25 + 1
    0.9262 1 113

21 44 114
  0 4 + 0
  0.067868 2 - 1
    0.067868 1 0
  0.146224 0 - 2
    0.078356 0.999036 1
    0.146224 0.000964 0
  0.2347 4 - 2
    0.166832 0.3109 1
    0.2347 0.6891 0
  0.27095 12 + 1
    0.27095 1 0
  0.34984 8 + 1
    0.34984 1 0
  0.42477 6 - 3
    0.19007 0.260326 3
    0.356902 0.578158 1
    0.42477 0.161516 0
  0.5312 6 + 4
    0.18136 0.019659 5
    0.2965 0.490276 3
    0.463332 0.098085 1
    0.5312 0.39198 0
  0.63094 8 - 3
    0.20617 0.088327 6
    0.2811 0.489985 5
    0.39624 0.421687 3
  0.6667 2 + 1
    0.6667 1 0
  0.725 10 - 2
    0.37516 0.5 5
    0.45405 0.5 4
  0.7631 6 + 2
    0.41326 0.0741 5
    0.7631 0.9259 0
  0.968 14 + 1
    0.69705 1 4
  0.9867 6 + 1
    0.9867 1 0
  1.0063 6 - 4
    0.37536 0.2964 8
    0.58153 0.3367 6
    0.65646 0.1885 5
    0.7716 0.1784 3
  1.05 6 + 1
    0.70016 1 5
  1.142 4 - 2
    0.9073 0.5 3
    0.995776 0.5 2
  1.1858 6 + 2
    0.83596 0.5988 5
    1.1858 0.4012 0
  1.19728 10 - 3
    0.56634 0.4202 8
    0.77251 0.2689 6
    0.92633 0.3109 4
  1.303 2 - 2
    1.23513 0.5 1
    1.303 0.5 0
  1.326 6 + 2
    0.97616 0.5587 5
    1.326 0.4413 0
  1.427 4 - 4
    1.00223 0.240376 6
    1.1923 0.158784 3
    1.35913 0.171683 1
    1.427 0.429157 0
  1.507 6 + 2
    0.7439 0.2481 11
    1.23605 0.7519 4
  1.532 10 + 1
    1.26105 1 4
  1.567 6 - 1
    1.567 1 0
  1.595 8 + 2
    0.545 0.5 15
    0.6083 0.5 13
  1.6483 0 + 1
    1.58043 1 1
  1.6516 2 - 1
    1.6516 1 0
  1.6806 6 + 1
    1.61273 1 1
  1.685 8 - 2
    1.1538 0.5 7
    1.4503 0.5 3
  1.731 10 - 1
    0.681 1 15
  1.7676 6 + 2
    1.69973 0.6667 1
    1.7676 0.3333 0
  1.811 4 - 2
    1.5763 0.5 3
    1.66478 0.5 2
  1.866 10 + 2
    1.23506 0.5 8
    1.3348 0.5 7
  1.903 2 - 2
    1.83513 0.5 1
    1.903 0.5 0
  1.957 4 + 2
    1.88913 0.5 1
    1.957 0.5 0
  1.986 6 - 2
    1.91813 0.5 1
    1.986 0.5 0
  2.031 8 - 2
    1.4998 0.5 7
    1.7963 0.5 3
  2.104 2 - 2
    2.03613 0.5 1
    2.104 0.5 0
  2.115 4 + 2
    2.04713 0.5 1
    2.115 0.5 0
  2.179 4 - 2
    1.9443 0.5 3
    2.03278 0.5 2
  2.213 8 - 2
    1.6818 0.5 7
    1.9783 0.5 3
  2.241 4 + 2
    2.17313 0.5 1
    2.241 0.5 0
  2.291 2 + 2
    2.0563 0.5 3
    2.14478 0.5 2
  2.333 2 - 2
    2.26513 0.5 1
    2.333 0.5 0
  2.383 4 + 2
    2.31513 0.5 1
    2.383 0.5 0
  2.424 2 - 2
    2.35613 0.5 1
    2.424 0.5 0
  2.474 0 + 2
    2.40613 0.5 1
    2.474 0.5 0
  2.49 8 - 2
    1.9588 0.5 7
    2.2553 0.5 3
  2.524 4 + 2
    2.45613 0.5 1
    2.524 0.5 0
  2.556 2 - 2
    2.48813 0.5 1
    2.556 0.5 0
  2.582 4 + 2
    2.51413 0.5 1
    2.582 0.5 0
  2.615 2 - 2
    2.54713 0.5 1
    2.615 0.5 0
  2.634 0 + 2
    2.56613 0.5 1
    2.634 0.5 0
  2.6713 18 + 1
    1.7033 1 12
  2.703 4 - 2
    2.4683 0.5 3
    2.55678 0.5 2
  2.751 2 - 2
    2.68313 0.5 1
    2.751 0.5 0
  2.783 0 + 2
    2.71513 0.5 1
    2.783 0.5 0
  2.845 4 - 2
    2.6103 0.5 3
    2.69878 0.5 2
  2.878 2 + 2
    2.6433 0.5 3
    2.73178 0.5 2
  2.915 4 - 2
    2.6803 0.5 3
    2.76878 0.5 2
  2.98 2 + 2
    2.7453 0.5 3
    2.83378 0.5 2
  2.999 4 - 2
    2.7643 0.5 3
    2.85278 0.5 2
  3.035 0 + 2
    2.96713 0.5 1
    3.035 0.5 0
  3.049 2 - 2
    2.98113 0.5 1
    3.049 0.5 0
  3.071 4 + 2
    3.00313 0.5 1
    3.071 0.5 0
  3.097 2 - 2
    3.02913 0.5 1
    3.097 0.5 0
  3.152 4 + 2
    3.08413 0.5 1
    3.152 0.5 0
  3.176 8 - 2
    2.6448 0.5 7
    2.9413 0.5 3
  3.204 6 + 2
    2.6728 0.5 7
    2.9693 0.5 3
  3.281 0 - 2
    3.0463 0.5 3
    3.13478 0.5 2
  3.321 2 + 2
    3.0863 0.5 3
    3.17478 0.5 2
  3.37 4 - 2
    3.1353 0.5 3
    3.22378 0.5 2
  3.427 6 + 2
    2.8958 0.5 7
    3.1923 0.5 3
  3.439 2 - 2
    3.37113 0.5 1
    3.439 0.5 0
  3.483 4 + 2
    3.41513 0.5 1
    3.483 0.5 0
  3.5668 22 + 1
    0.8955 1 54
  3.568 8 - 2
    3.0368 0.5 7
    3.3333 0.5 3
  3.626 6 - 2
    3.55813 0.5 1
    3.626 0.5 0
  3.72 4 + 2
    3.65213 0.5 1
    3.72 0.5 0
  3.851 2 - 2
    3.78313 0.5 1
    3.851 0.5 0
  3.9 0 + 2
    3.83213 0.5 1
    3.9 0.5 0
  3.967 4 + 2
    3.89913 0.5 1
    3.967 0.5 0
  3.9751 2 - 1
    0.4083 1 76
  4.024 6 - 2
    3.95613 0.5 1
    4.024 0.5 0
  4.038 8 + 2
    3.76705 0.5 4
    4.038 0.5 0
  4.053 4 - 2
    3.8183 0.5 3
    3.90678 0.5 2
  4.087 2 + 2
    3.8523 0.5 3
    3.94078 0.5 2
  4.113 6 - 1
    0.5462 1 76
  4.15 0 + 2
    4.08213 0.5 1
    4.15 0.5 0
  4.185 4 - 2
    3.9503 0.5 3
    4.03878 0.5 2
  4.254 2 + 2
    4.0193 0.5 3
    4.10778 0.5 2
  4.293 12 - 2
    3.325 0.5 12
    3.66206 0.5 8
  4.33 6 + 2
    3.7988 0.5 7
    4.0953 0.5 3
  4.363 4 - 2
    4.1283 0.5 3
    4.21678 0.5 2
  4.391 8 + 2
    4.12005 0.5 4
    4.391 0.5 0
  4.461 2 - 2
    4.39313 0.5 1
    4.461 0.5 0
  4.5 4 + 2
    4.43213 0.5 1
    4.5 0.5 0
  4.533 6 - 2
    4.46513 0.5 1
    4.533 0.5 0
  4.56 2 + 2
    4.3253 0.5 3
    4.41378 0.5 2
  4.595 0 - 2
    4.3603 0.5 3
    4.44878 0.5 2
  4.622 4 + 2
    4.55413 0.5 1
    4.622 0.5 0
  4.645 8 - 2
    4.1138 0.5 7
    4.4103 0.5 3
  4.697 6 + 2
    4.1658 0.5 7
    4.4623 0.5 3
  4.746 2 - 2
    4.67813 0.5 1
    4.746 0.5 0
  4.762 4 + 2
    4.69413 0.5 1
    4.762 0.5 0
  4.82 6 - 2
    4.75213 0.5 1
    4.82 0.5 0
  5.012 2 + 2
    4.7773 0.5 3
    4.86578 0.5 2
  5.277 4 - 2
    5.0423 0.5 3
    5.13078 0.5 2
  5.336 0 + 2
    5.26813 0.5 1
    5.336 0.5 0
  5.526 8 - 2
    4.9948 0.5 7
    5.2913 0.5 3
  5.553 10 + 2
    4.92206 0.5 8
    5.0218 0.5 7
  5.608 2 - 2
    5.54013 0.5 1
    5.608 0.5 0
  5.716 4 + 2
    5.64813 0.5 1
    5.716 0.5 0

21 45 244
  0 7 - 0
  0.0124 3 + 1
    0.0124 1 0
  0.3765 3 - 2
    0.3641 0.916509 1
    0.3765 0.083491 0
  0.54306 5 + 3
    0.16656 0.109611 2
    0.53066 0.522252 1
    0.54306 0.368137 0
  0.72012 5 - 2
    0.70772 0.034748 1
    0.72012 0.965252 0
  0.93924 1 + 2
    0.56274 0.1729 2
    0.92684 0.8271 1
  0.97438 7 + 3
    0.43132 0.1031 3
    0.96198 0.3145 1
    0.97438 0.5824 0
  1.0676 3 - 3
    0.34748 0.229591 4
    0.6911 0.74007 2
    1.0676 0.030339 0
  1.2367 11 - 1
    1.2367 1 0
  1.30318 3 + 3
    0.76012 0.4566 3
    0.92668 0.2055 2
    1.29078 0.3379 1
  1.3542 11 - 1
    1.3542 1 0
  1.40887 7 - 3
    0.68875 0.065897 4
    1.03237 0.043638 2
    1.40887 0.890464 0
  1.43349 9 + 4
    0.19679 0.0271 8
    0.45911 0.1825 6
    0.89043 0.6756 3
    1.43349 0.1148 0
  1.4725 7 + 2
    0.75238 0.5 4
    1.4725 0.5 0
  1.5562 3 - 3
    0.4886 0.872617 7
    0.61696 0.077652 5
    1.1797 0.049731 2
  1.662 9 - 4
    0.25313 0.089156 11
    0.4253 0.130195 8
    0.94188 0.095876 4
    1.662 0.684773 0
  1.716 1 + 2
    1.17294 0.5 3
    1.3395 0.5 2
  1.8 5 + 7
    0.49682 0.122007 9
    0.7324 0.031482 7
    1.07988 0.031482 4
    1.25694 0.244015 3
    1.4235 0.090515 2
    1.7876 0.393524 1
    1.8 0.086975 0
  1.9007 3 + 1
    0.8331 1 7
  1.9306 3 + 1
    0.99136 1 5
  1.9355 11 + 1
    1.9355 1 0
  1.98335 1 + 1
    1.60685 1 2
  2.0312 11 + 3
    0.59771 0.476229 12
    0.7945 0.057143 8
    1.05682 0.466628 6
  2.09 15 - 2
    0.7358 0.5 10
    0.8533 0.5 8
  2.093 5 + 3
    1.0254 0.099666 7
    1.7165 0.069767 2
    2.093 0.830567 0
  2.1062 3 - 1
    1.0386 1 7
  2.12235 15 - 1
    0.88565 1 8
  2.1384 5 + 2
    0.5822 0.2857 14
    2.1384 0.7143 0
  2.151 3 + 2
    0.84782 0.099918 9
    2.1386 0.900082 1
  2.1869 3 - 3
    0.6307 0.4 14
    1.1193 0.208 7
    1.64384 0.392 3
  2.2218 3 - 2
    2.2094 0.6803 1
    2.2218 0.3197 0
  2.2242 5 + 4
    0.79071 0.218778 12
    0.92102 0.10159 9
    1.50408 0.390561 4
    1.68114 0.289071 3
  2.2885 7 - 3
    1.0518 0.341666 8
    1.31412 0.241676 6
    2.2885 0.416658 0
  2.3038 5 - 4
    0.6418 0.086836 15
    1.2362 0.347224 7
    1.9273 0.319422 2
    2.2914 0.246517 1
  2.3215 5 + 2
    2.3091 0.6897 1
    2.3215 0.3103 0
  2.341 7 - 3
    0.93213 0.4115 11
    1.62088 0.177 4
    2.341 0.4115 0
  2.3522 5 - 5
    0.796 0.205798 14
    1.2846 0.087569 7
    1.63208 0.437796 4
    2.3398 0.245198 1
    2.3522 0.02364 0
  2.385 1 - 2
    1.66488 0.5 4
    2.3726 0.5 1
  2.531 1 + 3
    1.22782 0.14 9
    1.98794 0.5 3
    2.5186 0.36 1
  2.5632 13 + 4
    0.44085 0.1884 26
    0.532 0.1525 22
    1.12971 0.4484 12
    1.3265 0.2107 8
  2.59 5 + 5
    1.0338 0.124999 14
    1.5224 0.217898 7
    1.86988 0.060709 4
    2.2135 0.357096 2
    2.59 0.239298 0
  2.6014 5 - 5
    1.0452 0.093464 14
    1.5338 0.311512 7
    2.05834 0.109004 3
    2.2249 0.174507 2
    2.589 0.311512 1
  2.634 1 - 2
    1.91388 0.5 4
    2.6216 0.5 1
  2.7 1 - 2
    1.97988 0.5 4
    2.6876 0.5 1
  2.747 7 - 2
    2.3705 0.5 2
    2.747 0.5 0
  2.7787 3 - 2
    2.05858 0.3197 4
    2.4022 0.6803 2
  2.8607 3 - 2
    1.55752 0.5 9
    2.14058 0.5 4
  2.8952 5 + 1
    2.35214 1 3
  2.9038 5 + 2
    1.8362 0.6211 7
    2.36074 0.3789 3
  2.943 5 + 2
    2.5665 0.5 2
    2.943 0.5 0
  2.96 9 + 2
    2.41694 0.5 3
    2.96 0.5 0
  2.964 5 + 2
    1.98962 0.5 6
    2.02476 0.5 5
  2.9798 3 - 2
    1.4236 0.5208 14
    2.6033 0.4792 2
  3.0255 3 - 4
    0.8037 0.126604 30
    0.9325 0.036571 24
    2.30538 0.133604 4
    2.649 0.703221 2
  3.059 1 + 2
    2.51594 0.5 3
    2.6825 0.5 2
  3.092 1 + 2
    2.0244 0.5814 7
    2.54894 0.4186 3
  3.104 3 + 1
    3.104 1 0
  3.1112 7 + 1
    1.08 1 22
  3.1363 5 - 2
    2.41618 0.5 4
    3.1239 0.5 1
  3.1591 9 - 1
    1.03675 1 26
  3.198 1 - 2
    2.47788 0.5 4
    3.1856 0.5 1
  3.224 7 - 2
    2.8475 0.5 2
    3.224 0.5 0
  3.283 1 + 2
    2.73994 0.5 3
    2.9065 0.5 2
  3.2949 15 + 2
    0.7317 0.6173 39
    1.2637 0.3827 22
  3.329 7 + 2
    2.60888 0.5 4
    3.3166 0.5 1
  3.349 9 + 2
    2.80594 0.5 3
    3.349 0.5 0
  3.3635 15 - 3
    1.24115 0.333333 26
    2.0093 0.333333 10
    2.1268 0.333333 8
  3.3664 5 - 1
    1.95753 1 11
  3.4 3 - 2
    3.0235 0.5 2
    3.4 0.5 0
  3.443 1 + 2
    2.89994 0.5 3
    3.0665 0.5 2
  3.457 5 - 2
    2.2203 0.5 8
    2.51776 0.5 5
  3.4621 3 - 1
    3.0856 1 2
  3.475 7 + 2
    2.75488 0.5 4
    3.4626 0.5 1
  3.4874 3 - 3
    2.76728 0.3384 4
    3.1109 0.2814 2
    3.4874 0.3802 0
  3.5252 1 + 2
    1.969 0.3007 14
    3.5252 0.6993 0
  3.5485 9 - 2
    3.00544 0.5714 3
    3.5361 0.4286 1
  3.5696 17 - 1
    1.44725 1 26
  3.581 3 + 2
    2.86088 0.5 4
    3.5686 0.5 1
  3.584 7 + 1
    2.64476 1 5
  3.606 1 + 2
    3.06294 0.5 3
    3.2295 0.5 2
  3.6929 19 - 2
    0.1233 0.1749 76
    1.57055 0.8251 26
  3.7143 5 - 2
    1.6213 0.3902 24
    2.1581 0.6098 14
  3.7223 3 + 1
    3.3458 1 2
  3.776 7 + 2
    3.05588 0.5 4
    3.7636 0.5 1
  3.864 3 - 2
    3.4875 0.5 2
    3.864 0.5 0
  3.882 1 - 2
    2.57882 0.4413 9
    3.5055 0.5587 2
  3.89 5 + 2
    3.5135 0.5 2
    3.89 0.5 0
  3.916 3 - 2
    3.5395 0.5 2
    3.916 0.5 0
  3.938 5 + 2
    3.5615 0.5 2
    3.938 0.5 0
  3.982 9 - 2
    3.00762 0.5 6
    3.26188 0.5 4
  4.031 7 + 2
    3.31088 0.5 4
    4.0186 0.5 1
  4.034 1 - 2
    3.31388 0.5 4
    4.0216 0.5 1
  4.0554 17 + 3
    0.7605 0.048133 63
    1.4922 0.417129 39
    1.93305 0.534737 26
  4.0849 3 - 1
    3.14566 1 5
  4.129 5 + 2
    3.7525 0.5 2
    4.129 0.5 0
  4.178 3 - 2
    3.8015 0.5 2
    4.178 0.5 0
  4.244 7 + 2
    3.52388 0.5 4
    4.2316 0.5 1
  4.307 5 - 2
    3.58688 0.5 4
    4.2946 0.5 1
  4.36 1 + 2
    3.81694 0.5 3
    3.9835 0.5 2
  4.424 3 - 2
    4.0475 0.5 2
    4.424 0.5 0
  4.464 5 + 2
    4.0875 0.5 2
    4.464 0.5 0
  4.505 9 - 2
    1.401 0.6098 56
    3.4374 0.3902 7
  4.546 1 + 2
    4.00294 0.5 3
    4.1695 0.5 2
  4.61 7 - 2
    4.2335 0.5 2
    4.61 0.5 0
  4.636 3 + 2
    3.91588 0.5 4
    4.6236 0.5 1
  4.662 5 - 1
    4.2855 1 2
  4.69 3 + 2
    3.96988 0.5 4
    4.6776 0.5 1
  4.713 1 - 2
    3.99288 0.5 4
    4.7006 0.5 1
  4.739 7 + 2
    4.01888 0.5 4
    4.7266 0.5 1
  4.774 5 - 2
    4.05388 0.5 4
    4.7616 0.5 1
  4.801 3 + 2
    4.08088 0.5 4
    4.7886 0.5 1
  4.824 9 - 2
    3.84962 0.5 6
    4.10388 0.5 4
  4.869 1 + 2
    4.32594 0.5 3
    4.4925 0.5 2
  4.8954 19 + 2
    0.84 0.1667 92
    1.6005 0.8333 63
  4.919 5 - 2
    4.19888 0.5 4
    4.9066 0.5 1
  4.95 17 + 2
    2.82765 0.5 26
    2.86 0.5 23
  4.965 3 - 2
    4.5885 0.5 2
    4.965 0.5 0
  5.009 7 - 2
    4.6325 0.5 2
    5.009 0.5 0
  5.049 5 + 2
    4.6725 0.5 2
    5.049 0.5 0
  5.084 3 - 2
    4.7075 0.5 2
    5.084 0.5 0
  5.125 1 + 2
    4.58194 0.5 3
    4.7485 0.5 2
  5.169 7 - 2
    4.7925 0.5 2
    5.169 0.5 0
  5.219 5 + 2
    4.8425 0.5 2
    5.219 0.5 0
  5.261 3 - 2
    4.8845 0.5 2
    5.261 0.5 0
  5.299 1 + 2
    4.75594 0.5 3
    4.9225 0.5 2
  5.374 3 - 2
    4.9975 0.5 2
    5.374 0.5 0
  5.4183 23 - 1
    1.7254 1 80
  5.4315 5 + 2
    5.055 0.5 2
    5.4315 0.5 0
  5.444 7 + 2
    4.72388 0.5 4
    5.4316 0.5 1
  5.504 9 - 2
    4.52962 0.5 6
    4.78388 0.5 4
  5.5164 19 - 4
    1.8235 0.25 80
    1.9468 0.25 76
    2.1529 0.25 66
    3.39405 0.25 26
  5.574 3 + 2
    4.85388 0.5 4
    5.5616 0.5 1
  5.604 5 + 2
    5.2275 0.5 2
    5.604 0.5 0
  5.669 1 - 2
    4.94888 0.5 4
    5.6566 0.5 1
  5.6968 21 + 2
    1.6414 0.5618 92
    2.0039 0.4382 80
  5.7106 21 - 3
    0.2923 0.333333 126
    2.0177 0.333333 80
    2.141 0.333333 76
  5.774 3 + 2
    5.05388 0.5 4
    5.7616 0.5 1
  5.81 5 - 2
    5.08988 0.5 4
    5.7976 0.5 1
  5.834 7 + 2
    5.11388 0.5 4
    5.8216 0.5 1
  5.931 3 - 2
    5.5545 0.5 2
    5.931 0.5 0
  5.964 1 + 2
    5.42094 0.5 3
    5.5875 0.5 2
  5.971 5 - 2
    5.25088 0.5 4
    5.9586 0.5 1
  6.004 3 + 2
    5.28388 0.5 4
    5.9916 0.5 1
  6.031 7 - 2
    5.6545 0.5 2
    6.031 0.5 0
  6.119 1 + 2
    5.57594 0.5 3
    5.7425 0.5 2
  6.179 5 - 2
    5.45888 0.5 4
    6.1666 0.5 1
  6.202 3 + 2
    5.48188 0.5 4
    6.1896 0.5 1
  6.244 9 - 2
    5.26962 0.5 6
    5.52388 0.5 4
  6.332 5 + 2
    5.9555 0.5 2
    6.332 0.5 0
  6.369 7 - 2
    5.9925 0.5 2
    6.369 0.5 0
  6.438 1 + 2
    5.89494 0.5 3
    6.0615 0.5 2
  6.476 3 - 2
    6.0995 0.5 2
    6.476 0.5 0
  6.551 5 + 2
    6.1745 0.5 2
    6.551 0.5 0
  6.609 3 - 2
    6.2325 0.5 2
    6.609 0.5 0
  6.667 1 + 2
    6.12394 0.5 3
    6.2905 0.5 2
  6.6839 23 + 2
    0.9871 0.1379 134
    1.7885 0.8621 113
  6.699 7 - 2
    6.3225 0.5 2
    6.699 0.5 0
  6.75 5 - 2
    6.02988 0.5 4
    6.7376 0.5 1
  6.7855 3 + 2
    6.06538 0.5 4
    6.7731 0.5 1
  6.82 9 - 2
    5.84562 0.5 6
    6.09988 0.5 4
  7.6126 23 - 4
    1.902 0.25 135
    2.0962 0.25 130
    2.1943 0.25 126
    3.9197 0.25 80
  7.65 5 + 2
    7.2735 0.5 2
    7.65 0.5 0
  7.6963 3 + 1
    1.9857 1 135
  7.711 1 - 20
    3.9887 0.062226 82
    4.2236 0.012079 73
    4.5747 0.024527 58
    4.607 0.012079 56
    4.7312 0.062226 52
    4.8072 0.012079 48
    4.8158 0.024527 47
    4.9323 0.084192 45
    5.1096 0.012079 41
    5.121 0.036601 40
    5.18 0.036601 38
    5.3588 0.012079 36
    5.4072 0.024527 33
    5.5241 0.012079 29
    5.56 0.012079 28
    5.618 0.024527 24
    6.40782 0.012079 9
    6.6434 0.036601 7
    6.77176 0.366015 5
    6.99088 0.120793 4
  7.7125 7 + 20
    3.9902 0.062226 82
    4.2251 0.012079 73
    4.5762 0.024527 58
    4.6085 0.012079 56
    4.7327 0.062226 52
    4.8087 0.012079 48
    4.8173 0.024527 47
    4.9338 0.084192 45
    5.1111 0.012079 41
    5.1225 0.036601 40
    5.1815 0.036601 38
    5.3603 0.012079 36
    5.4087 0.024527 33
    5.5256 0.012079 29
    5.5615 0.012079 28
    5.6195 0.024527 24
    6.40932 0.012079 9
    6.6449 0.036601 7
    6.77326 0.366015 5
    6.99238 0.120793 4
  7.7149 3 - 20
    3.9926 0.062226 82
    4.2275 0.012079 73
    4.5786 0.024527 58
    4.6109 0.012079 56
    4.7351 0.062226 52
    4.8111 0.012079 48
    4.8197 0.024527 47
    4.9362 0.084192 45
    5.1135 0.012079 41
    5.1249 0.036601 40
    5.1839 0.036601 38
    5.3627 0.012079 36
    5.4111 0.024527 33
    5.528 0.012079 29
    5.5639 0.012079 28
    5.6219 0.024527 24
    6.41172 0.012079 9
    6.6473 0.036601 7
    6.77566 0.366015 5
    6.99478 0.120793 4
  7.725 3 - 20
    3.743 0.032278 89
    4.0027 0.053258 82
    4.3586 0.043577 67
    4.5887 0.032278 58
    4.633 0.043577 55
    4.8298 0.043577 47
    4.9463 0.085547 45
    5.1236 0.032278 41
    5.135 0.053258 40
    5.194 0.053258 38
    5.4212 0.096846 33
    5.5381 0.032278 29
    5.574 0.032278 28
    5.632 0.064556 24
    6.1688 0.005326 14
    6.42182 0.005326 9
    6.6574 0.032278 7
    6.78576 0.032278 5
    7.00488 0.064556 4
    7.18194 0.161391 3
  7.7744 3 + 20
    3.6895 0.020408 93
    3.9104 0.060361 84
    4.0601 0.10348 81
    4.1904 0.040241 78
    4.2259 0.040241 75
    4.2492 0.040241 74
    4.287 0.060361 73
    4.3123 0.040241 71
    4.408 0.020408 67
    4.6632 0.040241 57
    4.6704 0.060361 56
    4.6824 0.020408 55
    4.7489 0.1236 53
    4.7946 0.040241 52
    4.8104 0.020408 51
    4.8706 0.10348 48
    4.8792 0.020408 47
    4.9957 0.020408 45
    5.173 0.083359 41
    5.2434 0.041104 38
  7.9293 25 + 2
    2.2325 0.2424 134
    2.511 0.7576 126
  8.0034 5 - 1
    2.5851 1 126
  8.1116 3 - 8
    3.4496 0.132308 105
    3.6066 0.123307 101
    4.2296 0.224213 85
    6.0186 0.204012 24
    7.17236 0.051573 5
    7.39148 0.060544 4
    7.7351 0.091936 2
    8.0992 0.112107 1
  8.1183 1 + 2
    7.57524 0.5 3
    7.7418 0.5 2
  8.1277 3 - 7
    3.4657 0.200502 105
    3.6227 0.239602 101
    4.2457 0.260403 85
    6.0347 0.179702 24
    7.40758 0.02083 4
    7.58464 0.059901 3
    8.1153 0.03906 1
  8.3053 5 + 1
    2.5947 1 135
  8.3644 25 + 1
    1.6805 1 155
  8.4361 7 - 4
    7.89304 0.413159 3
    8.0596 0.239676 2
    8.4237 0.173583 1
    8.4361 0.173583 0
  8.4713 5 + 7
    7.4037 0.180593 7
    7.49692 0.154494 6
    7.53206 0.162294 5
    7.92824 0.060208 3
    8.0948 0.094236 2
    8.4589 0.26179 1
    8.4713 0.086387 0
  8.4758 3 - 7
    6.1348 0.040999 35
    7.4082 0.186794 7
    7.53656 0.166295 5
    7.75568 0.077448 4
    7.93274 0.227793 3
    8.0993 0.084277 2
    8.4634 0.216394 1
  8.4844 3 - 3
    7.4168 0.641 7
    7.94134 0.2564 3
    8.472 0.1026 1
  8.4919 3 - 3
    7.77178 0.4034 4
    8.1154 0.4292 2
    8.4919 0.1674 0
  8.4977 3 - 14
    5.5337 0.0296 51
    5.637 0.02326 46
    6.1455 0.02326 36
    6.1567 0.07822 35
    6.3108 0.008457 29
    6.9415 0.06765 14
    7.19452 0.05285 9
    7.4301 0.08668 7
    7.52332 0.05285 6
    7.55846 0.04651 5
    7.77758 0.211401 4
    7.95464 0.08245 3
    8.1212 0.175501 2
    8.4853 0.06131 1
  8.5033 3 - 9
    6.1511 0.059215 36
    6.1623 0.046054 35
    7.4357 0.032893 7
    7.56406 0.328926 5
    7.78318 0.12501 4
    7.96024 0.046054 3
    8.1268 0.062505 2
    8.4909 0.055924 1
    8.5033 0.243419 0
  8.5095 3 - 14
    5.9081 0.053854 41
    6.1685 0.053854 35
    6.2057 0.015381 33
    6.7095 0.074365 17
    7.10063 0.043593 11
    7.20632 0.015381 9
    7.4419 0.084626 7
    7.53512 0.005128 6
    7.57026 0.117908 5
    7.78938 0.025642 4
    7.96644 0.030772 3
    8.133 0.256418 2
    8.4971 0.148711 1
    8.5095 0.074365 0
  8.5159 3 - 5
    6.1749 0.111803 35
    7.57666 0.65792 5
    7.79578 0.125004 4
    8.1394 0.092113 2
    8.5035 0.01316 1
  8.5193 3 - 4
    6.1783 0.089691 35
    7.79918 0.448404 4
    8.1428 0.192802 2
    8.5069 0.269103 1
  8.5284 3 - 5
    7.4608 0.2213 7
    7.80828 0.1265 4
    7.98534 0.3953 3
    8.1519 0.083 2
    8.516 0.1739 1
  8.53115 3 - 4
    6.19015 0.561794 35
    7.59191 0.157298 5
    8.15465 0.185398 2
    8.51875 0.095509 1
  8.5331 3 - 3
    7.4655 0.2548 7
    7.59386 0.1083 5
    7.99004 0.6369 3
  8.5432 3 - 6
    7.4756 0.198092 7
    7.60396 0.314487 5
    7.82308 0.163493 4
    8.00014 0.25789 3
    8.1667 0.034589 2
    8.5308 0.031449 1
  8.5527 1 - 4
    7.4851 0.50251 7
    7.61346 0.175904 5
    8.1762 0.095482 2
    8.5403 0.226105 1
  8.5801 1 - 3
    7.5125 0.6711 7
    7.64086 0.1745 5
    8.5677 0.1544 1
  8.5914 1 - 4
    7.5238 0.1754 7
    7.65216 0.2924 5
    8.2149 0.2661 2
    8.579 0.2661 1
  8.6063 5 + 4
    7.63192 0.1506 6
    8.2298 0.3012 2
    8.5939 0.2741 1
    8.6063 0.2741 0
  8.6161 1 - 3
    7.31292 0.081082 9
    8.2396 0.675713 2
    8.6037 0.243205 1
  8.6224 27 + 2
    0.258 0.1805 174
    1.9385 0.8195 155
  8.6582 1 - 2
    7.5906 0.2754 7
    7.71896 0.7246 5
  8.6649 1 - 3
    7.72566 0.075755 5
    8.2884 0.16669 2
    8.6525 0.757554 1
  8.6745 1 - 5
    7.37132 0.134813 9
    7.6069 0.247625 7
    7.73526 0.313531 5
    8.298 0.10341 2
    8.6621 0.20062 1
  8.6964 1 - 4
    7.6288 0.487795 7
    7.75716 0.063409 5
    8.3199 0.151198 2
    8.684 0.297597 1
  8.7117 1 - 4
    7.40852 0.5208 9
    7.77246 0.1719 5
    8.3352 0.1406 2
    8.6993 0.1667 1
  8.7161 1 - 3
    7.77686 0.1486 5
    8.3396 0.1757 2
    8.7037 0.6757 1
  8.7355 1 - 5
    7.43232 0.3937 9
    7.6679 0.1181 7
    7.79626 0.1811 5
    8.359 0.189 2
    8.7231 0.1181 1
  8.7492 1 - 3
    7.44602 0.044248 9
    7.80996 0.070796 5
    8.7368 0.884956 1
  8.7545 1 - 4
    7.6869 0.123101 7
    7.81526 0.03846 5
    8.378 0.069231 2
    8.7421 0.769208 1
  8.7663 1 - 5
    7.46312 0.323629 9
    7.6987 0.090618 7
    7.82706 0.294526 5
    8.3898 0.181216 2
    8.7539 0.11001 1
  8.7948 1 - 5
    7.49162 0.833325 9
    7.7272 0.091673 7
    7.85556 0.033331 5
    8.4183 0.025001 2
    8.7824 0.016671 1
  8.8075 1 - 3
    7.50432 0.6098 9
    7.86826 0.1341 5
    8.7951 0.2561 1
  8.8139 1 - 1
    8.8015 1 1
  8.8247 1 - 5
    7.52152 0.277028 9
    7.7571 0.265927 7
    7.88546 0.127413 5
    8.4482 0.110811 2
    8.8123 0.218822 1
  8.8382 1 - 2
    7.89896 0.8475 5
    8.8258 0.1525 1
  8.8444 1 - 2
    8.4679 0.3151 2
    8.832 0.6849 1
  8.8628 1 - 4
    7.55962 0.3378 9
    7.7952 0.1622 7
    8.4863 0.3074 2
    8.8504 0.1926 1
  8.8705 1 - 5
    7.56732 0.363607 9
    7.8029 0.109102 7
    7.93126 0.236405 5
    8.494 0.232705 2
    8.8581 0.058181 1
  8.8857 1 - 2
    7.58252 0.1228 9
    8.8733 0.8772 1
  8.8884 1 - 4
    7.58522 0.337807 9
    7.94916 0.317606 5
    8.5119 0.310806 2
    8.876 0.033781 1
  8.8917 1 - 5
    7.58852 0.048976 9
    7.8241 0.204084 7
    7.95246 0.155088 5
    8.5152 0.408167 2
    8.8793 0.183685 1
  8.9082 1 - 3
    7.8406 0.095236 7
    8.5317 0.793668 2
    8.8958 0.111096 1
  8.9172 1 - 4
    7.61402 0.125909 9
    7.97796 0.081486 5
    8.5407 0.051854 2
    8.9048 0.740752 1
  8.935 1 - 3
    7.63182 0.267113 9
    7.99576 0.684934 5
    8.9226 0.047952 1
  8.9477 1 - 3
    7.64452 0.862048 9
    8.5712 0.025858 2
    8.9353 0.112093 1
  8.9489 1 - 4
    7.64572 0.2949 9
    7.8813 0.2179 7
    8.5724 0.3205 2
    8.9365 0.1667 1
  8.9612 1 - 2
    8.5847 0.2593 2
    8.9488 0.7407 1
  8.9653 1 - 3
    8.02606 0.347303 5
    8.5888 0.053891 2
    8.9529 0.598806 1
  8.9755 25 - 1
    3.5572 1 126
  8.9835 1 - 4
    7.68032 0.103291 9
    7.9159 0.076083 7
    8.04426 0.277175 5
    8.607 0.543451 2
  8.9963 1 - 3
    7.69312 0.140814 9
    8.05706 0.70427 5
    8.9839 0.154915 1
  9.017 1 - 2
    8.07776 0.0991 5
    9.0046 0.9009 1
  9.164 5 + 1
    3.7457 1 126
  9.4811 5 + 1
    4.0628 1 126
  10.0011 5 + 1
    1.3787 1 194
  10.0076 27 - 2
    2.395 0.5 160
    4.5893 0.5 126
  10.1694 29 + 2
    1.547 0.5 194
    2.2401 0.5 168
  10.2992 5 + 1
    4.8809 1 126
  10.9362 7 + 1
    5.5179 1 126
  11.0219 31 + 2
    0.8525 0.5 231
    2.3995 0.5 194
  11.2012 29 + 2
    2.5788 0.5 194
    2.8368 0.5 174
  12.1422 5 + 1
    3.5198 1 194
  12.5927 31 - 1
    2.5851 1 230
  13.3725 31 + 1
    3.2031 1 231
  13.6746 7 + 1
    2.4734 1 235
  14.5168 33 + 2
    3.4949 0.5 234
    4.3474 0.5 231
  15.3133 5 + 1
    5.1439 1 231
  15.7028 35 - 1
    3.1101 1 237
  16.4622 35 + 2
    2.7876 0.5 239
    5.4403 0.5 234

21 46 255
  0 8 + 0
  0.052011 12 + 1
    0.052011 1 0
  0.142528 2 - 1
    0.142528 1 0
  0.227767 6 + 1
    0.227767 1 0
  0.280701 10 + 2
    0.22869 0.941662 1
    0.280701 0.058338 0
  0.289539 4 - 2
    0.061772 0.005502 3
    0.147011 0.994498 2
  0.444137 4 + 2
    0.21637 0.999102 3
    0.301609 0.000898 2
  0.584782 6 - 4
    0.295243 0.664911 5
    0.357015 0.004984 3
    0.442254 0.0133 2
    0.584782 0.316805 0
  0.627429 8 - 2
    0.399662 0.081746 3
    0.627429 0.918254 0
  0.774021 10 + 2
    0.72201 0.4499 1
    0.774021 0.5501 0
  0.835092 8 + 2
    0.554391 0.8404 4
    0.835092 0.1596 0
  0.978 14 + 2
    0.203979 0.5 9
    0.697299 0.5 4
  0.99133 2 + 1
    0.547193 1 6
  1.006 4 - 2
    0.716461 0.5 5
    0.778233 0.5 3
  1.08859 8 + 4
    0.314569 0.049188 9
    0.807889 0.564972 4
    0.860823 0.360982 3
    1.08859 0.024859 0
  1.121 0 - 2
    0.12967 0.5 12
    0.831461 0.5 5
  1.12423 8 - 3
    0.496801 0.02228 8
    0.539448 0.825117 7
    0.843529 0.152603 4
  1.142 6 - 2
    0.999472 0.5 2
    1.142 0.5 0
  1.27046 8 - 3
    0.643031 0.381838 8
    0.685678 0.212021 7
    1.27046 0.406141 0
  1.289 2 - 2
    0.844863 0.5 6
    1.14647 0.5 2
  1.298 4 + 2
    1.15547 0.5 2
    1.298 0.5 0
  1.32112 8 + 1
    0.486028 1 10
  1.39418 4 + 2
    0.40285 0.2083 12
    1.16641 0.7917 3
  1.4279 6 + 1
    1.28537 1 2
  1.429 4 - 2
    1.13946 0.5 5
    1.20123 0.5 3
  1.438 8 - 2
    1.1573 0.5 4
    1.21023 0.5 3
  1.52674 6 - 2
    0.899311 0.495 8
    1.0826 0.505 6
  1.64268 8 - 2
    1.01525 0.4369 8
    1.0579 0.5631 7
  1.676 2 + 2
    1.38646 0.5 5
    1.44823 0.5 3
  1.6922 6 - 1
    1.06477 1 8
  1.70783 4 - 3
    0.43737 0.080709 18
    1.12305 0.707193 7
    1.70783 0.212098 0
  1.752 8 + 2
    1.69999 0.5 1
    1.752 0.5 0
  1.76324 4 + 1
    1.76324 1 0
  1.79944 6 + 2
    0.71085 0.6712 14
    1.79944 0.3288 0
  1.825 2 - 2
    1.38086 0.5 6
    1.68247 0.5 2
  1.852 2 + 2
    1.56246 0.5 5
    1.62423 0.5 3
  1.88606 4 + 2
    1.65829 0.5102 3
    1.88606 0.4898 0
  1.91988 6 + 1
    1.3351 1 7
  1.9211 4 - 2
    0.59998 0.061947 21
    1.69333 0.938053 3
  2.04345 4 - 3
    1.41602 0.023129 8
    1.75391 0.351889 5
    1.90092 0.624981 2
  2.06225 8 - 1
    1.22716 1 10
  2.07031 6 + 2
    0.74919 0.5406 21
    1.23522 0.4594 10
  2.08447 8 - 1
    1.80377 1 4
  2.11413 8 + 1
    2.11413 1 0
  2.1193 6 + 1
    1.82976 1 5
  2.1849 2 - 2
    1.74076 0.5 6
    2.04237 0.5 2
  2.20314 6 - 4
    0.88202 0.1105 21
    1.61836 0.5814 7
    1.9136 0.1395 5
    1.97537 0.1686 3
  2.22171 4 + 2
    1.77757 0.8333 6
    1.93217 0.1667 5
  2.2528 6 - 1
    2.11027 1 2
  2.29184 6 + 2
    1.66441 0.4595 8
    2.29184 0.5405 0
  2.30258 4 + 2
    2.16005 0.5 2
    2.30258 0.5 0
  2.33019 14 + 1
    2.27818 1 1
  2.36675 10 - 1
    1.59273 1 9
  2.37528 10 + 1
    2.09458 1 4
  2.39597 4 - 2
    2.10643 0.8333 5
    2.25344 0.1667 2
  2.41045 6 + 4
    1.32186 0.2416 14
    1.57536 0.4647 10
    2.12975 0.1032 4
    2.41045 0.1905 0
  2.43117 8 + 2
    2.2034 0.6452 3
    2.37916 0.3548 1
  2.4423 6 + 4
    1.66828 0.036898 9
    1.81487 0.358278 8
    1.85752 0.512569 7
    2.4423 0.092254 0
  2.45111 6 - 2
    1.36252 0.5714 14
    2.17041 0.4286 4
  2.45964 10 + 3
    1.06546 0.349 22
    2.17894 0.3597 4
    2.31711 0.2913 2
  2.4863 2 - 2
    2.04216 0.5 6
    2.34377 0.5 2
  2.49448 8 - 1
    1.40589 1 14
  2.52167 4 + 1
    0.47822 1 39
  2.534 2 - 2
    2.08986 0.5 6
    2.39147 0.5 2
  2.55891 8 + 1
    2.33114 1 3
  2.56806 6 + 3
    1.24694 0.1595 21
    1.94063 0.4095 8
    2.28736 0.431 4
  2.58999 6 - 4
    1.16209 0.164913 23
    1.96256 0.094818 8
    2.00521 0.649352 7
    2.14585 0.090917 6
  2.64305 2 - 1
    2.64305 1 0
  2.66272 2 - 1
    2.66272 1 0
  2.69457 0 - 2
    1.92055 0.4413 9
    2.55204 0.5587 2
  2.70524 6 + 2
    1.87015 0.5405 10
    2.47747 0.4595 3
  2.71409 2 - 3
    0.65184 0.4194 40
    1.879 0.1198 10
    2.26995 0.4608 6
  2.733 4 + 2
    2.59047 0.5 2
    2.733 0.5 0
  2.76 2 - 2
    2.31586 0.5 6
    2.61747 0.5 2
  2.78302 0 - 1
    2.50232 1 4
  2.815 2 + 2
    2.52546 0.5 5
    2.58723 0.5 3
  2.83394 0 - 1
    2.3898 1 6
  2.85598 4 - 2
    2.02089 0.2308 10
    2.62821 0.7692 3
  2.86334 2 + 2
    2.4192 0.1228 6
    2.63557 0.8772 3
  2.89065 4 - 1
    2.60111 1 5
  2.94019 2 + 1
    2.79766 1 2
  2.95671 0 - 1
    2.66717 1 5
  2.97967 4 + 2
    2.35224 0.8333 8
    2.53553 0.1667 6
  3.00236 2 - 1
    2.72166 1 4
  3.01706 4 + 3
    2.24304 0.6289 9
    2.57292 0.1321 6
    2.78929 0.239 3
  3.03202 0 - 1
    2.19693 1 10
  3.05694 2 + 2
    0.94281 0.6494 43
    2.6128 0.3506 6
  3.08165 4 - 1
    2.49687 1 7
  3.09466 2 + 3
    1.97043 0.420158 16
    2.25957 0.159684 10
    2.80512 0.420158 5
  3.116 2 + 2
    2.82646 0.5 5
    2.88823 0.5 3
  3.13632 4 - 4
    2.30123 0.1613 10
    2.3623 0.5376 9
    2.90855 0.2097 3
    3.13632 0.0914 0
  3.17654 8 + 3
    1.6498 0.1208 26
    2.54911 0.2081 8
    2.89584 0.6711 4
  3.19181 0 - 3
    2.20048 0.2593 12
    2.56438 0.2116 8
    2.96404 0.5291 3
  3.20494 4 - 3
    1.13463 0.578 41
    2.21361 0.2717 12
    2.7608 0.1503 6
  3.22984 2 + 2
    2.14125 0.4118 14
    3.00207 0.5882 3
  3.242 0 - 2
    2.25067 0.5 12
    2.95246 0.5 5
  3.2604 4 + 1
    3.11787 1 2
  3.27876 2 - 3
    2.65133 0.151015 8
    2.69398 0.520852 7
    2.83462 0.328133 6
  3.3141 8 + 2
    1.25185 0.7092 40
    3.26209 0.2908 1
  3.338 4 - 2
    3.04846 0.5 5
    3.11023 0.5 3
  3.38148 0 + 1
    3.32947 1 1
  3.39667 2 - 2
    2.76924 0.1667 8
    3.39667 0.8333 0
  3.41432 4 + 3
    2.57923 0.450455 10
    3.12478 0.369363 5
    3.18655 0.180182 3
  3.42454 6 - 5
    0.93006 0.230509 61
    2.83976 0.230509 7
    2.9804 0.118605 6
    3.28201 0.339014 2
    3.37253 0.081363 1
  3.44328 2 + 1
    3.44328 1 0
  3.47422 4 - 3
    2.08004 0.4098 22
    2.1531 0.3607 21
    2.84679 0.2295 8
  3.49324 4 + 4
    1.9665 0.148 26
    2.40465 0.2816 14
    3.0491 0.2094 6
    3.26547 0.361 3
  3.512 6 - 2
    3.36947 0.5 2
    3.512 0.5 0
  3.55031 2 + 2
    2.71522 0.6211 10
    3.10617 0.3789 6
  3.59707 0 - 4
    1.37536 0.1005 47
    2.96964 0.1693 8
    3.15293 0.2011 6
    3.59707 0.5291 0
  3.60526 6 + 3
    1.52079 0.1917 42
    3.55325 0.2902 1
    3.60526 0.5181 0
  3.62043 4 - 2
    2.53184 0.4083 14
    3.4779 0.5917 2
  3.63197 2 + 1
    3.35127 1 4
  3.65477 12 - 2
    2.81968 0.2806 10
    3.02734 0.7194 8
  3.67547 6 + 1
    3.62346 1 1
  3.70738 4 - 2
    3.07995 0.4444 8
    3.41784 0.5556 5
  3.72142 2 + 1
    3.72142 1 0
  3.7667 6 + 3
    2.05887 0.462954 30
    2.67811 0.305569 14
    3.32256 0.231477 6
  3.78536 8 + 6
    2.69677 0.132797 14
    3.01134 0.603488 9
    3.20058 0.066379 7
    3.50466 0.072419 4
    3.50466 0.048279 4
    3.55759 0.076638 3
  3.81381 4 - 2
    1.5921 0.4709 47
    3.52427 0.5291 5
  3.84111 0 - 2
    3.06709 0.5208 9
    3.21368 0.4792 8
  3.86862 2 - 6
    2.78003 0.1 14
    3.24119 0.13 8
    3.42448 0.24 6
    3.57908 0.1 5
    3.64085 0.25 3
    3.86862 0.18 0
  3.87665 10 + 4
    2.60619 0.1103 18
    3.10263 0.3004 9
    3.24922 0.2091 8
    3.43251 0.3802 6
  3.93729 4 - 2
    0.88035 0.047619 86
    3.30986 0.952381 8
  3.9453 6 + 1
    3.71753 1 3
  3.961 2 - 2
    3.51686 0.5 6
    3.81847 0.5 2
  3.983 4 + 2
    3.84047 0.5 2
    3.983 0.5 0
  4.008 0 - 2
    3.01667 0.5 12
    3.71846 0.5 5
  4.03969 2 + 5
    1.81798 0.211489 47
    2.91546 0.100995 16
    2.9511 0.480776 14
    3.75015 0.177891 5
    3.75899 0.028849 4
  4.07467 6 - 1
    3.93214 1 2
  4.08112 4 + 2
    2.37329 0.6803 30
    3.08979 0.3197 12
  4.1038 10 - 1
    4.05179 1 1
  4.1319 2 + 2
    3.84236 0.5 5
    3.90413 0.5 3
  4.14261 4 - 3
    1.55262 0.3106 66
    3.01838 0.3106 16
    3.86191 0.3788 4
  4.186 6 + 2
    3.9053 0.5 4
    3.95823 0.5 3
  4.2 0 - 2
    3.20867 0.5 12
    3.91046 0.5 5
  4.229 2 + 2
    3.93946 0.5 5
    4.00123 0.5 3
  4.249 4 - 2
    3.95946 0.5 5
    4.02123 0.5 3
  4.26146 6 + 3
    2.34036 0.319006 38
    2.991 0.613512 18
    3.17287 0.067481 14
  4.29465 2 - 3
    3.20606 0.4032 14
    3.30332 0.3226 12
    4.01395 0.2742 4
  4.31909 4 + 3
    2.24878 0.4122 41
    3.54507 0.3627 9
    4.26708 0.2251 1
  4.33 6 - 2
    4.18747 0.5 2
    4.33 0.5 0
  4.35 12 + 2
    4.29799 0.5 1
    4.35 0.5 0
  4.362 4 - 2
    4.07246 0.5 5
    4.13423 0.5 3
  4.38308 2 + 4
    2.29861 0.418442 42
    2.7404 0.121312 27
    3.93894 0.121312 6
    4.09354 0.338934 5
  4.399 0 - 2
    3.40767 0.5 12
    4.10946 0.5 5
  4.414 10 + 2
    4.1333 0.5 4
    4.18623 0.5 3
  4.43277 6 - 2
    2.51167 0.9009 38
    4.43277 0.0991 0
  4.44783 4 + 1
    4.16713 1 4
  4.46708 2 - 3
    2.03591 0.2105 56
    3.69306 0.3509 9
    3.83965 0.4386 8
  4.498 4 + 2
    4.35547 0.5 2
    4.498 0.5 0
  4.52275 6 - 4
    2.81492 0.3115 30
    2.99601 0.4098 26
    3.53142 0.1107 12
    4.52275 0.168 0
  4.52854 2 + 3
    2.88586 0.3891 27
    3.40431 0.2607 16
    4.0844 0.3502 6
  4.56 0 - 2
    3.56867 0.5 12
    4.27046 0.5 5
  4.575 4 + 2
    4.43247 0.5 2
    4.575 0.5 0
  4.58716 6 - 7
    2.94448 0.04922 27
    3.15816 0.152802 24
    3.19298 0.259103 22
    3.81314 0.251303 9
    4.14302 0.04922 6
    4.53515 0.196902 1
    4.58716 0.04145 0
  4.60643 2 + 3
    3.6151 0.1888 12
    4.02165 0.6993 7
    4.60643 0.1119 0
  4.649 4 - 2
    4.35946 0.5 5
    4.42123 0.5 3
  4.666 10 + 2
    4.3853 0.5 4
    4.43823 0.5 3
  4.69459 2 - 4
    2.77349 0.1524 38
    3.57036 0.1098 16
    4.10981 0.6098 7
    4.55206 0.128 2
  4.70103 6 + 6
    1.42227 0.1226 97
    1.50922 0.173 92
    2.90159 0.3145 33
    3.27313 0.1572 23
    3.37991 0.1321 21
    4.70103 0.1006 0
  4.71964 4 - 2
    4.13486 0.5587 7
    4.66763 0.4413 1
  4.732 0 + 2
    4.28786 0.5 6
    4.58947 0.5 2
  4.7543 2 - 2
    3.36012 0.6098 22
    4.52653 0.3902 3
  4.76107 6 + 3
    3.33317 0.344814 23
    3.63684 0.574723 16
    3.76974 0.080463 12
  4.776 2 + 2
    4.48646 0.5 5
    4.54823 0.5 3
  4.78727 4 - 3
    2.58413 0.598824 46
    3.51681 0.329313 18
    4.78727 0.071863 0
  4.794 8 - 2
    4.5133 0.5 4
    4.56623 0.5 3
  4.818 4 + 2
    4.67547 0.5 2
    4.818 0.5 0
  4.846 6 - 2
    4.70347 0.5 2
    4.846 0.5 0
  4.8734 0 + 3
    3.16557 0.6211 30
    4.58386 0.1801 5
    4.8734 0.1988 0
  4.88257 2 - 2
    2.09955 0.4186 74
    2.50729 0.5814 53
  4.896 4 + 2
    4.75347 0.5 2
    4.896 0.5 0
  4.927 8 - 2
    4.6463 0.5 4
    4.69923 0.5 3
  4.96145 6 + 5
    2.70865 0.170383 48
    2.73974 0.118488 47
    3.07539 0.170383 36
    3.31877 0.370363 27
    4.12636 0.170383 10
  4.972 10 - 2
    4.91999 0.5 1
    4.972 0.5 0
  5.01 4 + 2
    4.86747 0.5 2
    5.01 0.5 0
  5.022 0 + 2
    4.57786 0.5 6
    4.87947 0.5 2
  5.04944 2 - 2
    2.93014 0.5814 44
    3.92521 0.4186 16
  5.061 6 - 2
    4.91847 0.5 2
    5.061 0.5 0
  5.09296 4 + 2
    3.8225 0.909091 18
    5.09296 0.090909 0
  5.113 2 - 2
    4.66886 0.5 6
    4.97047 0.5 2
  5.135 8 + 2
    5.08299 0.5 1
    5.135 0.5 0
  5.149 12 - 2
    4.52157 0.5 8
    4.8683 0.5 4
  5.165 4 + 2
    5.02247 0.5 2
    5.165 0.5 0
  5.192 6 - 2
    5.04947 0.5 2
    5.192 0.5 0
  5.207 2 + 2
    4.91746 0.5 5
    4.97923 0.5 3
  5.235 4 - 2
    4.94546 0.5 5
    5.00723 0.5 3
  5.25 6 + 2
    4.9693 0.5 4
    5.02223 0.5 3
  5.272 2 - 2
    4.82786 0.5 6
    5.12947 0.5 2
  5.30183 8 + 7
    1.6814 0.130292 111
    2.87066 0.420175 56
    2.97164 0.071426 51
    3.90765 0.042017 22
    4.1776 0.189089 16
    4.6744 0.121793 8
    5.02113 0.025208 4
  5.327 4 - 2
    5.03746 0.5 5
    5.09923 0.5 3
  5.34616 0 + 5
    4.0757 0.25991 18
    4.35483 0.440518 12
    4.57214 0.048462 9
    5.11839 0.110104 3
    5.20363 0.141006 2
  5.364 2 - 2
    4.91986 0.5 6
    5.22147 0.5 2
  5.376 6 + 2
    5.0953 0.5 4
    5.14823 0.5 3
  5.388 4 - 2
    5.09846 0.5 5
    5.16023 0.5 3
  5.404 10 + 2
    5.1233 0.5 4
    5.17623 0.5 3
  5.427 2 - 2
    4.98286 0.5 6
    5.28447 0.5 2
  5.445 8 + 2
    5.39299 0.5 1
    5.445 0.5 0
  5.465 4 - 2
    5.17546 0.5 5
    5.23723 0.5 3
  5.491 6 + 2
    5.2103 0.5 4
    5.26323 0.5 3
  5.514 2 - 2
    5.06986 0.5 6
    5.37147 0.5 2
  5.5415 4 + 1
    4.27104 1 18
  5.563 6 - 2
    5.42047 0.5 2
    5.563 0.5 0
  5.595 0 + 2
    5.15086 0.5 6
    5.45247 0.5 2
  5.62 2 - 2
    5.17586 0.5 6
    5.47747 0.5 2
  5.644 4 + 2
    5.50147 0.5 2
    5.644 0.5 0
  5.659 8 - 2
    5.3783 0.5 4
    5.43123 0.5 3
  5.694 6 + 2
    5.4133 0.5 4
    5.46623 0.5 3
  5.727 2 - 2
    5.28286 0.5 6
    5.58447 0.5 2
  5.753 4 + 2
    5.61047 0.5 2
    5.753 0.5 0
  5.772 10 - 2
    5.71999 0.5 1
    5.772 0.5 0
  5.796 6 + 2
    5.5153 0.5 4
    5.56823 0.5 3
  5.814 4 - 2
    5.52446 0.5 5
    5.58623 0.5 3
  5.837 2 + 2
    5.54746 0.5 5
    5.60923 0.5 3
  5.878 0 - 2
    4.88667 0.5 12
    5.58846 0.5 5
  5.908 8 + 2
    5.85599 0.5 1
    5.908 0.5 0
  5.928 4 - 2
    5.63846 0.5 5
    5.70023 0.5 3
  5.955 6 + 2
    5.6743 0.5 4
    5.72723 0.5 3
  5.979 2 - 2
    5.53486 0.5 6
    5.83647 0.5 2
  6.004 4 + 2
    5.86147 0.5 2
    6.004 0.5 0
  6.037 8 - 2
    5.7563 0.5 4
    5.80923 0.5 3
  6.061 2 + 2
    5.77146 0.5 5
    5.83323 0.5 3
  6.083 6 - 2
    5.94047 0.5 2
    6.083 0.5 0
  6.11 0 + 2
    5.66586 0.5 6
    5.96747 0.5 2
  6.134 4 - 2
    5.84446 0.5 5
    5.90623 0.5 3
  6.145 2 + 2
    5.85546 0.5 5
    5.91723 0.5 3
  6.159 6 - 2
    6.01647 0.5 2
    6.159 0.5 0
  6.191 4 + 2
    6.04847 0.5 2
    6.191 0.5 0
  6.23 12 - 2
    5.60257 0.5 8
    5.9493 0.5 4
  6.253 2 + 2
    5.96346 0.5 5
    6.02523 0.5 3
  6.276 8 - 2
    5.9953 0.5 4
    6.04823 0.5 3
  6.295 4 + 2
    6.15247 0.5 2
    6.295 0.5 0
  6.327 6 - 2
    6.18447 0.5 2
    6.327 0.5 0
  6.362 10 + 2
    6.0813 0.5 4
    6.13423 0.5 3
  6.38 2 - 2
    5.93586 0.5 6
    6.23747 0.5 2
  6.405 0 + 2
    5.96086 0.5 6
    6.26247 0.5 2
  6.429 4 - 2
    6.13946 0.5 5
    6.20123 0.5 3
  6.454 6 + 2
    6.1733 0.5 4
    6.22623 0.5 3
  6.469 2 - 2
    6.02486 0.5 6
    6.32647 0.5 2
  6.482 4 + 2
    6.33947 0.5 2
    6.482 0.5 0
  6.497 8 - 2
    6.2163 0.5 4
    6.26923 0.5 3
  6.525 6 + 2
    6.2443 0.5 4
    6.29723 0.5 3
  6.549 2 - 2
    6.10486 0.5 6
    6.40647 0.5 2
  6.568 4 + 2
    6.42547 0.5 2
    6.568 0.5 0
  6.593 0 - 2
    5.60167 0.5 12
    6.30346 0.5 5
  6.612 6 + 2
    6.3313 0.5 4
    6.38423 0.5 3
  6.65 4 - 2
    6.36046 0.5 5
    6.42223 0.5 3
  6.682 2 + 2
    6.39246 0.5 5
    6.45423 0.5 3
  6.698 8 - 2
    6.4173 0.5 4
    6.47023 0.5 3
  6.728 10 + 2
    6.4473 0.5 4
    6.50023 0.5 3
  6.762 4 - 2
    6.47246 0.5 5
    6.53423 0.5 3
  6.81 2 + 2
    6.52046 0.5 5
    6.58223 0.5 3
  6.853 6 - 2
    6.71047 0.5 2
    6.853 0.5 0
  6.874 4 + 2
    6.73147 0.5 2
    6.874 0.5 0

21 47 145
  0 7 - 0
  0.76683 3 + 1
    0.76683 1 0
  0.80789 3 - 2
    0.04106 0.000624 1
    0.80789 0.999376 0
  1.123 5 - 1
    0.35617 1 1
  1.145 1 - 2
    0.022 0.5 3
    0.37817 0.5 1
  1.14699 11 - 1
    1.14699 1 0
  1.29712 5 - 3
    0.48923 0.101102 2
    0.53029 0.000981 1
    1.29712 0.897917 0
  1.316 9 - 2
    0.01888 0.5 6
    0.193 0.5 3
  1.3913 1 + 2
    0.58341 0.8728 2
    0.62447 0.1272 1
  1.4044 5 + 3
    0.59651 0.1269 2
    0.63757 0.1502 1
    1.4044 0.7229 0
  1.639 7 + 2
    0.516 0.5 3
    0.87217 0.5 1
  1.717 3 + 2
    0.594 0.5 3
    0.95017 0.5 1
  1.745 13 + 1
    0.59801 1 5
  1.7976 3 + 2
    0.50048 0.4792 6
    0.98971 0.5208 2
  1.82755 1 + 2
    0.43625 0.5 8
    1.01966 0.5 2
  1.8571 5 - 3
    0.4527 0.019609 9
    1.09027 0.089126 1
    1.8571 0.891264 0
  1.8782 9 - 2
    0.73121 0.3104 5
    1.8782 0.6896 0
  2.0023 3 + 3
    0.5979 0.220978 9
    0.70518 0.19768 6
    1.19441 0.581342 2
  2.1482 7 - 1
    1.00121 1 5
  2.2075 7 - 4
    0.3293 0.070544 16
    0.91038 0.088114 6
    1.39961 0.440522 2
    2.2075 0.40082 0
  2.232 7 - 2
    1.42411 0.5 2
    2.232 0.5 0
  2.3813 5 + 3
    1.57341 0.1806 2
    1.61447 0.4405 1
    2.3813 0.3789 0
  2.4086 7 - 2
    1.26161 0.2424 5
    2.4086 0.7576 0
  2.4103 3 + 2
    1.60241 0.6098 2
    1.64347 0.3902 1
  2.4994 7 - 3
    0.6212 0.2084 16
    1.20228 0.5208 6
    2.4994 0.2708 0
  2.5294 1 + 2
    1.72151 0.6897 2
    1.76257 0.3103 1
  2.6419 15 - 1
    0.4937 1 18
  2.65 5 + 2
    1.84211 0.5 2
    2.65 0.5 0
  2.81 3 + 2
    1.687 0.5 3
    2.04317 0.5 1
  2.836 1 + 2
    1.4447 0.5 8
    2.02811 0.5 2
  2.909 5 + 2
    2.10111 0.5 2
    2.909 0.5 0
  2.941 3 - 2
    2.13311 0.5 2
    2.941 0.5 0
  3.07 9 + 2
    1.92301 0.5 5
    3.07 0.5 0
  3.102 5 - 2
    1.979 0.5 3
    2.33517 0.5 1
  3.135 1 - 2
    2.012 0.5 3
    2.36817 0.5 1
  3.205 3 + 2
    2.082 0.5 3
    2.43817 0.5 1
  3.25 7 - 2
    2.44211 0.5 2
    3.25 0.5 0
  3.256 5 + 2
    2.44811 0.5 2
    3.256 0.5 0
  3.262 3 + 2
    2.139 0.5 3
    2.49517 0.5 1
  3.29 1 - 2
    2.167 0.5 3
    2.52317 0.5 1
  3.3025 5 + 1
    1.1543 1 18
  3.32 3 - 2
    2.51211 0.5 2
    3.32 0.5 0
  3.413 9 - 2
    2.11588 0.5 6
    2.29 0.5 3
  3.484 1 - 2
    2.361 0.5 3
    2.71717 0.5 1
  3.537 7 - 2
    2.72911 0.5 2
    3.537 0.5 0
  3.576 5 + 2
    2.76811 0.5 2
    3.576 0.5 0
  3.656 3 + 2
    2.533 0.5 3
    2.88917 0.5 1
  3.728 11 + 2
    2.089 0.5 10
    2.412 0.5 7
  3.804 3 + 2
    2.681 0.5 3
    3.03717 0.5 1
  3.86 1 + 2
    2.4687 0.5 8
    3.05211 0.5 2
  3.867 5 - 1
    0.5645 1 40
  3.958 3 - 2
    3.15011 0.5 2
    3.958 0.5 0
  4.008 5 - 2
    2.885 0.5 3
    3.24117 0.5 1
  4.019 9 + 2
    2.87201 0.5 5
    4.019 0.5 0
  4.031 1 + 2
    2.6397 0.5 8
    3.22311 0.5 2
  4.085 3 - 2
    3.27711 0.5 2
    4.085 0.5 0
  4.099 5 + 2
    3.29111 0.5 2
    4.099 0.5 0
  4.111 7 - 2
    3.30311 0.5 2
    4.111 0.5 0
  4.191 1 + 2
    2.7997 0.5 8
    3.38311 0.5 2
  4.257 3 - 2
    3.44911 0.5 2
    4.257 0.5 0
  4.275 5 + 2
    3.46711 0.5 2
    4.275 0.5 0
  4.291 9 - 2
    2.99388 0.5 6
    3.168 0.5 3
  4.355 7 - 2
    3.54711 0.5 2
    4.355 0.5 0
  4.378 3 + 2
    3.255 0.5 3
    3.61117 0.5 1
  4.389 5 + 2
    3.58111 0.5 2
    4.389 0.5 0
  4.408 1 - 2
    3.285 0.5 3
    3.64117 0.5 1
  4.475 11 + 2
    2.836 0.5 10
    3.159 0.5 7
  4.505 3 - 2
    3.69711 0.5 2
    4.505 0.5 0
  4.515 5 + 2
    3.70711 0.5 2
    4.515 0.5 0
  4.553 7 - 2
    3.74511 0.5 2
    4.553 0.5 0
  4.609 1 + 2
    3.2177 0.5 8
    3.80111 0.5 2
  4.617 7 - 2
    3.80911 0.5 2
    4.617 0.5 0
  4.631 3 + 2
    3.508 0.5 3
    3.86417 0.5 1
  4.69 5 - 2
    3.567 0.5 3
    3.92317 0.5 1
  4.721 3 + 2
    3.598 0.5 3
    3.95417 0.5 1
  4.753 9 - 2
    3.45588 0.5 6
    3.63 0.5 3
  4.792 1 + 2
    3.4007 0.5 8
    3.98411 0.5 2
  4.802 5 - 2
    3.679 0.5 3
    4.03517 0.5 1
  4.81 7 - 2
    4.00211 0.5 2
    4.81 0.5 0
  4.817 3 + 2
    3.694 0.5 3
    4.05017 0.5 1
  4.831 5 + 2
    4.02311 0.5 2
    4.831 0.5 0
  4.86 1 - 2
    3.737 0.5 3
    4.09317 0.5 1
  4.908 3 + 2
    3.785 0.5 3
    4.14117 0.5 1
  4.956 17 - 1
    4.956 1 0
  4.998 5 + 2
    4.19011 0.5 2
    4.998 0.5 0
  5.03 3 - 2
    4.22211 0.5 2
    5.03 0.5 0
  5.05 9 + 2
    3.90301 0.5 5
    5.05 0.5 0
  5.108 1 - 2
    3.985 0.5 3
    4.34117 0.5 1
  5.151 7 - 2
    4.34311 0.5 2
    5.151 0.5 0
  5.252 5 + 2
    4.44411 0.5 2
    5.252 0.5 0
  5.306 3 + 2
    4.183 0.5 3
    4.53917 0.5 1
  5.317 7 - 2
    4.50911 0.5 2
    5.317 0.5 0
  5.319 1 + 2
    3.9277 0.5 8
    4.51111 0.5 2
  5.361 5 - 2
    4.238 0.5 3
    4.59417 0.5 1
  5.381 7 - 2
    4.57311 0.5 2
    5.381 0.5 0
  5.415 3 + 2
    4.292 0.5 3
    4.64817 0.5 1
  5.473 11 + 2
    3.834 0.5 10
    4.157 0.5 7
  5.509 3 - 2
    4.70111 0.5 2
    5.509 0.5 0
  5.525 5 + 2
    4.71711 0.5 2
    5.525 0.5 0
  5.542 1 - 2
    4.419 0.5 3
    4.77517 0.5 1
  5.561 7 - 2
    4.75311 0.5 2
    5.561 0.5 0
  5.571 3 + 2
    4.448 0.5 3
    4.80417 0.5 1
  5.6 5 + 2
    4.79211 0.5 2
    5.6 0.5 0
  5.659 9 - 2
    4.36188 0.5 6
    4.536 0.5 3
  5.685 1 + 2
    4.2937 0.5 8
    4.87711 0.5 2
  5.719 3 - 2
    4.91111 0.5 2
    5.719 0.5 0
  5.76 5 + 2
    4.95211 0.5 2
    5.76 0.5 0
  5.824 13 - 2
    3.9458 0.5 16
    4.508 0.5 7
  5.855 3 + 2
    4.732 0.5 3
    5.08817 0.5 1
  5.893 5 - 2
    4.77 0.5 3
    5.12617 0.5 1
  5.946 1 + 2
    4.5547 0.5 8
    5.13811 0.5 2
  5.987 9 - 2
    4.68988 0.5 6
    4.864 0.5 3
  6.01 7 - 2
    5.20211 0.5 2
    6.01 0.5 0
  6.04 3 + 2
    4.917 0.5 3
    5.27317 0.5 1
  6.096 7 - 2
    5.28811 0.5 2
    6.096 0.5 0
  6.133 5 + 2
    5.32511 0.5 2
    6.133 0.5 0
  6.184 3 + 2
    5.061 0.5 3
    5.41717 0.5 1
  6.223 1 - 2
    5.1 0.5 3
    5.45617 0.5 1
  6.262 7 - 2
    5.45411 0.5 2
    6.262 0.5 0
  6.339 5 + 2
    5.53111 0.5 2
    6.339 0.5 0
  6.361 3 + 2
    5.238 0.5 3
    5.59417 0.5 1
  6.383 1 - 2
    5.26 0.5 3
    5.61617 0.5 1
  6.41 5 + 2
    5.60211 0.5 2
    6.41 0.5 0
  6.441 3 - 2
    5.63311 0.5 2
    6.441 0.5 0
  6.486 9 + 2
    5.33901 0.5 5
    6.486 0.5 0
  6.523 11 - 2
    5.37601 0.5 5
    6.523 0.5 0
  6.546 5 + 2
    5.73811 0.5 2
    6.546 0.5 0
  6.584 1 - 2
    5.461 0.5 3
    5.81717 0.5 1
  6.621 3 + 2
    5.498 0.5 3
    5.85417 0.5 1
  6.686 5 - 2
    5.563 0.5 3
    5.91917 0.5 1
  6.724 3 + 2
    5.601 0.5 3
    5.95717 0.5 1
  6.786 7 - 2
    5.97811 0.5 2
    6.786 0.5 0
  6.801 1 + 2
    5.4097 0.5 8
    5.99311 0.5 2
  6.863 9 - 2
    5.56588 0.5 6
    5.74 0.5 3
  6.876 5 + 2
    6.06811 0.5 2
    6.876 0.5 0
  6.964 3 - 2
    6.15611 0.5 2
    6.964 0.5 0
  7.117 7 + 2
    5.994 0.5 3
    6.35017 0.5 1
  7.427 1 - 2
    6.304 0.5 3
    6.66017 0.5 1
  7.523 5 + 2
    6.71511 0.5 2
    7.523 0.5 0
  7.683 3 - 2
    6.87511 0.5 2
    7.683 0.5 0
  7.807 19 + 1
    2.851 1 83
  8.4 7 - 2
    7.59211 0.5 2
    8.4 0.5 0
  10.3049 3 - 20
    3.5809 0.090528 130
    3.7209 0.055157 127
    3.9219 0.06365 121
    4.7049 0.060813 102
    4.7959 0.03819 97
    5.1539 0.03819 88
    5.3069 0.048083 84
    5.3489 0.05092 83
    5.4739 0.015558 80
    5.5839 0.086273 74
    5.6149 0.02546 73
    5.6959 0.057994 70
    5.7519 0.141448 69
    5.8299 0.019804 66
    6.2059 0.019804 56
    6.2199 0.028297 55
    6.2859 0.03819 53
    6.5769 0.028297 47
    6.7289 0.057994 45
    7.0149 0.035353 39
  10.3073 3 - 20
    3.5833 0.034024 130
    3.7233 0.013605 127
    3.9243 0.081624 121
    4.7073 0.064635 102
    4.7983 0.051012 97
    5.1563 0.068024 88
    5.3093 0.221083 84
    5.3513 0.034024 83
    5.4763 0.051012 80
    5.5053 0.044212 77
    5.5153 0.054424 76
    5.5863 0.034024 74
    5.6173 0.044212 73
    5.6763 0.023812 72
    5.6983 0.051012 70
    5.8323 0.013605 66
    5.8993 0.010205 65
    6.2083 0.030612 56
    6.2223 0.017007 55
    6.2883 0.057835 53
  10.3098 3 - 20
    3.5858 0.049862 130
    3.7258 0.022792 127
    3.9268 0.081202 121
    4.7098 0.092587 102
    4.8008 0.058407 97
    5.1588 0.069792 88
    5.3118 0.038452 84
    5.3538 0.066952 83
    5.4788 0.039885 80
    5.5078 0.081202 77
    5.5178 0.03418 76
    5.6198 0.042725 73
    5.6788 0.06552 72
    5.7008 0.049862 70
    5.7568 0.027067 69
    5.8348 0.011395 66
    5.9018 0.021367 65
    6.2108 0.0285 56
    6.2248 0.05984 55
    6.2908 0.058407 53

21 48 103
  0 12 + 0
  0.13094 10 + 1
    0.13094 1 0
  0.25235 8 + 1
    0.12141 1 1
  0.388 4 + 1
    0.13565 1 2
  0.62264 6 + 1
    0.37029 1 2
  1.096 14 + 1
    0.96506 1 1
  1.14257 4 + 1
    0.51993 1 4
  1.40169 4 - 2
    0.25912 0.040362 6
    0.77905 0.959638 4
  1.432 2 - 2
    0.28943 0.5 6
    1.044 0.5 3
  1.89106 6 - 4
    0.48937 0.366207 7
    0.74849 0.069191 6
    1.26842 0.059591 4
    1.63871 0.50501 2
  2.0641 10 + 2
    1.81175 0.2401 2
    2.0641 0.7599 0
  2.1036 8 - 3
    1.48096 0.5099 4
    1.85125 0.23 2
    1.97266 0.2601 1
  2.165 8 - 2
    1.54236 0.5 4
    2.03406 0.5 1
  2.19046 6 + 2
    1.56782 0.22 4
    1.93811 0.78 2
  2.196 10 + 2
    1.57336 0.5 4
    2.06506 0.5 1
  2.2 2 + 2
    0.79831 0.5 7
    1.57736 0.5 4
  2.202 6 + 2
    1.57936 0.5 4
    2.07106 0.5 1
  2.27548 4 + 2
    1.13291 0.6998 6
    1.65284 0.3002 4
  2.31 8 - 1
    2.05765 1 2
  2.39 4 + 2
    2.002 0.5 3
    2.13765 0.5 2
  2.454 6 - 2
    1.83136 0.5291 4
    2.20165 0.4709 2
  2.5173 2 + 1
    1.37473 1 6
  2.5602 6 - 2
    1.41763 0.5814 6
    2.30785 0.4186 2
  2.6196 8 + 2
    2.36725 0.4413 2
    2.48866 0.5587 1
  2.626 2 - 2
    1.48343 0.5 6
    2.238 0.5 3
  2.6401 4 - 1
    1.23841 1 7
  2.6703 4 - 1
    1.26861 1 7
  2.729 10 + 1
    2.47665 1 2
  2.739 4 - 2
    1.33731 0.5 7
    2.11636 0.5 4
  2.7833 4 + 3
    0.89224 0.588206 9
    1.38161 0.341203 7
    2.16066 0.070591 4
  2.8112 6 - 1
    1.40951 1 7
  2.8913 6 - 2
    1.74873 0.5495 6
    2.26866 0.4505 4
  2.924 6 + 2
    2.30136 0.6301 4
    2.67165 0.3699 2
  2.973 2 - 2
    1.83043 0.5 6
    2.585 0.5 3
  2.9808 2 + 1
    1.83823 1 6
  3.0262 0 - 4
    0.83574 0.460828 13
    1.62451 0.078345 7
    1.88363 0.101406 6
    2.40356 0.359422 4
  3.0565 2 + 1
    1.91393 1 6
  3.1499 2 + 1
    2.00733 1 6
  3.151 6 + 2
    2.52836 0.5 4
    3.02006 0.5 1
  3.2161 0 - 1
    0.6988 1 21
  3.219 8 + 2
    2.96665 0.5 2
    3.219 0.5 0
  3.258 0 - 2
    1.058 0.5 15
    1.85631 0.5 7
  3.289 10 + 2
    2.66636 0.5 4
    3.15806 0.5 1
  3.2956 4 - 1
    2.15303 1 6
  3.3019 2 - 3
    0.2454 0.2304 36
    0.3211 0.2794 34
    0.6316 0.4902 26
  3.3278 8 - 4
    2.18523 0.220322 6
    2.70516 0.349635 4
    3.07545 0.279728 2
    3.19686 0.150315 1
  3.353 4 - 2
    1.95131 0.5 7
    2.73036 0.5 4
  3.372 2 - 2
    2.22943 0.5 6
    2.984 0.5 3
  3.392 0 - 2
    1.192 0.5 15
    1.99031 0.5 7
  3.438 4 - 2
    2.03631 0.5 7
    2.81536 0.5 4
  3.48 2 + 2
    2.07831 0.5 7
    2.85736 0.5 4
  3.496 4 - 2
    2.09431 0.5 7
    2.87336 0.5 4
  3.52 2 + 2
    2.11831 0.5 7
    2.89736 0.5 4
  3.568 0 - 2
    1.368 0.5 15
    2.16631 0.5 7
  3.619 4 + 2
    3.231 0.5 3
    3.36665 0.5 2
  3.65 6 - 2
    3.262 0.5 3
    3.39765 0.5 2
  3.671 2 + 2
    2.26931 0.5 7
    3.04836 0.5 4
  3.69 4 - 2
    2.28831 0.5 7
    3.06736 0.5 4
  3.711 2 + 2
    2.30931 0.5 7
    3.08836 0.5 4
  3.742 6 - 2
    3.354 0.5 3
    3.48965 0.5 2
  3.776 4 + 2
    3.388 0.5 3
    3.52365 0.5 2
  3.806 0 - 2
    1.606 0.5 15
    2.40431 0.5 7
  3.838 6 + 2
    3.21536 0.5 4
    3.70706 0.5 1
  3.879 8 - 2
    3.25636 0.5 4
    3.74806 0.5 1
  3.957 2 + 2
    2.55531 0.5 7
    3.33436 0.5 4
  3.974 4 - 2
    2.57231 0.5 7
    3.35136 0.5 4
  3.988 6 + 2
    3.36536 0.5 4
    3.85706 0.5 1
  4.024 4 - 2
    2.62231 0.5 7
    3.40136 0.5 4
  4.064 2 + 2
    2.66231 0.5 7
    3.44136 0.5 4
  4.091 0 - 2
    1.891 0.5 15
    2.68931 0.5 7
  4.141 8 + 2
    3.88865 0.5 2
    4.141 0.5 0
  4.174 6 + 2
    3.55136 0.5 4
    4.04306 0.5 1
  4.175 2 + 2
    2.77331 0.5 7
    3.55236 0.5 4
  4.236 4 - 2
    2.83431 0.5 7
    3.61336 0.5 4
  4.288 2 + 2
    2.88631 0.5 7
    3.66536 0.5 4
  4.322 4 - 2
    2.92031 0.5 7
    3.69936 0.5 4
  4.396 12 - 2
    3.3 0.5 5
    4.26506 0.5 1
  4.437 6 - 2
    4.049 0.5 3
    4.18465 0.5 2
  4.56 8 + 2
    4.30765 0.5 2
    4.56 0.5 0
  4.676 2 + 2
    3.27431 0.5 7
    4.05336 0.5 4
  4.735 4 - 2
    3.33331 0.5 7
    4.11236 0.5 4
  4.778 2 + 2
    3.37631 0.5 7
    4.15536 0.5 4
  4.862 6 - 2
    4.474 0.5 3
    4.60965 0.5 2
  5.016 0 - 2
    2.816 0.5 15
    3.61431 0.5 7
  5.202 4 + 2
    4.814 0.5 3
    4.94965 0.5 2
  5.333 6 - 2
    4.945 0.5 3
    5.08065 0.5 2
  5.454 2 + 2
    4.05231 0.5 7
    4.83136 0.5 4
  5.512 4 - 2
    4.11031 0.5 7
    4.88936 0.5 4
  5.591 8 + 2
    5.33865 0.5 2
    5.591 0.5 0
  5.742 2 + 2
    4.34031 0.5 7
    5.11936 0.5 4
  5.88 4 - 2
    4.47831 0.5 7
    5.25736 0.5 4
  5.975 6 - 2
    5.587 0.5 3
    5.72265 0.5 2
  5.99 0 + 2
    4.84743 0.5 6
    5.602 0.5 3
  6.187 4 - 2
    4.78531 0.5 7
    5.56436 0.5 4
  6.242 8 + 2
    5.98965 0.5 2
    6.242 0.5 0
  6.6775 0 + 1
    4.1602 1 21
  6.832 6 - 2
    6.444 0.5 3
    6.57965 0.5 2
  6.952 10 - 2
    6.69965 0.5 2
    6.952 0.5 0
  7.78 2 + 2
    6.37831 0.5 7
    7.15736 0.5 4
  10.6 4 - 2
    9.19831 0.5 7
    9.97736 0.5 4
  13.8 6 + 2
    13.1774 0.5 4
    13.6691 0.5 1
  16.81 2 + 2
    15.4083 0.5 7
    16.1874 0.5 4
  17.8 4 - 2
    16.3983 0.5 7
    17.1774 0.5 4

21 49 216
  0 7 - 0
  2.22863 1 + 1
    2.22863 1 0
  2.37182 3 + 2
    0.14319 0.055028 1
    2.37182 0.944972 0
  3.08452 3 - 3
    0.7127 0.0001 2
    0.85589 0.001597 1
    3.08452 0.998303 0
  3.3 5 - 1
    0.92818 1 2
  3.5167 3 - 2
    1.14488 0.5988 2
    1.28807 0.4012 1
  3.5217 5 + 1
    3.5217 1 0
  3.55 3 + 2
    0.25 0.5 4
    1.17818 0.5 2
  3.581 7 - 2
    0.49648 0.5 3
    3.581 0.5 0
  3.755 5 + 2
    1.52637 0.5 1
    3.755 0.5 0
  3.8088 7 - 1
    3.8088 1 0
  3.9149 9 - 2
    0.3932 0.5 6
    3.9149 0.5 0
  3.951 1 + 2
    0.86648 0.5 3
    1.72237 0.5 1
  3.991 1 + 2
    1.61918 0.5 2
    1.76237 0.5 1
  4.0465 9 - 2
    0.5248 0.5 6
    4.0465 0.5 0
  4.07204 5 - 2
    0.98752 0.009411 3
    4.07204 0.990589 0
  4.192 11 - 2
    0.611 0.5 8
    4.192 0.5 0
  4.22 13 + 1
    0.028 1 16
  4.2396 7 + 1
    0.3247 1 11
  4.267 15 - 2
    0.047 0.5 17
    0.075 0.5 16
  4.285 5 + 2
    2.05637 0.5 1
    4.285 0.5 0
  4.3322 5 - 1
    4.3322 1 0
  4.426 3 + 2
    1.126 0.5 4
    2.05418 0.5 2
  4.459 1 + 2
    1.37448 0.5 3
    2.23037 0.5 1
  4.49344 1 - 3
    0.97674 0.01155 5
    1.40892 0.923791 3
    2.26481 0.064659 1
  4.579 3 + 2
    1.279 0.5 4
    2.20718 0.5 2
  4.7148 3 + 2
    2.48617 0.8621 1
    4.7148 0.1379 0
  4.73845 5 - 1
    4.73845 1 0
  4.81 7 + 2
    1.51 0.5 4
    2.43818 0.5 2
  4.948 9 - 2
    1.0331 0.5 11
    1.648 0.5 4
  4.987 3 + 2
    1.687 0.5 4
    2.61518 0.5 2
  5.015 5 - 2
    1.715 0.5 4
    2.64318 0.5 2
  5.022 1 + 2
    1.93748 0.5 3
    2.79337 0.5 1
  5.03 3 - 2
    2.80137 0.5 1
    5.03 0.5 0
  5.077 5 - 2
    1.777 0.5 4
    2.70518 0.5 2
  5.142 7 + 2
    1.842 0.5 4
    2.77018 0.5 2
  5.229 11 + 2
    1.1825 0.5 14
    1.3141 0.5 11
  5.2495 3 - 2
    3.02087 0.5 1
    5.2495 0.5 0
  5.269 1 + 2
    2.18448 0.5 3
    3.04037 0.5 1
  5.3763 5 - 1
    5.3763 1 0
  5.438 7 + 2
    2.138 0.5 4
    3.06618 0.5 2
  5.46 9 - 2
    1.5451 0.5 11
    2.16 0.5 4
  5.562 3 + 2
    2.262 0.5 4
    3.19018 0.5 2
  5.578 1 - 2
    2.278 0.5 4
    3.20618 0.5 2
  5.632 17 + 2
    1.365 0.5 19
    1.412 0.5 17
  5.663 3 - 2
    3.43437 0.5 1
    5.663 0.5 0
  5.735 15 - 2
    1.515 0.5 17
    1.543 0.5 16
  5.815 1 - 2
    2.515 0.5 4
    3.44318 0.5 2
  5.845 5 + 2
    3.61637 0.5 1
    5.845 0.5 0
  5.93 7 + 2
    2.63 0.5 4
    3.55818 0.5 2
  5.979 5 + 2
    3.75037 0.5 1
    5.979 0.5 0
  6.0107 3 - 1
    6.0107 1 0
  6.014 9 + 2
    2.4923 0.5 6
    6.014 0.5 0
  6.069 5 - 2
    2.769 0.5 4
    3.69718 0.5 2
  6.18 3 + 2
    2.88 0.5 4
    3.80818 0.5 2
  6.212 7 - 2
    3.12748 0.5 3
    6.212 0.5 0
  6.25 7 + 2
    2.95 0.5 4
    3.87818 0.5 2
  6.266 1 - 2
    2.966 0.5 4
    3.89418 0.5 2
  6.306 5 - 2
    3.22148 0.5 3
    6.306 0.5 0
  6.33 3 + 2
    3.03 0.5 4
    3.95818 0.5 2
  6.4155 7 - 1
    6.4155 1 0
  6.451 3 + 2
    3.151 0.5 4
    4.07918 0.5 2
  6.5045 3 + 2
    2.43246 0.6536 15
    4.27587 0.3464 1
  6.527 5 - 2
    3.227 0.5 4
    4.15518 0.5 2
  6.624 1 + 2
    3.53948 0.5 3
    4.39537 0.5 1
  6.685 9 - 2
    2.7701 0.5 11
    3.385 0.5 4
  6.728 3 - 1
    3.64348 1 3
  6.745 5 + 2
    4.51637 0.5 1
    6.745 0.5 0
  6.816 1 + 2
    3.73148 0.5 3
    4.58737 0.5 1
  6.829 5 - 2
    3.529 0.5 4
    4.45718 0.5 2
  6.867 11 + 2
    2.8205 0.5 14
    2.9521 0.5 11
  6.91 1 + 2
    3.82548 0.5 3
    4.68137 0.5 1
  6.917 7 - 2
    3.83248 0.5 3
    6.917 0.5 0
  6.939 3 - 2
    4.71037 0.5 1
    6.939 0.5 0
  6.9858 5 - 2
    4.61398 0.7937 2
    6.9858 0.2063 0
  7.026 9 + 2
    3.5043 0.5 6
    7.026 0.5 0
  7.041 3 + 2
    3.741 0.5 4
    4.66918 0.5 2
  7.059 7 - 2
    3.97448 0.5 3
    7.059 0.5 0
  7.0625 1 - 2
    3.97798 0.4792 3
    4.69068 0.5208 2
  7.151 5 + 2
    4.92237 0.5 1
    7.151 0.5 0
  7.172 3 + 2
    3.872 0.5 4
    4.80018 0.5 2
  7.186 5 - 2
    3.886 0.5 4
    4.81418 0.5 2
  7.193 5 + 2
    4.96437 0.5 1
    7.193 0.5 0
  7.2288 5 - 1
    7.2288 1 0
  7.253 7 + 2
    3.953 0.5 4
    4.88118 0.5 2
  7.293 3 - 2
    5.06437 0.5 1
    7.293 0.5 0
  7.32 1 + 2
    4.23548 0.5 3
    5.09137 0.5 1
  7.342 9 - 2
    3.4271 0.5 11
    4.042 0.5 4
  7.375 3 + 2
    4.075 0.5 4
    5.00318 0.5 2
  7.421 7 - 2
    4.33648 0.5 3
    7.421 0.5 0
  7.442 1 + 2
    4.35748 0.5 3
    5.21337 0.5 1
  7.483 3 - 2
    5.25437 0.5 1
    7.483 0.5 0
  7.5 11 + 2
    3.4535 0.5 14
    3.5851 0.5 11
  7.529 5 - 2
    4.229 0.5 4
    5.15718 0.5 2
  7.583 7 + 2
    4.283 0.5 4
    5.21118 0.5 2
  7.653 3 - 2
    5.42437 0.5 1
    7.653 0.5 0
  7.678 1 + 2
    4.59348 0.5 3
    5.44937 0.5 1
  7.723 9 - 2
    3.8081 0.5 11
    4.423 0.5 4
  7.746 5 + 2
    5.51737 0.5 1
    7.746 0.5 0
  7.795 3 - 2
    5.56637 0.5 1
    7.795 0.5 0
  7.832 7 + 2
    4.532 0.5 4
    5.46018 0.5 2
  7.89 1 - 2
    4.59 0.5 4
    5.51818 0.5 2
  7.94 5 + 2
    5.71137 0.5 1
    7.94 0.5 0
  7.998 3 - 2
    5.76937 0.5 1
    7.998 0.5 0
  8.029 13 + 2
    3.809 0.5 17
    3.837 0.5 16
  8.094 5 - 2
    4.794 0.5 4
    5.72218 0.5 2
  8.147 3 + 2
    4.847 0.5 4
    5.77518 0.5 2
  8.177 7 - 2
    5.09248 0.5 3
    8.177 0.5 0
  8.2 1 + 2
    5.11548 0.5 3
    5.97137 0.5 1
  8.246 9 - 2
    4.3311 0.5 11
    4.946 0.5 4
  8.289 3 + 2
    4.989 0.5 4
    5.91718 0.5 2
  8.33 5 - 2
    5.03 0.5 4
    5.95818 0.5 2
  8.355 7 + 2
    5.055 0.5 4
    5.98318 0.5 2
  8.434 1 - 2
    5.134 0.5 4
    6.06218 0.5 2
  8.465 3 + 2
    5.165 0.5 4
    6.09318 0.5 2
  8.625 5 - 2
    5.325 0.5 4
    6.25318 0.5 2
  8.693 11 + 2
    4.6465 0.5 14
    4.7781 0.5 11
  8.721 3 - 2
    6.49237 0.5 1
    8.721 0.5 0
  8.751 5 + 2
    6.52237 0.5 1
    8.751 0.5 0
  8.781 1 - 2
    5.481 0.5 4
    6.40918 0.5 2
  8.813 7 + 2
    5.513 0.5 4
    6.44118 0.5 2
  8.848 9 - 2
    4.9331 0.5 11
    5.548 0.5 4
  8.9 3 + 2
    5.6 0.5 4
    6.52818 0.5 2
  8.929 5 - 2
    5.629 0.5 4
    6.55718 0.5 2
  8.971 1 + 2
    5.88648 0.5 3
    6.74237 0.5 1
  9.008 7 - 2
    5.92348 0.5 3
    9.008 0.5 0
  9.066 3 + 2
    5.766 0.5 4
    6.69418 0.5 2
  9.117 5 - 2
    5.817 0.5 4
    6.74518 0.5 2
  9.145 3 + 2
    5.845 0.5 4
    6.77318 0.5 2
  9.185 1 - 2
    5.885 0.5 4
    6.81318 0.5 2
  9.218 7 + 2
    5.918 0.5 4
    6.84618 0.5 2
  9.247 5 - 2
    5.947 0.5 4
    6.87518 0.5 2
  9.295 9 + 2
    5.7733 0.5 6
    9.295 0.5 0
  9.335 3 - 2
    7.10637 0.5 1
    9.335 0.5 0
  9.385 5 + 2
    7.15637 0.5 1
    9.385 0.5 0
  9.449 1 - 2
    6.149 0.5 4
    7.07718 0.5 2
  9.514 7 + 2
    6.214 0.5 4
    7.14218 0.5 2
  9.575 3 - 2
    7.34637 0.5 1
    9.575 0.5 0
  9.634 5 + 2
    7.40537 0.5 1
    9.634 0.5 0
  9.675 3 - 2
    7.44637 0.5 1
    9.675 0.5 0
  9.726 1 + 2
    6.64148 0.5 3
    7.49737 0.5 1
  9.79 9 - 2
    5.8751 0.5 11
    6.49 0.5 4
  9.843 7 + 2
    6.543 0.5 4
    7.47118 0.5 2
  9.873 5 - 2
    6.573 0.5 4
    7.50118 0.5 2
  9.923 3 + 2
    6.623 0.5 4
    7.55118 0.5 2
  9.956 11 - 2
    6.375 0.5 8
    9.956 0.5 0
  9.991 1 + 2
    6.90648 0.5 3
    7.76237 0.5 1
  10.059 5 - 2
    6.759 0.5 4
    7.68718 0.5 2
  10.155 3 + 2
    6.855 0.5 4
    7.78318 0.5 2
  10.212 7 - 2
    7.12748 0.5 3
    10.212 0.5 0
  10.413 5 + 2
    8.18437 0.5 1
    10.413 0.5 0
  10.473 3 - 2
    8.24437 0.5 1
    10.473 0.5 0
  10.569 1 + 1
    8.34037 1 1
  10.617 9 - 2
    6.7021 0.5 11
    7.317 0.5 4
  10.69 7 + 1
    8.31818 1 2
  10.787 5 - 2
    7.487 0.5 4
    8.41518 0.5 2
  10.87 3 + 2
    7.57 0.5 4
    8.49818 0.5 2
  10.957 1 - 2
    7.657 0.5 4
    8.58518 0.5 2
  11.021 5 + 2
    8.79237 0.5 1
    11.021 0.5 0
  11.03 3 - 2
    8.80137 0.5 1
    11.03 0.5 0
  11.138 7 + 2
    7.838 0.5 4
    8.76618 0.5 2
  11.271 19 - 2
    5.639 0.5 44
    7.004 0.5 19
  11.425 3 + 2
    8.125 0.5 4
    9.05318 0.5 2
  11.51 5 - 2
    8.21 0.5 4
    9.13818 0.5 2
  11.525 1 - 2
    8.225 0.5 4
    9.15318 0.5 2
  11.534 1 + 2
    8.44948 0.5 3
    9.30537 0.5 1
  11.538 3 - 2
    9.30937 0.5 1
    11.538 0.5 0
  11.543 9 + 2
    8.0213 0.5 6
    11.543 0.5 0
  11.547 3 - 13
    4.354 0.065865 82
    4.4845 0.116791 78
    4.5612 0.149688 74
    4.819 0.085323 66
    5.0425 0.088313 62
    5.1315 0.107791 60
    5.241 0.052396 58
    6.80855 0.074844 27
    7.47496 0.061375 15
    8.0303 0.013469 5
    8.46248 0.022458 3
    9.17518 0.109291 2
    9.31837 0.052396 1
  11.55 7 + 2
    8.25 0.5 4
    9.17818 0.5 2
  11.552 3 - 14
    4.359 0.075918 82
    4.4895 0.100597 78
    4.5662 0.176595 74
    4.824 0.118296 66
    5.0475 0.088277 62
    5.1365 0.118296 60
    5.246 0.051198 58
    6.81355 0.037079 27
    7.47996 0.061788 15
    7.561 0.01589 13
    8.0353 0.021189 5
    8.46748 0.028949 3
    9.18018 0.075918 2
    9.32337 0.030009 1
  11.5632 3 - 17
    4.3344 0.069083 83
    4.3702 0.063793 82
    4.5007 0.085583 78
    4.5774 0.155606 74
    4.8352 0.112004 66
    5.0587 0.140006 62
    5.1477 0.074693 60
    5.2572 0.017121 58
    6.82475 0.046682 27
    7.49116 0.066913 15
    7.5722 0.037341 13
    7.7544 0.037341 10
    8.0415 0.015561 6
    8.47868 0.00918 3
    9.19138 0.015251 2
    9.33457 0.021321 1
    11.5632 0.032521 0
  11.569 3 - 2
    9.34037 0.5 1
    11.569 0.5 0
  11.579 3 - 2
    9.35037 0.5 1
    11.579 0.5 0
  11.583 3 - 2
    9.35437 0.5 1
    11.583 0.5 0
  11.665 5 + 2
    9.43637 0.5 1
    11.665 0.5 0
  11.735 5 + 2
    9.50637 0.5 1
    11.735 0.5 0
  11.806 7 + 2
    8.506 0.5 4
    9.43418 0.5 2
  11.911 5 + 2
    9.68237 0.5 1
    11.911 0.5 0
  11.976 1 + 2
    8.89148 0.5 3
    9.74737 0.5 1
  12.04 9 + 2
    8.5183 0.5 6
    12.04 0.5 0
  12.098 7 - 2
    9.01348 0.5 3
    12.098 0.5 0
  12.16 5 + 2
    9.93137 0.5 1
    12.16 0.5 0
  12.216 1 - 2
    8.916 0.5 4
    9.84418 0.5 2
  12.281 11 + 2
    8.2345 0.5 14
    8.3661 0.5 11
  12.34 5 - 2
    9.04 0.5 4
    9.96818 0.5 2
  12.39 7 + 2
    9.09 0.5 4
    10.0182 0.5 2
  12.497 1 - 2
    9.197 0.5 4
    10.1252 0.5 2
  12.607 5 + 2
    10.3784 0.5 1
    12.607 0.5 0
  12.732 9 - 2
    8.8171 0.5 11
    9.432 0.5 4
  12.829 13 + 2
    8.609 0.5 17
    8.637 0.5 16
  12.893 7 - 2
    9.80848 0.5 3
    12.893 0.5 0
  12.992 5 + 2
    10.7634 0.5 1
    12.992 0.5 0
  13.119 1 - 2
    9.819 0.5 4
    10.7472 0.5 2
  13.204 3 + 2
    9.904 0.5 4
    10.8322 0.5 2
  13.308 5 - 2
    10.008 0.5 4
    10.9362 0.5 2
  13.358 7 + 2
    10.058 0.5 4
    10.9862 0.5 2
  13.412 3 - 2
    11.1834 0.5 1
    13.412 0.5 0
  13.487 1 - 2
    10.187 0.5 4
    11.1152 0.5 2
  13.557 1 - 2
    10.257 0.5 4
    11.1852 0.5 2
  13.572 1 - 2
    10.272 0.5 4
    11.2002 0.5 2
  15.108 5 - 2
    11.808 0.5 4
    12.7362 0.5 2
  15.481 3 - 1
    15.481 1 0
  15.544 9 + 1
    15.544 1 0
  15.563 5 - 3
    12.4785 0.333333 3
    13.1912 0.333333 2
    15.563 0.333333 0
  15.583 7 + 1
    15.583 1 0
  15.6 3 + 1
    15.6 1 0
  15.622 9 + 1
    15.622 1 0
  15.662 11 + 1
    15.662 1 0
  15.878 3 + 2
    12.578 0.5 4
    13.5062 0.5 2
  16.025 5 + 2
    13.7964 0.5 1
    16.025 0.5 0
  16.509 7 + 2
    13.209 0.5 4
    14.1372 0.5 2
  16.994 9 + 2
    13.4723 0.5 6
    16.994 0.5 0
  17.662 5 + 2
    15.4334 0.5 1
    17.662 0.5 0
  18.152 3 - 2
    15.9234 0.5 1
    18.152 0.5 0
  18.348 7 - 2
    15.2635 0.5 3
    18.348 0.5 0

21 50 52
  0 10 + 0
  0.256895 0 + 1
    0.256895 1 0
  0.328447 6 + 1
    0.071552 1 1
  0.757 8 + 1
    0.757 1 0
  1.84777 2 + 2
    1.51932 0.6211 2
    1.59088 0.3789 1
  2.225 4 + 2
    1.468 0.5 3
    1.9681 0.5 1
  2.326 6 + 2
    1.99755 0.5 2
    2.326 0.5 0
  2.527 2 + 2
    0.67923 0.5 4
    2.19855 0.5 2
  2.614 2 + 2
    0.76623 0.5 4
    2.28555 0.5 2
  3.028 4 - 2
    1.18023 0.5 4
    2.69955 0.5 2
  3.089 0 + 2
    0.864 0.5 5
    2.8321 0.5 1
  3.259 4 - 2
    1.41123 0.5 4
    2.93055 0.5 2
  3.287 8 - 2
    2.95855 0.5 2
    3.287 0.5 0
  3.355 6 - 2
    1.13 0.5 5
    2.598 0.5 3
  3.385 4 - 2
    1.53723 0.5 4
    3.05655 0.5 2
  3.5 12 - 2
    0.213 0.5 12
    3.5 0.5 0
  3.556 2 - 2
    1.331 0.5 5
    3.2991 0.5 1
  3.611 6 - 2
    1.386 0.5 5
    2.854 0.5 3
  3.681 2 + 2
    1.83323 0.5 4
    3.35255 0.5 2
  3.731 4 - 2
    1.88323 0.5 4
    3.40255 0.5 2
  3.927 2 + 2
    2.07923 0.5 4
    3.59855 0.5 2
  3.95 8 - 2
    3.62155 0.5 2
    3.95 0.5 0
  4.135 4 - 2
    2.28723 0.5 4
    3.80655 0.5 2
  4.232 6 - 2
    2.007 0.5 5
    3.475 0.5 3
  4.311 10 + 2
    3.98255 0.5 2
    4.311 0.5 0
  4.456 4 - 2
    2.60823 0.5 4
    4.12755 0.5 2
  4.53 0 + 2
    2.305 0.5 5
    4.27311 0.5 1
  4.59 6 - 2
    2.365 0.5 5
    3.833 0.5 3
  4.638 2 + 2
    2.79023 0.5 4
    4.30955 0.5 2
  4.66 8 - 2
    4.33155 0.5 2
    4.66 0.5 0
  4.729 4 + 2
    3.972 0.5 3
    4.4721 0.5 1
  4.82 6 - 2
    2.595 0.5 5
    4.063 0.5 3
  4.876 2 + 2
    3.02823 0.5 4
    4.54755 0.5 2
  4.976 2 + 2
    3.12823 0.5 4
    4.64755 0.5 2
  5.072 4 - 2
    3.22423 0.5 4
    4.74355 0.5 2
  5.135 8 - 2
    4.80655 0.5 2
    5.135 0.5 0
  5.195 6 + 2
    4.86655 0.5 2
    5.195 0.5 0
  5.265 4 - 2
    3.41723 0.5 4
    4.93655 0.5 2
  5.338 0 + 2
    3.113 0.5 5
    5.0811 0.5 1
  5.43 14 - 1
    5.43 1 0
  5.54 10 + 2
    5.21155 0.5 2
    5.54 0.5 0
  5.6 4 - 2
    3.75223 0.5 4
    5.27155 0.5 2
  5.699 6 + 2
    5.37055 0.5 2
    5.699 0.5 0
  5.81 6 + 2
    5.48155 0.5 2
    5.81 0.5 0
  5.853 2 - 2
    3.628 0.5 5
    5.5961 0.5 1
  6.014 4 - 2
    4.16623 0.5 4
    5.68555 0.5 2
  6.118 8 + 2
    3.893 0.5 5
    5.361 0.5 3
  6.285 2 - 2
    4.06 0.5 5
    6.02811 0.5 1
  6.447 0 + 2
    4.222 0.5 5
    6.19011 0.5 1
  6.618 4 - 2
    4.77023 0.5 4
    6.28955 0.5 2
  8.25 2 + 2
    6.40223 0.5 4
    7.92155 0.5 2
  11.195 0 + 2
    8.97 0.5 5
    10.9381 0.5 1

21 51 20
  0 7 - 0
  0.86162 3 - 1
    0.86162 1 0
  1.062 11 - 1
    1.062 1 0
  1.16733 7 + 1
    1.16733 1 0
  1.39402 3 - 2
    0.5324 0.1297 1
    1.39402 0.8703 0
  1.71502 5 - 2
    0.54769 0.72 3
    1.71502 0.28 0
  2.313 1 - 1
    0.59798 1 5
  2.3472 1 - 1
    1.48558 1 1
  2.7088 3 - 2
    1.31478 0.4186 4
    1.84718 0.5814 1
  2.887 5 + 2
    2.02538 0.5 1
    2.887 0.5 0
  2.996 9 + 2
    1.934 0.5 2
    2.996 0.5 0
  3.03869 5 - 3
    1.32367 0.6579 5
    1.64467 0.2303 4
    3.03869 0.1118 0
  3.069 13 + 2
    0.073 0.5 10
    2.007 0.5 2
  3.1952 5 - 4
    1.48018 0.810408 5
    2.02787 0.02998 3
    2.33358 0.03971 1
    3.1952 0.119901 0
  3.3906 5 - 2
    0.35191 0.040329 11
    1.99658 0.959671 4
  3.7721 3 + 4
    1.4249 0.330033 7
    2.37808 0.158416 4
    2.91048 0.20132 1
    3.7721 0.310231 0
  3.8811 13 - 1
    2.8191 1 2
  4.8256 15 - 1
    0.9445 1 16
  5.5402 17 + 2
    0.7146 0.5 17
    1.6591 0.5 16
  6.184 19 + 1
    0.6438 1 18

21 52 6
  0 6 + 0
  0.67521 0 + 1
    0.67521 1 0
  1.63643 2 + 2
    0.96122 0.5848 1
    1.63643 0.4152 0
  2.7457 2 + 1
    2.07049 1 1
  3.4581 4 + 1
    3.4581 1 0
  4.2657 2 + 1
    4.2657 1 0

21 53 1
  0 7 - 0

21 54 2
  0 6 + 0
  0.11 10 + 1
    0.11 1 0

21 55 1
  0 7 - 0

21 56 1
  0 6 + 0

21 57 1
  0 7 - 0

21 58 1
  0 4 + 0

21 59 1
  0 7 - 0

21 60 1
  0 2 + 0

21 61 1
  0 7 - 0

