34 64 1
  0 0 + 0

34 65 1
  0 3 - 0

34 67 1
  0 1 - 0

34 68 19
  0 0 + 0
  0.8542 4 + 1
    0.8542 1 0
  1.1972 4 + 1
    0.343 1 1
  1.5941 4 + 2
    0.7399 0.5 1
    1.5941 0.5 0
  1.9423 8 + 1
    1.0881 1 1
  2.4334 6 + 1
    2.4334 1 0
  2.5452 8 + 3
    0.6029 0.333333 4
    0.9511 0.333333 3
    1.691 0.333333 1
  2.7662 12 + 1
    0.8239 1 4
  3.0738 2 + 2
    0.6404 0.5 5
    2.2196 0.5 1
  3.3042 12 + 1
    1.3619 1 4
  3.5714 10 - 1
    1.6291 1 4
  3.7082 12 + 2
    1.163 0.5 6
    1.7659 0.5 4
  4.1987 14 - 1
    0.6273 1 10
  4.7532 16 + 2
    1.045 0.5 11
    1.449 0.5 9
  4.8713 16 + 1
    1.5671 1 9
  5.9592 20 + 1
    1.206 1 13
  6.6043 20 + 1
    1.733 1 14
  7.3323 24 + 1
    1.3731 1 15
  8.8243 28 + 1
    1.492 1 17

34 69 23
  0 9 + 0
  0.0394 5 - 1
    0.0394 1 0
  0.1286 3 - 1
    0.1286 1 0
  0.5739 9 + 1
    0.5345 1 1
  0.9151 7 + 2
    0.7865 0.5 2
    0.8757 0.5 1
  1.1005 1 + 1
    1.0611 1 1
  1.1232 11 + 2
    0.9946 0.5 2
    1.0838 0.5 1
  1.1936 5 + 1
    1.1542 1 1
  1.2499 11 + 1
    0.676 1 3
  1.6528 13 + 2
    0.4029 0.213 8
    1.0789 0.787 3
  2.0224 13 + 1
    0.7725 1 8
  2.398 3 - 2
    1.2748 0.5 6
    1.4829 0.5 4
  2.4346 7 - 3
    1.241 0.333333 7
    1.3341 0.333333 5
    1.5195 0.333333 4
  2.4509 15 + 2
    0.7981 0.5 9
    1.201 0.5 8
  2.4711 15 + 1
    0.4487 1 10
  2.4914 15 + 2
    0.8386 0.5 9
    1.2415 0.5 8
  2.8989 17 + 2
    0.448 0.5 13
    1.2461 0.5 9
  3.2061 15 - 4
    0.7715 0.25 12
    0.8081 0.25 11
    1.1837 0.25 10
    1.5533 0.25 9
  3.6179 17 - 1
    0.4118 1 17
  3.6747 19 - 3
    0.0568 0.333333 18
    0.4686 0.333333 17
    1.2036 0.333333 14
  3.7131 5 - 1
    1.242 1 14
  4.2722 3 - 1
    0.597501 1 19
  4.3893 23 - 1
    0.7146 1 19

34 70 64
  0 0 + 0
  0.94452 4 + 1
    0.94452 1 0
  1.5999 4 + 2
    0.65538 0.8002 1
    1.5999 0.1998 0
  2.0112 0 + 1
    1.06668 1 1
  2.0381 8 + 1
    1.09358 1 1
  2.3826 8 + 2
    0.7827 0.5557 2
    1.43808 0.4443 1
  2.5179 6 - 1
    1.57338 1 1
  2.5531 8 + 1
    1.60858 1 1
  3.0023 12 + 1
    0.9642 1 4
  3.1396 2 - 1
    2.19508 1 1
  3.2185 12 + 2
    0.2162 0.1033 8
    0.8359 0.8967 5
  3.3565 12 + 1
    0.9739 1 5
  3.3866 10 - 2
    0.8687 0.3632 6
    1.3485 0.6368 4
  3.5232 10 - 2
    1.0053 0.1804 6
    1.4851 0.8196 4
  3.644 12 + 1
    1.2614 1 5
  3.788 12 - 1
    0.2648 1 13
  3.9146 14 - 3
    0.1266 0.056262 15
    0.528 0.210808 12
    0.9123 0.732929 8
  4.0368 16 + 1
    1.0345 1 8
  4.1875 16 + 1
    0.969 1 10
  4.3237 14 - 2
    0.9371 0.5 12
    1.3214 0.5 8
  4.4099 16 - 1
    0.4953 1 16
  4.6061 16 + 3
    0.5693 0.1036 17
    0.6915 0.3219 16
    1.6038 0.5745 8
  4.8959 18 - 2
    0.486 0.2252 20
    0.9813 0.7748 16
  4.9541 18 - 1
    0.348 1 21
  5.2049 20 + 1
    1.1681 1 17
  5.2082 18 - 1
    1.2936 1 16
  5.3082 20 + 1
    1.1207 1 18
  5.6924 20 + 2
    1.0863 0.7093 21
    1.6556 0.2907 17
  5.8046 22 - 1
    0.9087 1 22
  6.0161 6 - 1
    1.062 1 23
  6.4891 22 - 1
    1.2809 1 25
  6.5094 24 + 1
    1.3045 1 24
  6.602 24 + 1
    1.2938 1 26
  6.8738 26 - 1
    1.0692 1 28
  6.956 24 + 2
    1.2636 0.73 27
    1.7511 0.27 24
  7.3049 26 - 2
    0.3489 0.5 34
    0.7955 0.5 31
  7.5531 26 - 1
    1.064 1 30
  7.94 28 + 1
    1.4306 1 31
  8.0185 30 - 1
    1.1447 1 33
  8.029 28 + 1
    1.427 1 32
  8.3154 28 + 2
    1.3594 0.7353 34
    1.806 0.2647 31
  8.3486 4 - 1
    1.0437 1 35
  8.7709 30 - 1
    1.2178 1 36
  9.4294 32 + 2
    1.114 0.6135 40
    1.4894 0.3865 37
  9.4953 32 + 1
    1.5553 1 37
  9.625 34 - 1
    1.6065 1 38
  10.0832 34 - 1
    1.3123 1 42
  10.6453 36 + 1
    1.2159 1 43
  11.1196 36 + 1
    1.6243 1 44
  11.2676 36 + 1
    1.7723 1 44
  11.5331 38 - 1
    1.9081 1 45
  11.7777 38 - 1
    1.6945 1 46
  12.2668 40 + 1
    1.6215 1 47
  13.1596 40 + 1
    1.892 1 49
  13.1823 42 - 1
    1.6492 1 50
  13.7261 42 - 1
    1.9484 1 51
  14.2569 44 + 1
    1.9901 1 52
  15.252 46 - 1
    2.0697 1 54
  15.805 46 - 1
    2.0789 1 55
  16.489 48 + 1
    2.2321 1 56
  17.87 50 - 1
    2.618 1 57
  17.965 50 - 1
    2.16 1 58
  19.217 52 + 1
    2.728 1 59
  20.245 54 - 1
    2.28 1 61

34 71 27
  0 5 - 0
  0.04879 1 - 1
    0.04879 1 0
  0.17152 3 - 2
    0.12273 0.4536 1
    0.17152 0.5464 0
  0.26048 9 + 1
    0.26048 1 0
  0.28244 3 - 2
    0.23365 0.7254 1
    0.28244 0.2746 0
  0.6478 7 - 2
    0.38732 0.5848 3
    0.6478 0.4152 0
  0.75697 11 - 2
    0.47453 0.3421 4
    0.75697 0.6579 0
  0.7964 5 - 1
    0.7964 1 0
  1.0406 7 - 2
    0.75816 0.4476 4
    1.0406 0.5524 0
  1.1543 11 + 1
    0.89382 1 3
  1.2981 13 + 1
    1.03762 1 3
  1.4935 13 + 1
    1.23302 1 3
  1.6393 13 + 1
    1.37882 1 3
  1.6805 11 - 1
    0.6399 1 8
  2.3269 17 + 2
    0.6876 0.4445 12
    0.8334 0.5555 11
  2.4182 15 + 2
    1.1201 0.4819 10
    1.2639 0.5181 9
  2.4488 17 + 1
    1.1507 1 10
  2.4812 15 - 1
    0.8007 1 13
  3.2367 21 + 1
    0.9098 1 14
  3.4266 19 - 1
    0.9454 1 17
  3.4521 19 + 2
    1.0033 0.2857 16
    1.0339 0.7143 15
  3.6353 21 + 1
    1.1865 1 16
  4.3009 5 - 1
    1.0642 1 18
  4.4972 23 + 2
    0.8619 0.3828 21
    1.0451 0.6172 20
  4.5041 3 - 1
    1.0775 1 19
  4.8345 25 + 1
    1.1992 1 21
  6.0355 5 - 1
    1.201 1 25

34 72 53
  0 0 + 0
  0.86207 4 + 1
    0.86207 1 0
  0.93722 0 + 2
    0.07515 0.5 1
    0.93722 0.5 0
  1.31668 4 + 3
    0.37946 0.166583 2
    0.45461 0.360564 1
    1.31668 0.472853 0
  1.63686 8 + 1
    0.77479 1 1
  1.87623 4 - 2
    0.55955 0.7875 3
    1.01416 0.2125 1
  1.99893 4 + 2
    1.06171 0.4414 2
    1.13686 0.5586 1
  2.1501 4 + 3
    0.51324 0.4037 4
    0.83342 0.403 3
    2.1501 0.1933 0
  2.29369 4 - 2
    0.97701 0.5348 3
    1.43162 0.4652 1
  2.3715 2 - 4
    1.05482 0.241576 3
    1.43428 0.062794 2
    1.50943 0.212579 1
    2.3715 0.483052 0
  2.40574 6 - 1
    1.08906 1 3
  2.43376 6 - 3
    1.11708 0.1582 3
    1.57169 0.6329 1
    2.43376 0.2089 0
  2.46677 12 + 1
    0.82991 1 4
  2.58635 6 - 3
    0.71012 0.274873 5
    1.26967 0.140386 3
    1.72428 0.584742 1
  2.843 10 - 2
    0.43726 0.5 10
    1.20614 0.5 4
  2.929 6 - 2
    1.61232 0.5 3
    2.06693 0.5 1
  2.96575 2 + 3
    0.3794 0.4329 13
    1.08952 0.381 5
    1.64907 0.1861 3
  3.12407 8 + 4
    0.53772 0.1131 13
    0.75257 0.2598 9
    1.12514 0.4715 6
    1.80739 0.1556 3
  3.1732 10 - 3
    0.73944 0.137492 11
    0.87951 0.099454 8
    1.53634 0.763054 4
  3.21351 2 - 3
    0.80777 0.4405 10
    0.91982 0.1586 8
    1.57665 0.4009 4
  3.2262 2 + 3
    1.22727 0.2282 6
    1.34997 0.4854 5
    1.90952 0.2864 3
  3.23209 8 - 2
    0.79833 0.4792 11
    1.59523 0.5208 4
  3.2393 6 + 1
    1.0892 1 7
  3.34991 10 - 2
    0.91615 0.104 11
    1.71305 0.896 4
  3.3826 2 + 1
    1.08891 1 8
  3.42477 16 + 1
    0.958 1 12
  3.45 4 + 2
    2.58793 0.5 1
    3.45 0.5 0
  3.52195 12 - 2
    0.17204 0.3311 23
    0.34875 0.6689 18
  3.762 8 + 2
    2.44532 0.5 3
    2.89993 0.5 1
  3.76999 14 - 2
    0.59679 0.2809 18
    1.30322 0.7191 12
  3.91725 14 - 2
    0.74405 0.562 18
    1.45048 0.438 12
  4.0928 6 - 1
    0.87929 1 19
  4.2177 2 + 1
    1.75093 1 12
  4.31 12 + 2
    1.84323 0.5 12
    2.67314 0.5 4
  4.3257 6 - 1
    0.55571 1 29
  4.5043 20 + 1
    1.07953 1 25
  4.7132 4 - 1
    0.943211 1 29
  4.76283 18 - 2
    0.84558 0.7247 30
    0.99284 0.2753 29
  5.7097 24 + 1
    1.2054 1 35
  5.8308 22 - 1
    1.06797 1 37
  6.6865 22 - 1
    1.92367 1 37
  7.0381 28 + 1
    1.3284 1 38
  7.0419 26 - 1
    1.2111 1 39
  7.1907 24 - 2
    0.5042 0.5 40
    1.3599 0.5 39
  7.7957 26 - 1
    0.605 1 43
  8.0897 28 - 2
    0.899 0.5 43
    1.0478 0.5 42
  8.4951 32 + 1
    1.457 1 41
  10.0951 36 + 1
    1.6 1 46
  11.8322 40 + 1
    1.7371 1 47
  13.7422 44 + 1
    1.91 1 48
  15.8962 48 + 1
    2.154 1 49
  18.216 52 + 1
    2.3198 1 50
  20.798 56 + 1
    2.582 1 51

34 73 82
  0 9 + 0
  0.02571 3 - 1
    0.02571 1 0
  0.05845 3 - 1
    0.03274 1 1
  0.0906 1 - 1
    0.06489 1 1
  0.15125 5 - 1
    0.12554 1 1
  0.1924 5 + 2
    0.13395 0.8117 2
    0.1924 0.1883 0
  0.29541 7 + 2
    0.10301 0.0192 5
    0.29541 0.9808 0
  0.40022 5 - 2
    0.24897 0.1311 4
    0.37451 0.8689 1
  0.42652 1 - 3
    0.27527 0.1435 4
    0.33592 0.5455 3
    0.40081 0.311 1
  0.50547 7 - 3
    0.10525 0.035861 7
    0.35422 0.714329 4
    0.47976 0.24981 1
  0.56571 1 - 1
    0.54 1 1
  0.57476 5 + 2
    0.27935 0.6259 6
    0.38236 0.3741 5
  0.63926 9 + 3
    0.34385 0.127794 6
    0.44686 0.085946 5
    0.63926 0.786261 0
  0.64099 3 + 3
    0.48974 0.2748 4
    0.55039 0.1758 3
    0.61528 0.5494 1
  0.64481 5 - 1
    0.45241 1 5
  0.6849 5 - 1
    0.62645 1 2
  0.72461 7 + 3
    0.4292 0.1251 6
    0.53221 0.4809 5
    0.72461 0.394 0
  0.79038 1 - 5
    0.36386 0.065361 8
    0.39016 0.072791 7
    0.63913 0.079702 4
    0.69978 0.724214 3
    0.76467 0.057931 1
  0.79774 5 - 2
    0.64649 0.5989 4
    0.77203 0.4011 1
  0.80476 9 - 3
    0.29929 0.412296 9
    0.40454 0.02541 7
    0.65351 0.562294 4
  0.94009 3 + 3
    0.78884 0.073891 4
    0.84949 0.492605 3
    0.91438 0.433504 1
  0.94289 11 + 2
    0.30363 0.121 12
    0.94289 0.879 0
  0.97129 13 + 1
    0.97129 1 0
  0.99933 11 + 3
    0.36007 0.008569 12
    0.70392 0.85474 6
    0.99933 0.13669 0
  1.02196 3 + 3
    0.87071 0.1419 4
    0.93136 0.6452 3
    0.99625 0.2129 1
  1.09166 7 + 1
    0.4524 1 12
  1.13569 9 - 1
    0.840275 1 6
  1.17956 11 - 2
    0.3748 0.3248 19
    0.67409 0.6752 9
  1.23015 9 - 3
    0.54525 0.118088 15
    0.72468 0.587941 9
    0.82993 0.293971 7
  1.295 3 + 1
    0.99959 1 6
  1.35633 9 - 3
    0.55157 0.2294 19
    0.55859 0.3122 18
    0.85086 0.4584 9
  1.5507 7 + 2
    0.98499 0.2366 10
    1.4601 0.7634 3
  1.55245 13 - 2
    0.37289 0.3012 27
    0.74769 0.6988 19
  1.56449 3 + 2
    0.83988 0.1597 16
    0.92523 0.8403 12
  1.56879 11 + 1
    0.4331 1 26
  1.57296 13 + 4
    0.57363 0.403324 23
    0.60167 0.233914 22
    0.63007 0.092746 21
    0.9337 0.270016 12
  1.6194 7 - 1
    1.5288 1 3
  1.6985 5 + 1
    0.97389 1 16
  1.86297 15 + 4
    0.29001 0.047205 35
    0.86364 0.29573 23
    0.89168 0.469347 22
    0.92008 0.187719 21
  1.8831 11 - 1
    1.07834 1 19
  1.9327 3 - 1
    0.96141 1 22
  2.0024 15 - 2
    0.44995 0.286 32
    0.82284 0.714 27
  2.00963 13 - 2
    0.77948 0.7576 28
    0.83007 0.2424 27
  2.0147 17 + 1
    1.04341 1 22
  2.0414 13 + 1
    1.09851 1 21
  2.08991 13 - 3
    0.53746 0.1523 32
    0.73358 0.5435 30
    0.91035 0.3042 27
  2.21015 15 + 3
    1.21082 0.427357 23
    1.23886 0.230777 22
    1.26726 0.341866 21
  2.2676 5 + 1
    1.32471 1 21
  2.43267 17 - 2
    0.43027 0.1669 41
    0.88022 0.8331 32
  2.4856 3 + 1
    0.93315 1 32
  2.6264 1 - 1
    1.05761 1 34
  2.6389 17 + 2
    0.6242 0.2309 43
    1.06594 0.7691 35
  2.8684 17 - 1
    0.85877 1 42
  2.8725 19 + 2
    0.8578 0.2 43
    1.00953 0.8 38
  2.94991 19 - 2
    0.51724 0.3336 48
    0.94751 0.6664 41
  3.00377 17 - 2
    0.5711 0.3548 48
    1.00137 0.6452 41
  3.0979 19 - 2
    0.66523 0.355 48
    1.0955 0.645 41
  3.1718 21 + 1
    1.1571 1 43
  3.2035 5 + 1
    1.1888 1 43
  3.3036 7 + 1
    1.2889 1 43
  3.4403 21 - 2
    0.49039 0.1872 54
    1.00763 0.8128 48
  3.8344 21 - 1
    0.966 1 52
  3.8544 3 + 1
    0.986 1 52
  3.9139 23 + 2
    0.7421 0.5001 57
    1.0414 0.4999 53
  4.0122 23 - 2
    0.5719 0.3905 60
    1.06229 0.6095 54
  4.3868 25 + 2
    0.4729 0.099255 63
    1.215 0.900745 57
  4.5896 25 - 2
    0.5774 0.338 64
    1.1493 0.662 60
  4.9445 25 - 1
    1.1101 1 61
  4.9523 27 + 2
    0.5655 0.4014 65
    1.0384 0.5986 63
  5.2196 27 - 2
    0.63 0.2001 66
    1.2074 0.7999 64
  5.6369 29 + 2
    0.6846 0.1526 68
    1.2501 0.8474 65
  5.8534 29 - 2
    0.6338 0.2755 69
    1.2638 0.7245 66
  5.8908 5 + 1
    1.504 1 65
  6.5269 31 - 2
    0.6735 0.2482 71
    1.3073 0.7518 69
  7.015 33 + 1
    1.3781 1 70
  7.2327 33 - 2
    0.7058 0.2249 73
    1.3793 0.7751 71
  7.9549 35 - 1
    1.428 1 73
  8.531 37 + 1
    1.516 1 74
  8.7547 37 - 1
    1.522 1 75
  9.5329 39 - 1
    1.578 1 76
  10.215 41 + 1
    1.684 1 77
  10.4677 41 - 1
    1.713 1 78

34 74 124
  0 0 + 0
  0.63474 4 + 1
    0.63474 1 0
  0.85383 0 + 1
    0.21909 1 1
  1.26901 4 + 2
    0.63427 0.6581 1
    1.26901 0.3419 0
  1.36317 8 + 1
    0.72843 1 1
  1.65747 0 + 1
    1.02273 1 1
  1.83865 4 + 2
    0.98482 0.8197 2
    1.20391 0.1803 1
  1.88424 6 + 3
    0.52107 0.050319 4
    0.61523 0.50279 3
    1.2495 0.446891 1
  2.10796 8 + 3
    0.74479 0.2425 4
    0.83895 0.6061 3
    1.47322 0.1514 1
  2.146 2 - 2
    1.51126 0.5 1
    2.146 0.5 0
  2.23145 12 + 1
    0.86828 1 4
  2.31405 4 + 3
    1.04504 0.1933 3
    1.46022 0.4202 2
    1.67931 0.3865 1
  2.34966 6 - 4
    0.51101 0.053466 6
    0.98649 0.217585 4
    1.08065 0.381673 3
    1.71492 0.347276 1
  2.37859 4 + 4
    1.10958 0.2428 3
    1.52476 0.1359 2
    1.74385 0.4854 1
    2.37859 0.1359 0
  2.4777 4 + 1
    1.84296 1 1
  2.482 4 + 2
    1.84726 0.5 1
    2.482 0.5 0
  2.56343 6 - 5
    0.67919 0.068594 7
    0.72478 0.068594 6
    1.20026 0.571434 4
    1.29442 0.222813 3
    1.92869 0.068564 1
  2.66198 10 + 2
    0.77774 0.6804 7
    1.29881 0.3196 4
  2.718 0 + 2
    2.08326 0.5 1
    2.718 0.5 0
  2.81832 8 + 2
    0.97967 0.2 6
    1.45515 0.8 4
  2.83156 8 - 1
    1.46839 1 4
  2.84263 10 - 4
    0.49297 0.344965 12
    0.61118 0.177682 10
    0.73467 0.370063 8
    1.47946 0.107289 4
  2.84372 6 - 2
    1.57471 0.5 3
    2.20898 0.5 1
  2.903 8 + 2
    1.63399 0.5 3
    2.26826 0.5 1
  2.918 0 + 2
    2.28326 0.5 1
    2.918 0.5 0
  2.95254 6 - 4
    1.11389 0.130196 6
    1.58937 0.089037 4
    1.68353 0.095887 3
    2.3178 0.684879 1
  2.98665 12 + 2
    0.87869 0.513 8
    1.62348 0.487 4
  3.002 2 - 2
    2.36726 0.5 1
    3.002 0.5 0
  3.0373 4 + 1
    2.18347 1 2
  3.07801 8 + 4
    0.76396 0.033298 11
    1.19377 0.013489 7
    1.71484 0.899255 4
    2.44327 0.053957 1
  3.1123 4 + 1
    0.79825 1 11
  3.19841 16 + 1
    0.96696 1 10
  3.20017 8 - 3
    0.36861 0.251275 20
    0.85051 0.49925 12
    1.837 0.249475 4
  3.25011 4 + 6
    0.87152 0.01387 13
    0.93606 0.039621 11
    1.9811 0.071291 3
    2.39628 0.150503 2
    2.61537 0.396008 1
    3.25011 0.328707 0
  3.2521 4 - 1
    1.36786 1 7
  3.2533 12 - 1
    1.89013 1 4
  3.306 4 + 2
    1.19804 0.3631 8
    1.42176 0.6369 7
  3.37938 4 + 2
    1.49514 0.5236 7
    2.74464 0.4764 1
  3.38263 12 - 4
    0.54 0.2235 21
    0.55107 0.3239 20
    0.72065 0.1617 17
    1.15118 0.2909 10
  3.51595 14 - 2
    0.67332 0.926 21
    1.2845 0.074 10
  3.52504 14 + 2
    0.86306 0.7093 17
    1.29359 0.2907 10
  3.529 10 - 2
    1.42104 0.5 8
    2.16583 0.5 4
  3.538 12 + 2
    1.43004 0.5 8
    2.17483 0.5 4
  3.53972 2 - 8
    1.16113 0.024591 13
    1.22567 0.166007 11
    1.70107 0.094264 6
    1.88225 0.196708 5
    2.27071 0.204908 3
    2.68589 0.030741 2
    2.90498 0.204908 1
    3.53972 0.077873 0
  3.5803 4 + 1
    2.21713 1 4
  3.602 10 - 2
    1.49404 0.5 8
    2.23883 0.5 4
  3.62446 4 + 5
    1.31041 0.054229 11
    2.35545 0.084339 3
    2.77063 0.222898 2
    2.98972 0.03614 1
    3.62446 0.602394 0
  3.67485 2 - 2
    1.56689 0.090909 8
    2.31168 0.909091 4
  3.73364 2 - 4
    2.46463 0.264726 3
    2.87981 0.122512 2
    3.0989 0.122512 1
    3.73364 0.490249 0
  3.749 8 + 2
    2.47999 0.5 3
    3.11426 0.5 1
  3.77191 8 + 4
    1.93326 0.2092 6
    2.40874 0.4184 4
    2.5029 0.0795 3
    3.13717 0.2929 1
  3.7817 6 - 1
    0.39907 1 38
  3.78827 2 - 7
    1.40968 0.056339 13
    1.47422 0.095069 11
    1.94962 0.130299 6
    2.1308 0.249997 5
    2.51926 0.0493 3
    2.93444 0.066899 2
    3.78827 0.352096 0
  3.84169 14 - 2
    0.32574 0.4213 39
    1.61024 0.5787 10
  3.845 6 - 2
    2.57599 0.5 3
    3.21026 0.5 1
  3.92862 2 - 1
    0.85061 1 29
  3.92988 16 + 3
    0.73147 0.5884 31
    0.94323 0.2176 26
    1.69843 0.194 10
  3.93056 6 - 2
    2.66155 0.6536 3
    3.29582 0.3464 1
  3.9729 4 + 4
    2.70389 0.297818 3
    3.11907 0.17331 2
    3.33816 0.084445 1
    3.9729 0.444427 0
  3.98 12 + 2
    1.87204 0.5 8
    2.61683 0.5 4
  4.005 4 + 2
    3.37026 0.5 1
    4.005 0.5 0
  4.04437 2 - 4
    2.3869 0.1715 5
    3.19054 0.365 2
    3.40963 0.146 1
    4.04437 0.3175 0
  4.0899 6 - 1
    0.57395 1 39
  4.09444 4 + 5
    1.71585 0.3049 13
    2.43697 0.1585 5
    3.24061 0.1463 2
    3.4597 0.2744 1
    4.09444 0.1159 0
  4.118 2 - 2
    3.48326 0.5 1
    4.118 0.5 0
  4.19821 16 - 2
    0.68226 0.1229 39
    0.81558 0.8771 38
  4.224 6 - 2
    2.95499 0.5 3
    3.58926 0.5 1
  4.25629 20 + 1
    1.05788 1 31
  4.2667 2 - 2
    3.63196 0.6993 1
    4.2667 0.3007 0
  4.279 8 + 2
    3.00999 0.5 3
    3.64426 0.5 1
  4.30917 6 - 2
    1.74574 0.218778 16
    1.99512 0.781222 11
  4.3425 4 + 2
    3.48867 0.2248 2
    4.3425 0.7752 0
  4.362 6 - 2
    3.09299 0.5 3
    3.72726 0.5 1
  4.3799 2 - 5
    2.54125 0.054797 6
    3.11089 0.054797 3
    3.52607 0.102712 2
    3.74516 0.102712 1
    4.3799 0.684982 0
  4.4032 18 - 1
    0.887251 1 39
  4.44167 6 - 3
    2.33371 0.272727 8
    3.17266 0.363636 3
    3.80693 0.363636 1
  4.44964 18 + 2
    0.9246 0.7634 40
    1.25123 0.2366 31
  4.4872 2 - 2
    3.85246 0.8696 1
    4.4872 0.1304 0
  4.49629 6 - 2
    2.38833 0.4475 8
    3.86155 0.5525 1
  4.51624 2 - 4
    1.85426 0.1731 17
    1.95281 0.1231 16
    3.15307 0.3846 4
    3.8815 0.3192 1
  4.53649 6 - 4
    2.1579 0.136904 13
    3.26748 0.214306 3
    3.90175 0.595218 1
    4.53649 0.053572 0
  4.5445 2 - 2
    0.34629 0.5464 65
    0.7628 0.4536 51
  4.57994 10 - 2
    2.47198 0.5 8
    2.6957 0.5 7
  4.58615 6 - 3
    1.50814 0.085709 29
    2.70191 0.476195 7
    3.95141 0.438096 1
  4.59208 8 + 4
    2.48412 0.071435 8
    2.70784 0.107107 7
    3.32307 0.107107 3
    3.95734 0.71435 1
  4.66191 2 - 3
    2.09848 0.1549 16
    3.29874 0.4695 4
    4.02717 0.3756 1
  4.677 6 - 2
    3.40799 0.5 3
    4.04226 0.5 1
  4.6995 10 + 2
    3.33633 0.8621 4
    4.06476 0.1379 1
  4.7572 2 + 1
    4.12246 1 1
  4.79445 4 - 2
    1.02254 0.2366 50
    3.43128 0.7634 4
  4.8487 18 - 2
    0.4455 0.1457 74
    1.00701 0.8543 53
  4.87749 20 + 3
    0.621201 0.4857 67
    0.947611 0.3639 56
    1.67908 0.1504 31
  5.0602 8 + 1
    0.656999 1 74
  5.146 6 - 2
    3.87699 0.5 3
    4.51126 0.5 1
  5.2092 20 - 1
    1.01099 1 65
  5.426 6 - 2
    4.15699 0.5 3
    4.79126 0.5 1
  5.4431 24 + 1
    1.18681 1 67
  5.4912 22 - 1
    1.088 1 74
  5.4929 22 + 2
    1.04326 0.8065 76
    1.23661 0.1935 67
  5.9285 22 - 1
    1.0798 1 90
  6.0148 24 + 3
    0.5717 0.4119 96
    1.13731 0.3907 91
    1.75851 0.1974 67
  6.2536 24 - 1
    1.0444 1 94
  6.6859 26 + 2
    1.193 0.813 98
    1.2428 0.187 96
  6.71125 26 - 1
    1.22005 1 97
  6.7356 28 + 1
    1.2925 1 96
  7.0637 26 - 1
    1.1352 1 99
  7.2069 28 + 2
    1.1921 0.6537 100
    1.7638 0.3463 96
  7.4516 28 - 1
    1.198 1 101
  7.8448 30 - 1
    1.13355 1 103
  7.944 30 + 2
    1.2084 0.3197 104
    1.2581 0.6803 102
  7.9787 30 - 1
    1.26745 1 103
  8.1167 32 + 1
    1.3811 1 104
  8.5373 32 + 2
    1.3304 0.8404 106
    1.8017 0.1596 104
  8.8156 32 - 1
    1.364 1 107
  9.2944 34 + 1
    1.3504 1 109
  9.3003 34 - 2
    1.3216 0.5 110
    1.4555 0.5 108
  9.6805 36 + 1
    1.5638 1 111
  10.1288 36 + 1
    1.5915 1 112
  10.3705 36 - 1
    1.5549 1 113
  10.8264 38 + 1
    1.532 1 114
  10.9263 38 - 1
    1.626 1 115
  11.3602 40 + 1
    1.6797 1 116
  12.1045 40 - 1
    1.734 1 118
  13.2023 44 + 1
    1.8421 1 121

34 75 145
  0 5 + 0
  0.112387 7 + 1
    0.112387 1 0
  0.13304 9 + 2
    0.020653 0.7456 1
    0.13304 0.2544 0
  0.28657 3 - 1
    0.28657 1 0
  0.293104 1 - 1
    0.006534 1 3
  0.427884 5 - 3
    0.141314 0.5575 3
    0.315497 0.0673 1
    0.427884 0.3752 0
  0.585949 3 - 3
    0.292845 0.870983 4
    0.299379 0.079318 3
    0.585949 0.049699 0
  0.610714 1 + 3
    0.31761 0.092449 4
    0.324144 0.002266 3
    0.610714 0.905286 0
  0.62843 5 + 4
    0.34186 0.023351 3
    0.49539 0.064713 2
    0.516043 0.718129 1
    0.62843 0.193808 0
  0.663955 5 - 5
    0.236071 0.162695 5
    0.370851 0.003272 4
    0.377385 0.775975 3
    0.551568 0.044899 1
    0.663955 0.01316 0
  0.747649 7 - 6
    0.083694 0.01524 9
    0.136935 0.057902 7
    0.319765 0.571017 5
    0.461079 0.203506 3
    0.635262 0.075602 1
    0.747649 0.076732 0
  0.76244 5 - 1
    0.6294 1 2
  0.777321 5 - 6
    0.113366 0.011831 9
    0.191372 0.09622 6
    0.349437 0.281528 5
    0.484217 0.274927 4
    0.490751 0.315632 3
    0.777321 0.019862 0
  0.789988 7 + 4
    0.161558 0.01489 8
    0.656948 0.095028 2
    0.677601 0.390092 1
    0.789988 0.49999 0
  0.81432 11 + 2
    0.68128 0.7407 2
    0.701933 0.2593 1
  0.839892 3 + 4
    0.211462 0.168295 8
    0.229178 0.067148 7
    0.727505 0.026579 1
    0.839892 0.737978 0
  0.859535 3 - 6
    0.19558 0.017512 9
    0.231105 0.009395 8
    0.431651 0.557048 5
    0.566431 0.053965 4
    0.572965 0.332629 3
    0.859535 0.029453 0
  0.895273 3 - 4
    0.284559 0.056782 7
    0.309324 0.049672 6
    0.467389 0.095814 5
    0.608703 0.797732 3
  0.9341 13 + 2
    0.11978 0.040752 14
    0.80106 0.959248 2
  0.953296 5 + 5
    0.175975 0.081108 12
    0.525412 0.01082 5
    0.820256 0.155295 2
    0.840909 0.282292 1
    0.953296 0.470486 0
  0.962642 3 - 8
    0.12275 0.009176 15
    0.298687 0.053959 9
    0.334212 0.01322 8
    0.376693 0.01544 6
    0.534758 0.061649 5
    0.669538 0.050169 4
    0.676072 0.440093 3
    0.962642 0.356294 0
  1.00384 5 + 4
    0.37541 0.01673 8
    0.8708 0.02275 2
    0.891453 0.50561 1
    1.00384 0.454909 0
  1.02047 1 - 2
    0.409756 0.0329 7
    0.7339 0.9671 3
  1.04719 7 - 3
    0.619306 0.50015 5
    0.76062 0.260026 3
    1.04719 0.239824 0
  1.06639 3 + 1
    0.954003 1 1
  1.07382 5 - 7
    0.283832 0.003509 13
    0.326171 0.134595 10
    0.487871 0.155994 6
    0.645936 0.054538 5
    0.780716 0.115895 4
    0.961433 0.454182 1
    1.07382 0.081287 0
  1.07869 9 - 3
    0.331041 0.3224 10
    0.650806 0.5021 5
    0.94565 0.1755 2
  1.08712 9 - 2
    0.95408 0.5 2
    0.974733 0.5 1
  1.08815 7 - 2
    0.975763 0.925928 1
    1.08815 0.074072 0
  1.14446 3 + 2
    1.03207 0.030071 1
    1.14446 0.969929 0
  1.1623 9 + 1
    1.04991 1 1
  1.18185 7 - 2
    0.404529 0.516 12
    0.753966 0.484 5
  1.18419 1 - 3
    0.324655 0.098 16
    0.598241 0.229 6
    0.89762 0.673 3
  1.1892 9 - 2
    0.761316 0.5 5
    1.07681 0.5 1
  1.19853 5 + 3
    0.534575 0.068081 9
    0.770646 0.318806 5
    0.91196 0.613112 3
  1.24524 3 - 4
    0.659291 0.118798 6
    0.952136 0.615388 4
    0.95867 0.068919 3
    1.24524 0.196896 0
  1.25993 1 + 2
    0.6315 0.7983 8
    1.25993 0.2017 0
  1.3017 5 + 3
    0.873816 0.5149 5
    1.18931 0.2987 1
    1.3017 0.1864 0
  1.369 7 + 2
    0.941116 0.5 5
    1.25661 0.5 1
  1.37451 5 - 1
    0.788561 1 6
  1.38036 7 + 1
    1.38036 1 0
  1.40669 5 - 1
    0.978806 1 5
  1.43195 5 + 2
    0.684301 0.4083 10
    0.767995 0.5917 9
  1.433 1 + 2
    1.14643 0.5 3
    1.433 0.5 0
  1.439 7 + 2
    0.649012 0.7253 13
    1.439 0.2747 0
  1.45468 3 - 1
    0.868731 1 6
  1.45663 5 - 2
    0.870681 0.8842 6
    1.45663 0.1158 0
  1.484 5 - 2
    1.1909 0.5 4
    1.37161 0.5 1
  1.48757 11 - 3
    0.40888 0.2592 26
    0.739921 0.588 10
    1.35453 0.1528 2
  1.49145 7 + 4
    0.905501 0.057068 6
    1.06357 0.067968 5
    1.35841 0.044989 2
    1.49145 0.829975 0
  1.55012 9 + 3
    0.92169 0.2811 8
    1.43773 0.4132 1
    1.55012 0.3057 0
  1.55594 3 + 2
    1.26284 0.5 4
    1.44356 0.5 1
  1.56089 5 + 5
    0.701355 0.518726 16
    0.813241 0.094925 10
    0.974941 0.19031 6
    1.4485 0.150408 1
    1.56089 0.045632 0
  1.58953 5 + 4
    0.978816 0.76203 7
    1.45649 0.036111 2
    1.47714 0.107404 1
    1.58953 0.094454 0
  1.603 1 + 2
    1.31643 0.5 3
    1.603 0.5 0
  1.62843 13 + 3
    0.69433 0.2873 18
    0.81411 0.5128 14
    1.49539 0.1999 2
  1.65267 5 + 4
    1.04196 0.2212 7
    1.06672 0.1789 6
    1.22479 0.2161 5
    1.65267 0.3838 0
  1.66777 5 - 3
    0.827878 0.271273 15
    1.03934 0.216978 8
    1.3812 0.511749 3
  1.67337 3 - 1
    1.38027 1 4
  1.74096 15 + 2
    0.80686 0.641 18
    0.92664 0.359 14
  1.764 11 - 2
    1.01635 0.5 10
    1.63096 0.5 2
  1.784 1 + 2
    1.49743 0.5 3
    1.784 0.5 0
  1.8031 3 - 1
    0.72441 1 26
  1.8114 7 - 1
    1.8114 1 0
  1.89501 3 + 2
    1.60191 0.5 4
    1.78262 0.5 1
  1.90519 13 - 2
    0.41762 0.3425 48
    0.8265 0.6575 26
  1.91084 17 + 2
    0.16988 0.057881 59
    0.97674 0.942119 18
  1.9123 9 - 1
    0.9782 1 18
  1.94338 1 + 2
    1.65681 0.5 3
    1.94338 0.5 0
  1.95834 3 - 2
    1.67177 0.5 3
    1.95834 0.5 0
  1.98607 7 + 2
    1.55819 0.5 5
    1.87368 0.5 1
  2.03036 11 - 2
    1.28271 0.5 10
    1.89732 0.5 2
  2.072 1 + 2
    1.78543 0.5 3
    2.072 0.5 0
  2.093 3 - 2
    1.80643 0.5 3
    2.093 0.5 0
  2.119 9 + 2
    1.98596 0.5 2
    2.119 0.5 0
  2.159 7 - 2
    2.02596 0.5 2
    2.159 0.5 0
  2.16673 3 + 2
    1.87363 0.5 4
    2.05434 0.5 1
  2.235 1 - 2
    1.80712 0.5 5
    1.9419 0.5 4
  2.24209 7 + 2
    1.81421 0.5 5
    2.1297 0.5 1
  2.27122 9 - 2
    1.84334 0.5 5
    2.15883 0.5 1
  2.297 3 + 2
    2.0039 0.5 4
    2.18461 0.5 1
  2.349 11 - 2
    1.60135 0.5 10
    2.21596 0.5 2
  2.39107 15 - 2
    0.48588 0.296 65
    0.9035 0.704 48
  2.437 7 + 2
    2.00912 0.5 5
    2.32461 0.5 1
  2.45643 1 + 2
    2.16986 0.5 3
    2.45643 0.5 0
  2.519 3 - 2
    2.23243 0.5 3
    2.519 0.5 0
  2.56539 1 + 2
    2.27882 0.5 3
    2.56539 0.5 0
  2.573 9 - 2
    2.14512 0.5 5
    2.46061 0.5 1
  2.59577 17 + 2
    0.68493 0.2482 66
    0.96734 0.7518 55
  2.59782 3 - 2
    2.31125 0.5 3
    2.59782 0.5 0
  2.63181 1 + 2
    2.34524 0.5 3
    2.63181 0.5 0
  2.67 7 - 2
    2.53696 0.5 2
    2.67 0.5 0
  2.713 5 + 2
    2.57996 0.5 2
    2.713 0.5 0
  2.73741 3 - 2
    2.45084 0.5 3
    2.73741 0.5 0
  2.76603 19 + 2
    0.85519 0.5587 66
    1.02507 0.4413 59
  2.78208 7 - 2
    2.64904 0.5 2
    2.78208 0.5 0
  2.824 1 + 2
    2.53743 0.5 3
    2.824 0.5 0
  2.84044 17 - 2
    0.44937 0.4016 82
    0.93525 0.5984 65
  2.87173 17 - 1
    0.96654 1 65
  2.88718 5 + 2
    2.75414 0.5 2
    2.88718 0.5 0
  2.932 3 + 2
    2.6389 0.5 4
    2.81961 0.5 1
  2.94092 9 - 2
    2.51304 0.5 5
    2.82853 0.5 1
  3.0185 21 + 2
    0.25247 0.050738 94
    1.10766 0.949262 66
  3.02 5 - 2
    2.7269 0.5 4
    2.90761 0.5 1
  3.101 7 + 2
    2.67312 0.5 5
    2.98861 0.5 1
  3.1526 3 - 2
    2.86603 0.5 3
    3.1526 0.5 0
  3.17 5 + 2
    3.03696 0.5 2
    3.17 0.5 0
  3.18235 11 - 2
    2.4347 0.5 10
    3.04931 0.5 2
  3.21043 7 + 2
    2.78255 0.5 5
    3.09804 0.5 1
  3.28906 19 - 1
    0.89799 1 82
  3.29797 1 + 2
    3.0114 0.5 3
    3.29797 0.5 0
  3.30594 19 - 2
    0.4655 0.889 97
    0.91487 0.111 82
  3.33309 3 + 2
    3.03999 0.5 4
    3.2207 0.5 1
  3.34014 5 - 2
    3.04704 0.5 4
    3.22775 0.5 1
  3.4321 19 - 2
    0.56037 0.2859 98
    1.04103 0.7141 82
  3.457 9 + 2
    3.32396 0.5 2
    3.457 0.5 0
  3.483 3 + 2
    3.1899 0.5 4
    3.37061 0.5 1
  3.61936 1 + 2
    3.33279 0.5 3
    3.61936 0.5 0
  3.64644 21 - 4
    0.3405 0.376577 111
    0.35738 0.16559 109
    0.77471 0.082555 98
    0.806 0.375277 97
  3.7464 23 + 2
    0.7279 0.7143 102
    0.98037 0.2857 94
  3.767 5 - 2
    3.4739 0.5 4
    3.65461 0.5 1
  3.8847 21 - 1
    1.01297 1 98
  3.895 7 + 2
    3.46712 0.5 5
    3.78261 0.5 1
  3.917 3 - 2
    3.63043 0.5 3
    3.917 0.5 0
  4.079 5 + 2
    3.94596 0.5 2
    4.079 0.5 0
  4.13 7 - 2
    3.99696 0.5 2
    4.13 0.5 0
  4.1993 25 + 2
    0.4529 0.1455 119
    1.1808 0.8545 102
  4.255 3 - 2
    3.96843 0.5 3
    4.255 0.5 0
  4.2676 23 - 1
    0.978541 1 109
  4.296 5 + 2
    4.16296 0.5 2
    4.296 0.5 0
  4.4722 23 - 1
    1.0401 1 114
  4.601 9 + 2
    4.46796 0.5 2
    4.601 0.5 0
  4.7067 25 - 2
    0.439099 0.2861 128
    1.06026 0.7139 118
  4.726 3 + 2
    4.4329 0.5 4
    4.61361 0.5 1
  4.8314 27 + 2
    0.6321 0.5716 126
    1.085 0.4284 119
  5.0375 25 - 1
    1.1528 1 121
  5.4761 29 + 2
    0.6447 0.2859 134
    1.2768 0.7141 126
  5.5859 27 - 1
    1.1137 1 130
  6.0595 29 - 1
    1.3528 1 132
  6.1726 31 + 2
    0.6965 0.2309 136
    1.3412 0.7691 134
  6.8707 33 + 1
    1.3946 1 136
  7.6497 33 - 1
    1.5902 1 138
  7.756 35 + 1
    1.5834 1 139
  8.4482 37 + 1
    1.5775 1 140
  10.2432 41 + 1
    1.795 1 143

34 76 167
  0 0 + 0
  0.559102 4 + 1
    0.559102 1 0
  1.12228 0 + 1
    0.563178 1 1
  1.21615 4 + 2
    0.657048 0.6292 1
    1.21615 0.3708 0
  1.33086 8 + 1
    0.771758 1 1
  1.68896 6 + 3
    0.3581 0.042829 4
    0.47281 0.248693 3
    1.12986 0.708479 1
  1.78765 4 + 5
    0.45679 0.017698 4
    0.5715 0.058894 3
    0.66537 0.188381 2
    1.22855 0.588041 1
    1.78765 0.146985 0
  1.7912 4 - 1
    0.57505 1 3
  1.8812 2 - 2
    0.66505 0.975619 3
    1.8812 0.02438 0
  2.02599 8 + 3
    0.69513 0.318284 4
    0.80984 0.649268 3
    1.46689 0.032448 1
  2.12722 4 + 6
    0.33957 0.091122 6
    0.43826 0.141603 5
    0.79636 0.067741 4
    0.91107 0.028221 3
    1.56812 0.564111 1
    2.12722 0.107202 0
  2.17055 0 + 3
    0.3829 0.163 6
    0.9544 0.1621 3
    1.61145 0.6749 1
  2.2624 12 + 1
    0.93154 1 4
  2.3469 4 - 2
    0.4657 0.2005 8
    1.13075 0.7995 3
  2.36296 4 + 3
    0.57531 0.9681 6
    1.0321 0.01257 4
    1.80386 0.01933 1
  2.42909 6 - 8
    0.30187 0.005394 10
    0.4031 0.01368 9
    0.63789 0.002137 7
    0.74013 0.07088 5
    1.09823 0.002134 4
    1.21294 0.853704 3
    1.86999 0.03329 1
    2.42909 0.01878 0
  2.4893 10 + 2
    0.80034 0.6668 5
    1.15844 0.3332 4
  2.51466 4 + 2
    0.72701 0.6759 6
    1.95556 0.3241 1
  2.57 2 - 2
    2.0109 0.5 1
    2.57 0.5 0
  2.6057 6 - 1
    2.0466 1 1
  2.6192 8 + 1
    1.28834 1 4
  2.6308 2 + 2
    2.0717 0.6803 1
    2.6308 0.3197 0
  2.65532 2 - 7
    0.48477 0.005938 11
    0.86767 0.124104 6
    1.32446 0.016191 4
    1.43917 0.248108 3
    1.53304 0.023731 2
    2.09622 0.539317 1
    2.65532 0.042611 0
  2.66988 4 - 6
    0.49933 0.03589 11
    0.88223 0.101099 6
    0.98092 0.07734 5
    1.45373 0.190399 3
    2.11078 0.594797 1
    2.66988 0.000476 0
  2.691 6 - 2
    1.47485 0.5 3
    2.1319 0.5 1
  2.8045 8 + 2
    1.47364 0.5988 4
    1.58835 0.4012 3
  2.8124 8 + 1
    1.59625 1 3
  2.8168 4 + 2
    1.60065 0.6494 3
    2.2577 0.3506 1
  2.82476 10 - 5
    0.33546 0.029371 16
    0.39567 0.176505 15
    0.56236 0.108703 12
    0.79877 0.418013 9
    1.4939 0.267408 4
  2.853 8 + 2
    1.63685 0.5 3
    2.2939 0.5 1
  2.85975 8 - 2
    0.43066 0.3641 15
    1.52889 0.6359 4
  2.8697 6 - 2
    1.65355 0.3506 3
    2.3106 0.6494 1
  2.91098 4 - 1
    0.54802 1 14
  2.9199 8 + 2
    1.70375 0.5 3
    2.3608 0.5 1
  2.95053 2 + 3
    1.16288 0.013239 6
    2.39143 0.385085 1
    2.95053 0.601676 0
  2.9684 4 - 2
    1.1772 0.5 7
    1.27944 0.5 5
  2.9762 12 + 2
    0.7138 0.082609 12
    0.95021 0.917391 9
  3.0094 4 + 1
    2.4503 1 1
  3.042 12 + 2
    1.01601 0.5 9
    1.71114 0.5 4
  3.0457 10 - 2
    0.22094 0.5453 28
    1.71484 0.4547 4
  3.06975 6 - 6
    0.8992 0.009091 11
    1.27855 0.003788 7
    1.38079 0.128796 5
    1.8536 0.757576 3
    2.51065 0.098477 1
    3.06975 0.002273 0
  3.0844 2 - 1
    2.5253 1 1
  3.1057 6 - 1
    2.5466 1 1
  3.16007 4 - 9
    0.49019 0.062156 23
    0.50475 0.038848 22
    0.73098 0.097124 15
    1.03285 0.097124 10
    1.37242 0.093234 6
    1.47111 0.388477 5
    1.94392 0.081585 3
    2.60097 0.116593 1
    3.16007 0.024859 0
  3.1916 2 - 2
    2.6325 0.5 1
    3.1916 0.5 0
  3.216 6 - 2
    1.99985 0.5 3
    2.6569 0.5 1
  3.2192 2 - 2
    2.6601 0.5 1
    3.2192 0.5 0
  3.2257 6 - 1
    0.9633 1 12
  3.239 2 - 1
    0.41424 1 28
  3.2623 12 - 3
    0.40255 0.161 30
    0.43754 0.5957 28
    0.9999 0.2433 12
  3.2688 6 + 2
    1.4776 0.5 7
    1.57984 0.5 5
  3.28225 16 + 1
    1.01985 1 12
  3.2947 8 + 2
    2.07855 0.5 3
    2.7356 0.5 1
  3.2974 10 - 1
    2.7383 1 1
  3.312 12 - 2
    0.2663 0.5453 39
    0.48724 0.4547 28
  3.35154 2 - 10
    0.68166 0.048289 23
    0.69622 0.056018 22
    0.83688 0.043789 17
    1.18099 0.0103 11
    1.22432 0.032199 10
    1.66258 0.0161 5
    2.13539 0.109497 3
    2.22926 0.01095 2
    2.79244 0.643881 1
    3.35154 0.028979 0
  3.378 6 + 2
    1.5868 0.5 7
    1.68904 0.5 5
  3.408 8 + 2
    2.19185 0.5 3
    2.8489 0.5 1
  3.417 0 - 2
    1.0701 0.5 13
    1.6258 0.5 7
  3.4321 14 + 2
    0.9428 0.8065 16
    1.1697 0.1935 12
  3.4415 14 - 4
    0.1792 0.069789 49
    0.4653 0.051879 36
    0.61674 0.798584 28
    1.1791 0.079748 12
  3.4425 6 - 2
    2.22635 0.5 3
    2.8834 0.5 1
  3.443 6 - 2
    2.22685 0.5 3
    2.8839 0.5 1
  3.4594 4 + 6
    0.78952 0.219871 23
    0.80408 0.246668 22
    1.03031 0.268065 15
    1.28885 0.024127 11
    1.67175 0.112585 6
    2.9003 0.128683 1
  3.475 8 + 2
    2.25885 0.5 3
    2.9159 0.5 1
  3.53 2 - 1
    3.53 1 0
  3.55646 2 + 4
    0.88658 0.218789 23
    0.90114 0.099995 22
    2.34031 0.056247 3
    2.99736 0.624969 1
  3.60408 10 - 4
    0.9342 0.043328 23
    2.4818 0.077986 2
    3.04498 0.012129 1
    3.60408 0.866557 0
  3.63 6 + 2
    1.8388 0.5 7
    1.94104 0.5 5
  3.6512 2 - 2
    3.0921 0.5 1
    3.6512 0.5 0
  3.6963 14 - 4
    0.2548 0.4007 60
    0.3843 0.165 54
    0.434 0.1098 49
    0.6506 0.3245 39
  3.71385 4 + 2
    3.15475 0.5 1
    3.71385 0.5 0
  3.7307 6 - 2
    2.51455 0.5 3
    3.1716 0.5 1
  3.741 0 + 2
    3.1819 0.5 1
    3.741 0.5 0
  3.776 8 + 2
    2.55985 0.5 3
    3.2169 0.5 1
  3.7857 16 + 2
    0.50345 0.4715 51
    1.5233 0.5285 12
  3.79 4 - 2
    1.9988 0.5 7
    2.10104 0.5 5
  3.806 10 - 2
    1.78001 0.5 9
    2.47514 0.5 4
  3.808 2 + 2
    2.0168 0.5 7
    2.11904 0.5 5
  3.8536 16 + 2
    0.57135 0.3675 51
    1.5912 0.6325 12
  3.861 4 - 2
    2.0698 0.5 7
    2.17204 0.5 5
  3.9063 6 - 2
    2.69015 0.5 3
    3.3472 0.5 1
  3.9158 8 + 2
    2.69965 0.5 3
    3.3567 0.5 1
  3.9291 2 - 4
    1.80188 0.10439 10
    2.71295 0.262674 3
    3.37 0.316468 1
    3.9291 0.316468 0
  3.9326 4 + 2
    3.3735 0.5 1
    3.9326 0.5 0
  3.948 8 + 2
    2.73185 0.5 3
    3.3889 0.5 1
  3.9662 6 - 2
    2.75005 0.5 3
    3.4071 0.5 1
  3.9706 2 - 6
    1.30072 0.219493 23
    1.31528 0.073168 22
    2.18295 0.178895 6
    2.75445 0.105697 3
    3.4115 0.406488 1
    3.9706 0.01626 0
  4.0017 6 - 2
    2.78555 0.5 3
    3.4426 0.5 1
  4.0056 4 + 1
    0.3093 1 70
  4.0086 16 - 1
    0.7463 1 49
  4.0193 0 + 3
    1.50464 0.1761 17
    2.68844 0.7042 4
    4.0193 0.1197 0
  4.0445 10 + 1
    2.25685 1 6
  4.0843 4 - 2
    1.65521 0.4012 15
    3.5252 0.5988 1
  4.119 2 + 2
    2.3278 0.5 7
    2.43004 0.5 5
  4.137 6 - 2
    2.92085 0.5 3
    3.5779 0.5 1
  4.17 8 + 2
    2.95385 0.5 3
    3.6109 0.5 1
  4.1731 4 - 2
    2.04588 0.8929 10
    4.1731 0.1071 0
  4.1996 2 + 4
    1.03953 0.2 43
    2.41195 0.16 6
    2.98345 0.24 3
    3.6405 0.4 1
  4.2064 6 - 2
    2.99025 0.5 3
    3.6473 0.5 1
  4.214 16 - 2
    0.5177 0.2704 70
    0.902 0.7296 54
  4.2155 4 + 2
    1.56018 0.7407 22
    3.09322 0.2593 2
  4.218 6 - 2
    3.00185 0.5 3
    3.6589 0.5 1
  4.2404 2 + 2
    2.4492 0.5 7
    2.55144 0.5 5
  4.2574 0 + 2
    3.6983 0.5 1
    4.2574 0.5 0
  4.2827 10 - 2
    2.25671 0.5 9
    2.95184 0.5 4
  4.2995 20 + 1
    1.01725 1 51
  4.3245 18 - 1
    0.883 1 60
  4.34 6 - 2
    3.12385 0.5 3
    3.7809 0.5 1
  4.3512 4 + 2
    3.7921 0.5 1
    4.3512 0.5 0
  4.3693 8 + 2
    3.15315 0.5 3
    3.8102 0.5 1
  4.3839 2 - 1
    2.25668 1 10
  4.399 8 + 2
    3.18285 0.5 3
    3.8399 0.5 1
  4.4052 18 + 1
    0.9731 1 59
  4.425 4 - 2
    2.6338 0.5 7
    2.73604 0.5 5
  4.4369 4 - 2
    3.8778 0.2248 1
    4.4369 0.7752 0
  4.4738 2 + 2
    2.6826 0.5 7
    2.78484 0.5 5
  4.4889 6 - 2
    3.27275 0.5 3
    3.9298 0.5 1
  4.523 6 - 2
    3.30685 0.5 3
    3.9639 0.5 1
  4.567 4 + 2
    4.0079 0.5 1
    4.567 0.5 0
  4.6058 2 + 7
    0.6352 0.1303 87
    1.1464 0.1061 63
    1.25426 0.1455 55
    1.53605 0.303 40
    1.975 0.1848 21
    4.0467 0.09091 1
    4.6058 0.03939 0
  4.611 6 - 2
    3.39485 0.5 3
    4.0519 0.5 1
  4.647 10 + 2
    2.1577 0.5 16
    2.95804 0.5 5
  4.658 6 - 2
    3.44185 0.5 3
    4.0989 0.5 1
  4.6875 20 + 3
    0.388 0.1415 106
    0.8339 0.4692 79
    1.40525 0.3893 51
  4.723 4 + 2
    4.1639 0.5 1
    4.723 0.5 0
  4.7284 0 - 2
    1.0321 0.3289 70
    1.2869 0.6711 60
  4.7515 2 - 2
    4.1924 0.5 1
    4.7515 0.5 0
  4.771 6 - 2
    3.55485 0.5 3
    4.2119 0.5 1
  4.811 4 + 2
    4.2519 0.5 1
    4.811 0.5 0
  4.836 8 + 2
    3.61985 0.5 3
    4.2769 0.5 1
  4.859 2 + 2
    3.0678 0.5 7
    3.17004 0.5 5
  4.911 4 - 2
    3.1198 0.5 7
    3.22204 0.5 5
  4.935 6 - 2
    3.71885 0.5 3
    4.3759 0.5 1
  4.974 10 + 2
    2.4847 0.5 16
    3.28504 0.5 5
  4.998 0 - 2
    2.6511 0.5 13
    3.2068 0.5 7
  5.032 2 + 2
    3.2408 0.5 7
    3.34304 0.5 5
  5.068 20 - 1
    1.0594 1 90
  5.081 6 - 2
    3.86485 0.5 3
    4.5219 0.5 1
  5.1398 4 + 2
    4.5807 0.5 1
    5.1398 0.5 0
  5.174 6 - 2
    3.95785 0.5 3
    4.6149 0.5 1
  5.1953 8 + 2
    3.97915 0.5 3
    4.6362 0.5 1
  5.261 8 + 2
    4.04485 0.5 3
    4.7019 0.5 1
  5.303 6 - 2
    4.08685 0.5 3
    4.7439 0.5 1
  5.401 4 + 2
    4.8419 0.5 1
    5.401 0.5 0
  5.4325 24 + 1
    1.133 1 106
  5.51 2 - 2
    4.9509 0.5 1
    5.51 0.5 0
  5.9389 4 - 2
    4.1477 0.5 7
    4.24994 0.5 5
  6.005 2 + 2
    4.2138 0.5 7
    4.31604 0.5 5
  12.528 10 - 2
    10.502 0.5 9
    11.1971 0.5 4
  12.578 4 + 2
    12.0189 0.5 1
    12.578 0.5 0
  12.678 0 - 2
    10.3311 0.5 13
    10.8868 0.5 7
  12.718 2 + 2
    10.9268 0.5 7
    11.029 0.5 5
  12.788 8 - 2
    10.9968 0.5 7
    11.099 0.5 5
  12.888 4 + 2
    12.3289 0.5 1
    12.888 0.5 0
  12.938 10 - 2
    10.912 0.5 9
    11.6071 0.5 4
  13.138 2 + 2
    11.3468 0.5 7
    11.449 0.5 5
  13.278 4 - 2
    11.4868 0.5 7
    11.589 0.5 5
  13.418 8 + 2
    12.2018 0.5 3
    12.8589 0.5 1
  13.478 6 - 2
    12.2619 0.5 3
    12.9189 0.5 1
  13.528 0 + 2
    12.9689 0.5 1
    13.528 0.5 0
  13.598 4 - 2
    11.8068 0.5 7
    11.909 0.5 5
  13.728 2 + 2
    11.9368 0.5 7
    12.039 0.5 5
  13.928 6 - 2
    12.7119 0.5 3
    13.3689 0.5 1
  14.038 8 + 2
    12.8219 0.5 3
    13.4789 0.5 1
  14.118 4 - 2
    12.3268 0.5 7
    12.429 0.5 5
  14.198 2 + 2
    12.4068 0.5 7
    12.509 0.5 5

34 77 160
  0 1 - 0
  0.161922 7 + 1
    0.161922 1 0
  0.175306 9 + 1
    0.013384 1 1
  0.238999 3 - 1
    0.238999 1 0
  0.249788 5 - 2
    0.087866 0.3402 1
    0.249788 0.6598 0
  0.30115 5 + 4
    0.051362 0.069293 4
    0.062151 0.005063 3
    0.125844 0.107505 2
    0.139228 0.818138 1
  0.439452 5 - 4
    0.189664 0.003609 4
    0.200453 0.441917 3
    0.27753 0.006953 1
    0.439452 0.547521 0
  0.520639 3 - 4
    0.081187 0.000707 6
    0.270851 0.01296 4
    0.28164 0.091721 3
    0.520639 0.894612 0
  0.581011 7 - 6
    0.141559 0.02715 6
    0.279861 0.01103 5
    0.331223 0.690207 4
    0.342012 0.074891 3
    0.405705 0.056421 2
    0.419089 0.140301 1
  0.680105 5 + 8
    0.099094 0.007921 8
    0.159466 0.01262 7
    0.240653 0.002786 6
    0.378955 0.070289 5
    0.430317 0.009951 4
    0.441106 0.00367 3
    0.504799 0.076779 2
    0.518183 0.815985 1
  0.796152 7 + 3
    0.495002 0.505251 5
    0.620846 0.282728 2
    0.63423 0.212021 1
  0.808185 7 - 4
    0.368733 0.486424 6
    0.558397 0.019901 4
    0.569186 0.485624 3
    0.632879 0.00805 2
  0.817856 1 - 5
    0.297217 0.406886 7
    0.378404 0.005985 6
    0.568068 0.089147 4
    0.578857 0.29159 3
    0.817856 0.206393 0
  0.824431 5 - 9
    0.144326 0.001212 9
    0.24342 0.009347 8
    0.303792 0.237506 7
    0.384979 0.163304 6
    0.523281 0.008625 5
    0.574643 0.241006 4
    0.585432 0.319609 3
    0.662509 0.01661 1
    0.824431 0.002779 0
  0.911531 3 + 7
    0.231426 0.454054 9
    0.390892 0.130287 7
    0.472079 0.053425 6
    0.610381 0.149985 5
    0.661743 0.003051 4
    0.749609 0.184081 1
    0.911531 0.025117 0
  0.946983 1 + 6
    0.266878 0.014181 9
    0.426344 0.01232 7
    0.645833 0.475719 5
    0.707984 0.134505 3
    0.785061 0.016361 1
    0.946983 0.346914 0
  0.97004 11 + 2
    0.794734 0.7874 2
    0.808118 0.2126 1
  0.9783 9 - 5
    0.397289 0.108496 8
    0.538848 0.095636 6
    0.728512 0.636774 4
    0.802994 0.082727 2
    0.816378 0.076367 1
  0.9992 5 + 2
    0.478561 0.5 7
    0.749412 0.5 4
  1.00518 3 - 11
    0.180749 0.063747 13
    0.187324 0.013369 12
    0.325075 0.004758 9
    0.424169 0.004392 8
    0.484541 0.222791 7
    0.565728 0.093176 6
    0.70403 0.004075 5
    0.755392 0.373985 4
    0.766181 0.009648 3
    0.843258 0.003368 1
    1.00518 0.206692 0
  1.02414 13 + 1
    0.848834 1 2
  1.12664 11 + 2
    0.951334 0.5848 2
    0.964718 0.4152 1
  1.12811 1 + 6
    0.181127 0.01007 15
    0.216579 0.007496 14
    0.607471 0.411302 7
    0.82696 0.01193 5
    0.889111 0.213801 3
    1.12811 0.345401 0
  1.13246 9 - 4
    0.452355 0.086618 9
    0.83131 0.528189 5
    0.957154 0.221596 2
    0.970538 0.163597 1
  1.17248 9 - 2
    0.364295 0.1773 11
    0.733028 0.8227 6
  1.1793 5 - 1
    0.739848 1 6
  1.18698 3 + 10
    0.239997 0.059909 15
    0.275449 0.01221 14
    0.362549 0.008253 13
    0.506875 0.01188 9
    0.666341 0.050759 7
    0.747528 0.0323 6
    0.88583 0.659291 5
    0.937192 0.01048 4
    0.947981 0.02702 3
    1.18698 0.127898 0
  1.1931 9 + 2
    0.396948 0.3012 10
    0.89195 0.6988 5
  1.23062 5 - 6
    0.649609 0.091728 8
    0.791168 0.237595 6
    0.92947 0.094988 5
    0.980832 0.080748 4
    0.991621 0.47499 3
    1.23062 0.01995 0
  1.25296 5 + 4
    0.572855 0.157592 9
    0.671949 0.074006 8
    0.732321 0.095535 7
    0.95181 0.672866 5
  1.2828 7 - 2
    0.474615 0.2961 11
    0.843348 0.7039 6
  1.35157 11 - 4
    0.17909 0.0186 24
    0.37327 0.069639 17
    0.543385 0.04347 11
    0.770559 0.868291 8
  1.36427 5 + 7
    0.17729 0.017909 26
    0.452739 0.015689 14
    0.556085 0.019419 11
    0.684165 0.078326 9
    0.843631 0.175391 7
    1.06312 0.626269 5
    1.11448 0.066997 4
  1.40249 3 - 10
    0.27438 0.009182 22
    0.39731 0.117699 19
    0.455507 0.02143 15
    0.490959 0.002634 14
    0.584634 0.01563 12
    0.606338 0.003491 10
    0.881851 0.129399 7
    0.963038 0.06694 6
    1.16349 0.446197 3
    1.40249 0.187399 0
  1.41163 3 - 14
    0.28352 0.000708 22
    0.40645 0.000836 19
    0.464647 0.000963 15
    0.587199 0.012519 13
    0.593774 0.020868 12
    0.603445 0.007096 11
    0.615478 0.000868 10
    0.731525 0.004874 9
    0.830619 0.047154 8
    0.890991 0.189278 7
    0.972178 0.018918 6
    1.16184 0.214875 4
    1.17263 0.160381 3
    1.41163 0.320662 0
  1.439 3 + 2
    1.27708 0.5 1
    1.439 0.5 0
  1.48824 7 + 12
    0.36013 0.006749 22
    0.48306 0.144322 19
    0.576709 0.002437 14
    0.663809 0.050428 13
    0.670384 0.056988 12
    0.680055 0.002437 11
    0.692088 0.002999 10
    0.808135 0.075741 9
    0.967601 0.172426 7
    1.04879 0.125619 6
    1.24924 0.172426 3
    1.48824 0.187428 0
  1.51102 3 + 15
    0.32404 0.009884 26
    0.50584 0.063928 19
    0.564037 0.030739 15
    0.599489 0.095886 14
    0.686589 0.028279 13
    0.693164 0.018439 12
    0.714868 0.002164 10
    0.930009 0.046228 8
    0.990381 0.245891 7
    1.07157 0.142595 6
    1.20987 0.020159 5
    1.26123 0.034419 4
    1.27202 0.145094 3
    1.3491 0.017949 1
    1.51102 0.098346 0
  1.6077 1 + 10
    0.660717 0.01737 15
    0.696169 0.01883 14
    0.783269 0.01193 13
    0.799515 0.02232 11
    0.811548 0.01235 10
    0.927595 0.07393 9
    1.02669 0.04045 8
    1.16825 0.0558 6
    1.30655 0.6975 5
    1.3687 0.04952 3
  1.61658 11 - 2
    0.4441 0.1806 24
    0.808395 0.8194 11
  1.6205 11 + 1
    0.824348 1 10
  1.62314 1 - 8
    0.676157 0.01333 15
    0.711609 0.079461 14
    0.798709 0.002454 13
    0.805284 0.04 12
    1.18369 0.007998 6
    1.37335 0.05705 4
    1.38414 0.533204 3
    1.62314 0.266502 0
  1.71475 7 + 9
    0.52777 0.003626 26
    0.70957 0.021278 19
    0.803219 0.011389 14
    0.890319 0.061724 13
    0.896894 0.098881 12
    1.19411 0.20678 7
    1.2753 0.020978 6
    1.47575 0.275674 3
    1.71475 0.299671 0
  1.72194 13 + 3
    0.5953 0.1533 21
    0.6978 0.1168 20
    0.7519 0.7299 16
  1.81764 1 - 10
    0.3294 0.00309 36
    0.63066 0.000625 26
    0.68953 0.008792 22
    0.81246 0.006664 19
    0.993209 0.006251 13
    0.999784 0.01415 12
    1.00945 0.005226 11
    1.297 0.686701 7
    1.37819 0.1456 6
    1.57864 0.1229 3
  1.83086 7 - 7
    0.31984 0.01068 37
    0.82568 0.027869 19
    0.883877 0.069669 15
    1.31022 0.167197 7
    1.39141 0.153297 6
    1.58107 0.106798 4
    1.83086 0.464491 0
  1.88652 13 - 3
    0.53495 0.028799 31
    0.90822 0.899282 17
    0.91648 0.071919 16
  1.88867 3 + 3
    1.20857 0.362264 9
    1.58752 0.260374 5
    1.72675 0.377362 1
  1.91606 5 + 9
    0.40504 0.005185 37
    0.42782 0.002687 36
    0.51357 0.007776 33
    0.969077 0.018149 15
    1.09163 0.24978 13
    1.39542 0.235681 7
    1.61491 0.044776 5
    1.67706 0.221483 3
    1.91606 0.214483 0
  1.9986 3 - 1
    0.64703 1 31
  2.05545 15 + 2
    1.03131 0.5208 20
    1.08541 0.4792 16
  2.057 5 + 2
    1.818 0.5 3
    1.88169 0.5 2
  2.09209 13 - 3
    0.47551 0.04354 39
    0.74052 0.086969 31
    0.91961 0.869491 24
  2.10337 17 + 1
    1.07923 1 20
  2.1426 7 - 2
    1.13742 0.080882 19
    2.1426 0.919118 0
  2.157 5 + 2
    1.918 0.5 3
    1.98169 0.5 2
  2.21214 3 - 6
    0.7239 0.01586 36
    1.02516 0.1279 26
    1.08403 0.111 22
    1.38771 0.09514 13
    1.6915 0.1216 7
    2.21214 0.5285 0
  2.24022 15 + 2
    1.11358 0.8197 21
    1.21608 0.1803 20
  2.24892 9 - 4
    0.7379 0.333333 37
    0.88465 0.10331 32
    1.30194 0.210021 15
    2.00992 0.353335 3
  2.26416 15 - 2
    0.37764 0.03109 46
    0.91259 0.96891 31
  2.29228 3 - 5
    0.80404 0.006376 36
    1.3453 0.201901 15
    1.47442 0.175401 12
    1.48409 0.08502 11
    1.99113 0.531302 5
  2.32013 7 + 2
    1.4086 0.6897 14
    2.01898 0.3103 5
  2.33994 1 + 4
    0.97567 0.083864 32
    1.39296 0.455768 15
    1.75893 0.241583 8
    2.09015 0.218785 4
  2.37336 5 - 1
    2.21144 1 1
  2.39301 3 - 7
    0.67826 0.002678 42
    0.98138 0.090707 34
    1.14005 0.072695 29
    1.58482 0.164512 11
    1.7129 0.187413 9
    1.87237 0.382528 7
    2.39301 0.099467 0
  2.45545 7 + 3
    0.7407 0.2551 42
    1.45027 0.5969 19
    1.77534 0.148 9
  2.49192 9 + 4
    1.00368 0.175418 36
    1.67406 0.131013 12
    2.19077 0.491949 5
    2.33 0.20162 1
  2.5519 3 - 6
    0.73426 0.008764 44
    1.32128 0.167194 28
    1.36492 0.027869 26
    1.60492 0.183094 15
    1.74371 0.214993 11
    1.97089 0.398086 8
  2.55384 1 + 3
    1.14221 0.1512 34
    1.36686 0.4878 26
    1.60686 0.361 15
  2.5798 15 + 1
    0.9593 1 40
  2.584 5 - 2
    2.42208 0.5 1
    2.584 0.5 0
  2.61117 15 - 1
    0.99459 1 39
  2.64097 7 + 3
    1.23848 0.334733 33
    1.63579 0.241524 19
    1.72944 0.423742 14
  2.71632 5 - 4
    1.22808 0.052769 36
    1.4857 0.065639 28
    1.52934 0.643494 26
    2.41517 0.238098 5
  2.77677 3 + 6
    0.95913 0.065372 44
    1.36514 0.153705 34
    1.77159 0.176705 19
    1.95891 0.162505 12
    2.52698 0.176705 4
    2.77677 0.265008 0
  2.7896 17 + 1
    1.06766 1 43
  2.8091 1 - 2
    1.80392 0.2701 19
    2.8091 0.7299 0
  2.81546 7 - 1
    2.56567 1 4
  2.8183 15 - 2
    1.20172 0.8475 39
    1.46673 0.1525 31
  2.85309 5 + 4
    1.84791 0.311303 19
    2.02866 0.056291 13
    2.03523 0.301303 12
    2.61409 0.331103 3
  2.86446 17 - 1
    0.97794 1 46
  2.8693 15 - 2
    0.77721 0.6668 52
    1.25272 0.3332 39
  2.87298 3 + 5
    1.46135 0.09682 34
    1.62002 0.140614 29
    1.74487 0.059496 22
    2.62319 0.162216 4
    2.87298 0.540854 0
  2.89194 3 - 5
    1.28424 0.124601 38
    1.48945 0.04499 33
    1.98041 0.197202 14
    2.07408 0.287203 12
    2.59079 0.346003 5
  2.95 9 + 2
    2.64885 0.5 5
    2.77469 0.5 2
  2.96679 17 - 4
    0.10233 0.1709 80
    0.35562 0.1378 71
    0.70263 0.2178 59
    0.8747 0.4735 52
  2.98291 5 + 1
    2.98291 1 0
  2.99421 7 + 4
    0.62085 0.1042 63
    1.10554 0.125 47
    1.50597 0.5104 36
    2.75521 0.2604 3
  3.01469 17 - 2
    0.9226 0.099118 52
    1.12817 0.900882 46
  3.04031 1 + 3
    2.3602 0.2265 9
    2.4593 0.221 8
    2.60086 0.5525 6
  3.05114 5 + 4
    1.33639 0.1004 42
    1.54012 0.272 37
    2.13961 0.2092 14
    2.74999 0.4184 5
  3.06394 9 - 2
    2.76279 0.5263 5
    2.81415 0.4737 4
  3.07194 17 - 3
    0.80778 0.2563 59
    0.97985 0.625 52
    1.18542 0.1187 46
  3.107 3 + 2
    2.94508 0.5 1
    3.107 0.5 0
  3.13253 7 + 3
    1.41778 0.3971 42
    1.94555 0.361 26
    2.3081 0.2419 13
  3.1475 17 - 1
    1.05541 1 52
  3.16819 5 + 1
    2.25666 1 14
  3.19152 3 - 2
    1.93856 0.463 29
    2.95252 0.537 3
  3.2014 17 - 2
    0.3321 0.5851 81
    0.3831 0.4149 78
  3.23279 1 + 1
    3.23279 1 0
  3.24392 7 + 1
    2.99413 1 4
  3.24556 19 + 2
    1.14219 0.5181 53
    1.19011 0.4819 50
  3.2649 19 - 1
    1.00074 1 59
  3.268 5 - 2
    3.10608 0.5 1
    3.268 0.5 0
  3.3127 3 + 4
    2.12572 0.39836 26
    2.18606 0.111589 21
    2.30752 0.378462 19
    2.49484 0.111589 12
  3.32703 5 - 1
    2.74602 1 8
  3.3337 21 + 1
    1.23033 1 53
  3.34863 7 - 3
    1.53099 0.2174 44
    1.83761 0.2995 37
    2.16165 0.4831 26
  3.35421 9 + 2
    3.11521 0.33 3
    3.35421 0.67 0
  3.36223 3 - 3
    1.85121 0.145915 37
    2.13161 0.313531 28
    2.92278 0.540554 6
  3.39617 1 + 1
    1.78847 1 38
  3.40398 19 - 5
    0.20258 0.077548 98
    0.38929 0.403192 88
    0.43719 0.140997 85
    0.53952 0.285794 80
    1.13982 0.092468 59
  3.4096 19 + 1
    1.16938 1 57
  3.41244 5 - 3
    1.5948 0.1755 44
    1.69769 0.2926 42
    3.41244 0.5319 0
  3.41502 7 + 3
    1.07508 0.2222 62
    1.12274 0.2222 60
    3.41502 0.5556 0
  3.4397 19 - 6
    0.2383 0.219322 98
    0.2922 0.115712 95
    0.42501 0.115312 88
    0.47291 0.158716 85
    0.57524 0.217322 80
    1.33633 0.173617 53
  3.45042 3 + 1
    3.21142 1 3
  3.472 19 - 4
    0.40006 0.1227 92
    0.60754 0.3402 80
    0.86083 0.2686 71
    1.20784 0.2685 59
  3.47667 5 + 1
    2.95603 1 7
  3.48051 1 - 3
    2.24989 0.4098 28
    2.95987 0.2582 7
    3.24151 0.332 3
  3.5179 3 + 4
    2.26494 0.2308 29
    2.70972 0.1357 11
    3.21675 0.181 5
    3.5179 0.4525 0
  3.54568 9 - 4
    1.83093 0.19998 42
    2.41757 0.392161 22
    3.10623 0.125487 6
    3.38376 0.282372 1
  3.55244 3 - 3
    1.83769 0.3454 42
    2.97143 0.3289 8
    3.25129 0.3257 5
  3.56064 5 + 3
    1.41804 0.2687 54
    2.64911 0.2338 14
    3.04 0.4975 7
  3.6414 19 - 1
    1.03023 1 71
  3.66832 5 + 2
    3.36717 0.3333 5
    3.49301 0.6667 2
  3.69441 7 + 1
    3.01431 1 9
  3.71848 7 - 3
    2.11078 0.309169 38
    2.89405 0.309169 13
    3.27903 0.381662 6
  3.76478 21 - 7
    0.29278 0.157697 117
    0.32508 0.203596 115
    0.3608 0.211496 111
    0.49988 0.059539 102
    0.61728 0.059519 95
    0.69284 0.037859 92
    0.90032 0.270295 80
  3.7724 5 + 2
    2.96422 0.641 11
    3.25176 0.359 7
  3.7982 1 + 3
    2.88667 0.327407 14
    3.5592 0.077382 3
    3.63628 0.595212 1
  3.8271 3 - 1
    1.61496 1 56
  3.8646 21 + 2
    0.5309 0.8001 106
    0.61904 0.1999 101
  3.86866 5 + 3
    3.04423 0.1875 13
    3.62966 0.2917 3
    3.69335 0.5208 2
  3.88 21 - 2
    0.47602 0.1527 111
    1.01554 0.8473 80
  3.8851 21 + 2
    1.0955 0.4595 75
    1.78173 0.5405 53
  3.93512 9 - 3
    2.98814 0.1441 15
    3.11069 0.4505 13
    3.35411 0.4054 8
  3.9885 21 - 1
    0.97381 1 88
  4.06849 5 + 3
    3.2603 0.41 11
    3.48748 0.5 8
    3.82949 0.09 3
  4.1803 23 + 3
    0.3157 0.1291 132
    0.8466 0.7139 106
    0.93474 0.157 101
  4.21219 3 - 1
    3.26521 1 15
  4.24363 7 - 3
    3.29665 0.4525 15
    3.43544 0.1765 11
    4.24363 0.371 0
  4.28844 1 + 3
    3.16033 0.2131 22
    3.28326 0.3185 19
    4.28844 0.4684 0
  4.30169 23 - 2
    0.53691 0.535 128
    1.03679 0.465 102
  4.321 23 - 2
    0.55622 0.5955 128
    1.0561 0.4045 102
  4.34 3 + 2
    4.17808 0.5 1
    4.34 0.5 0
  4.3919 23 - 1
    1.127 1 102
  4.43 7 + 2
    4.18021 0.5 4
    4.26808 0.5 1
  4.5318 23 + 2
    1.1981 0.7246 106
    1.28624 0.2754 101
  4.6258 25 + 2
    0.4455 0.082718 139
    1.2921 0.917282 106
  4.64 3 - 2
    4.33885 0.5 5
    4.401 0.5 3
  4.6705 23 + 1
    1.2609 1 112
  4.75 5 - 2
    4.58808 0.5 1
    4.75 0.5 0
  4.8469 25 - 2
    0.5259 0.5991 144
    1.08212 0.4009 128
  4.8623 25 + 4
    0.2365 0.177204 149
    0.682 0.605112 139
    0.9977 0.072581 132
    1.5286 0.145103 106
  5.0014 25 - 1
    1.1214 1 134
  5.2589 27 + 2
    0.6331 0.7635 149
    1.0786 0.2365 139
  5.584 27 - 1
    1.1921 1 146
  5.9414 29 + 2
    0.6825 0.3245 156
    1.3156 0.6755 149
  6.6549 31 + 1
    1.396 1 156

34 78 186
  0 0 + 0
  0.613727 4 + 1
    0.613727 1 0
  1.30864 4 + 2
    0.694913 0.5716 1
    1.30864 0.4284 0
  1.4986 0 + 1
    0.884873 1 1
  1.50282 8 + 1
    0.889093 1 1
  1.75869 0 + 2
    0.45005 0.0358 2
    1.14496 0.9642 1
  1.85393 6 + 3
    0.35111 0.0177 4
    0.54529 0.3322 2
    1.2402 0.6501 1
  1.9959 4 + 4
    0.4973 0.048776 3
    0.68726 0.25238 2
    1.38217 0.256579 1
    1.9959 0.442265 0
  2.19065 8 + 2
    0.68783 0.8066 4
    1.57692 0.1934 1
  2.26707 8 - 3
    0.27117 0.1507 7
    0.95843 0.2428 2
    1.65334 0.6065 1
  2.2998 2 + 1
    2.2998 1 0
  2.32733 4 + 6
    0.33143 0.013479 7
    0.56864 0.018379 5
    0.82451 0.016689 4
    1.01869 0.050878 2
    1.7136 0.833867 1
    2.32733 0.066707 0
  2.33524 0 + 2
    1.0266 0.0975 2
    1.72151 0.9025 1
  2.36185 0 + 1
    1.74812 1 1
  2.50732 6 - 3
    1.0045 0.144914 4
    1.19868 0.724672 2
    1.89359 0.130413 1
  2.53694 4 + 4
    0.2017 0.032082 12
    1.03834 0.022171 3
    1.2283 0.20691 2
    1.92321 0.738837 1
  2.5463 8 + 2
    0.27923 0.909382 9
    1.04348 0.090618 4
  2.55326 12 + 1
    1.05044 1 4
  2.56 4 - 2
    0.29293 0.5 9
    0.70607 0.5 6
  2.6296 8 + 1
    1.12678 1 4
  2.64747 4 + 5
    0.28562 0.083068 13
    0.32014 0.060588 11
    0.65157 0.234393 7
    0.79354 0.077368 6
    1.33883 0.544584 2
  2.68211 8 + 6
    0.17479 0.01139 14
    0.35478 0.107996 11
    0.68621 0.061288 7
    0.82818 0.51058 6
    1.37347 0.275589 2
    2.06838 0.033159 1
  2.7193 4 + 1
    1.41066 1 2
  2.735 10 + 1
    1.23218 1 4
  2.74252 8 - 3
    0.55187 0.591824 8
    0.88859 0.059162 6
    1.2397 0.349014 4
  2.75303 0 + 2
    2.1393 0.5 1
    2.75303 0.5 0
  2.75446 4 + 4
    0.75856 0.1684 7
    1.25586 0.1827 3
    1.44582 0.4807 2
    2.14073 0.1682 1
  2.83849 4 + 7
    0.15638 0.017931 21
    0.50325 0.070284 12
    0.84259 0.134408 7
    1.0798 0.193111 5
    1.52985 0.419723 2
    2.22476 0.155309 1
    2.83849 0.009235 0
  2.86412 2 + 2
    0.50227 0.301 13
    1.01019 0.699 6
  2.8899 10 - 3
    0.336645 0.1066 17
    0.38258 0.2243 14
    1.38708 0.6691 4
  2.89813 4 + 3
    0.39081 0.043159 14
    0.90223 0.094867 7
    2.2844 0.861974 1
  2.9147 8 + 1
    1.41188 1 4
  2.94919 8 - 3
    0.44187 0.4494 14
    1.09526 0.2507 6
    1.44637 0.2999 4
  3.003 6 - 2
    1.69436 0.5 2
    2.38927 0.5 1
  3.0057 4 + 2
    2.39197 0.885 1
    3.0057 0.115 0
  3.01396 12 - 3
    0.12406 0.212679 29
    0.27144 0.636336 24
    0.460705 0.150985 17
  3.03981 4 - 3
    1.04391 0.084346 7
    1.18588 0.313284 6
    1.73117 0.60237 2
  3.0486 6 - 1
    1.54578 1 4
  3.061 2 - 2
    2.44727 0.5 1
    3.061 0.5 0
  3.0887 10 - 2
    0.89805 0.5 8
    1.58588 0.5 4
  3.08973 0 + 1
    2.476 1 1
  3.13 2 + 2
    0.8302 0.5 10
    1.27607 0.5 6
  3.1333 6 - 1
    2.51957 1 1
  3.1397 8 + 1
    1.83106 1 2
  3.14233 12 + 2
    0.589075 0.3792 17
    0.95168 0.6208 8
  3.14446 6 - 5
    0.46235 0.237121 21
    0.63714 0.081007 14
    1.29053 0.040454 6
    1.64164 0.063566 4
    1.83582 0.577852 2
  3.1819 4 + 1
    3.1819 1 0
  3.18637 4 + 1
    2.57264 1 1
  3.22971 6 - 3
    0.72239 0.067537 14
    1.92107 0.613475 2
    2.61598 0.318987 1
  3.24268 4 + 7
    0.59521 0.073211 20
    0.97561 0.039191 9
    1.38875 0.093992 6
    1.48399 0.245405 5
    1.74408 0.073091 3
    2.62895 0.214104 1
    3.24268 0.261005 0
  3.25483 4 + 1
    2.6411 1 1
  3.28827 2 - 3
    1.29237 0.170695 7
    1.97963 0.053528 2
    2.67454 0.775777 1
  3.29435 8 + 5
    0.75741 0.026479 15
    0.96702 0.047639 11
    1.44042 0.100498 6
    1.79153 0.296294 4
    2.68062 0.529089 1
  3.30679 12 - 4
    0.3576 0.112389 32
    0.41689 0.523248 29
    0.56427 0.140886 24
    0.753535 0.223478 17
  3.3099 2 - 2
    2.69617 0.5 1
    3.3099 0.5 0
  3.329 6 - 2
    2.02036 0.5 2
    2.71527 0.5 1
  3.3726 6 - 2
    2.06396 0.5 2
    2.75887 0.5 1
  3.38369 0 + 1
    2.76996 1 1
  3.386 4 + 2
    2.77227 0.6667 1
    3.386 0.3333 0
  3.391 10 - 2
    1.20035 0.5 8
    1.88818 0.5 4
  3.41129 6 - 2
    0.90397 0.2807 14
    2.79756 0.7193 1
  3.4396 2 - 1
    3.4396 1 0
  3.45094 0 + 1
    2.83721 1 1
  3.453 6 - 2
    2.14436 0.5 2
    2.83927 0.5 1
  3.4882 8 + 1
    0.934945 1 17
  3.4944 4 + 3
    0.65591 0.4051 27
    1.15916 0.3319 12
    1.4985 0.263 7
  3.49626 2 - 5
    0.65777 0.205714 27
    0.95932 0.354625 15
    0.98894 0.070945 14
    1.16893 0.092196 11
    2.18762 0.276519 2
  3.52291 14 - 4
    0.21612 0.056738 53
    0.50895 0.278489 35
    0.63301 0.434683 29
    0.969655 0.230091 17
  3.52525 2 - 1
    3.52525 1 0
  3.527 2 - 2
    2.91327 0.5 1
    3.527 0.5 0
  3.546 8 - 2
    1.27893 0.5 9
    1.69207 0.5 6
  3.55015 14 - 1
    0.53619 1 35
  3.585 16 + 1
    1.03174 1 17
  3.59164 2 - 1
    2.97791 1 1
  3.6038 4 + 1
    2.99007 1 1
  3.6242 6 - 1
    3.6242 1 0
  3.6281 6 - 1
    2.31946 1 2
  3.6322 2 - 3
    1.77827 0.333333 6
    1.87351 0.333333 5
    3.6322 0.333333 0
  3.6865 6 - 1
    3.07277 1 1
  3.704 14 + 2
    0.969 0.8929 23
    1.15075 0.1071 17
  3.7113 2 - 1
    3.09757 1 1
  3.73503 10 - 1
    3.1213 1 1
  3.754 6 - 2
    2.44536 0.5 2
    3.14027 0.5 1
  3.774 6 - 2
    2.46536 0.5 2
    3.16027 0.5 1
  3.83 2 - 2
    3.21627 0.5 1
    3.83 0.5 0
  3.85585 16 + 2
    0.27085 0.2499 72
    1.3026 0.7501 17
  3.881 6 - 2
    2.57236 0.5 2
    3.26727 0.5 1
  3.89455 4 + 2
    2.39173 0.945181 4
    3.89455 0.054819 0
  3.933 4 + 2
    3.31927 0.5 1
    3.933 0.5 0
  3.95993 2 - 2
    3.3462 0.4624 1
    3.95993 0.5376 0
  3.995 10 - 2
    1.80435 0.5 8
    2.49218 0.5 4
  3.99933 2 - 5
    1.672 0.227686 11
    2.00343 0.227686 7
    2.24064 0.178489 5
    3.3856 0.307682 1
    3.99933 0.058456 0
  4.03701 6 - 1
    3.42328 1 1
  4.043 10 - 2
    1.85235 0.5 8
    2.54018 0.5 4
  4.048 16 - 1
    0.74121 1 53
  4.05 10 - 2
    1.85935 0.5 8
    2.54718 0.5 4
  4.0797 2 + 1
    4.0797 1 0
  4.106 2 - 2
    3.49227 0.5 1
    4.106 0.5 0
  4.12 6 + 2
    1.85293 0.5 9
    2.26607 0.5 6
  4.1212 16 + 3
    0.265351 0.428657 85
    0.536201 0.239076 72
    1.56795 0.332267 17
  4.13755 8 + 2
    2.82891 0.5 2
    3.52382 0.5 1
  4.1531 2 - 2
    3.53937 0.5 1
    4.1531 0.5 0
  4.155 6 - 2
    2.84636 0.5 2
    3.54127 0.5 1
  4.18185 0 + 2
    2.18595 0.3711 7
    2.87321 0.6289 2
  4.19 4 - 2
    1.92293 0.5 9
    2.33607 0.5 6
  4.2141 16 - 2
    0.66395 0.4447 71
    1.20014 0.5553 35
  4.224 6 - 2
    2.91536 0.5 2
    3.61027 0.5 1
  4.2454 2 + 2
    1.9456 0.5 10
    2.39147 0.5 6
  4.25311 4 + 3
    2.25721 0.5682 7
    2.94447 0.3068 2
    3.63938 0.125 1
  4.25932 10 - 2
    2.06867 0.5 8
    2.7565 0.5 4
  4.265 0 + 2
    3.65127 0.5 1
    4.265 0.5 0
  4.29738 4 + 1
    2.98874 1 2
  4.34161 8 - 2
    2.84301 0.5327 3
    4.34161 0.4673 0
  4.345 6 - 2
    3.03636 0.5 2
    3.73127 0.5 1
  4.36661 2 - 2
    3.05797 0.7519 2
    4.36661 0.2481 0
  4.369 6 - 2
    3.06036 0.5 2
    3.75527 0.5 1
  4.38668 4 + 2
    2.62799 0.6894 5
    3.77295 0.3106 1
  4.409 4 + 2
    3.79527 0.5 1
    4.409 0.5 0
  4.41202 18 - 3
    0.36402 0.128887 94
    0.86187 0.378962 71
    0.88911 0.492151 67
  4.424 4 + 2
    3.81027 0.5 1
    4.424 0.5 0
  4.44824 8 + 2
    2.45234 0.4012 7
    4.44824 0.5988 0
  4.451 6 - 2
    3.14236 0.5 2
    3.83727 0.5 1
  4.4686 2 + 2
    3.85487 0.8333 1
    4.4686 0.1667 0
  4.483 8 + 2
    3.17436 0.5 2
    3.86927 0.5 1
  4.493 6 - 2
    3.18436 0.5 2
    3.87927 0.5 1
  4.509 4 + 2
    3.89527 0.5 1
    4.509 0.5 0
  4.5288 2 - 1
    3.22016 1 2
  4.557 10 - 2
    2.36635 0.5 8
    3.05418 0.5 4
  4.569 8 + 2
    3.26036 0.5 2
    3.95527 0.5 1
  4.591 6 - 2
    3.28236 0.5 2
    3.97727 0.5 1
  4.616 8 + 2
    3.30736 0.5 2
    4.00227 0.5 1
  4.622 10 - 2
    2.43135 0.5 8
    3.11918 0.5 4
  4.6251 20 + 1
    1.0401 1 72
  4.639 6 - 2
    3.33036 0.5 2
    4.02527 0.5 1
  4.6728 2 + 1
    4.05907 1 1
  4.6843 4 - 2
    3.37566 0.3243 2
    4.07057 0.6757 1
  4.6898 4 + 1
    4.6898 1 0
  4.69707 4 + 2
    2.84314 0.8403 6
    4.69707 0.1597 0
  4.72321 4 + 3
    3.22039 0.4118 4
    3.22461 0.2206 3
    3.41457 0.3676 2
  4.758 2 - 2
    4.14427 0.5 1
    4.758 0.5 0
  4.7869 20 + 2
    0.1618 0.4971 132
    0.93105 0.5029 85
  4.78793 2 - 2
    3.47929 0.4186 2
    4.1742 0.5814 1
  4.7915 0 + 1
    4.17777 1 1
  4.8115 4 + 2
    3.50286 0.3421 2
    4.8115 0.6579 0
  4.8192 18 - 1
    1.26905 1 71
  4.857 18 + 2
    1.153 0.6667 79
    1.272 0.3333 72
  4.868 2 - 2
    4.25427 0.5 1
    4.868 0.5 0
  4.879 6 - 2
    3.57036 0.5 2
    4.26527 0.5 1
  4.902 6 - 2
    3.59336 0.5 2
    4.28827 0.5 1
  4.904 4 + 2
    4.29027 0.5 1
    4.904 0.5 0
  4.944 4 + 2
    4.33027 0.5 1
    4.944 0.5 0
  4.9573 8 - 1
    4.9573 1 0
  4.9723 2 - 1
    4.9723 1 0
  4.9983 6 - 1
    3.4997 1 3
  5.00465 8 + 3
    3.24596 0.405 5
    4.39092 0.5 1
    5.00465 0.095 0
  5.02214 6 - 1
    3.16821 1 6
  5.02963 4 + 2
    3.72099 0.5 2
    5.02963 0.5 0
  5.055 12 - 2
    2.32 0.5 23
    2.78793 0.5 9
  5.0908 10 + 1
    4.47707 1 1
  5.0948 8 - 1
    1.0468 1 94
  5.1019 2 + 1
    4.48817 1 1
  5.12 6 - 2
    3.81136 0.5 2
    4.50627 0.5 1
  5.12652 8 + 3
    3.13062 0.2075 7
    3.27259 0.4149 6
    3.6237 0.3776 4
  5.136 6 - 2
    3.82736 0.5 2
    4.52227 0.5 1
  5.16405 2 + 2
    3.16815 0.3151 7
    3.85541 0.6849 2
  5.18075 10 - 2
    3.32682 0.5682 6
    3.68215 0.4318 3
  5.205 4 + 2
    4.59127 0.5 1
    5.205 0.5 0
  5.235 6 - 2
    3.92636 0.5 2
    4.62127 0.5 1
  5.247 2 + 2
    2.9472 0.5 10
    3.39307 0.5 6
  5.29022 12 - 3
    3.79162 0.2981 3
    4.67649 0.3774 1
    5.29022 0.3245 0
  5.2952 6 - 1
    4.68147 1 1
  5.3397 8 + 2
    3.8411 0.6803 3
    4.03106 0.3197 2
  5.35651 4 + 2
    3.36061 0.5988 7
    4.74278 0.4012 1
  5.391 2 - 1
    4.77727 1 1
  5.422 4 + 2
    4.80827 0.5 1
    5.422 0.5 0
  5.4403 10 - 1
    4.82657 1 1
  5.4512 8 + 1
    3.9526 1 3
  5.48 6 - 2
    4.17136 0.5 2
    4.86627 0.5 1
  5.51326 2 + 3
    3.24619 0.4747 9
    4.01466 0.3891 3
    5.51326 0.1362 0
  5.58 4 - 2
    3.31293 0.5 9
    3.72607 0.5 6
  5.61 4 + 2
    4.99627 0.5 1
    5.61 0.5 0
  5.6891 6 - 1
    0.9022 1 140
  5.709 8 + 2
    4.40036 0.5 2
    5.09527 0.5 1
  5.7838 24 + 1
    1.1587 1 132
  5.837 2 - 2
    5.22327 0.5 1
    5.837 0.5 0
  6.161 10 - 2
    3.97035 0.5 8
    4.65818 0.5 4

34 79 114
  0 7 + 0
  0.09577 1 - 1
    0.09577 1 0
  0.128 1 - 1
    0.03223 1 1
  0.13697 9 + 1
    0.13697 1 0
  0.36486 5 - 1
    0.36486 1 0
  0.499 3 - 1
    0.499 1 0
  0.52793 3 - 1
    0.43216 1 1
  0.534 5 + 2
    0.035 0.5 5
    0.39703 0.5 3
  0.57197 5 - 2
    0.20711 0.047219 4
    0.4762 0.952781 1
  0.586 3 + 2
    0.49023 0.5 1
    0.586 0.5 0
  0.62981 5 + 3
    0.26495 0.032361 4
    0.49284 0.161506 3
    0.62981 0.806132 0
  0.7225 7 + 2
    0.35764 0.5 4
    0.7225 0.5 0
  0.7285 5 + 1
    0.7285 1 0
  0.75 3 + 2
    0.65423 0.5 1
    0.75 0.5 0
  0.79038 7 - 3
    0.42552 0.2101 4
    0.65341 0.3023 3
    0.79038 0.4876 0
  0.81881 7 + 2
    0.68184 0.6897 3
    0.81881 0.3103 0
  0.89716 11 + 2
    0.76019 0.8065 3
    0.89716 0.1935 0
  0.97484 3 - 3
    0.40287 0.055662 8
    0.44691 0.151006 6
    0.87907 0.793332 1
  0.9829 7 - 1
    0.45497 1 6
  1.00821 11 + 2
    0.87124 0.7519 3
    1.00821 0.2481 0
  1.0605 5 + 2
    0.43069 0.2861 10
    0.92353 0.7139 3
  1.07236 13 + 2
    0.1752 0.02101 16
    0.93539 0.97899 3
  1.08046 3 - 2
    0.55253 0.3105 6
    0.7156 0.6895 4
  1.08865 3 - 2
    0.72379 0.4631 4
    0.99288 0.5369 1
  1.11007 9 + 4
    0.21291 0.083834 16
    0.29126 0.072125 15
    0.9731 0.551661 3
    1.11007 0.29238 0
  1.134 1 - 2
    1.006 0.5 2
    1.03823 0.5 1
  1.156 1 + 1
    0.62807 1 6
  1.23118 7 + 2
    0.60137 0.3829 10
    1.09421 0.6171 3
  1.2535 5 + 1
    0.72557 1 6
  1.25681 9 - 3
    0.89195 0.5606 4
    1.11984 0.2152 3
    1.25681 0.2242 0
  1.312 7 - 2
    0.74003 0.8197 8
    0.94714 0.1803 4
  1.3222 5 - 2
    0.75023 0.4595 8
    0.79427 0.5405 6
  1.33998 9 - 1
    0.76801 1 8
  1.346 5 + 2
    0.847 0.5 5
    1.20903 0.5 3
  1.385 7 - 2
    0.886 0.5 5
    1.24803 0.5 3
  1.4176 7 - 3
    0.6891 0.1691 12
    0.78779 0.4831 10
    1.28063 0.3478 3
  1.441 5 - 2
    1.34523 0.5 1
    1.441 0.5 0
  1.4898 9 - 1
    1.12494 1 4
  1.491 1 + 2
    0.96307 0.5 6
    0.992 0.5 5
  1.5264 3 + 2
    1.43063 0.5 1
    1.5264 0.5 0
  1.561 3 - 2
    1.03307 0.5 6
    1.062 0.5 5
  1.5966 3 + 2
    1.50083 0.5 1
    1.5966 0.5 0
  1.63652 13 + 2
    0.62831 0.6251 19
    0.73936 0.3749 16
  1.647 1 - 2
    1.519 0.5 2
    1.55123 0.5 1
  1.6678 11 + 1
    0.84899 1 15
  1.671 5 + 2
    1.172 0.5 5
    1.53403 0.5 3
  1.713 15 - 2
    0.70479 0.5 19
    0.89419 0.5 15
  1.7389 3 + 2
    1.64313 0.5 1
    1.7389 0.5 0
  1.76009 1 - 1
    0.96971 1 14
  1.7639 9 - 1
    1.62693 1 3
  1.765 11 - 1
    0.97462 1 14
  1.7973 3 + 1
    1.22533 1 8
  1.817 5 - 2
    1.72123 0.5 1
    1.817 0.5 0
  1.863 3 - 2
    1.33507 0.5 6
    1.364 0.5 5
  1.934 5 + 1
    1.36203 1 8
  1.9357 9 + 1
    0.92749 1 19
  1.959 3 - 2
    1.43107 0.5 6
    1.46 0.5 5
  1.9678 13 + 1
    0.95959 1 19
  2.039 7 - 2
    1.54 0.5 5
    1.90203 0.5 3
  2.092 1 + 2
    1.56407 0.5 6
    1.593 0.5 5
  2.11393 15 + 2
    1.04157 0.7194 21
    1.21677 0.2806 16
  2.127 3 - 2
    1.59907 0.5 6
    1.628 0.5 5
  2.172 5 + 2
    1.673 0.5 5
    2.03503 0.5 3
  2.18205 13 - 2
    0.92524 0.5001 29
    1.28489 0.4999 16
  2.19625 13 - 1
    0.85627 1 32
  2.2103 9 + 1
    1.31314 1 16
  2.255 3 - 2
    1.72707 0.5 6
    1.756 0.5 5
  2.2583 17 + 1
    1.18594 1 21
  2.28 7 - 1
    1.38284 1 16
  2.3033 13 - 1
    0.96332 1 32
  2.306 5 + 2
    1.807 0.5 5
    2.16903 0.5 3
  2.3278 15 + 1
    1.31959 1 19
  2.336 1 - 2
    2.208 0.5 2
    2.24023 0.5 1
  2.34 5 + 2
    1.841 0.5 5
    2.20303 0.5 3
  2.373 5 + 2
    1.874 0.5 5
    2.23603 0.5 3
  2.416 7 - 2
    1.917 0.5 5
    2.27903 0.5 3
  2.467 7 - 2
    1.968 0.5 5
    2.33003 0.5 3
  2.475 5 + 2
    1.976 0.5 5
    2.33803 0.5 3
  2.543 1 - 2
    2.415 0.5 2
    2.44723 0.5 1
  2.552 3 + 2
    2.45623 0.5 1
    2.552 0.5 0
  2.581 5 + 2
    2.082 0.5 5
    2.44403 0.5 3
  2.599 7 - 2
    2.1 0.5 5
    2.46203 0.5 3
  2.651 9 - 2
    2.28614 0.5 4
    2.651 0.5 0
  2.6632 5 + 1
    2.52623 1 3
  2.68909 5 + 1
    2.55212 1 3
  2.712 5 + 2
    2.213 0.5 5
    2.57503 0.5 3
  2.736 3 - 2
    2.20807 0.5 6
    2.237 0.5 5
  2.7384 1 - 1
    1.66604 1 21
  2.769 5 + 2
    2.27 0.5 5
    2.63203 0.5 3
  2.83412 5 + 2
    2.69715 0.5435 3
    2.73835 0.4565 1
  2.90424 7 - 2
    2.53938 0.7692 4
    2.80847 0.2308 1
  2.941 1 + 2
    2.41307 0.5 6
    2.442 0.5 5
  2.963 3 - 2
    2.43507 0.5 6
    2.464 0.5 5
  2.987 1 - 2
    2.859 0.5 2
    2.89123 0.5 1
  3.0315 1 - 1
    2.93573 1 1
  3.06176 3 - 1
    2.6969 1 4
  3.121 7 + 2
    2.75614 0.5 4
    3.121 0.5 0
  3.17102 9 + 1
    2.80616 1 4
  3.17652 11 - 2
    2.54671 0.6452 10
    2.81166 0.3548 4
  3.221 3 + 2
    3.12523 0.5 1
    3.221 0.5 0
  3.28 1 + 2
    2.75207 0.5 6
    2.781 0.5 5
  3.34 3 + 2
    3.24423 0.5 1
    3.34 0.5 0
  3.41 3 + 2
    3.31423 0.5 1
    3.41 0.5 0
  3.5058 7 - 1
    3.41003 1 1
  3.56438 5 + 2
    2.93457 0.4118 10
    3.42741 0.5882 3
  3.611 9 - 1
    1.3527 1 67
  3.6768 1 + 1
    2.9543 1 11
  3.755 3 + 2
    3.65923 0.5 1
    3.755 0.5 0
  3.796 3 + 2
    3.70023 0.5 1
    3.796 0.5 0
  3.845 3 + 2
    3.74923 0.5 1
    3.845 0.5 0
  3.954 3 + 2
    3.85823 0.5 1
    3.954 0.5 0
  4.09 3 + 2
    3.99423 0.5 1
    4.09 0.5 0
  4.147 3 + 2
    4.05123 0.5 1
    4.147 0.5 0
  4.36 3 + 2
    4.26423 0.5 1
    4.36 0.5 0

34 80 85
  0 0 + 0
  0.66627 4 + 1
    0.66627 1 0
  1.44935 4 + 2
    0.78308 0.3999 1
    1.44935 0.6001 0
  1.47882 0 + 1
    0.81255 1 1
  1.70145 8 + 1
    1.03518 1 1
  1.8734 0 + 1
    1.20713 1 1
  1.95982 4 + 2
    1.29355 0.6452 1
    1.95982 0.3548 0
  2.12112 6 + 2
    0.67177 0.1305 2
    1.45485 0.8695 1
  2.31129 4 + 2
    0.86194 0.1305 2
    1.64502 0.8695 1
  2.34417 4 + 4
    0.47077 0.251577 5
    0.89482 0.456159 2
    1.6779 0.250777 1
    2.34417 0.041486 0
  2.49477 8 + 3
    0.79332 0.641181 4
    1.04542 0.019229 2
    1.8285 0.33959 1
  2.51357 4 + 4
    1.03475 0.269208 3
    1.06422 0.028941 2
    1.8473 0.67292 1
    2.51357 0.028931 0
  2.6274 0 + 1
    1.17805 1 2
  2.71665 6 - 4
    0.40536 0.066723 8
    1.0152 0.066643 4
    2.05038 0.865336 1
    2.71665 0.001298 0
  2.7743 4 + 1
    2.7743 1 0
  2.787 2 - 2
    2.12073 0.5 1
    2.787 0.5 0
  2.8145 2 + 2
    2.14823 0.2248 1
    2.8145 0.7752 0
  2.82555 12 + 1
    1.1241 1 4
  2.82699 4 + 2
    2.16072 0.928509 1
    2.82699 0.071491 0
  2.8363 4 + 1
    2.8363 1 0
  2.8955 12 + 1
    1.19405 1 4
  2.94754 4 + 3
    0.82642 0.2305 7
    1.49819 0.4608 2
    2.28127 0.3087 1
  2.998 6 - 2
    1.54865 0.5 2
    2.33173 0.5 1
  3.02517 4 + 3
    1.57582 0.277772 2
    2.3589 0.555544 1
    3.02517 0.166683 0
  3.033 8 + 2
    1.58365 0.5 2
    2.36673 0.5 1
  3.036 12 + 2
    0.54123 0.5 10
    1.33455 0.5 4
  3.03774 4 + 3
    1.07792 0.4238 6
    1.55892 0.3389 3
    1.58839 0.2373 2
  3.12579 4 + 2
    1.67644 0.009901 2
    2.45952 0.990099 1
  3.16 0 + 2
    2.49373 0.5 1
    3.16 0.5 0
  3.17692 4 + 2
    1.6981 0.4118 3
    3.17692 0.5882 0
  3.1994 4 - 1
    3.1994 1 0
  3.22428 4 + 2
    1.52283 0.6993 4
    1.74546 0.3007 3
  3.226 8 + 2
    1.77665 0.5 2
    2.55973 0.5 1
  3.2483 4 + 2
    2.58203 0.5 1
    3.2483 0.5 0
  3.2804 4 + 2
    2.61413 0.422 1
    3.2804 0.578 0
  3.284 6 - 2
    1.83465 0.5 2
    2.61773 0.5 1
  3.314 2 - 2
    2.64773 0.5 1
    3.314 0.5 0
  3.3164 0 + 2
    2.65013 0.5 1
    3.3164 0.5 0
  3.34995 2 + 1
    3.34995 1 0
  3.354 6 - 2
    1.90465 0.5 2
    2.68773 0.5 1
  3.39075 4 + 2
    1.91193 0.5 3
    1.9414 0.5 2
  3.44188 0 + 2
    1.09771 0.4445 9
    2.77561 0.5555 1
  3.491 2 - 2
    2.82473 0.5 1
    3.491 0.5 0
  3.567 6 - 2
    2.11765 0.5 2
    2.90073 0.5 1
  3.6064 4 - 2
    2.15705 0.5 2
    2.94013 0.5 1
  3.6197 10 - 1
    2.95343 1 1
  3.6355 16 + 1
    0.74 1 20
  3.64 2 - 2
    2.97373 0.5 1
    3.64 0.5 0
  3.6554 6 - 2
    2.20605 0.5 2
    2.98913 0.5 1
  3.675 10 - 2
    1.18023 0.5 10
    1.97355 0.5 4
  3.7272 8 - 2
    1.41591 0.6667 8
    3.06093 0.3333 1
  3.753 6 - 2
    2.30365 0.5 2
    3.08673 0.5 1
  3.774 2 - 2
    3.10773 0.5 1
    3.774 0.5 0
  3.8137 12 + 1
    2.11225 1 4
  3.8149 16 + 1
    0.98935 1 17
  3.826 6 - 2
    2.37665 0.5 2
    3.15973 0.5 1
  3.845 2 - 2
    3.17873 0.5 1
    3.845 0.5 0
  3.87 2 - 1
    2.39118 1 3
  3.931 4 + 2
    3.26473 0.5 1
    3.931 0.5 0
  3.9519 4 + 1
    3.28563 1 1
  3.976 2 - 2
    3.30973 0.5 1
    3.976 0.5 0
  3.996 10 - 2
    1.50123 0.5 10
    2.29455 0.5 4
  4.039 8 - 2
    0.8396 0.5 30
    1.91788 0.5 7
  4.0471 4 + 1
    2.59775 1 2
  4.0622 0 + 1
    2.61285 1 2
  4.129 0 + 2
    3.46273 0.5 1
    4.129 0.5 0
  4.1515 6 - 2
    2.70215 0.5 2
    3.48523 0.5 1
  4.173 4 + 2
    3.50673 0.5 1
    4.173 0.5 0
  4.225 6 - 2
    2.77565 0.5 2
    3.55873 0.5 1
  4.247 4 + 2
    3.58073 0.5 1
    4.247 0.5 0
  4.295 8 - 2
    1.0956 0.5 30
    2.17388 0.5 7
  4.322 4 + 2
    3.65573 0.5 1
    4.322 0.5 0
  4.352 4 + 2
    3.68573 0.5 1
    4.352 0.5 0
  4.42 4 + 2
    3.75373 0.5 1
    4.42 0.5 0
  4.4366 10 - 1
    1.94183 1 10
  4.464 2 - 2
    3.79773 0.5 1
    4.464 0.5 0
  4.511 8 + 2
    3.06165 0.5 2
    3.84473 0.5 1
  4.57 6 - 2
    3.12065 0.5 2
    3.90373 0.5 1
  4.6735 20 + 1
    1.038 1 46
  4.682 8 + 2
    3.23265 0.5 2
    4.01573 0.5 1
  4.95 6 - 2
    3.50065 0.5 2
    4.28373 0.5 1
  4.993 2 - 2
    4.32673 0.5 1
    4.993 0.5 0
  5.18 6 - 2
    3.73065 0.5 2
    4.51373 0.5 1
  5.325 6 - 2
    3.87565 0.5 2
    4.65873 0.5 1
  7.81852 2 - 20
    3.75632 0.034435 64
    3.86662 0.024019 59
    3.94852 0.024019 57
    4.16312 0.010408 48
    4.19882 0.022425 45
    4.21212 0.029635 44
    4.37664 0.041645 41
    4.42777 0.068054 40
    4.46857 0.07367 38
    4.50212 0.017616 37
    4.57022 0.058454 33
    4.61912 0.044035 30
    4.69273 0.100079 27
    4.99153 0.099282 18
    5.00402 0.028022 16
    5.19112 0.008006 12
    5.30495 0.051244 11
    5.50723 0.033638 8
    5.8587 0.222506 6
    5.94512 0.008807 5

34 81 77
  0 1 - 0
  0.103 7 + 1
    0.103 1 0
  0.2943 9 + 1
    0.1913 1 1
  0.46774 3 - 1
    0.46774 1 0
  0.49106 5 - 2
    0.38806 0.091618 1
    0.49106 0.908382 0
  0.6158 5 - 2
    0.12474 0.5 4
    0.14806 0.5 3
  0.62411 5 - 2
    0.15637 0.1811 3
    0.52111 0.8189 1
  0.782 7 + 2
    0.29094 0.5 4
    0.679 0.5 1
  0.88943 3 + 4
    0.26532 0.10079 6
    0.39837 0.113589 4
    0.78643 0.349265 1
    0.88943 0.436356 0
  1.05275 5 + 2
    0.75845 0.2754 2
    0.94975 0.7246 1
  1.109 5 + 2
    0.64126 0.5 3
    0.8147 0.5 2
  1.23277 1 + 2
    0.76503 0.8 3
    1.23277 0.2 0
  1.30346 5 + 3
    0.8124 0.175782 4
    0.83572 0.606039 3
    1.20046 0.218178 1
  1.40633 3 - 3
    0.91527 0.068609 4
    0.93859 0.209398 3
    1.40633 0.721993 0
  1.628 3 - 2
    0.57525 0.5 9
    1.16026 0.5 3
  1.70259 3 + 7
    0.39913 0.077582 12
    0.64984 0.071481 9
    0.81316 0.136922 8
    1.08679 0.12792 5
    1.21153 0.297548 4
    1.59959 0.148724 1
    1.70259 0.139822 0
  1.71125 3 + 3
    1.08714 0.1974 6
    1.24351 0.4386 3
    1.71125 0.364 0
  1.72489 3 + 5
    0.49212 0.069122 11
    0.67214 0.065612 9
    1.23383 0.045541 4
    1.25715 0.129704 3
    1.72489 0.690021 0
  1.812 7 + 2
    1.32094 0.5 4
    1.709 0.5 1
  1.8281 3 + 3
    0.93867 0.058157 8
    1.36036 0.360478 3
    1.8281 0.581365 0
  2.02964 3 - 2
    1.5619 0.625 3
    2.02964 0.375 0
  2.15 3 - 2
    1.09725 0.5 9
    1.68226 0.5 3
  2.1739 3 - 2
    1.54979 0.3671 6
    1.70616 0.6329 3
  2.17933 3 + 1
    1.68827 1 4
  2.25302 5 + 6
    0.94956 0.370611 12
    1.62891 0.073622 6
    1.63722 0.099753 5
    1.78528 0.237507 3
    1.95872 0.111603 2
    2.15002 0.106903 1
  2.282 3 - 2
    1.22925 0.5 9
    1.81426 0.5 3
  2.33273 5 + 3
    1.84167 0.2617 4
    1.86499 0.4673 3
    2.33273 0.271 0
  2.3834 7 + 2
    0.67215 0.6999 16
    1.89234 0.3001 4
  2.475 9 - 2
    1.98394 0.5 4
    2.372 0.5 1
  2.532 5 + 2
    2.06426 0.5 3
    2.2377 0.5 2
  2.5689 1 - 2
    1.16257 0.3378 13
    2.5689 0.6622 0
  2.57018 3 - 3
    2.07912 0.1123 4
    2.10244 0.6039 3
    2.57018 0.2838 0
  2.596 3 - 2
    1.54325 0.5 9
    2.12826 0.5 3
  2.65965 5 - 1
    2.65965 1 0
  2.734 11 - 1
    2.4397 1 2
  2.76976 5 - 2
    2.14565 0.1667 6
    2.30202 0.8333 3
  2.7737 5 + 2
    1.36737 0.3976 13
    1.88427 0.6024 8
  2.891 7 + 2
    2.39994 0.5 4
    2.788 0.5 1
  2.93519 5 - 2
    0.75586 0.379 23
    2.83219 0.621 1
  2.938 1 + 2
    1.88525 0.5 9
    2.47026 0.5 3
  2.9534 5 + 1
    2.48566 1 3
  2.96511 5 - 2
    1.66165 0.6289 12
    2.341 0.3711 6
  2.985 9 - 2
    2.49394 0.5 4
    2.882 0.5 1
  2.986 1 + 2
    1.93325 0.5 9
    2.51826 0.5 3
  3.053 3 + 2
    2.95 0.5 1
    3.053 0.5 0
  3.093 7 - 2
    2.62526 0.5 3
    2.7987 0.5 2
  3.15 9 - 2
    2.65894 0.5 4
    3.047 0.5 1
  3.208 7 - 2
    2.74026 0.5 3
    2.9137 0.5 2
  3.2227 5 - 2
    2.73164 0.7246 4
    3.1197 0.2754 1
  3.287 11 + 2
    2.505 0.5 7
    3.184 0.5 1
  3.308 7 + 2
    2.81694 0.5 4
    3.205 0.5 1
  3.349 1 - 2
    2.85794 0.5 4
    3.349 0.5 0
  3.379 9 + 2
    2.32625 0.5 9
    3.0847 0.5 2
  3.411 13 - 2
    0.426 0.5 42
    0.936 0.5 28
  3.435 7 + 2
    2.94394 0.5 4
    3.332 0.5 1
  3.477 1 - 2
    2.98594 0.5 4
    3.477 0.5 0
  3.5257 11 + 2
    2.7437 0.5 7
    3.4227 0.5 1
  3.562 9 - 2
    3.07094 0.5 4
    3.459 0.5 1
  3.682 3 + 2
    3.579 0.5 1
    3.682 0.5 0
  3.774 7 - 2
    3.30626 0.5 3
    3.4797 0.5 2
  3.83 1 + 2
    2.77725 0.5 9
    3.36226 0.5 3
  3.92 1 + 2
    2.86725 0.5 9
    3.45226 0.5 3
  3.97 1 + 2
    2.91725 0.5 9
    3.50226 0.5 3
  4.095 7 - 2
    3.62726 0.5 3
    3.8007 0.5 2
  4.137 9 - 2
    3.64594 0.5 4
    4.034 0.5 1
  4.164 11 - 2
    1.43 0.5 34
    3.8697 0.5 2
  4.215 13 + 2
    1.481 0.5 34
    3.9207 0.5 2
  4.26 7 - 2
    3.79226 0.5 3
    3.9657 0.5 2
  4.437 9 + 2
    3.38425 0.5 9
    4.1427 0.5 2
  4.559 15 - 2
    0.395 0.5 65
    1.825 0.5 34
  4.656 7 + 2
    4.16494 0.5 4
    4.553 0.5 1
  4.708 11 - 2
    1.974 0.5 34
    4.4137 0.5 2
  4.845 9 + 2
    3.79225 0.5 9
    4.5507 0.5 2
  4.958 5 - 2
    4.855 0.5 1
    4.958 0.5 0
  5.08 17 + 2
    0.521 0.5 69
    0.865 0.5 66
  5.18 7 - 2
    4.71226 0.5 3
    4.8857 0.5 2
  5.33 1 + 2
    4.27725 0.5 9
    4.86226 0.5 3

34 82 39
  0 0 + 0
  0.65475 4 + 1
    0.65475 1 0
  1.4103 0 + 1
    0.75555 1 1
  1.73151 4 + 2
    1.07676 0.2064 1
    1.73151 0.7936 0
  1.73512 8 + 1
    1.08037 1 1
  2.55031 6 + 3
    0.81519 0.214079 4
    0.8188 0.374563 3
    1.89556 0.411359 1
  2.62578 0 + 1
    1.97103 1 1
  2.8937 10 - 1
    0.34339 1 5
  3.00919 6 - 1
    2.35444 1 1
  3.1033 8 + 1
    1.36818 1 4
  3.145 12 + 1
    1.40988 1 4
  3.2388 8 + 2
    1.50729 0.4286 3
    2.58405 0.5714 1
  3.37847 6 - 2
    1.64696 0.4898 3
    2.72372 0.5102 1
  3.4459 0 + 1
    1.71439 1 3
  3.45418 10 - 2
    0.56048 0.8334 7
    0.90387 0.1666 5
  3.5185 16 + 1
    0.3735 1 10
  3.59169 4 + 3
    1.86018 0.776969 3
    2.18139 0.129795 2
    3.59169 0.093236 0
  3.63129 0 + 2
    1.89978 0.4012 3
    2.97654 0.5988 1
  3.664 4 + 2
    1.11369 0.7519 5
    3.00925 0.2481 1
  3.6889 8 + 1
    3.03415 1 1
  3.757 4 + 2
    2.3467 0.2424 2
    3.10225 0.7576 1
  3.798 8 + 2
    2.06649 0.5 3
    3.14325 0.5 1
  3.831 0 + 1
    3.17625 1 1
  3.86508 6 - 2
    0.97138 0.5466 7
    2.13357 0.4534 3
  3.9179 4 + 1
    3.26315 1 1
  4.0362 4 + 1
    1.41042 1 6
  4.0943 10 - 1
    1.54399 1 5
  4.134 4 + 2
    3.47925 0.5 1
    4.134 0.5 0
  4.3914 4 + 1
    2.9811 1 2
  4.466 8 + 2
    2.73449 0.5 3
    3.81125 0.5 1
  4.535 8 + 2
    2.80349 0.5 3
    3.88025 0.5 1
  4.5662 2 - 1
    2.83469 1 3
  4.584 8 + 2
    2.85249 0.5 3
    3.92925 0.5 1
  4.809 2 - 2
    4.15425 0.5 1
    4.809 0.5 0
  4.881 8 + 2
    3.14949 0.5 3
    4.22625 0.5 1
  4.969 2 - 2
    4.31425 0.5 1
    4.969 0.5 0
  5.029 2 - 2
    4.37425 0.5 1
    5.029 0.5 0
  5.4586 6 - 1
    1.9401 1 15
  5.6886 2 - 1
    0.23 1 37

34 83 52
  0 9 + 0
  0.2285 1 - 1
    0.2285 1 0
  0.36 1 + 1
    0.36 1 0
  0.43 5 + 2
    0.07 0.5 2
    0.43 0.5 0
  0.5395 1 + 1
    0.311 1 1
  0.582 5 + 2
    0.0425 0.020439 4
    0.582 0.979561 0
  0.822 3 + 1
    0.5935 1 1
  0.9631 3 + 2
    0.3811 0.0002 5
    0.7346 0.9998 1
  1.0627 5 - 1
    0.8342 1 1
  1.1 3 + 3
    0.518 0.781292 5
    0.5605 0.179698 4
    0.8715 0.03901 1
  1.2649 5 + 2
    0.6829 0.943428 5
    1.2649 0.056572 0
  1.3308 5 + 6
    0.2308 0.000561 9
    0.2681 0.000557 8
    0.3677 0.001762 7
    0.7488 0.070301 5
    0.7913 0.002313 4
    1.3308 0.924507 0
  1.4723 3 + 3
    0.3723 0.3141 9
    0.9328 0.2256 4
    1.2438 0.4603 1
  1.587 7 - 2
    1.157 0.5 3
    1.587 0.5 0
  1.6653 5 + 4
    0.7022 0.1177 7
    1.0833 0.4202 5
    1.1258 0.1134 4
    1.6653 0.3487 0
  1.71 1 + 4
    0.4451 0.3341 10
    0.61 0.0476 9
    1.128 0.4756 5
    1.4815 0.1427 1
  1.916 7 - 2
    1.486 0.5 3
    1.916 0.5 0
  2.0767 11 - 2
    1.1136 0.5525 7
    2.0767 0.4475 0
  2.12 7 - 2
    1.69 0.5 3
    2.12 0.5 0
  2.14 9 - 1
    1.0773 1 8
  2.178 13 - 1
    0.038 1 19
  2.195 7 - 2
    1.765 0.5 3
    2.195 0.5 0
  2.314 5 + 2
    1.954 0.5 2
    2.314 0.5 0
  2.409 3 - 2
    1.979 0.5 3
    2.049 0.5 2
  2.483 5 + 2
    2.123 0.5 2
    2.483 0.5 0
  2.536 3 + 2
    1.714 0.5 6
    2.3075 0.5 1
  2.741 5 + 2
    2.381 0.5 2
    2.741 0.5 0
  2.803 9 - 2
    0.663 0.5 19
    1.7403 0.5 8
  2.8583 5 + 3
    0.7816 0.076109 17
    1.8952 0.478695 7
    2.8583 0.445196 0
  2.8803 7 - 3
    0.8036 0.1444 17
    1.5495 0.1444 11
    1.9172 0.7112 7
  2.978 11 - 2
    1.391 0.5 13
    2.978 0.5 0
  3.023 3 - 2
    2.593 0.5 3
    2.663 0.5 2
  3.106 9 - 2
    0.966 0.5 19
    2.0433 0.5 8
  3.166 7 - 1
    2.2029 1 7
  3.211 5 + 2
    2.851 0.5 2
    3.211 0.5 0
  3.353 5 + 2
    2.993 0.5 2
    3.353 0.5 0
  3.462 5 + 2
    3.102 0.5 2
    3.462 0.5 0
  3.61 1 - 2
    2.788 0.5 6
    3.3815 0.5 1
  3.647 3 - 2
    3.217 0.5 3
    3.287 0.5 2
  3.777 1 + 2
    3.347 0.5 3
    3.417 0.5 2
  3.8 7 - 2
    3.37 0.5 3
    3.8 0.5 0
  3.8651 1 + 1
    3.8651 1 0
  4.02 3 - 2
    3.59 0.5 3
    3.66 0.5 2
  4.08 9 - 2
    1.94 0.5 19
    3.0173 0.5 8
  4.18 7 - 2
    3.75 0.5 3
    4.18 0.5 0
  4.29 11 - 2
    2.703 0.5 13
    4.29 0.5 0
  4.42 3 - 2
    3.99 0.5 3
    4.06 0.5 2
  4.52 15 + 1
    2.342 1 20
  4.68 7 - 2
    4.25 0.5 3
    4.68 0.5 0
  4.77 9 + 2
    4.34 0.5 3
    4.77 0.5 0
  4.95 3 - 2
    4.52 0.5 3
    4.59 0.5 2
  4.9884 13 + 1
    1.8224 1 33

34 84 70
  0 0 + 0
  1.45455 4 + 1
    1.45455 1 0
  1.967 0 + 2
    0.51245 0.5 1
    1.967 0.5 0
  2.097 2 - 2
    0.64245 0.5 1
    2.097 0.5 0
  2.12165 8 + 1
    0.6671 1 1
  2.244 0 + 2
    0.78945 0.5 1
    2.244 0.5 0
  2.46138 2 - 2
    1.00683 0.2953 1
    2.46138 0.7047 0
  2.654 0 + 2
    1.19945 0.5 1
    2.654 0.5 0
  2.69947 4 + 2
    0.57782 0.5498 4
    1.24492 0.4502 1
  2.716 0 + 2
    1.26145 0.5 1
    2.716 0.5 0
  2.74 0 + 2
    1.28545 0.5 1
    2.74 0.5 0
  2.98475 4 + 2
    0.52337 0.086818 6
    1.5302 0.913182 1
  3.0243 4 + 2
    0.32483 0.050862 8
    1.56975 0.949138 1
  3.06977 4 - 1
    1.61522 1 1
  3.12597 6 + 2
    0.4265 0.2256 8
    1.67142 0.7744 1
  3.23243 6 - 1
    1.11078 1 4
  3.29705 4 + 2
    1.1754 0.089273 4
    1.8425 0.910727 1
  3.37054 4 + 1
    1.24889 1 4
  3.40873 4 - 1
    1.28708 1 4
  3.43915 6 + 2
    1.3175 0.8091 4
    1.9846 0.1909 1
  3.4817 6 + 1
    1.36005 1 4
  3.53709 10 + 1
    1.41544 1 4
  3.54123 4 + 2
    1.07985 0.1365 6
    2.08668 0.8635 1
  3.5483 4 - 1
    1.42665 1 4
  3.698 8 - 2
    0.57203 0.5 14
    0.62823 0.5 13
  3.70147 12 + 2
    0.16438 0.3166 21
    1.57982 0.6834 4
  3.8625 2 - 1
    0.49196 1 17
  3.87201 8 - 2
    0.57496 0.1763 16
    1.75036 0.8237 4
  3.934 4 + 2
    2.47945 0.5 1
    3.934 0.5 0
  3.98527 4 + 1
    1.86362 1 4
  4.08218 2 - 1
    1.96053 1 4
  4.106 0 + 2
    2.65145 0.5 1
    4.106 0.5 0
  4.11633 6 - 2
    0.5751 0.435 22
    2.66178 0.565 1
  4.226 4 + 2
    2.77145 0.5 1
    4.226 0.5 0
  4.28212 2 - 4
    0.74089 0.4527 22
    0.98507 0.2775 16
    2.16047 0.1435 4
    4.28212 0.1263 0
  4.307 4 + 2
    2.85245 0.5 1
    4.307 0.5 0
  4.4058 14 + 1
    0.70433 1 25
  4.44519 8 + 1
    2.32354 1 4
  4.602 4 + 2
    3.14745 0.5 1
    4.602 0.5 0
  4.67 4 + 2
    3.21545 0.5 1
    4.67 0.5 0
  4.723 6 - 2
    2.626 0.5 3
    3.26845 0.5 1
  4.813 4 + 2
    3.35845 0.5 1
    4.813 0.5 0
  4.8985 10 - 1
    1.36141 1 21
  4.903 6 - 2
    2.806 0.5 3
    3.44845 0.5 1
  4.981 2 - 2
    3.52645 0.5 1
    4.981 0.5 0
  5.139 4 + 2
    3.68445 0.5 1
    5.139 0.5 0
  5.16117 8 - 1
    3.03952 1 4
  5.185 4 + 2
    3.73045 0.5 1
    5.185 0.5 0
  5.22196 6 - 2
    1.92491 0.422 16
    2.52249 0.578 8
  5.258 8 + 2
    3.13635 0.5 4
    3.80345 0.5 1
  5.295 4 + 2
    3.84045 0.5 1
    5.295 0.5 0
  5.373 2 - 2
    3.91845 0.5 1
    5.373 0.5 0
  5.437 10 - 2
    2.20457 0.5 15
    3.31535 0.5 4
  5.507 4 + 2
    4.05245 0.5 1
    5.507 0.5 0
  5.59616 6 - 2
    2.29911 0.4737 16
    3.47451 0.5263 4
  5.627 4 + 2
    4.17245 0.5 1
    5.627 0.5 0
  5.6376 2 - 1
    4.18305 1 1
  5.66153 6 - 1
    2.96206 1 8
  5.725 8 - 2
    2.59903 0.5 14
    2.65523 0.5 13
  5.815 4 + 2
    4.36045 0.5 1
    5.815 0.5 0
  5.86934 2 - 2
    3.16987 0.5155 8
    3.74769 0.4845 4
  5.8901 6 - 1
    4.43555 1 1
  5.922 8 + 2
    3.80035 0.5 4
    4.46745 0.5 1
  6.005 8 + 2
    3.88335 0.5 4
    4.55045 0.5 1
  6.0199 2 - 1
    2.72285 1 16
  6.2496 10 - 2
    2.84087 0.3464 18
    4.12795 0.6536 4
  6.329 4 + 2
    4.87445 0.5 1
    6.329 0.5 0
  6.4004 8 + 1
    4.94585 1 1
  6.5415 6 - 1
    5.08695 1 1
  6.6046 2 - 1
    5.15005 1 1

34 85 7
  0 5 + 0
  6.062 1 + 1
    6.062 1 0
  6.945 3 + 1
    6.945 1 0
  7.173 7 + 1
    0.228 1 2
  7.195 9 + 1
    7.195 1 0
  7.39 11 + 1
    0.217 1 3
  8.102 13 + 1
    0.907 1 4

34 86 4
  0 0 + 0
  0.7041 4 + 1
    0.7041 1 0
  1.5679 8 + 1
    0.8638 1 1
  2.0734 12 + 1
    0.5055 1 2

34 87 1
  0 5 + 0

34 88 2
  0 0 + 0
  0.886 4 + 1
    0.886 1 0

34 89 1
  0 5 + 0

34 90 1
  0 0 + 0

34 91 1
  0 3 + 0

34 92 1
  0 0 + 0

34 93 1
  0 1 + 0

34 94 1
  0 0 + 0

