14 22 1
  0 0 + 0

14 23 1
  0 5 + 0

14 24 3
  0 0 + 0
  1.879 4 + 1
    1.879 1 0
  3.441 2 + 1
    3.441 1 0

14 25 13
  0 5 + 0
  0.04 1 + 1
    0.04 1 0
  0.815 3 + 1
    0.815 1 0
  1.963 7 + 1
    1.148 1 2
  2.373 9 + 1
    2.373 1 0
  2.606 3 + 2
    0.643 0.5 3
    1.791 0.5 2
  3.08 5 + 2
    3.04 0.5 1
    3.08 0.5 0
  3.29 1 + 2
    3.25 0.5 1
    3.29 0.5 0
  3.4 3 + 2
    1.437 0.5 3
    2.585 0.5 2
  3.82 11 - 1
    1.447 1 4
  4.99 5 - 2
    3.027 0.5 3
    4.175 0.5 2
  5.42 1 - 2
    2.814 0.5 5
    4.605 0.5 2
  5.73 3 - 2
    5.69 0.5 1
    5.73 0.5 0

14 26 29
  0 0 + 0
  1.7959 4 + 1
    1.7959 1 0
  2.7835 4 + 2
    0.9876 0.6897 1
    2.7835 0.3103 0
  3.3325 0 + 1
    1.5366 1 1
  3.756 2 + 2
    0.9725 0.3007 2
    1.9601 0.6993 1
  3.842 6 + 1
    2.0461 1 1
  4.093 2 + 1
    4.093 1 0
  4.138 4 + 2
    2.3421 0.8197 1
    4.138 0.1803 0
  4.183 8 + 2
    1.3995 0.5 2
    2.3871 0.5 1
  4.446 6 - 1
    2.6501 1 1
  4.806 0 + 2
    2.0225 0.6993 2
    3.0101 0.3007 1
  5.229 2 - 2
    3.4331 0.5 1
    5.229 0.5 0
  5.33 8 + 2
    2.5465 0.5 2
    3.5341 0.5 1
  5.562 2 - 2
    3.7661 0.5 1
    5.562 0.5 0
  5.94 0 + 2
    4.1441 0.5 1
    5.94 0.5 0
  6.35 4 + 2
    4.5541 0.5 1
    6.35 0.5 0
  6.47 0 + 2
    4.6741 0.5 1
    6.47 0.5 0
  6.789 6 - 2
    4.0055 0.5 2
    4.9931 0.5 1
  6.88 0 + 2
    5.0841 0.5 1
    6.88 0.5 0
  7.15 4 + 2
    5.3541 0.5 1
    7.15 0.5 0
  7.39 0 + 2
    5.5941 0.5 1
    7.39 0.5 0
  7.489 4 + 2
    5.6931 0.5 1
    7.489 0.5 0
  7.695 2 - 2
    5.8991 0.5 1
    7.695 0.5 0
  7.892 2 - 2
    6.0961 0.5 1
    7.892 0.5 0
  8.12 6 - 2
    5.3365 0.5 2
    6.3241 0.5 1
  8.57 2 - 2
    6.7741 0.5 1
    8.57 0.5 0
  8.7 4 - 2
    4.858 0.5 5
    4.944 0.5 4
  9.17 6 - 2
    6.3865 0.5 2
    7.3741 0.5 1
  13.08 6 + 2
    9.238 0.5 5
    9.324 0.5 4

14 27 126
  0 5 + 0
  0.7809 1 + 1
    0.7809 1 0
  0.9574 3 + 2
    0.1765 0.060381 1
    0.9574 0.939619 0
  2.1636 7 + 1
    2.1636 1 0
  2.6476 5 + 3
    1.6902 0.769785 2
    1.8667 0.030019 1
    2.6476 0.200196 0
  2.8663 5 + 2
    2.0854 0.04031 1
    2.8663 0.95969 0
  2.9099 9 + 2
    0.7463 0.060153 3
    2.9099 0.939847 0
  3.5402 1 + 2
    2.5828 0.3789 2
    2.7593 0.6211 1
  3.8036 3 + 3
    1.156 0.12 4
    3.0227 0.08 1
    3.8036 0.8 0
  4.1381 3 - 2
    3.1807 0.0991 2
    3.3572 0.9009 1
  4.2892 5 + 3
    2.1256 0.067709 3
    3.3318 0.411496 2
    4.2892 0.520795 0
  4.4473 11 + 2
    1.5374 0.1103 6
    2.2837 0.8897 3
  4.4748 7 + 1
    4.4748 1 0
  4.7038 5 + 2
    3.7464 0.4413 2
    4.7038 0.5587 0
  5.062 5 + 2
    2.4144 0.2188 4
    4.1046 0.7812 2
  5.208 7 + 3
    2.2981 0.480752 6
    3.0444 0.168283 3
    5.208 0.350965 0
  5.227 3 - 2
    4.4461 0.5 1
    5.227 0.5 0
  5.262 5 + 2
    4.4811 0.5 1
    5.262 0.5 0
  5.2828 7 + 2
    2.3729 0.7813 6
    3.1192 0.2187 3
  5.3167 5 - 1
    3.1531 1 3
  5.3917 3 + 2
    3.2281 0.5 3
    4.4343 0.5 2
  5.497 1 - 2
    1.6934 0.5 8
    4.5396 0.5 2
  5.547 1 - 2
    1.7434 0.5 8
    4.5896 0.5 2
  5.58 3 - 2
    4.7991 0.5 1
    5.58 0.5 0
  5.613 1 - 2
    1.8094 0.5 8
    4.6556 0.5 2
  5.783 3 - 2
    5.0021 0.5 1
    5.783 0.5 0
  5.897 3 - 2
    5.1161 0.5 1
    5.897 0.5 0
  6.028 1 - 2
    2.2244 0.5 8
    5.0706 0.5 2
  6.059 3 - 2
    5.2781 0.5 1
    6.059 0.5 0
  6.323 1 - 2
    2.5194 0.5 8
    5.3656 0.5 2
  6.346 9 - 2
    1.8987 0.5 11
    4.1824 0.5 3
  6.457 3 - 2
    5.6761 0.5 1
    6.457 0.5 0
  6.513 1 - 2
    2.7094 0.5 8
    5.5556 0.5 2
  6.572 7 - 2
    3.9244 0.5 4
    6.572 0.5 0
  6.587 3 - 2
    5.8061 0.5 1
    6.587 0.5 0
  6.626 1 + 2
    5.8451 0.5 1
    6.626 0.5 0
  6.715 5 - 2
    4.5514 0.5 3
    5.7576 0.5 2
  6.743 3 - 2
    5.9621 0.5 1
    6.743 0.5 0
  6.78 13 + 1
    3.8701 1 6
  7.005 5 - 2
    4.8414 0.5 3
    6.0476 0.5 2
  7.059 3 + 2
    4.8954 0.5 3
    6.1016 0.5 2
  7.08 1 - 2
    3.2764 0.5 8
    6.1226 0.5 2
  7.134 7 + 2
    4.9704 0.5 3
    6.1766 0.5 2
  7.223 5 - 2
    5.0594 0.5 3
    6.2656 0.5 2
  7.239 3 + 2
    5.0754 0.5 3
    6.2816 0.5 2
  7.26 9 - 2
    2.8127 0.5 11
    5.0964 0.5 3
  7.276 1 + 2
    6.4951 0.5 1
    7.276 0.5 0
  7.324 3 - 2
    6.5431 0.5 1
    7.324 0.5 0
  7.341 5 + 2
    6.5601 0.5 1
    7.341 0.5 0
  7.383 7 - 2
    4.7354 0.5 4
    7.383 0.5 0
  7.428 1 + 2
    6.6471 0.5 1
    7.428 0.5 0
  7.436 3 - 2
    6.6551 0.5 1
    7.436 0.5 0
  7.4693 5 + 1
    6.5119 1 2
  7.5316 5 + 2
    4.884 0.5 4
    6.5742 0.5 2
  7.5901 9 + 3
    3.1153 0.333333 12
    3.1428 0.333333 11
    5.4265 0.333333 3
  7.6516 11 + 2
    2.3688 0.5 18
    3.2043 0.5 11
  7.6943 5 + 1
    5.5307 1 3
  7.7048 7 - 1
    5.0572 1 4
  7.7388 9 + 5
    2.4221 0.2 19
    2.456 0.2 18
    3.2915 0.2 11
    4.8289 0.2 6
    5.5752 0.2 3
  7.7952 7 + 1
    5.6316 1 3
  7.8315 9 - 4
    2.3345 0.25 21
    3.3842 0.25 11
    4.9216 0.25 6
    5.6679 0.25 3
  7.8379 1 + 1
    6.8805 1 2
  7.8997 5 + 2
    3.4249 0.5 12
    6.9423 0.5 2
  7.909 3 + 1
    7.1281 1 1
  7.9666 5 + 1
    7.0092 1 2
  8.0319 5 + 2
    5.3843 0.5 4
    7.0745 0.5 2
  8.07 3 - 1
    7.1126 1 2
  8.1393 1 - 1
    7.1819 1 2
  8.156 3 - 2
    7.3751 0.5 1
    8.156 0.5 0
  8.1673 11 + 2
    3.72 0.5 11
    5.2574 0.5 6
  8.175 3 - 2
    7.3941 0.5 1
    8.175 0.5 0
  8.1837 3 - 1
    7.4028 1 1
  8.2001 1 - 1
    7.2427 1 2
  8.2081 7 - 1
    5.2982 1 6
  8.224 7 + 2
    6.0604 0.5 3
    7.2666 0.5 2
  8.287 1 - 2
    4.4834 0.5 8
    7.3296 0.5 2
  8.299 3 - 2
    7.5181 0.5 1
    8.299 0.5 0
  8.327 3 - 2
    7.5461 0.5 1
    8.327 0.5 0
  8.3448 7 - 2
    5.4349 0.5 6
    6.1812 0.5 3
  8.356 1 - 2
    4.5524 0.5 8
    7.3986 0.5 2
  8.3758 5 + 1
    7.4184 1 2
  8.45 3 - 2
    7.6691 0.5 1
    8.45 0.5 0
  8.486 1 + 2
    7.7051 0.5 1
    8.486 0.5 0
  8.523 3 - 2
    7.7421 0.5 1
    8.523 0.5 0
  8.544 5 + 2
    7.7631 0.5 1
    8.544 0.5 0
  8.557 1 - 2
    4.7534 0.5 8
    7.5996 0.5 2
  8.586 3 + 2
    6.4224 0.5 3
    7.6286 0.5 2
  8.669 5 - 2
    6.5054 0.5 3
    7.7116 0.5 2
  8.724 3 + 2
    6.5604 0.5 3
    7.7666 0.5 2
  8.776 1 - 2
    4.9724 0.5 8
    7.8186 0.5 2
  8.822 3 + 2
    6.6584 0.5 3
    7.8646 0.5 2
  8.864 5 - 2
    6.7004 0.5 3
    7.9066 0.5 2
  8.872 1 + 2
    8.0911 0.5 1
    8.872 0.5 0
  8.931 3 - 2
    8.1501 0.5 1
    8.931 0.5 0
  8.984 5 + 2
    8.2031 0.5 1
    8.984 0.5 0
  9.026 1 - 2
    5.2224 0.5 8
    8.0686 0.5 2
  9.066 3 + 2
    6.9024 0.5 3
    8.1086 0.5 2
  9.074 7 - 2
    6.4264 0.5 4
    9.074 0.5 0
  9.14 5 + 2
    8.3591 0.5 1
    9.14 0.5 0
  9.164 1 - 2
    5.3604 0.5 8
    8.2066 0.5 2
  9.184 3 + 2
    7.0204 0.5 3
    8.2266 0.5 2
  9.215 5 - 2
    7.0514 0.5 3
    8.2576 0.5 2
  9.227 3 + 2
    7.0634 0.5 3
    8.2696 0.5 2
  9.237 1 - 2
    5.4334 0.5 8
    8.2796 0.5 2
  9.256 7 + 2
    7.0924 0.5 3
    8.2986 0.5 2
  9.274 3 - 2
    8.4931 0.5 1
    9.274 0.5 0
  9.308 5 + 2
    8.5271 0.5 1
    9.308 0.5 0
  9.339 1 - 2
    5.5354 0.5 8
    8.3816 0.5 2
  9.363 3 + 2
    7.1994 0.5 3
    8.4056 0.5 2
  9.386 5 - 2
    7.2224 0.5 3
    8.4286 0.5 2
  9.409 7 + 2
    7.2454 0.5 3
    8.4516 0.5 2
  9.428 1 - 2
    5.6244 0.5 8
    8.4706 0.5 2
  9.438 3 + 2
    7.2744 0.5 3
    8.4806 0.5 2
  9.477 5 - 2
    7.3134 0.5 3
    8.5196 0.5 2
  9.547 15 + 2
    1.8954 0.5 55
    5.0997 0.5 11
  9.576 3 - 2
    8.7951 0.5 1
    9.576 0.5 0
  9.615 1 + 2
    8.8341 0.5 1
    9.615 0.5 0
  9.655 5 - 2
    7.4914 0.5 3
    8.6976 0.5 2
  9.715 3 + 2
    7.5514 0.5 3
    8.7576 0.5 2
  9.764 7 - 2
    7.1164 0.5 4
    9.764 0.5 0
  9.791 1 + 2
    9.0101 0.5 1
    9.791 0.5 0
  9.834 3 - 2
    9.0531 0.5 1
    9.834 0.5 0
  9.856 5 + 2
    9.0751 0.5 1
    9.856 0.5 0
  9.895 9 - 2
    5.4477 0.5 11
    7.7314 0.5 3
  9.916 1 + 2
    9.1351 0.5 1
    9.916 0.5 0
  9.934 3 - 2
    9.1531 0.5 1
    9.934 0.5 0

14 28 286
  0 0 + 0
  1.77903 4 + 1
    1.77903 1 0
  4.61786 8 + 1
    2.83883 1 1
  4.97992 0 + 1
    3.20089 1 1
  6.2762 6 + 2
    1.65834 0.1182 2
    4.49717 0.8818 1
  6.69074 0 + 1
    4.91171 1 1
  6.87879 6 - 3
    2.26093 0.02729 2
    5.09976 0.272903 1
    6.87879 0.699807 0
  6.88765 8 + 2
    2.26979 0.01293 2
    5.10862 0.98707 1
  7.38059 4 + 3
    2.40067 0.002979 3
    5.60156 0.633813 1
    7.38059 0.363208 0
  7.41626 4 + 2
    5.63723 0.060153 1
    7.41626 0.939847 0
  7.79901 6 + 4
    0.91136 0.001384 7
    1.52281 0.326312 4
    3.18115 0.01318 2
    6.01998 0.659124 1
  7.93345 4 + 5
    1.65725 0.024171 4
    2.95353 0.040092 3
    3.31559 0.047102 2
    6.15442 0.055102 1
    7.93345 0.833533 0
  8.25874 4 + 4
    3.27882 0.170007 3
    3.64088 0.039892 2
    6.47971 0.699828 1
    8.25874 0.090274 0
  8.32838 2 + 3
    2.05218 0.1619 4
    6.54935 0.2601 1
    8.32838 0.578 0
  8.41333 8 - 3
    1.53454 0.801268 6
    3.79547 0.028039 2
    6.6343 0.170693 1
  8.54356 12 + 1
    3.9257 1 2
  8.58871 6 + 5
    0.789701 0.005191 10
    1.70106 0.002991 7
    2.31251 0.069063 4
    3.97085 0.043022 2
    6.80968 0.879733 1
  8.819 2 - 2
    7.03997 0.5 1
    8.819 0.5 0
  8.9048 2 - 2
    7.12577 0.5291 1
    8.9048 0.4709 0
  8.9452 10 + 2
    2.05755 0.3902 7
    4.32734 0.6098 2
  8.9533 2 - 1
    7.17427 1 1
  9.16468 8 + 6
    1.74842 0.04527 9
    1.78409 0.135299 8
    2.27703 0.0291 7
    2.28589 0.01894 6
    4.54682 0.309497 2
    7.38565 0.461895 1
  9.31592 6 + 4
    0.72721 0.005707 16
    1.51691 0.01712 10
    3.03972 0.263893 4
    7.53689 0.713281 1
  9.38155 4 + 6
    1.12281 0.005355 12
    1.4481 0.028031 11
    1.96529 0.001071 9
    3.10535 0.039991 4
    7.60252 0.89253 1
    9.38155 0.033021 0
  9.41717 8 + 8
    1.48372 0.116007 11
    1.61816 0.429727 10
    2.00091 0.055874 9
    2.03658 0.005157 8
    2.52952 0.080795 7
    3.14097 0.013321 4
    4.79931 0.15601 2
    7.63814 0.143109 1
  9.47949 4 + 6
    2.06323 0.004952 9
    2.0989 0.006062 8
    4.49957 0.045248 3
    4.86163 0.064027 2
    7.70046 0.025949 1
    9.47949 0.853762 0
  9.49604 2 + 2
    7.71701 0.1525 1
    9.49604 0.8475 0
  9.70234 10 - 5
    1.28901 0.449991 14
    2.81469 0.070209 7
    2.82355 0.229995 6
    5.08448 0.149897 2
    7.92331 0.099908 1
  9.76452 6 - 3
    2.88573 0.005525 6
    3.48832 0.025199 4
    7.98549 0.969276 1
  9.79595 4 + 3
    4.81603 0.038877 3
    8.01692 0.421166 1
    9.79595 0.539957 0
  9.9292 2 - 1
    9.9292 1 0
  10.1816 6 - 3
    1.01692 0.219896 21
    3.9054 0.070919 4
    5.56374 0.709186 2
  10.1896 10 - 1
    3.31081 1 6
  10.209 6 + 3
    2.79274 0.035152 9
    5.59114 0.216911 2
    8.42997 0.747937 1
  10.2723 0 + 2
    1.94392 0.4118 13
    8.49327 0.5882 1
  10.3109 8 + 3
    4.0347 0.1 4
    5.69304 0.5 2
    8.53187 0.4 1
  10.3762 6 + 5
    1.78749 0.217385 16
    3.48855 0.060866 7
    4.1 0.28988 4
    5.75834 0.228984 2
    8.59717 0.202886 1
  10.4183 10 + 4
    2.61929 0.045388 10
    3.53065 0.083456 7
    4.1421 0.732063 4
    5.80044 0.139093 2
  10.5141 4 + 3
    5.53418 0.046119 3
    8.73507 0.631687 1
    10.5141 0.322194 0
  10.541 6 - 2
    3.66221 0.3421 6
    8.76197 0.6579 1
  10.5962 2 + 4
    2.26782 0.042001 13
    3.17994 0.051581 9
    5.61628 0.169503 3
    10.5962 0.736915 0
  10.668 2 - 7
    1.35208 0.491925 22
    2.73455 0.010821 11
    3.25174 0.112606 9
    3.28741 0.021151 8
    3.78035 0.068373 7
    4.3918 0.054113 4
    8.88897 0.241012 1
  10.6965 8 + 15
    1.27933 0.003449 24
    1.31495 0.002979 23
    1.38058 0.391982 22
    1.7513 0.007447 19
    2.10779 0.052128 16
    2.15294 0.003371 15
    2.43776 0.006781 12
    2.76305 0.055267 11
    2.89749 0.014889 10
    3.28024 0.118394 9
    3.31591 0.00392 8
    3.80885 0.013719 7
    4.4203 0.193591 4
    6.07864 0.072117 2
    8.91747 0.059967 1
  10.7247 2 + 1
    10.7247 1 0
  10.778 2 - 1
    4.5018 1 4
  10.8055 4 + 2
    9.02647 0.5 1
    10.8055 0.5 0
  10.8835 2 - 2
    3.46724 0.053928 9
    9.10447 0.946072 1
  10.9004 2 + 2
    9.12137 0.3197 1
    10.9004 0.6803 0
  10.9157 6 - 3
    1.59978 0.118512 22
    6.29784 0.140714 2
    9.13667 0.740774 1
  10.944 8 + 5
    1.44796 0.037187 26
    2.68526 0.132488 12
    3.52774 0.213981 9
    3.56341 0.10699 8
    9.16497 0.509354 1
  10.9528 4 + 1
    9.17377 1 1
  10.994 4 - 1
    9.21497 1 1
  11.0785 6 - 5
    1.69695 0.069935 23
    1.76258 0.118908 22
    3.66224 0.171312 9
    4.8023 0.29022 4
    9.29947 0.349624 1
  11.1 12 + 1
    6.48214 1 2
  11.142 4 + 2
    9.36297 0.5 1
    11.142 0.5 0
  11.1952 8 + 6
    1.39925 0.050581 29
    1.87928 0.081712 22
    3.81461 0.089492 8
    4.919 0.101202 4
    6.57734 0.287906 2
    9.41617 0.389108 1
  11.242 2 - 2
    9.46297 0.5 1
    11.242 0.5 0
  11.265 4 + 3
    1.0834 0.037481 31
    9.48597 0.851817 1
    11.265 0.110702 0
  11.2954 2 - 2
    9.51637 0.5 1
    11.2954 0.5 0
  11.3319 12 + 3
    2.3867 0.129691 19
    4.44425 0.059966 7
    6.71404 0.810343 2
  11.388 0 - 2
    1.89196 0.5 26
    3.05962 0.5 13
  11.4326 4 + 8
    2.84389 0.275406 16
    3.17386 0.025881 12
    3.49915 0.047131 11
    3.63359 0.044361 10
    4.01634 0.025881 9
    4.05201 0.030041 8
    9.65357 0.462109 1
    11.4326 0.089192 0
  11.4345 8 - 4
    2.11858 0.427417 22
    3.02117 0.055562 14
    4.54685 0.217909 7
    5.1583 0.299112 4
  11.446 2 + 1
    11.446 1 0
  11.5104 12 + 3
    2.34572 0.2093 21
    4.62275 0.5814 7
    6.89254 0.2093 2
  11.5153 4 + 2
    9.73627 0.5 1
    11.5153 0.5 0
  11.5724 8 + 2
    4.68475 0.8547 7
    6.95454 0.1453 2
  11.5766 12 - 2
    1.87426 0.930228 27
    3.03304 0.069772 15
  11.5846 6 - 1
    9.80557 1 1
  11.6566 4 + 2
    9.87757 0.5 1
    11.6566 0.5 0
  11.6694 2 - 2
    9.89037 0.5 1
    11.6694 0.5 0
  11.7785 10 + 1
    7.16064 1 2
  11.789 4 + 2
    10.01 0.5 1
    11.789 0.5 0
  11.7994 2 - 2
    10.0204 0.5 1
    11.7994 0.5 0
  11.8671 8 + 2
    7.24924 0.5 2
    10.0881 0.5 1
  11.8995 8 + 2
    7.28164 0.5 2
    10.1205 0.5 1
  11.9335 10 - 2
    5.04585 0.0566 7
    7.31564 0.9434 2
  11.9757 8 + 2
    7.35784 0.5 2
    10.1967 0.5 1
  11.985 2 - 1
    10.206 1 1
  12.0152 0 - 2
    2.51916 0.5 26
    3.68682 0.5 13
  12.0223 10 - 2
    5.14351 0.5 6
    7.40444 0.5 2
  12.0713 4 + 2
    10.2923 0.5 1
    12.0713 0.5 0
  12.0727 4 - 2
    4.27369 0.5 10
    5.7965 0.5 4
  12.152 12 + 1
    5.26435 1 7
  12.1743 2 - 2
    10.3953 0.5 1
    12.1743 0.5 0
  12.1816 2 - 2
    10.4026 0.5 1
    12.1816 0.5 0
  12.1939 6 - 2
    7.57604 0.5 2
    10.4149 0.5 1
  12.204 2 - 2
    2.0144 0.090082 32
    3.79067 0.909918 14
  12.216 4 - 2
    4.41699 0.5 10
    5.9398 0.5 4
  12.2394 6 + 2
    4.44039 0.5 10
    5.9632 0.5 4
  12.2404 8 + 2
    7.62254 0.5 2
    10.4614 0.5 1
  12.266 0 - 2
    2.76996 0.5 26
    3.93762 0.5 13
  12.2895 4 + 2
    10.5105 0.5 1
    12.2895 0.5 0
  12.2945 2 - 2
    10.5155 0.5 1
    12.2945 0.5 0
  12.3007 2 - 2
    10.5217 0.5 1
    12.3007 0.5 0
  12.318 4 - 2
    4.51899 0.5 10
    6.0418 0.5 4
  12.3244 8 + 2
    7.70654 0.5 2
    10.5454 0.5 1
  12.3303 2 + 2
    4.53129 0.5 10
    6.0541 0.5 4
  12.4403 4 + 2
    10.6613 0.5 1
    12.4403 0.5 0
  12.4742 8 + 2
    7.85634 0.5 2
    10.6952 0.5 1
  12.488 6 - 2
    7.87014 0.5 2
    10.709 0.5 1
  12.5413 6 + 2
    4.74229 0.5 10
    6.2651 0.5 4
  12.5503 8 + 2
    7.93244 0.5 2
    10.7713 0.5 1
  12.5729 4 + 2
    10.7939 0.5 1
    12.5729 0.5 0
  12.6351 0 - 2
    3.13906 0.5 26
    4.30672 0.5 13
  12.6423 10 - 2
    5.76351 0.5 6
    8.02444 0.5 2
  12.6629 8 - 2
    4.86389 0.5 10
    6.3867 0.5 4
  12.7142 2 + 2
    4.91519 0.5 10
    6.438 0.5 4
  12.7253 4 + 2
    10.9463 0.5 1
    12.7253 0.5 0
  12.7418 6 - 2
    8.12394 0.5 2
    10.9628 0.5 1
  12.754 2 - 2
    10.975 0.5 1
    12.754 0.5 0
  12.8019 6 - 2
    8.18404 0.5 2
    11.0229 0.5 1
  12.8047 2 - 2
    11.0257 0.5 1
    12.8047 0.5 0
  12.8148 2 - 2
    11.0358 0.5 1
    12.8148 0.5 0
  12.8159 10 + 2
    5.01689 0.5 10
    6.5397 0.5 4
  12.8544 8 + 2
    8.23654 0.5 2
    11.0754 0.5 1
  12.8584 4 - 2
    5.05939 0.5 10
    6.5822 0.5 4
  12.8657 0 - 2
    3.36966 0.5 26
    4.53732 0.5 13
  12.8994 8 + 2
    8.28154 0.5 2
    11.1204 0.5 1
  12.9014 4 + 2
    11.1224 0.5 1
    12.9014 0.5 0
  12.9164 6 + 2
    5.11739 0.5 10
    6.6402 0.5 4
  12.9229 6 + 2
    5.12389 0.5 10
    6.6467 0.5 4
  12.9479 4 + 2
    11.1688 0.5 1
    12.9479 0.5 0
  12.9727 2 - 2
    11.1937 0.5 1
    12.9727 0.5 0
  12.976 0 + 2
    11.197 0.5 1
    12.976 0.5 0
  12.9891 2 - 2
    11.2101 0.5 1
    12.9891 0.5 0
  12.994 4 - 1
    4.45044 1 15
  13.014 2 - 2
    11.235 0.5 1
    13.014 0.5 0
  13.0326 6 + 2
    5.23359 0.5 10
    6.7564 0.5 4
  13.0391 0 + 2
    11.2601 0.5 1
    13.0391 0.5 0
  13.0496 4 - 2
    5.25059 0.5 10
    6.7734 0.5 4
  13.0931 8 + 2
    8.47524 0.5 2
    11.3141 0.5 1
  13.1044 8 - 2
    5.30539 0.5 10
    6.8282 0.5 4
  13.1055 10 - 2
    6.22671 0.5 6
    8.48764 0.5 2
  13.1149 2 - 2
    11.3359 0.5 1
    13.1149 0.5 0
  13.1724 6 - 2
    8.55454 0.5 2
    11.3934 0.5 1
  13.1877 4 + 2
    11.4087 0.5 1
    13.1877 0.5 0
  13.1891 2 + 2
    5.39009 0.5 10
    6.9129 0.5 4
  13.2037 4 - 2
    5.40469 0.5 10
    6.9275 0.5 4
  13.2075 4 - 2
    5.40849 0.5 10
    6.9313 0.5 4
  13.2288 4 + 2
    11.4498 0.5 1
    13.2288 0.5 0
  13.2307 12 + 2
    6.34305 0.5 7
    8.61284 0.5 2
  13.235 0 + 2
    11.456 0.5 1
    13.235 0.5 0
  13.2459 6 - 2
    8.62804 0.5 2
    11.4669 0.5 1
  13.2587 10 - 2
    6.37991 0.5 6
    8.64084 0.5 2
  13.2706 4 - 2
    5.47159 0.5 10
    6.9944 0.5 4
  13.3173 2 - 2
    11.5383 0.5 1
    13.3173 0.5 0
  13.3195 2 + 2
    5.52049 0.5 10
    7.0433 0.5 4
  13.3598 8 + 2
    8.74194 0.5 2
    11.5808 0.5 1
  13.4144 8 + 2
    8.79654 0.5 2
    11.6354 0.5 1
  13.4233 2 - 2
    11.6443 0.5 1
    13.4233 0.5 0
  13.4244 10 + 2
    5.62539 0.5 10
    7.1482 0.5 4
  13.467 2 - 2
    11.688 0.5 1
    13.467 0.5 0
  13.4776 4 - 2
    5.67859 0.5 10
    7.2014 0.5 4
  13.4829 4 + 2
    11.7039 0.5 1
    13.4829 0.5 0
  13.4908 6 - 2
    8.87294 0.5 2
    11.7118 0.5 1
  13.5 2 - 2
    11.721 0.5 1
    13.5 0.5 0
  13.5457 4 + 2
    11.7667 0.5 1
    13.5457 0.5 0
  13.5561 10 + 2
    5.75709 0.5 10
    7.2799 0.5 4
  13.5593 6 + 2
    5.76029 0.5 10
    7.2831 0.5 4
  13.568 10 - 2
    6.68921 0.5 6
    8.95014 0.5 2
  13.5823 12 + 2
    6.69465 0.5 7
    8.96444 0.5 2
  13.604 2 - 2
    11.825 0.5 1
    13.604 0.5 0
  13.6105 10 - 2
    6.73171 0.5 6
    8.99264 0.5 2
  13.6151 4 - 2
    5.81609 0.5 10
    7.3389 0.5 4
  13.626 0 - 2
    4.12996 0.5 26
    5.29762 0.5 13
  13.6353 6 + 2
    5.83629 0.5 10
    7.3591 0.5 4
  13.6389 4 + 2
    11.8599 0.5 1
    13.6389 0.5 0
  13.6508 2 - 2
    11.8718 0.5 1
    13.6508 0.5 0
  13.6622 6 - 2
    9.04434 0.5 2
    11.8832 0.5 1
  13.667 8 + 2
    9.04914 0.5 2
    11.888 0.5 1
  13.6776 4 + 2
    11.8986 0.5 1
    13.6776 0.5 0
  13.6853 2 - 2
    11.9063 0.5 1
    13.6853 0.5 0
  13.7057 8 + 2
    9.08784 0.5 2
    11.9267 0.5 1
  13.7083 6 + 2
    5.90924 0.5 10
    7.43205 0.5 4
  13.7102 2 - 2
    11.9312 0.5 1
    13.7102 0.5 0
  13.7222 6 - 2
    9.10434 0.5 2
    11.9432 0.5 1
  13.7336 2 - 2
    11.9546 0.5 1
    13.7336 0.5 0
  13.741 0 - 3
    2.1644 0.170483 67
    3.5514 0.261374 32
    4.03866 0.568143 27
  13.7883 6 - 2
    9.17044 0.5 2
    12.0093 0.5 1
  13.798 4 - 2
    5.99899 0.5 10
    7.5218 0.5 4
  13.8048 8 + 2
    9.18694 0.5 2
    12.0258 0.5 1
  13.8118 2 - 2
    12.0328 0.5 1
    13.8118 0.5 0
  13.8133 6 + 2
    6.01429 0.5 10
    7.5371 0.5 4
  13.821 4 - 2
    6.02199 0.5 10
    7.5448 0.5 4
  13.8295 8 + 2
    9.21164 0.5 2
    12.0505 0.5 1
  13.8595 6 - 2
    9.24164 0.5 2
    12.0805 0.5 1
  13.8729 6 - 2
    9.25504 0.5 2
    12.0939 0.5 1
  13.8883 12 - 2
    4.9431 0.5 19
    5.47497 0.5 14
  13.9006 2 - 2
    12.1216 0.5 1
    13.9006 0.5 0
  13.9398 4 + 2
    12.1608 0.5 1
    13.9398 0.5 0
  13.9672 8 + 2
    9.34934 0.5 2
    12.1882 0.5 1
  13.9713 4 + 2
    12.1923 0.5 1
    13.9713 0.5 0
  13.9789 8 + 2
    9.36104 0.5 2
    12.1999 0.5 1
  13.9822 4 + 2
    12.2032 0.5 1
    13.9822 0.5 0
  13.9971 4 + 2
    12.218 0.5 1
    13.9971 0.5 0
  14.0116 8 + 2
    9.39374 0.5 2
    12.2326 0.5 1
  14.024 2 - 2
    12.245 0.5 1
    14.024 0.5 0
  14.037 2 - 2
    12.258 0.5 1
    14.037 0.5 0
  14.048 0 - 2
    4.55196 0.5 26
    5.71962 0.5 13
  14.049 4 + 2
    12.27 0.5 1
    14.049 0.5 0
  14.065 4 + 2
    12.286 0.5 1
    14.065 0.5 0
  14.075 4 - 2
    6.27599 0.5 10
    7.7988 0.5 4
  14.089 6 - 2
    9.47114 0.5 2
    12.31 0.5 1
  14.094 2 + 2
    6.29499 0.5 10
    7.8178 0.5 4
  14.096 8 + 2
    9.47814 0.5 2
    12.317 0.5 1
  14.1028 8 - 2
    6.30379 0.5 10
    7.8266 0.5 4
  14.159 2 - 2
    12.38 0.5 1
    14.159 0.5 0
  14.1637 10 + 2
    6.36469 0.5 10
    7.8875 0.5 4
  14.1986 6 + 2
    6.39959 0.5 10
    7.9224 0.5 4
  14.2075 8 + 2
    9.58964 0.5 2
    12.4285 0.5 1
  14.21 4 - 2
    6.41099 0.5 10
    7.9338 0.5 4
  14.2121 10 + 2
    6.41309 0.5 10
    7.9359 0.5 4
  14.227 6 + 2
    6.42799 0.5 10
    7.9508 0.5 4
  14.244 6 - 2
    9.62614 0.5 2
    12.465 0.5 1
  14.2452 14 + 2
    3.8269 0.5 37
    5.3 0.5 19
  14.247 4 + 2
    12.468 0.5 1
    14.247 0.5 0
  14.293 4 + 2
    12.514 0.5 1
    14.293 0.5 0
  14.298 8 + 2
    9.68014 0.5 2
    12.519 0.5 1
  14.306 2 - 2
    12.527 0.5 1
    14.306 0.5 0
  14.309 4 + 2
    12.53 0.5 1
    14.309 0.5 0
  14.328 8 + 2
    9.71014 0.5 2
    12.549 0.5 1
  14.3317 10 + 2
    6.53269 0.5 10
    8.0555 0.5 4
  14.339 2 - 2
    12.56 0.5 1
    14.339 0.5 0
  14.3462 8 - 2
    6.54719 0.5 10
    8.07 0.5 4
  14.357 12 - 2
    5.4118 0.5 19
    5.94367 0.5 14
  14.358 8 + 2
    9.74014 0.5 2
    12.579 0.5 1
  14.367 4 - 2
    6.56799 0.5 10
    8.0908 0.5 4
  14.375 4 + 2
    12.596 0.5 1
    14.375 0.5 0
  14.391 0 + 2
    12.612 0.5 1
    14.391 0.5 0
  14.3929 6 + 2
    6.59389 0.5 10
    8.1167 0.5 4
  14.402 8 - 2
    6.60299 0.5 10
    8.1258 0.5 4
  14.434 6 + 2
    6.63499 0.5 10
    8.1578 0.5 4
  14.4712 12 - 2
    5.526 0.5 19
    6.05787 0.5 14
  14.493 4 + 2
    12.714 0.5 1
    14.493 0.5 0
  14.504 6 + 2
    6.70499 0.5 10
    8.2278 0.5 4
  14.515 6 - 2
    9.89714 0.5 2
    12.736 0.5 1
  14.523 6 - 2
    9.90514 0.5 2
    12.744 0.5 1
  14.535 2 - 2
    12.756 0.5 1
    14.535 0.5 0
  14.542 2 - 2
    12.763 0.5 1
    14.542 0.5 0
  14.5505 2 - 2
    12.7715 0.5 1
    14.5505 0.5 0
  14.5545 4 + 2
    12.7755 0.5 1
    14.5545 0.5 0
  14.572 10 - 2
    7.69321 0.5 6
    9.95414 0.5 2
  14.5774 4 + 2
    12.7984 0.5 1
    14.5774 0.5 0
  14.6333 10 + 2
    6.83429 0.5 10
    8.3571 0.5 4
  14.643 2 - 2
    12.864 0.5 1
    14.643 0.5 0
  14.65 2 - 2
    12.871 0.5 1
    14.65 0.5 0
  14.687 2 - 2
    12.908 0.5 1
    14.687 0.5 0
  14.722 0 - 2
    5.22596 0.5 26
    6.39362 0.5 13
  14.728 2 - 2
    12.949 0.5 1
    14.728 0.5 0
  14.7416 0 - 2
    5.24556 0.5 26
    6.41322 0.5 13
  14.762 2 - 2
    12.983 0.5 1
    14.762 0.5 0
  14.766 2 - 2
    12.987 0.5 1
    14.766 0.5 0
  14.799 0 - 2
    5.30296 0.5 26
    6.47062 0.5 13
  14.8026 8 + 2
    10.1847 0.5 2
    13.0236 0.5 1
  14.854 2 - 2
    13.075 0.5 1
    14.854 0.5 0
  14.86 4 - 2
    7.06099 0.5 10
    8.5838 0.5 4
  14.864 2 - 2
    13.085 0.5 1
    14.864 0.5 0
  14.897 4 - 2
    7.09799 0.5 10
    8.6208 0.5 4
  14.904 0 - 2
    5.40796 0.5 26
    6.57562 0.5 13
  14.926 2 - 2
    13.147 0.5 1
    14.926 0.5 0
  14.9542 4 - 2
    7.15519 0.5 10
    8.678 0.5 4
  15.006 0 - 2
    5.50996 0.5 26
    6.67762 0.5 13
  15.021 2 - 2
    13.242 0.5 1
    15.021 0.5 0
  15.0271 10 - 2
    8.14831 0.5 6
    10.4092 0.5 2
  15.034 4 - 2
    7.23499 0.5 10
    8.7578 0.5 4
  15.051 2 - 2
    13.272 0.5 1
    15.051 0.5 0
  15.076 4 - 2
    7.27699 0.5 10
    8.7998 0.5 4
  15.085 0 + 2
    13.306 0.5 1
    15.085 0.5 0
  15.113 2 - 2
    13.334 0.5 1
    15.113 0.5 0
  15.127 10 - 2
    8.24821 0.5 6
    10.5091 0.5 2
  15.153 4 + 2
    13.374 0.5 1
    15.153 0.5 0
  15.1827 12 + 2
    8.29505 0.5 7
    10.5648 0.5 2
  15.227 0 + 2
    13.448 0.5 1
    15.227 0.5 0
  15.2395 8 - 2
    7.44049 0.5 10
    8.9633 0.5 4
  15.243 2 - 2
    13.464 0.5 1
    15.243 0.5 0
  15.25 4 + 2
    13.471 0.5 1
    15.25 0.5 0
  15.264 2 - 2
    13.485 0.5 1
    15.264 0.5 0
  15.267 4 + 2
    13.488 0.5 1
    15.267 0.5 0
  15.272 2 - 2
    13.493 0.5 1
    15.272 0.5 0
  15.292 4 + 2
    13.513 0.5 1
    15.292 0.5 0
  15.357 0 - 2
    5.86096 0.5 26
    7.02862 0.5 13
  15.385 2 + 2
    7.58599 0.5 10
    9.1088 0.5 4
  15.4025 10 - 2
    8.52371 0.5 6
    10.7846 0.5 2
  15.494 4 + 2
    13.715 0.5 1
    15.494 0.5 0
  15.9148 12 + 2
    9.02715 0.5 7
    11.2969 0.5 2

14 29 132
  0 1 + 0
  1.2734 3 + 1
    1.2734 1 0
  2.02815 5 + 2
    0.75475 0.060153 1
    2.02815 0.939847 0
  2.42602 3 + 3
    0.39787 0.004993 2
    1.15262 0.148901 1
    2.42602 0.846106 0
  3.06703 5 + 3
    0.64101 0.02022 3
    1.03888 0.202196 2
    1.79363 0.777584 1
  3.62415 7 - 4
    0.55712 0.089637 4
    1.596 0.887472 2
    2.35075 0.019519 1
    3.62415 0.003372 0
  4.0802 7 + 2
    2.05205 0.4413 2
    2.8068 0.5587 1
  4.741 9 + 2
    0.6608 0.060153 6
    2.71285 0.939847 2
  4.84035 1 + 2
    3.56695 0.099909 1
    4.84035 0.900091 0
  4.8954 5 + 5
    1.82837 0.030121 4
    2.46938 0.049842 3
    2.86725 0.191708 2
    3.622 0.547622 1
    4.8954 0.180707 0
  4.93456 3 - 5
    1.86753 0.01093 4
    2.50854 0.003521 3
    2.90641 0.000556 2
    3.66116 0.058381 1
    4.93456 0.926612 0
  5.2546 9 - 1
    1.63045 1 5
  5.2855 7 + 4
    2.21847 0.1173 4
    2.85948 0.1206 3
    3.25735 0.6519 2
    4.0121 0.1102 1
  5.6524 9 + 3
    0.9114 0.099809 7
    1.5722 0.489195 6
    2.58537 0.410996 4
  5.8129 7 + 3
    2.74587 0.5 4
    3.38688 0.26 3
    3.78475 0.24 2
  5.9491 3 + 5
    2.88207 0.270273 4
    3.52308 0.19998 3
    3.92095 0.159484 2
    4.6757 0.251375 1
    5.9491 0.118888 0
  6.107 5 + 3
    2.48285 0.069772 5
    3.68098 0.301709 3
    4.07885 0.628519 2
  6.19414 7 - 3
    0.939539 0.019741 11
    2.56999 0.040412 5
    4.16599 0.939847 2
  6.38084 1 - 5
    1.44628 0.04249 10
    1.54049 0.01872 8
    3.95482 0.140199 3
    5.10744 0.196798 1
    6.38084 0.601794 0
  6.424 7 - 2
    3.35697 0.4012 4
    4.39585 0.5988 2
  6.4962 5 + 3
    4.07018 0.4 3
    4.46805 0.28 2
    6.4962 0.32 0
  6.522 5 + 4
    4.09598 0.289 3
    4.49385 0.1217 2
    5.2486 0.3802 1
    6.522 0.2091 0
  6.6162 9 + 2
    2.99205 0.2908 5
    4.58805 0.7092 2
  6.69593 1 + 3
    1.76137 0.1 10
    5.42253 0.1 1
    6.69593 0.8 0
  6.713 7 + 5
    1.8176 0.070104 9
    3.08885 0.081173 5
    3.64597 0.368967 4
    4.68485 0.129188 2
    5.4396 0.350568 1
  6.715 3 + 2
    4.28898 0.1701 3
    6.715 0.8299 0
  6.7813 11 - 2
    1.5267 0.4898 11
    3.15715 0.5102 5
  6.90852 3 + 6
    1.97396 0.02878 10
    3.84149 0.089929 4
    4.4825 0.179898 3
    4.88037 0.359696 2
    5.63512 0.240998 1
    6.90852 0.100699 0
  6.921 7 + 1
    4.89285 1 2
  7.014 5 - 5
    3.38985 0.07 5
    3.94697 0.08 4
    4.58798 0.3 3
    4.98585 0.05 2
    5.7406 0.5 1
  7.05796 1 + 4
    2.1234 0.059948 10
    4.63194 0.090326 3
    5.78456 0.050358 1
    7.05796 0.799368 0
  7.072 7 + 1
    5.04385 1 2
  7.1393 11 + 3
    1.4869 0.1989 13
    2.3983 0.2486 7
    3.0591 0.5525 6
  7.1818 3 + 3
    4.75578 0.088891 3
    5.15365 0.740707 2
    7.1818 0.170402 0
  7.197 3 - 3
    4.12997 0.4009 4
    4.77098 0.1586 3
    5.16885 0.4405 2
  7.52319 1 - 3
    5.09717 0.641 3
    6.24979 0.1987 1
    7.52319 0.1603 0
  7.6221 3 - 3
    3.99795 0.761623 5
    4.55507 0.040371 4
    5.59395 0.198006 2
  7.692 1 - 2
    2.75744 0.080037 10
    7.692 0.919963 0
  7.767 3 - 1
    6.4936 1 1
  7.787 7 - 6
    1.1708 0.020338 22
    1.9741 0.040186 14
    2.5015 0.161284 12
    3.046 0.213079 7
    3.7068 0.080862 6
    5.75885 0.484252 2
  7.892 5 - 3
    5.46598 0.301 3
    5.86385 0.1888 2
    6.6186 0.5102 1
  7.987 9 - 2
    2.3346 0.3421 13
    3.9068 0.6579 6
  7.9971 3 - 7
    3.06254 0.07 10
    3.15675 0.07 8
    4.93007 0.25 4
    5.57108 0.05 3
    5.96895 0.25 2
    6.7237 0.11 1
    7.9971 0.2 0
  8.138 1 - 2
    3.20344 0.1297 10
    6.8646 0.8703 1
  8.161 5 - 2
    5.09397 0.6711 4
    6.13285 0.3289 2
  8.173 11 + 2
    3.432 0.2593 7
    4.0928 0.7407 6
  8.209 3 - 2
    6.9356 0.3789 1
    8.209 0.6211 0
  8.27 1 - 2
    4.64585 0.6211 5
    6.24185 0.3789 2
  8.29 5 + 4
    3.3946 0.188481 9
    5.86398 0.281172 3
    6.26185 0.319468 2
    7.0166 0.210879 1
  8.331 3 - 2
    3.0455 0.1935 12
    4.70685 0.8065 5
  8.349 3 - 2
    5.28197 0.6098 4
    6.32085 0.3902 2
  8.371 5 - 1
    4.2908 1 6
  8.418 3 + 2
    5.99198 0.3902 3
    8.418 0.6098 0
  8.4757 1 - 3
    2.8233 0.34 13
    3.7347 0.26 7
    4.3955 0.4 6
  8.50458 5 + 2
    5.43755 0.2424 4
    7.23118 0.7576 1
  8.52703 1 + 2
    3.59247 0.247 10
    7.25363 0.753 1
  8.53931 3 - 6
    3.60475 0.008392 10
    5.47228 0.024378 4
    6.11329 0.115892 3
    6.51116 0.147889 2
    7.26591 0.399671 1
    8.53931 0.303778 0
  8.54228 5 + 2
    6.51413 0.5 2
    8.54228 0.5 0
  8.5578 1 - 3
    2.36366 0.129613 17
    4.4776 0.261726 6
    6.52965 0.608661 2
  8.603 3 - 1
    4.5228 1 6
  8.609 5 - 1
    3.868 1 7
  8.61 1 - 4
    2.503 0.079828 16
    3.3245 0.420187 12
    4.5298 0.218493 6
    4.98585 0.281492 5
  8.622 3 - 3
    4.5418 0.559956 6
    4.99785 0.109711 5
    6.59385 0.330333 2
  8.641 13 + 2
    1.5017 0.060153 32
    3.9 0.939847 7
  8.655 1 + 3
    3.72044 0.2705 10
    7.3816 0.3197 1
    8.655 0.4098 0
  8.67 5 - 1
    3.929 1 7
  8.7618 3 - 2
    6.73365 0.5 2
    8.7618 0.5 0
  8.78885 3 - 2
    2.00755 0.3289 26
    3.53425 0.6711 11
  8.8157 5 + 2
    6.78755 0.5 2
    8.8157 0.5 0
  8.854 1 - 4
    3.9586 0.168292 9
    6.82585 0.480776 2
    7.5806 0.091345 1
    8.854 0.259587 0
  8.8591 3 - 2
    6.83095 0.4012 2
    7.5857 0.5988 1
  8.865 5 + 1
    4.124 1 7
  8.909 1 + 3
    3.6235 0.1118 12
    3.6544 0.2303 11
    5.28485 0.6579 5
  8.959 3 - 4
    3.7044 0.2786 11
    4.0636 0.161 9
    4.218 0.2508 7
    4.8788 0.3096 6
  8.983 5 + 2
    6.95485 0.5 2
    8.983 0.5 0
  8.9887 3 - 2
    6.96055 0.5 2
    8.9887 0.5 0
  9.013 1 + 2
    6.98485 0.5 2
    9.013 0.5 0
  9.0197 3 - 5
    5.95267 0.071394 4
    6.59368 0.098856 3
    6.99155 0.120807 2
    7.7463 0.15981 1
    9.0197 0.549133 0
  9.0405 1 - 2
    6.61448 0.5 3
    7.7671 0.5 1
  9.0439 1 + 2
    7.01575 0.5 2
    9.0439 0.5 0
  9.0547 3 + 2
    6.62868 0.5 3
    7.7813 0.5 1
  9.154 5 - 1
    6.08697 1 4
  9.157 7 + 2
    2.5408 0.3902 22
    3.3441 0.6098 14
  9.218 5 - 2
    3.5656 0.2593 13
    7.18985 0.7407 2
  9.25 3 + 1
    7.22185 1 2
  9.2617 3 - 5
    6.19467 0.080045 4
    6.83568 0.048673 3
    7.23355 0.270416 2
    7.9883 0.060034 1
    9.2617 0.540832 0
  9.2888 3 - 2
    7.26065 0.5 2
    9.2888 0.5 0
  9.298 5 + 2
    4.0434 0.8 11
    5.67385 0.2 5
  9.315 5 + 2
    7.28685 0.5 2
    9.315 0.5 0
  9.326 7 - 2
    3.6736 0.2481 13
    4.585 0.7519 7
  9.3529 3 - 2
    7.32475 0.5 2
    9.3529 0.5 0
  9.391 1 + 1
    4.65 1 7
  9.404 1 - 2
    6.97798 0.5 3
    8.1306 0.5 1
  9.413 3 - 1
    9.413 1 0
  9.4546 5 + 2
    7.42645 0.5 2
    9.4546 0.5 0
  9.4797 3 - 2
    7.45155 0.5 2
    9.4797 0.5 0
  9.518 7 + 4
    3.7051 0.256074 14
    4.777 0.345965 7
    5.4378 0.169583 6
    7.48985 0.228377 2
  9.579 5 + 2
    7.55085 0.5 2
    9.579 0.5 0
  9.5947 1 + 2
    7.56655 0.5 2
    9.5947 0.5 0
  9.63 1 + 2
    7.60185 0.5 2
    9.63 0.5 0
  9.6358 1 - 2
    7.20978 0.5 3
    8.3624 0.5 1
  9.6376 1 - 2
    7.21158 0.5 3
    8.3642 0.5 1
  9.658 7 - 2
    6.59097 0.5 4
    7.62985 0.5 2
  9.667 5 + 1
    4.4124 1 11
  9.683 9 + 1
    4.942 1 7
  9.6886 1 + 2
    7.66045 0.5 2
    9.6886 0.5 0
  9.6933 5 - 2
    7.26728 0.5 3
    8.4199 0.5 1
  9.765 3 - 3
    3.1488 0.090909 22
    4.4795 0.340897 12
    5.024 0.568194 7
  9.779 3 + 1
    6.15485 1 5
  9.833 3 - 2
    7.80485 0.5 2
    9.833 0.5 0
  9.85 7 + 2
    2.7107 0.3197 32
    5.109 0.6803 7
  9.9018 3 + 2
    7.47578 0.5 3
    8.6284 0.5 1
  9.943 5 - 2
    7.51698 0.5 3
    8.6696 0.5 1
  9.9483 5 + 3
    3.167 0.181318 26
    5.10795 0.518152 8
    5.2073 0.30053 7
  9.952 7 - 1
    3.3358 1 22
  9.987 9 - 2
    3.2057 0.5917 26
    4.7324 0.4083 11
  10.002 5 + 1
    7.97385 1 2
  10.0186 3 - 2
    7.99045 0.5 2
    10.0186 0.5 0
  10.0497 5 + 2
    8.02155 0.5 2
    10.0497 0.5 0
  10.0728 5 + 2
    8.04465 0.5 2
    10.0728 0.5 0
  10.083 1 - 2
    5.342 0.6897 7
    8.05485 0.3103 2
  10.0915 3 + 2
    7.66548 0.5 3
    8.8181 0.5 1
  10.131 7 - 2
    4.4786 0.641 13
    5.39 0.359 7
  10.17 3 - 1
    4.9154 1 11
  10.2147 3 - 1
    6.1345 1 6
  10.236 1 + 1
    4.5836 1 13
  10.252 15 + 1
    7.18497 1 4
  10.261 3 - 2
    8.23285 0.5 2
    10.261 0.5 0
  10.6745 5 + 2
    8.64635 0.5 2
    10.6745 0.5 0
  11.087 1 - 2
    8.66098 0.5 3
    9.8136 0.5 1
  11.305 7 + 2
    8.87898 0.5 3
    10.0316 0.5 1
  11.665 1 + 2
    9.63685 0.5 2
    11.665 0.5 0

14 30 151
  0 0 + 0
  2.23532 4 + 1
    2.23532 1 0
  3.49849 4 + 2
    1.26317 0.5051 1
    3.49849 0.4949 0
  3.76948 2 + 2
    1.53416 0.5405 1
    3.76948 0.4595 0
  3.78772 0 + 1
    1.5524 1 1
  4.81031 4 + 4
    1.04083 0.044052 3
    1.31182 0.39212 2
    2.57499 0.123306 1
    4.81031 0.440522 0
  4.83085 6 + 2
    1.33236 0.091736 2
    2.59553 0.908264 1
  5.23138 6 + 4
    0.40053 0.037391 6
    0.42107 0.044041 5
    1.73289 0.830525 2
    2.99606 0.088043 1
  5.27937 8 + 2
    1.78088 0.009901 2
    3.04405 0.990099 1
  5.3722 0 + 2
    1.60272 0.3976 3
    3.13688 0.6024 1
  5.4875 6 - 2
    1.98901 0.4898 2
    3.25218 0.5102 1
  5.61404 4 + 4
    0.78319 0.03315 6
    0.80373 0.01105 5
    1.84456 0.5525 3
    3.37872 0.4033 1
  5.95073 8 + 5
    0.67136 0.004652 8
    0.71935 0.002791 7
    1.11988 0.015811 6
    2.45224 0.046512 2
    3.71541 0.930234 1
  6.50341 8 - 4
    0.55268 0.006339 12
    1.01591 0.073669 10
    1.27203 0.571095 7
    1.67256 0.348897 6
  6.5375 4 + 6
    0.92346 0.044683 11
    1.30612 0.054983 7
    2.76802 0.120307 3
    3.03901 0.343621 2
    4.30218 0.092786 1
    6.5375 0.343621 0
  6.64121 4 - 6
    1.15371 0.100303 10
    1.81036 0.100303 6
    1.8309 0.050162 5
    2.87173 0.074602 3
    4.40589 0.643119 1
    6.64121 0.031511 0
  6.69303 0 + 1
    4.45771 1 1
  6.74406 2 - 4
    1.93375 0.005644 5
    2.95634 0.033392 4
    4.50874 0.020321 1
    6.74406 0.940643 0
  6.8652 6 + 7
    0.914471 0.029561 12
    1.25116 0.019701 11
    1.58583 0.019701 8
    1.63382 0.019701 7
    2.03435 0.359611 6
    2.05489 0.059112 5
    4.62988 0.492615 1
  6.91479 4 + 5
    1.30075 0.018011 11
    3.14531 0.085763 3
    3.4163 0.132904 2
    4.67947 0.428813 1
    6.91479 0.33451 0
  6.9989 10 + 4
    1.04817 0.112185 12
    1.71953 0.623019 8
    1.76752 0.046724 7
    2.16805 0.218072 6
  7.04321 10 - 4
    0.539801 0.3311 13
    1.09248 0.3448 12
    1.55571 0.1103 10
    1.76384 0.2138 8
  7.0794 2 + 3
    2.26909 0.2695 5
    3.58091 0.1317 2
    4.84408 0.5988 1
  7.2232 8 + 5
    1.27247 0.1188 12
    1.94383 0.495 8
    1.99182 0.1485 7
    2.39235 0.1139 6
    3.72471 0.1238 2
  7.2558 4 + 6
    1.7683 0.102614 10
    2.02442 0.079481 7
    2.42495 0.056298 6
    3.75731 0.218531 2
    5.02048 0.331146 1
    7.2558 0.21193 0
  7.441 0 + 1
    3.67152 1 3
  7.50784 4 - 8
    1.8938 0.00681 11
    2.02034 0.053938 10
    2.27646 0.053268 7
    2.67699 0.093046 6
    3.73836 0.072817 3
    4.00935 0.039778 2
    5.27252 0.674274 1
    7.50784 0.006068 0
  7.6124 8 - 5
    1.10899 0.029291 13
    2.1249 0.410021 10
    2.33303 0.071134 8
    2.38102 0.071134 7
    2.78155 0.418421 6
  7.6239 4 + 3
    4.12541 0.5714 2
    5.38858 0.3486 1
    7.6239 0.08 0
  7.634 2 - 2
    3.84628 0.3007 4
    3.86452 0.6993 3
  7.6674 2 - 3
    4.16891 0.170402 2
    5.43208 0.740707 1
    7.6674 0.088891 0
  7.8097 8 + 6
    0.7303 0.02 22
    0.944499 0.06 18
    1.85897 0.23 12
    2.53033 0.5 8
    2.57832 0.09 7
    2.97885 0.1 6
  7.9118 4 + 4
    2.4243 0.0625 10
    4.14232 0.2273 3
    4.41331 0.142 2
    5.67648 0.5682 1
  8.1048 2 - 7
    1.19001 0.01807 19
    2.49076 0.03012 11
    2.6173 0.054221 10
    2.87342 0.084341 7
    3.29449 0.174702 5
    4.33532 0.03614 3
    5.86948 0.602406 1
  8.1561 2 - 3
    2.6686 0.1686 10
    4.65761 0.25 2
    5.92078 0.5814 1
  8.16322 2 - 5
    4.3755 0.165923 4
    4.39374 0.096373 3
    4.66473 0.154722 2
    5.9279 0.183126 1
    8.16322 0.399856 0
  8.1906 4 + 2
    2.57656 0.1525 11
    4.69211 0.8475 2
  8.194 10 - 7
    0.9708 0.118901 23
    1.15079 0.02098 21
    1.1951 0.02098 20
    1.69059 0.349703 13
    2.24327 0.269203 12
    2.7065 0.150301 10
    2.91463 0.069931 8
  8.2895 6 - 3
    2.802 0.072 10
    4.79101 0.128 2
    6.05418 0.8 1
  8.3327 2 - 9
    1.1095 0.038918 23
    1.2533 0.089816 22
    1.3338 0.020959 20
    2.71866 0.080837 11
    2.8452 0.059878 10
    3.05333 0.110796 8
    3.50185 0.299388 6
    3.52239 0.038918 5
    6.09738 0.26049 1
  8.4412 6 - 3
    2.9537 0.089382 10
    4.94271 0.55865 2
    6.20588 0.351968 1
  8.5364 2 - 5
    1.5375 0.171086 20
    3.30502 0.100892 7
    3.72609 0.438565 5
    5.03791 0.070174 2
    6.30108 0.219282 1
  8.554 6 - 3
    1.86097 0.050281 16
    3.0665 0.798116 10
    3.74369 0.151603 5
  8.5959 8 - 4
    1.3727 0.072065 23
    2.64517 0.108092 12
    3.1084 0.369374 10
    3.36452 0.450468 7
  8.6394 2 - 4
    1.7742 0.1 18
    3.02536 0.1 11
    5.14091 0.4 2
    6.40408 0.4 1
  8.6722 6 - 5
    3.1847 0.296685 10
    4.90272 0.157292 3
    5.17371 0.258187 2
    6.43688 0.228489 1
    8.6722 0.059347 0
  8.6837 4 + 8
    1.4605 0.030808 23
    1.6043 0.058817 22
    2.73297 0.151292 12
    3.06966 0.058817 11
    3.40433 0.280086 8
    3.45232 0.140093 7
    3.85285 0.120394 6
    3.87339 0.159692 5
  8.734 2 - 2
    5.23551 0.6803 2
    6.49868 0.3197 1
  8.799 2 - 2
    5.02952 0.5 3
    8.799 0.5 0
  8.887 6 - 1
    6.65168 1 1
  8.8981 2 - 9
    1.39026 0.01293 26
    2.15404 0.02482 17
    2.25689 0.044739 15
    3.28406 0.076898 11
    4.08779 0.071649 5
    5.12862 0.349493 3
    5.39961 0.087378 2
    6.66278 0.223696 1
    8.8981 0.108398 0
  8.939 4 + 2
    5.16952 0.5 3
    6.70368 0.5 1
  8.9534 0 - 2
    6.71808 0.4792 1
    8.9534 0.5208 0
  8.9594 10 - 9
    0.765401 0.029439 37
    1.1497 0.014989 31
    1.347 0.080297 27
    1.91619 0.24889 21
    1.9605 0.050858 20
    2.45599 0.139194 13
    3.00867 0.040148 12
    3.4719 0.128495 10
    3.68003 0.267689 8
  8.979 4 + 2
    6.74368 0.5 1
    8.979 0.5 0
  9.0348 6 - 3
    5.26532 0.5 3
    5.53631 0.3 2
    9.0348 0.2 0
  9.0448 2 + 5
    2.54139 0.148603 13
    3.09407 0.201204 12
    3.5573 0.309606 10
    3.81342 0.089782 7
    4.21395 0.250805 6
  9.10373 4 - 2
    0.998931 0.067163 33
    2.35967 0.932837 17
  9.10676 12 - 2
    0.91276 0.025339 37
    2.06355 0.974661 21
  9.1298 2 + 4
    1.9066 0.1593 23
    2.1309 0.3704 20
    3.17907 0.2296 12
    4.29895 0.2407 6
  9.1664 6 + 7
    2.3012 0.1 18
    2.6289 0.1 14
    4.33555 0.25 6
    4.35609 0.1 5
    5.39692 0.2 3
    5.66791 0.05 2
    6.93108 0.2 1
  9.2552 0 - 4
    3.64116 0.129704 11
    4.02382 0.259508 7
    4.44489 0.070272 5
    7.01988 0.540516 1
  9.30811 4 + 3
    2.6669 0.118512 15
    5.53863 0.740774 3
    7.07279 0.140714 1
  9.3493 8 - 6
    0.753399 0.051798 43
    1.7369 0.25099 27
    2.2699 0.039838 22
    2.84589 0.159394 13
    3.8618 0.099596 10
    4.11792 0.398384 7
  9.362 2 + 1
    9.362 1 0
  9.3672 12 + 3
    2.3683 0.3487 20
    3.41647 0.2311 12
    4.08783 0.4202 8
  9.4057 4 - 4
    4.17432 0.309872 7
    4.57485 0.469458 6
    4.59539 0.098581 5
    5.90721 0.122089 2
  9.439 2 - 2
    5.66952 0.5 3
    9.439 0.5 0
  9.4741 6 + 3
    2.3947 0.25 22
    4.19473 0.5 8
    7.23878 0.25 1
  9.5052 10 - 5
    2.46199 0.041959 21
    2.5063 0.118898 20
    3.00179 0.041959 13
    4.0177 0.097898 10
    4.22583 0.699286 8
  9.575 4 + 2
    4.74415 0.3506 6
    6.07651 0.6494 2
  9.5973 2 - 4
    4.76645 0.106701 6
    4.78699 0.089891 5
    6.09881 0.561806 2
    7.36198 0.241602 1
  9.6045 0 + 4
    4.117 0.1509 10
    4.37312 0.3509 7
    6.10601 0.2491 2
    7.36918 0.2491 1
  9.61974 2 - 1
    9.61974 1 0
  9.6473 6 + 4
    2.60409 0.19792 21
    4.1598 0.151015 10
    4.36793 0.130213 8
    4.81645 0.520852 6
  9.688 4 - 1
    2.94394 1 17
  9.725 4 + 2
    6.22651 0.6494 2
    7.48968 0.3506 1
  9.7605 6 - 4
    3.80977 0.450455 12
    4.92965 0.351365 6
    6.26201 0.09909 2
    7.52518 0.09909 1
  9.768 2 + 2
    7.53268 0.4012 1
    9.768 0.5988 0
  9.7737 12 - 4
    1.5797 0.260723 37
    2.73049 0.33003 21
    2.7748 0.099019 20
    3.27029 0.310228 13
  9.7923 2 - 2
    6.00458 0.065419 4
    9.7923 0.934581 0
  9.816 4 + 1
    6.31751 1 2
  9.8818 0 + 4
    3.37839 0.1889 13
    3.93107 0.3296 12
    4.3943 0.1111 10
    4.65042 0.3704 7
  9.8966 6 - 4
    2.98181 0.249225 19
    5.08629 0.20122 5
    6.39811 0.30033 2
    7.66128 0.249225 1
  9.9539 4 + 7
    1.4175 0.06799 41
    2.1442 0.523 31
    2.955 0.1308 20
    3.0887 0.1098 18
    4.00317 0.06015 12
    4.67453 0.06799 8
    4.72252 0.04027 7
  9.958 2 - 2
    7.72268 0.6494 1
    9.958 0.3506 0
  10.0266 4 + 3
    4.5391 0.15 10
    4.79522 0.35 7
    6.52811 0.5 2
  10.0564 8 + 4
    3.55299 0.1502 13
    4.10567 0.3003 12
    4.77703 0.3003 8
    5.22555 0.2492 6
  10.0787 6 - 3
    3.16391 0.3 19
    5.24785 0.2 6
    5.26839 0.5 5
  10.1158 2 - 3
    4.16507 0.3 12
    4.6283 0.4 10
    7.88048 0.3 1
  10.1838 0 + 3
    5.37349 0.251125 5
    6.41432 0.448445 3
    7.94848 0.30043 1
  10.1867 10 - 5
    1.9927 0.059761 37
    2.377 0.199202 31
    3.14349 0.398404 21
    3.1878 0.091631 20
    3.68329 0.251002 13
  10.2023 2 - 3
    6.43282 0.324332 3
    7.96698 0.135114 1
    10.2023 0.540554 0
  10.219 4 + 1
    5.40869 1 5
  10.2755 6 + 3
    5.46519 0.150394 5
    6.77701 0.097736 2
    8.04018 0.75187 1
  10.2867 4 - 3
    3.2878 0.5 20
    4.33597 0.15 12
    5.00733 0.35 8
  10.3044 6 - 5
    2.692 0.289 27
    3.80099 0.2399 13
    4.69036 0.1503 11
    5.02503 0.1705 8
    6.80591 0.1503 2
  10.3478 2 + 4
    3.3489 0.5 20
    4.8603 0.15 10
    5.06843 0.2 8
    5.51695 0.15 6
  10.3549 4 + 3
    5.54459 0.4 5
    6.85641 0.3 2
    8.11958 0.3 1
  10.396 0 - 2
    5.11663 0.8 8
    5.16462 0.2 7
  10.42 2 + 1
    4.46927 1 12
  10.449 4 - 2
    6.67952 0.4012 3
    8.21368 0.5988 1
  10.4641 2 + 4
    3.4652 0.10139 20
    4.51337 0.349665 12
    5.23272 0.248275 7
    5.63325 0.30067 6
  10.472 6 - 2
    6.97351 0.5 2
    10.472 0.5 0
  10.5079 4 + 3
    5.69759 0.1989 5
    6.73842 0.2486 3
    8.27258 0.5525 1
  10.5546 12 - 6
    1.0494 0.129912 69
    1.44784 0.189217 58
    1.5952 0.030113 53
    3.51139 0.430139 21
    3.5557 0.180616 20
    4.05119 0.040004 13
  10.581 0 + 1
    6.81152 1 3
  10.622 2 - 1
    7.12351 1 2
  10.6682 4 + 4
    2.8585 0.0493 31
    3.62499 0.098591 21
    4.16479 0.704207 13
    5.38883 0.147901 8
  10.6754 12 + 3
    3.63219 0.8 21
    4.17199 0.1 13
    5.39603 0.1 8
  10.7193 14 - 3
    1.3521 0.036142 65
    1.61254 0.50203 58
    3.67609 0.461828 21
  10.7314 6 - 5
    2.5374 0.1 37
    2.6266 0.1 33
    4.22799 0.5 13
    4.78067 0.15 12
    5.45203 0.15 8
  10.7945 2 + 3
    3.9293 0.4 18
    5.307 0.2 10
    5.56312 0.4 7
  10.805 4 - 1
    8.56968 1 1
  10.8216 2 + 5
    2.6276 0.09909 37
    3.5984 0.049545 23
    3.8227 0.049545 20
    4.87087 0.351365 12
    5.54223 0.450455 8
  10.835 0 - 1
    5.60362 1 7
  10.8651 6 + 5
    2.6711 0.099445 37
    3.82189 0.099445 21
    4.36169 0.149193 13
    4.91437 0.099445 12
    5.58573 0.552472 8
  10.909 4 - 2
    6.07815 0.5 6
    7.13952 0.5 3
  10.975 2 + 1
    8.73968 1 1
  10.99 8 - 6
    2.4536 0.2 41
    3.9911 0.2 20
    4.48659 0.15 13
    5.03927 0.2 12
    5.71063 0.15 8
    6.15915 0.1 6
  11.015 4 + 2
    5.06427 0.5988 12
    5.40096 0.4012 11
  11.0375 6 - 3
    3.99429 0.4 21
    5.08677 0.3 12
    5.75813 0.3 8
  11.073 2 + 1
    5.12227 1 12
  11.0827 4 - 5
    1.97594 0.1018 58
    2.4868 0.1497 43
    3.4703 0.1018 27
    4.03949 0.5988 21
    4.57929 0.0479 13
  11.09 0 + 1
    5.81063 1 8
  11.205 2 - 2
    7.70651 0.3506 2
    8.96968 0.6494 1
  11.2095 6 + 4
    1.0228 0.1503 91
    3.3998 0.1503 31
    5.25877 0.3497 12
    5.97812 0.3497 7
  11.2482 4 - 11
    1.4745 0.0509 79
    2.14144 0.02994 58
    2.2888 0.06886 53
    2.9155 0.03892 39
    3.0542 0.02994 37
    3.6358 0.2006 27
    4.20499 0.0509 21
    4.2493 0.2994 20
    4.74479 0.0509 13
    5.7607 0.0988 10
    5.96883 0.08084 8
  11.268 2 + 2
    5.98863 0.3506 8
    6.43715 0.6494 6
  11.3218 8 - 3
    3.5121 0.3506 31
    4.0986 0.3984 23
    6.09042 0.251 7
  11.348 4 + 1
    6.06863 1 8
  11.382 6 - 1
    9.14668 1 1
  11.4163 2 + 4
    4.1931 0.12 23
    4.4174 0.16 20
    5.46557 0.5714 12
    6.13693 0.1486 8
  11.4736 0 - 5
    0.919 0.118812 105
    1.6999 0.128713 79
    2.36684 0.221122 58
    4.43039 0.330033 21
    4.4747 0.20132 20
  11.492 4 + 3
    4.2688 0.351365 23
    4.4931 0.450455 20
    6.21263 0.19818 8
  11.51 2 - 2
    2.40324 0.5988 58
    6.23063 0.4012 8
  11.5394 14 - 5
    1.7657 0.151088 79
    2.1722 0.151088 65
    2.43264 0.309375 58
    3.3454 0.359671 37
    4.49619 0.028778 21
  11.563 6 + 2
    4.3398 0.9009 23
    6.28363 0.0991 8
  11.6594 4 + 3
    3.4654 0.793621 37
    4.61619 0.10319 21
    4.6605 0.10319 20
  11.7395 2 - 4
    4.69629 0.25 21
    5.23609 0.25 13
    5.78877 0.25 12
    6.46013 0.25 8
  11.7837 4 + 3
    4.7848 0.75187 20
    6.50433 0.150394 8
    6.95285 0.097736 6
  11.842 0 - 1
    9.60668 1 1
  11.879 6 + 1
    4.83579 1 21
  12.0141 2 - 3
    4.97089 0.30043 21
    5.0152 0.448445 20
    6.06337 0.251125 12
  12.3938 8 + 1
    3.28704 1 58
  12.51 4 - 1
    3.40324 1 58
  12.7149 2 + 1
    3.60814 1 58
  12.832 16 - 2
    2.1127 0.7299 110
    3.72524 0.2701 58
  13.2028 16 - 1
    2.4835 1 110
  15.1914 18 - 2
    2.3594 0.4012 147
    4.4721 0.5988 110
  15.5288 18 - 1
    2.6968 1 147

14 31 69
  0 3 + 0
  0.75223 1 + 1
    0.75223 1 0
  1.69492 5 + 2
    0.94269 0.009901 1
    1.69492 0.990099 0
  2.31694 3 + 3
    0.62202 0.098991 2
    1.56471 0.173202 1
    2.31694 0.727807 0
  2.78803 3 + 2
    2.0358 0.050328 1
    2.78803 0.949671 0
  3.1335 7 - 1
    1.43858 1 2
  3.53292 3 - 4
    0.74489 0.000379 4
    1.838 0.028801 2
    2.78069 0.94742 1
    3.53292 0.0234 0
  3.874 7 + 2
    1.55706 0.5 3
    3.874 0.5 0
  4.259 3 + 1
    4.259 1 0
  4.38237 3 - 6
    0.84945 0.033191 6
    1.59434 0.078062 4
    2.06543 0.009219 3
    2.68745 0.124804 2
    3.63014 0.614619 1
    4.38237 0.140104 0
  4.688 5 - 2
    2.37106 0.5 3
    4.688 0.5 0
  4.72 1 + 2
    3.02508 0.5 2
    3.96777 0.5 1
  4.933 5 - 2
    2.61606 0.5 3
    4.933 0.5 0
  4.964 9 - 2
    0.276 0.5 10
    1.09 0.5 7
  5.28136 1 + 5
    0.89899 0.004631 9
    1.74844 0.01269 6
    2.96442 0.0426 3
    4.52913 0.92619 1
    5.28136 0.01389 0
  5.322 5 - 2
    3.00506 0.5 3
    5.322 0.5 0
  5.441 11 - 1
    2.3075 1 5
  5.602 1 - 2
    3.28506 0.5 3
    5.602 0.5 0
  5.613 7 + 2
    3.29606 0.5 3
    5.613 0.5 0
  5.66 5 - 2
    3.34306 0.5 3
    5.66 0.5 0
  5.681 9 + 2
    2.5475 0.5 5
    3.98608 0.5 2
  5.738 1 - 2
    3.42106 0.5 3
    5.738 0.5 0
  5.821 3 + 2
    3.50406 0.5 3
    5.821 0.5 0
  5.87315 3 - 1
    5.87315 1 0
  5.95791 3 - 2
    3.64097 0.2481 3
    5.95791 0.7519 0
  5.986 5 + 2
    4.29108 0.5 2
    5.23377 0.5 1
  6.072 3 + 2
    3.75506 0.5 3
    6.072 0.5 0
  6.11 7 - 2
    2.9765 0.5 5
    4.41508 0.5 2
  6.252 3 + 2
    3.93506 0.5 3
    6.252 0.5 0
  6.353 1 - 2
    4.03606 0.5 3
    6.353 0.5 0
  6.413 5 + 2
    4.71808 0.5 2
    5.66077 0.5 1
  6.47 1 - 2
    4.15306 0.5 3
    6.47 0.5 0
  6.476 5 + 2
    4.78108 0.5 2
    5.72377 0.5 1
  6.5906 7 - 2
    3.4571 0.5 5
    4.89568 0.5 2
  6.5932 1 - 2
    4.27626 0.5 3
    6.5932 0.5 0
  6.603 5 + 2
    4.90808 0.5 2
    5.85077 0.5 1
  6.667 13 + 2
    0.986 0.5 20
    1.226 0.5 16
  6.7656 1 + 2
    5.07068 0.5 2
    6.01337 0.5 1
  6.7728 9 - 2
    2.0848 0.5 10
    2.8988 0.5 7
  6.816 3 - 2
    5.12108 0.5 2
    6.06377 0.5 1
  6.8812 3 - 2
    5.18628 0.5 2
    6.12897 0.5 1
  6.915 5 + 2
    5.22008 0.5 2
    6.16277 0.5 1
  6.949 7 + 2
    4.63206 0.5 3
    6.949 0.5 0
  6.988 1 - 2
    4.67106 0.5 3
    6.988 0.5 0
  6.997 3 + 2
    4.68006 0.5 3
    6.997 0.5 0
  7.164 5 - 2
    4.84706 0.5 3
    7.164 0.5 0
  7.212 7 + 2
    4.89506 0.5 3
    7.212 0.5 0
  7.27 5 - 2
    4.95306 0.5 3
    7.27 0.5 0
  7.309 3 - 2
    5.61408 0.5 2
    6.55677 0.5 1
  7.359 1 - 2
    5.04206 0.5 3
    7.359 0.5 0
  7.369 1 - 2
    5.05206 0.5 3
    7.369 0.5 0
  7.373 1 - 2
    5.05606 0.5 3
    7.373 0.5 0
  7.406 3 - 2
    5.71108 0.5 2
    6.65377 0.5 1
  7.411 3 + 2
    5.09406 0.5 3
    7.411 0.5 0
  7.439 5 + 2
    5.74408 0.5 2
    6.68677 0.5 1
  7.483 7 + 2
    5.16606 0.5 3
    7.483 0.5 0
  7.536 1 - 2
    5.21906 0.5 3
    7.536 0.5 0
  7.564 5 + 2
    5.86908 0.5 2
    6.81177 0.5 1
  7.648 9 + 2
    4.5145 0.5 5
    5.95308 0.5 2
  7.732 1 + 2
    6.03708 0.5 2
    6.97977 0.5 1
  7.767 3 + 2
    5.45006 0.5 3
    7.767 0.5 0
  7.822 1 - 2
    5.50506 0.5 3
    7.822 0.5 0
  7.848 5 + 2
    6.15308 0.5 2
    7.09577 0.5 1
  7.857 3 - 2
    6.16208 0.5 2
    7.10477 0.5 1
  7.883 1 - 2
    5.56606 0.5 3
    7.883 0.5 0
  7.9 3 - 2
    6.20508 0.5 2
    7.14777 0.5 1
  7.927 1 - 2
    5.61006 0.5 3
    7.927 0.5 0
  7.944 7 + 2
    5.62706 0.5 3
    7.944 0.5 0
  7.954 3 - 2
    6.25908 0.5 2
    7.20177 0.5 1

14 32 57
  0 0 + 0
  1.9414 4 + 1
    1.9414 1 0
  4.2308 4 + 2
    2.2894 0.3789 1
    4.2308 0.6211 0
  4.9839 0 + 1
    3.0425 1 1
  5.22 6 - 1
    3.2786 1 1
  5.2888 6 - 2
    1.058 0.1071 2
    3.3474 0.8929 1
  5.4124 4 + 3
    1.1816 0.089431 2
    3.471 0.813008 1
    5.4124 0.097561 0
  5.502 8 + 1
    3.5606 1 1
  5.581 10 - 1
    0.079 1 7
  5.773 4 - 1
    3.8316 1 1
  5.7857 0 + 1
    3.8443 1 1
  5.893 2 - 2
    3.9516 0.5 1
    5.893 0.5 0
  5.954 4 - 2
    4.0126 0.7407 1
    5.954 0.2593 0
  6.17 4 + 1
    4.2286 1 1
  6.195 2 - 2
    4.2536 0.641 1
    6.195 0.359 0
  6.242 0 + 1
    4.3006 1 1
  6.388 4 + 1
    4.4466 1 1
  6.477 6 - 2
    2.2462 0.5 2
    4.5356 0.5 1
  6.705 2 - 3
    2.4742 0.1679 2
    4.7636 0.0687 1
    6.705 0.7634 0
  6.86 6 - 2
    2.6292 0.5 2
    4.9186 0.5 1
  7.083 4 + 2
    5.1416 0.5 1
    7.083 0.5 0
  7.482 2 - 2
    5.5406 0.5 1
    7.482 0.5 0
  7.743 2 + 2
    1.789 0.5 12
    1.97 0.5 9
  7.793 8 - 2
    1.839 0.5 12
    2.02 0.5 9
  7.887 2 + 2
    1.933 0.5 12
    2.114 0.5 9
  7.978 6 - 2
    3.7472 0.5 2
    6.0366 0.5 1
  8.066 4 + 2
    6.1246 0.5 1
    8.066 0.5 0
  8.321 10 - 2
    3.0322 0.5 5
    3.101 0.5 4
  8.361 4 + 2
    6.4196 0.5 1
    8.361 0.5 0
  8.422 2 - 2
    6.4806 0.5 1
    8.422 0.5 0
  8.567 6 - 2
    4.3362 0.5 2
    6.6256 0.5 1
  8.65 4 + 2
    6.7086 0.5 1
    8.65 0.5 0
  8.758 2 + 2
    2.804 0.5 12
    2.985 0.5 9
  8.842 8 - 2
    2.888 0.5 12
    3.069 0.5 9
  8.877 2 + 2
    2.923 0.5 12
    3.104 0.5 9
  8.971 6 - 2
    4.7402 0.5 2
    7.0296 0.5 1
  9.003 2 + 2
    3.049 0.5 12
    3.23 0.5 9
  9.192 8 - 2
    3.238 0.5 12
    3.419 0.5 9
  9.543 12 + 2
    3.962 0.5 8
    4.041 0.5 7
  9.701 2 - 2
    7.7596 0.5 1
    9.701 0.5 0
  9.782 6 + 2
    3.828 0.5 12
    4.009 0.5 9
  9.934 0 - 2
    3.98 0.5 12
    4.161 0.5 9
  9.975 4 + 2
    8.0336 0.5 1
    9.975 0.5 0
  10.052 2 - 2
    8.1106 0.5 1
    10.052 0.5 0
  10.237 6 + 2
    4.283 0.5 12
    4.464 0.5 9
  10.279 4 - 2
    4.325 0.5 12
    4.506 0.5 9
  10.317 2 + 2
    4.363 0.5 12
    4.544 0.5 9
  10.461 8 - 2
    4.507 0.5 12
    4.688 0.5 9
  10.603 0 + 2
    8.6616 0.5 1
    10.603 0.5 0
  10.664 4 - 2
    4.71 0.5 12
    4.891 0.5 9
  10.725 6 + 2
    4.771 0.5 12
    4.952 0.5 9
  10.778 2 - 2
    8.8366 0.5 1
    10.778 0.5 0
  10.846 4 + 2
    8.9046 0.5 1
    10.846 0.5 0
  10.888 2 - 2
    8.9466 0.5 1
    10.888 0.5 0
  10.971 6 + 2
    5.017 0.5 12
    5.198 0.5 9
  11.398 4 - 2
    5.444 0.5 12
    5.625 0.5 9
  11.454 0 + 2
    9.5126 0.5 1
    11.454 0.5 0

14 33 9
  0 3 + 0
  1.0102 1 + 1
    1.0102 1 0
  1.4349 7 - 1
    1.4349 1 0
  1.981 3 - 1
    0.9708 1 1
  3.159 9 - 1
    1.7241 1 2
  4.09 11 - 1
    2.6551 1 2
  4.341 5 - 1
    4.341 1 0
  4.931 11 - 1
    1.772 1 4
  5.48 5 - 2
    2.321 0.5 4
    5.48 0.5 0

14 34 6
  0 0 + 0
  3.3277 4 + 1
    3.3277 1 0
  3.59 2 + 1
    3.59 1 0
  4.2573 6 + 2
    0.9296 0.8264 1
    4.2573 0.1736 0
  4.3827 8 + 1
    0.1254 1 3
  5.33 10 + 1
    1.0727 1 3

14 35 1
  0 7 - 0

14 36 2
  0 0 + 0
  1.399 4 + 1
    1.399 1 0

14 37 2
  0 7 - 0
  1.437 1 - 1
    1.437 1 0

14 38 2
  0 0 + 0
  1.084 4 + 1
    1.084 1 0

14 39 1
  0 5 - 0

14 40 4
  0 0 + 0
  0.986 4 + 1
    0.986 1 0
  1.624 2 + 1
    0.638 1 1
  1.831 6 + 1
    0.845 1 1

14 41 1
  0 1 - 0

14 42 2
  0 0 + 0
  0.77 4 + 1
    0.77 1 0

14 43 1
  0 3 - 0

14 44 1
  0 0 + 0

