73 155 1
  0 11 - 0

73 156 2
  0 4 - 0
  0.102 18 + 1
    0.102 1 0

73 157 3
  0 1 + 0
  0.022 11 - 1
    0.022 1 0
  1.589 25 - 1
    1.589 1 0

73 158 2
  0 4 - 0
  0.141 18 + 1
    0.141 1 0

73 159 5
  0 1 - 0
  0.064 11 - 1
    0.064 1 0
  0.6377 15 - 1
    0.5737 1 1
  1.2782 19 - 1
    0.6405 1 2
  1.9116 23 - 1
    0.6334 1 3

73 160 2
  0 4 + 0
  0.1 0 + 1
    0.1 1 0

73 161 1
  0 7 - 0

73 162 1
  0 4 + 0

73 163 1
  0 7 - 0

73 164 2
  0 6 + 0
  0.1115 0 + 1
    0.1115 1 0

73 165 25
  0 9 - 0
  0.06 1 - 1
    0.06 1 0
  0.0706 11 - 1
    0.0706 1 0
  0.23 5 - 2
    0.17 0.5 1
    0.23 0.5 0
  0.2973 13 - 2
    0.2267 0.917363 2
    0.2973 0.082637 0
  0.4701 15 - 2
    0.1728 0.5681 4
    0.3995 0.4319 2
  0.7939 17 - 2
    0.3238 0.6638 5
    0.4966 0.3362 4
  0.9979 19 - 2
    0.204 0.2652 6
    0.5278 0.7348 5
  1.3992 21 - 2
    0.4013 0.5459 7
    0.6053 0.4541 6
  1.6184 23 - 2
    0.2192 0.1415 8
    0.6205 0.8585 7
  2.071 25 - 2
    0.4526 0.5462 9
    0.6718 0.4538 8
  2.2948 27 - 2
    0.2238 0.1851 10
    0.6764 0.8149 9
  2.6557 29 - 2
    0.3609 0.5581 11
    0.5847 0.4419 10
  2.7905 31 - 2
    0.1348 0.6737 12
    0.4957 0.3263 11
  2.9743 33 - 2
    0.1838 0.976761 13
    0.3186 0.023239 12
  3.1745 35 - 2
    0.2002 0.8436 14
    0.384 0.1564 13
  3.4128 37 - 2
    0.2383 0.7104 15
    0.4385 0.2896 14
  3.683 39 - 2
    0.2702 0.6688 16
    0.5085 0.3312 15
  3.9698 41 - 2
    0.2868 0.5973 17
    0.557 0.4027 16
  4.2917 43 - 2
    0.3219 0.6164 18
    0.6087 0.3836 17
  4.6222 45 - 2
    0.3305 0.5345 19
    0.6524 0.4655 18
  4.9831 47 - 2
    0.3609 0.6781 20
    0.6914 0.3219 19
  5.3555 49 - 2
    0.3724 0.6301 21
    0.7333 0.3699 20
  5.7525 51 - 1
    0.7694 1 21
  6.1682 53 - 1
    0.8127 1 22

73 166 5
  0 4 + 0
  0.12579 2 + 1
    0.12579 1 0
  0.2983 6 + 1
    0.17251 1 1
  0.35034 8 + 1
    0.22455 1 1
  0.39593 2 + 4
    0.04559 0.380773 3
    0.09763 0.337076 2
    0.27014 0.091264 1
    0.39593 0.190887 0

73 167 40
  0 3 + 0
  0.0944 5 + 1
    0.0944 1 0
  0.2046 7 + 1
    0.1102 1 1
  0.2144 9 + 1
    0.12 1 1
  0.23283 7 + 1
    0.23283 1 0
  0.2541 3 - 1
    0.1597 1 1
  0.289 9 + 2
    0.0844 0.919646 2
    0.1946 0.080354 1
  0.3744 9 + 3
    0.16 0.361593 3
    0.1698 0.545189 2
    0.28 0.093218 1
  0.392 7 - 1
    0.392 1 0
  0.49657 5 - 2
    0.26374 0.092827 4
    0.49657 0.907173 0
  0.503 5 + 1
    0.27017 1 4
  0.5674 3 + 1
    0.1754 1 8
  0.5744 11 + 2
    0.2 0.5783 7
    0.3698 0.4217 2
  0.6112 9 - 1
    0.37837 1 4
  0.663 1 - 1
    0.43017 1 4
  0.7909 13 + 2
    0.2165 0.436 12
    0.4165 0.564 7
  0.8534 13 - 1
    0.2422 1 13
  1.0363 15 + 2
    0.2454 0.4171 15
    0.4619 0.5829 12
  1.2174 17 - 1
    0.364 1 16
  1.2854 17 + 2
    0.2491 0.3771 17
    0.4945 0.6229 15
  1.5577 19 + 2
    0.2723 0.3159 19
    0.5214 0.6841 17
  1.6801 21 - 1
    0.4627 1 18
  1.8207 21 + 2
    0.263 0.3543 20
    0.5353 0.6457 19
  2.0899 23 + 2
    0.2692 0.4381 22
    0.5322 0.5619 20
  2.2156 25 - 1
    0.5355 1 21
  2.3291 25 + 2
    0.2392 0.4613 23
    0.5084 0.5387 22
  2.5676 27 + 2
    0.2385 0.751 25
    0.4777 0.249 23
  2.7823 29 + 2
    0.2147 0.5789 26
    0.4532 0.4211 25
  2.7982 29 - 1
    0.5826 1 24
  2.9699 31 + 2
    0.1876 0.6451 27
    0.4023 0.3549 26
  3.2139 33 + 2
    0.244 0.6955 29
    0.4316 0.3045 27
  3.381 33 - 1
    0.5828 1 28
  3.429 35 + 2
    0.2151 0.701 30
    0.4591 0.299 29
  3.7236 37 + 2
    0.2946 0.5446 32
    0.5097 0.4554 30
  3.977 37 - 1
    0.596 1 31
  3.9929 39 + 2
    0.2693 0.4577 33
    0.5639 0.5423 32
  4.3084 41 + 2
    0.3155 0.6086 35
    0.5848 0.3914 33
  4.608 41 - 1
    0.631 1 34
  4.622 43 + 1
    0.3136 1 36
  4.9256 45 + 2
    0.303601 0.4428 38
    0.617201 0.5572 36

73 168 3
  0 2 + 0
  0.17843 2 + 1
    0.17843 1 0
  0.35227 2 + 2
    0.17384 0.5606 1
    0.35227 0.4394 0

73 169 183
  0 5 + 0
  0.0114 1 + 1
    0.0114 1 0
  0.0275 3 + 1
    0.0161 1 1
  0.09654 7 + 1
    0.09654 1 0
  0.13572 7 + 1
    0.13572 1 0
  0.1799 5 + 2
    0.1524 0.8727 2
    0.1685 0.1273 1
  0.186 5 + 2
    0.1585 0.5591 2
    0.1746 0.4409 1
  0.1919 5 - 1
    0.1644 1 2
  0.21972 9 - 1
    0.12318 1 3
  0.2334 7 + 1
    0.2059 1 2
  0.24477 9 + 3
    0.10905 0.253492 4
    0.14823 0.67518 3
    0.24477 0.071328 0
  0.29804 9 + 3
    0.16232 0.7351 4
    0.2015 0.1245 3
    0.29804 0.1404 0
  0.29949 9 - 1
    0.10759 1 7
  0.33661 11 - 1
    0.11689 1 8
  0.3483 3 - 1
    0.1623 1 6
  0.35848 7 - 4
    0.13876 0.452782 8
    0.22276 0.064097 4
    0.26194 0.420983 3
    0.35848 0.062138 0
  0.42014 11 + 3
    0.1221 0.112389 11
    0.17537 0.693931 10
    0.3236 0.193681 3
  0.4661 9 + 2
    0.2327 0.5517 9
    0.2862 0.4483 5
  0.4686 7 - 3
    0.1203 0.3276 14
    0.16911 0.2796 12
    0.2767 0.3928 7
  0.48769 11 + 3
    0.18965 0.6072 11
    0.24292 0.1204 10
    0.35197 0.2724 4
  0.50674 13 - 2
    0.17013 0.8436 13
    0.28702 0.1564 8
  0.52228 13 - 2
    0.18567 0.03819 13
    0.22279 0.96181 12
  0.5558 7 - 2
    0.19732 0.8116 15
    0.42008 0.1884 4
  0.5685 11 + 1
    0.3351 1 9
  0.61695 13 + 3
    0.12926 0.095145 19
    0.19681 0.449078 16
    0.37218 0.455777 10
  0.69241 15 - 2
    0.18567 0.7511 20
    0.3558 0.2489 13
  0.69598 13 + 3
    0.20829 0.383573 19
    0.27584 0.088564 16
    0.39794 0.527863 11
  0.72349 11 - 4
    0.21675 0.084985 20
    0.25489 0.468672 18
    0.38688 0.066966 13
    0.424 0.379377 12
  0.7955 3 - 1
    0.57578 1 8
  0.83594 15 + 3
    0.13996 0.048367 26
    0.21899 0.358875 24
    0.4158 0.592758 16
  0.8489 13 + 2
    0.2804 0.2694 23
    0.3828 0.7306 17
  0.85865 17 - 2
    0.33637 0.982239 21
    0.35191 0.017761 20
  0.9249 17 - 2
    0.23249 0.5841 25
    0.41816 0.4159 20
  0.92798 15 + 3
    0.232 0.294729 26
    0.31103 0.159016 24
    0.44029 0.546255 19
  0.9994 15 + 1
    0.4309 1 23
  1.06968 17 + 2
    0.23374 0.2699 29
    0.45273 0.7301 24
  1.07654 15 - 2
    0.35305 0.6691 27
    0.55426 0.3309 21
  1.1505 19 - 2
    0.2256 0.474 32
    0.45809 0.526 25
  1.17058 17 + 3
    0.2426 0.290509 33
    0.33464 0.093173 29
    0.4746 0.616319 26
  1.29664 21 - 1
    0.43799 1 31
  1.30434 17 + 2
    0.30494 0.1046 34
    0.45544 0.8954 30
  1.3212 19 + 2
    0.25152 0.2528 35
    0.48526 0.7472 29
  1.4306 21 - 2
    0.2801 0.4881 37
    0.5057 0.5119 32
  1.4329 19 + 3
    0.26232 0.2512 38
    0.36322 0.1187 35
    0.50492 0.6301 33
  1.49359 19 + 1
    0.49419 1 34
  1.51864 19 - 2
    0.4421 0.7395 36
    0.65999 0.2605 31
  1.58112 21 + 2
    0.25992 0.2509 41
    0.51144 0.7491 35
  1.6831 23 - 2
    0.2525 0.4042 42
    0.5326 0.5958 37
  1.69749 21 + 3
    0.26459 0.188494 43
    0.37629 0.094127 41
    0.52691 0.717378 38
  1.78922 21 + 2
    0.29563 0.1063 44
    0.48488 0.8937 40
  1.8201 25 - 1
    0.52346 1 39
  1.85508 23 + 2
    0.27396 0.2767 46
    0.53388 0.7233 41
  1.87502 21 + 2
    0.38143 0.3043 44
    0.57068 0.6957 40
  1.97706 23 + 2
    0.27957 0.2496 48
    0.54416 0.7504 43
  1.9946 25 - 2
    0.3115 0.4309 47
    0.564 0.5691 42
  2.01737 23 + 2
    0.52378 0.9103 44
    0.72073 0.0897 39
  2.0353 23 - 2
    0.51666 0.7631 45
    0.73866 0.2369 39
  2.12983 25 + 2
    0.27475 0.2515 51
    0.54871 0.7485 46
  2.20573 25 + 3
    0.33071 0.1001 52
    0.41651 0.5262 49
    0.50824 0.3737 48
  2.2177 23 + 1
    0.92106 1 39
  2.25737 25 + 2
    0.28031 0.3564 53
    0.55988 0.6436 48
  2.2621 27 - 2
    0.2675 0.3283 54
    0.579 0.6717 47
  2.335 25 + 2
    0.45998 0.3997 52
    0.54578 0.6003 49
  2.40545 27 + 2
    0.27562 0.2377 57
    0.55037 0.7623 51
  2.4124 29 - 1
    0.5923 1 50
  2.49891 27 + 2
    0.24154 0.3208 60
    0.52185 0.6792 53
  2.5305 27 + 2
    0.51313 0.8609 55
    0.7104 0.1391 50
  2.5416 25 - 1
    0.7215 1 50
  2.5711 29 - 2
    0.309 0.4007 61
    0.5765 0.5993 54
  2.6029 27 - 2
    0.5676 0.7767 56
    0.7828 0.2233 50
  2.6234 27 + 2
    0.4057 0.4703 59
    0.8033 0.5297 50
  2.6348 29 + 3
    0.22935 0.364771 63
    0.42907 0.058275 58
    0.50497 0.576954 57
  2.66751 29 + 3
    0.26206 0.138714 63
    0.41014 0.10121 60
    0.46178 0.760076 58
  2.71153 29 + 2
    0.30608 0.1589 63
    0.5817 0.8411 57
  2.7455 29 + 1
    0.4105 1 62
  2.7955 31 - 2
    0.2244 0.4801 68
    0.5334 0.5199 61
  2.84501 31 + 2
    0.21021 0.562 71
    0.43956 0.438 63
  2.8514 29 - 3
    0.3098 0.243076 67
    0.439 0.426457 64
    1.0313 0.330467 50
  2.9406 31 + 1
    0.44169 1 65
  2.9865 31 + 1
    0.456 1 66
  3.0036 33 - 2
    0.2081 0.7709 75
    0.4325 0.2291 68
  3.05377 33 + 2
    0.20876 0.5312 76
    0.41897 0.4688 71
  3.0642 33 - 1
    0.6518 1 64
  3.0746 31 + 3
    0.4512 0.306631 70
    0.5441 0.185119 66
    0.6622 0.508251 64
  3.1501 33 + 1
    0.43857 1 73
  3.1524 31 - 2
    0.5495 0.8329 69
    0.74 0.1671 64
  3.1734 33 + 1
    0.50589 1 72
  3.1767 33 + 1
    0.50919 1 72
  3.2107 35 - 2
    0.2071 0.7155 80
    0.4152 0.2845 75
  3.2375 5 - 1
    0.56999 1 72
  3.2418 33 - 2
    0.3904 0.3941 77
    0.8294 0.6059 64
  3.2969 35 + 2
    0.24313 0.5621 81
    0.45189 0.4379 76
  3.4023 35 + 1
    0.4617 1 78
  3.4404 37 - 2
    0.2297 0.7085 88
    0.4368 0.2915 80
  3.4618 35 + 1
    0.4753 1 79
  3.5412 37 + 2
    0.2443 0.4404 91
    0.48743 0.5596 81
  3.6205 35 - 1
    0.4681 1 85
  3.622 35 + 2
    0.5474 0.7595 83
    0.56823 0.2405 81
  3.6528 37 + 1
    0.5027 1 84
  3.6632 37 - 2
    0.4214 0.080563 90
    0.599 0.919437 82
  3.6893 37 + 2
    0.5126 0.3549 87
    0.5159 0.6451 86
  3.6986 39 - 2
    0.2582 0.6305 93
    0.4879 0.3695 88
  3.7418 37 + 2
    0.5651 0.6452 87
    0.5684 0.3548 86
  3.7953 37 - 2
    0.5535 0.4368 90
    0.7311 0.5632 82
  3.8298 39 + 2
    0.2886 0.3767 95
    0.5329 0.6233 91
  3.9521 39 + 1
    0.5498 1 92
  3.9742 41 - 2
    0.2756 0.6744 101
    0.5338 0.3256 93
  4.0198 39 + 1
    0.558 1 94
  4.1101 41 + 2
    0.2803 0.2999 104
    0.5689 0.7001 95
  4.1373 39 - 1
    0.5168 1 96
  4.225 39 + 1
    0.603 1 97
  4.2308 41 - 1
    0.5676 1 99
  4.2403 41 + 1
    0.5875 1 98
  4.2816 43 - 2
    0.3074 0.4923 106
    0.583 0.5077 101
  4.2856 41 + 1
    0.5963 1 100
  4.3609 41 + 1
    0.6191 1 102
  4.4388 43 + 2
    0.3287 0.3245 108
    0.609 0.6755 104
  4.5036 41 - 1
    0.7083 1 103
  4.5821 43 + 1
    0.63 1 105
  4.6015 45 - 2
    0.3199 0.5128 113
    0.6273 0.4872 106
  4.6514 43 + 1
    0.6316 1 107
  4.7288 43 - 1
    0.5915 1 109
  4.7507 45 + 2
    0.3119 0.3084 116
    0.6406 0.6916 108
  4.8606 45 - 1
    0.6298 1 111
  4.8835 43 + 1
    0.6585 1 110
  4.9031 45 + 1
    0.6628 1 112
  4.9468 47 - 2
    0.3453 0.5196 119
    0.6652 0.4804 113
  4.9482 45 + 1
    0.6626 1 114
  5.031 45 + 1
    0.6701 1 115
  5.1114 47 + 2
    0.3607 0.2384 122
    0.6726 0.7616 116
  5.2452 45 - 1
    0.741601 1 117
  5.279 47 + 1
    0.6969 1 118
  5.3056 49 - 2
    0.3588 0.4745 126
    0.7041 0.5255 119
  5.3168 47 + 1
    0.6654 1 120
  5.3547 47 + 1
    0.703301 1 120
  5.3913 47 - 1
    0.6625 1 121
  5.45 49 + 2
    0.3386 0.2286 129
    0.6993 0.7714 122
  5.5567 49 - 1
    0.6961 1 123
  5.5918 47 + 1
    0.7083 1 124
  5.6274 49 + 1
    0.7243 1 125
  5.6423 49 + 1
    0.6941 1 127
  5.6791 51 - 2
    0.373501 0.3783 132
    0.732301 0.6217 126
  5.7467 49 + 1
    0.7157 1 128
  5.8348 51 + 2
    0.3848 0.2534 136
    0.7234 0.7466 129
  5.9879 49 - 1
    0.742699 1 130
  6.0035 51 + 1
    0.6867 1 133
  6.0243 51 + 1
    0.7453 1 131
  6.0738 53 - 2
    0.394699 0.4188 141
    0.7682 0.5812 132
  6.104 51 + 1
    0.749299 1 134
  6.1113 51 - 1
    0.72 1 135
  6.1951 53 + 2
    0.3603 0.2635 143
    0.7451 0.7365 136
  6.3151 53 - 1
    0.7584 1 137
  6.3513 53 + 1
    0.709 1 140
  6.3912 53 + 1
    0.763801 1 139
  6.4675 55 - 2
    0.3937 0.4847 147
    0.788399 0.5153 141
  6.5214 53 + 1
    0.7747 1 142
  6.5994 55 + 1
    0.7646 1 143
  6.7427 55 + 1
    0.739201 1 145
  6.8125 55 + 1
    0.7882 1 146
  6.8877 55 + 1
    0.783701 1 148
  6.9011 57 - 2
    0.433601 0.4453 154
    0.827301 0.5547 147
  6.9784 57 + 2
    0.379 0.6756 156
    0.7833 0.3244 150
  7.1287 57 - 1
    0.813601 1 151
  7.1949 57 + 1
    0.803699 1 153
  7.3098 59 - 1
    0.8423 1 154
  7.3277 57 + 1
    0.806301 1 155
  7.4094 59 + 1
    0.81 1 156
  7.7897 61 - 1
    0.8886 1 160
  7.81 61 + 1
    0.8316 1 161
  7.9935 61 - 1
    0.864799 1 162
  8.1823 61 + 1
    0.8546 1 165
  8.207 63 - 1
    0.897201 1 164
  8.2794 63 + 1
    0.870001 1 166
  8.695 65 + 1
    0.885001 1 168
  8.7453 65 - 1
    0.955599 1 167
  8.9131 65 - 1
    0.9196 1 169
  9.0853 65 + 1
    0.902999 1 170
  9.1581 67 - 1
    0.951099 1 171
  9.635 69 + 1
    0.939999 1 173
  9.8867 69 - 1
    0.973601 1 175
  10.1547 71 - 1
    0.9966 1 177
  10.9165 73 - 1
    1.0298 1 179
  11.9925 77 - 1
    1.076 1 181

73 170 2
  0 6 + 0
  0.3162 2 + 1
    0.3162 1 0

73 171 53
  0 5 - 0
  0.0521 7 + 1
    0.0521 1 0
  0.0946 9 - 1
    0.0946 1 0
  0.1831 9 + 1
    0.131 1 1
  0.23629 9 - 3
    0.05319 0.180398 3
    0.18419 0.777292 1
    0.23629 0.04231 0
  0.2917 13 - 1
    0.1971 1 2
  0.3364 11 + 2
    0.1533 0.6683 3
    0.2843 0.3317 1
  0.3672 11 - 1
    0.13091 1 4
  0.51 13 + 2
    0.1736 0.4405 6
    0.3269 0.5595 3
  0.5279 13 - 2
    0.1607 0.8438 7
    0.29161 0.1562 4
  0.5308 7 - 2
    0.29451 0.551 4
    0.4787 0.449 1
  0.5898 17 - 1
    0.2981 1 5
  0.7005 15 + 2
    0.1905 0.4335 8
    0.3641 0.5665 6
  0.7097 15 - 2
    0.1818 0.766 9
    0.3425 0.234 7
  0.9061 17 + 2
    0.2056 0.2547 12
    0.3961 0.7453 8
  0.9175 17 - 2
    0.2078 0.7975 13
    0.3896 0.2025 9
  0.9787 21 - 1
    0.3889 1 11
  1.1244 19 + 2
    0.2183 0.3179 14
    0.4239 0.6821 12
  1.1371 19 - 2
    0.2196 0.5744 15
    0.4274 0.4256 13
  1.3544 21 + 2
    0.23 0.3147 17
    0.4483 0.6853 14
  1.3796 21 - 2
    0.2425 0.559 18
    0.4621 0.441 15
  1.4436 25 - 1
    0.4649 1 16
  1.5952 23 + 2
    0.2408 0.3028 19
    0.4708 0.6972 17
  1.6257 23 - 2
    0.2461 0.6584 20
    0.4886 0.3416 18
  1.8465 25 + 2
    0.2513 0.2392 22
    0.4921 0.7608 19
  1.8913 25 - 2
    0.2656 0.5002 23
    0.5117 0.4998 20
  1.9682 29 - 1
    0.5246 1 21
  2.1088 27 + 2
    0.2623 0.2071 24
    0.5136 0.7929 22
  2.1559 27 - 2
    0.2646 0.5224 25
    0.5302 0.4776 23
  2.3806 29 + 2
    0.2718 0.1565 27
    0.5341 0.8435 24
  2.4354 29 - 2
    0.2795 0.4661 28
    0.5441 0.5339 25
  2.5382 33 - 1
    0.57 1 26
  2.6647 31 + 1
    0.5559 1 27
  2.7127 31 - 1
    0.2773 1 30
  2.9541 33 + 1
    0.5735 1 29
  2.9957 33 - 2
    0.283 0.4357 33
    0.5603 0.5643 30
  3.1467 37 - 1
    0.6085 1 31
  3.2603 35 + 1
    0.5956 1 32
  3.2695 35 - 1
    0.2738 1 35
  3.557 37 - 2
    0.2875 0.5 38
    0.5613 0.5 35
  3.5693 37 + 1
    0.6152 1 34
  3.7967 41 - 1
    0.65 1 36
  3.8084 39 - 1
    0.5389 1 38
  3.8875 39 + 1
    0.6272 1 37
  4.1981 41 + 1
    0.6288 1 40
  4.4957 45 - 1
    0.699 1 41
  4.5431 43 + 1
    0.6556 1 43
  5.2489 49 - 1
    0.7532 1 45
  6.0574 53 - 1
    0.8085 1 47
  6.92 57 - 1
    0.862601 1 48
  7.8351 61 - 1
    0.9151 1 49
  8.801 65 - 1
    0.9659 1 50
  9.817 69 - 1
    1.016 1 51

73 172 27
  0 6 + 0
  0.0032 0 + 1
    0.0032 1 0
  0.0389 10 + 1
    0.0389 1 0
  0.0913 10 + 1
    0.0913 1 0
  0.093 4 - 2
    0.0898 0.7462 1
    0.093 0.2538 0
  0.1271 10 - 1
    0.0341 1 4
  0.2601 10 + 1
    0.2212 1 2
  0.2648 14 + 1
    0.1735 1 3
  0.3706 10 + 1
    0.3317 1 2
  0.4623 10 - 1
    0.4234 1 2
  0.4866 6 - 1
    0.2265 1 6
  0.5145 10 - 1
    0.2544 1 6
  0.5198 18 + 1
    0.255 1 7
  0.5331 10 + 3
    0.1625 0.132913 8
    0.273 0.266827 6
    0.4942 0.60026 2
  0.5499 14 - 2
    0.0876 0.8771 9
    0.2898 0.1229 6
  0.5846 10 - 4
    0.0515 0.249185 13
    0.1223 0.50367 9
    0.5457 0.175989 2
    0.5846 0.071156 0
  0.5863 14 - 1
    0.4592 1 5
  0.6076 8 + 1
    0.4805 1 5
  0.6256 12 + 3
    0.0757 0.5907 14
    0.1633 0.1038 9
    0.3655 0.3055 6
  0.8506 22 + 1
    0.3308 1 12
  1.2484 26 + 1
    0.3978 1 19
  1.7042 30 + 1
    0.4558 1 20
  2.2124 34 + 1
    0.5082 1 21
  2.7719 38 + 1
    0.5595 1 22
  3.3862 42 + 1
    0.6143 1 23
  4.0577 46 + 1
    0.6715 1 24
  4.7857 50 + 1
    0.728 1 25

73 173 19
  0 5 - 0
  0.08343 9 - 1
    0.08343 1 0
  0.26994 13 - 1
    0.18651 1 1
  0.32454 7 - 2
    0.24111 0.5 1
    0.32454 0.5 0
  0.5607 17 - 1
    0.29076 1 2
  0.634 9 - 1
    0.36406 1 2
  0.877 11 - 1
    0.60706 1 2
  0.8871 15 - 1
    0.61716 1 2
  0.9507 21 - 1
    0.39 1 4
  1.294 19 - 2
    0.4069 0.5 7
    0.7333 0.5 4
  1.304 15 - 1
    0.7433 1 4
  1.4318 25 - 1
    0.4811 1 8
  1.824 23 - 1
    0.8733 1 8
  1.875 21 - 1
    0.9243 1 8
  1.9952 29 - 1
    0.5634 1 11
  2.6314 33 - 1
    0.6362 1 14
  3.3243 37 - 1
    0.6929 1 15
  4.0297 41 - 1
    0.7054 1 16
  4.7272 45 - 1
    0.697501 1 17

73 174 26
  0 6 + 0
  0.077 10 + 1
    0.077 1 0
  0.14187 8 + 2
    0.06487 0.5 1
    0.14187 0.5 0
  0.24072 14 + 1
    0.16372 1 1
  0.30228 12 + 2
    0.16041 0.6977 2
    0.22528 0.3023 1
  0.49316 18 + 1
    0.25244 1 3
  0.83283 22 + 1
    0.33967 1 5
  0.88541 20 + 2
    0.39225 0.8209 5
    0.88541 0.1791 0
  1.25625 26 + 1
    0.42342 1 6
  1.30591 24 + 1
    0.4205 1 7
  1.75897 30 + 1
    0.50272 1 8
  1.80691 28 + 1
    0.501 1 9
  2.33631 34 + 1
    0.57734 1 10
  2.38369 32 + 1
    0.57678 1 11
  2.9837 38 + 1
    0.64739 1 12
  3.0252 36 + 1
    0.64151 1 13
  3.69493 42 + 1
    0.71123 1 14
  3.7115 40 + 1
    0.6863 1 15
  3.77738 42 + 1
    0.79368 1 14
  4.4428 44 + 1
    0.7313 1 17
  4.45646 46 + 1
    0.76153 1 16
  4.46364 46 + 1
    0.76871 1 16
  5.2184 48 + 1
    0.7756 1 19
  5.27416 50 + 1
    0.8177 1 20
  6.13973 54 + 1
    0.86557 1 23
  6.149 54 + 1
    0.87484 1 23

73 175 124
  0 7 + 0
  0.036405 5 + 1
    0.036405 1 0
  0.051377 5 - 2
    0.014972 0.5 1
    0.051377 0.5 0
  0.0689 1 - 1
    0.017523 1 2
  0.1243 9 - 2
    0.072923 0.969 2
    0.1243 0.031 0
  0.12975 9 + 1
    0.12975 1 0
  0.13141 9 - 1
    0.13141 1 0
  0.14259 7 + 1
    0.106185 1 1
  0.2181 3 - 2
    0.1492 0.3182 3
    0.166723 0.6818 2
  0.27626 11 - 1
    0.14485 1 6
  0.28053 9 + 2
    0.13794 0.926754 7
    0.244125 0.073246 1
  0.28435 11 + 2
    0.1546 0.7282 5
    0.28435 0.2718 0
  0.2968 13 - 1
    0.1725 1 4
  0.3392 1 + 2
    0.1211 0.1428 8
    0.2703 0.8572 3
  0.436 11 + 2
    0.15974 0.7336 9
    0.29341 0.2664 7
  0.4466 13 - 2
    0.17034 0.920582 9
    0.31519 0.079418 6
  0.46141 13 + 2
    0.17706 0.5157 11
    0.33166 0.4843 5
  0.5715 17 - 1
    0.2747 1 12
  0.61953 13 + 2
    0.18353 0.6722 14
    0.339 0.3278 10
  0.64051 15 - 2
    0.19391 0.8812 15
    0.36425 0.1188 9
  0.65842 15 + 2
    0.19701 0.2921 16
    0.37407 0.7079 11
  0.826 15 + 2
    0.20647 0.88 18
    0.39 0.12 14
  0.8572 17 - 2
    0.21669 0.8197 19
    0.4106 0.1803 15
  0.87268 17 + 2
    0.21426 0.2183 20
    0.41127 0.7817 16
  0.9435 21 - 1
    0.372 1 17
  1.0518 17 + 2
    0.2258 0.6154 21
    0.43227 0.3846 18
  1.0937 19 - 2
    0.2365 0.6777 22
    0.45319 0.3223 19
  1.1021 19 + 2
    0.22942 0.2092 23
    0.44368 0.7908 20
  1.28 15 - 1
    0.8334 1 15
  1.2973 19 + 2
    0.2455 0.4813 25
    0.4713 0.5187 21
  1.3021 15 - 1
    0.7306 1 17
  1.3423 21 + 2
    0.2402 0.153 27
    0.46962 0.847 23
  1.3509 21 - 2
    0.2572 0.5914 26
    0.4937 0.4086 22
  1.4056 25 - 1
    0.4621 1 24
  1.4973 17 + 1
    0.9258 1 17
  1.5494 15 - 1
    0.9779 1 17
  1.5525 17 + 7
    0.4588 0.154789 26
    0.67982 0.064265 23
    0.6953 0.185487 22
    0.89408 0.081184 20
    0.91199 0.349576 19
    0.93297 0.112192 18
    1.09109 0.052506 16
  1.5573 21 + 2
    0.26 0.3276 29
    0.5055 0.6724 25
  1.5676 21 - 3
    0.2167 0.3115 32
    0.4739 0.4888 26
    0.7104 0.1997 22
  1.5931 23 + 2
    0.2508 0.2539 31
    0.491 0.7461 27
  1.6221 23 - 2
    0.2712 0.3943 32
    0.5284 0.6057 26
  1.6513 19 + 1
    0.0988 1 36
  1.6909 19 - 1
    1.1194 1 17
  1.731 21 + 1
    0.1634 1 38
  1.7717 19 - 1
    0.4696 1 30
  1.7942 21 + 1
    0.1429 1 41
  1.8257 21 - 2
    0.3284 0.3056 34
    0.8822 0.6944 24
  1.8322 23 + 2
    0.2749 0.3969 37
    0.5349 0.6031 29
  1.8521 25 + 2
    0.259 0.1337 39
    0.5098 0.8663 31
  1.8787 23 - 1
    0.3111 1 38
  1.8968 23 + 1
    0.1658 1 43
  1.9106 25 - 2
    0.2885 0.4254 40
    0.5597 0.5746 32
  1.941 23 - 1
    0.9975 1 24
  1.95 29 - 1
    0.5444 1 33
  1.9698 23 + 2
    0.1756 0.8479 45
    0.3185 0.1521 41
  2.0395 23 - 1
    0.3486 1 42
  2.088 25 + 2
    0.1912 0.8673 50
    0.357 0.1327 43
  2.1149 25 + 2
    0.2827 0.5132 47
    0.5576 0.4868 37
  2.1187 27 + 2
    0.2666 0.1123 48
    0.5256 0.8877 39
  2.174 25 + 2
    0.2042 0.7287 54
    0.3798 0.2713 45
  2.2036 25 - 2
    0.3249 0.920263 49
    0.636 0.079737 38
  2.2065 27 - 2
    0.2959 0.4769 51
    0.5844 0.5231 40
  2.2132 25 - 2
    0.3875 0.7299 46
    0.8076 0.2701 33
  2.3004 27 + 2
    0.2124 0.6668 56
    0.4036 0.3332 50
  2.3173 27 - 2
    0.3763 0.3939 52
    0.9117 0.6061 33
  2.3962 29 + 1
    0.5441 1 48
  2.4034 27 + 2
    0.2294 0.7057 59
    0.4336 0.2943 54
  2.4072 27 + 2
    0.2923 0.3987 57
    0.575 0.6013 47
  2.5159 29 - 2
    0.3094 0.5379 61
    0.6053 0.4621 51
  2.5325 29 + 2
    0.2321 0.5537 63
    0.4445 0.4463 56
  2.5382 27 - 2
    0.3346 0.8265 60
    0.6595 0.1735 49
  2.5689 33 - 1
    0.6189 1 53
  2.6351 29 - 2
    0.4219 0.6803 62
    0.6851 0.3197 53
  2.6568 29 + 2
    0.2534 0.5361 66
    0.4828 0.4639 59
  2.6814 31 + 1
    0.5627 1 58
  2.7044 29 + 2
    0.2972 0.4179 67
    0.5895 0.5821 57
  2.7688 31 - 2
    0.4515 0.8 64
    0.8188 0.2 53
  2.7837 31 + 2
    0.2512 0.4813 69
    0.4833 0.5187 63
  2.8258 31 - 2
    0.3099 0.5113 68
    0.6193 0.4887 61
  2.8807 29 - 2
    0.3425 0.7442 70
    0.6771 0.2558 60
  2.9319 31 + 2
    0.2751 0.5221 73
    0.5285 0.4779 66
  2.9815 33 + 1
    0.5853 1 65
  3.0063 31 + 1
    0.5991 1 67
  3.053 33 + 2
    0.2693 0.404 77
    0.5205 0.596 69
  3.0915 33 - 1
    0.4564 1 72
  3.144 33 - 2
    0.3182 0.3631 78
    0.6281 0.6369 68
  3.2171 31 - 2
    0.3364 0.6099 79
    0.6789 0.3901 70
  3.2257 33 + 2
    0.2938 0.5141 80
    0.5689 0.4859 73
  3.2324 31 - 2
    0.3517 0.7234 79
    0.6942 0.2766 70
  3.2511 37 - 1
    0.6822 1 71
  3.2881 35 + 1
    0.6067 1 74
  3.2958 35 - 1
    0.527 1 76
  3.3125 33 + 1
    0.6081 1 75
  3.3396 35 + 2
    0.2866 0.3875 83
    0.5559 0.6125 77
  3.4578 35 - 1
    0.632 1 78
  3.5275 33 - 2
    0.3104 0.2917 86
    0.6468 0.7083 79
  3.6047 37 - 1
    0.5132 1 84
  3.6138 37 + 1
    0.6323 1 81
  3.6238 35 + 1
    0.6175 1 82
  3.6419 37 + 2
    0.3023 0.3583 93
    0.5889 0.6417 83
  3.7632 5 - 1
    0.2357 1 95
  3.8923 39 - 1
    0.5965 1 91
  3.9438 37 + 1
    0.6313 1 92
  3.9473 39 + 1
    0.6592 1 90
  3.9581 39 + 2
    0.3162 0.3126 99
    0.6185 0.6874 93
  3.9934 41 - 1
    0.7423 1 89
  4.0423 5 - 1
    0.2791 1 100
  4.1888 41 - 1
    0.5841 1 96
  4.265 39 + 1
    0.6412 1 98
  4.2833 41 + 2
    0.3252 0.2935 104
    0.6414 0.7065 99
  4.3 41 + 1
    0.6862 1 97
  4.3303 7 - 1
    0.288 1 106
  4.5593 43 - 1
    0.667 1 101
  4.5916 41 + 1
    0.6478 1 102
  4.6209 43 + 2
    0.3376 0.4769 109
    0.6628 0.5231 104
  4.6361 5 - 1
    0.3058 1 111
  4.6613 43 + 1
    0.714 1 103
  4.7861 45 - 1
    0.7927 1 105
  4.8493 45 - 1
    0.6605 1 107
  4.9252 43 + 1
    0.6602 1 108
  4.9671 45 + 2
    0.3462 0.3612 114
    0.6838 0.6388 109
  5.04 45 + 1
    0.74 1 110
  5.297 47 - 1
    0.7377 1 112
  5.6101 49 - 1
    0.824 1 117

73 176 9
  0 2 - 0
  0.046 4 - 1
    0.046 1 0
  0.0695 2 - 1
    0.0235 1 1
  0.1002 0 + 1
    0.1002 1 0
  0.103 6 + 1
    0.0335 1 2
  0.1338 4 + 1
    0.0336 1 3
  0.1843 2 + 2
    0.0505 0.096245 5
    0.0841 0.903755 3
  0.1938 8 + 1
    0.0908 1 4
  0.1951 2 + 2
    0.0613 0.4004 5
    0.0949 0.5996 3

73 177 185
  0 7 + 0
  0.07059 5 + 1
    0.07059 1 0
  0.07336 9 - 1
    0.07336 1 0
  0.13105 9 + 1
    0.13105 1 0
  0.17231 7 + 2
    0.10172 0.906045 1
    0.17231 0.093955 0
  0.18615 5 - 3
    0.01384 0.028368 4
    0.11556 0.86104 1
    0.18615 0.110592 0
  0.21662 1 - 1
    0.03047 1 5
  0.22003 11 - 1
    0.14667 1 2
  0.24585 9 - 1
    0.0597 1 5
  0.28855 11 + 2
    0.1575 0.7313 3
    0.28855 0.2687 0
  0.30089 9 + 2
    0.12858 0.943672 4
    0.2303 0.056328 1
  0.37257 3 - 2
    0.15595 0.3787 6
    0.18642 0.6213 5
  0.39166 13 - 2
    0.17163 0.8931 7
    0.3183 0.1069 2
  0.4023 13 - 1
    0.15645 1 8
  0.45506 11 + 2
    0.15417 0.8333 10
    0.28275 0.1667 4
  0.47061 13 + 2
    0.18206 0.5161 9
    0.33956 0.4839 3
  0.48762 1 + 3
    0.11505 0.509951 11
    0.271 0.192719 6
    0.41703 0.29733 1
  0.49741 3 + 3
    0.28079 0.053968 6
    0.31126 0.084567 5
    0.42682 0.861466 1
  0.57313 1 + 1
    0.50254 1 1
  0.58691 15 - 2
    0.19525 0.8376 12
    0.36688 0.1624 7
  0.63302 13 + 2
    0.17796 0.8152 14
    0.33213 0.1848 10
  0.63995 5 + 3
    0.14254 0.765377 17
    0.15233 0.072328 16
    0.46764 0.162295 4
  0.6592 17 - 1
    0.2569 1 13
  0.67554 15 + 2
    0.20493 0.4231 15
    0.38699 0.5769 9
  0.6903 3 - 3
    0.31773 0.307485 11
    0.47368 0.630168 6
    0.50415 0.062347 5
  0.737 11 - 2
    0.3347 0.4226 13
    0.49115 0.5774 8
  0.80503 17 - 2
    0.21812 0.7751 19
    0.41337 0.2249 12
  0.8336 15 + 2
    0.20058 0.7288 20
    0.37854 0.2712 14
  0.86492 3 + 4
    0.22497 0.075037 21
    0.36751 0.417283 17
    0.3773 0.455282 16
    0.79433 0.052398 1
  0.89936 11 - 5
    0.5077 0.190208 12
    0.61081 0.144506 9
    0.67933 0.378015 7
    0.76831 0.028861 3
    0.826 0.25841 2
  0.90155 17 + 2
    0.22601 0.3038 23
    0.43094 0.6962 15
  0.9482 5 + 2
    0.30825 0.4417 21
    0.45079 0.5583 17
  1.0117 21 - 1
    0.3525 1 22
  1.029 15 - 3
    0.292 0.2951 25
    0.3698 0.2697 22
    0.6267 0.4352 13
  1.04362 19 - 2
    0.23859 0.6856 26
    0.45671 0.3144 19
  1.04494 3 - 3
    0.67237 0.5316 11
    0.82832 0.2791 6
    0.85879 0.1893 5
  1.05472 17 + 2
    0.22112 0.6386 27
    0.4217 0.3614 20
  1.05898 13 - 2
    0.15962 0.922782 29
    0.83895 0.077218 7
  1.09419 1 - 2
    0.72162 0.4943 11
    0.87757 0.5057 6
  1.14681 19 + 2
    0.24526 0.2491 30
    0.47127 0.7509 23
  1.23925 15 - 2
    0.18027 0.7253 37
    0.33989 0.2747 29
  1.2533 3 - 9
    0.15911 0.01399 38
    0.3051 0.009527 31
    0.38838 0.081479 28
    0.563 0.007133 24
    0.88073 0.058629 11
    1.03668 0.494893 6
    1.06715 0.149398 5
    1.18271 0.177897 1
    1.2533 0.007055 0
  1.29557 19 + 2
    0.24085 0.5302 36
    0.46197 0.4698 27
  1.30222 21 - 2
    0.2586 0.6161 34
    0.49719 0.3839 26
  1.35501 21 - 3
    0.05279 0.034158 43
    0.31139 0.866457 34
    0.54998 0.099385 26
  1.4059 19 - 3
    0.3769 0.2913 33
    0.3942 0.3392 32
    0.7467 0.3695 22
  1.40894 21 + 2
    0.26213 0.2112 39
    0.50739 0.7888 30
  1.43167 17 - 2
    0.19242 0.4942 40
    0.37269 0.5058 37
  1.4524 25 - 1
    0.4407 1 32
  1.47579 17 + 2
    0.88888 0.6623 19
    1.08413 0.3377 12
  1.47933 7 + 7
    0.226025 0.429587 41
    0.385135 0.131896 38
    0.434385 0.145996 35
    0.789025 0.201894 24
    1.10675 0.053258 11
    1.2627 0.024909 6
    1.29317 0.01246 5
  1.48213 1 + 5
    0.53393 0.237012 31
    0.61721 0.60063 28
    0.84218 0.100205 21
    0.98472 0.035292 17
    1.41154 0.026861 1
  1.48771 1 - 5
    0.9903 0.458486 17
    1.00009 0.302591 16
    1.11514 0.073728 11
    1.27109 0.027599 6
    1.30156 0.137596 5
  1.51254 7 + 9
    0.25924 0.07795 41
    0.41835 0.07308 38
    0.64762 0.216001 28
    0.82224 0.009744 24
    0.93941 0.06415 18
    1.01513 0.406002 17
    1.13997 0.06699 11
    1.29592 0.04101 6
    1.32639 0.04507 5
  1.52295 17 + 8
    0.2837 0.042578 40
    0.47933 0.091856 34
    0.6214 0.048218 30
    0.71792 0.169993 26
    0.84741 0.082287 23
    0.88993 0.034079 20
    0.93604 0.478281 19
    1.05234 0.052708 15
  1.54344 3 - 6
    0.67852 0.207598 28
    0.90349 0.141399 21
    1.04603 0.153098 17
    1.05582 0.235498 16
    1.17087 0.196298 11
    1.35729 0.066109 5
  1.5535 21 + 2
    0.25793 0.5193 42
    0.49878 0.4807 36
  1.57715 23 - 2
    0.27493 0.5995 43
    0.53353 0.4005 34
  1.60271 19 - 4
    0.17104 0.203704 47
    0.36346 0.133303 40
    0.79768 0.616112 26
    1.0158 0.046881 19
  1.60545 19 + 1
    0.0825 1 54
  1.62585 23 - 1
    0.27084 1 44
  1.6508 19 + 1
    0.17501 1 49
  1.68582 23 + 2
    0.27688 0.1822 46
    0.53901 0.8178 39
  1.6985 23 + 1
    0.34349 1 44
  1.7374 21 + 1
    0.13195 1 59
  1.76614 21 - 4
    0.16343 0.593064 58
    0.33447 0.083585 47
    0.72252 0.238486 34
    0.96111 0.084865 26
  1.8282 23 + 2
    0.2747 0.4271 56
    0.53263 0.5729 42
  1.83463 25 + 2
    0.13613 0.98763 63
    0.20878 0.01237 60
  1.8648 23 - 3
    0.4124 0.268773 48
    0.4589 0.284672 45
    0.8531 0.446555 32
  1.86906 25 - 2
    0.29191 0.4879 57
    0.56684 0.5121 43
  1.8747 25 - 2
    0.24885 0.936237 60
    0.51969 0.063763 44
  1.90468 23 + 2
    0.16728 0.904455 64
    0.29923 0.095545 59
  1.92008 25 - 2
    0.29423 0.8824 60
    0.56507 0.1176 44
  1.94945 23 - 3
    0.18331 0.4558 65
    0.34674 0.3972 58
    0.64723 0.147 43
  1.9732 29 - 1
    0.5208 1 48
  1.9751 25 + 2
    0.28928 0.179 62
    0.56616 0.821 46
  2.03711 27 + 2
    0.20248 0.964471 67
    0.33861 0.035529 63
  2.0983 25 + 1
    0.3998 1 63
  2.10159 25 + 2
    0.19691 0.7903 71
    0.36419 0.2097 64
  2.116 25 + 2
    0.2878 0.4132 66
    0.5625 0.5868 56
  2.13543 27 - 3
    0.21535 0.136514 72
    0.26073 0.705871 70
    0.50958 0.157616 60
  2.15417 25 - 2
    0.20472 0.4614 73
    0.38803 0.5386 65
  2.17151 27 - 2
    0.30245 0.5193 69
    0.59436 0.4807 57
  2.19266 27 - 3
    0.27258 0.6294 72
    0.31796 0.1694 70
    0.56681 0.2012 60
  2.27124 29 + 2
    0.23413 0.855 76
    0.43661 0.145 67
  2.27421 27 + 2
    0.29911 0.1768 75
    0.58839 0.8232 62
  2.32429 27 + 2
    0.2227 0.7361 78
    0.41961 0.2639 71
  2.3525 27 + 1
    0.2542 1 77
  2.3805 29 - 2
    0.24507 0.4405 80
    0.5058 0.5595 70
  2.3901 27 - 2
    0.23593 0.2962 81
    0.44065 0.7038 73
  2.3991 27 - 3
    0.4259 0.151 74
    0.5343 0.4729 68
    0.9467 0.3761 48
  2.4175 27 + 2
    0.3015 0.4613 79
    0.5893 0.5387 66
  2.47097 29 - 4
    0.27831 0.569254 83
    0.33554 0.066825 80
    0.55089 0.276578 72
    0.59627 0.087343 70
  2.4873 29 - 2
    0.31579 0.5435 82
    0.61824 0.4565 69
  2.53001 31 + 2
    0.25877 0.7195 84
    0.4929 0.2805 76
  2.5663 33 - 1
    0.5931 1 74
  2.56998 29 + 3
    0.24569 0.638419 86
    0.46839 0.33251 78
    0.59488 0.029071 75
  2.57627 29 + 2
    0.223775 0.5328 87
    0.477975 0.4672 77
  2.58235 29 + 2
    0.30814 0.1749 85
    0.60725 0.8251 75
  2.6286 29 - 1
    0.47443 1 81
  2.6661 31 - 2
    0.2856 0.3541 88
    0.53067 0.6459 80
  2.67122 29 + 3
    0.39998 0.3869 84
    0.57292 0.3152 77
    0.63411 0.2979 76
  2.7274 29 + 2
    0.3099 0.356 91
    0.6114 0.644 79
  2.755 31 - 2
    0.28403 0.4389 92
    0.56234 0.5611 83
  2.8073 31 - 2
    0.32 0.4413 93
    0.63579 0.5587 82
  2.8103 33 + 2
    0.28029 0.6243 94
    0.53906 0.3757 84
  2.82646 31 + 7
    0.15524 0.047593 101
    0.25648 0.020331 96
    0.29645 0.060824 94
    0.50217 0.022571 86
    0.55225 0.011031 85
    0.55522 0.417225 84
    0.78935 0.420425 76
  2.8312 31 + 1
    0.254925 1 97
  2.84001 31 + 2
    0.27003 0.4674 96
    0.51572 0.5326 86
  2.8527 33 - 1
    0.02624 1 106
  2.89376 31 + 2
    0.31141 0.1939 98
    0.61955 0.8061 85
  2.8963 31 - 1
    0.5062 1 89
  2.9569 35 + 1
    0.1042 1 109
  2.9712 33 - 2
    0.3051 0.2807 100
    0.5907 0.7193 88
  3.0009 31 - 3
    0.4346 0.1503 95
    0.6018 0.4278 90
    1.0277 0.4219 74
  3.0464 33 - 2
    0.2914 0.5236 103
    0.57543 0.4764 92
  3.0485 31 + 2
    0.3211 0.3378 102
    0.631 0.6622 91
  3.1096 35 + 2
    0.2993 0.4882 105
    0.57959 0.5118 94
  3.1295 33 + 2
    0.28949 0.5187 108
    0.55952 0.4813 96
  3.1353 33 - 2
    0.328 0.1387 104
    0.648 0.8613 93
  3.1457 33 + 1
    0.31924 1 106
  3.1811 33 - 1
    0.5525 1 99
  3.1894 37 + 1
    0.2325 1 112
  3.2102 33 + 2
    0.31644 0.3492 110
    0.62785 0.6508 98
  3.2157 35 - 1
    0.363 1 109
  3.2237 37 - 1
    0.6574 1 95
  3.2871 37 - 2
    0.0714 0.4701 124
    0.3302 0.5299 112
  3.2945 35 - 2
    0.3233 0.2939 113
    0.6284 0.7061 100
  3.3457 35 - 2
    0.2993 0.5811 115
    0.5907 0.4189 103
  3.3733 33 + 1
    0.6459 1 102
  3.4262 37 + 2
    0.3166 0.4917 117
    0.6159 0.5083 105
  3.4382 35 + 2
    0.3087 0.4098 118
    0.59819 0.5902 108
  3.4583 35 - 1
    0.651 1 104
  3.4808 35 - 1
    0.5845 1 111
  3.4837 35 + 1
    0.338 1 120
  3.511 39 + 2
    0.3216 0.977139 122
    0.5541 0.022861 112
  3.5312 35 + 1
    0.63744 1 110
  3.5897 37 - 2
    0.374 0.7923 124
    0.737 0.2077 109
  3.6159 39 - 1
    0.3288 1 126
  3.6332 37 - 1
    0.662 1 113
  3.6536 37 - 2
    0.3079 0.8136 128
    0.6072 0.1864 115
  3.6621 35 - 2
    0.6612 0.5032 114
    1.0958 0.4968 95
  3.7075 35 + 1
    0.659 1 116
  3.7579 39 + 2
    0.3317 0.4344 130
    0.6483 0.5656 117
  3.7644 37 + 2
    0.3262 0.2874 131
    0.6349 0.7126 118
  3.7791 37 - 1
    0.598 1 121
  3.803 37 - 1
    0.6677 1 119
  3.86 37 + 1
    0.6498 1 123
  3.868 41 + 2
    0.357 0.939562 135
    0.6786 0.060438 122
  3.94 41 - 1
    0.7163 1 125
  3.9585 41 - 2
    0.3426 0.725 138
    0.6714 0.275 126
  3.9686 39 - 1
    0.6229 1 128
  3.9777 39 - 1
    0.388 1 137
  3.9877 39 - 1
    0.6932 1 127
  4.0593 37 + 1
    0.686 1 129
  4.0933 39 - 1
    0.635 1 132
  4.1033 41 + 1
    0.6771 1 130
  4.1959 39 + 1
    0.6647 1 136
  4.2486 43 + 2
    0.3806 0.7915 148
    0.7376 0.2085 135
  4.3168 43 - 2
    0.3583 0.6254 150
    0.7009 0.3746 138
  4.3294 43 + 2
    0.4614 0.8862 148
    0.8184 0.1138 135
  4.3525 41 - 1
    0.7193 1 139
  4.4258 39 + 1
    0.7183 1 142
  4.4595 43 + 1
    0.7016 1 143
  4.5048 41 - 1
    0.7018 1 146
  4.5415 41 + 1
    0.6815 1 147
  4.5702 45 - 1
    0.2408 1 160
  4.6472 45 + 2
    0.398601 0.7898 158
    0.779201 0.2102 148
  4.6563 49 - 1
    0.0861 1 166
  4.6916 45 - 2
    0.3748 0.6369 159
    0.7331 0.3631 150
  4.7157 45 - 1
    0.775701 1 149
  4.7277 43 - 1
    0.74 1 153
  4.7404 45 + 1
    0.411 1 160
  4.8253 45 + 1
    0.722 1 156
  4.9009 43 + 1
    0.705 1 157
  4.9832 47 - 1
    0.413001 1 166
  5.0584 47 + 2
    0.411199 0.7504 167
    0.8098 0.2496 158
  5.0829 47 - 1
    0.3913 1 169
  5.1955 47 + 1
    0.736 1 163
  5.2711 45 + 1
    0.729601 1 165
  5.4132 49 - 1
    0.429999 1 175
  5.4789 49 + 1
    0.4205 1 176
  5.5484 49 - 1
    0.832699 1 170
  5.9049 51 + 1
    0.426 1 181
  6.4373 53 - 1
    0.8889 1 182

73 178 2
  0 14 - 0
  0.2 2 + 1
    0.2 1 0

73 179 160
  0 7 + 0
  0.0307 9 - 1
    0.0307 1 0
  0.13379 9 + 1
    0.13379 1 0
  0.18079 11 - 1
    0.15009 1 1
  0.23856 5 + 1
    0.23856 1 0
  0.29465 11 + 2
    0.16086 0.8046 2
    0.29465 0.1954 0
  0.34395 7 + 1
    0.10539 1 4
  0.35619 13 - 2
    0.1754 0.907409 3
    0.32549 0.092591 1
  0.47718 9 + 2
    0.13323 0.928991 6
    0.23862 0.071009 4
  0.48127 13 + 2
    0.18662 0.536 5
    0.34748 0.464 2
  0.52023 1 + 1
    0.28167 1 4
  0.52751 3 + 1
    0.28895 1 4
  0.55558 15 - 2
    0.19939 0.8536 7
    0.37479 0.1464 3
  0.62798 5 - 3
    0.10047 0.527353 11
    0.28403 0.190519 6
    0.38942 0.282128 4
  0.63669 11 + 2
    0.15951 0.8005 8
    0.29274 0.1995 6
  0.673 9 - 1
    0.04502 1 13
  0.676505 5 + 2
    0.148995 0.8085 11
    0.156275 0.1915 10
  0.68 1 - 2
    0.05202 0.5 13
    0.15249 0.5 11
  0.69185 15 + 2
    0.21058 0.4459 9
    0.3972 0.5541 5
  0.69598 7 + 1
    0.16847 1 11
  0.7414 1 - 1
    0.21389 1 11
  0.7502 3 - 2
    0.22269 0.7438 11
    0.22997 0.2562 10
  0.757 3 - 2
    0.23677 0.5 10
    0.51844 0.5 4
  0.77769 17 - 2
    0.22211 0.7206 12
    0.4215 0.2794 7
  0.82095 13 + 2
    0.18426 0.7655 14
    0.34377 0.2345 8
  0.8251 13 - 1
    0.1521 1 15
  0.855 3 - 2
    0.33477 0.5 10
    0.61644 0.5 4
  0.875 5 - 2
    0.8443 0.5 1
    0.875 0.5 0
  0.891 3 - 2
    0.37077 0.5 10
    0.65244 0.5 4
  0.92464 17 + 2
    0.23279 0.2854 18
    0.44337 0.7146 9
  0.9379 9 + 2
    0.24192 0.825 19
    0.261395 0.175 16
  0.9876 11 + 1
    0.29162 1 19
  0.994 7 - 2
    0.81321 0.5 3
    0.86021 0.5 2
  1.017 5 - 2
    0.9863 0.5 1
    1.017 0.5 0
  1.02019 19 - 2
    0.2425 0.7029 23
    0.46461 0.2971 12
  1.0286 15 + 2
    0.20765 0.69 24
    0.39191 0.31 14
  1.064 1 + 2
    0.54377 0.5 10
    0.82544 0.5 4
  1.0888 17 - 1
    0.2637 1 25
  1.105 7 - 2
    0.92421 0.5 3
    0.97121 0.5 2
  1.126 5 + 2
    0.88744 0.5 4
    0.99221 0.5 2
  1.177 7 - 2
    0.99621 0.5 3
    1.04321 0.5 2
  1.19153 19 + 2
    0.26689 0.2068 29
    0.49968 0.7932 18
  1.206 5 - 2
    1.1753 0.5 1
    1.206 0.5 0
  1.231 3 + 2
    0.88705 0.5 6
    1.231 0.5 0
  1.2526 21 - 2
    0.23241 0.6031 34
    0.47491 0.3969 23
  1.2561 17 + 2
    0.2275 0.6083 35
    0.43515 0.3917 24
  1.2818 21 - 2
    0.26161 0.629 34
    0.50411 0.371 23
  1.298 7 + 2
    1.2673 0.5 1
    1.298 0.5 0
  1.3172 25 + 1
    0.0646 1 44
  1.328 23 - 1
    0.0754 1 44
  1.335 5 - 2
    1.3043 0.5 1
    1.335 0.5 0
  1.351 9 + 2
    1.17021 0.5 3
    1.21721 0.5 2
  1.389 15 + 1
    0.4014 1 31
  1.396 3 - 2
    0.87577 0.5 10
    1.15744 0.5 4
  1.42 3 - 2
    0.89977 0.5 10
    1.18144 0.5 4
  1.423 7 + 2
    1.3923 0.5 1
    1.423 0.5 0
  1.4469 21 + 2
    0.25537 0.2862 41
    0.52226 0.7138 29
  1.4584 21 - 1
    0.3696 1 37
  1.464 1 + 2
    0.94377 0.5 10
    1.22544 0.5 4
  1.475 7 + 2
    1.4443 0.5 1
    1.475 0.5 0
  1.496 1 - 2
    0.86802 0.5 13
    0.96849 0.5 11
  1.5034 19 + 2
    0.2473 0.5431 45
    0.4748 0.4569 35
  1.524 7 - 2
    1.34321 0.5 3
    1.39021 0.5 2
  1.527 7 + 2
    1.4963 0.5 1
    1.527 0.5 0
  1.5425 23 - 1
    0.2899 1 44
  1.555 5 - 2
    1.5243 0.5 1
    1.555 0.5 0
  1.5579 23 - 2
    0.2761 0.6139 46
    0.53771 0.3861 34
  1.561 9 + 2
    1.38021 0.5 3
    1.42721 0.5 2
  1.576 5 - 2
    1.5453 0.5 1
    1.576 0.5 0
  1.591 27 + 1
    0.2738 1 48
  1.6024 25 - 1
    0.2744 1 49
  1.61 3 + 2
    1.26605 0.5 6
    1.61 0.5 0
  1.6288 5 - 1
    0.3762 1 44
  1.635 9 + 2
    1.45421 0.5 3
    1.50121 0.5 2
  1.665 11 - 2
    1.48421 0.5 3
    1.53121 0.5 2
  1.705 5 + 2
    1.46644 0.5 4
    1.57121 0.5 2
  1.7304 23 + 2
    0.2835 0.5269 56
    0.53887 0.4731 41
  1.738 3 - 1
    0.4854 1 44
  1.75235 7 + 2
    1.72165 0.5 1
    1.75235 0.5 0
  1.7657 21 + 2
    0.2623 0.4606 61
    0.5096 0.5394 45
  1.778 9 + 2
    1.59721 0.5 3
    1.64421 0.5 2
  1.813 5 - 2
    1.7823 0.5 1
    1.813 0.5 0
  1.8331 11 - 1
    0.2043 1 72
  1.848 25 - 2
    0.2901 0.6336 66
    0.5662 0.3664 46
  1.8528 25 - 2
    0.3103 0.8552 64
    0.6002 0.1448 44
  1.857 3 + 2
    1.51305 0.5 6
    1.857 0.5 0
  1.874 9 - 2
    1.8433 0.5 1
    1.874 0.5 0
  1.878 7 + 2
    1.8473 0.5 1
    1.878 0.5 0
  1.8805 19 + 1
    0.4915 1 52
  1.8848 29 + 2
    0.2938 0.7898 69
    0.5676 0.2102 48
  1.8998 27 - 2
    0.2974 0.5264 70
    0.5718 0.4736 49
  1.905 5 + 2
    1.66644 0.5 4
    1.77121 0.5 2
  1.9252 25 - 1
    0.4668 1 57
  1.938 3 - 2
    1.41777 0.5 10
    1.69944 0.5 4
  1.958 7 + 2
    1.9273 0.5 1
    1.958 0.5 0
  1.995 5 - 2
    1.9643 0.5 1
    1.995 0.5 0
  2.0264 25 + 2
    0.296 0.2708 76
    0.5795 0.7292 56
  2.0438 23 + 2
    0.2781 0.4526 79
    0.5404 0.5474 61
  2.0588 9 - 2
    0.2257 0.885 82
    0.43 0.115 72
  2.093 11 + 2
    2.0623 0.5 1
    2.093 0.5 0
  2.123 3 - 2
    1.60277 0.5 10
    1.88444 0.5 4
  2.132 5 - 2
    2.1013 0.5 1
    2.132 0.5 0
  2.1452 27 - 2
    0.2972 0.5877 83
    0.5873 0.4123 66
  2.1624 27 - 2
    0.3096 0.6428 84
    0.6199 0.3572 64
  2.1983 31 + 2
    0.3135 0.6256 89
    0.6073 0.3744 69
  2.212 7 + 2
    2.1813 0.5 1
    2.212 0.5 0
  2.2193 29 - 2
    0.3195 0.3808 90
    0.6169 0.6192 70
  2.272 9 + 2
    2.09121 0.5 3
    2.13821 0.5 2
  2.3051 5 - 2
    0.2463 0.6061 98
    0.472 0.3939 82
  2.33 27 + 2
    0.3036 0.1677 96
    0.5996 0.8323 76
  2.3315 25 + 2
    0.2877 0.4597 97
    0.5658 0.5403 79
  2.4503 29 - 2
    0.3051 0.4565 102
    0.6023 0.5435 83
  2.4777 29 - 1
    0.5525 1 92
  2.5135 29 - 2
    0.3511 0.6337 103
    0.6607 0.3663 84
  2.5307 33 + 2
    0.3324 0.5287 104
    0.6459 0.4713 89
  2.5611 31 - 2
    0.3418 0.3926 106
    0.6613 0.6074 90
  2.6317 27 + 2
    0.3002 0.4288 110
    0.5879 0.5712 97
  2.6395 37 + 1
    0.1088 1 114
  2.6413 29 + 2
    0.3113 0.105 109
    0.6149 0.895 96
  2.6541 31 - 1
    0.7693 1 89
  2.757 31 - 2
    0.3067 0.5097 111
    0.6118 0.4903 102
  2.7928 33 - 2
    0.2317 0.1998 115
    0.5735 0.8002 106
  2.8637 31 - 2
    0.3502 0.6527 113
    0.7013 0.3473 103
  2.8817 35 + 2
    0.351 0.4298 114
    0.6834 0.5702 104
  2.9214 33 - 2
    0.3603 0.8171 115
    0.7021 0.1829 106
  2.9288 35 - 1
    0.136 1 121
  2.9364 29 + 2
    0.3047 0.2989 116
    0.6049 0.7011 110
  2.9553 31 + 1
    0.6253 1 109
  3.0499 39 + 1
    0.4104 1 117
  3.0717 33 - 2
    0.3147 0.7311 120
    0.6214 0.2689 111
  3.101 33 - 1
    0.6233 1 112
  3.1632 37 - 2
    0.2344 0.8372 125
    0.3704 0.1628 121
  3.1852 35 + 1
    0.3924 1 121
  3.2274 33 - 2
    0.3637 0.8168 122
    0.7139 0.1832 113
  3.251 37 + 2
    0.3693 0.4794 123
    0.7203 0.5206 114
  3.2521 31 + 1
    0.6204 1 116
  3.2668 33 + 1
    0.6255 1 118
  3.3946 35 - 2
    0.3229 0.2244 129
    0.6376 0.7756 120
  3.4439 39 - 2
    0.2807 0.5187 131
    0.5151 0.4813 125
  3.4812 41 + 2
    0.4313 0.8632 128
    0.8417 0.1368 117
  3.6377 39 + 2
    0.3867 0.3969 134
    0.756 0.6031 123
  3.7377 37 - 1
    0.666 1 129
  3.7582 41 - 2
    0.3143 0.4079 138
    0.595 0.5921 131
  3.7802 37 - 1
    0.6792 1 130
  3.9323 43 + 2
    0.4511 0.8623 139
    0.8824 0.1377 128
  4.0413 41 + 2
    0.4036 0.2639 140
    0.7903 0.7361 134
  4.1015 43 - 2
    0.3433 0.5571 142
    0.6576 0.4429 138
  4.4029 45 + 2
    0.4706 0.8088 144
    0.9217 0.1912 139
  4.4717 45 - 1
    0.7135 1 142
  4.5088 41 - 1
    0.7286 1 143
  4.8652 47 - 1
    0.763701 1 146
  4.8919 47 + 2
    0.489 0.7398 147
    0.9596 0.2602 144
  5.2693 45 - 1
    0.7605 1 149
  5.3918 49 + 2
    0.4999 0.7042 151
    0.9889 0.2958 147
  5.3979 49 + 2
    0.506 0.5 151
    0.995 0.5 147
  5.7451 51 - 1
    0.3533 1 153
  5.9191 51 + 1
    0.5273 1 153
  5.9537 53 + 1
    0.208601 1 155
  16.807 3 - 2
    16.2868 0.5 10
    16.5684 0.5 4
  17.238 7 - 2
    17.0572 0.5 3
    17.1042 0.5 2

73 180 246
  0 2 + 0
  0.03967 4 + 1
    0.03967 1 0
  0.0771 18 - 1
    0.0771 1 0
  0.10785 0 - 1
    0.10785 1 0
  0.11087 6 + 1
    0.0712 1 1
  0.13055 2 - 1
    0.0227 1 3
  0.17128 4 - 2
    0.04073 0.7619 5
    0.06343 0.2381 3
  0.17765 16 + 1
    0.10055 1 2
  0.18503 8 + 1
    0.07416 1 4
  0.23448 6 - 1
    0.0632 1 6
  0.258 10 + 1
    0.14713 1 4
  0.28003 20 - 1
    0.20293 1 2
  0.31097 10 + 2
    0.12594 0.8992 8
    0.2001 0.1008 4
  0.31835 8 - 1
    0.08387 1 9
  0.32046 2 + 2
    0.28079 0.4173 1
    0.32046 0.5827 0
  0.35668 14 + 1
    0.17903 1 7
  0.37098 4 + 4
    0.05052 0.2274 14
    0.26011 0.2513 4
    0.33131 0.163 1
    0.37098 0.3583 0
  0.37372 18 + 1
    0.19607 1 7
  0.4164 12 + 2
    0.10543 0.894 12
    0.23137 0.106 8
  0.42 10 - 2
    0.10165 0.960581 13
    0.18552 0.039419 9
  0.42361 2 - 5
    0.25233 0.316887 6
    0.29306 0.017889 5
    0.31576 0.540278 3
    0.38394 0.083367 1
    0.42361 0.041578 0
  0.4258 6 - 2
    0.29525 0.5 5
    0.38613 0.5 1
  0.448 6 + 3
    0.26297 0.2248 8
    0.33713 0.1597 4
    0.40833 0.6155 1
  0.46324 14 - 1
    0.28559 1 7
  0.47824 4 - 6
    0.05463 0.947743 20
    0.24376 0.012261 9
    0.30696 0.003405 6
    0.34769 0.012171 5
    0.43857 0.01038 1
    0.47824 0.014041 0
  0.50521 22 - 2
    0.22518 0.8585 11
    0.42811 0.1415 2
  0.51556 16 + 3
    0.15888 0.3085 15
    0.33791 0.652 7
    0.43846 0.0395 2
  0.52014 8 + 3
    0.20917 0.1384 12
    0.33511 0.1207 8
    0.40927 0.7409 4
  0.54436 6 - 5
    0.06612 0.820607 24
    0.12075 0.007391 20
    0.22601 0.02257 13
    0.30988 0.00743 9
    0.37308 0.142001 6
  0.54779 12 - 2
    0.12779 0.964439 19
    0.22944 0.035561 13
  0.548745 8 + 2
    0.237775 0.2035 12
    0.437875 0.7965 4
  0.54948 6 - 1
    0.3782 1 6
  0.55963 4 + 6
    0.18865 0.01425 16
    0.23917 0.076502 14
    0.42908 0.069622 5
    0.44876 0.255608 4
    0.51996 0.475314 1
    0.55963 0.108703 0
  0.5722 8 - 2
    0.40092 0.5 6
    0.46133 0.5 4
  0.57451 12 - 2
    0.11127 0.7829 23
    0.21783 0.2171 15
  0.57557 16 + 2
    0.21889 0.4365 15
    0.39792 0.5635 7
  0.59443 10 + 1
    0.07429 1 27
  0.5977 20 + 2
    0.22398 0.4722 17
    0.42005 0.5278 7
  0.60041 14 + 2
    0.18401 0.8028 18
    0.28944 0.1972 12
  0.62427 6 + 4
    0.17627 0.1223 22
    0.25329 0.3176 16
    0.30381 0.2251 14
    0.62427 0.335 0
  0.64165 10 + 1
    0.12151 1 27
  0.64577 8 - 2
    0.10141 0.8299 28
    0.41129 0.1701 9
  0.65367 2 - 4
    0.17543 0.183482 24
    0.23006 0.507949 20
    0.28269 0.107389 16
    0.33321 0.20118 14
  0.65853 8 - 1
    0.11417 1 28
  0.66393 8 - 2
    0.11445 0.8424 31
    0.42945 0.1576 9
  0.67215 8 - 1
    0.15201 1 27
  0.67647 10 + 2
    0.127725 0.5 30
    0.49144 0.5 8
  0.68037 16 - 1
    0.21713 1 23
  0.6823 4 + 2
    0.55175 0.5 5
    0.64263 0.5 1
  0.6841 12 + 1
    0.32742 1 15
  0.686 14 - 2
    0.13821 0.961848 29
    0.266 0.038152 19
  0.70829 4 - 5
    0.15881 0.048021 31
    0.26029 0.139004 22
    0.28468 0.492915 20
    0.33731 0.064252 16
    0.38783 0.255808 14
  0.7173 6 + 2
    0.60643 0.5 4
    0.7173 0.5 0
  0.72202 8 - 2
    0.17254 0.1721 31
    0.17766 0.8279 28
  0.72323 18 + 5
    0.14766 0.01567 35
    0.20767 0.778192 26
    0.34951 0.131399 17
    0.36655 0.051029 15
    0.54558 0.02371 7
  0.72975 8 - 2
    0.0881 0.014161 40
    0.20961 0.985839 27
  0.73131 8 + 2
    0.41296 0.3332 13
    0.56003 0.6668 6
  0.7351 12 + 1
    0.14067 1 36
  0.73699 16 + 2
    0.13658 0.6766 38
    0.32059 0.3234 18
  0.73865 10 - 2
    0.097 0.211 40
    0.21851 0.789 27
  0.75233 24 - 2
    0.24712 0.6826 25
    0.4723 0.3174 11
  0.75644 16 - 1
    0.18193 1 34
  0.76326 14 - 2
    0.18875 0.4876 34
    0.30002 0.5124 23
  0.7759 4 - 1
    0.66805 1 3
  0.78446 10 - 2
    0.46611 0.3572 13
    0.54998 0.6428 9
  0.78733 12 + 2
    0.14568 0.920482 40
    0.26719 0.079518 27
  0.789348 6 - 1
    0.418368 1 16
  0.790595 6 - 1
    0.312355 1 24
  0.79265 10 + 1
    0.1205 1 45
  0.80663 18 + 5
    0.23106 0.504015 35
    0.29107 0.078072 26
    0.43291 0.280008 17
    0.44995 0.087273 15
    0.62898 0.050632 7
  0.80954 10 - 1
    0.2894 1 27
  0.814775 10 - 2
    0.156245 0.68 43
    0.270415 0.32 28
  0.82 4 + 2
    0.68945 0.5 5
    0.78033 0.5 1
  0.83034 12 - 3
    0.25583 0.501215 34
    0.3671 0.026271 23
    0.47366 0.472514 15
  0.83581 10 - 1
    0.2613 1 34
  0.84049 22 + 2
    0.24279 0.2092 37
    0.46677 0.7908 17
  0.8572 16 - 2
    0.1712 0.904927 50
    0.30941 0.095073 29
  0.86202 14 - 1
    0.18165 1 47
  0.86401 6 + 1
    0.34387 1 27
  0.86551 14 - 1
    0.291 1 34
  0.875 8 - 2
    0.70372 0.5 6
    0.76413 0.5 4
  0.87697 4 - 3
    0.39873 0.1039 24
    0.45336 0.7789 20
    0.55651 0.1172 14
  0.8808 4 + 3
    0.25653 0.4873 39
    0.32117 0.2515 32
    0.45719 0.2612 20
  0.88425 10 + 1
    0.2426 1 40
  0.89156 14 - 2
    0.31705 0.936109 34
    0.53488 0.063891 15
  0.89292 10 - 1
    0.1709 1 53
  0.895005 12 + 1
    0.156355 1 59
  0.89686 14 - 2
    0.16176 0.8626 57
    0.30243 0.1374 36
  0.90607 14 - 2
    0.14963 0.1728 61
    0.33156 0.8272 34
  0.90751 8 - 2
    0.118162 0.3606 66
    0.18549 0.6394 53
  0.917 14 + 3
    0.49339 0.2556 20
    0.54328 0.1359 17
    0.59654 0.6085 14
  0.92243 18 - 2
    0.24206 0.6167 47
    0.45919 0.3833 23
  0.93525 4 - 2
    0.45701 0.603 24
    0.61479 0.397 14
  0.93895 12 - 1
    0.1463 1 68
  0.95168 0 + 3
    0.52807 0.310269 20
    0.5807 0.351165 16
    0.63122 0.338566 14
  0.95609 20 + 3
    0.23286 0.738115 54
    0.44053 0.219404 26
    0.58237 0.042481 17
  0.964825 14 + 2
    0.177495 0.7859 65
    0.323175 0.2141 40
  0.973 2 + 2
    0.86515 0.5 3
    0.973 0.5 0
  0.97626 16 - 2
    0.29589 0.4796 47
    0.40175 0.5204 34
  0.98169 18 + 2
    0.2447 0.7718 58
    0.38128 0.2282 38
  0.9862 6 + 2
    0.87533 0.5 4
    0.9862 0.5 0
  0.99175 10 + 2
    0.3501 0.6772 40
    0.47161 0.3228 27
  0.99664 8 + 2
    0.54864 0.3856 22
    0.62566 0.6144 16
  1.0037 2 + 2
    0.89585 0.5 3
    1.0037 0.5 0
  1.0163 14 + 1
    0.18596 1 73
  1.0207 26 - 2
    0.26837 0.5748 60
    0.51549 0.4252 25
  1.03068 18 - 2
    0.17348 0.8853 76
    0.34468 0.1147 50
  1.0347 14 - 1
    0.67802 1 15
  1.03722 4 + 2
    0.66624 0.4575 16
    0.71676 0.5425 14
  1.04324 8 - 1
    0.5231 1 27
  1.0538 10 - 1
    0.16955 1 83
  1.05686 20 + 4
    0.25023 0.619219 69
    0.33363 0.060972 54
    0.45916 0.156505 37
    0.48129 0.163305 35
  1.0626 6 + 2
    0.95173 0.5 4
    1.0626 0.5 0
  1.0759 6 + 2
    0.96503 0.5 4
    1.0759 0.5 0
  1.07923 16 - 2
    0.18237 0.6065 87
    0.34413 0.3935 57
  1.09042 2 + 2
    0.982575 0.5 3
    1.09042 0.5 0
  1.10085 4 + 1
    0.4592 1 40
  1.10963 24 + 2
    0.26914 0.1527 75
    0.51193 0.8473 37
  1.11324 6 + 2
    0.66524 0.6135 22
    0.74226 0.3865 16
  1.122 2 + 2
    1.01415 0.5 3
    1.122 0.5 0
  1.14122 20 + 2
    0.15953 0.5148 99
    0.40423 0.4852 58
  1.1496 16 + 2
    0.184775 0.5463 96
    0.36227 0.4537 65
  1.17494 22 - 1
    0.89491 1 11
  1.18891 20 - 2
    0.26648 0.4621 91
    0.50854 0.5379 47
  1.20528 4 + 2
    0.34127 0.375 78
    0.68514 0.625 27
  1.21226 22 + 2
    0.25617 0.5539 95
    0.48903 0.4461 54
  1.216 18 - 1
    0.45274 1 62
  1.24132 20 - 2
    0.21064 0.8878 106
    0.38412 0.1122 76
  1.247 6 + 2
    1.13613 0.5 4
    1.247 0.5 0
  1.25232 6 - 1
    0.8786 1 17
  1.27042 4 + 1
    0.8967 1 17
  1.28031 18 - 2
    0.20108 0.541 114
    0.38345 0.459 87
  1.29334 2 + 1
    1.01331 1 11
  1.30977 28 - 2
    0.28907 0.4611 105
    0.55744 0.5389 60
  1.32673 22 + 2
    0.26987 0.567 111
    0.5201 0.433 69
  1.33901 22 - 2
    1.05898 0.060328 11
    1.26191 0.939672 2
  1.35384 6 + 1
    0.1789 1 122
  1.3639 18 + 2
    0.2143 0.5246 121
    0.399075 0.4754 96
  1.38951 4 - 1
    0.8843 1 25
  1.4013 26 + 2
    0.29167 0.108 117
    0.56081 0.892 75
  1.427 2 - 2
    1.29645 0.5 5
    1.38733 0.5 1
  1.43597 22 + 2
    0.29475 0.6261 120
    0.45428 0.3739 99
  1.44733 22 - 2
    0.20601 0.8523 127
    0.41665 0.1477 106
  1.4524 30 - 2
    0.14263 0.1603 133
    0.4317 0.8397 105
  1.46364 6 + 1
    1.18361 1 11
  1.47873 22 - 2
    0.28982 0.2797 123
    0.5563 0.7203 91
  1.49013 24 + 2
    0.27787 0.4516 125
    0.53404 0.5484 95
  1.50098 20 - 2
    0.22067 0.4273 131
    0.42175 0.5727 114
  1.54171 4 + 1
    0.2027 1 135
  1.54663 24 - 2
    1.04142 0.2593 25
    1.2666 0.7407 11
  1.57344 6 + 1
    1.29341 1 11
  1.5799 24 - 1
    1.29987 1 11
  1.59737 26 - 3
    0.25836 0.288429 135
    0.84504 0.178318 60
    1.09216 0.533253 25
  1.61617 24 + 2
    0.28944 0.6269 134
    0.55931 0.3731 111
  1.61894 30 - 2
    0.30917 0.3669 133
    0.59824 0.6331 105
  1.63 4 + 2
    1.49945 0.5 5
    1.59033 0.5 1
  1.65112 24 + 2
    0.215145 0.4234 141
    0.509895 0.5766 120
  1.67152 24 - 2
    0.33251 0.5155 135
    1.39149 0.4845 11
  1.69907 24 - 2
    0.25174 0.8208 142
    0.45775 0.1792 127
  1.7078 22 + 1
    1.33408 1 17
  1.71511 28 + 2
    0.31381 0.0647 139
    0.60548 0.9353 117
  1.73764 22 - 2
    0.23666 0.2155 147
    0.45733 0.7845 131
  1.74 8 + 2
    1.55497 0.5 8
    1.70033 0.5 1
  1.773 24 + 1
    0.33703 1 141
  1.78817 26 + 2
    0.29804 0.3005 146
    0.57591 0.6995 125
  1.79049 24 - 2
    0.31176 0.1266 145
    0.60158 0.8734 123
  1.79228 32 - 1
    0.33988 1 143
  1.80578 26 - 2
    1.05345 0.1304 60
    1.30057 0.8696 25
  1.822 6 + 2
    1.71113 0.5 4
    1.822 0.5 0
  1.84132 26 - 2
    1.08899 0.5012 60
    1.33611 0.4988 25
  1.8634 4 + 1
    1.35819 1 25
  1.866 2 - 2
    1.73545 0.5 5
    1.82633 0.5 1
  1.88003 28 - 1
    0.28266 1 152
  1.90415 6 + 3
    0.50285 0.384588 139
    0.79452 0.065928 117
    1.06366 0.549483 75
  1.91454 26 + 2
    0.317175 0.4608 152
    0.334645 0.5392 151
  1.92466 26 + 2
    0.30849 0.2314 153
    0.59793 0.7686 134
  1.93 8 - 2
    1.75872 0.5 6
    1.81913 0.5 4
  1.94155 28 + 1
    0.34418 1 152
  1.9445 26 - 2
    0.24543 0.96709 158
    0.49717 0.03291 142
  1.9471 32 - 2
    0.32816 0.3246 154
    0.63733 0.6754 133
  1.96865 26 + 2
    0.317535 0.5376 156
    0.53268 0.4624 141
  1.9705 24 + 1
    0.2627 1 159
  2.00584 4 - 1
    0.89621 1 117
  2.04996 30 + 1
    0.64866 1 139
  2.07117 6 - 1
    0.4738 1 152
  2.10506 28 + 2
    0.31689 0.2167 164
    0.61493 0.7833 146
  2.12331 26 - 2
    0.33282 0.3544 165
    0.64458 0.6456 145
  2.12484 28 - 1
    1.37251 1 60
  2.15733 34 - 2
    0.36505 0.938619 166
    0.70493 0.061381 143
  2.16 4 + 1
    1.40767 1 60
  2.18265 30 - 2
    0.30262 0.6483 172
    0.58528 0.3517 152
  2.1865 28 + 1
    0.28235 1 173
  2.19861 28 + 1
    0.547495 1 156
  2.237 8 - 2
    2.06572 0.5 6
    2.12613 0.5 4
  2.25885 26 + 2
    0.2902 0.7975 180
    0.55105 0.2025 159
  2.2943 34 - 2
    0.3472 0.2697 179
    0.67536 0.7303 154
  2.32101 30 + 1
    0.37946 1 177
  2.328 32 + 1
    0.8756 1 143
  2.34175 6 - 1
    0.3731 1 180
  2.35443 2 - 1
    0.4744 1 172
  2.40216 32 + 1
    0.68705 1 160
  2.4098 32 + 1
    0.69469 1 160
  2.43829 30 + 2
    0.33323 0.2944 185
    0.65012 0.7056 164
  2.4522 4 - 1
    1.4359 1 104
  2.48 8 - 2
    2.30872 0.5 6
    2.36913 0.5 4
  2.50414 32 - 2
    0.32149 0.4294 190
    0.62411 0.5706 172
  2.54537 36 - 2
    0.38804 0.862 188
    0.75309 0.138 166
  2.56089 6 + 1
    0.7704 1 165
  2.56875 30 + 1
    0.6001 1 180
  2.58837 36 + 2
    0.43104 0.926118 188
    1.13597 0.073881 143
  2.6581 36 - 2
    0.3638 0.2386 195
    0.711 0.7614 179
  2.6602 34 + 3
    0.2504 0.40184 201
    0.25804 0.39934 200
    0.61024 0.19882 183
  2.67252 34 + 2
    0.34452 0.061791 197
    0.88024 0.938209 166
  2.72 4 - 2
    2.61215 0.5 3
    2.72 0.5 0
  2.72147 32 + 1
    0.40046 1 196
  2.78006 34 + 1
    0.7301 1 183
  2.78755 32 + 2
    0.34926 0.1933 202
    0.68249 0.8067 185
  2.8437 32 + 1
    0.64509 1 192
  2.86212 34 - 2
    0.35798 0.2272 205
    0.67947 0.7728 190
  2.88 6 - 2
    2.74945 0.5 5
    2.84033 0.5 1
  2.89989 38 - 3
    0.31152 0.836467 209
    0.35452 0.112296 206
    0.74256 0.051238 188
  2.94338 36 + 3
    0.28318 0.2566 211
    0.53358 0.3914 201
    0.54122 0.352 200
  2.95462 38 - 2
    0.40925 0.7399 206
    0.79729 0.2601 188
  2.98556 38 + 1
    0.39719 1 209
  3.04151 38 - 1
    0.74721 1 195
  3.04819 36 + 2
    0.37567 0.3456 212
    0.89086 0.6544 188
  3.14167 34 + 1
    0.4202 1 214
  3.1481 34 + 2
    0.36055 0.3597 216
    0.70981 0.6403 202
  3.173 8 - 1
    0.77084 1 200
  3.175 36 + 1
    0.7652 1 201
  3.2008 36 - 1
    0.69666 1 205
  3.25307 38 + 2
    0.30969 0.4487 221
    0.59287 0.5513 211
  3.30922 40 - 1
    0.40933 1 220
  3.38393 40 - 2
    0.42931 0.6066 222
    0.83856 0.3934 206
  3.40063 40 + 2
    0.41507 0.5533 223
    0.81226 0.4467 209
  3.4355 40 - 1
    0.7774 1 210
  3.4844 38 + 1
    0.939025 1 206
  3.53279 4 - 1
    0.6329 1 220
  3.5844 38 + 1
    0.80434 1 215
  3.679 44 - 1
    0.36978 1 232
  3.7385 42 - 1
    0.42928 1 232
  3.82873 42 - 1
    0.4448 1 233
  3.8323 42 + 2
    0.43167 0.3346 234
    0.84674 0.6654 223
  3.8554 42 - 1
    0.81389 1 224
  4.171 6 - 1
    0.492 1 239
  4.1868 44 - 1
    0.4483 1 240

73 181 117
  0 7 + 0
  0.006237 9 - 1
    0.006237 1 0
  0.136262 9 + 1
    0.136262 1 0
  0.158554 11 - 1
    0.152317 1 1
  0.301622 11 + 2
    0.16536 0.7321 2
    0.301622 0.2679 0
  0.33754 13 - 2
    0.178986 0.5 3
    0.331303 0.5 1
  0.482168 5 + 3
    0.345906 0.16011 2
    0.475931 0.008238 1
    0.482168 0.831652 0
  0.495184 13 + 2
    0.193562 0.4994 4
    0.358922 0.5006 2
  0.54251 15 - 2
    0.20497 0.5 5
    0.383956 0.5 3
  0.59006 7 + 1
    0.107892 1 6
  0.61519 1 + 2
    0.133022 0.997155 6
    0.61519 0.002845 0
  0.61899 3 + 2
    0.136822 0.9897 6
    0.61899 0.0103 0
  0.716659 15 + 2
    0.221475 0.3722 7
    0.415037 0.6278 4
  0.72731 9 + 2
    0.13725 0.5 9
    0.245142 0.5 6
  0.77297 17 - 2
    0.23046 0.5 8
    0.43543 0.5 5
  0.8929 11 + 2
    0.16559 0.5 13
    0.30284 0.5 9
  0.96499 17 + 2
    0.248331 0.2867 12
    0.469806 0.7133 7
  0.9937 5 - 1
    0.511532 1 6
  1.0084 5 - 1
    1.00216 1 1
  1.0226 9 - 1
    0.864046 1 3
  1.02794 19 - 2
    0.25497 0.5 14
    0.48543 0.5 8
  1.0856 13 + 2
    0.1927 0.5 15
    0.35829 0.5 13
  1.1566 3 - 1
    0.1629 1 17
  1.1636 13 - 1
    0.141 1 19
  1.2057 3 + 3
    0.61564 0.333333 9
    0.723532 0.333333 6
    1.2057 0.333333 0
  1.2331 7 - 2
    1.07455 0.5 3
    1.09684 0.5 2
  1.23947 19 + 2
    0.27448 0.1989 16
    0.522811 0.8011 12
  1.2781 5 + 3
    0.68804 0.333333 9
    1.14184 0.333333 2
    1.2781 0.333333 0
  1.3048 15 + 2
    0.2192 0.5 21
    0.4119 0.5 15
  1.30711 21 - 2
    0.27917 0.5 20
    0.53414 0.5 14
  1.34 7 - 2
    1.18145 0.5 3
    1.20374 0.5 2
  1.3801 7 + 4
    0.65279 0.25 13
    1.07848 0.25 4
    1.24384 0.25 2
    1.3801 0.25 0
  1.3853 11 + 3
    1.08368 0.333333 4
    1.24904 0.333333 2
    1.3853 0.333333 0
  1.39 3 - 2
    0.77481 0.5 10
    0.907832 0.5 6
  1.4032 15 - 3
    0.86069 0.333333 8
    1.06566 0.333333 5
    1.24465 0.333333 3
  1.40755 17 - 3
    0.86504 0.333333 8
    1.07001 0.333333 5
    1.249 0.333333 3
  1.41175 15 - 3
    0.86924 0.333333 8
    1.07421 0.333333 5
    1.2532 0.333333 3
  1.4196 17 - 1
    0.256 1 23
  1.4727 5 - 1
    0.06095 1 36
  1.48343 21 - 3
    0.17632 0.333333 29
    0.45549 0.333333 20
    0.71046 0.333333 14
  1.5079 9 + 2
    1.20628 0.5 4
    1.37164 0.5 2
  1.53931 21 + 2
    0.29984 0.5 26
    0.57432 0.5 16
  1.5484 17 + 2
    0.2436 0.5 28
    0.4628 0.5 21
  1.5634 13 + 2
    1.26178 0.5 4
    1.42714 0.5 2
  1.5838 17 - 1
    0.1806 1 34
  1.5919 19 - 1
    0.18435 1 35
  1.60885 23 - 2
    0.30174 0.5 29
    0.58091 0.5 20
  1.6611 5 + 2
    1.17893 0.5 6
    1.52484 0.5 2
  1.6649 11 + 2
    1.16972 0.5 7
    1.36328 0.5 4
  1.6853 19 - 1
    0.2126 1 38
  1.7719 15 + 2
    1.27672 0.5 7
    1.47028 0.5 4
  1.7763 23 - 1
    0.29287 1 39
  1.7866 21 - 1
    0.367 1 37
  1.7876 19 + 2
    0.2038 0.5 44
    0.3844 0.5 34
  1.8037 21 - 1
    0.2118 1 45
  1.8191 19 + 2
    0.2707 0.5 42
    0.5143 0.5 28
  1.86309 23 + 2
    0.32378 0.5 41
    0.62362 0.5 26
  1.866 7 - 1
    1.866 1 0
  1.93276 25 - 2
    0.32391 0.5 46
    0.62565 0.5 29
  1.935 3 + 1
    1.935 1 0
  2.0012 17 + 1
    1.50602 1 7
  2.0147 21 - 2
    0.2271 0.5 53
    0.4309 0.5 44
  2.02 5 - 2
    2.01376 0.5 1
    2.02 0.5 0
  2.097 7 + 1
    2.097 1 0
  2.0981 25 - 1
    0.3218 1 51
  2.105 3 + 1
    2.105 1 0
  2.1225 21 + 2
    0.3034 0.5 55
    0.5741 0.5 42
  2.2101 25 + 2
    0.34701 0.5 56
    0.67079 0.5 41
  2.2279 5 - 2
    0.1298 0.5 64
    0.29514 0.5 58
  2.24 1 - 1
    2.24 1 0
  2.253 7 - 1
    2.253 1 0
  2.2606 25 - 1
    0.474 1 52
  2.2626 23 + 2
    0.2479 0.5 61
    0.475 0.5 53
  2.272 5 + 1
    2.272 1 0
  2.2763 27 - 2
    0.34354 0.5 58
    0.66745 0.5 46
  2.289 3 + 1
    2.289 1 0
  2.2971 9 - 2
    2.16084 0.1667 2
    2.2971 0.8333 0
  2.3614 7 + 2
    2.35516 0.5 1
    2.3614 0.5 0
  2.4001 5 - 2
    2.26384 0.5263 2
    2.4001 0.4737 0
  2.4181 3 + 2
    2.41186 0.3939 1
    2.4181 0.6061 0
  2.4481 9 - 2
    2.31184 0.2857 2
    2.4481 0.7143 0
  2.519 1 + 1
    2.519 1 0
  2.5257 7 - 2
    2.36715 0.5 3
    2.38944 0.5 2
  2.5337 25 + 1
    0.519 1 61
  2.57 5 - 2
    2.56376 0.5 1
    2.57 0.5 0
  2.5801 27 + 1
    0.71701 1 56
  2.6428 29 - 1
    0.71004 1 58
  2.761 3 + 1
    2.761 1 0
  2.8 7 - 1
    2.8 1 0
  2.807 9 + 1
    2.807 1 0
  2.812 5 - 1
    2.812 1 0
  2.835 3 + 1
    2.835 1 0
  2.845 1 - 1
    2.845 1 0
  2.89 7 + 2
    2.88376 0.5 1
    2.89 0.5 0
  2.892 5 - 1
    2.892 1 0
  2.898 9 + 1
    2.898 1 0
  2.929 3 - 1
    2.929 1 0
  2.967 7 + 1
    2.967 1 0
  2.9681 29 + 1
    0.758 1 67
  3.01 5 - 2
    3.00376 0.5 1
    3.01 0.5 0
  3.016 9 - 1
    3.016 1 0
  3.0213 31 - 1
    0.745 1 74
  3.023 1 + 1
    3.023 1 0
  3.029 11 + 1
    3.029 1 0
  3.035 3 - 1
    3.035 1 0
  3.0541 5 + 2
    3.04786 0.5405 1
    3.0541 0.4595 0
  3.065 7 - 1
    3.065 1 0
  3.0742 9 + 2
    2.93794 0.5848 2
    3.0742 0.4152 0
  3.081 5 - 1
    3.081 1 0
  3.086 7 + 1
    3.086 1 0
  3.092 3 - 1
    3.092 1 0
  3.1081 1 + 2
    3.10186 0.4652 1
    3.1081 0.5348 0
  3.32 11 - 1
    3.32 1 0
  3.329 9 + 1
    3.329 1 0
  3.407 5 - 1
    3.407 1 0
  6.4177 7 + 2
    6.28144 0.5 2
    6.4177 0.5 0
  6.759 3 - 2
    6.14381 0.5 10
    6.27683 0.5 6

73 182 180
  0 6 - 0
  0.016273 10 + 1
    0.016273 1 0
  0.09783 8 - 1
    0.09783 1 0
  0.114313 8 - 1
    0.114313 1 0
  0.15015 8 + 2
    0.133877 0.935919 1
    0.15015 0.064081 0
  0.163047 12 + 1
    0.146774 1 1
  0.173237 10 - 2
    0.058924 0.4842 3
    0.075407 0.5158 2
  0.237286 10 - 3
    0.122973 0.1045 3
    0.139456 0.6969 2
    0.237286 0.1986 0
  0.2455 4 - 2
    0.131187 0.5 3
    0.14767 0.5 2
  0.249982 6 + 3
    0.099832 0.915927 4
    0.233709 0.076222 1
    0.249982 0.007851 0
  0.269047 10 + 3
    0.106 0.10399 5
    0.118897 0.773723 4
    0.252774 0.122288 1
  0.270403 4 - 3
    0.15609 0.165504 3
    0.172573 0.004278 2
    0.270403 0.830218 0
  0.292935 10 - 3
    0.119698 0.267073 6
    0.178622 0.146685 3
    0.195105 0.586241 2
  0.316403 12 - 2
    0.143166 0.902527 6
    0.218573 0.097473 2
  0.3312 4 + 2
    0.18105 0.5 4
    0.3312 0.5 0
  0.334627 14 + 2
    0.17158 0.817 5
    0.318354 0.183 1
  0.360518 6 - 4
    0.090115 0.169507 11
    0.246205 0.139906 3
    0.262688 0.040262 2
    0.360518 0.650326 0
  0.364359 8 + 3
    0.114377 0.853826 9
    0.214209 0.091833 4
    0.348086 0.054342 1
  0.390154 8 + 2
    0.227107 0.069191 5
    0.373881 0.930809 1
  0.396335 12 - 4
    0.159049 0.607439 7
    0.233288 0.127587 5
    0.282022 0.153785 3
    0.298505 0.111189 2
  0.402626 4 + 2
    0.132223 0.001068 11
    0.402626 0.998932 0
  0.411306 12 + 4
    0.142259 0.992806 10
    0.248259 0.002324 5
    0.261156 0.00165 4
    0.395033 0.00322 1
  0.44361 2 - 2
    0.173207 0.983649 11
    0.44361 0.016351 0
  0.4582 2 + 2
    0.208218 0.5 9
    0.2127 0.5 8
  0.475558 6 + 1
    0.072932 1 20
  0.480036 8 - 8
    0.119518 0.411321 16
    0.163633 0.066633 13
    0.209633 0.066653 11
    0.24275 0.044602 7
    0.306799 0.021731 6
    0.365723 0.017841 3
    0.382206 0.20261 2
    0.480036 0.168608 0
  0.488247 12 - 5
    0.171844 0.273165 13
    0.195312 0.298461 12
    0.250961 0.200474 7
    0.31501 0.15188 6
    0.390417 0.07602 2
  0.491423 4 - 3
    0.047813 0.9479 22
    0.130905 0.03576 16
    0.491423 0.01634 0
  0.505613 10 + 7
    0.141254 0.768931 17
    0.236566 0.097564 10
    0.255631 0.033191 9
    0.268327 0.018051 7
    0.332376 0.020821 6
    0.342566 0.021421 5
    0.355463 0.040022 4
  0.519577 20 - 2
    0.18495 0.983939 15
    0.35653 0.016061 5
  0.547103 6 - 7
    0.144477 0.014699 20
    0.182744 0.064478 17
    0.2767 0.038129 11
    0.297121 0.774971 9
    0.396953 0.076647 4
    0.43279 0.008987 3
    0.547103 0.022089 0
  0.558286 2 - 3
    0.114676 0.96949 22
    0.15566 0.01233 20
    0.558286 0.01818 0
  0.565693 6 - 1
    0.07427 1 27
  0.571638 8 + 3
    0.09608 0.67908 24
    0.278703 0.037529 12
    0.473808 0.283391 2
  0.579436 14 + 4
    0.16813 0.357507 21
    0.244809 0.462509 15
    0.416389 0.062781 5
    0.563163 0.117202 1
  0.581196 14 - 2
    0.184861 0.7192 19
    0.34391 0.2808 7
  0.583272 0 - 1
    0.139662 1 22
  0.59296 2 + 3
    0.14935 0.044048 22
    0.190334 0.836158 20
    0.322557 0.119794 11
  0.628425 10 - 6
    0.148389 0.320713 25
    0.23209 0.064053 19
    0.267907 0.156706 16
    0.391139 0.120505 7
    0.514112 0.089714 3
    0.530595 0.24831 2
  0.647431 4 + 2
    0.054471 0.8985 37
    0.647431 0.1015 0
  0.649433 4 - 7
    0.08374 0.250685 32
    0.10233 0.378277 30
    0.15801 0.123093 27
    0.205823 0.048337 22
    0.288915 0.033228 16
    0.37903 0.150791 11
    0.551603 0.015589 2
  0.651215 8 - 7
    0.104112 0.66842 30
    0.286856 0.045661 17
    0.35828 0.01173 12
    0.401233 0.091633 9
    0.501065 0.068782 4
    0.536902 0.060422 3
    0.651215 0.053352 0
  0.65237 18 - 1
    0.132793 1 29
  0.659862 8 - 4
    0.094169 0.970825 32
    0.168439 0.01017 27
    0.299344 0.006074 16
    0.422576 0.01293 7
  0.6628 6 + 2
    0.56497 0.5 2
    0.646527 0.5 1
  0.666149 4 - 4
    0.082877 0.295797 36
    0.107863 0.670693 31
    0.174726 0.01997 27
    0.222539 0.01354 22
  0.673041 12 + 4
    0.167428 0.458237 28
    0.184794 0.080676 26
    0.308682 0.046754 17
    0.509994 0.414333 5
  0.696 2 + 2
    0.446018 0.5 9
    0.4505 0.5 8
  0.701967 6 - 5
    0.136274 0.119608 32
    0.143681 0.190013 31
    0.210544 0.57284 27
    0.431564 0.044373 11
    0.464681 0.073165 7
  0.719552 6 - 9
    0.05969 0.173793 43
    0.070119 0.711371 40
    0.161266 0.020149 31
    0.172449 0.023029 30
    0.228129 0.009853 27
    0.239516 0.008467 25
    0.359034 0.01159 16
    0.449149 0.021649 11
    0.482266 0.020099 7
  0.723981 6 + 6
    0.07655 0.768408 39
    0.152343 0.099261 33
    0.321355 0.03276 20
    0.453578 0.02602 11
    0.573831 0.02079 4
    0.707708 0.052761 1
  0.740132 4 - 5
    0.090699 0.821167 40
    0.174439 0.031279 32
    0.248709 0.013679 27
    0.260096 0.086047 25
    0.296522 0.047828 22
  0.74908 4 + 6
    0.099647 0.085994 40
    0.257657 0.056166 27
    0.346454 0.42377 20
    0.478677 0.153989 11
    0.499098 0.180687 9
    0.732807 0.099393 1
  0.776391 14 - 5
    0.386237 0.1943 18
    0.483456 0.1576 12
    0.539105 0.1286 7
    0.603154 0.4003 6
    0.613344 0.1192 5
  0.781396 10 - 8
    0.121534 0.294903 43
    0.130181 0.321803 41
    0.234293 0.0268 30
    0.417037 0.03481 17
    0.464993 0.03522 13
    0.488461 0.03496 12
    0.512349 0.138701 10
    0.683566 0.112801 2
  0.782538 10 - 3
    0.122676 0.8856 43
    0.216845 0.01619 32
    0.489603 0.09821 12
  0.791 2 + 2
    0.541018 0.5 9
    0.5455 0.5 8
  0.805071 12 - 4
    0.325035 0.205679 25
    0.408736 0.177582 19
    0.488668 0.224078 13
    0.567785 0.392661 7
  0.817021 8 - 7
    0.097469 0.8071 49
    0.165806 0.04796 41
    0.188596 0.0289 38
    0.251328 0.03104 32
    0.336985 0.01912 25
    0.456503 0.03251 16
    0.567039 0.03337 9
  0.8305 0 + 2
    0.427874 0.5 20
    0.4993 0.5 14
  0.835289 6 - 4
    0.095157 0.900373 51
    0.269596 0.045589 32
    0.391679 0.024179 22
    0.598003 0.029859 7
  0.8433 2 + 2
    0.593318 0.5 9
    0.5978 0.5 8
  0.856052 8 - 6
    0.073514 0.709931 55
    0.154085 0.23761 48
    0.189903 0.009842 45
    0.19619 0.007707 43
    0.290359 0.027831 32
    0.308949 0.007077 30
  0.8663 16 + 2
    0.454994 0.5 21
    0.703253 0.5 5
  0.8814 4 + 2
    0.73125 0.5 4
    0.8814 0.5 0
  0.8978 2 + 2
    0.647818 0.5 9
    0.6523 0.5 8
  0.9098 10 - 2
    0.75965 0.5 4
    0.9098 0.5 0
  0.9154 6 + 2
    0.81757 0.5 2
    0.899127 0.5 1
  0.9358 0 + 2
    0.533174 0.5 20
    0.6046 0.5 14
  0.939634 10 - 4
    0.122613 0.759923 58
    0.220082 0.052872 49
    0.279772 0.065102 43
    0.54948 0.122104 18
  0.960415 8 - 1
    0.125126 1 60
  0.973764 10 - 4
    0.117712 0.655593 62
    0.156743 0.233598 58
    0.271797 0.059789 48
    0.313902 0.051019 43
  0.987 4 + 2
    0.83685 0.5 4
    0.987 0.5 0
  1.0003 6 + 2
    0.90247 0.5 2
    0.984027 0.5 1
  1.0034 2 + 2
    0.753418 0.5 9
    0.7579 0.5 8
  1.0216 4 + 2
    0.87145 0.5 4
    1.0216 0.5 0
  1.0282 6 + 2
    0.93037 0.5 2
    1.01193 0.5 1
  1.0499 2 + 2
    0.799918 0.5 9
    0.8044 0.5 8
  1.0573 16 + 2
    0.645994 0.5 21
    0.894253 0.5 5
  1.082 4 + 2
    0.93185 0.5 4
    1.082 0.5 0
  1.1012 10 - 2
    0.95105 0.5 4
    1.1012 0.5 0
  1.1136 10 - 2
    0.96345 0.5 4
    1.1136 0.5 0
  1.11596 14 - 6
    0.339569 0.166592 53
    0.627713 0.027849 26
    0.799557 0.245489 13
    0.823025 0.068097 12
    0.942723 0.485678 6
    0.952913 0.006296 5
  1.125 8 + 2
    0.97485 0.5 4
    1.125 0.5 0
  1.1369 6 + 2
    1.03907 0.5 2
    1.12063 0.5 1
  1.1504 4 + 2
    1.00025 0.5 4
    1.1504 0.5 0
  1.1704 2 + 2
    0.920418 0.5 9
    0.9249 0.5 8
  1.196 0 + 2
    0.793374 0.5 20
    0.8648 0.5 14
  1.2031 6 + 2
    1.10527 0.5 2
    1.18683 0.5 1
  1.2161 4 - 2
    1.10179 0.5 3
    1.11827 0.5 2
  1.2297 8 + 2
    1.07955 0.5 4
    1.2297 0.5 0
  1.2404 6 - 2
    1.09025 0.5 4
    1.2404 0.5 0
  1.2601 8 + 2
    1.10995 0.5 4
    1.2601 0.5 0
  1.2695 2 - 2
    0.9383 0.5 14
    1.2695 0.5 0
  1.2798 4 + 2
    1.12965 0.5 4
    1.2798 0.5 0
  1.2844 12 - 2
    1.18657 0.5 2
    1.26813 0.5 1
  1.2895 6 + 2
    1.19167 0.5 2
    1.27323 0.5 1
  1.2986 8 - 2
    1.20077 0.5 2
    1.28233 0.5 1
  1.3025 2 + 2
    1.05252 0.5 9
    1.057 0.5 8
  1.321 0 - 2
    1.0506 0.5 11
    1.0755 0.5 8
  1.326 10 - 2
    1.17585 0.5 4
    1.326 0.5 0
  1.3325 4 + 2
    1.18235 0.5 4
    1.3325 0.5 0
  1.33684 16 - 1
    0.22088 1 82
  1.3505 6 + 2
    1.25267 0.5 2
    1.33423 0.5 1
  1.3604 10 - 2
    1.21025 0.5 4
    1.3604 0.5 0
  1.3711 8 + 2
    1.22095 0.5 4
    1.3711 0.5 0
  1.3773 4 + 2
    1.22715 0.5 4
    1.3773 0.5 0
  1.389 6 - 2
    1.23885 0.5 4
    1.389 0.5 0
  1.3934 2 + 2
    1.14342 0.5 9
    1.1479 0.5 8
  1.3962 12 - 2
    1.29837 0.5 2
    1.37993 0.5 1
  1.4167 8 + 2
    1.26655 0.5 4
    1.4167 0.5 0
  1.4332 4 - 2
    1.31889 0.5 3
    1.33537 0.5 2
  1.4451 6 + 2
    1.34727 0.5 2
    1.42883 0.5 1
  1.4522 2 - 2
    1.121 0.5 14
    1.4522 0.5 0
  1.4719 8 + 2
    1.32175 0.5 4
    1.4719 0.5 0
  1.4797 0 - 2
    1.2093 0.5 11
    1.2342 0.5 8
  1.4829 4 + 2
    1.33275 0.5 4
    1.4829 0.5 0
  1.4904 6 - 2
    1.34025 0.5 4
    1.4904 0.5 0
  1.4964 14 + 2
    1.22735 0.5 10
    1.48013 0.5 1
  1.5271 12 - 2
    1.42927 0.5 2
    1.51083 0.5 1
  1.5381 2 + 2
    1.28812 0.5 9
    1.2926 0.5 8
  1.5417 8 - 2
    1.44387 0.5 2
    1.52543 0.5 1
  1.5456 4 - 2
    1.43129 0.5 3
    1.44777 0.5 2
  1.5516 10 - 2
    1.40145 0.5 4
    1.5516 0.5 0
  1.5557 10 - 2
    1.40555 0.5 4
    1.5557 0.5 0
  1.5708 4 - 2
    1.45649 0.5 3
    1.47297 0.5 2
  1.5772 6 + 2
    1.47937 0.5 2
    1.56093 0.5 1
  1.5798 6 + 2
    1.48197 0.5 2
    1.56353 0.5 1
  1.5823 8 + 2
    1.43215 0.5 4
    1.5823 0.5 0
  1.6049 2 + 2
    1.35492 0.5 9
    1.3594 0.5 8
  1.612 18 + 2
    1.09242 0.5 29
    1.27737 0.5 15
  1.6175 12 - 2
    1.51967 0.5 2
    1.60123 0.5 1
  1.6283 6 + 2
    1.53047 0.5 2
    1.61203 0.5 1
  1.6356 4 - 2
    1.52129 0.5 3
    1.53777 0.5 2
  1.6418 8 + 2
    1.49165 0.5 4
    1.6418 0.5 0
  1.6461 2 - 2
    1.3149 0.5 14
    1.6461 0.5 0
  1.6505 10 - 2
    1.50035 0.5 4
    1.6505 0.5 0
  1.6576 0 + 2
    1.25497 0.5 20
    1.3264 0.5 14
  1.6617 10 - 2
    1.51155 0.5 4
    1.6617 0.5 0
  1.667 6 + 2
    1.56917 0.5 2
    1.65073 0.5 1
  1.6743 4 + 2
    1.52415 0.5 4
    1.6743 0.5 0
  1.6796 8 - 2
    1.58177 0.5 2
    1.66333 0.5 1
  1.6954 14 + 2
    1.42635 0.5 10
    1.67913 0.5 1
  1.7011 6 - 2
    1.55095 0.5 4
    1.7011 0.5 0
  1.7116 2 + 2
    1.46162 0.5 9
    1.4661 0.5 8
  1.7141 4 - 2
    1.59979 0.5 3
    1.61627 0.5 2
  1.7247 12 + 2
    1.56165 0.5 5
    1.57455 0.5 4
  1.7341 8 - 2
    1.63627 0.5 2
    1.71783 0.5 1
  1.7465 16 + 2
    1.33519 0.5 21
    1.58345 0.5 5
  1.7563 10 - 2
    1.60615 0.5 4
    1.7563 0.5 0
  1.7625 10 - 2
    1.61235 0.5 4
    1.7625 0.5 0
  1.7659 6 + 2
    1.66807 0.5 2
    1.74963 0.5 1
  1.7696 4 + 2
    1.61945 0.5 4
    1.7696 0.5 0
  1.7783 8 - 2
    1.68047 0.5 2
    1.76203 0.5 1
  1.803 2 + 2
    1.55302 0.5 9
    1.5575 0.5 8
  1.827 6 - 2
    1.67685 0.5 4
    1.827 0.5 0
  1.843 4 + 2
    1.69285 0.5 4
    1.843 0.5 0
  1.8902 12 - 2
    1.79237 0.5 2
    1.87393 0.5 1
  1.905 8 + 2
    1.75485 0.5 4
    1.905 0.5 0
  1.9245 6 - 2
    1.77435 0.5 4
    1.9245 0.5 0
  1.9448 2 + 2
    1.69482 0.5 9
    1.6993 0.5 8
  1.9603 0 - 2
    1.6899 0.5 11
    1.7148 0.5 8
  1.984 4 + 2
    1.83385 0.5 4
    1.984 0.5 0
  2.009 14 - 2
    1.83576 0.5 6
    1.84595 0.5 5
  2.0172 8 + 2
    1.86705 0.5 4
    2.0172 0.5 0
  2.0297 6 - 2
    1.87955 0.5 4
    2.0297 0.5 0
  2.043 4 + 2
    1.89285 0.5 4
    2.043 0.5 0
  2.055 2 - 2
    1.7238 0.5 14
    2.055 0.5 0
  2.0808 12 + 2
    1.91775 0.5 5
    1.93065 0.5 4
  2.146 6 - 2
    1.99585 0.5 4
    2.146 0.5 0
  2.1606 8 + 2
    2.01045 0.5 4
    2.1606 0.5 0
  2.1802 4 - 2
    2.06589 0.5 3
    2.08237 0.5 2
  2.274 22 + 2
    0.662 0.5 130
    1.75442 0.5 29
  2.369 2 - 2
    2.0378 0.5 14
    2.369 0.5 0
  2.394 6 + 2
    2.29617 0.5 2
    2.37773 0.5 1
  2.42 8 - 2
    2.32217 0.5 2
    2.40373 0.5 1
  2.478 0 + 2
    2.07537 0.5 20
    2.1468 0.5 14
  2.659 4 - 2
    2.54469 0.5 3
    2.56117 0.5 2
  2.674 14 + 2
    2.40495 0.5 10
    2.65773 0.5 1
  6.06292 12 - 20
    3.88272 0.051651 171
    3.90232 0.03925 170
    3.98212 0.068176 168
    4.03322 0.026861 165
    4.04572 0.061975 164
    4.05392 0.059928 163
    4.10262 0.026861 161
    4.11812 0.018595 160
    4.13842 0.035126 159
    4.15792 0.04545 158
    4.17272 0.04545 157
    4.21992 0.055775 156
    4.31642 0.140505 148
    4.34882 0.026861 145
    4.36752 0.04545 142
    4.38332 0.035126 141
    4.44542 0.051651 131
    4.45802 0.028929 129
    4.48312 0.08473 127
    4.53582 0.051651 119

73 183 20
  0 7 + 0
  0.073174 9 - 1
    0.073174 1 0
  0.1432 9 + 1
    0.1432 1 0
  0.36829 5 - 2
    0.22509 0.8274 2
    0.295116 0.1726 1
  0.45907 5 + 2
    0.31587 0.2654 2
    0.45907 0.7346 0
  0.54557 7 + 2
    0.0865 0.924928 4
    0.40237 0.075072 2
  0.572815 7 + 1
    0.113745 1 4
  0.73092 5 - 1
    0.158105 1 6
  0.73506 5 - 1
    0.73506 1 0
  0.80642 11 + 4
    0.0755 0.990765 7
    0.233605 0.000214 6
    0.66322 0.003123 2
    0.80642 0.005898 0
  0.856929 5 - 5
    0.284114 0.005593 6
    0.311359 0.01321 5
    0.397859 0.04863 4
    0.783755 0.930899 1
    0.856929 0.001668 0
  0.94019 9 - 2
    0.48112 0.7616 4
    0.79699 0.2384 2
  0.94864 11 - 3
    0.375825 0.3839 6
    0.80544 0.4296 2
    0.875466 0.1865 1
  0.96007 11 - 1
    0.22501 1 8
  0.97147 9 - 2
    0.16505 0.3828 9
    0.398655 0.6172 6
  1.03028 3 + 1
    0.29522 1 8
  1.12781 3 + 3
    0.32139 0.1103 9
    0.66874 0.1544 4
    0.98461 0.7353 2
  1.15077 1 + 2
    0.34435 0.051228 9
    0.6917 0.948772 4
  1.54341 5 - 4
    0.59477 0.081522 12
    0.686481 0.076012 10
    1.47024 0.836618 1
    1.54341 0.005849 0
  1.78432 13 + 1
    1.78432 1 0

73 184 7
  0 10 - 0
  0.0479 6 - 1
    0.0479 1 0
  0.0893 4 - 1
    0.0414 1 1
  0.2284 2 - 1
    0.1391 1 2
  0.2723 0 - 1
    0.0439 1 3
  0.4533 2 + 1
    0.181 1 4
  0.6172 2 + 1
    0.3449 1 4

73 185 25
  0 7 + 0
  0.1645 9 + 1
    0.1645 1 0
  0.175 9 - 1
    0.175 1 0
  0.3374 11 - 1
    0.1624 1 2
  0.409 5 - 2
    0.234 0.5 2
    0.409 0.5 0
  0.5286 13 - 2
    0.1912 0.936862 3
    0.3536 0.063137 2
  0.59 3 - 1
    0.59 1 0
  0.689 1 - 1
    0.28 1 4
  0.7465 15 - 2
    0.2179 0.8143 5
    0.4091 0.1857 3
  0.811 3 + 2
    0.402 0.5 4
    0.811 0.5 0
  0.89 7 - 2
    0.5526 0.5 3
    0.7255 0.5 1
  0.98 9 - 2
    0.805 0.5 2
    0.98 0.5 0
  0.9926 17 - 2
    0.2461 0.6476 8
    0.464 0.3524 5
  1.018 5 + 2
    0.428 0.5 6
    0.8535 0.5 1
  1.074 5 + 2
    0.484 0.5 6
    0.9095 0.5 1
  1.153 11 - 2
    0.8156 0.5 3
    0.9885 0.5 1
  1.223 7 + 2
    1.048 0.5 2
    1.223 0.5 0
  1.2585 19 - 2
    0.2659 0.6782 12
    0.512 0.3218 8
  1.378 3 + 2
    0.969 0.5 4
    1.378 0.5 0
  1.409 1 + 2
    0.391 0.5 13
    0.819 0.5 6
  1.475 5 + 2
    0.885 0.5 6
    1.3105 0.5 1
  1.583 7 + 2
    1.408 0.5 2
    1.583 0.5 0
  1.638 13 + 2
    1.3006 0.5 3
    1.4735 0.5 1
  1.744 3 + 2
    1.335 0.5 4
    1.744 0.5 0
  1.837 11 + 2
    1.662 0.5 2
    1.837 0.5 0

73 186 1
  0 2 - 0

73 187 1
  0 9 - 0

73 188 1
  0 20 - 0

73 189 1
  0 7 + 0

73 190 1
  0 16 + 0

73 191 1
  0 5 + 0

