65 135 1
  0 7 - 0

65 138 1
  0 10 + 0

65 139 1
  0 5 - 0

65 140 1
  0 14 + 0

65 141 2
  0 5 - 0
  0.1 1 - 1
    0.1 1 0

65 142 36
  0 2 + 0
  0.1816 4 + 1
    0.1816 1 0
  0.2115 6 + 2
    0.0299 0.5 1
    0.2115 0.5 0
  0.2797 10 - 1
    0.0682 1 2
  0.3119 10 - 1
    0.0322 1 3
  0.3956 12 - 2
    0.0837 0.6572 4
    0.1159 0.3428 3
  0.4772 12 - 3
    0.0816 0.210715 5
    0.1653 0.698649 4
    0.1975 0.090636 3
  0.6149 14 - 4
    0.1377 0.360185 6
    0.2193 0.080587 5
    0.303 0.553877 4
    0.3352 0.005352 3
  0.6521 16 + 2
    0.0372 0.990698 7
    0.3402 0.009302 4
  0.7099 14 + 1
    0.2327 1 6
  0.8435 8 + 1
    0.1336 1 9
  0.8519 6 - 1
    0.142 1 9
  1.0194 18 + 1
    0.3673 1 8
  1.1173 18 - 1
    0.5024 1 7
  1.2093 20 + 2
    0.1899 0.063491 12
    0.5572 0.936509 8
  1.2455 4 - 2
    0.3936 0.4737 11
    0.402 0.5263 10
  1.5582 8 + 1
    0.5388 1 12
  1.6478 22 + 2
    0.4385 0.888 14
    0.6284 0.112 12
  1.7901 22 - 1
    0.6728 1 13
  1.8317 2 - 1
    0.5862 1 15
  1.9693 24 + 2
    0.3215 0.178 17
    0.76 0.822 14
  2.2458 6 - 2
    0.598 0.5291 17
    0.6876 0.4709 16
  2.4368 26 + 2
    0.4675 0.507 20
    0.789 0.493 17
  2.5385 4 - 1
    0.7068 1 19
  2.567 26 - 1
    0.7769 1 18
  2.8469 28 + 2
    0.4101 0.1934 22
    0.8776 0.8066 20
  2.9678 8 + 1
    0.722 1 21
  3.2851 6 - 1
    0.7466 1 23
  3.3394 30 - 1
    0.7724 1 24
  3.6995 32 + 1
    0.8526 1 25
  4.017 4 + 1
    0.7319 1 27
  4.5304 36 + 1
    0.8309 1 29
  4.8055 2 - 1
    0.7885 1 30
  5.7259 6 - 1
    0.9204 1 32
  6.7863 4 + 1
    1.0604 1 33
  7.9875 8 - 2
    7.5919 0.5 5
    7.776 0.5 2

65 143 104
  0 11 - 0
  0.1 1 - 1
    0.1 1 0
  0.52075 15 - 1
    0.52075 1 0
  0.53448 11 + 1
    0.53448 1 0
  0.54121 13 - 1
    0.54121 1 0
  0.78816 13 - 3
    0.25368 0.3092 3
    0.26741 0.2081 2
    0.78816 0.4827 0
  1.0723 15 - 1
    0.53109 1 4
  1.1948 19 - 1
    0.67405 1 2
  1.21842 17 - 2
    0.67721 0.6919 4
    0.69767 0.3081 2
  1.4238 17 - 4
    0.229 0.070399 7
    0.63564 0.528895 5
    0.88259 0.074809 4
    0.90305 0.325897 2
  1.5356 17 - 2
    0.99439 0.5372 4
    1.01485 0.4628 2
  1.8095 17 - 4
    0.59108 0.048069 8
    0.6147 0.074469 7
    0.7372 0.060879 6
    1.28875 0.816584 2
  1.8116 19 - 2
    0.6168 0.3572 7
    0.7393 0.6428 6
  1.92755 19 - 5
    0.11805 0.170403 11
    0.39195 0.043591 10
    0.50375 0.069491 9
    0.70913 0.51081 8
    0.73275 0.205704 7
  1.9668 23 - 1
    0.772 1 7
  2.0258 21 - 1
    0.80738 1 8
  2.0926 21 - 2
    0.6688 0.73 9
    0.8978 0.27 7
  2.1468 21 + 2
    0.21925 0.845 13
    0.952 0.155 7
  2.3025 23 + 1
    0.1557 1 17
  2.3109 21 + 1
    1.1161 1 7
  2.3997 23 - 1
    0.5881 1 12
  2.5825 23 + 2
    0.2716 0.5923 19
    0.28 0.4077 18
  2.6887 25 - 3
    0.289 0.063128 20
    0.5961 0.712679 16
    0.7219 0.224193 14
  2.7055 25 + 1
    0.403 1 18
  2.745 27 - 1
    0.7782 1 14
  2.7867 25 + 1
    0.4842 1 18
  2.7963 25 + 1
    0.4854 1 19
  2.8344 27 - 4
    0.0894 0.07436 24
    0.1457 0.007274 22
    0.4347 0.03746 20
    0.8676 0.880905 14
  2.9014 25 - 1
    0.8756 1 15
  2.9393 27 + 1
    0.6368 1 18
  3.0785 27 + 1
    0.776 1 18
  3.1866 27 + 1
    0.6041 1 21
  3.1996 29 - 2
    0.3652 0.920209 27
    0.4546 0.079791 24
  3.231 27 + 2
    0.1525 0.3935 30
    0.9285 0.6065 18
  3.2811 29 - 2
    0.5361 0.242 24
    0.5924 0.758 22
  3.407 31 - 3
    0.2074 0.494649 32
    0.5726 0.282328 27
    0.662 0.223022 24
  3.4681 29 + 1
    0.3896 1 30
  3.5036 31 - 1
    0.7586 1 24
  3.5682 29 + 1
    0.7719 1 26
  3.5886 29 + 3
    0.5101 0.508425 30
    0.8019 0.083654 25
    0.8831 0.40792 23
  3.6046 31 + 1
    0.6653 1 29
  3.7853 5 + 1
    0.5857 1 32
  3.7976 31 + 2
    0.5666 0.4393 33
    0.7191 0.5607 30
  3.8861 33 - 2
    0.4791 0.939481 35
    0.6865 0.060519 32
  3.9195 31 + 1
    0.7329 1 31
  3.9795 33 - 2
    0.4759 0.087063 37
    0.6984 0.912937 34
  3.9965 7 + 1
    0.2112 1 41
  4.2121 5 + 1
    0.215601 1 46
  4.287 35 - 3
    0.3075 0.046909 45
    0.7834 0.875274 37
    0.88 0.077818 35
  4.3324 35 - 2
    0.4463 0.5732 43
    0.9254 0.4268 35
  4.3518 35 + 1
    0.7472 1 40
  4.3533 33 + 1
    0.7851 1 38
  4.3735 33 + 3
    0.5759 0.1627 42
    0.7849 0.5629 39
    0.9054 0.2744 36
  4.6003 35 - 2
    0.7142 0.5578 43
    1.1933 0.4422 35
  4.6639 35 + 2
    0.2904 0.352 52
    0.8663 0.648 42
  4.7516 35 + 1
    0.8321 1 44
  4.7754 37 - 1
    0.7959 1 45
  4.7899 35 - 1
    0.8104 1 45
  4.9412 37 - 3
    0.3409 0.1883 53
    0.6088 0.2543 49
    1.0551 0.5574 43
  5.0693 35 + 1
    1.1832 1 43
  5.1087 39 - 2
    0.1675 0.4819 58
    0.7763 0.5181 49
  5.1448 39 - 2
    0.3694 0.071628 56
    0.8578 0.928372 48
  5.161 37 + 2
    0.4971 0.4174 54
    0.7875 0.5826 52
  5.1911 37 + 4
    0.1218 0.1288 59
    0.5272 0.3569 54
    0.8176 0.3221 52
    0.8378 0.1922 51
  5.1962 39 + 1
    0.8444 1 50
  5.3368 39 + 2
    0.1457 0.6798 63
    0.1758 0.3202 62
  5.4479 39 - 2
    0.658 0.491 57
    0.6725 0.509 56
  5.5536 41 - 1
    0.4449 1 60
  5.5988 41 - 1
    0.8234 1 56
  5.721 41 + 1
    0.3842 1 65
  5.8048 43 - 2
    0.2512 0.3907 67
    0.6961 0.6093 60
  5.9893 43 + 2
    0.2683 0.7374 69
    0.6525 0.2626 65
  6.0334 43 - 2
    0.4346 0.1384 68
    0.8886 0.8616 61
  6.1159 43 + 1
    0.9197 1 64
  6.1238 43 + 1
    0.4028 1 69
  6.2305 43 - 2
    0.6317 0.1624 68
    0.7826 0.8376 66
  6.3627 45 - 1
    0.5579 1 70
  6.4453 45 + 2
    0.3215 0.1722 74
    0.456 0.8278 71
  6.4896 45 - 1
    0.8908 1 68
  6.7738 47 - 2
    0.4111 0.1369 76
    0.969 0.8631 70
  6.8954 3 + 1
    0.4501 1 77
  6.906 47 + 1
    0.4607 1 77
  6.9381 47 - 2
    0.4485 0.097036 78
    0.9047 0.902964 72
  7.0328 47 - 2
    0.5432 0.069128 78
    0.8023 0.930872 75
  7.0904 47 + 1
    0.9745 1 73
  7.3368 5 + 1
    0.4308 1 81
  7.342 49 - 2
    0.5682 0.6646 79
    0.9793 0.3354 76
  7.5193 49 - 1
    1.0297 1 78
  7.7343 51 - 2
    0.3923 0.094936 86
    0.9605 0.905064 79
  7.9038 51 - 1
    0.871 1 83
  7.9124 51 - 1
    0.9743 1 82
  7.9858 53 - 1
    0.6438 1 86
  8.1535 51 + 1
    1.0631 1 84
  8.2524 53 - 1
    0.5181 1 88
  8.409 7 + 1
    0.4232 1 91
  8.6515 53 - 1
    1.1322 1 87
  8.7509 55 - 1
    1.0166 1 88
  8.7899 5 + 1
    0.380901 1 94
  8.9165 3 + 1
    0.5075 1 94
  8.9441 55 - 1
    1.0403 1 89
  8.9708 55 - 1
    1.0584 1 90
  9.3301 55 + 1
    1.1766 1 92
  9.4305 7 + 1
    0.514 1 98
  10.1261 59 - 1
    1.1553 1 100

65 144 32
  0 2 + 0
  0.1965 2 + 1
    0.1965 1 0
  0.2839 6 + 1
    0.2839 1 0
  0.2986 2 + 1
    0.2986 1 0
  0.3969 12 - 1
    0.113 1 2
  0.4755 2 + 1
    0.4755 1 0
  0.49665 16 - 1
    0.09975 1 4
  0.5171 18 + 1
    0.02045 1 6
  0.5445 20 + 1
    0.0274 1 7
  0.9782 22 + 1
    0.4337 1 8
  1.1272 4 - 1
    0.63055 1 6
  1.209 24 + 2
    0.2308 0.3989 9
    0.6645 0.6011 8
  1.7873 26 + 2
    0.5783 0.8911 11
    0.8091 0.1089 9
  2.1547 8 - 1
    1.0275 1 10
  2.1831 6 - 2
    1.0559 0.6289 10
    1.2049 0.3711 9
  2.2607 28 + 1
    1.0517 1 11
  2.5145 26 - 3
    0.3314 0.2531 14
    0.3598 0.1296 13
    1.3055 0.6173 11
  2.5862 26 - 1
    1.3772 1 11
  2.7419 28 - 3
    0.1557 0.097446 17
    0.2274 0.389723 16
    0.9546 0.512831 12
  2.7802 30 + 2
    0.5195 0.4762 15
    0.9929 0.5238 12
  2.918 30 - 1
    0.1761 1 18
  2.9834 32 + 2
    0.2032 0.8384 19
    0.7227 0.1616 15
  3.1299 32 - 1
    0.2119 1 20
  3.2763 34 - 1
    0.1464 1 22
  3.4331 34 + 2
    0.4497 0.7201 21
    0.6529 0.2799 19
  3.7054 36 - 1
    0.4291 1 23
  3.7127 36 + 2
    0.2796 0.5024 24
    0.7293 0.4976 21
  4.0583 38 - 2
    0.3529 0.8621 25
    0.782 0.1379 23
  4.6315 40 - 1
    0.5732 1 27
  4.6646 4 - 1
    0.9519 1 26
  5.1642 8 + 1
    0.5327 1 28
  5.3799 6 - 1
    0.7153 1 29

65 145 2
  0 3 + 0
  0.2 11 - 1
    0.2 1 0

65 146 23
  0 2 + 0
  0.1 10 - 1
    0.1 1 0
  0.24109 2 + 1
    0.24109 1 0
  0.28018 2 + 1
    0.28018 1 0
  0.33815 6 + 1
    0.33815 1 0
  0.35485 4 + 1
    0.35485 1 0
  0.38465 0 + 1
    0.38465 1 0
  0.39798 0 - 1
    0.1178 1 3
  0.56591 4 - 3
    0.28573 0.089754 3
    0.32482 0.314316 2
    0.56591 0.59593 0
  0.57495 8 - 1
    0.2368 1 4
  0.6184 2 + 1
    0.6184 1 0
  0.65315 2 + 1
    0.2685 1 6
  0.66031 2 + 4
    0.30546 0.113811 5
    0.32216 0.393639 4
    0.41922 0.233023 2
    0.66031 0.259526 0
  0.66483 2 + 1
    0.66483 1 0
  0.68214 0 - 2
    0.44105 0.4528 2
    0.68214 0.5472 0
  0.92 6 - 1
    0.92 1 0
  1.1623 8 - 1
    0.88212 1 3
  1.6961 2 + 1
    1.6961 1 0
  1.72696 2 + 8
    1.06213 0.089393 13
    1.06665 0.175086 12
    1.07381 0.050846 11
    1.16105 0.203284 8
    1.34231 0.133089 6
    1.37211 0.070524 5
    1.38881 0.12129 4
    1.44678 0.156487 3
  1.7374 2 + 6
    1.08425 0.07712 11
    1.17149 0.05941 8
    1.35275 0.308 6
    1.39925 0.08515 4
    1.49631 0.07812 2
    1.7374 0.3922 0
  1.9238 6 - 1
    1.9238 1 0
  2.08201 2 + 5
    1.72716 0.058381 5
    1.74386 0.115902 4
    1.80183 0.48961 3
    1.84092 0.115902 2
    2.08201 0.220204 0
  2.1568 2 + 6
    1.47466 0.074527 14
    1.77215 0.067887 6
    1.80195 0.048118 5
    1.87662 0.106096 3
    1.91571 0.123295 2
    2.1568 0.580077 0

65 147 192
  0 1 + 0
  0.0506 11 - 1
    0.0506 1 0
  0.25319 3 + 1
    0.25319 1 0
  0.35398 5 + 1
    0.10079 1 2
  0.7192 7 + 1
    0.36522 1 3
  1.31295 7 - 1
    1.26235 1 1
  1.31643 15 + 1
    1.26583 1 1
  1.32948 7 + 3
    0.61028 0.333333 4
    0.9755 0.333333 3
    1.07629 0.333333 2
  1.40434 5 + 2
    1.05036 0.5 3
    1.15115 0.5 2
  1.4131 5 - 1
    1.15991 1 2
  1.43832 11 + 1
    1.38772 1 1
  1.47945 5 + 2
    1.22626 0.074191 2
    1.47945 0.925809 0
  1.48739 9 + 1
    1.43679 1 1
  1.60123 13 + 3
    0.16291 0.333333 10
    0.2848 0.333333 6
    1.55063 0.333333 1
  1.61859 5 - 2
    1.26461 0.5 3
    1.3654 0.5 2
  1.6596 9 - 1
    1.609 1 1
  1.7157 7 + 1
    1.6651 1 1
  1.7591 3 + 3
    1.40512 0.4108 3
    1.50591 0.1429 2
    1.7591 0.4463 0
  1.7606 9 - 1
    1.71 1 1
  1.76623 3 + 3
    1.41225 0.195802 3
    1.51304 0.052691 2
    1.76623 0.751508 0
  1.77586 9 - 1
    1.72526 1 1
  1.965 1 - 1
    1.61102 1 3
  1.9714 7 + 1
    1.61742 1 3
  1.98791 15 - 1
    1.93731 1 1
  1.99667 3 - 3
    1.27747 0.333333 4
    1.64269 0.333333 3
    1.74348 0.333333 2
  1.999 1 - 2
    0.5859 0.5 9
    1.74581 0.5 2
  2.0203 3 - 1
    1.9697 1 1
  2.039 11 - 2
    0.72605 0.5 5
    1.9884 0.5 1
  2.04595 13 - 2
    0.71647 0.5 7
    1.99535 0.5 1
  2.0681 5 - 1
    1.71412 1 3
  2.08827 17 + 1
    0.77184 1 6
  2.1576 7 - 1
    2.107 1 1
  2.163 3 - 2
    1.80902 0.5 3
    2.163 0.5 0
  2.1797 11 + 1
    1.4605 1 4
  2.2188 7 + 1
    1.4996 1 4
  2.2209 9 + 1
    1.5017 1 4
  2.2305 5 - 2
    1.5113 0.5 4
    1.97731 0.5 2
  2.2352 1 - 1
    2.1846 1 1
  2.2437 3 - 1
    1.99051 1 2
  2.3203 5 + 1
    2.2697 1 1
  2.341 9 - 2
    1.01152 0.5 7
    1.6218 0.5 4
  2.349 7 + 2
    1.6298 0.5 4
    2.09581 0.5 2
  2.3742 1 - 1
    1.655 1 4
  2.379 5 + 2
    2.02502 0.5 3
    2.379 0.5 0
  2.4008 3 - 1
    2.3502 1 1
  2.438 13 + 2
    0.95061 0.5 12
    2.3874 0.5 1
  2.4858 9 - 1
    2.4352 1 1
  2.5072 7 + 1
    1.788 1 4
  2.525 5 - 2
    1.8058 0.5 4
    2.27181 0.5 2
  2.5676 17 - 1
    1.25117 1 6
  2.57572 19 - 1
    0.58781 1 23
  2.6352 3 + 1
    2.38201 1 2
  2.672 11 + 2
    1.35557 0.5 6
    1.9528 0.5 4
  2.7039 7 + 1
    2.6533 1 1
  2.7147 5 - 1
    1.39827 1 6
  2.737 9 + 2
    2.38302 0.5 3
    2.6864 0.5 1
  2.758 1 - 2
    1.3449 0.5 9
    2.50481 0.5 2
  2.7852 21 + 1
    0.69693 1 30
  2.8146 3 - 1
    2.764 1 1
  2.954 5 + 2
    2.60002 0.5 3
    2.954 0.5 0
  3.04249 23 + 1
    0.25729 1 57
  3.084 7 - 2
    2.73002 0.5 3
    3.0334 0.5 1
  3.142 3 - 2
    2.78802 0.5 3
    3.142 0.5 0
  3.18981 25 + 2
    0.14732 0.3283 60
    0.40461 0.6717 57
  3.2063 23 + 1
    0.4211 1 57
  3.363 9 - 2
    2.03352 0.5 7
    2.6438 0.5 4
  3.372 11 - 2
    2.05905 0.5 5
    3.3214 0.5 1
  3.3813 25 + 2
    0.19149 0.5 63
    0.33881 0.5 60
  3.47121 27 + 1
    0.2814 1 63
  3.5722 5 - 1
    0.38239 1 63
  3.622 7 - 2
    3.26802 0.5 3
    3.5714 0.5 1
  3.75847 3 + 3
    3.40449 0.059262 3
    3.50528 0.200008 2
    3.75847 0.74073 0
  3.88915 27 - 1
    0.69934 1 63
  3.95385 1 + 2
    3.70066 0.218778 2
    3.95385 0.781222 0
  3.9753 5 - 1
    3.9753 1 0
  3.993 7 + 2
    3.2738 0.5 4
    3.73981 0.5 2
  4.01975 9 - 2
    3.76656 0.5319 2
    4.01975 0.4681 0
  4.04459 3 + 2
    3.69061 0.5848 3
    3.7914 0.4152 2
  4.08485 5 - 2
    3.83166 0.1803 2
    4.08485 0.8197 0
  4.108 11 + 2
    2.79157 0.5 6
    3.3888 0.5 4
  4.167 7 - 2
    3.81302 0.5 3
    4.1164 0.5 1
  4.385 13 + 2
    2.89761 0.5 12
    4.3344 0.5 1
  4.50831 29 - 1
    1.0371 1 68
  4.641 9 + 2
    4.28702 0.5 3
    4.5904 0.5 1
  4.6695 5 - 1
    4.6189 1 1
  4.7026 3 + 1
    4.652 1 1
  4.72313 29 + 1
    1.25192 1 68
  4.7412 1 - 1
    4.6906 1 1
  4.7545 7 - 1
    4.7039 1 1
  4.7698 5 + 1
    4.7192 1 1
  4.8156 3 - 2
    4.46162 0.5 3
    4.8156 0.5 0
  4.8187 9 + 1
    2.639 1 33
  4.82754 7 - 2
    3.05168 0.3243 20
    4.77694 0.6757 1
  4.8416 11 + 2
    3.52517 0.5 6
    4.1224 0.5 4
  5.0038 31 - 1
    0.49549 1 82
  5.0806 5 + 2
    4.72662 0.5 3
    5.0806 0.5 0
  5.1312 29 + 1
    1.94139 1 63
  5.1999 1 - 1
    2.01009 1 63
  5.2768 3 - 1
    2.08699 1 63
  5.29681 31 - 1
    1.40766 1 72
  5.32119 29 + 1
    1.84998 1 68
  5.3939 7 + 1
    1.92269 1 68
  5.4917 5 - 1
    2.02049 1 68
  5.5022 9 + 1
    2.03099 1 68
  5.5038 3 - 1
    2.31399 1 63
  5.5817 7 + 1
    2.11049 1 68
  5.587 5 - 1
    2.11579 1 68
  5.63116 31 + 1
    0.30997 1 100
  5.65008 31 + 2
    0.32889 0.6304 100
    0.92695 0.3696 86
  5.6652 9 - 1
    0.534 1 96
  5.68305 1 - 3
    0.180849 0.333333 103
    0.28915 0.333333 101
    0.48315 0.333333 97
  5.7006 3 + 2
    0.6968 0.5 94
    0.97747 0.5 86
  5.7671 33 + 2
    0.7633 0.5 94
    1.04397 0.5 86
  5.88011 33 + 1
    0.24895 1 107
  5.92472 35 - 5
    0.15762 0.2 112
    0.22412 0.2 111
    0.25952 0.2 109
    0.62791 0.2 99
    0.92092 0.2 94
  5.96613 33 + 1
    0.31605 1 108
  5.98068 35 - 1
    0.68387 1 99
  6.0189 5 - 1
    0.625 1 101
  6.1071 7 - 1
    0.4419 1 109
  6.1248 11 + 1
    1.121 1 94
  6.2018 37 - 1
    0.27708 1 114
  6.2501 5 + 1
    0.668401 1 105
  6.3886 3 - 1
    0.73852 1 108
  6.4229 39 - 1
    0.49818 1 114
  6.4484 7 + 1
    0.46772 1 116
  6.55 35 - 2
    0.66989 0.4766 113
    0.7829 0.5234 112
  6.61759 35 + 1
    0.73748 1 113
  6.66475 35 + 1
    0.69862 1 115
  6.73836 37 + 2
    0.12077 0.7496 126
    0.75768 0.2504 116
  6.7557 39 - 1
    0.332801 1 123
  6.7978 9 - 1
    0.83167 1 115
  6.8215 35 + 1
    0.94139 1 113
  6.90394 39 + 1
    0.16558 1 128
  6.93274 37 + 1
    0.26799 1 127
  6.9606 37 - 1
    0.1391 1 131
  7.02231 37 - 1
    1.04163 1 116
  7.2616 41 + 1
    0.35766 1 132
  7.2719 37 + 1
    0.60715 1 127
  7.2753 5 - 1
    1.29462 1 116
  7.307 7 - 1
    0.3464 1 134
  7.3113 3 - 1
    0.37856 1 133
  7.33642 39 - 2
    0.31411 0.7018 135
    0.37582 0.2982 134
  7.5063 39 + 1
    0.2344 1 137
  7.5404 39 - 1
    0.63646 1 132
  7.6501 5 + 1
    0.3388 1 140
  7.71454 41 - 3
    0.20824 0.297779 142
    0.37812 0.631556 141
    0.8106 0.070665 132
  7.762 43 - 1
    0.221601 1 143
  7.777 45 - 1
    0.014999 1 146
  7.8066 7 + 1
    0.545001 1 136
  7.8439 3 + 1
    1.0882 1 129
  8.1191 9 + 1
    0.469001 1 144
  8.2221 5 + 1
    0.9605 1 136
  8.2371 7 - 1
    0.52256 1 145
  8.2406 1 + 1
    0.52606 1 145
  8.2769 3 - 1
    0.433001 1 149
  8.4339 5 + 4
    0.157 0.25 154
    0.193301 0.25 153
    0.196801 0.25 152
    0.211801 0.25 151
  8.4497 45 - 2
    0.330599 0.5 150
    0.687699 0.5 146
  8.5065 9 + 1
    0.229599 1 154
  8.5382 7 - 2
    0.3011 0.5 152
    0.776199 0.5 146
  8.6163 11 + 1
    0.901761 1 145
  8.7514 47 - 2
    0.301701 0.1366 156
    0.9894 0.8634 146
  8.7734 47 + 1
    0.996401 1 147
  8.8567 47 - 1
    1.0947 1 146
  8.968 5 + 2
    0.4615 0.5 157
    0.534099 0.5 155
  9.0366 49 + 3
    0.179899 0.1646 162
    0.263199 0.1578 161
    0.285199 0.6776 160
  9.5079 3 - 1
    0.8916 1 159
  9.7312 49 + 1
    0.957799 1 161
  9.9207 51 + 1
    0.884101 1 164
  9.9554 53 + 1
    0.9188 1 164
  9.9745 7 - 1
    1.2231 1 160
  10.3463 5 - 1
    0.838399 1 165
  10.3807 9 - 1
    0.425301 1 168
  10.429 53 + 1
    0.5083 1 167
  10.5523 3 - 1
    0.631599 1 167
  10.7319 55 + 1
    0.776501 1 168
  10.8224 1 - 1
    0.867001 1 168
  10.8973 51 + 1
    1.1661 1 166
  11.0366 57 + 2
    0.304699 0.099018 174
    1.0812 0.900982 168
  11.3161 5 - 1
    0.7638 1 173
  11.45 7 - 3
    0.5527 0.333333 176
    0.7181 0.333333 174
    1.0693 0.333333 171
  11.4972 3 - 1
    0.181101 1 178
  11.638 59 - 1
    0.6014 1 177
  11.841 9 + 1
    0.391 1 179
  11.9296 5 + 1
    0.893 1 177
  12.0831 59 + 1
    1.0465 1 177
  12.3727 61 + 1
    0.289601 1 184
  12.6622 61 + 1
    1.0242 1 181
  12.8139 63 + 1
    0.4412 1 185
  13.3172 65 + 1
    0.5033 1 187
  13.8238 67 + 1
    0.506599 1 188
  13.9083 7 - 1
    1.2461 1 186
  14.3445 3 - 1
    0.520701 1 189

65 148 83
  0 4 - 0
  0.0901 18 + 1
    0.0901 1 0
  0.1096 8 - 1
    0.1096 1 0
  0.1784 4 + 1
    0.1784 1 0
  0.1954 6 - 1
    0.0858 1 2
  0.2809 6 + 1
    0.1025 1 3
  0.3279 14 + 1
    0.2378 1 1
  0.345 10 - 1
    0.1496 1 4
  0.3513 10 + 1
    0.2417 1 2
  0.3753 8 + 1
    0.0944 1 5
  0.406 16 + 2
    0.0781 0.5 6
    0.3159 0.5 1
  0.4258 12 + 2
    0.0745 0.5 8
    0.0979 0.5 6
  0.62024 2 + 3
    0.33934 0.000415 5
    0.44184 0.001344 3
    0.62024 0.998241 0
  0.6578 6 - 2
    0.4624 0.3986 4
    0.6578 0.6014 0
  0.7945 4 - 3
    0.1367 0.5293 13
    0.6161 0.0223 3
    0.7945 0.4484 0
  0.9508 2 - 3
    0.1563 0.0283 14
    0.7724 0.0283 3
    0.9508 0.9434 0
  1.0958 22 - 2
    0.6898 0.5 10
    1.0057 0.5 1
  1.22 10 - 2
    0.7942 0.5 11
    0.8687 0.5 8
  1.246 12 - 2
    0.8202 0.5 11
    0.9181 0.5 6
  1.2472 2 + 3
    0.62696 0.043309 12
    1.0688 0.048309 3
    1.2472 0.908382 0
  1.249 18 - 1
    0.843 1 10
  1.267 20 + 1
    1.1769 1 1
  1.2769 2 + 2
    1.0985 0.050328 3
    1.2769 0.949671 0
  1.295 16 - 2
    0.889 0.5 10
    0.9671 0.5 6
  1.305 14 - 1
    0.899 1 10
  1.3327 2 + 1
    1.3327 1 0
  1.3659 2 + 3
    1.085 0.444444 5
    1.1875 0.333333 3
    1.3659 0.222222 0
  1.38 24 - 1
    0.2842 1 16
  1.484 20 + 2
    1.078 0.5 10
    1.3939 0.5 1
  1.6429 2 + 3
    0.6921 0.65372 15
    0.8484 0.307709 14
    1.6429 0.038571 0
  1.654 16 + 3
    1.2282 0.333333 11
    1.248 0.333333 10
    1.5639 0.333333 1
  1.723 18 + 3
    1.317 0.333333 10
    1.3951 0.333333 6
    1.6329 0.333333 1
  1.8285 2 - 2
    1.5476 0.2 5
    1.6501 0.8 3
  1.8401 2 + 3
    0.8893 0.4152 15
    1.0456 0.4834 14
    1.8401 0.1014 0
  2.3617 6 - 1
    0.9817 1 27
  2.714 28 - 1
    1.334 1 27
  2.8684 4 - 1
    0.5067 1 34
  2.9539 30 - 1
    0.2399 1 35
  3.1679 32 - 2
    0.214 0.8821 37
    0.4539 0.1179 35
  3.3671 8 + 1
    0.4987 1 36
  3.5949 34 - 2
    0.427 0.5 38
    0.641 0.5 37
  3.8018 34 - 2
    0.4347 0.5 39
    0.6339 0.5 38
  4.1785 34 + 1
    1.0106 1 38
  4.2389 34 + 1
    1.071 1 38
  4.2957 36 + 2
    0.493901 0.5 41
    0.700801 0.5 40
  4.4229 36 - 4
    0.184 0.25 43
    0.2444 0.25 42
    0.6211 0.25 41
    0.828 0.25 40
  4.5049 36 + 1
    0.082 1 45
  4.8621 36 - 2
    0.566399 0.5 44
    1.0603 0.5 41
  4.9461 6 + 1
    0.5232 1 45
  5.0089 36 - 1
    1.2071 1 41
  5.1724 36 + 1
    1.3706 1 41
  5.2254 38 - 6
    0.2165 0.166667 49
    0.3633 0.166667 47
    0.7205 0.166667 46
    0.8025 0.166667 45
    0.929699 0.166667 44
    1.6305 0.166667 40
  5.3145 38 + 3
    0.1421 0.333333 50
    0.4524 0.333333 47
    0.8096 0.333333 46
  5.5584 38 - 1
    0.333 1 51
  5.747 40 - 1
    0.5216 1 51
  6.4898 42 + 3
    0.7428 0.333333 54
    0.9314 0.333333 53
    1.1753 0.333333 52
  6.5233 42 + 1
    1.2088 1 52
  6.9335 4 - 1
    0.4437 1 55
  7.27 46 + 3
    0.3365 0.333333 57
    0.7467 0.333333 56
    0.7802 0.333333 55
  7.3419 46 - 1
    0.0719 1 58
  7.6204 48 + 2
    0.2785 0.5 59
    0.3504 0.5 58
  7.7609 52 + 3
    0.1405 0.333333 60
    0.419 0.333333 59
    0.4909 0.333333 58
  7.8338 8 - 1
    0.0729 1 61
  8.3381 6 - 2
    0.5043 0.5 62
    0.5772 0.5 61
  8.6186 54 + 3
    0.2805 0.333333 63
    0.7848 0.333333 62
    0.8577 0.333333 61
  9.196 4 - 1
    0.5774 1 64
  9.5769 58 + 1
    0.9583 1 64
  9.92 6 - 1
    1.3014 1 64
  9.9725 8 + 2
    0.776501 0.5 65
    1.3539 0.5 64
  10.148 4 - 4
    0.1755 0.25 68
    0.228001 0.25 67
    0.571101 0.25 66
    0.952001 0.25 65
  10.4244 6 + 1
    0.847501 1 66
  10.5116 4 - 1
    0.9347 1 66
  10.7526 8 + 2
    0.328199 0.5 70
    1.1757 0.5 66
  10.7916 6 - 1
    1.2147 1 66
  10.8801 4 + 1
    0.0885 1 73
  10.9639 8 - 3
    0.172301 0.333333 73
    0.452301 0.333333 71
    0.8159 0.333333 69
  11.4457 10 + 4
    0.4818 0.25 75
    0.565601 0.25 74
    0.654101 0.25 73
    0.693101 0.25 72
  12.1162 6 - 1
    1.1523 1 75
  12.3425 4 + 1
    0.8968 1 76
  12.4493 8 - 1
    1.0036 1 76
  13.0602 6 + 1
    0.944001 1 77
  13.3796 4 - 1
    0.9303 1 79
  14.0906 10 + 1
    1.0304 1 80

65 149 105
  0 1 + 0
  0.03578 11 - 1
    0.03578 1 0
  0.10076 3 + 1
    0.10076 1 0
  0.207 5 + 1
    0.10624 1 2
  0.46044 7 + 2
    0.25344 0.954229 3
    0.35968 0.045771 2
  0.68936 7 - 1
    0.65358 1 1
  0.7417 5 + 3
    0.5347 0.2514 3
    0.64094 0.1603 2
    0.7417 0.5883 0
  0.75493 5 + 2
    0.65417 0.5938 2
    0.75493 0.4062 0
  0.82227 15 - 1
    0.78649 1 1
  0.82516 9 - 2
    0.1358 0.02438 5
    0.78938 0.975619 1
  0.83725 5 + 2
    0.73649 0.8934 2
    0.83725 0.1066 0
  0.8406 13 - 1
    0.80482 1 1
  0.84426 7 + 1
    0.63726 1 3
  0.8698 5 + 2
    0.6628 0.4296 3
    0.76904 0.5704 2
  0.87256 11 - 1
    0.83678 1 1
  0.9529 3 - 1
    0.9529 1 0
  0.9704 7 + 3
    0.50996 0.16581 4
    0.7634 0.096446 3
    0.86964 0.737744 2
  0.98221 9 + 3
    0.13795 0.04156 12
    0.52177 0.04114 4
    0.77521 0.9173 3
  1.048 3 - 2
    0.841 0.5 3
    1.048 0.5 0
  1.0885 5 - 1
    0.98774 1 2
  1.1201 7 + 1
    0.9131 1 3
  1.129 15 + 2
    0.2884 0.1074 11
    0.30673 0.8926 8
  1.184 9 - 2
    0.35884 0.1992 9
    0.49464 0.8008 5
  1.189 7 - 2
    0.72856 0.4595 4
    1.15322 0.5405 1
  1.20542 9 + 3
    0.22321 0.2277 17
    0.74498 0.2448 4
    1.16964 0.5275 1
  1.22832 9 - 2
    0.403165 0.3066 9
    1.19254 0.6934 1
  1.25065 5 - 3
    0.29775 0.2742 15
    0.56129 0.3326 5
    1.04365 0.3932 3
  1.2728 9 + 2
    0.81236 0.4493 4
    1.23702 0.5507 1
  1.38194 7 - 3
    0.55678 0.163 9
    0.69258 0.3526 5
    1.17494 0.4844 3
  1.40135 19 - 1
    0.57908 1 8
  1.4206 9 - 4
    0.54804 0.4432 14
    0.57634 0.1959 12
    0.96016 0.1043 4
    1.38482 0.2566 1
  1.426 9 - 2
    0.73664 0.1882 5
    1.39022 0.8118 1
  1.4545 17 - 2
    0.3255 0.4298 21
    0.6139 0.5702 11
  1.4614 3 + 1
    1.2544 1 3
  1.4738 11 - 1
    1.43802 1 1
  1.5085 7 - 1
    1.3015 1 3
  1.5688 15 - 3
    0.4398 0.061819 21
    0.7282 0.162897 11
    0.74653 0.775285 8
  1.591 17 + 2
    0.462 0.665 21
    0.76873 0.335 8
  1.6727 23 - 1
    0.27135 1 29
  1.6976 9 - 3
    0.87244 0.2584 9
    1.00824 0.1583 5
    1.66182 0.5833 1
  1.72831 5 - 6
    0.47766 0.02946 26
    0.97338 0.04843 7
    0.98661 0.078401 6
    1.03895 0.111001 5
    1.52131 0.460905 3
    1.62755 0.271803 2
  1.7348 7 - 1
    1.27436 1 4
  1.7767 7 - 3
    1.08734 0.3153 5
    1.31626 0.4691 4
    1.5697 0.2156 3
  1.8133 21 - 2
    0.1406 0.4623 38
    0.41195 0.5377 29
  1.84173 9 - 11
    0.36793 0.047542 34
    0.56893 0.019561 27
    0.613405 0.026191 25
    0.63631 0.021661 24
    0.72163 0.018481 20
    0.75323 0.020651 19
    0.85952 0.071753 17
    0.87133 0.147706 16
    0.99747 0.073833 12
    1.15237 0.025901 5
    1.80595 0.526721 1
  1.8678 19 + 3
    0.2768 0.039318 37
    0.46645 0.087317 29
    0.7388 0.873365 21
  1.87696 5 - 11
    0.14865 0.01617 40
    0.41556 0.019949 33
    0.90656 0.018729 16
    0.92406 0.023209 15
    1.03971 0.093637 10
    1.12203 0.046189 7
    1.13526 0.087377 6
    1.1876 0.021269 5
    1.41652 0.01497 4
    1.66996 0.034919 3
    1.7762 0.623581 2
  1.879 17 + 1
    0.75 1 21
  1.88309 9 - 6
    0.90088 0.037722 17
    0.91269 0.116306 16
    1.01053 0.315416 14
    1.05793 0.236412 9
    1.19373 0.030232 5
    1.42265 0.263913 4
  1.9531 9 - 3
    1.08054 0.289229 14
    1.26374 0.214121 5
    1.91732 0.49665 1
  2.0151 3 + 3
    1.14254 0.335297 14
    1.17084 0.086709 12
    1.18994 0.577994 9
  2.06543 7 - 14
    0.18847 0.02146 46
    0.2237 0.02581 44
    0.86001 0.07951 24
    0.88143 0.03729 22
    0.94533 0.02305 20
    1.08322 0.06887 17
    1.09503 0.03179 16
    1.19563 0.06886 13
    1.22117 0.05826 12
    1.22818 0.05032 10
    1.32373 0.1139 6
    1.37607 0.06631 5
    1.85843 0.08997 3
    2.02965 0.2646 1
  2.0742 7 - 4
    1.23695 0.156816 10
    1.38484 0.241924 5
    1.8672 0.423442 3
    2.03842 0.177818 1
  2.1612 9 - 2
    0.9722 0.3947 23
    1.47184 0.6053 5
  2.3029 27 - 1
    0.6302 1 38
  2.35 23 + 3
    0.4822 0.73767 45
    0.5367 0.174993 43
    0.6773 0.087336 38
  2.3687 21 + 2
    0.5009 0.1841 45
    0.96735 0.8159 29
  2.4922 21 + 2
    0.6244 0.5036 45
    1.09085 0.4964 29
  2.5184 27 + 3
    0.1684 0.256018 55
    0.2155 0.698749 54
    0.8457 0.045233 38
  2.6643 25 - 1
    0.3614 1 54
  2.6669 25 + 3
    0.1485 0.317 58
    0.3169 0.1273 55
    0.9942 0.5557 38
  2.7627 25 - 3
    0.4127 0.1638 55
    0.4598 0.3415 54
    1.09 0.4947 38
  2.8125 29 + 2
    0.2941 0.7213 58
    0.5096 0.2787 54
  3.1416 31 + 2
    0.3291 0.937528 62
    0.6232 0.062472 58
  3.5268 33 + 2
    0.3852 0.920972 63
    0.7143 0.079028 62
  3.6033 31 - 2
    0.4617 0.1531 63
    1.3004 0.8469 54
  3.9905 3 + 1
    0.3872 1 65
  4.0612 1 + 1
    0.5344 1 64
  4.1069 31 + 1
    0.9653 1 63
  4.2081 33 + 3
    0.6813 0.1739 64
    1.0665 0.138 63
    1.3956 0.6881 62
  4.463 35 + 3
    0.2549 0.50316 69
    0.3561 0.094172 68
    1.3214 0.402668 63
  4.6735 37 + 3
    0.2105 0.373863 70
    0.4654 0.110089 69
    1.1467 0.516048 64
  4.923 39 + 2
    0.2495 0.8044 71
    0.46 0.1956 70
  5.1479 41 + 2
    0.2249 0.7749 72
    0.4744 0.2251 71
  5.2575 39 - 2
    0.584 0.5996 71
    1.1963 0.4004 67
  5.6185 41 - 1
    0.6955 1 72
  5.712 43 - 3
    0.0935 0.1925 75
    0.4545 0.229 74
    0.5641 0.5785 73
  5.7348 45 + 1
    0.5869 1 73
  5.9659 43 + 2
    0.2539 0.7386 76
    0.818 0.2614 73
  6.0251 43 - 1
    0.8772 1 73
  6.1119 45 - 3
    0.146 0.079118 78
    0.3771 0.385792 77
    0.3999 0.535089 76
  6.2206 45 - 2
    0.195501 0.2516 79
    0.485801 0.7484 77
  6.4003 47 - 2
    0.179699 0.438 81
    0.2884 0.562 80
  6.7882 47 + 2
    0.567599 0.3106 81
    0.6763 0.6894 80
  6.8739 47 + 1
    0.762 1 80
  7.1124 49 + 3
    0.2385 0.1637 84
    0.3242 0.6192 83
    0.7121 0.2171 82
  7.1938 49 + 1
    0.7935 1 82
  7.7405 51 + 1
    0.5467 1 86
  7.9762 51 + 1
    1.188 1 83
  8.0481 51 + 1
    0.9357 1 85
  8.2469 53 + 1
    1.1345 1 85
  8.2806 53 - 1
    0.5401 1 87
  8.7334 55 + 1
    0.757199 1 88
  8.9218 53 + 2
    0.873701 0.4822 89
    0.9456 0.5178 88
  9.1969 59 + 1
    0.4635 1 92
  9.2272 3 - 1
    0.946601 1 91
  9.4822 5 - 1
    0.255 1 95
  9.7712 57 + 3
    0.289 0.051419 96
    0.8494 0.51619 93
    1.5243 0.432391 90
  9.9553 61 + 1
    0.184099 1 97
  10.1839 3 - 1
    0.987001 1 94
  11.0002 65 + 1
    1.0449 1 98
  11.1769 5 - 1
    0.993 1 99
  11.2042 67 - 1
    0.204001 1 100
  12.1519 71 - 1
    0.9477 1 102
  13.1178 75 - 1
    0.9659 1 103

65 150 63
  0 4 - 0
  0.3972 2 + 1
    0.3972 1 0
  0.474 18 + 1
    0.474 1 0
  1.06795 20 + 1
    0.59395 1 2
  1.23279 22 + 1
    0.75879 1 2
  1.30655 20 - 1
    0.83255 1 2
  1.3484 22 - 2
    0.11561 0.2552 4
    0.28045 0.7448 3
  1.5865 24 - 1
    0.2381 1 6
  1.9104 26 + 1
    0.67761 1 4
  2.114 26 - 1
    0.7656 1 6
  2.4049 28 - 2
    0.2909 0.3834 9
    0.8184 0.6166 7
  2.413 28 + 1
    0.5026 1 8
  2.6417 32 + 1
    0.2287 1 11
  2.7414 30 - 1
    0.6274 1 9
  2.7576 30 + 1
    0.8472 1 8
  3.0179 32 - 4
    0.2603 0.01378 14
    0.2765 0.725222 13
    0.3762 0.021991 12
    0.613 0.239007 10
  3.3736 36 - 2
    0.3557 0.98632 15
    0.7319 0.01368 12
  3.6845 38 - 1
    0.3109 1 16
  3.8982 40 - 2
    0.2137 0.5453 17
    0.5246 0.4547 16
  3.9332 38 + 1
    0.5596 1 16
  4.324 40 + 2
    0.3908 0.6287 19
    0.6395 0.3713 17
  4.8182 42 + 2
    0.494201 0.5473 20
    0.920001 0.4527 18
  4.8946 44 + 1
    0.076399 1 21
  4.9727 42 - 2
    1.0745 0.2312 18
    1.2882 0.7688 17
  5.2389 44 - 2
    0.266199 0.5336 23
    1.3407 0.4664 18
  5.4488 44 + 2
    0.5542 0.4751 22
    0.630599 0.5249 21
  5.6675 44 - 1
    0.849299 1 21
  5.7258 46 + 4
    0.277 0.2416 25
    0.4869 0.2337 24
    0.8312 0.2534 22
    0.907599 0.2713 21
  5.8425 46 - 2
    0.1167 0.271 27
    0.9479 0.729 22
  5.9757 48 + 1
    1.0811 1 22
  6.0109 48 + 3
    0.1684 0.1047 28
    0.2851 0.6426 27
    1.1163 0.2527 22
  6.0441 50 + 1
    0.3183 1 27
  6.3825 52 + 1
    0.3384 1 31
  6.509 54 + 1
    0.4649 1 31
  6.5714 54 + 2
    0.1889 0.7077 32
    0.5273 0.2923 31
  7.0679 56 - 1
    0.4965 1 34
  8.1682 60 - 1
    1.1003 1 35
  8.2661 58 + 1
    1.1982 1 35
  8.335 58 - 1
    1.2671 1 35
  8.4969 60 - 1
    0.230801 1 37
  8.5149 60 - 1
    0.179901 1 38
  8.5199 6 - 1
    1.452 1 35
  8.5405 6 + 1
    1.4726 1 35
  8.8082 62 - 1
    0.640001 1 36
  8.9012 64 + 1
    0.733 1 36
  8.9576 64 - 2
    0.149399 0.2038 43
    0.7894 0.7962 36
  9.0134 62 + 2
    0.678401 0.5 38
    0.845201 0.5 36
  9.1882 4 - 1
    1.02 1 36
  9.3272 66 + 1
    0.426001 1 44
  9.4035 8 - 1
    0.5953 1 43
  9.5566 64 - 1
    1.0417 1 40
  9.9143 66 - 1
    0.9567 1 45
  9.9214 66 + 1
    0.963801 1 45
  10.0069 6 + 1
    1.51 1 39
  10.0466 66 + 1
    1.0332 1 46
  10.1702 4 - 1
    0.842999 1 48
  10.3216 8 + 1
    1.364 1 45
  10.9062 70 - 1
    0.9919 1 51
  11.0724 6 + 1
    1.151 1 52
  11.16 68 - 2
    1.1134 0.6897 54
    1.6034 0.3103 50
  11.5677 72 - 1
    0.407699 1 59
  12.5965 76 - 1
    1.0288 1 60
  13.3785 78 + 1
    0.782001 1 61

65 151 151
  0 1 + 0
  0.022922 3 + 1
    0.022922 1 0
  0.07239 5 + 2
    0.049468 0.98722 1
    0.07239 0.01278 0
  0.09953 11 - 1
    0.02714 1 2
  0.24879 5 + 2
    0.1764 0.98112 2
    0.225868 0.01888 1
  0.27642 9 - 1
    0.20403 1 2
  0.48563 7 - 2
    0.3861 0.979861 3
    0.41324 0.020139 2
  0.54885 5 + 3
    0.27243 0.05715 5
    0.30006 0.02845 4
    0.47646 0.9144 2
  0.58398 5 + 3
    0.30756 0.2194 5
    0.561058 0.3441 1
    0.58398 0.4365 0
  0.646 9 - 2
    0.16037 0.040229 6
    0.54647 0.959771 3
  0.6867 5 - 2
    0.61431 0.379 2
    0.663778 0.621 1
  0.70382 15 - 1
    0.60429 1 3
  0.71193 5 + 5
    0.16308 0.035642 7
    0.46314 0.309819 4
    0.63954 0.17381 2
    0.689008 0.321119 1
    0.71193 0.15961 0
  0.84111 7 + 3
    0.29226 0.249 7
    0.76872 0.5372 2
    0.818188 0.2138 1
  0.8568 5 + 4
    0.37117 0.234414 6
    0.58038 0.065794 5
    0.78441 0.031452 2
    0.833878 0.66834 1
  0.88657 5 + 2
    0.33772 0.3391 7
    0.81418 0.6609 2
  0.902665 13 - 2
    0.198845 0.088591 11
    0.803135 0.911409 3
  0.91778 5 - 5
    0.23108 0.087514 10
    0.3338 0.026591 8
    0.43215 0.580829 6
    0.64136 0.026451 5
    0.84539 0.278614 2
  0.94905 3 - 4
    0.30305 0.3462 9
    0.4002 0.0753 7
    0.70026 0.4591 4
    0.926128 0.1194 1
  1.08261 7 - 4
    0.43661 0.138292 9
    0.53376 0.050257 7
    0.59698 0.278383 6
    1.01022 0.533068 2
  1.09661 15 + 2
    0.193945 0.3747 16
    0.39279 0.6253 11
  1.11938 3 - 3
    0.57053 0.3322 7
    0.87059 0.4174 4
    1.01985 0.2504 3
  1.20209 1 + 4
    0.34529 0.06839 14
    0.55609 0.08831 9
    0.65324 0.1793 7
    1.1297 0.664 2
  1.2412 9 - 3
    0.75557 0.476886 6
    0.99241 0.051028 4
    1.14167 0.472086 3
  1.3194 7 + 1
    1.07061 1 4
  1.37677 19 - 1
    0.672945 1 11
  1.43385 7 - 5
    0.51607 0.043057 17
    0.78785 0.309681 9
    0.84987 0.323681 8
    1.18506 0.16499 4
    1.33432 0.15859 3
  1.58227 3 + 1
    0.93627 1 9
  1.61095 5 - 5
    0.52834 0.068463 19
    1.0621 0.277614 7
    1.36216 0.066933 4
    1.53856 0.544027 2
    1.61095 0.042962 0
  1.62964 11 + 6
    0.68059 0.165395 18
    0.71186 0.204894 17
    0.98364 0.353389 9
    1.14401 0.070668 6
    1.38085 0.063958 4
    1.53011 0.141696 3
  1.66318 9 + 2
    0.7454 0.3132 17
    1.11433 0.6868 7
  1.69341 19 + 1
    0.5968 1 20
  1.72447 5 - 5
    0.8379 0.021549 15
    1.17562 0.107195 7
    1.47568 0.228889 4
    1.65208 0.153492 2
    1.70155 0.488876 1
  1.74178 5 - 7
    0.79273 0.106797 18
    0.88498 0.135896 14
    1.02985 0.077858 12
    1.09578 0.367689 9
    1.25615 0.228093 6
    1.49299 0.057988 4
    1.71886 0.025679 1
  1.77377 3 + 6
    0.85599 0.252192 17
    0.91697 0.168095 14
    0.93266 0.055068 13
    1.18979 0.081158 8
    1.28814 0.153595 6
    1.52498 0.289891 4
  1.84162 1 - 7
    0.89257 0.095883 18
    1.00051 0.020241 13
    1.12969 0.312509 12
    1.19562 0.128904 9
    1.35599 0.044741 6
    1.59283 0.355111 4
    1.76923 0.042611 2
  2.0022 23 - 1
    0.625435 1 25
  2.04569 21 + 2
    0.35228 0.23 31
    0.668925 0.77 25
  2.1203 23 - 1
    0.743535 1 25
  2.18061 25 - 1
    0.17841 1 36
  2.21989 23 + 1
    0.52648 1 31
  2.37535 27 - 1
    0.19474 1 39
  2.46868 25 + 5
    0.24879 0.768308 40
    0.28807 0.061771 39
    0.34838 0.053861 38
    0.42299 0.089621 37
    0.46648 0.02644 36
  2.78259 27 + 2
    0.31391 0.075082 42
    0.5627 0.924919 40
  2.84735 29 + 3
    0.06476 0.5764 43
    0.37867 0.274 42
    0.472 0.1496 41
  3.1082 7 - 1
    0.32561 1 43
  3.11576 31 + 1
    0.26841 1 44
  3.12869 31 - 1
    0.75334 1 41
  3.1591 29 - 1
    0.97849 1 39
  3.196 31 + 1
    0.34865 1 44
  3.27407 33 + 2
    0.14538 0.009156 47
    0.15831 0.990844 46
  3.2877 3 - 1
    0.44035 1 44
  3.80841 35 - 1
    0.67972 1 47
  3.90068 35 + 1
    0.78492 1 46
  4.14804 37 + 3
    0.24736 0.155708 53
    0.33963 0.015051 52
    0.87397 0.829241 50
  4.56482 39 + 1
    0.66414 1 53
  4.7654 39 - 1
    0.95699 1 52
  4.77396 41 + 2
    0.20914 0.3371 55
    0.62592 0.6629 54
  4.8402 39 - 1
    1.03179 1 52
  5.0342 41 - 1
    0.886161 1 54
  5.16248 45 + 1
    0.38852 1 57
  5.3637 7 - 1
    0.5983 1 56
  5.4672 43 - 1
    0.627 1 58
  5.4748 43 - 3
    0.440599 0.124987 59
    0.6346 0.121288 58
    0.70084 0.753725 57
  5.6564 3 + 1
    0.891 1 56
  5.8188 45 - 2
    0.344 0.7526 63
    0.3516 0.2474 62
  5.9247 45 - 2
    0.4575 0.8884 62
    0.561 0.1116 61
  5.9851 47 - 3
    0.1663 0.1243 65
    0.5103 0.1349 63
    0.82262 0.7408 60
  6.1653 49 - 2
    0.2406 0.7555 66
    0.3465 0.2445 65
  6.17 49 - 2
    0.2453 0.5183 66
    0.3512 0.4817 65
  6.4851 49 + 1
    1.32262 1 60
  6.594 51 - 2
    0.424 0.074154 69
    0.4287 0.925846 68
  6.6736 49 - 1
    0.8548 1 65
  6.8799 51 - 2
    0.2063 0.048962 72
    0.8948 0.951038 67
  7.2481 53 - 2
    0.3682 0.8136 73
    0.6541 0.1864 71
  7.2646 53 + 2
    0.6706 0.0089 71
    0.7795 0.9911 70
  7.2958 53 - 2
    0.4159 0.5081 73
    0.7018 0.4919 71
  7.3043 53 + 2
    0.7103 0.036539 71
    0.8192 0.963461 70
  7.6188 55 + 1
    0.323 1 76
  7.6763 55 - 1
    0.4282 1 74
  7.7646 57 - 1
    0.1458 1 78
  7.8824 57 - 3
    0.117801 0.055962 80
    0.206101 0.711228 79
    0.634301 0.232809 74
  7.9016 57 + 4
    0.2828 0.009073 78
    0.5973 0.298584 77
    0.637 0.677664 75
    0.6535 0.014679 74
  8.2831 61 + 2
    0.3815 0.964781 82
    0.400699 0.035219 81
  8.3358 59 - 1
    0.6595 1 79
  8.8025 61 - 2
    0.466701 0.7862 84
    0.9201 0.2138 81
  9.035 63 + 1
    0.751901 1 83
  9.1235 63 - 2
    0.321 0.6722 85
    0.840401 0.3278 83
  9.3796 65 + 2
    0.2561 0.02589 87
    1.0965 0.97411 83
  9.4063 65 + 1
    1.1232 1 83
  9.4455 63 + 1
    1.1624 1 83
  9.4902 65 + 3
    0.3667 0.1888 87
    0.4552 0.2436 86
    1.2071 0.5676 83
  9.5303 63 - 1
    1.2472 1 83
  9.7088 67 + 1
    0.302499 1 89
  9.7337 65 + 2
    0.288201 0.4379 90
    1.4506 0.5621 83
  9.7505 67 - 3
    0.220201 0.01939 92
    0.2603 0.098392 91
    0.3709 0.882218 88
  10.0323 67 + 2
    0.298599 0.4503 94
    0.652699 0.5497 88
  10.2968 71 + 1
    0.588001 1 93
  10.3505 69 + 2
    0.3182 0.5209 96
    0.970899 0.4791 88
  10.6204 7 + 1
    1.2408 1 88
  10.7724 71 + 1
    1.0636 1 93
  10.792 71 - 2
    0.441501 0.03301 98
    1.0415 0.96699 95
  10.9977 69 - 1
    1.2472 1 95
  11.2005 71 + 1
    1.45 1 95
  11.2019 3 + 1
    0.8514 1 98
  11.2748 71 - 3
    0.277099 0.4956 102
    0.9243 0.3772 98
    1.5243 0.1272 95
  11.3216 7 + 1
    1.942 1 88
  11.4256 9 + 1
    1.6751 1 95
  11.5094 73 + 1
    1.15895 1 98
  11.593 73 - 2
    0.3182 0.2451 105
    0.800999 0.7549 101
  11.7264 75 - 2
    0.133401 0.02298 109
    0.9344 0.97702 101
  11.7566 7 + 1
    0.24715 1 108
  11.7607 3 + 1
    0.9883 1 100
  11.83 73 - 1
    1.038 1 101
  11.9568 75 - 1
    1.1648 1 101
  12.704 75 - 1
    1.912 1 101
  12.72 79 - 2
    0.7632 0.1739 114
    0.993599 0.8261 110
  12.7542 79 - 1
    1.0278 1 110
  12.962 65 + 2
    3.8385 0.5 87
    4.6789 0.5 83
  13.0195 79 - 1
    1.2931 1 110
  13.2493 9 + 1
    1.4193 1 113
  13.4608 81 + 2
    0.706599 0.375 117
    0.7408 0.625 116
  13.5227 7 + 1
    0.818701 1 115
  13.5246 5 + 1
    1.7982 1 110
  13.7306 69 + 3
    0.768599 0.961719 118
    2.305 0.01595 107
    2.409 0.02233 106
  13.7913 83 - 2
    0.7718 0.1231 119
    1.0713 0.8769 116
  13.8504 79 - 1
    1.1464 1 115
  14.539 3 + 1
    0.7477 1 125
  14.5414 73 + 3
    0.810801 0.974549 124
    2.815 0.011131 110
    3.7494 0.014321 101
  14.9004 5 - 1
    1.05 1 126
  15.3169 7 + 1
    1.4665 1 126
  15.3434 3 - 1
    1.493 1 126
  15.3953 77 + 1
    0.8539 1 128
  15.6413 87 - 1
    1.85 1 125
  16.293 81 + 1
    0.8977 1 132
  16.5891 91 - 1
    0.9478 1 133
  17.2356 85 + 1
    0.942599 1 134
  18.2238 89 + 1
    0.988203 1 136
  19.2585 93 + 1
    1.0347 1 137
  20.3403 97 + 1
    1.0818 1 138
  21.4701 101 + 1
    1.1298 1 139
  22.6486 105 + 1
    1.1785 1 140
  23.8765 109 + 1
    1.2279 1 141
  25.1545 113 + 1
    1.278 1 142
  26.4829 117 + 1
    1.3284 1 143
  27.8624 121 + 1
    1.3795 1 144
  29.2936 125 + 1
    1.4312 1 145
  30.7769 129 + 1
    1.4833 1 146
  32.3124 133 + 1
    1.5355 1 147
  33.9015 137 + 1
    1.5891 1 148
  35.5441 141 + 1
    1.6426 1 149

65 152 72
  0 4 - 0
  0.23539 6 - 1
    0.23539 1 0
  0.25693 2 + 1
    0.25693 1 0
  0.27719 6 - 1
    0.27719 1 0
  0.28329 8 - 2
    0.0479 0.068619 1
    0.28329 0.931381 0
  0.34215 10 - 3
    0.05886 0.956644 4
    0.06496 0.033762 3
    0.10676 0.009594 1
  0.50174 16 + 1
    0.15959 1 5
  0.6003 18 + 1
    0.09856 1 6
  0.8061 20 + 2
    0.2058 0.903727 7
    0.30436 0.096273 6
  1.2124 18 - 2
    0.6121 0.2909 7
    0.71066 0.7091 6
  1.2301 22 + 1
    0.6298 1 7
  1.2377 22 - 1
    0.4316 1 8
  1.3492 24 + 1
    0.5431 1 8
  1.3702 24 - 1
    0.1325 1 11
  1.7121 26 - 1
    0.4744 1 11
  1.8877 28 + 1
    0.5385 1 12
  1.90405 26 + 1
    0.67395 1 10
  1.9203 28 - 2
    0.2082 0.4778 14
    0.5501 0.5222 13
  2.2693 30 - 1
    0.5572 1 14
  2.4994 32 - 2
    0.2301 0.4114 18
    0.5791 0.5886 17
  2.6606 32 - 2
    0.3913 0.5519 18
    0.7403 0.4481 17
  2.6886 32 + 1
    0.8009 1 15
  2.852 34 - 1
    0.1914 1 20
  2.8894 34 - 1
    0.6201 1 18
  3.1267 36 - 2
    0.2373 0.3385 23
    0.6273 0.6615 19
  3.2183 36 + 1
    0.3289 1 23
  3.2505 38 - 3
    0.0322 0.333333 25
    0.1238 0.333333 24
    0.3985 0.333333 22
  3.5962 38 - 1
    0.7068 1 23
  3.72 40 - 2
    0.4695 0.5 26
    0.5933 0.5 24
  3.8453 40 - 1
    0.7186 1 24
  4.002 42 + 1
    0.282 1 28
  4.234 42 - 1
    0.9835 1 26
  4.3502 42 - 1
    0.754 1 27
  4.354 44 + 1
    0.352 1 30
  4.361 42 - 1
    0.7648 1 27
  4.454 48 + 1
    0.452 1 30
  4.502 44 - 1
    0.782 1 28
  4.694 46 + 1
    0.24 1 35
  5.103 46 - 2
    0.742 0.5 34
    0.869 0.5 31
  5.182 46 - 1
    0.821 1 34
  5.249 48 + 2
    0.555 0.5 37
    0.895 0.5 33
  5.257 48 - 2
    0.755 0.5 36
    0.803 0.5 35
  5.966 50 - 2
    0.784 0.5 39
    0.863 0.5 38
  5.969 52 - 1
    0.712 1 41
  5.985 52 + 2
    0.736 0.5 40
    1.531 0.5 35
  6.011 50 - 2
    0.829 0.5 39
    0.908 0.5 38
  6.093 52 + 1
    0.844 1 40
  6.371 54 - 2
    0.36 0.5 45
    0.405 0.5 42
  6.696 56 + 2
    0.603 0.5 46
    0.711 0.5 44
  6.873 56 + 2
    0.502 0.5 47
    0.904 0.5 43
  6.916 58 - 1
    0.22 1 48
  7.284 58 - 1
    0.913 1 47
  7.617 60 + 2
    0.333001 0.5 51
    0.744001 0.5 49
  7.728 62 - 2
    0.444 0.5 51
    0.812 0.5 50
  8.29 62 + 1
    1.006 1 51
  8.371 64 + 1
    0.753999 1 52
  8.502 62 + 1
    1.218 1 51
  8.565 66 - 1
    0.837001 1 53
  8.961 66 + 1
    0.671 1 54
  9.147 68 + 1
    0.776 1 55
  9.389 70 - 1
    0.824 1 57
  9.792 72 + 1
    0.645001 1 59
  9.804 70 + 1
    0.843001 1 58
  9.923 74 - 1
    0.533999 1 60
  10.283 72 + 1
    1.136 1 59
  10.614 76 + 3
    0.330999 0.333333 64
    0.691 0.333333 63
    0.821999 0.333333 61
  10.996 78 - 1
    1.073 1 63
  11.654 80 + 1
    1.04 1 65
  12.054 82 - 1
    1.058 1 66
  12.761 84 + 1
    1.107 1 67
  13.278 86 - 1
    1.224 1 68
  13.929 88 + 1
    1.168 1 69

65 153 141
  0 5 + 0
  0.08072 7 + 1
    0.08072 1 0
  0.14757 3 + 1
    0.14757 1 0
  0.163175 11 - 1
    0.082455 1 1
  0.213742 7 - 2
    0.133022 0.035939 1
    0.213742 0.964061 0
  0.218628 5 + 2
    0.071058 0.1112 2
    0.218628 0.8888 0
  0.23 9 - 1
    0.14928 1 1
  0.240529 5 + 3
    0.092959 0.866909 2
    0.159809 0.03449 1
    0.240529 0.098601 0
  0.254201 7 + 2
    0.173481 0.045371 1
    0.254201 0.954629 0
  0.262831 9 - 1
    0.099656 1 3
  0.27473 5 - 4
    0.060988 0.108396 4
    0.12716 0.083887 2
    0.19401 0.096646 1
    0.27473 0.711071 0
  0.324968 9 + 4
    0.062137 0.020071 9
    0.070767 0.096794 8
    0.244248 0.75563 1
    0.324968 0.127505 0
  0.371542 5 + 5
    0.096812 0.04747 10
    0.131013 0.04125 7
    0.1578 0.04987 4
    0.290822 0.363304 1
    0.371542 0.498105 0
  0.389551 7 + 5
    0.13535 0.01607 8
    0.149022 0.454709 7
    0.241981 0.064601 2
    0.308831 0.038811 1
    0.389551 0.425809 0
  0.444695 9 + 3
    0.190494 0.625025 8
    0.363975 0.020561 1
    0.444695 0.354414 0
  0.51029 7 + 7
    0.138748 0.032553 12
    0.185322 0.006521 11
    0.23556 0.078056 10
    0.247459 0.24812 9
    0.256089 0.150812 8
    0.296548 0.366729 4
    0.42957 0.117209 1
  0.5113 15 - 1
    0.348125 1 3
  0.529383 11 + 4
    0.204415 0.286386 11
    0.275182 0.014039 8
    0.315641 0.069707 4
    0.448663 0.629869 1
  0.5354 13 - 2
    0.272569 0.32 9
    0.372225 0.68 3
  0.537375 5 - 6
    0.262645 0.148399 10
    0.274544 0.356696 9
    0.283174 0.02452 8
    0.323633 0.210898 4
    0.456655 0.03879 1
    0.537375 0.220698 0
  0.54315 5 + 4
    0.288949 0.286771 8
    0.302621 0.212979 7
    0.39558 0.124788 2
    0.54315 0.375462 0
  0.571949 9 + 5
    0.182398 0.4125 13
    0.317748 0.1082 8
    0.408774 0.1253 3
    0.491229 0.0874 1
    0.571949 0.2666 0
  0.597286 9 - 4
    0.272318 0.1155 11
    0.334455 0.1888 9
    0.383544 0.1245 4
    0.434111 0.5712 3
  0.624 3 - 2
    0.410258 0.5 4
    0.624 0.5 0
  0.63042 11 + 4
    0.185725 0.247507 14
    0.305452 0.138304 11
    0.367589 0.035671 9
    0.376219 0.578517 8
  0.65172 1 - 3
    0.397519 0.3085 8
    0.437978 0.2543 4
    0.65172 0.4372 0
  0.660171 5 + 2
    0.40597 0.5947 8
    0.441543 0.4053 5
  0.694905 3 - 3
    0.25021 0.257297 14
    0.369937 0.083109 11
    0.614185 0.659593 1
  0.71 1 - 2
    0.43527 0.5 10
    0.56243 0.5 2
  0.722417 3 - 5
    0.125131 0.242376 22
    0.332866 0.212879 13
    0.350875 0.234977 12
    0.508675 0.19668 4
    0.641697 0.113089 1
  0.724263 3 - 2
    0.510521 0.5 4
    0.724263 0.5 0
  0.725526 9 - 7
    0.12824 0.118593 22
    0.400558 0.031058 11
    0.450796 0.043497 10
    0.462695 0.124393 9
    0.471325 0.241086 8
    0.511784 0.325281 4
    0.562351 0.116093 3
  0.726557 1 + 6
    0.189182 0.030037 19
    0.337006 0.093871 13
    0.451827 0.270373 10
    0.486028 0.384162 7
    0.507929 0.060074 5
    0.726557 0.161484 0
  0.740555 7 + 7
    0.143269 0.035319 22
    0.29586 0.115995 14
    0.415587 0.338187 11
    0.500026 0.086977 7
    0.521927 0.015389 5
    0.659835 0.324687 1
    0.740555 0.083447 0
  0.7553 13 + 3
    0.225917 0.325293 17
    0.310605 0.044919 14
    0.430332 0.629787 11
  0.767 3 - 2
    0.553258 0.5 4
    0.767 0.5 0
  0.77307 1 - 2
    0.518869 0.6173 8
    0.532541 0.3827 7
  0.78996 7 - 3
    0.527129 0.560511 9
    0.535759 0.344207 8
    0.70924 0.095282 1
  0.791 11 + 1
    0.219051 1 21
  0.80018 5 + 2
    0.52545 0.2405 10
    0.581552 0.7595 5
  0.807464 9 - 8
    0.270089 0.060634 19
    0.417913 0.019881 13
    0.482496 0.077215 11
    0.544633 0.209413 9
    0.553263 0.064174 8
    0.593722 0.435026 4
    0.644289 0.091095 3
    0.726744 0.042563 1
  0.8484 13 + 2
    0.21798 0.5089 24
    0.403705 0.4911 14
  0.877 3 - 1
    0.614169 1 9
  0.883 7 - 2
    0.719825 0.5 3
    0.883 0.5 0
  0.95717 17 + 4
    0.32675 0.075078 24
    0.419795 0.825884 19
    0.585628 0.032749 12
    0.95717 0.066289 0
  0.95994 7 - 8
    0.299769 0.029401 26
    0.387991 0.038891 21
    0.697109 0.066681 9
    0.705739 0.184004 8
    0.719411 0.064391 7
    0.746198 0.097372 4
    0.87922 0.059751 1
    0.95994 0.459509 0
  0.9669 17 - 2
    0.4315 0.5956 18
    0.4556 0.4044 16
  0.968 15 + 3
    0.2127 0.2917 34
    0.33758 0.1747 24
    0.438617 0.5336 17
  0.979 19 - 1
    0.4677 1 16
  1.0103 3 + 3
    0.413014 0.30483 22
    0.4749 0.371737 18
    0.499 0.323432 16
  1.064 1 + 2
    0.845372 0.5 5
    1.064 0.5 0
  1.067 15 + 2
    0.2186 0.5097 41
    0.43658 0.4903 24
  1.08285 7 - 7
    0.29289 0.048968 37
    0.342295 0.059227 33
    0.711308 0.083346 12
    0.757882 0.166692 11
    0.828649 0.20049 8
    0.919675 0.132893 3
    1.00213 0.308385 1
  1.10467 5 - 5
    0.378113 0.032849 32
    0.379144 0.042729 31
    0.47425 0.038839 24
    0.864141 0.108798 7
    1.02395 0.776784 1
  1.13065 3 + 4
    0.34069 0.034169 37
    0.404093 0.01349 32
    0.98308 0.053059 2
    1.04993 0.899282 1
  1.15155 7 - 6
    0.410995 0.102796 33
    0.426024 0.101996 31
    0.614175 0.417783 19
    0.622167 0.043828 17
    0.780008 0.23849 12
    0.937808 0.095106 4
  1.17 1 + 2
    0.951372 0.5 5
    1.17 0.5 0
  1.187 11 - 2
    0.973258 0.5 4
    1.02382 0.5 3
  1.1994 17 + 3
    0.2314 0.291206 47
    0.351 0.047181 41
    0.4441 0.661613 34
  1.219 5 - 2
    1.07143 0.5 2
    1.13828 0.5 1
  1.22647 3 + 4
    0.654521 0.076469 21
    0.95174 0.247098 10
    1.01273 0.588194 4
    1.14575 0.088239 1
  1.24038 7 + 10
    0.514854 0.1406 31
    0.643094 0.07184 22
    0.795685 0.07213 14
    0.915412 0.04914 11
    0.96565 0.08966 10
    0.986179 0.07855 8
    0.999851 0.1129 7
    1.02664 0.163 4
    1.15966 0.1585 1
    1.24038 0.06368 0
  1.283 1 + 2
    1.06437 0.5 5
    1.283 0.5 0
  1.305 5 - 2
    1.15743 0.5 2
    1.22428 0.5 1
  1.34145 11 - 6
    0.38428 0.31691 44
    0.619033 0.089233 29
    0.681279 0.190806 26
    1.01648 0.101503 11
    1.07862 0.073842 9
    1.08725 0.227707 8
  1.35342 9 - 2
    1.12342 0.5 6
    1.2727 0.5 1
  1.36484 9 - 11
    0.12446 0.04115 61
    0.557376 0.0343 40
    0.638283 0.06606 32
    0.639314 0.1191 31
    0.792891 0.08088 21
    0.827465 0.1499 19
    1.03987 0.2449 11
    1.1511 0.07611 4
    1.20166 0.09817 3
    1.21727 0.02235 2
    1.28412 0.06708 1
  1.391 3 + 2
    1.24343 0.5 2
    1.31028 0.5 1
  1.4226 19 + 2
    0.2232 0.2534 58
    0.4546 0.7466 47
  1.42932 9 - 9
    0.34647 0.012589 52
    0.688765 0.025057 33
    0.7776 0.027557 25
    0.857371 0.09709 21
    0.899937 0.169683 17
    1.10435 0.510749 11
    1.16649 0.10089 9
    1.21069 0.022098 5
    1.21558 0.034287 4
  1.4745 19 - 1
    0.9632 1 16
  1.495 21 - 2
    0.516 0.3895 48
    0.5281 0.6105 46
  1.5329 23 - 1
    0.5539 1 48
  1.603 5 + 2
    1.38926 0.5 4
    1.603 0.5 0
  1.6274 3 + 1
    0.6605 1 46
  1.6816 21 + 2
    0.259 0.1702 68
    0.4822 0.8298 58
  1.745 5 + 2
    1.53126 0.5 4
    1.745 0.5 0
  1.76203 7 - 9
    0.80209 0.118007 45
    0.80486 0.193412 44
    0.954566 0.058033 40
    1.06712 0.048363 27
    1.11031 0.143109 25
    1.13161 0.098656 24
    1.22465 0.108307 19
    1.50783 0.17021 8
    1.61446 0.061904 2
  1.77935 7 - 11
    0.6278 0.045372 55
    0.97917 0.217007 39
    1.00628 0.080453 36
    1.2362 0.038021 20
    1.26906 0.084983 15
    1.3898 0.223608 13
    1.45438 0.140905 11
    1.52515 0.044722 8
    1.56561 0.022351 4
    1.63178 0.093863 2
    1.77935 0.008716 0
  1.79138 5 + 11
    0.36206 0.020373 69
    0.83144 0.048877 45
    1.06896 0.055767 29
    1.16096 0.087292 24
    1.254 0.157821 19
    1.28109 0.087292 15
    1.51665 0.009457 10
    1.52855 0.089722 9
    1.53718 0.176724 8
    1.57275 0.024243 5
    1.57764 0.242432 4
  1.82256 3 + 12
    0.48111 0.234184 64
    0.58218 0.036098 61
    1.03156 0.029988 38
    1.08201 0.038867 33
    1.19214 0.041647 24
    1.22527 0.133291 22
    1.29318 0.052756 17
    1.43301 0.086074 13
    1.49759 0.038867 11
    1.55973 0.008607 9
    1.60882 0.277681 4
    1.67499 0.021939 2
  1.82469 9 - 9
    1.03473 0.148393 37
    1.09916 0.128494 31
    1.10227 0.168792 29
    1.29531 0.078606 17
    1.49972 0.027369 11
    1.56186 0.046548 9
    1.57049 0.290985 8
    1.60606 0.101795 5
    1.67712 0.00902 2
  1.83572 7 - 10
    0.75287 0.265803 52
    1.06265 0.086821 36
    1.14081 0.173602 27
    1.32543 0.060561 15
    1.44617 0.160602 13
    1.51075 0.078971 11
    1.61709 0.060511 5
    1.67254 0.052621 3
    1.68815 0.02631 2
    1.83572 0.0342 0
  1.85809 7 - 8
    0.61771 0.073689 61
    1.13256 0.191298 31
    1.20637 0.113199 25
    1.28614 0.196698 21
    1.3478 0.198698 15
    1.48655 0.04172 12
    1.53312 0.0437 11
    1.59526 0.140999 9
  1.91251 9 - 19
    0.57106 0.049805 64
    0.78186 0.035043 54
    1.12255 0.058696 37
    1.18595 0.011741 32
    1.18698 0.016062 31
    1.25234 0.029723 26
    1.31522 0.178317 22
    1.34056 0.018332 21
    1.37513 0.176317 19
    1.38313 0.073337 17
    1.40222 0.137013 15
    1.46781 0.031143 14
    1.52296 0.016552 13
    1.63778 0.008894 10
    1.64968 0.056386 9
    1.65831 0.044474 8
    1.69877 0.019922 4
    1.74933 0.032373 3
    1.83179 0.00587 1
  1.9238 23 + 2
    0.2422 0.2472 75
    0.5012 0.7528 68
  1.94026 7 - 9
    0.78871 0.190589 55
    1.14008 0.134292 39
    1.19971 0.187189 33
    1.24535 0.035898 27
    1.28009 0.137992 26
    1.41088 0.129092 17
    1.49557 0.060486 14
    1.77709 0.100094 3
    1.85954 0.024369 1
  2.01135 11 + 10
    0.64651 0.125813 66
    0.90668 0.187319 53
    0.9285 0.079668 52
    1.2708 0.215322 33
    1.28582 0.142114 31
    1.6218 0.047375 13
    1.63981 0.051675 12
    1.79272 0.023682 5
    1.79761 0.114111 4
    2.01135 0.012921 0
  2.0197 21 + 1
    0.5452 1 70
  2.02378 5 + 9
    0.18806 0.040819 82
    0.65894 0.228195 66
    1.23382 0.057049 37
    1.29825 0.166597 31
    1.30136 0.104998 29
    1.42649 0.077588 22
    1.45183 0.207696 21
    1.63423 0.100398 13
    1.76958 0.01666 8
  2.0867 23 + 1
    0.5917 1 71
  2.0952 25 - 2
    0.5623 0.2981 72
    0.6002 0.7019 71
  2.10804 19 + 1
    1.12904 1 48
  2.12007 3 - 4
    0.09629 0.06124 89
    1.16013 0.0967 45
    1.37952 0.8058 33
    1.85724 0.03626 9
  2.13829 5 + 5
    0.315725 0.07652 80
    1.33082 0.147981 40
    1.56634 0.137782 21
    1.60091 0.510134 19
    1.81332 0.127583 11
  2.1556 27 - 1
    0.6227 1 72
  2.2112 25 + 2
    0.2874 0.2165 85
    0.5296 0.7835 75
  2.4674 27 + 2
    0.2562 0.1386 96
    0.5436 0.8614 85
  2.534 27 + 1
    0.6102 1 85
  2.6115 27 + 3
    0.5163 0.333333 91
    0.5248 0.333333 90
    0.6877 0.333333 85
  2.6142 23 + 1
    0.5275 1 90
  2.7055 25 + 2
    0.6858 0.5 88
    1.1726 0.5 72
  2.7402 29 - 2
    0.5846 0.5 95
    0.645 0.5 91
  2.7869 29 + 2
    0.3195 0.5 97
    0.5757 0.5 96
  2.827 31 - 1
    0.6714 1 95
  2.83 27 + 2
    0.1245 0.5 101
    0.2158 0.5 100
  2.9519 31 + 4
    0.2117 0.25 102
    0.3404 0.25 99
    0.4179 0.25 98
    0.4845 0.25 97
  2.9898 29 + 2
    0.1598 0.5 105
    0.2843 0.5 101
  3.0233 31 + 2
    0.2364 0.5 103
    0.5559 0.5 97
  3.186 31 + 2
    0.1962 0.5 107
    0.356 0.5 105
  3.3203 33 - 2
    0.4933 0.5 104
    0.5801 0.5 102
  3.3923 33 + 1
    0.6054 1 103
  3.4136 33 + 2
    0.2276 0.5 109
    0.4238 0.5 107
  3.472 35 + 1
    0.5201 1 106
  3.4936 35 - 1
    0.6666 1 104
  3.6081 35 + 1
    0.5848 1 108
  3.672 35 + 2
    0.2584 0.5 112
    0.486 0.5 109
  3.8066 37 - 2
    0.313 0.5 114
    0.4863 0.5 110
  3.9573 37 + 1
    0.5437 1 112
  3.9951 37 + 1
    0.6028 1 111
  4.0833 39 - 2
    0.2767 0.5 117
    0.5897 0.5 114
  4.1107 39 + 1
    0.638701 1 113
  4.21 39 + 1
    0.6019 1 115
  4.2682 39 + 1
    0.5962 1 116
  4.3721 41 - 2
    0.2888 0.5 120
    0.5655 0.5 117
  4.601 41 + 1
    0.6437 1 118
  4.622 41 + 1
    0.6269 1 119
  4.6952 43 - 2
    0.3231 0.5 124
    0.6119 0.5 120
  4.837 43 + 1
    0.726299 1 121
  4.9559 43 + 1
    0.6877 1 123
  5.023 45 - 2
    0.3278 0.5 127
    0.6509 0.5 124
  5.33 45 + 1
    0.729 1 125
  5.3754 47 - 2
    0.3524 0.5 130
    0.6802 0.5 127
  5.633 47 + 1
    0.796 1 128
  5.722 47 + 1
    0.7661 1 129
  5.7567 49 - 2
    0.381301 0.5 132
    0.733701 0.5 130
  6.1278 51 - 2
    0.371099 0.5 135
    0.7524 0.5 132
  6.486 51 + 1
    0.853001 1 133
  6.5659 53 - 1
    0.809199 1 135
  6.947 55 - 1
    0.819201 1 136
  7.447 57 - 1
    0.881101 1 138

65 154 3
  0 0 - 0
  0.1 6 - 1
    0.1 1 0
  0.2 14 - 1
    0.2 1 0

65 155 163
  0 3 + 0
  0.065462 5 + 1
    0.065462 1 0
  0.155785 7 + 2
    0.090323 0.930781 1
    0.155785 0.069219 0
  0.226918 5 - 3
    0.071133 0.001063 2
    0.161456 0.017279 1
    0.226918 0.981658 0
  0.25003 7 - 2
    0.023112 0.2729 3
    0.184568 0.7271 1
  0.271045 5 + 4
    0.021015 0.033748 4
    0.11526 0.113194 2
    0.205583 0.212689 1
    0.271045 0.640368 0
  0.274075 9 + 2
    0.11829 0.886 2
    0.208613 0.114 1
  0.317048 9 - 3
    0.042973 0.2375 6
    0.067018 0.6129 4
    0.161263 0.1496 2
  0.334848 7 + 6
    0.063803 0.323294 5
    0.084818 0.065169 4
    0.10793 0.118998 3
    0.179063 0.051769 2
    0.269386 0.380192 1
    0.334848 0.060579 0
  0.39736 11 - 3
    0.080312 0.880682 7
    0.123285 0.043659 6
    0.14733 0.075658 4
  0.40867 11 + 2
    0.134595 0.7376 6
    0.252885 0.2624 2
  0.4524 9 + 3
    0.181355 0.2279 5
    0.20237 0.4628 4
    0.296615 0.3093 2
  0.466802 7 + 5
    0.131954 0.160402 8
    0.195757 0.107601 5
    0.216772 0.522405 4
    0.311017 0.132801 2
    0.466802 0.076791 0
  0.49864 5 + 3
    0.342855 0.019029 2
    0.433178 0.285791 1
    0.49864 0.695179 0
  0.508395 5 + 2
    0.35261 0.01241 2
    0.508395 0.98759 0
  0.517542 7 + 2
    0.45208 0.6834 1
    0.517542 0.3166 0
  0.54489 7 - 2
    0.29486 0.1867 4
    0.317972 0.8133 3
  0.549603 5 + 3
    0.322685 0.013359 3
    0.484141 0.522069 1
    0.549603 0.464572 0
  0.55518 13 - 3
    0.14651 0.0161 10
    0.15782 0.7561 9
    0.238132 0.2278 7
  0.57603 13 + 2
    0.16736 0.5179 10
    0.301955 0.4821 6
  0.5958 11 + 3
    0.260952 0.2674 8
    0.278752 0.3886 7
    0.321725 0.344 6
  0.616 3 - 2
    0.36597 0.5 4
    0.550538 0.5 1
  0.652033 5 + 6
    0.134491 0.048912 15
    0.153393 0.141107 13
    0.402003 0.071544 4
    0.425115 0.121306 3
    0.496248 0.290315 2
    0.586571 0.326816 1
  0.67303 15 - 2
    0.11785 0.5938 18
    0.27567 0.4062 9
  0.727 1 + 2
    0.455955 0.5 5
    0.661538 0.5 1
  0.74392 7 + 3
    0.588135 0.1363 2
    0.678458 0.5126 1
    0.74392 0.3511 0
  0.74752 15 + 2
    0.17149 0.396 19
    0.33885 0.604 10
  0.760627 3 + 2
    0.695165 0.7031 1
    0.760627 0.2969 0
  0.7668 13 + 3
    0.3144 0.4445 11
    0.35813 0.2787 10
    0.36944 0.2768 9
  0.809525 5 + 2
    0.264635 0.5464 16
    0.65374 0.4536 2
  0.834 11 - 2
    0.559925 0.5 6
    0.58397 0.5 4
  0.86187 3 - 3
    0.706085 0.1757 2
    0.796408 0.475 1
    0.86187 0.3493 0
  0.863 1 - 2
    0.636082 0.5 3
    0.863 0.5 0
  0.891138 3 - 5
    0.382743 0.040802 14
    0.641108 0.285211 4
    0.66422 0.51202 3
    0.825676 0.029361 1
    0.891138 0.132605 0
  0.90643 5 - 3
    0.356827 0.1918 17
    0.439628 0.6163 12
    0.632355 0.1919 6
  0.91687 17 - 2
    0.24384 0.5625 23
    0.36169 0.4375 18
  0.926 9 - 2
    0.699082 0.5 3
    0.770215 0.5 2
  0.95038 3 - 1
    0.723462 1 3
  0.95533 15 + 3
    0.35953 0.5763 20
    0.3793 0.1939 19
    0.40015 0.2298 18
  0.95895 17 + 2
    0.21143 0.347 26
    0.38292 0.653 19
  1.041 9 - 2
    0.814082 0.5 3
    0.885215 0.5 2
  1.05625 19 - 2
    0.13938 0.2854 35
    0.38322 0.7146 23
  1.06207 5 - 4
    0.81204 0.308031 4
    0.835152 0.193419 3
    0.996608 0.20492 1
    1.06207 0.293629 0
  1.06837 3 - 3
    0.841452 0.2757 3
    1.00291 0.1606 1
    1.06837 0.5637 0
  1.085 1 - 2
    0.858082 0.5 3
    1.085 0.5 0
  1.119 1 - 2
    0.892082 0.5 3
    1.119 0.5 0
  1.12 7 + 4
    0.802952 0.053624 7
    0.845925 0.151612 6
    0.848955 0.560045 5
    1.12 0.234719 0
  1.131 9 - 2
    0.904082 0.5 3
    0.975215 0.5 2
  1.15548 5 - 9
    0.394853 0.002632 27
    0.820632 0.002876 8
    0.838432 0.01198 7
    0.884435 0.005489 5
    0.90545 0.228796 4
    0.928562 0.066939 3
    0.999695 0.226296 2
    1.09002 0.261196 1
    1.15548 0.193797 0
  1.16159 19 + 2
    0.20264 0.2659 39
    0.41407 0.7341 26
  1.17007 17 + 3
    0.40327 0.6584 28
    0.42255 0.174 26
    0.49704 0.1676 23
  1.205 3 - 2
    0.95497 0.5 4
    1.13954 0.5 1
  1.229 7 - 2
    0.97897 0.5 4
    1.16354 0.5 1
  1.251 9 - 2
    1.02408 0.5 3
    1.09521 0.5 2
  1.25585 7 - 3
    0.446325 0.048267 29
    0.981775 0.462068 6
    1.10006 0.489666 2
  1.29496 5 - 6
    0.403822 0.244883 33
    0.745357 0.383673 17
    0.75007 0.095453 16
    0.977912 0.045307 7
    1.02392 0.029898 5
    1.29496 0.200786 0
  1.307 1 + 2
    1.03595 0.5 5
    1.24154 0.5 1
  1.354 3 + 2
    1.19822 0.5 2
    1.354 0.5 0
  1.37634 21 - 2
    0.32009 0.4138 41
    0.45947 0.5862 35
  1.39406 19 + 3
    0.43511 0.1041 39
    0.43873 0.6812 38
    0.47719 0.2147 35
  1.41159 21 + 2
    0.25 0.258 49
    0.45264 0.742 39
  1.452 11 - 4
    1.11715 0.571777 8
    1.20197 0.049738 4
    1.38654 0.148094 1
    1.452 0.230391 0
  1.47099 9 + 2
    0.40892 0.1227 42
    0.97235 0.8773 13
  1.48 3 - 2
    1.22997 0.5 4
    1.41454 0.5 1
  1.49264 5 - 6
    1.22159 0.036518 5
    1.24261 0.053677 4
    1.26572 0.009061 3
    1.33685 0.299081 2
    1.42718 0.253884 1
    1.49264 0.347778 0
  1.52823 23 - 2
    0.15189 0.1371 58
    0.47198 0.8629 41
  1.548 7 + 2
    1.39221 0.5 2
    1.548 0.5 0
  1.581 1 + 2
    1.30995 0.5 5
    1.51554 0.5 1
  1.616 9 + 2
    1.36597 0.5 4
    1.55054 0.5 1
  1.63885 5 - 9
    0.57048 0.044909 43
    0.878223 0.0091 27
    1.08925 0.649686 17
    1.09396 0.008471 16
    1.304 0.040139 8
    1.3678 0.185096 5
    1.38882 0.02342 4
    1.41193 0.01646 3
    1.57339 0.02272 1
  1.6413 23 + 2
    0.22971 0.1855 60
    0.47971 0.8145 49
  1.6451 21 + 3
    0.47503 0.7042 50
    0.48351 0.1499 49
    0.58885 0.1459 41
  1.65639 5 - 3
    0.91247 0.819733 25
    1.42947 0.082033 3
    1.65639 0.098234 0
  1.66492 5 - 15
    0.59655 0.008739 43
    0.60285 0.004889 42
    0.773782 0.02079 33
    0.921 0.02209 25
    1.01289 0.060739 22
    1.11532 0.082809 17
    1.16628 0.344996 13
    1.19812 0.005865 12
    1.33007 0.00414 8
    1.39387 0.053479 5
    1.41489 0.050439 4
    1.438 0.177598 3
    1.50913 0.058289 2
    1.59946 0.051019 1
    1.66492 0.054119 0
  1.685 3 + 2
    1.52921 0.5 2
    1.685 0.5 0
  1.721 7 - 2
    1.47097 0.5 4
    1.65554 0.5 1
  1.7501 5 - 10
    0.68803 0.003785 42
    0.940575 0.132906 29
    1.09807 0.099044 22
    1.23256 0.019801 15
    1.25146 0.412618 13
    1.2833 0.009902 12
    1.47906 0.23681 5
    1.59431 0.023911 2
    1.68464 0.048652 1
    1.7501 0.012571 0
  1.79364 5 + 10
    0.53779 0.016941 54
    0.72527 0.402616 43
    1.04972 0.036311 25
    1.45879 0.064403 8
    1.52259 0.064383 5
    1.54361 0.021701 4
    1.56672 0.040172 3
    1.63785 0.168707 2
    1.72818 0.084363 1
    1.79364 0.100404 0
  1.83582 11 + 5
    0.76745 0.321219 43
    0.944682 0.297418 33
    1.18379 0.208212 22
    1.6089 0.154709 3
    1.77036 0.018441 1
  1.86095 3 - 2
    1.58991 0.6623 5
    1.79549 0.3377 1
  1.86582 5 - 8
    0.60997 0.208315 54
    1.21379 0.084676 22
    1.31622 0.403128 17
    1.34828 0.161611 15
    1.35743 0.064505 14
    1.54877 0.013711 7
    1.71003 0.033032 2
    1.86582 0.031022 0
  1.86895 7 + 5
    0.96252 0.59973 34
    1.64203 0.072424 3
    1.71316 0.178309 2
    1.80349 0.145407 1
    1.86895 0.00413 0
  1.8974 23 + 3
    0.48581 0.1045 60
    0.50334 0.7562 59
    0.52106 0.1393 58
  1.91119 5 - 3
    0.45919 0.906364 61
    1.57634 0.060948 8
    1.84573 0.032689 1
  1.91248 25 - 2
    0.384255 0.4186 65
    0.536145 0.5814 58
  1.9136 5 - 3
    0.61864 0.971512 55
    1.75781 0.0239 2
    1.9136 0.004588 0
  1.9239 25 + 2
    0.2826 0.189 70
    0.51231 0.811 60
  1.95472 9 + 4
    0.2898 0.250625 73
    0.46208 0.379538 64
    1.88926 0.225623 1
    1.95472 0.144214 0
  1.99178 3 - 3
    0.87178 0.649235 46
    1.76486 0.146685 3
    1.836 0.20408 2
  2.0711 27 - 2
    0.158615 0.092909 84
    0.54287 0.907091 65
  2.1762 27 + 2
    0.2523 0.1642 86
    0.5349 0.8358 70
  2.1772 25 + 2
    0.5321 0.8181 71
    0.5359 0.1819 70
  2.4528 27 + 1
    0.5554 1 82
  2.4857 29 + 2
    0.3095 0.1785 90
    0.5618 0.8215 86
  2.4988 29 - 2
    0.4277 0.3704 89
    0.586315 0.6296 84
  2.6623 31 - 2
    0.1635 0.079563 94
    0.5912 0.920437 89
  2.7452 27 + 1
    0.832715 1 84
  2.7486 29 + 1
    0.5714 1 91
  2.7565 31 + 2
    0.2708 0.1228 93
    0.5803 0.8772 90
  3.0584 31 + 1
    0.6056 1 92
  3.0695 33 - 2
    0.4072 0.4565 95
    0.5707 0.5435 94
  3.0845 33 + 2
    0.328 0.1505 98
    0.5988 0.8495 93
  3.1045 31 + 1
    0.3593 1 96
  3.2466 35 - 2
    0.1771 0.1004 100
    0.5843 0.8996 95
  3.3583 33 + 1
    0.6097 1 97
  3.3676 35 + 2
    0.2831 0.118 101
    0.6111 0.882 98
  3.5332 37 - 2
    0.2866 0.503 103
    0.4637 0.497 100
  3.5717 35 + 1
    0.4672 1 102
  3.6814 37 + 2
    0.3138 0.1556 105
    0.5969 0.8444 101
  3.7774 39 - 2
    0.2442 0.2787 106
    0.5308 0.7213 103
  3.9671 39 + 1
    0.5995 1 105
  4.0565 41 - 2
    0.2791 0.367 109
    0.5233 0.633 106
  4.1301 39 + 1
    0.5584 1 107
  4.2598 41 + 1
    0.5784 1 108
  4.3496 43 - 2
    0.2931 0.3005 111
    0.5722 0.6995 109
  4.5725 43 + 1
    0.6054 1 110
  4.6695 45 - 2
    0.3199 0.2509 114
    0.613 0.7491 111
  4.7621 43 + 1
    0.632 1 112
  4.8956 45 + 1
    0.6358 1 113
  4.995 47 - 2
    0.3255 0.3635 116
    0.6454 0.6365 114
  5.2391 47 + 1
    0.6666 1 115
  5.368 49 - 2
    0.373 0.1881 119
    0.6985 0.8119 116
  5.4531 47 + 1
    0.691 1 117
  5.5976 49 + 1
    0.702 1 118
  5.7128 51 - 2
    0.3448 0.3244 121
    0.7178 0.6756 119
  5.9701 51 + 1
    0.731 1 120
  6.1465 53 - 1
    0.7785 1 121
  6.1901 51 + 1
    0.737 1 122
  6.3646 53 + 1
    0.767 1 123
  6.4976 55 - 2
    0.351101 0.2168 126
    0.784801 0.7832 124
  6.7651 55 + 1
    0.795 1 125
  6.9701 55 + 1
    0.78 1 127
  6.9976 57 - 1
    0.851101 1 126
  7.1906 57 + 1
    0.826 1 128
  7.3406 59 - 2
    0.342999 0.1615 132
    0.842999 0.8385 129
  7.6181 59 + 1
    0.853001 1 130
  7.7931 59 + 1
    0.823 1 131
  7.9136 61 - 1
    0.915999 1 132
  8.0536 61 + 1
    0.863 1 133
  8.2336 63 - 1
    0.893 1 134
  8.5201 63 + 1
    0.901999 1 135
  8.6621 63 + 1
    0.869 1 136
  8.8866 65 - 1
    0.973 1 137
  8.9567 65 + 1
    0.9031 1 138
  9.1666 67 - 1
    0.933 1 139
  9.4671 67 + 1
    0.947 1 140
  9.569 67 + 1
    0.9069 1 141
  9.9096 69 - 1
    1.023 1 142
  10.1326 71 - 1
    0.966 1 144
  10.453 71 + 1
    0.9859 1 145
  10.503 71 + 1
    0.934 1 146
  10.9786 73 - 1
    1.069 1 147
  11.1306 75 - 1
    0.998 1 148
  11.481 75 + 1
    0.978001 1 150
  11.7853 75 + 1
    1.3323 1 149
  12.0886 77 - 1
    1.11 1 151
  12.174 79 - 1
    1.0434 1 152
  12.513 79 + 1
    1.032 1 153
  13.223 81 - 1
    1.1344 1 155
  13.284 83 - 1
    1.11 1 156
  14.469 87 - 1
    1.185 1 159
  15.734 91 - 1
    1.265 1 160
  17.07 95 - 1
    1.336 1 161

65 156 69
  0 6 - 0
  0.04963 8 + 1
    0.04963 1 0
  0.087 8 - 1
    0.087 1 0
  0.0884 0 + 1
    0.0884 1 0
  0.1 2 - 2
    0.0116 0.5 3
    0.1 0.5 0
  0.1097 10 + 1
    0.06007 1 1
  0.1496 14 - 1
    0.1496 1 0
  0.156 4 - 1
    0.069 1 2
  0.1835 12 + 2
    0.0738 0.914463 5
    0.13387 0.085537 1
  0.188 6 - 2
    0.13837 0.5 1
    0.188 0.5 0
  0.222 4 + 2
    0.17237 0.5 1
    0.222 0.5 0
  0.245 2 + 1
    0.089 1 7
  0.2819 14 + 2
    0.0984 0.7154 8
    0.1722 0.2846 5
  0.29 8 - 2
    0.1803 0.5 5
    0.203 0.5 2
  0.313 10 + 2
    0.2033 0.5 5
    0.226 0.5 2
  0.3789 12 - 1
    0.2692 1 5
  0.3936 16 + 2
    0.1117 0.7099 12
    0.2101 0.2901 8
  0.405 6 - 2
    0.35537 0.5 1
    0.405 0.5 0
  0.442 14 - 2
    0.0631 0.8804 15
    0.2585 0.1196 8
  0.483 4 + 2
    0.43337 0.5 1
    0.483 0.5 0
  0.5306 18 + 2
    0.137 0.6177 16
    0.2487 0.3823 12
  0.5466 16 - 1
    0.1046 1 18
  0.55 6 + 2
    0.4403 0.5 5
    0.463 0.5 2
  0.59 4 - 2
    0.434 0.5 7
    0.503 0.5 2
  0.615 2 + 2
    0.37 0.5 11
    0.459 0.5 7
  0.638 8 - 2
    0.5283 0.5 5
    0.551 0.5 2
  0.6468 18 - 2
    0.1002 0.8692 21
    0.2048 0.1308 18
  0.6862 20 + 2
    0.1556 0.5541 20
    0.2926 0.4459 16
  0.695 6 + 2
    0.5853 0.5 5
    0.608 0.5 2
  0.754 10 - 2
    0.70437 0.5 1
    0.754 0.5 0
  0.79 4 + 2
    0.74037 0.5 1
    0.79 0.5 0
  0.8 20 - 2
    0.1532 0.7152 26
    0.2534 0.2848 21
  0.8582 22 + 2
    0.172 0.5626 27
    0.3276 0.4374 20
  0.9545 22 - 2
    0.1545 0.6096 31
    0.3077 0.3904 26
  1.0604 24 + 2
    0.2022 0.4106 32
    0.3742 0.5894 27
  1.1469 24 - 2
    0.1924 0.48 33
    0.3469 0.52 31
  1.2633 26 + 2
    0.2029 0.308 34
    0.4051 0.692 32
  1.3668 26 - 2
    0.2199 0.3101 35
    0.4123 0.6899 33
  1.5106 28 + 2
    0.2473 0.2027 36
    0.4502 0.7973 34
  1.5843 28 - 2
    0.2175 0.2418 37
    0.4374 0.7582 35
  1.7414 30 + 2
    0.2308 0.23 38
    0.4781 0.77 36
  1.8739 30 - 2
    0.2896 0.2021 39
    0.5071 0.7979 37
  2.0296 32 + 1
    0.2882 1 40
  2.1032 32 - 1
    0.2293 1 41
  2.2859 34 + 2
    0.2563 0.2689 42
    0.5445 0.7311 40
  2.4615 34 - 2
    0.3583 0.3632 43
    0.5876 0.6368 41
  2.6099 36 + 1
    0.5803 1 42
  2.6942 36 - 2
    0.2327 0.1525 45
    0.591 0.8475 43
  2.8905 38 + 1
    0.6046 1 44
  3.1145 38 - 2
    0.4203 0.2372 47
    0.653 0.7628 45
  3.2437 40 + 1
    0.6338 1 46
  3.3457 40 - 1
    0.6515 1 47
  3.5484 42 + 1
    0.6579 1 48
  3.815 42 - 1
    0.7005 1 49
  4.049 44 - 1
    0.7033 1 51
  4.255 46 + 1
    0.7066 1 52
  4.556 46 - 1
    0.741 1 53
  4.794 48 - 1
    0.745 1 54
  5.579 52 - 1
    0.785 1 57
  6.407 56 - 1
    0.828001 1 58
  7.28 60 - 1
    0.872999 1 59
  8.198 64 - 1
    0.918 1 60
  9.159 68 - 1
    0.961 1 61
  10.16 72 - 1
    1.001 1 62
  11.204 76 - 1
    1.044 1 63
  12.293 80 - 1
    1.089 1 64
  13.435 84 - 1
    1.142 1 65
  14.638 88 - 1
    1.203 1 66
  15.907 92 - 1
    1.269 1 67

65 157 130
  0 3 + 0
  0.060878 5 + 1
    0.060878 1 0
  0.143929 7 + 2
    0.083051 0.922763 1
    0.143929 0.077237 0
  0.25259 9 + 2
    0.108661 0.8254 2
    0.191712 0.1746 1
  0.326349 5 - 3
    0.18242 0.01471 2
    0.265471 0.001786 1
    0.326349 0.983504 0
  0.327643 5 + 2
    0.266765 0.2865 1
    0.327643 0.7135 0
  0.357663 7 - 1
    0.296785 1 1
  0.37769 11 + 2
    0.1251 0.6733 3
    0.233761 0.3267 2
  0.40804 7 + 2
    0.347162 0.8261 1
    0.40804 0.1739 0
  0.4258 9 - 3
    0.068137 0.657887 6
    0.099451 0.043719 4
    0.281871 0.298394 2
  0.51396 9 + 4
    0.156297 0.223896 6
    0.186317 0.207596 5
    0.370031 0.473091 2
    0.453082 0.095418 1
  0.5176 11 - 3
    0.0918 0.804492 9
    0.159937 0.066009 6
    0.26501 0.129499 3
  0.53203 13 + 2
    0.15434 0.6774 7
    0.27944 0.3226 3
  0.57172 7 + 2
    0.214057 0.5 6
    0.245371 0.5 4
  0.597377 1 + 1
    0.597377 1 0
  0.637357 3 + 3
    0.493428 0.003512 2
    0.576479 0.614393 1
    0.637357 0.382095 0
  0.64353 11 + 3
    0.21773 0.2836 9
    0.23549 0.3567 8
    0.39094 0.3597 3
  0.64797 13 - 3
    0.13037 0.743785 11
    0.22217 0.193596 9
    0.27028 0.062619 7
  0.6585 7 + 3
    0.25046 0.2583 8
    0.300837 0.4875 6
    0.330857 0.2542 5
  0.69363 15 + 2
    0.1616 0.4511 12
    0.31594 0.5489 7
  0.697323 5 + 3
    0.553394 0.452386 2
    0.636445 0.458786 1
    0.697323 0.088827 0
  0.7088 9 + 2
    0.13708 0.2933 13
    0.351137 0.7067 6
  0.78321 15 - 3
    0.13524 0.617294 17
    0.25118 0.050709 12
    0.26561 0.331997 11
  0.79354 7 + 5
    0.27958 0.1746 10
    0.27958 0.2675 10
    0.41585 0.1243 7
    0.54095 0.1922 3
    0.649611 0.2414 2
  0.838 5 + 2
    0.58541 0.5 3
    0.777122 0.5 1
  0.8598 11 + 3
    0.151 0.333333 21
    0.28808 0.333333 13
    0.434 0.333333 9
  0.871912 11 - 3
    0.163112 0.333333 21
    0.300192 0.333333 13
    0.446112 0.333333 9
  0.883324 1 - 3
    0.245967 0.3379 15
    0.285947 0.4719 14
    0.883324 0.1902 0
  0.89036 17 + 2
    0.19673 0.3911 19
    0.35833 0.6089 12
  0.895059 3 + 1
    0.895059 1 0
  0.909345 9 + 2
    0.656755 0.5 3
    0.848467 0.5 1
  0.92269 5 - 2
    0.861812 0.5 1
    0.92269 0.5 0
  0.925304 3 + 4
    0.287947 0.28592 15
    0.781375 0.049833 2
    0.864426 0.384127 1
    0.925304 0.28012 0
  0.927 17 + 2
    0.14379 0.5 22
    0.39497 0.5 12
  0.947 3 - 2
    0.619357 0.5 5
    0.886122 0.5 1
  0.966 1 - 2
    0.639651 0.5 4
    0.966 0.5 0
  0.970386 3 - 5
    0.273063 0.279091 20
    0.333029 0.053898 15
    0.373009 0.484084 14
    0.909508 0.175294 1
    0.970386 0.007633 0
  0.972495 15 + 3
    0.324525 0.075882 17
    0.328965 0.706914 16
    0.440465 0.217204 12
  0.97436 17 - 2
    0.19115 0.5092 22
    0.32639 0.4908 17
  0.991699 3 + 3
    0.84777 0.167417 2
    0.930821 0.594859 1
    0.991699 0.237724 0
  1.005 5 - 2
    0.861071 0.5 2
    1.005 0.5 0
  1.0338 13 + 2
    0.174 0.5 25
    0.325 0.5 21
  1.04436 5 + 5
    0.686697 0.059575 6
    0.79177 0.104592 3
    0.900431 0.25358 2
    0.983482 0.104692 1
    1.04436 0.477562 0
  1.0475 11 - 2
    0.66981 0.5 7
    0.79491 0.5 3
  1.049 7 - 2
    0.79641 0.5 3
    0.988122 0.5 1
  1.067 1 - 2
    0.740651 0.5 4
    1.067 0.5 0
  1.078 9 - 2
    0.751651 0.5 4
    0.934071 0.5 2
  1.08312 19 + 2
    0.19276 0.3024 28
    0.38949 0.6976 19
  1.0965 1 - 6
    0.171196 0.083598 32
    0.201441 0.022609 29
    0.459143 0.054349 15
    0.499123 0.234095 14
    0.770151 0.603186 4
    1.0965 0.002163 0
  1.10237 3 - 8
    0.207311 0.01302 29
    0.405047 0.160095 20
    0.465013 0.001373 15
    0.504993 0.042719 14
    0.744707 0.357688 6
    0.776021 0.393587 4
    1.04149 0.019879 1
    1.10237 0.01164 0
  1.12 7 + 2
    0.976071 0.5 2
    1.12 0.5 0
  1.14142 19 - 2
    0.16706 0.4034 38
    0.35821 0.5966 22
  1.16072 5 - 6
    0.523363 0.182485 15
    0.803057 0.364971 6
    0.834371 0.226282 4
    1.01679 0.043796 2
    1.09984 0.091233 1
    1.16072 0.091233 0
  1.164 7 - 2
    0.91141 0.5 3
    1.10312 0.5 1
  1.16644 17 + 3
    0.3729 0.6579 23
    0.38323 0.1859 22
    0.47281 0.1562 19
  1.194 9 - 2
    0.867651 0.5 4
    1.05007 0.5 2
  1.207 5 - 2
    1.06307 0.5 2
    1.207 0.5 0
  1.2205 15 + 1
    0.3607 1 25
  1.238 9 + 2
    0.98541 0.5 3
    1.17712 0.5 1
  1.2612 15 - 2
    0.2137 0.7109 43
    0.56757 0.2891 19
  1.27551 3 - 3
    0.949161 0.070628 4
    1.21463 0.309791 1
    1.27551 0.619581 0
  1.31729 21 + 2
    0.23417 0.2589 47
    0.42693 0.7411 28
  1.31861 7 - 3
    1.17468 0.3831 2
    1.25773 0.2644 1
    1.31861 0.3525 0
  1.352 5 - 2
    1.20807 0.5 2
    1.352 0.5 0
  1.37722 19 + 3
    0.40286 0.1674 38
    0.404725 0.655 37
    0.48686 0.1776 28
  1.39039 21 - 2
    0.24897 0.4383 51
    0.41603 0.5617 38
  1.417 3 - 2
    1.08936 0.5 5
    1.35612 0.5 1
  1.4265 17 + 1
    0.3927 1 41
  1.454 7 - 2
    1.20141 0.5 3
    1.39312 0.5 1
  1.487 5 - 2
    1.34307 0.5 2
    1.487 0.5 0
  1.529 1 - 2
    1.20265 0.5 4
    1.529 0.5 0
  1.53598 23 + 2
    0.21869 0.2124 61
    0.45286 0.7876 47
  1.541 3 - 2
    1.21336 0.5 5
    1.48012 0.5 1
  1.5567 19 - 2
    0.2955 0.7681 59
    0.47358 0.2319 47
  1.562 9 - 2
    1.23565 0.5 4
    1.41807 0.5 2
  1.578 5 - 2
    1.43407 0.5 2
    1.578 0.5 0
  1.5802 23 - 2
    0.18981 0.2892 65
    0.43878 0.7108 51
  1.602 7 + 2
    1.45807 0.5 2
    1.602 0.5 0
  1.60872 21 + 3
    0.44228 0.7139 54
    0.4673 0.107 51
    0.5256 0.1791 47
  1.631 5 - 2
    1.48707 0.5 2
    1.631 0.5 0
  1.659 3 + 2
    1.51507 0.5 2
    1.659 0.5 0
  1.695 7 - 2
    1.44241 0.5 3
    1.63412 0.5 1
  1.749 9 + 2
    1.49641 0.5 3
    1.68812 0.5 1
  1.801 25 + 2
    0.26502 0.2569 71
    0.48371 0.7431 61
  1.84985 23 + 3
    0.45946 0.333333 65
    0.47263 0.333333 64
    0.53256 0.333333 61
  1.879 25 - 2
    0.2988 0.4377 76
    0.48861 0.5623 65
  1.9352 23 - 1
    0.3785 1 73
  2.0403 27 + 2
    0.2393 0.1758 83
    0.50432 0.8242 71
  2.0863 27 - 2
    0.2073 0.2059 85
    0.5061 0.7941 76
  2.10879 25 + 2
    0.50007 0.8122 78
    0.57281 0.1878 71
  2.3285 29 + 2
    0.2882 0.2304 87
    0.5275 0.7696 83
  2.373 27 + 1
    0.52315 1 84
  2.3941 27 - 1
    0.4589 1 86
  2.421 29 - 2
    0.3347 0.3443 88
    0.542 0.6557 85
  2.5829 31 + 2
    0.2544 0.1733 90
    0.5426 0.8267 87
  2.6441 31 - 2
    0.2231 0.1737 93
    0.5578 0.8263 88
  2.6499 29 + 1
    0.54111 1 89
  2.8873 33 + 2
    0.3044 0.1963 94
    0.5588 0.8037 90
  2.9209 31 - 1
    0.5268 1 92
  2.9314 31 + 1
    0.5584 1 91
  2.9933 33 - 2
    0.3492 0.2994 95
    0.5723 0.7006 93
  3.1527 35 + 2
    0.2654 0.1934 97
    0.5698 0.8066 94
  3.2162 33 + 1
    0.5663 1 96
  3.23 35 - 2
    0.2367 0.1488 100
    0.5859 0.8512 95
  3.4726 37 + 2
    0.3199 0.2295 101
    0.5853 0.7705 97
  3.4877 35 - 1
    0.5668 1 98
  3.5115 35 + 1
    0.5801 1 99
  3.5711 37 - 2
    0.3411 0.3346 103
    0.5778 0.6654 100
  3.749 39 + 2
    0.2764 0.1602 104
    0.5963 0.8398 101
  3.7855 37 + 1
    0.5693 1 102
  3.8137 39 - 2
    0.2426 0.1551 107
    0.5837 0.8449 103
  4.081 39 + 1
    0.5695 1 106
  4.0824 39 - 1
    0.5947 1 105
  4.0894 41 + 2
    0.3404 0.2165 108
    0.6168 0.7835 104
  4.1531 41 - 2
    0.3394 0.2544 110
    0.582 0.7456 107
  4.3499 41 - 1
    0.5644 1 109
  4.382 43 + 2
    0.2926 0.1674 113
    0.633 0.8326 108
  4.402 43 - 2
    0.2489 0.1652 114
    0.5883 0.8348 110
  4.6696 43 + 1
    0.5886 1 111
  4.748 45 + 1
    0.6586 1 113
  4.7781 45 - 2
    0.3761 0.316 117
    0.625 0.684 114
  4.9458 45 + 1
    0.5959 1 115
  5.0341 47 - 1
    0.632101 1 117
  5.0619 47 + 1
    0.6799 1 116
  5.3081 47 + 1
    0.6385 1 118
  5.4565 49 + 1
    0.7085 1 119
  5.7281 51 - 1
    0.693999 1 122
  5.795 51 + 1
    0.7331 1 123
  6.2176 53 + 1
    0.7611 1 125
  6.5819 55 + 1
    0.7869 1 127

65 158 97
  0 6 - 0
  0.05504 8 + 1
    0.05504 1 0
  0.0799 8 - 1
    0.0799 1 0
  0.1103 0 - 1
    0.1103 1 0
  0.1155 2 - 1
    0.1155 1 0
  0.1283 10 + 1
    0.07326 1 1
  0.1674 4 - 2
    0.0571 0.5 3
    0.0875 0.5 2
  0.1789 12 - 2
    0.0506 0.5 5
    0.099 0.5 2
  0.2078 6 - 2
    0.15276 0.5 1
    0.2078 0.5 0
  0.2173 12 + 2
    0.089 0.8645 5
    0.16226 0.1355 1
  0.242 6 + 2
    0.1137 0.5 5
    0.1621 0.5 2
  0.2806 4 + 2
    0.22556 0.5 1
    0.2806 0.5 0
  0.2985 2 + 2
    0.1311 0.5 6
    0.1882 0.5 3
  0.3226 14 + 2
    0.1053 0.6396 9
    0.1943 0.3604 5
  0.324 10 + 2
    0.1957 0.5 5
    0.2441 0.5 2
  0.3381 4 - 2
    0.2278 0.5 3
    0.2582 0.5 2
  0.3598 10 + 2
    0.2315 0.5 5
    0.2799 0.5 2
  0.3712 10 - 2
    0.31616 0.5 1
    0.3712 0.5 0
  0.3811 8 + 2
    0.32606 0.5 1
    0.3811 0.5 0
  0.3884 14 - 2
    0.0658 0.5011 13
    0.1711 0.4989 9
  0.406 6 + 2
    0.2777 0.5 5
    0.3261 0.5 2
  0.4081 0 + 2
    0.1275 0.5 11
    0.2926 0.5 4
  0.4193 2 + 2
    0.2519 0.5 6
    0.309 0.5 3
  0.439 4 - 2
    0.3287 0.5 3
    0.3591 0.5 2
  0.4444 8 - 2
    0.3161 0.5 5
    0.3645 0.5 2
  0.4609 10 + 2
    0.3326 0.5 5
    0.381 0.5 2
  0.4697 6 - 2
    0.41466 0.5 1
    0.4697 0.5 0
  0.484 4 - 2
    0.3737 0.5 3
    0.4041 0.5 2
  0.4873 4 + 2
    0.43226 0.5 1
    0.4873 0.5 0
  0.4954 2 - 2
    0.3799 0.5 4
    0.4954 0.5 0
  0.5059 8 + 2
    0.45086 0.5 1
    0.5059 0.5 0
  0.531 12 + 2
    0.3137 0.5 9
    0.47596 0.5 1
  0.536 6 - 2
    0.48096 0.5 1
    0.536 0.5 0
  0.54 14 + 2
    0.3611 0.5 7
    0.4117 0.5 5
  0.556 16 - 2
    0.2334 0.5 13
    0.3771 0.5 7
  0.571 2 - 2
    0.4555 0.5 4
    0.571 0.5 0
  0.587 12 - 2
    0.4587 0.5 5
    0.5071 0.5 2
  0.59 6 + 2
    0.4617 0.5 5
    0.5101 0.5 2
  0.6015 10 - 2
    0.54646 0.5 1
    0.6015 0.5 0
  0.6101 8 + 2
    0.55506 0.5 1
    0.6101 0.5 0
  0.613 4 + 2
    0.55796 0.5 1
    0.613 0.5 0
  0.627 14 + 2
    0.4481 0.5 7
    0.4987 0.5 5
  0.6387 4 + 2
    0.58366 0.5 1
    0.6387 0.5 0
  0.644 6 - 2
    0.58896 0.5 1
    0.644 0.5 0
  0.6507 8 - 2
    0.5224 0.5 5
    0.5708 0.5 2
  0.6597 8 + 2
    0.60466 0.5 1
    0.6597 0.5 0
  0.665 14 - 2
    0.2938 0.5 17
    0.4477 0.5 9
  0.67 2 - 2
    0.5545 0.5 4
    0.67 0.5 0
  0.6773 6 + 2
    0.549 0.5 5
    0.5974 0.5 2
  0.693 4 - 2
    0.5827 0.5 3
    0.6131 0.5 2
  0.6996 2 + 2
    0.5322 0.5 6
    0.5893 0.5 3
  0.709 4 - 2
    0.5987 0.5 3
    0.6291 0.5 2
  0.7197 6 + 2
    0.5914 0.5 5
    0.6398 0.5 2
  0.733 0 - 2
    0.5656 0.5 6
    0.6227 0.5 3
  0.737 8 - 2
    0.6087 0.5 5
    0.6571 0.5 2
  0.7402 2 + 2
    0.5728 0.5 6
    0.6299 0.5 3
  0.75 10 + 2
    0.6217 0.5 5
    0.6701 0.5 2
  0.753 6 - 2
    0.69796 0.5 1
    0.753 0.5 0
  0.7585 4 + 2
    0.70346 0.5 1
    0.7585 0.5 0
  0.76325 16 - 2
    0.44065 0.5 13
    0.58435 0.5 7
  0.7675 4 + 2
    0.71246 0.5 1
    0.7675 0.5 0
  0.781 6 - 2
    0.72596 0.5 1
    0.781 0.5 0
  0.7946 8 + 2
    0.73956 0.5 1
    0.7946 0.5 0
  0.805 12 - 2
    0.6767 0.5 5
    0.7251 0.5 2
  0.8143 2 + 2
    0.6469 0.5 6
    0.704 0.5 3
  0.817 10 - 2
    0.76196 0.5 1
    0.817 0.5 0
  0.824 8 + 2
    0.76896 0.5 1
    0.824 0.5 0
  0.832 6 - 2
    0.77696 0.5 1
    0.832 0.5 0
  0.837 4 + 2
    0.78196 0.5 1
    0.837 0.5 0
  0.8406 18 - 2
    0.1756 0.5 46
    0.4522 0.5 19
  0.8497 6 + 2
    0.7214 0.5 5
    0.7698 0.5 2
  0.859 2 - 2
    0.7435 0.5 4
    0.859 0.5 0
  0.8633 12 + 2
    0.646 0.5 9
    0.80826 0.5 1
  0.8744 8 - 2
    0.7461 0.5 5
    0.7945 0.5 2
  0.879 12 - 2
    0.7507 0.5 5
    0.7991 0.5 2
  0.8819 4 + 2
    0.82686 0.5 1
    0.8819 0.5 0
  0.885 10 + 2
    0.7567 0.5 5
    0.8051 0.5 2
  0.891 10 - 2
    0.83596 0.5 1
    0.891 0.5 0
  0.9007 0 + 2
    0.6201 0.5 11
    0.7852 0.5 4
  0.916 6 - 2
    0.86096 0.5 1
    0.916 0.5 0
  0.9238 2 + 2
    0.7564 0.5 6
    0.8135 0.5 3
  0.936 4 - 2
    0.8257 0.5 3
    0.8561 0.5 2
  0.943 8 + 2
    0.88796 0.5 1
    0.943 0.5 0
  0.94875 6 - 2
    0.89371 0.5 1
    0.94875 0.5 0
  0.9535 4 + 2
    0.89846 0.5 1
    0.9535 0.5 0
  0.963 8 - 2
    0.8347 0.5 5
    0.8831 0.5 2
  0.986 2 + 2
    0.8186 0.5 6
    0.8757 0.5 3
  0.999 6 - 2
    0.94396 0.5 1
    0.999 0.5 0
  1.017 0 + 2
    0.7364 0.5 11
    0.9015 0.5 4
  1.032 4 - 2
    0.9217 0.5 3
    0.9521 0.5 2
  1.051 10 + 2
    0.9227 0.5 5
    0.9711 0.5 2
  1.068 2 - 2
    0.9525 0.5 4
    1.068 0.5 0
  1.094 8 + 2
    1.03896 0.5 1
    1.094 0.5 0
  1.11 4 - 2
    0.9997 0.5 3
    1.0301 0.5 2
  1.138 6 + 2
    1.0097 0.5 5
    1.0581 0.5 2
  1.157 8 - 2
    1.0287 0.5 5
    1.0771 0.5 2
  1.169 20 + 1
    0.3284 1 69

65 159 67
  0 3 + 0
  0.057996 5 + 1
    0.057996 1 0
  0.137505 7 + 2
    0.079509 0.9549 1
    0.137505 0.0451 0
  0.24115 9 + 2
    0.103645 0.8556 2
    0.183154 0.1444 1
  0.348283 5 + 3
    0.210778 0.0809 2
    0.290287 0.1138 1
    0.348283 0.8053 0
  0.36205 11 + 2
    0.1209 0.735 3
    0.224545 0.265 2
  0.363545 5 - 3
    0.22604 0.01839 2
    0.305549 0.005204 1
    0.363545 0.976406 0
  0.3884 7 - 2
    0.250895 0.048248 2
    0.330404 0.951752 1
  0.4282 7 + 2
    0.370204 0.8522 1
    0.4282 0.1478 0
  0.4546 9 - 2
    0.0662 0.6599 7
    0.317095 0.3401 2
  0.5104 13 + 2
    0.14835 0.5894 5
    0.26925 0.4106 3
  0.532 9 + 1
    0.394495 1 2
  0.5367 1 - 1
    0.5367 1 0
  0.5451 11 - 3
    0.0905 0.846458 9
    0.1567 0.045648 7
    0.30395 0.107895 3
  0.5476 7 - 2
    0.1592 0.1713 7
    0.184055 0.8287 6
  0.580808 1 + 2
    0.522812 0.01951 1
    0.580808 0.98049 0
  0.617621 3 + 2
    0.559625 0.583 1
    0.617621 0.417 0
  0.66891 15 + 2
    0.15851 0.4938 10
    0.30686 0.5062 5
  0.674235 5 + 3
    0.53673 0.422796 2
    0.616239 0.493995 1
    0.674235 0.083209 0
  0.6779 9 - 3
    0.1303 0.4949 14
    0.2233 0.1409 9
    0.2895 0.3642 7
  0.7613 7 + 3
    0.52015 0.402304 3
    0.623795 0.498405 2
    0.703304 0.099291 1
  0.7771 7 + 2
    0.2295 0.524 14
    0.3887 0.476 7
  0.799 15 - 2
    0.2539 0.5 13
    0.2886 0.5 10
  0.8222 11 - 1
    0.1443 1 19
  0.854962 1 - 3
    0.237341 0.4891 16
    0.274154 0.3587 15
    0.854962 0.1522 0
  0.8573 9 + 2
    0.49525 0.2725 5
    0.61615 0.7275 3
  0.85998 17 + 2
    0.19107 0.4093 17
    0.34958 0.5907 10
  0.89125 5 - 2
    0.273629 0.803 16
    0.753745 0.197 2
  0.946 1 + 2
    0.597717 0.5 4
    0.888004 0.5 1
  0.971 1 + 1
    0.971 1 0
  0.978 3 + 2
    0.920004 0.5 1
    0.978 0.5 0
  1.0086 11 + 1
    0.64655 1 5
  1.018 5 + 2
    0.77685 0.5 3
    0.960004 0.5 1
  1.049 7 + 2
    0.911495 0.5 2
    1.049 0.5 0
  1.05232 19 + 2
    0.19234 0.5 26
    0.38341 0.5 17
  1.0865 3 - 1
    0.948995 1 2
  1.099 5 + 2
    0.85785 0.5 3
    1.041 0.5 1
  1.1025 7 + 1
    0.964995 1 2
  1.156 1 + 2
    0.807717 0.5 4
    1.098 0.5 1
  1.218 3 - 2
    0.869717 0.5 4
    1.16 0.5 1
  1.264 3 - 2
    0.915717 0.5 4
    1.206 0.5 1
  1.28256 21 + 2
    0.23024 0.2307 34
    0.42258 0.7693 26
  1.325 13 - 2
    0.8704 0.5 9
    0.96295 0.5 5
  1.358 5 - 2
    1.2205 0.5 2
    1.358 0.5 0
  1.392 3 - 2
    1.04372 0.5 4
    1.334 0.5 1
  1.439 9 - 2
    1.07695 0.5 5
    1.3015 0.5 2
  1.50518 23 + 2
    0.22262 0.2919 41
    0.45286 0.7081 34
  1.53 5 - 2
    1.3925 0.5 2
    1.53 0.5 0
  1.567 3 - 2
    1.21872 0.5 4
    1.509 0.5 1
  1.604 9 - 2
    1.24195 0.5 5
    1.4665 0.5 2
  1.634 7 - 2
    1.39285 0.5 3
    1.576 0.5 1
  1.666 13 - 2
    1.2114 0.5 9
    1.30395 0.5 5
  1.712 5 - 2
    1.57449 0.5 2
    1.712 0.5 0
  1.743 11 - 2
    1.3546 0.5 7
    1.50185 0.5 3
  1.76961 25 + 2
    0.26443 0.2252 46
    0.48705 0.7748 41
  1.823 3 - 2
    1.47472 0.5 4
    1.765 0.5 1
  1.872 7 - 2
    1.63085 0.5 3
    1.814 0.5 1
  1.888 5 - 2
    1.75049 0.5 2
    1.888 0.5 0
  1.904 9 - 2
    1.54195 0.5 5
    1.76649 0.5 2
  1.943 3 - 2
    1.59472 0.5 4
    1.885 0.5 1
  2.0194 27 + 2
    0.24979 0.2239 54
    0.51422 0.7761 46
  2.31151 29 + 2
    0.29211 0.1893 60
    0.5419 0.8107 54
  2.583 31 + 1
    0.5636 1 60
  2.8931 33 + 1
    0.58159 1 61
  3.1792 35 + 1
    0.5962 1 62
  3.4981 37 + 1
    0.605 1 63
  3.794 39 + 1
    0.6148 1 64

65 160 101
  0 6 - 0
  0.063686 2 - 1
    0.063686 1 0
  0.071489 8 + 1
    0.071489 1 0
  0.078867 8 - 1
    0.078867 1 0
  0.092334 0 - 1
    0.028648 1 1
  0.105576 4 - 1
    0.04189 1 1
  0.126483 10 + 1
    0.054994 1 2
  0.133221 2 - 1
    0.040887 1 4
  0.138735 2 + 3
    0.033159 0.059291 5
    0.046401 0.287303 4
    0.075049 0.653407 1
  0.14796 4 - 2
    0.014739 0.5 7
    0.084274 0.5 1
  0.156445 6 - 2
    0.050869 0.900973 5
    0.092759 0.099027 1
  0.167754 4 + 2
    0.029019 0.942572 8
    0.104068 0.057428 1
  0.172766 12 + 1
    0.101277 1 2
  0.176833 10 - 2
    0.097966 0.7059 3
    0.176833 0.2941 0
  0.200405 6 + 2
    0.032651 0.948481 11
    0.094829 0.051519 5
  0.222629 0 + 3
    0.083894 0.4721 8
    0.089408 0.2687 7
    0.158943 0.2592 1
  0.23278 2 + 3
    0.08482 0.292 9
    0.094045 0.1362 8
    0.140446 0.5718 4
  0.236977 6 - 2
    0.089017 0.974549 9
    0.131401 0.025451 5
  0.24416 8 - 2
    0.087715 0.9553 10
    0.138584 0.0447 5
  0.257541 8 - 4
    0.131058 0.109392 6
    0.178674 0.096743 3
    0.186052 0.754747 2
    0.257541 0.039117 0
  0.265229 8 + 1
    0.064824 1 14
  0.268818 4 + 6
    0.068413 0.27058 14
    0.101064 0.144489 11
    0.112373 0.088994 10
    0.135597 0.396971 7
    0.163242 0.091283 5
    0.205132 0.007682 1
  0.279 8 - 2
    0.173424 0.5 5
    0.200133 0.5 3
  0.305 14 + 1
    0.178517 1 6
  0.318357 6 + 3
    0.117952 0.069837 14
    0.150603 0.422183 11
    0.170397 0.50798 9
  0.322297 10 - 2
    0.078137 0.8898 18
    0.165852 0.1102 10
  0.354736 10 - 3
    0.097195 0.5496 19
    0.228253 0.174 6
    0.283247 0.2764 2
  0.377761 8 + 2
    0.108943 0.3856 21
    0.140784 0.6144 17
  0.381285 2 - 6
    0.213531 0.01695 11
    0.233325 0.03986 9
    0.24255 0.0219 8
    0.248064 0.532995 7
    0.275709 0.210398 5
    0.317599 0.177898 1
  0.421433 4 - 7
    0.184456 0.233705 17
    0.221028 0.0208 14
    0.264988 0.046081 10
    0.282698 0.01819 8
    0.288212 0.203604 7
    0.315857 0.081212 5
    0.357747 0.396408 1
  0.478225 2 + 3
    0.27782 0.062556 14
    0.310471 0.280983 11
    0.33949 0.656461 8
  0.479408 4 + 7
    0.21059 0.1623 21
    0.256779 0.1366 15
    0.279003 0.06645 14
    0.311654 0.05091 11
    0.340673 0.09994 8
    0.373832 0.1719 5
    0.415722 0.3119 1
  0.480257 6 - 10
    0.211439 0.02609 21
    0.215028 0.02977 20
    0.236097 0.066001 18
    0.24328 0.354004 17
    0.279852 0.02009 14
    0.312503 0.03302 11
    0.323812 0.0441 10
    0.332297 0.160502 9
    0.347036 0.03882 7
    0.374681 0.227602 5
  0.484317 4 - 7
    0.215499 0.01875 21
    0.316563 0.043289 11
    0.336357 0.01726 9
    0.345582 0.065419 8
    0.351096 0.351193 7
    0.378741 0.305394 5
    0.420631 0.198696 1
  0.503543 2 + 4
    0.185186 0.391331 24
    0.234725 0.073566 21
    0.270763 0.457637 16
    0.370322 0.077466 7
  0.511791 4 - 4
    0.242973 0.431643 21
    0.373056 0.267027 8
    0.406215 0.10111 5
    0.448105 0.20022 1
  0.515 4 - 2
    0.422666 0.5 4
    0.436133 0.5 3
  0.520267 4 + 5
    0.255038 0.059081 20
    0.28329 0.086011 17
    0.319862 0.305303 14
    0.352513 0.340503 11
    0.363822 0.209102 10
  0.532733 2 - 5
    0.295756 0.142403 17
    0.364979 0.02228 11
    0.399512 0.199904 7
    0.427157 0.348107 5
    0.532733 0.287306 0
  0.552967 4 - 7
    0.284149 0.243317 21
    0.287738 0.110108 20
    0.308807 0.040323 18
    0.320187 0.043713 16
    0.396522 0.045303 10
    0.405007 0.173312 9
    0.447391 0.343924 5
  0.558 8 - 2
    0.452424 0.5 5
    0.479133 0.5 3
  0.571555 2 + 5
    0.302737 0.32802 21
    0.348926 0.379023 15
    0.403801 0.115007 11
    0.423595 0.064144 9
    0.479221 0.113807 4
  0.576924 2 + 4
    0.258567 0.1404 24
    0.308106 0.2681 21
    0.376519 0.1529 14
    0.428964 0.4386 9
  0.589005 2 - 4
    0.320187 0.080824 21
    0.352028 0.093135 17
    0.356225 0.671334 16
    0.455784 0.154708 7
  0.592741 6 + 5
    0.274384 0.081236 24
    0.359961 0.156611 16
    0.444781 0.256118 9
    0.45952 0.295621 7
    0.529055 0.210415 1
  0.598668 6 - 6
    0.361691 0.285674 17
    0.398263 0.067634 14
    0.430914 0.062144 11
    0.442223 0.208981 10
    0.519801 0.230879 3
    0.598668 0.144687 0
  0.6207 12 + 2
    0.447934 0.5 12
    0.549211 0.5 2
  0.642 12 + 2
    0.469234 0.5 12
    0.570511 0.5 2
  0.660087 10 + 6
    0.17983 0.076918 32
    0.181862 0.239593 30
    0.238654 0.056208 29
    0.278802 0.207094 28
    0.34173 0.295891 24
    0.554511 0.124296 5
  0.664669 6 + 5
    0.464264 0.478233 14
    0.496915 0.096137 11
    0.516709 0.162611 9
    0.525934 0.129109 8
    0.572335 0.133909 4
  0.6782 14 + 2
    0.3732 0.5 23
    0.551717 0.5 6
  0.684398 16 + 5
    0.262965 0.040478 29
    0.303113 0.084266 28
    0.451618 0.663567 16
    0.536438 0.100895 9
    0.545663 0.110794 8
  0.6925 10 - 2
    0.621011 0.5 2
    0.6925 0.5 0
  0.7128 6 + 2
    0.607224 0.5 5
    0.633933 0.5 3
  0.7299 12 - 2
    0.603417 0.5 6
    0.651033 0.5 3
  0.743 8 + 2
    0.671511 0.5 2
    0.743 0.5 0
  0.7634 0 - 2
    0.657824 0.5 5
    0.671066 0.5 4
  0.765471 6 + 5
    0.521311 0.178382 18
    0.532691 0.469453 16
    0.542842 0.107989 15
    0.617511 0.126787 9
    0.63225 0.117388 7
  0.767967 10 - 4
    0.53099 0.096591 17
    0.600213 0.568206 11
    0.611522 0.142001 10
    0.634746 0.193202 7
  0.785 18 + 2
    0.1068 0.5 50
    0.48 0.5 23
  0.7911 8 - 2
    0.685524 0.5 5
    0.712233 0.5 3
  0.798 6 + 2
    0.692424 0.5 5
    0.719133 0.5 3
  0.8139 12 - 2
    0.687417 0.5 6
    0.735033 0.5 3
  0.8232 4 + 2
    0.759514 0.5 1
    0.8232 0.5 0
  0.834 14 - 2
    0.657167 0.5 13
    0.661234 0.5 12
  0.846 10 + 2
    0.719517 0.5 6
    0.767133 0.5 3
  0.8509 8 - 2
    0.745324 0.5 5
    0.772033 0.5 3
  0.8588 6 + 2
    0.753224 0.5 5
    0.779933 0.5 3
  0.8629 4 - 2
    0.770566 0.5 4
    0.784033 0.5 3
  0.8802 0 + 2
    0.746979 0.5 7
    0.816514 0.5 1
  0.903 16 - 2
    0.2248 0.5 50
    0.598 0.5 23
  0.9139 6 + 2
    0.808324 0.5 5
    0.835033 0.5 3
  0.938 8 - 2
    0.832424 0.5 5
    0.859133 0.5 3
  0.9528 10 + 2
    0.826317 0.5 6
    0.873933 0.5 3
  0.956 4 - 2
    0.863666 0.5 4
    0.877133 0.5 3
  0.96 12 + 2
    0.787234 0.5 12
    0.888511 0.5 2
  0.9761 6 - 2
    0.912414 0.5 1
    0.9761 0.5 0
  1.0019 8 + 2
    0.930411 0.5 2
    1.0019 0.5 0
  1.0068 4 - 2
    0.914466 0.5 4
    0.927933 0.5 3
  1.0216 14 + 2
    0.7166 0.5 23
    0.895117 0.5 6
  1.0395 10 - 2
    0.968011 0.5 2
    1.0395 0.5 0
  1.0517 6 + 2
    0.946124 0.5 5
    0.972833 0.5 3
  1.0562 20 - 2
    0.1532 0.5 70
    0.2712 0.5 59
  1.06 8 + 2
    0.988511 0.5 2
    1.06 0.5 0
  1.0681 4 - 2
    0.975766 0.5 4
    0.989233 0.5 3
  1.075 2 + 2
    0.969424 0.5 5
    0.982666 0.5 4
  1.086 12 - 2
    0.959517 0.5 6
    1.00713 0.5 3
  1.1039 6 + 2
    0.998324 0.5 5
    1.02503 0.5 3
  1.1158 0 - 2
    1.01022 0.5 5
    1.02347 0.5 4
  1.1248 4 + 2
    1.06111 0.5 1
    1.1248 0.5 0
  1.1294 10 - 2
    1.05791 0.5 2
    1.1294 0.5 0
  1.1369 8 + 2
    1.06541 0.5 2
    1.1369 0.5 0
  1.1465 2 - 2
    1.08281 0.5 1
    1.1465 0.5 0
  1.15 6 + 2
    1.04442 0.5 5
    1.07113 0.5 3
  1.1559 4 - 2
    1.06357 0.5 4
    1.07703 0.5 3
  1.166 8 + 2
    1.09451 0.5 2
    1.166 0.5 0
  1.1705 10 - 2
    1.09901 0.5 2
    1.1705 0.5 0
  1.1751 6 + 2
    1.06952 0.5 5
    1.09623 0.5 3
  1.184 2 - 2
    1.12031 0.5 1
    1.184 0.5 0
  1.1909 12 + 2
    1.01813 0.5 12
    1.11941 0.5 2
  1.198 4 - 2
    1.10567 0.5 4
    1.11913 0.5 3

65 161 68
  0 3 + 0
  0.056289 5 + 1
    0.056289 1 0
  0.133681 7 + 2
    0.077392 0.951719 1
    0.133681 0.048281 0
  0.23072 9 + 1
    0.097039 1 2
  0.314914 5 + 3
    0.181233 0.039312 2
    0.258625 0.041852 1
    0.314914 0.918837 0
  0.394364 7 + 3
    0.07945 0.134004 4
    0.338075 0.770423 1
    0.394364 0.095573 0
  0.417228 7 - 4
    0.102314 0.209795 4
    0.283547 0.071358 2
    0.360939 0.714681 1
    0.417228 0.004166 0
  0.48013 5 - 5
    0.062902 0.115501 6
    0.085766 0.03293 5
    0.165216 0.418204 4
    0.423841 0.02726 1
    0.48013 0.406104 0
  0.48878 9 - 1
    0.071552 1 6
  0.499 9 + 2
    0.26828 0.5 3
    0.442711 0.5 1
  0.52 1 + 2
    0.205086 0.5 4
    0.463711 0.5 1
  0.558 3 + 2
    0.424319 0.5 2
    0.558 0.5 0
  0.584 11 - 2
    0.166772 0.5 6
    0.35328 0.5 3
  0.585776 7 - 7
    0.096996 0.087847 8
    0.105646 0.378189 7
    0.168548 0.021989 6
    0.191412 0.118796 5
    0.270862 0.157795 4
    0.452095 0.01059 2
    0.529487 0.224793 1
  0.602 5 + 2
    0.37128 0.5 3
    0.545711 0.5 1
  0.638 13 - 1
    0.14922 1 8
  0.698 7 + 2
    0.564319 0.5 2
    0.698 0.5 0
  0.70719 9 - 1
    0.121414 1 13
  0.743 3 - 2
    0.428086 0.5 4
    0.686711 0.5 1
  0.772 1 - 2
    0.29187 0.5 7
    0.772 0.5 0
  0.847 11 - 2
    0.429772 0.5 6
    0.61628 0.5 3
  0.92 1 - 2
    0.43987 0.5 7
    0.92 0.5 0
  0.95 5 - 2
    0.816319 0.5 2
    0.95 0.5 0
  0.98 1 + 2
    0.665086 0.5 4
    0.923711 0.5 1
  0.997 7 + 2
    0.863319 0.5 2
    0.997 0.5 0
  1.02 3 - 2
    0.705086 0.5 4
    0.963711 0.5 1
  1.064 9 - 2
    0.669636 0.5 5
    0.930319 0.5 2
  1.08 15 + 1
    0.442 1 15
  1.111 11 + 2
    0.716636 0.5 5
    0.977319 0.5 2
  1.13 3 - 2
    0.815086 0.5 4
    1.07371 0.5 1
  1.141 13 + 2
    0.642 0.5 9
    0.91028 0.5 3
  1.14988 3 + 3
    0.834966 0.056928 4
    1.09359 0.32679 1
    1.14988 0.616281 0
  1.178 7 - 2
    0.94728 0.5 3
    1.12171 0.5 1
  1.20972 5 - 2
    1.15343 0.4536 1
    1.20972 0.5464 0
  1.232 17 + 1
    0.091 1 30
  1.25237 5 + 5
    0.77224 0.201012 7
    0.835142 0.061844 6
    0.858006 0.118107 5
    0.937456 0.517431 4
    1.25237 0.101606 0
  1.281 11 - 2
    0.863772 0.5 6
    1.05028 0.5 3
  1.302 19 - 1
    0.07 1 34
  1.333 9 + 2
    1.10228 0.5 3
    1.27671 0.5 1
  1.34966 5 - 3
    0.955296 0.1954 5
    1.03475 0.6784 4
    1.34966 0.1262 0
  1.386 3 + 2
    1.25232 0.5 2
    1.386 0.5 0
  1.40468 13 - 1
    0.92455 1 7
  1.42062 7 + 4
    0.834844 0.1441 13
    1.02626 0.4505 5
    1.10571 0.2162 4
    1.36433 0.1892 1
  1.433 15 - 2
    0.586 0.5 20
    0.849 0.5 12
  1.446 5 + 2
    1.21528 0.5 3
    1.38971 0.5 1
  1.46054 3 - 2
    1.06618 0.6173 5
    1.14563 0.3827 4
  1.47763 1 + 1
    1.42134 1 1
  1.498 9 - 2
    1.10364 0.5 5
    1.36432 0.5 2
  1.524 11 + 2
    1.12964 0.5 5
    1.39032 0.5 2
  1.5338 7 - 3
    0.948024 0.1435 13
    1.40012 0.4785 2
    1.5338 0.378 0
  1.53743 5 + 4
    0.951654 0.115212 13
    1.04865 0.390939 8
    1.14307 0.411541 5
    1.48114 0.082308 1
  1.55217 3 - 2
    1.06339 0.6579 8
    1.13494 0.3421 6
  1.55818 9 + 3
    1.4245 0.29647 2
    1.50189 0.261074 1
    1.55818 0.442456 0
  1.60102 7 - 5
    1.01524 0.138811 13
    1.11224 0.205816 8
    1.12089 0.478738 7
    1.28611 0.044524 4
    1.54473 0.132111 1
  1.62311 5 + 3
    1.22875 0.2011 5
    1.3082 0.5435 4
    1.48943 0.2554 2
  1.65581 1 - 3
    1.17568 0.355864 7
    1.26145 0.348765 5
    1.3409 0.29537 4
  1.68 11 + 2
    1.28564 0.5 5
    1.54632 0.5 2
  1.718 3 - 2
    1.40309 0.5 4
    1.66171 0.5 1
  1.756 7 + 2
    1.62232 0.5 2
    1.756 0.5 0
  1.77819 13 - 2
    1.19241 0.5848 13
    1.29806 0.4152 7
  1.81075 5 + 2
    1.22497 0.6667 13
    1.67707 0.3333 2
  1.8252 9 - 1
    1.69152 1 2
  1.845 3 + 2
    1.71132 0.5 2
    1.845 0.5 0
  1.8536 7 - 1
    1.53869 1 4
  1.85695 5 + 2
    1.37682 0.5405 7
    1.43972 0.4595 6
  1.9 11 - 2
    1.48277 0.5 6
    1.66928 0.5 3
  1.946 1 + 2
    1.63109 0.5 4
    1.88971 0.5 1
  1.979 9 - 2
    1.58464 0.5 5
    1.84532 0.5 2

65 162 9
  0 2 - 0
  0.0391 4 - 1
    0.0391 1 0
  0.097 6 - 1
    0.097 1 0
  0.176 8 - 1
    0.1369 1 1
  0.216 8 - 2
    0.04 0.5 3
    0.1769 0.5 1
  0.267 10 - 1
    0.17 1 2
  0.31 10 - 2
    0.043 0.5 5
    0.213 0.5 2
  0.34141 12 - 2
    0.30231 0.3671 1
    0.34141 0.6329 0
  0.44211 2 + 2
    0.40301 0.4598 1
    0.44211 0.5402 0

65 163 33
  0 3 + 0
  0.054 5 + 1
    0.054 1 0
  0.128 7 + 1
    0.128 1 0
  0.223 9 + 1
    0.169 1 1
  0.344 7 - 2
    0.216 0.3195 2
    0.29 0.6805 1
  0.373 5 + 1
    0.373 1 0
  0.422 9 - 1
    0.294 1 2
  0.452 7 + 2
    0.324 0.5 2
    0.452 0.5 0
  0.522 11 - 2
    0.178 0.5 4
    0.299 0.5 3
  0.552 9 + 2
    0.329 0.5 3
    0.498 0.5 1
  0.596 5 - 2
    0.468 0.5 2
    0.596 0.5 0
  0.64 3 + 2
    0.512 0.5 2
    0.64 0.5 0
  0.662 7 - 2
    0.439 0.5 3
    0.608 0.5 1
  0.678 5 + 2
    0.455 0.5 3
    0.624 0.5 1
  0.771 9 - 2
    0.349 0.5 6
    0.643 0.5 2
  0.89 11 - 2
    0.546 0.5 4
    0.667 0.5 3
  0.96 1 + 2
    0.587 0.5 5
    0.906 0.5 1
  0.987 3 + 2
    0.859 0.5 2
    0.987 0.5 0
  1.065 5 + 2
    0.842 0.5 3
    1.011 0.5 1
  1.112 7 + 2
    0.984 0.5 2
    1.112 0.5 0
  1.186 13 - 2
    0.415 0.5 14
    0.764 0.5 6
  1.219 1 + 2
    0.846 0.5 5
    1.165 0.5 1
  1.281 15 - 2
    0.391 0.5 15
    0.759 0.5 8
  1.351 9 + 2
    1.128 0.5 3
    1.297 0.5 1
  1.428 3 - 2
    1.084 0.5 4
    1.374 0.5 1
  1.498 13 - 2
    0.727 0.5 14
    1.076 0.5 6
  1.549 1 - 2
    0.953 0.5 10
    1.549 0.5 0
  1.815 7 - 2
    1.592 0.5 3
    1.761 0.5 1
  1.902 11 - 2
    1.558 0.5 4
    1.679 0.5 3
  1.982 11 - 2
    1.638 0.5 4
    1.759 0.5 3
  2.204 3 + 2
    2.076 0.5 2
    2.204 0.5 0
  2.334 5 - 2
    2.206 0.5 2
    2.334 0.5 0
  2.432 17 + 1
    1.151 1 22

65 164 1
  0 10 + 0

65 165 1
  0 3 + 0

65 166 5
  0 4 - 0
  0.04 0 - 1
    0.04 1 0
  0.1588 6 - 2
    0.1188 0.5 1
    0.1588 0.5 0
  0.6948 8 - 1
    0.536 1 2
  1.0155 2 - 2
    0.9755 0.4565 1
    1.0155 0.5435 0

65 167 1
  0 3 + 0

65 168 1
  0 8 - 0

