43 86 5
  0 0 + 0
  0.593 4 + 1
    0.593 1 0
  1.174 6 + 1
    0.581 1 1
  1.443 8 + 2
    0.269 0.5 2
    0.85 0.5 1
  1.524 12 + 1
    0.081 1 3

43 87 3
  0 9 + 0
  0.712 13 + 1
    0.712 1 0
  1.599 17 + 1
    0.887 1 1

43 88 2
  0 12 + 0
  0.2 6 + 1
    0.2 1 0

43 89 40
  0 9 + 0
  0.0626 1 - 1
    0.0626 1 0
  0.1792 7 + 1
    0.1792 1 0
  0.79 5 - 1
    0.7274 1 1
  0.7959 13 + 1
    0.7959 1 0
  0.9983 7 - 1
    0.8191 1 2
  1.1013 11 + 2
    0.9221 0.4414 2
    1.1013 0.5586 0
  1.3319 9 - 1
    0.5419 1 3
  1.6821 11 - 1
    0.6838 1 5
  1.7318 17 + 1
    0.9359 1 4
  1.8969 13 - 2
    0.2148 0.8177 8
    0.565 0.1823 7
  2.0319 17 + 2
    0.3001 0.2508 9
    1.236 0.7492 4
  2.0436 15 + 2
    0.9423 0.658 6
    1.2477 0.342 4
  2.3205 17 - 2
    0.2769 0.1734 12
    0.4236 0.8266 10
  2.4271 21 + 2
    0.3952 0.1079 11
    0.6953 0.8921 9
  2.5305 17 - 1
    0.21 1 13
  2.9238 19 - 1
    0.6033 1 13
  3.1035 23 + 1
    0.6764 1 14
  3.1128 21 - 2
    0.189 0.049781 16
    0.7923 0.950219 13
  3.2177 25 + 2
    0.1142 0.2823 17
    0.7906 0.7177 14
  3.3114 21 - 2
    0.1986 0.5393 18
    0.7809 0.4607 15
  4.0652 25 - 1
    0.9524 1 18
  4.224 25 - 1
    0.9126 1 20
  4.2432 29 + 1
    1.0255 1 19
  4.7136 27 - 2
    0.4896 0.3202 22
    0.6484 0.6798 21
  4.9423 29 - 2
    0.2287 0.1017 24
    0.8771 0.8983 21
  5.1138 29 - 2
    0.4002 0.7106 24
    1.0486 0.2894 21
  5.3292 33 + 1
    1.086 1 23
  5.3321 31 - 4
    0.2183 0.150883 26
    0.3898 0.63933 25
    0.6185 0.139985 24
    1.0889 0.069802 23
  5.6509 33 - 1
    0.3188 1 28
  6.1905 35 + 1
    0.8613 1 27
  6.4137 35 - 1
    1.0816 1 28
  6.5459 37 + 2
    0.3554 0.6732 30
    1.2167 0.3268 27
  6.612 37 - 2
    0.198299 0.226 31
    0.9611 0.774 29
  7.0113 37 + 1
    0.8208 1 30
  7.4021 39 + 2
    0.390801 0.481 34
    1.2116 0.519 30
  7.7657 41 - 1
    1.1537 1 33
  7.772 41 + 2
    0.369899 0.7109 35
    1.2261 0.2891 32
  9.1098 45 + 1
    1.3378 1 37
  9.1632 45 - 1
    1.3975 1 36

43 90 50
  0 16 + 0
  0.1037 12 + 1
    0.1037 1 0
  0.15252 8 - 1
    0.04882 1 1
  0.2 2 + 1
    0.2 1 0
  0.34034 10 - 2
    0.18782 0.912463 2
    0.23664 0.087536 1
  0.49409 18 + 1
    0.49409 1 0
  0.7 12 + 2
    0.5963 0.5 1
    0.7 0.5 0
  0.99372 20 + 2
    0.49963 0.052309 5
    0.99372 0.947691 0
  1.02384 14 - 1
    0.6835 1 4
  1.4859 22 + 2
    0.49218 0.908573 7
    0.99181 0.091427 5
  1.61385 20 + 2
    0.62013 0.1738 7
    1.11976 0.8262 5
  1.63194 18 - 2
    0.6081 0.6902 8
    1.13785 0.3098 5
  1.69878 20 + 1
    1.20469 1 5
  1.93856 24 + 2
    0.45266 0.055053 9
    0.94484 0.944947 7
  1.99509 22 - 5
    0.29631 0.01259 12
    0.36315 0.0455 11
    0.38124 0.03691 10
    0.50919 0.1688 9
    1.00137 0.7362 7
  2.18648 22 - 3
    0.19139 0.563089 14
    0.55454 0.361893 11
    1.19276 0.075019 7
  2.24795 24 + 1
    0.30939 1 13
  2.5374 26 + 2
    0.59884 0.8631 13
    1.0515 0.1369 9
  2.55788 24 - 2
    0.3714 0.075309 15
    0.56279 0.924691 14
  2.60049 24 - 2
    0.41401 0.3759 15
    0.6054 0.6241 14
  2.77561 26 - 5
    0.17512 0.099673 19
    0.21773 0.558517 18
    0.58913 0.040091 15
    0.78052 0.215806 14
    0.83705 0.085913 13
  2.94674 26 + 3
    0.40934 0.352035 17
    0.69879 0.175118 16
    1.00818 0.472847 13
  2.98201 26 - 2
    0.38152 0.2003 19
    0.42413 0.7997 18
  3.16777 28 + 3
    0.22103 0.081722 21
    0.63037 0.075962 17
    1.22921 0.842317 13
  3.20119 26 - 1
    0.6007 1 19
  3.38326 30 + 2
    0.21549 0.6838 23
    0.84586 0.3162 17
  3.40573 28 + 2
    0.23796 0.2105 23
    0.86833 0.7895 17
  3.48865 28 - 4
    0.28746 0.1082 24
    0.50664 0.2401 22
    0.71304 0.489 20
    0.93077 0.1627 18
  3.59308 30 + 3
    0.18735 0.277681 26
    0.20982 0.073565 25
    0.42531 0.648755 23
  3.67291 30 - 3
    0.18426 0.303506 27
    0.50514 0.033181 23
    0.8973 0.663313 20
  4.48642 32 + 1
    1.10316 1 25
  4.51212 34 + 2
    0.91904 0.2431 28
    1.12886 0.7569 25
  4.63712 34 - 1
    0.96421 1 29
  4.86466 34 + 2
    0.37824 0.3024 30
    1.4814 0.6976 25
  5.59918 36 + 1
    1.08706 1 31
  5.65125 38 + 1
    1.13913 1 31
  5.70593 38 - 1
    1.06881 1 32
  5.80821 38 + 1
    0.20903 1 34
  6.33854 38 + 1
    1.47388 1 33
  6.45527 40 + 2
    0.64706 0.1096 37
    0.80402 0.8904 35
  6.88481 42 + 1
    0.42954 1 39
  6.99394 42 - 1
    1.28801 1 36
  7.3734 40 + 1
    1.72215 1 35
  7.4396 44 - 1
    0.44566 1 41
  7.6788 42 + 2
    0.3054 0.3495 42
    1.34026 0.6505 38
  8.3944 46 - 1
    0.954801 1 43
  8.7565 44 + 3
    1.0777 0.1868 44
    1.87169 0.4444 40
    2.30123 0.3688 39
  9.3421 46 + 2
    0.5856 0.7697 46
    1.6633 0.2303 44
  9.8042 48 + 1
    0.462101 1 47
  11.2464 52 + 1
    1.4422 1 48

43 91 57
  0 9 + 0
  0.1393 1 - 1
    0.1393 1 0
  0.39451 7 + 1
    0.39451 1 0
  0.8849 5 - 1
    0.7456 1 1
  0.8929 13 + 1
    0.8929 1 0
  1.0971 11 + 3
    0.2042 0.1824 4
    0.70259 0.0412 2
    1.0971 0.7764 0
  1.53262 11 + 3
    0.43552 0.075491 5
    1.13811 0.299103 2
    1.53262 0.625406 0
  1.5558 9 - 2
    0.6709 0.5005 3
    1.5558 0.4995 0
  1.82133 17 + 1
    0.92843 1 4
  1.9431 13 - 4
    0.3873 0.1172 7
    0.41048 0.378 6
    0.846 0.3865 5
    1.0502 0.1183 4
  2.04484 15 + 3
    0.22351 0.3399 8
    0.94774 0.2684 5
    1.15194 0.3917 4
  2.13717 21 + 1
    0.31584 1 8
  2.15301 17 - 2
    0.10817 0.7941 10
    0.33168 0.2059 8
  2.76758 23 + 1
    0.63041 1 11
  2.98057 21 - 2
    0.82756 0.99207 12
    0.8434 0.00793 11
  3.1359 25 + 2
    0.36832 0.955462 13
    0.99873 0.044538 11
  3.34543 25 + 3
    0.20953 0.068463 15
    0.57785 0.682427 13
    1.20826 0.24911 11
  3.80437 25 - 2
    0.8238 0.971471 14
    1.03679 0.028529 13
  4.08036 25 - 3
    0.27599 0.6706 17
    0.94446 0.1647 15
    1.09979 0.1647 14
  4.1193 27 + 2
    0.77387 0.952429 16
    1.35172 0.047571 13
  4.35452 29 + 3
    0.23522 0.293418 19
    1.00909 0.059544 16
    1.21862 0.647039 15
  4.59489 27 - 3
    0.51453 0.331687 18
    0.79052 0.652674 17
    1.45899 0.015639 15
  4.70313 29 - 1
    0.89876 1 17
  4.75022 29 + 3
    0.3957 0.205921 20
    0.63092 0.441644 19
    1.61432 0.352435 15
  4.93573 29 - 2
    0.2326 0.015039 22
    0.34084 0.984961 21
  5.07793 31 - 2
    0.1422 0.6732 24
    0.3748 0.3268 22
  5.09056 31 + 3
    0.34034 0.087552 23
    0.73604 0.864917 20
    0.97126 0.047531 19
  5.2681 33 + 2
    0.17754 0.4383 26
    0.91358 0.5617 20
  5.3829 31 + 1
    1.02838 1 20
  5.56713 33 - 2
    0.4892 0.96909 25
    0.864 0.03091 22
  5.77612 33 + 2
    0.39322 0.4458 28
    0.68556 0.5542 26
  5.93367 35 + 2
    0.15755 0.030319 30
    0.66557 0.969681 27
  6.15873 35 - 2
    0.591601 0.4594 29
    1.0808 0.5406 25
  6.19216 33 + 6
    0.258491 0.050247 31
    0.809261 0.228989 28
    0.924061 0.246088 27
    1.1016 0.140193 26
    1.44194 0.105795 23
    1.83764 0.228689 20
  6.45235 37 + 1
    0.518681 1 31
  6.61581 37 - 2
    0.457079 0.95259 32
    1.04868 0.04741 29
  6.6908 3 - 1
    1.61287 1 25
  6.84307 35 + 2
    0.650909 0.926081 33
    1.57497 0.073919 27
  7.29285 37 + 3
    0.44978 0.5456 37
    1.10069 0.1955 33
    1.35918 0.2589 31
  7.50503 39 - 2
    0.88922 0.98523 35
    1.3463 0.01477 32
  7.66799 37 + 2
    1.47583 0.5989 33
    2.39989 0.4011 27
  7.71617 41 - 2
    0.21114 0.7858 39
    1.10036 0.2142 35
  7.9927 5 - 2
    1.3019 0.3464 36
    1.83397 0.6536 32
  8.14122 39 + 5
    0.47323 0.252075 40
    0.848371 0.251175 38
    1.29815 0.165583 37
    1.68887 0.107889 34
    2.20755 0.223278 31
  8.27658 39 + 3
    0.983731 0.599 38
    1.82423 0.2873 34
    2.34291 0.1137 31
  8.3923 41 + 1
    1.93995 1 34
  8.559 3 - 2
    0.566299 0.8333 42
    1.94319 0.1667 35
  8.83589 41 + 4
    0.559309 0.129604 44
    0.694669 0.775223 43
    1.54304 0.033271 38
    2.38354 0.061902 34
  9.0087 41 + 1
    2.55635 1 34
  9.29978 43 + 3
    0.291081 0.088237 48
    0.463891 0.872674 47
    1.15856 0.039089 43
  9.717 45 - 1
    2.00083 1 41
  10.1667 45 + 1
    1.7744 1 45
  10.388 5 - 1
    2.67183 1 41
  10.5054 47 + 1
    1.20562 1 49
  10.8435 3 - 1
    3.12733 1 41
  12.1725 5 - 1
    2.4555 1 50
  12.2251 7 - 1
    2.0584 1 51

43 92 51
  0 16 + 0
  0.21381 12 + 1
    0.21381 1 0
  0.27015 8 + 1
    0.05634 1 1
  0.38925 10 + 1
    0.1191 1 2
  0.52947 6 + 1
    0.25932 1 2
  0.57693 4 + 2
    0.04746 0.996549 4
    0.30678 0.003451 2
  0.6264 8 + 1
    0.23715 1 3
  0.68614 18 + 1
    0.68614 1 0
  0.71139 2 + 1
    0.13446 1 5
  0.9657 12 + 1
    0.57645 1 3
  1.1194 12 - 1
    0.493 1 6
  1.129 4 - 2
    0.41761 0.5 8
    0.59953 0.5 4
  1.16197 0 + 2
    0.45058 0.920982 8
    0.58504 0.079018 5
  1.1637 14 + 1
    0.198 1 9
  1.222 6 - 2
    0.64507 0.5 5
    0.95185 0.5 2
  1.324 2 - 2
    0.16203 0.5 12
    0.74707 0.5 5
  1.35548 20 + 2
    0.66934 0.2251 7
    1.35548 0.7749 0
  1.44392 2 + 1
    0.86699 1 5
  1.48725 8 + 1
    0.91032 1 5
  1.50292 16 + 1
    1.28911 1 1
  1.5892 4 - 1
    0.9628 1 6
  1.613 6 - 2
    1.03607 0.5 5
    1.34285 0.5 2
  1.7966 2 + 2
    0.63463 0.044062 12
    1.21967 0.955938 5
  1.98054 4 - 2
    1.26915 0.1736 8
    1.40361 0.8264 5
  2.0018 24 + 1
    0.64632 1 16
  2.05485 22 - 1
    0.69937 1 16
  2.107 2 + 1
    0.94503 1 12
  2.31608 2 + 2
    1.60469 0.918272 8
    1.73915 0.081728 5
  2.39098 2 + 7
    0.41044 0.096478 23
    0.59438 0.031749 22
    0.90373 0.042299 18
    0.94706 0.143597 17
    1.22901 0.180696 12
    1.67959 0.49479 8
    1.81405 0.01039 5
  2.5489 24 - 1
    0.49405 1 25
  2.6647 26 + 1
    0.6629 1 24
  2.77102 2 + 4
    0.97442 0.065774 22
    2.05963 0.714243 8
    2.19409 0.16641 5
    2.24155 0.053573 4
  2.94 26 - 1
    0.3911 1 29
  3.0048 2 + 2
    1.51755 0.7353 18
    2.42787 0.2647 5
  3.0481 2 + 4
    0.65712 0.157884 28
    1.56085 0.605839 18
    2.47117 0.163584 5
    2.51863 0.072693 4
  3.0694 26 - 2
    0.5205 0.4602 29
    1.01455 0.5398 25
  3.301 28 + 1
    0.6363 1 30
  3.5634 28 - 2
    0.494 0.909391 35
    1.0145 0.090609 29
  3.5879 30 + 1
    0.2869 1 36
  3.7092 2 + 3
    0.93818 0.568457 31
    2.99781 0.20442 8
    3.13227 0.227123 5
  3.813 0 + 2
    2.65103 0.5 12
    3.23607 0.5 5
  4.048 30 - 2
    0.4846 0.8203 37
    1.108 0.1797 32
  4.615 6 - 1
    1.0516 1 37
  4.7164 32 - 1
    0.6684 1 41
  4.7868 34 - 2
    0.0704 0.4178 43
    0.7388 0.5822 41
  5.3735 4 - 1
    1.7856 1 38
  5.6462 34 + 1
    2.0583 1 38
  6.0337 6 - 1
    1.9857 1 41
  6.2729 4 - 1
    0.626699 1 46
  6.7252 38 - 1
    1.9384 1 44
  7.8331 42 - 1
    1.1079 1 49

43 93 131
  0 9 + 0
  0.39184 1 - 1
    0.39184 1 0
  0.68059 7 + 1
    0.68059 1 0
  1.19 3 - 1
    1.19 1 0
  1.19413 7 - 1
    1.19413 1 0
  1.4078 5 - 1
    1.01596 1 1
  1.43442 13 + 1
    1.43442 1 0
  1.50304 3 - 1
    1.1112 1 1
  1.51595 11 + 2
    0.83536 0.03851 2
    1.51595 0.96149 0
  1.555 5 + 2
    0.365 0.5 3
    1.555 0.5 0
  1.78809 3 - 1
    1.39625 1 1
  1.80142 11 - 1
    1.80142 1 0
  1.96909 7 + 2
    0.56129 0.6062 5
    1.2885 0.3938 2
  2.1337 7 - 1
    0.7259 1 5
  2.142 5 + 2
    0.952 0.5 3
    2.142 0.5 0
  2.14545 13 - 2
    0.6295 0.3248 8
    0.71103 0.6752 6
  2.18484 17 + 1
    0.75042 1 6
  2.22145 17 - 2
    0.075995 0.98984 15
    0.787025 0.01016 6
  2.25773 11 - 1
    2.25773 1 0
  2.29 1 + 2
    0.78696 0.5 7
    1.1 0.5 3
  2.33889 5 + 2
    1.6583 0.2754 2
    2.33889 0.7246 0
  2.43108 9 + 4
    0.64299 0.038311 10
    0.92804 0.137903 7
    1.02328 0.057471 5
    2.03924 0.766315 1
  2.4902 3 - 1
    1.80961 1 2
  2.5353 21 + 1
    0.35046 1 16
  2.563 5 - 2
    1.88241 0.5 2
    2.17116 0.5 1
  2.63111 1 + 1
    1.95052 1 2
  2.71 3 - 2
    1.51587 0.5 4
    1.52 0.5 3
  2.84 9 + 2
    1.64587 0.5 4
    2.84 0.5 0
  3.1 5 - 2
    2.41941 0.5 2
    2.70816 0.5 1
  3.15 7 + 2
    1.7422 0.5 5
    2.46941 0.5 2
  3.2135 3 - 2
    2.01937 0.5 4
    2.0235 0.5 3
  3.2809 21 - 2
    0.7456 0.01672 23
    1.05945 0.98328 17
  3.353 1 + 2
    1.84996 0.5 7
    2.163 0.5 3
  3.58 5 + 2
    2.39 0.5 3
    3.58 0.5 0
  3.8884 25 - 1
    0.6075 1 31
  3.897 1 + 2
    2.39396 0.5 7
    2.707 0.5 3
  3.91475 7 - 3
    1.57586 0.1064 20
    2.72062 0.2603 4
    3.91475 0.6333 0
  3.9278 19 + 1
    1.74296 1 16
  3.95 3 - 2
    2.75587 0.5 4
    2.76 0.5 3
  4.104 1 + 2
    2.60096 0.5 7
    2.914 0.5 3
  4.1585 9 - 2
    3.47791 0.1935 2
    4.1585 0.8065 0
  4.1874 5 + 1
    4.1874 1 0
  4.2573 21 + 2
    0.3295 0.057228 37
    1.722 0.942772 23
  4.3444 3 - 1
    4.3444 1 0
  4.3896 7 - 1
    4.3896 1 0
  4.451 5 + 2
    3.261 0.5 3
    4.451 0.5 0
  4.6089 9 - 2
    3.92831 0.3289 2
    4.6089 0.6711 0
  4.619 3 + 1
    4.619 1 0
  4.66863 7 - 4
    2.32974 0.086018 20
    3.23421 0.537589 6
    3.98804 0.209696 2
    4.66863 0.166697 0
  4.7606 5 + 2
    4.08001 0.8547 2
    4.7606 0.1453 0
  4.764 3 - 2
    3.56987 0.5 4
    3.574 0.5 3
  4.775 9 + 2
    4.09441 0.909091 2
    4.775 0.090909 0
  4.9 7 - 2
    3.71 0.5 3
    4.9 0.5 0
  4.9378 5 + 2
    4.25721 0.6944 2
    4.9378 0.3056 0
  4.955 3 - 1
    4.955 1 0
  4.9739 25 + 1
    2.4386 1 23
  5.032 5 - 2
    4.35141 0.5 2
    4.64016 0.5 1
  5.0764 23 + 3
    0.8191 0.746537 42
    1.7955 0.178909 31
    2.5411 0.074554 23
  5.176 7 - 2
    3.986 0.5 3
    5.176 0.5 0
  5.2982 1 + 2
    4.10407 0.6135 4
    5.2982 0.3865 0
  5.316 3 - 2
    4.12187 0.5 4
    4.126 0.5 3
  5.49 1 + 2
    3.98696 0.5 7
    4.3 0.5 3
  5.492 5 - 2
    4.81141 0.5 2
    5.10016 0.5 1
  5.5643 25 + 2
    0.4879 0.3554 57
    1.307 0.6446 42
  5.62 1 + 2
    4.11696 0.5 7
    4.43 0.5 3
  5.648 9 - 2
    4.2402 0.5 5
    4.96741 0.5 2
  5.68 1 + 2
    4.17696 0.5 7
    4.49 0.5 3
  5.78 7 - 2
    4.59 0.5 3
    5.78 0.5 0
  5.83 3 - 2
    4.63587 0.5 4
    4.64 0.5 3
  5.98 1 + 2
    4.47696 0.5 7
    4.79 0.5 3
  6.0174 27 + 2
    0.4531 0.2221 63
    2.129 0.7779 34
  6.0533 25 - 1
    2.1649 1 34
  6.0878 29 + 2
    0.0704 0.278 70
    0.5235 0.722 63
  6.106 5 - 4
    2.8925 0.1082 30
    4.551 0.04992 9
    4.60296 0.009983 7
    5.71416 0.831897 1
  6.232 7 - 2
    5.042 0.5 3
    6.232 0.5 0
  6.366 3 + 1
    5.97416 1 1
  6.3731 27 - 3
    0.3198 0.06775 71
    1.3992 0.05195 55
    2.4847 0.8803 34
  6.454 29 - 1
    2.5656 1 34
  6.463 3 + 4
    4.67491 0.060576 10
    4.908 0.100993 9
    4.95996 0.030688 7
    6.07116 0.807743 1
  6.469 5 + 1
    4.914 1 9
  6.477 9 - 3
    4.922 0.109389 9
    4.97396 0.109389 7
    5.79641 0.781222 2
  6.531 3 + 3
    4.976 0.096489 9
    5.33687 0.02632 4
    6.13916 0.877191 1
  6.576 3 - 5
    3.3625 0.019839 30
    4.434 0.087296 14
    5.021 0.079366 9
    5.07296 0.019839 7
    6.18416 0.79366 1
  6.596 3 - 4
    4.80791 0.1315 10
    5.09296 0.2191 7
    5.40187 0.251 4
    6.20416 0.3984 1
  6.6 5 + 2
    5.09696 0.3789 7
    6.20816 0.6211 1
  6.6706 31 + 1
    0.5828 1 72
  6.8571 29 - 3
    0.4031 0.084206 77
    0.484 0.893555 76
    2.9687 0.022239 34
  7.16 7 + 2
    5.7522 0.5 5
    6.47941 0.5 2
  7.2822 33 + 2
    0.6116 0.97471 85
    1.1944 0.02529 72
  7.3735 31 - 2
    0.5164 0.7311 86
    1.0004 0.2689 76
  7.65 5 - 2
    6.96941 0.5 2
    7.25816 0.5 1
  7.8119 35 + 1
    0.5297 1 88
  7.8802 33 - 3
    0.5067 0.8408 89
    1.0231 0.1257 86
    1.2096 0.0335 85
  8.1 7 + 2
    6.6922 0.5 5
    7.41941 0.5 2
  8.3967 5 + 2
    7.2067 0.5 3
    8.3967 0.5 0
  8.4876 35 - 1
    0.6074 1 92
  8.4975 35 - 3
    0.6173 0.919282 92
    1.124 0.045869 89
    1.2153 0.034849 88
  8.8523 37 - 3
    0.354801 0.6311 96
    0.972101 0.2014 92
    1.0404 0.1675 91
  9.1397 37 - 1
    0.652101 1 95
  9.332 1 + 2
    7.82896 0.5 7
    8.142 0.5 3
  9.3724 37 - 1
    0.874901 1 96
  9.4206 39 - 2
    0.568299 0.7946 97
    0.9231 0.2054 96
  9.54 7 + 2
    8.1322 0.5 5
    8.85941 0.5 2
  9.78 7 + 2
    8.3722 0.5 5
    9.09941 0.5 2
  9.898 3 + 3
    8.10991 0.1514 10
    8.39496 0.3081 7
    9.50616 0.5405 1
  9.948 7 + 2
    8.5402 0.5 5
    9.26741 0.5 2
  10.11 5 + 2
    8.92 0.5 3
    10.11 0.5 0
  10.2722 39 + 1
    2.4603 1 91
  10.566 3 + 2
    9.88541 0.5 2
    10.1742 0.5 1
  10.728 11 - 2
    9.53387 0.5 4
    10.728 0.5 0
  10.833 1 + 2
    9.32996 0.5 7
    9.643 0.5 3
  11.0978 41 - 1
    2.2455 1 97
  11.19 1 + 2
    9.68696 0.5 7
    10 0.5 3
  11.289 3 + 2
    10.6084 0.5 2
    10.8972 0.5 1
  11.5264 43 - 2
    0.428601 0.1533 111
    2.1058 0.8467 101
  11.6 5 + 2
    10.41 0.5 3
    11.6 0.5 0
  11.79 9 - 2
    10.3822 0.5 5
    11.1094 0.5 2
  11.852 5 + 2
    10.662 0.5 3
    11.852 0.5 0
  12.016 3 + 2
    11.3354 0.5 2
    11.6242 0.5 1
  12.1 3 + 2
    11.4194 0.5 2
    11.7082 0.5 1
  12.209 5 - 2
    11.5284 0.5 2
    11.8172 0.5 1
  12.2182 43 + 1
    1.946 1 107
  12.436 3 - 2
    11.2419 0.5 4
    11.246 0.5 3
  12.584 3 + 2
    11.9034 0.5 2
    12.1922 0.5 1
  13.2583 9 - 1
    3.8377 1 101
  15.08 7 - 2
    13.89 0.5 3
    15.08 0.5 0
  16.86 5 - 2
    16.1794 0.5 2
    16.4682 0.5 1
  19.53 9 - 2
    18.1222 0.5 5
    18.8494 0.5 2
  20.48 7 - 2
    19.29 0.5 3
    20.48 0.5 0
  33.73 5 - 2
    33.0494 0.5 2
    33.3382 0.5 1
  47.3 11 - 2
    46.1059 0.5 4
    47.3 0.5 0

43 94 111
  0 14 + 0
  0.076 4 + 1
    0.076 1 0
  0.098 6 + 1
    0.098 1 0
  0.1034 12 + 1
    0.1034 1 0
  0.2124 10 + 1
    0.109 1 3
  0.244 8 + 1
    0.146 1 2
  0.336 4 - 2
    0.238 0.984 2
    0.26 0.016 1
  0.443 2 + 1
    0.367 1 1
  0.478 6 - 4
    0.142 0.504495 6
    0.234 0.153498 5
    0.38 0.256097 2
    0.402 0.085909 1
  0.801 4 - 2
    0.358 0.3 7
    0.465 0.7 6
  0.826 4 + 3
    0.383 0.1103 7
    0.728 0.4404 2
    0.75 0.4493 1
  0.921 6 + 2
    0.677 0.521 5
    0.823 0.479 2
  0.929 8 + 2
    0.685 0.4287 5
    0.831 0.5713 2
  0.956 6 - 2
    0.478 0.019651 8
    0.62 0.980349 6
  0.968 2 + 2
    0.525 0.094427 7
    0.892 0.905573 1
  1.048 6 + 3
    0.605 0.66052 7
    0.95 0.029671 2
    0.972 0.309809 1
  1.181 6 - 3
    0.703 0.578223 8
    0.845 0.369815 6
    1.105 0.051962 1
  1.267 6 + 5
    0.338 0.038849 12
    0.441 0.281592 10
    1.023 0.549384 5
    1.169 0.060418 2
    1.191 0.069758 1
  1.317 8 - 3
    0.361 0.1013 13
    0.839 0.5584 8
    1.219 0.3403 2
  1.355 6 - 3
    1.019 0.740837 6
    1.257 0.088854 2
    1.279 0.170309 1
  1.368 4 + 5
    0.4 0.100201 14
    0.447 0.050361 11
    0.542 0.122201 10
    0.925 0.050131 7
    1.292 0.677107 1
  1.374 18 + 1
    1.374 1 0
  1.397 6 - 3
    0.596 0.040248 9
    1.061 0.819659 6
    1.321 0.140093 1
  1.41 6 + 4
    0.481 0.029132 12
    0.584 0.190713 10
    1.312 0.580041 2
    1.334 0.200114 1
  1.432 2 + 3
    0.464 0.0377 14
    0.606 0.7521 10
    0.989 0.2102 7
  1.4478 16 + 2
    1.3444 0.3056 3
    1.4478 0.6944 0
  1.543 6 + 3
    1.299 0.5102 5
    1.445 0.2602 2
    1.467 0.2296 1
  1.663 6 + 2
    0.695 0.2427 14
    1.22 0.7573 7
  1.682 6 - 3
    1.204 0.821708 8
    1.346 0.147901 6
    1.584 0.03039 2
  1.743 2 - 2
    1.265 0.5 8
    1.667 0.5 1
  1.781 6 + 2
    1.445 0.6411 6
    1.705 0.3589 1
  1.86 6 - 2
    0.428 0.7136 24
    1.417 0.2864 7
  1.868 6 + 4
    0.912 0.1589 13
    1.532 0.361 6
    1.77 0.2094 2
    1.792 0.2707 1
  1.887 6 - 2
    1.444 0.7875 7
    1.811 0.2125 1
  1.977 2 + 2
    1.499 0.2309 8
    1.641 0.7691 6
  2.005 2 - 2
    1.527 0.2308 8
    1.669 0.7692 6
  2.025 2 - 2
    1.224 0.7577 9
    1.689 0.2423 6
  2.0641 22 + 1
    0.6901 1 21
  2.0671 18 - 2
    0.6193 0.637 25
    0.6931 0.363 21
  2.097 6 + 3
    1.176 0.2501 11
    1.999 0.3906 2
    2.021 0.3593 1
  2.135 2 + 5
    0.703 0.67928 24
    1.087 0.081408 15
    1.692 0.099657 7
    2.037 0.089487 2
    2.059 0.050168 1
  2.17 4 - 2
    0.773 0.2002 22
    1.834 0.7998 6
  2.211 2 + 1
    1.243 1 14
  2.217 4 - 1
    1.774 1 7
  2.244 2 - 2
    1.288 0.5496 13
    1.801 0.4504 7
  2.2542 20 - 2
    0.1871 0.7192 38
    0.8802 0.2808 21
  2.267 2 + 1
    2.191 1 1
  2.271 6 - 2
    1.303 0.5589 14
    1.828 0.4411 7
  2.31 6 + 2
    1.342 0.6098 14
    2.234 0.3902 1
  2.3471 26 + 1
    0.283 1 37
  2.397 8 - 2
    2.1846 0.5 4
    2.299 0.5 2
  2.4245 22 - 1
    0.1703 1 45
  2.504 4 - 2
    2.168 0.5 6
    2.406 0.5 2
  2.719 2 + 2
    2.383 0.5 6
    2.621 0.5 2
  2.86 8 - 2
    2.6476 0.5 4
    2.762 0.5 2
  2.96 6 + 2
    2.7476 0.5 4
    2.862 0.5 2
  3.014 4 - 1
    0.6669 1 49
  3.082 6 + 2
    2.8696 0.5 4
    2.984 0.5 2
  3.144 10 - 2
    2.9 0.5 5
    3.0406 0.5 3
  3.187 8 - 2
    2.9746 0.5 4
    3.089 0.5 2
  3.261 4 - 2
    2.925 0.5 6
    3.163 0.5 2
  3.31 0 - 2
    2.867 0.5 7
    2.974 0.5 6
  3.363 10 - 2
    3.119 0.5 5
    3.2596 0.5 3
  3.431 4 - 2
    3.095 0.5 6
    3.333 0.5 2
  3.4568 26 - 3
    0.4428 0.081246 56
    1.0323 0.813059 51
    1.1097 0.105695 49
  3.499 8 - 2
    3.2866 0.5 4
    3.401 0.5 2
  3.574 4 + 2
    3.33 0.5 5
    3.498 0.5 1
  3.627 0 - 2
    3.184 0.5 7
    3.291 0.5 6
  3.677 10 + 2
    3.579 0.5 2
    3.677 0.5 0
  3.756 8 - 2
    3.5436 0.5 4
    3.658 0.5 2
  3.792 6 + 2
    3.5796 0.5 4
    3.694 0.5 2
  3.84 6 + 2
    3.6276 0.5 4
    3.742 0.5 2
  3.889 4 - 2
    3.553 0.5 6
    3.791 0.5 2
  3.956 6 + 2
    3.7436 0.5 4
    3.858 0.5 2
  3.97 28 + 1
    1.6229 1 49
  4.036 4 - 2
    3.7 0.5 6
    3.938 0.5 2
  4.0619 30 - 2
    0.0919 0.1573 74
    0.6051 0.8427 64
  4.071 8 - 2
    3.8586 0.5 4
    3.973 0.5 2
  4.132 6 + 2
    3.9196 0.5 4
    4.034 0.5 2
  4.227 6 + 2
    4.0146 0.5 4
    4.129 0.5 2
  4.272 4 - 2
    3.936 0.5 6
    4.174 0.5 2
  4.2932 30 + 1
    0.2313 1 76
  4.356 10 - 2
    4.112 0.5 5
    4.2526 0.5 3
  4.427 8 - 2
    4.2146 0.5 4
    4.329 0.5 2
  4.547 32 - 1
    0.4851 1 76
  4.7671 32 - 1
    0.7052 1 76
  5.07 4 + 2
    4.826 0.5 5
    4.994 0.5 1
  5.24 0 + 2
    4.414 0.5 10
    5.164 0.5 1
  5.2761 34 - 1
    0.509 1 85
  5.2842 34 - 1
    0.517101 1 85
  5.292 32 - 1
    1.2301 1 76
  5.38 4 + 2
    5.136 0.5 5
    5.304 0.5 1
  5.6394 36 - 1
    0.355199 1 89
  5.6523 36 - 1
    0.368099 1 89
  5.8292 36 - 1
    0.5531 1 88
  6.4539 32 - 1
    2.392 1 76
  6.5444 38 - 1
    0.7152 1 94
  6.5539 32 - 1
    2.492 1 76
  6.5711 32 + 2
    2.2779 0.6024 81
    2.5092 0.3976 76
  6.6241 36 - 1
    0.1702 1 95
  6.7575 38 - 1
    1.1052 1 93
  6.9006 40 - 1
    0.3562 1 96
  6.9742 38 - 1
    0.350101 1 99
  7.1149 34 - 1
    0.561 1 97
  7.728 36 - 1
    0.6131 1 103
  7.9246 40 - 1
    1.1671 1 100
  8.0222 34 + 1
    1.4511 1 98
  8.5378 42 - 1
    0.613199 1 105
  8.5592 36 + 1
    0.536999 1 106
  9.1203 38 + 1
    0.5611 1 108
  9.1864 38 + 1
    0.6272 1 108

43 95 133
  0 9 + 0
  0.03891 1 - 1
    0.03891 1 0
  0.336413 7 + 1
    0.336413 1 0
  0.62686 5 + 2
    0.290447 0.1779 2
    0.62686 0.8221 0
  0.64655 3 - 1
    0.60764 1 1
  0.66782 5 - 2
    0.331407 0.019061 2
    0.62891 0.980939 1
  0.88223 13 + 1
    0.88223 1 0
  0.92781 3 + 3
    0.30095 0.4603 3
    0.591397 0.2403 2
    0.8889 0.2994 1
  0.95699 11 + 2
    0.620577 0.019639 2
    0.95699 0.980361 0
  0.98 3 + 2
    0.643587 0.5 2
    0.94109 0.5 1
  1.03387 1 + 1
    0.99496 1 1
  1.08497 5 + 3
    0.45811 0.032409 3
    0.748557 0.949662 2
    1.08497 0.017929 0
  1.1786 7 + 3
    0.55174 0.254625 3
    0.842187 0.193319 2
    1.1786 0.552055 0
  1.201 3 - 2
    0.55445 0.5 4
    0.57414 0.5 3
  1.21313 9 - 2
    0.876717 0.906636 2
    1.21313 0.093364 0
  1.21455 9 - 3
    0.54673 0.677932 5
    0.878137 0.166783 2
    1.21455 0.155284 0
  1.27592 3 + 2
    0.6081 0.3105 5
    1.23701 0.6895 1
  1.28149 7 - 3
    0.61367 0.756261 5
    0.945077 0.098128 2
    1.28149 0.145612 0
  1.3072 11 + 2
    0.970787 0.1804 2
    1.3072 0.8196 0
  1.40754 7 - 1
    1.40754 1 0
  1.41641 3 - 3
    0.74859 0.601758 5
    0.76986 0.299079 4
    1.3775 0.099163 1
  1.43325 5 + 7
    0.25465 0.008485 12
    0.34828 0.007979 11
    0.50544 0.004566 7
    0.7867 0.001916 4
    0.80639 0.154193 3
    1.09684 0.798363 2
    1.43325 0.024499 0
  1.51525 17 + 1
    0.63302 1 6
  1.54946 15 + 2
    0.59247 0.5293 8
    0.66723 0.4707 6
  1.61853 5 - 4
    0.34261 0.1234 16
    0.95071 0.4156 5
    0.97198 0.1662 4
    1.57962 0.2948 1
  1.63203 11 - 2
    0.7498 0.5815 6
    1.63203 0.4185 0
  1.63943 3 - 2
    0.71162 0.8703 7
    0.99288 0.1297 4
  1.69131 5 + 4
    0.60634 0.054893 11
    1.06445 0.396524 3
    1.3549 0.484629 2
    1.69131 0.063954 0
  1.69453 3 + 4
    1.02671 0.3157 5
    1.04798 0.2709 4
    1.06767 0.2116 3
    1.35812 0.2018 2
  1.70211 13 - 2
    0.48756 0.38 15
    0.74512 0.62 8
  1.733 1 - 2
    1.06518 0.5 5
    1.69409 0.5 1
  1.74702 5 + 6
    0.31377 0.050862 21
    0.81921 0.144605 7
    1.10047 0.026781 4
    1.12016 0.210908 3
    1.41061 0.557921 2
    1.74702 0.008923 0
  1.78531 7 + 4
    0.57218 0.081401 14
    1.15845 0.452005 3
    1.4489 0.082691 2
    1.78531 0.383904 0
  1.83765 1 - 2
    1.50124 0.5495 2
    1.83765 0.4505 0
  1.8739 9 - 1
    1.8739 1 0
  1.88817 5 - 3
    0.96036 0.3401 7
    1.22035 0.1523 5
    1.26131 0.5076 3
  1.92004 7 - 4
    0.64412 0.056857 16
    0.99223 0.066887 7
    1.25222 0.668867 5
    1.27349 0.20739 4
  1.92551 9 - 2
    1.58909 0.7634 2
    1.92551 0.2366 0
  1.93 1 + 2
    1.28345 0.5 4
    1.30314 0.5 3
  1.95898 5 - 2
    1.62257 0.6667 2
    1.95898 0.3333 0
  1.97856 7 - 5
    0.89359 0.093658 11
    1.05075 0.668957 7
    1.3517 0.208018 3
    1.64215 0.025822 2
    1.97856 0.003545 0
  2.03234 7 + 3
    1.36452 0.775185 5
    1.69593 0.093018 2
    2.03234 0.131797 0
  2.08609 3 + 6
    0.44666 0.016219 26
    0.65284 0.207493 21
    1.15828 0.27269 7
    1.41827 0.006816 5
    1.45923 0.426085 3
    2.04718 0.070697 1
  2.1181 1 - 1
    2.1181 1 0
  2.11964 15 + 2
    0.60439 0.1704 22
    1.23741 0.8296 6
  2.1641 5 - 2
    1.82769 0.4186 2
    2.1641 0.5814 0
  2.16827 7 + 9
    0.42125 0.035017 31
    0.47696 0.024718 27
    0.73502 0.25348 21
    0.98967 0.351772 12
    1.24046 0.039737 7
    1.52172 0.013709 4
    1.54141 0.141289 3
    1.83186 0.11989 2
    2.16827 0.020388 0
  2.18386 19 + 2
    0.6344 0.4596 23
    0.66861 0.5404 22
  2.1891 9 - 7
    0.75585 0.129392 21
    1.0105 0.404376 12
    1.10413 0.117293 11
    1.26129 0.185989 7
    1.56224 0.072786 3
    1.85269 0.067926 2
    2.1891 0.022239 0
  2.20359 3 - 2
    0.56416 0.4475 26
    1.11862 0.5525 11
  2.2106 5 - 2
    1.87419 0.8621 2
    2.2106 0.1379 0
  2.2129 17 - 3
    0.51079 0.174293 29
    0.66344 0.75477 23
    0.69765 0.070937 22
  2.21963 7 + 3
    1.29182 0.731585 7
    1.88322 0.202596 2
    2.21963 0.065819 0
  2.2315 17 + 3
    0.68204 0.101803 23
    0.71625 0.848225 22
    1.34927 0.049971 6
  2.23697 3 - 1
    1.61011 1 3
  2.2406 5 + 2
    1.90419 0.5 2
    2.2406 0.5 0
  2.25196 7 + 4
    0.56065 0.096358 27
    1.32415 0.032259 7
    1.6251 0.185296 3
    2.25196 0.686086 0
  2.26759 7 + 7
    0.57628 0.034479 27
    0.83434 0.059018 21
    1.08899 0.186794 12
    1.18262 0.186694 11
    1.33978 0.211294 7
    1.93118 0.245593 2
    2.26759 0.076128 0
  2.3183 1 - 2
    1.98189 0.8696 2
    2.3183 0.1304 0
  2.32448 9 - 4
    0.89123 0.075816 21
    1.69762 0.051727 3
    1.98807 0.289286 2
    2.32448 0.583171 0
  2.32872 3 + 6
    0.5817 0.181896 31
    0.68929 0.241095 26
    1.24375 0.118998 11
    1.40091 0.089248 7
    1.70186 0.297394 3
    2.28981 0.071369 1
  2.3823 5 - 4
    0.40374 0.4237 40
    1.29733 0.2119 11
    1.75544 0.2119 3
    2.3823 0.1525 0
  2.40954 11 - 3
    0.66252 0.374296 31
    0.97629 0.534795 21
    2.40954 0.090909 0
  2.454 1 + 2
    1.80745 0.5 4
    1.82714 0.5 3
  2.4747 3 - 1
    0.95945 1 22
  2.54696 21 + 2
    0.3631 0.6389 47
    1.03171 0.3611 22
  2.55 5 - 2
    2.21359 0.5 2
    2.51109 0.5 1
  2.556 9 + 1
    2.556 1 0
  2.696 3 - 2
    2.04945 0.5 4
    2.06914 0.5 3
  2.7065 15 + 1
    1.00439 1 29
  2.78 1 + 2
    2.13345 0.5 4
    2.15314 0.5 3
  2.83 5 - 2
    2.49359 0.5 2
    2.79109 0.5 1
  2.844 23 + 1
    0.66014 1 47
  2.8468 7 - 1
    0.6339 1 51
  2.90646 23 + 2
    0.3595 0.3958 65
    0.7226 0.6042 47
  2.938 1 + 2
    2.29145 0.5 4
    2.31114 0.5 3
  3.001 5 - 2
    2.66459 0.5 2
    2.96209 0.5 1
  3.02407 21 - 1
    0.81117 1 51
  3.03927 19 - 2
    0.49231 0.3902 65
    1.52402 0.6098 22
  3.06531 3 + 2
    1.51585 0.2593 23
    1.55006 0.7407 22
  3.119 1 + 2
    2.47245 0.5 4
    2.49214 0.5 3
  3.21 1 + 2
    2.56345 0.5 4
    2.58314 0.5 3
  3.27465 21 + 1
    1.7594 1 22
  3.339 1 + 2
    2.69245 0.5 4
    2.71214 0.5 3
  3.401 5 - 2
    3.06459 0.5 2
    3.36209 0.5 1
  3.49 9 - 2
    2.82218 0.5 5
    3.15359 0.5 2
  3.516 25 + 1
    0.96904 1 65
  3.52 1 + 2
    2.87345 0.5 4
    2.89314 0.5 3
  3.5785 23 - 1
    0.55443 1 77
  3.65 3 - 2
    3.00345 0.5 4
    3.02314 0.5 3
  3.7 7 - 2
    3.07314 0.5 3
    3.7 0.5 0
  3.805 1 + 2
    3.15845 0.5 4
    3.17814 0.5 3
  3.82186 25 - 1
    0.79779 1 77
  3.9183 29 + 1
    0.4023 1 86
  3.92 1 + 2
    3.27345 0.5 4
    3.29314 0.5 3
  3.986 5 - 2
    3.64959 0.5 2
    3.94709 0.5 1
  4.04 1 + 2
    3.39345 0.5 4
    3.41314 0.5 3
  4.0816 3 - 1
    0.5656 1 86
  4.11 1 + 2
    3.46345 0.5 4
    3.48314 0.5 3
  4.1189 7 - 1
    0.2006 1 93
  4.1274 29 - 1
    0.30554 1 92
  4.18 5 - 2
    3.84359 0.5 2
    4.14109 0.5 1
  4.254 3 - 2
    3.60745 0.5 4
    3.62714 0.5 3
  4.293 27 + 2
    0.3747 0.3118 93
    0.777 0.6882 86
  4.4 7 - 2
    3.77314 0.5 3
    4.4 0.5 0
  4.5 5 + 2
    3.87314 0.5 3
    4.5 0.5 0
  4.74 1 + 2
    4.09345 0.5 4
    4.11314 0.5 3
  4.7837 9 - 1
    0.6563 1 100
  4.97135 29 - 2
    0.84395 0.2189 100
    1.14949 0.7811 92
  5.22 1 + 2
    4.57345 0.5 4
    4.59314 0.5 3
  5.35 1 + 2
    4.70345 0.5 4
    4.72314 0.5 3
  5.3668 3 - 1
    0.5831 1 107
  5.5993 31 + 1
    1.681 1 93
  5.6438 29 + 1
    0.8601 1 107
  5.7293 31 + 1
    1.811 1 93
  5.8316 33 - 1
    0.86025 1 108
  5.9054 33 + 1
    0.1761 1 114
  6.1246 5 - 1
    0.293 1 115
  6.3567 7 - 1
    0.5251 1 115
  6.501 3 - 1
    1.1342 1 111
  6.6195 35 + 1
    0.7141 1 116
  6.6685 33 + 1
    1.0692 1 112
  7.3177 35 - 1
    1.4861 1 115
  7.9206 35 - 1
    2.089 1 115
  8.2986 35 - 1
    2.467 1 115
  8.5397 37 - 1
    0.619101 1 123
  8.9715 33 + 1
    2.303 1 121
  9.1487 35 + 1
    0.177201 1 126
  9.2598 41 - 1
    0.720099 1 125
  10.1488 37 + 1
    1.0001 1 127
  10.6599 45 - 1
    1.4001 1 128
  12.0789 47 - 1
    1.419 1 130
  14.4609 5 + 1
    2.382 1 131

43 96 129
  0 14 + 0
  0.03423 8 + 1
    0.03423 1 0
  0.03538 4 + 1
    0.00115 1 1
  0.04075 6 + 1
    0.04075 1 0
  0.04528 10 + 2
    0.00453 0.5 3
    0.04528 0.5 0
  0.04919 12 + 1
    0.04919 1 0
  0.12124 4 - 2
    0.08049 0.8272 3
    0.08586 0.1728 2
  0.17699 10 + 3
    0.1278 0.325792 5
    0.14276 0.670685 1
    0.17699 0.003523 0
  0.22712 6 - 2
    0.10588 0.8986 6
    0.19174 0.1014 2
  0.22876 8 + 3
    0.05177 0.089729 7
    0.18348 0.843992 4
    0.18801 0.066279 3
  0.23931 6 + 1
    0.20508 1 1
  0.25606 4 + 2
    0.21531 0.7634 3
    0.22068 0.2366 2
  0.3166 6 - 3
    0.19536 0.870265 6
    0.27585 0.113195 3
    0.28237 0.016539 1
  0.31921 12 + 2
    0.27393 0.5479 4
    0.31921 0.4521 0
  0.32158 6 - 4
    0.06552 0.1357 11
    0.28083 0.2172 3
    0.2862 0.2128 2
    0.28735 0.4343 1
  0.35253 6 - 3
    0.12541 0.069269 8
    0.23129 0.894891 6
    0.31178 0.03584 3
  0.44491 6 + 4
    0.18885 0.025808 11
    0.21615 0.077264 9
    0.40953 0.329274 2
    0.41068 0.567655 1
  0.45816 6 + 2
    0.2021 0.5136 11
    0.42278 0.4864 2
  0.49312 6 + 3
    0.23706 0.082589 11
    0.26436 0.872791 9
    0.37188 0.04462 6
  0.50632 10 + 6
    0.18711 0.033009 13
    0.27756 0.01018 9
    0.32933 0.01806 7
    0.45713 0.717786 5
    0.46104 0.027269 4
    0.47209 0.193696 1
  0.53025 8 + 4
    0.30149 0.057659 9
    0.35326 0.02375 7
    0.48497 0.656193 4
    0.4895 0.262397 3
  0.53626 8 - 5
    0.18373 0.077235 15
    0.21468 0.218585 14
    0.21966 0.199286 12
    0.30914 0.052726 8
    0.41502 0.452168 6
  0.54209 10 + 1
    0.4929 1 5
  0.5478 6 - 1
    0.29174 1 11
  0.55187 8 - 6
    0.23527 0.100997 12
    0.32311 0.067228 9
    0.37488 0.029199 7
    0.50659 0.234693 4
    0.51112 0.378589 3
    0.51764 0.189294 1
  0.56411 6 + 4
    0.30805 0.067775 11
    0.44287 0.017861 6
    0.52873 0.417429 2
    0.52988 0.496935 1
  0.56558 10 + 5
    0.24637 0.020529 13
    0.38859 0.170895 7
    0.51639 0.175395 5
    0.5203 0.117596 4
    0.53135 0.515585 1
  0.56802 6 - 1
    0.3409 1 8
  0.57494 14 + 4
    0.25573 0.261407 13
    0.39795 0.006054 7
    0.52575 0.668417 5
    0.57494 0.064122 0
  0.58581 8 + 2
    0.26921 0.2903 12
    0.3465 0.7097 10
  0.61956 6 - 4
    0.26703 0.1147 15
    0.39244 0.2947 8
    0.49832 0.3767 6
    0.57881 0.2139 3
  0.62274 8 + 2
    0.38343 0.3165 10
    0.57746 0.6835 4
  0.62731 6 - 6
    0.27478 0.069522 15
    0.31071 0.105887 12
    0.39855 0.031786 9
    0.50607 0.374655 6
    0.58656 0.209075 3
    0.59193 0.209075 2
  0.64667 8 - 2
    0.29414 0.8311 15
    0.41955 0.1689 8
  0.6559 6 + 1
    0.16278 1 18
  0.72055 12 + 2
    0.54356 0.219 7
    0.72055 0.781 0
  0.7326 8 - 4
    0.38007 0.39582 15
    0.416 0.363618 12
    0.50548 0.024051 8
    0.61136 0.216511 6
  0.7398 10 + 1
    0.69061 1 5
  0.74976 6 - 1
    0.4937 1 11
  0.75252 12 + 3
    0.57553 0.499105 7
    0.70333 0.03739 5
    0.75252 0.463505 0
  0.78882 8 - 3
    0.47222 0.368693 12
    0.66758 0.565789 6
    0.75459 0.065519 1
  0.79415 8 - 2
    0.47755 0.8414 12
    0.67291 0.1586 6
  0.80144 8 - 3
    0.44891 0.1942 15
    0.48484 0.1815 12
    0.6802 0.6243 6
  0.8151 8 + 3
    0.63811 0.627137 7
    0.76591 0.263174 5
    0.76982 0.109689 4
  0.81643 6 + 3
    0.58931 0.4329 8
    0.69519 0.4198 6
    0.7822 0.1473 1
  0.82095 0 - 1
    0.69971 1 6
  0.825055 12 + 3
    0.505845 0.272827 13
    0.648065 0.373037 7
    0.775865 0.354135 5
  0.8284 2 - 2
    0.57234 0.3508 11
    0.79302 0.6492 2
  0.8399 2 - 1
    0.61278 1 8
  0.86715 8 - 1
    0.55055 1 12
  0.88584 12 + 5
    0.3109 0.460291 28
    0.32026 0.151697 26
    0.37952 0.094318 19
    0.84056 0.190996 4
    0.88584 0.102698 0
  0.90951 8 + 5
    0.40319 0.104508 19
    0.58793 0.49464 14
    0.68075 0.111909 9
    0.73252 0.096028 7
    0.86423 0.192915 4
  0.92721 18 + 1
    0.92721 1 0
  0.9339 6 + 4
    0.61232 0.1386 14
    0.70514 0.2102 9
    0.88862 0.4201 4
    0.89967 0.2311 1
  0.9424 8 + 1
    0.6258 1 12
  0.94693 16 + 3
    0.37199 0.4552 28
    0.89774 0.2092 5
    0.94693 0.3356 0
  0.97121 6 + 3
    0.18239 0.3796 40
    0.71515 0.3345 11
    0.93583 0.2859 2
  0.97902 10 - 6
    0.11187 0.014209 49
    0.42715 0.438882 24
    0.66242 0.336587 12
    0.75026 0.081607 9
    0.93374 0.031419 4
    0.94479 0.097296 1
  0.98069 10 - 2
    0.8037 0.5182 7
    0.9315 0.4818 5
  1.04091 14 + 2
    0.7217 0.3791 13
    1.04091 0.6209 0
  1.04225 10 + 2
    0.99306 0.375 5
    1.00802 0.625 1
  1.0539 10 + 1
    1.00471 1 5
  1.06244 16 + 3
    0.13523 0.071563 52
    0.4875 0.572523 28
    1.01325 0.355914 5
  1.0657 6 + 1
    0.80964 1 11
  1.0716 12 - 1
    0.89461 1 7
  1.1031 14 - 1
    1.05391 1 5
  1.11825 12 + 2
    0.79904 0.4446 13
    0.94126 0.5554 7
  1.13895 16 + 4
    0.21174 0.04346 52
    0.56401 0.071491 28
    1.08976 0.04614 5
    1.13895 0.838908 0
  1.14447 10 - 2
    0.917345 0.4014 8
    1.11024 0.5986 1
  1.149 10 - 2
    0.82979 0.3866 13
    1.11477 0.6134 1
  1.15204 12 - 6
    0.17302 0.071324 57
    0.60017 0.443065 24
    0.83283 0.114891 13
    0.97505 0.053026 7
    1.10676 0.256279 4
    1.15204 0.061415 0
  1.158 4 - 2
    1.03676 0.5 6
    1.11725 0.5 3
  1.18323 10 - 5
    0.39441 0.1045 40
    0.59742 0.1994 29
    0.67691 0.2458 19
    1.00624 0.1774 7
    1.13404 0.2729 5
  1.18756 10 + 4
    0.32041 0.198712 49
    0.36661 0.050243 45
    0.63569 0.50753 24
    1.13837 0.243515 5
  1.20274 12 + 3
    0.88353 0.326633 13
    1.15355 0.510151 5
    1.16851 0.163216 1
  1.2116 8 + 1
    0.895 1 12
  1.25509 8 - 2
    1.0781 0.5263 7
    1.20981 0.4737 4
  1.271 4 - 1
    0.91847 1 15
  1.29021 8 - 2
    0.78389 0.565 19
    1.11322 0.435 7
  1.2944 10 - 1
    1.11741 1 7
  1.31411 10 + 7
    0.16207 0.030979 70
    0.9949 0.201192 13
    1.08535 0.081607 9
    1.13712 0.059748 7
    1.26492 0.180693 5
    1.26883 0.154394 4
    1.31411 0.291388 0
  1.338 4 - 2
    1.21676 0.5 6
    1.29725 0.5 3
  1.36681 2 - 1
    1.05021 1 12
  1.4083 8 - 1
    1.23131 1 7
  1.43791 6 - 2
    0.57076 0.6336 49
    1.20915 0.3664 9
  1.44773 18 + 3
    0.38529 0.4458 62
    0.5008 0.2443 55
    0.87279 0.3099 28
  1.4823 8 - 2
    1.30531 0.6666 7
    1.36106 0.3334 6
  1.48745 16 - 1
    0.91251 1 28
  1.51621 4 - 2
    1.197 0.6289 13
    1.33922 0.3711 7
  1.5362 4 - 1
    1.35921 1 7
  1.55702 2 - 2
    0.64751 0.6993 51
    1.38003 0.3007 7
  1.5964 4 - 1
    1.41941 1 7
  1.6038 12 - 3
    0.624775 0.4335 57
    1.05193 0.2336 24
    1.6038 0.3329 0
  1.6102 2 - 1
    0.49195 1 66
  1.6363 4 - 1
    1.45931 1 7
  1.661 2 - 2
    1.43388 0.5 8
    1.62562 0.5 2
  1.70334 20 + 3
    0.25561 0.353365 85
    0.75641 0.160484 55
    0.77613 0.486151 52
  1.76742 4 - 1
    1.44821 1 13
  1.825 2 + 2
    1.70376 0.5 6
    1.78425 0.5 3
  1.86174 18 + 2
    0.7993 0.5876 62
    0.91481 0.4124 55
  1.884 4 - 2
    1.76276 0.5 6
    1.84325 0.5 3
  1.92268 22 + 1
    0.99547 1 52
  1.94 2 + 2
    1.81876 0.5 6
    1.89925 0.5 3
  1.9744 16 - 1
    1.39946 1 28
  2.02 4 - 2
    1.89876 0.5 6
    1.97925 0.5 3
  2.14834 22 + 3
    0.22566 0.437156 101
    0.445 0.328367 96
    1.22113 0.234477 52
  2.214 20 + 3
    0.35226 0.7118 99
    0.51066 0.1479 96
    1.15156 0.1403 62
  2.31789 24 + 3
    0.16955 0.243024 105
    0.39521 0.580258 101
    0.61455 0.176718 96
  2.39754 22 + 2
    0.18354 0.4271 106
    0.5358 0.5729 99
  2.59989 26 + 1
    0.282 1 107
  2.6431 20 + 1
    0.32521 1 107
  2.8169 4 - 1
    0.41936 1 108
  3.0206 24 + 3
    0.2037 0.062772 111
    0.62306 0.33281 108
    0.8066 0.604418 106
  3.2911 26 + 2
    0.2705 0.041952 112
    0.89356 0.958048 108
  3.5377 30 + 1
    0.93781 1 109
  3.5467 26 - 1
    0.5261 1 112
  3.7792 28 + 3
    0.2325 0.2223 115
    0.7586 0.6705 112
    1.17931 0.1072 109
  4.0114 34 + 1
    0.4737 1 114
  4.121 30 + 2
    0.3418 0.8278 116
    0.8299 0.1722 113
  4.9042 34 + 1
    0.783201 1 118
  5.1863 36 + 1
    1.1749 1 117
  6.1154 38 + 1
    0.9291 1 120
  6.3897 38 + 1
    1.4855 1 119
  6.8468 40 + 1
    0.4571 1 122
  7.1874 40 + 2
    1.072 0.5 121
    2.0011 0.5 120
  7.6234 42 + 2
    0.436 0.5 124
    1.508 0.5 121
  8.0428 2 - 1
    1.196 1 123
  8.7554 4 - 1
    1.132 1 125
  10.0469 4 - 1
    2.0041 1 126

43 97 209
  0 9 + 0
  0.09657 1 - 1
    0.09657 1 0
  0.215718 7 + 1
    0.215718 1 0
  0.324476 5 + 2
    0.108758 0.019951 2
    0.324476 0.980049 0
  0.58019 3 - 1
    0.48362 1 1
  0.6569 5 - 2
    0.332424 0.005969 3
    0.56033 0.994031 1
  0.76568 5 + 1
    0.441204 1 3
  0.77268 13 + 1
    0.77268 1 0
  0.77798 9 + 1
    0.77798 1 0
  0.785034 5 + 3
    0.460558 0.109608 3
    0.569316 0.822258 2
    0.785034 0.068135 0
  0.8328 11 + 1
    0.8328 1 0
  0.84276 9 + 1
    0.627042 1 2
  0.852 3 + 2
    0.636282 0.5 2
    0.75543 0.5 1
  0.85545 7 + 3
    0.530974 0.060781 3
    0.639732 0.141403 2
    0.85545 0.797816 0
  0.8619 9 + 2
    0.646182 0.1598 2
    0.8619 0.8402 0
  0.93988 3 + 2
    0.615404 0.3248 3
    0.84331 0.6752 1
  0.94195 5 + 2
    0.617474 0.5 3
    0.726232 0.5 2
  0.94673 3 - 4
    0.28983 0.019399 5
    0.36654 0.152494 4
    0.622254 0.031839 3
    0.85016 0.796268 1
  0.97003 7 + 5
    0.11458 0.0144 13
    0.184996 0.033139 9
    0.645554 0.420892 3
    0.754312 0.52579 2
    0.97003 0.005779 0
  0.99468 3 + 2
    0.670204 0.97281 3
    0.89811 0.02719 1
  1.00358 5 + 1
    0.679104 1 3
  1.04922 3 - 3
    0.39232 0.4094 5
    0.46903 0.2491 4
    0.724744 0.3415 3
  1.0596 5 + 1
    0.843882 1 2
  1.12664 11 + 2
    0.910922 0.3244 2
    1.12664 0.6756 0
  1.138 5 - 1
    0.55781 1 4
  1.14123 7 + 3
    0.356196 0.255695 9
    0.816754 0.704186 3
    0.925512 0.040119 2
  1.1652 7 - 1
    0.949482 1 2
  1.1672 5 - 1
    0.3053 1 14
  1.19962 9 + 4
    0.36682 0.1795 10
    0.42164 0.2149 8
    0.875144 0.2494 3
    0.983902 0.3562 2
  1.21987 7 + 3
    0.895394 0.4327 3
    1.00415 0.1023 2
    1.21987 0.465 0
  1.24002 7 - 5
    0.29329 0.131505 17
    0.58312 0.366715 5
    0.65983 0.322513 4
    0.915544 0.073163 3
    1.0243 0.106104 2
  1.2715 5 + 1
    0.41605 1 13
  1.27454 3 - 3
    0.61764 0.840466 5
    0.69435 0.125995 4
    0.950064 0.033539 3
  1.27782 9 - 3
    0.42237 0.125401 13
    0.62092 0.825208 5
    1.0621 0.04939 2
  1.31017 9 + 2
    1.09445 0.5077 2
    1.31017 0.4923 0
  1.31187 7 - 1
    1.09615 1 2
  1.34833 3 + 1
    1.02385 1 3
  1.3658 3 + 2
    0.580766 0.5 9
    1.26923 0.5 1
  1.37332 3 - 4
    0.42659 0.124793 17
    0.71642 0.068356 5
    1.04884 0.186189 3
    1.27675 0.620663 1
  1.379 5 + 2
    1.05452 0.5 3
    1.379 0.5 0
  1.38111 9 + 2
    0.54831 0.4572 10
    1.16539 0.5428 2
  1.38233 11 + 1
    1.16661 1 2
  1.387 5 + 2
    1.06252 0.5 3
    1.387 0.5 0
  1.39333 13 + 4
    0.53143 0.1108 14
    0.56053 0.166 10
    0.62065 0.1714 7
    1.39333 0.5518 0
  1.3969 7 + 1
    0.81671 1 4
  1.40099 5 - 1
    0.8208 1 4
  1.4095 7 - 4
    0.7526 0.265527 5
    0.82931 0.114311 4
    1.08502 0.212121 3
    1.19378 0.408041 2
  1.4411 7 - 1
    1.11662 1 3
  1.47121 7 + 4
    0.60931 0.243102 14
    0.61576 0.104201 13
    1.25549 0.075091 2
    1.47121 0.577606 0
  1.4803 5 + 1
    0.8234 1 5
  1.51232 5 + 3
    0.85542 0.3408 5
    0.93213 0.1005 4
    1.18784 0.5587 3
  1.51839 3 - 3
    0.9382 0.6331 4
    1.19391 0.1012 3
    1.42182 0.2657 1
  1.5231 5 + 3
    1.19862 0.6212 3
    1.30738 0.2236 2
    1.5231 0.1552 0
  1.5273 3 + 1
    1.20282 1 3
  1.537 1 + 2
    0.95681 0.5 4
    1.21252 0.5 3
  1.53801 13 + 2
    0.76533 0.5004 7
    1.53801 0.4996 0
  1.573 3 + 2
    1.35728 0.5 2
    1.47643 0.5 1
  1.58 7 - 5
    0.33998 0.085173 30
    0.9231 0.421713 5
    0.99981 0.274008 4
    1.25552 0.101103 3
    1.36428 0.118004 2
  1.58147 11 + 2
    0.74867 0.5129 10
    0.80879 0.4871 7
  1.584 5 + 3
    0.9271 0.6711 5
    1.25952 0.2215 3
    1.36828 0.1074 2
  1.5858 3 + 1
    1.26132 1 3
  1.599 5 + 2
    1.27452 0.5 3
    1.599 0.5 0
  1.62526 5 + 2
    0.48403 0.6217 25
    0.68538 0.3783 15
  1.64963 3 + 3
    0.6796 0.740926 18
    0.79418 0.140686 13
    1.32515 0.118388 3
  1.65448 17 + 1
    0.8818 1 7
  1.6755 5 + 2
    0.6159 0.5 22
    0.82005 0.5 13
  1.6775 5 - 3
    1.0206 0.226377 5
    1.09731 0.526347 4
    1.35302 0.247275 3
  1.68547 15 + 2
    0.85267 0.4012 10
    0.91279 0.5988 7
  1.69004 5 + 1
    1.47432 1 2
  1.6929 3 + 2
    1.36842 0.2754 3
    1.47718 0.7246 2
  1.6978 5 + 1
    1.48208 1 2
  1.70695 11 + 1
    0.42913 1 33
  1.70985 7 - 3
    0.924816 0.4256 9
    1.38537 0.3787 3
    1.49413 0.1957 2
  1.712 1 + 2
    1.13181 0.5 4
    1.38752 0.5 3
  1.721 5 + 1
    0.72632 1 19
  1.72261 5 + 2
    0.72793 0.5291 19
    0.75258 0.4709 18
  1.7333 5 - 2
    1.15311 0.2367 4
    1.51758 0.7633 2
  1.7791 5 + 2
    0.994066 0.6213 9
    1.56338 0.3787 2
  1.7967 5 + 3
    1.01167 0.40014 9
    1.1398 0.239924 5
    1.47222 0.359936 3
  1.80129 1 + 1
    1.47681 1 3
  1.8157 9 + 2
    1.49122 0.6993 3
    1.59998 0.3007 2
  1.83475 11 + 1
    0.36354 1 48
  1.83834 13 - 2
    0.56052 0.7 33
    1.06566 0.3 7
  1.84187 3 - 2
    0.84719 0.2247 19
    0.90199 0.7753 15
  1.847 1 + 2
    1.26681 0.5 4
    1.52252 0.5 3
  1.84979 15 + 3
    0.19531 0.093864 64
    0.45646 0.344414 43
    1.07711 0.561722 7
  1.85335 3 + 2
    1.19645 0.5 5
    1.75678 0.5 1
  1.8561 5 - 2
    1.53162 0.3197 3
    1.64038 0.6803 2
  1.85861 5 + 1
    1.20171 1 5
  1.86236 7 + 1
    1.53788 1 3
  1.86484 9 + 3
    1.00939 0.425813 13
    1.54036 0.495015 3
    1.64912 0.079172 2
  1.87939 9 + 1
    1.10671 1 7
  1.89261 13 + 2
    0.76597 0.4477 23
    1.11993 0.5523 7
  1.896 11 - 2
    1.0632 0.5 10
    1.896 0.5 0
  1.89742 9 + 1
    1.6817 1 2
  1.90704 11 + 1
    1.13436 1 7
  1.9139 5 - 1
    1.58942 1 3
  1.9167 3 - 2
    1.13167 0.7519 9
    1.59222 0.2481 3
  1.9193 7 - 1
    1.59482 1 3
  1.9225 5 - 1
    1.2656 1 5
  1.9246 5 - 3
    1.2677 0.757615 5
    1.34441 0.181804 4
    1.60012 0.060581 3
  1.94 3 - 2
    1.35981 0.5 4
    1.61552 0.5 3
  1.94409 7 - 2
    1.61962 0.5 3
    1.72838 0.5 2
  1.94759 9 - 1
    1.62311 1 3
  1.949 9 + 2
    1.09355 0.6494 13
    1.16397 0.3506 9
  1.951 3 + 2
    1.73528 0.5 2
    1.85443 0.5 1
  1.96446 5 + 2
    1.02458 0.6495 15
    1.63998 0.3505 3
  1.97663 11 + 1
    0.69881 1 33
  1.9793 7 - 1
    1.1465 1 10
  1.987 3 - 2
    1.3301 0.4898 5
    1.40681 0.5102 4
  1.9926 5 - 1
    0.71478 1 33
  1.995 7 - 3
    1.02497 0.333333 18
    1.67052 0.333333 3
    1.77928 0.333333 2
  2.0013 1 + 2
    1.3444 0.2807 5
    1.42111 0.7193 4
  2.00421 1 + 1
    1.00953 1 19
  2.013 5 + 2
    1.68852 0.5 3
    2.013 0.5 0
  2.0237 3 + 1
    1.44351 1 4
  2.03304 5 - 1
    1.17114 1 14
  2.036 5 - 2
    1.3791 0.5 5
    1.93943 0.5 1
  2.04847 1 + 1
    1.05379 1 19
  2.0549 13 + 1
    0.40042 1 64
  2.0561 11 + 1
    1.28342 1 7
  2.06 9 + 2
    1.1981 0.5 14
    1.84428 0.5 2
  2.069 7 + 1
    1.4121 1 5
  2.09587 5 - 2
    1.10119 0.4681 19
    1.24042 0.5319 13
  2.098 5 + 1
    0.82346 1 32
  2.111 3 + 2
    1.89528 0.5 2
    2.01443 0.5 1
  2.11756 7 + 2
    1.25566 0.5884 14
    1.53737 0.4116 4
  2.11972 7 - 1
    1.53953 1 4
  2.12179 13 + 2
    0.46731 0.4026 64
    1.34911 0.5974 7
  2.1308 7 - 1
    1.16077 1 18
  2.1348 9 + 1
    1.36212 1 7
  2.1501 3 + 3
    1.4932 0.333333 5
    1.82562 0.333333 3
    1.93438 0.333333 2
  2.1599 1 + 2
    1.57971 0.5 4
    1.83542 0.5 3
  2.1688 9 - 3
    0.85863 0.333333 34
    1.95308 0.333333 2
    2.1688 0.333333 0
  2.2082 1 - 1
    1.62801 1 4
  2.2174 1 - 3
    1.36195 0.333333 13
    1.89292 0.333333 3
    2.00168 0.333333 2
  2.2551 1 - 4
    1.3932 0.25 14
    1.67491 0.25 4
    1.93062 0.25 3
    2.03938 0.25 2
  2.2573 1 - 1
    1.67711 1 4
  2.25894 1 - 1
    0.98112 1 33
  2.26 3 - 2
    1.67981 0.5 4
    1.93552 0.5 3
  2.264 1 + 2
    1.68381 0.5 4
    1.93952 0.5 3
  2.2858 3 - 1
    1.31577 1 18
  2.307 7 - 2
    1.98252 0.5 3
    2.307 0.5 0
  2.33139 19 + 1
    0.67691 1 64
  2.33762 17 - 3
    0.48783 0.421658 85
    0.49928 0.274972 82
    0.65215 0.30337 67
  2.4175 1 - 1
    1.14296 1 32
  2.4468 3 - 1
    0.60846 1 82
  2.4492 7 - 1
    0.91119 1 55
  2.48 1 - 2
    1.8231 0.5 5
    2.38343 0.5 1
  2.49159 3 - 1
    0.83711 1 64
  2.53378 21 + 2
    0.20239 0.041981 143
    0.8793 0.958019 64
  2.56471 19 - 1
    0.22709 1 144
  2.653 1 + 2
    2.07281 0.5 4
    2.32852 0.5 3
  2.66179 7 - 2
    0.54 0.6993 128
    1.00731 0.3007 64
  2.6722 3 - 1
    1.01772 1 64
  2.713 9 - 2
    2.0561 0.5 5
    2.49728 0.5 2
  2.73 7 - 2
    2.40552 0.5 3
    2.73 0.5 0
  2.7338 21 + 2
    0.16909 0.1666 151
    1.07932 0.8334 64
  2.783 3 - 2
    2.20281 0.5 4
    2.45852 0.5 3
  2.878 7 - 2
    2.55352 0.5 3
    2.878 0.5 0
  2.908 1 - 2
    2.2511 0.5 5
    2.81143 0.5 1
  2.91679 9 - 1
    0.38301 1 150
  3.018 3 - 2
    2.43781 0.5 4
    2.69352 0.5 3
  3.06 7 - 2
    2.73552 0.5 3
    3.06 0.5 0
  3.14324 21 - 2
    0.60946 0.2247 150
    0.80562 0.7753 144
  3.145 1 + 2
    2.56481 0.5 4
    2.82052 0.5 3
  3.214 1 + 2
    2.63381 0.5 4
    2.88952 0.5 3
  3.25439 3 - 1
    0.3376 1 161
  3.29659 11 - 1
    0.76281 1 150
  3.372 9 - 2
    2.7151 0.5 5
    3.15628 0.5 2
  3.486 7 - 2
    3.16152 0.5 3
    3.486 0.5 0
  3.53019 25 + 1
    0.99641 1 150
  3.57559 23 + 2
    0.84179 0.5103 157
    1.04181 0.4897 150
  3.58599 3 - 1
    1.05221 1 150
  3.6 7 - 2
    3.27552 0.5 3
    3.6 0.5 0
  3.64368 25 + 1
    1.1099 1 150
  3.72 3 - 2
    3.13981 0.5 4
    3.39552 0.5 3
  3.73109 25 + 1
    0.1555 1 172
  4.06 9 - 2
    3.4031 0.5 5
    3.84428 0.5 2
  4.33 11 - 2
    3.55732 0.5 7
    4.33 0.5 0
  4.334 27 + 1
    0.80381 1 171
  4.3761 27 + 1
    0.645011 1 177
  4.4301 29 + 3
    0.0961 0.151 180
    0.78642 0.1858 175
    0.89991 0.6632 171
  4.58 3 - 2
    3.99981 0.5 4
    4.25552 0.5 3
  4.681 29 + 2
    0.304899 0.1386 181
    0.94991 0.8614 177
  4.78 7 - 2
    4.45552 0.5 3
    4.78 0.5 0
  4.99 1 - 2
    4.3331 0.5 5
    4.89343 0.5 1
  5.0514 29 + 1
    1.40772 1 175
  5.3227 31 + 2
    0.641701 0.4598 184
    0.9466 0.5402 181
  5.4612 31 + 2
    0.4098 0.1848 187
    1.0311 0.8152 182
  5.5358 33 + 2
    0.213099 0.1471 188
    0.8548 0.8529 184
  5.5873 33 + 1
    0.1261 1 189
  7.0166 37 + 1
    1.4808 1 190
  7.714 39 + 1
    0.697399 1 192
  8.3451 43 + 1
    0.6311 1 193
  11.05 5 + 2
    10.7255 0.5 3
    11.05 0.5 0
  11.73 1 + 2
    11.1498 0.5 4
    11.4055 0.5 3
  11.81 3 - 2
    11.2298 0.5 4
    11.4855 0.5 3
  11.84 7 - 2
    11.5155 0.5 3
    11.84 0.5 0
  11.98 9 - 2
    11.3231 0.5 5
    11.7643 0.5 2
  12.12 1 + 2
    11.5398 0.5 4
    11.7955 0.5 3
  12.36 3 - 2
    11.7798 0.5 4
    12.0355 0.5 3
  12.55 11 - 2
    11.7773 0.5 7
    12.55 0.5 0
  12.6 7 - 2
    12.2755 0.5 3
    12.6 0.5 0
  12.68 3 - 2
    12.0998 0.5 4
    12.3555 0.5 3
  12.82 1 + 2
    12.2398 0.5 4
    12.4955 0.5 3
  12.96 1 + 2
    12.3798 0.5 4
    12.6355 0.5 3
  13.08 1 + 2
    12.4998 0.5 4
    12.7555 0.5 3
  13.2 5 - 2
    12.9843 0.5 2
    13.1034 0.5 1

43 98 94
  0 12 + 0
  0.0218 10 + 1
    0.0218 1 0
  0.06543 8 + 1
    0.04363 1 1
  0.07328 4 + 1
    0.00785 1 2
  0.08168 6 + 1
    0.05988 1 1
  0.09076 4 - 1
    0.00908 1 4
  0.10643 14 + 1
    0.10643 1 0
  0.13855 4 - 3
    0.04779 0.982965 5
    0.05687 0.007206 4
    0.06527 0.00983 3
  0.142 10 + 2
    0.06032 0.5 4
    0.1202 0.5 1
  0.15209 10 + 1
    0.08666 1 2
  0.19021 6 - 3
    0.05166 0.919582 7
    0.09945 0.051279 5
    0.11693 0.029139 3
  0.20367 8 + 2
    0.12199 0.4839 4
    0.13824 0.5161 2
  0.26814 8 + 1
    0.20271 1 2
  0.3062 6 + 1
    0.24077 1 2
  0.32182 4 - 2
    0.13161 0.096927 10
    0.18327 0.903073 7
  0.32845 8 + 3
    0.24677 0.096382 4
    0.26302 0.800316 2
    0.30665 0.103302 1
  0.34693 12 + 1
    0.2405 1 6
  0.35127 6 - 2
    0.1476 0.074509 11
    0.21272 0.925491 7
  0.37509 6 + 1
    0.30966 1 2
  0.39004 6 + 1
    0.18637 1 11
  0.42404 8 + 2
    0.07277 0.4537 17
    0.23383 0.5463 10
  0.44102 14 + 3
    0.33459 0.074541 6
    0.41922 0.053351 1
    0.44102 0.872109 0
  0.447 2 - 1
    0.05696 1 19
  0.45783 4 - 3
    0.10656 0.144586 17
    0.26762 0.262674 10
    0.31928 0.592741 7
  0.48423 4 - 2
    0.29402 0.926281 10
    0.34568 0.073719 7
  0.50209 8 + 1
    0.35 1 9
  0.5375 2 - 2
    0.34729 0.5 10
    0.46422 0.5 3
  0.54322 4 + 2
    0.2214 0.6456 14
    0.40467 0.3544 7
  0.568 2 - 2
    0.37779 0.5 10
    0.49472 0.5 3
  0.6095 10 + 2
    0.52782 0.5 4
    0.5877 0.5 1
  0.62218 6 - 2
    0.43197 0.5004 10
    0.48363 0.4996 7
  0.6245 10 + 2
    0.54282 0.5 4
    0.6027 0.5 1
  0.6395 2 - 2
    0.44929 0.5 10
    0.56622 0.5 3
  0.65272 6 + 2
    0.32427 0.6812 15
    0.38458 0.3188 12
  0.6656 4 + 2
    0.27556 0.5919 19
    0.58392 0.4081 4
  0.6702 14 - 1
    0.32327 1 16
  0.6882 4 + 2
    0.36638 0.5 14
    0.49799 0.5 10
  0.7075 8 + 2
    0.64207 0.5 2
    0.7075 0.5 0
  0.71362 8 + 3
    0.25579 0.284929 23
    0.52341 0.541654 10
    0.69182 0.173417 1
  0.747 8 + 2
    0.68157 0.5 2
    0.747 0.5 0
  0.76434 16 + 2
    0.32332 0.7014 21
    0.65791 0.2986 6
  0.766 8 + 2
    0.70057 0.5 2
    0.766 0.5 0
  0.7995 8 + 2
    0.73407 0.5 2
    0.7995 0.5 0
  0.8635 2 + 2
    0.77274 0.5 5
    0.78182 0.5 4
  0.8885 0 - 2
    0.74995 0.5 7
    0.79774 0.5 5
  0.9235 2 + 2
    0.83274 0.5 5
    0.84182 0.5 4
  0.9515 0 - 2
    0.81295 0.5 7
    0.86074 0.5 5
  0.988 2 - 2
    0.79779 0.5 10
    0.91472 0.5 3
  1.0187 6 - 1
    0.91227 1 6
  1.048 4 + 2
    0.97472 0.5 3
    0.98257 0.5 2
  1.0575 2 + 2
    0.96674 0.5 5
    0.97582 0.5 4
  1.09066 16 - 3
    0.32632 0.2972 40
    0.64964 0.1744 21
    0.98423 0.5284 6
  1.10284 18 + 1
    0.99641 1 6
  1.1265 6 + 2
    1.04482 0.5 4
    1.1047 0.5 1
  1.1575 4 + 2
    1.08422 0.5 3
    1.09207 0.5 2
  1.16634 18 - 2
    0.07568 0.8389 51
    0.402 0.1611 40
  1.2015 0 + 2
    0.7545 0.5 22
    1.12822 0.5 3
  1.20782 2 - 2
    0.7668 0.6993 21
    1.10139 0.3007 6
  1.2543 6 - 1
    0.5841 1 35
  1.275 4 - 2
    1.18424 0.5 5
    1.19332 0.5 4
  1.296 2 - 2
    1.10579 0.5 10
    1.22272 0.5 3
  1.3105 6 - 2
    1.23722 0.5 3
    1.24507 0.5 2
  1.338 4 - 2
    1.24724 0.5 5
    1.25632 0.5 4
  1.354 12 + 2
    1.28857 0.5 2
    1.354 0.5 0
  1.373 0 - 2
    1.23445 0.5 7
    1.28224 0.5 5
  1.388 10 + 2
    1.30632 0.5 4
    1.3662 0.5 1
  1.3995 6 + 2
    1.31782 0.5 4
    1.3777 0.5 1
  1.441 4 + 2
    1.36772 0.5 3
    1.37557 0.5 2
  1.4705 2 + 2
    1.37974 0.5 5
    1.38882 0.5 4
  1.486 6 + 2
    1.40432 0.5 4
    1.4642 0.5 1
  1.54974 4 - 2
    0.34192 0.8065 57
    0.4469 0.1935 52
  1.58243 20 - 1
    0.41609 1 55
  1.85139 22 - 2
    0.26896 0.579 71
    0.68505 0.421 55
  1.9204 2 - 1
    0.75406 1 55
  1.9955 22 + 1
    0.89266 1 52
  2.3038 24 - 2
    0.45241 0.6544 72
    0.72137 0.3456 71
  2.3678 4 - 1
    0.78537 1 71
  2.4818 6 - 1
    0.93206 1 70
  2.6773 26 - 1
    0.3735 1 75
  2.8106 10 - 1
    0.3288 1 77
  3.0551 26 + 1
    1.0596 1 74
  3.1294 28 - 1
    0.4521 1 78
  9.656 0 + 2
    9.209 0.5 22
    9.58272 0.5 3
  10.416 0 + 2
    9.969 0.5 22
    10.3427 0.5 3
  10.476 4 + 2
    10.4027 0.5 3
    10.4106 0.5 2
  11.106 4 + 2
    11.0327 0.5 3
    11.0406 0.5 2
  11.433 4 + 2
    11.3597 0.5 3
    11.3676 0.5 2
  11.896 2 - 2
    11.7058 0.5 10
    11.8227 0.5 3
  11.996 6 - 2
    11.9227 0.5 3
    11.9306 0.5 2
  12.216 8 - 2
    12.1343 0.5 4
    12.1942 0.5 1
  12.326 6 - 2
    12.2527 0.5 3
    12.2606 0.5 2
  12.433 2 - 2
    12.2428 0.5 10
    12.3597 0.5 3
  12.616 8 - 2
    12.5343 0.5 4
    12.5942 0.5 1
  12.656 6 - 2
    12.5827 0.5 3
    12.5906 0.5 2

43 99 124
  0 9 + 0
  0.140511 7 + 1
    0.140511 1 0
  0.142683 1 - 2
    0.002172 0.5 1
    0.142683 0.5 0
  0.181094 5 + 2
    0.040583 0.4156 1
    0.181094 0.5844 0
  0.509096 3 - 1
    0.366413 1 2
  0.53443 3 + 1
    0.391747 1 2
  0.53689 1 + 1
    0.355796 1 3
  0.61237 5 - 2
    0.103274 0.1151 4
    0.469687 0.8849 2
  0.62553 9 + 3
    0.444436 0.016461 3
    0.485019 0.164207 1
    0.62553 0.819333 0
  0.65277 3 + 2
    0.471676 0.5 3
    0.512259 0.5 1
  0.671478 3 - 3
    0.162382 0.1105 4
    0.490384 0.3976 3
    0.528795 0.4919 2
  0.71941 7 + 2
    0.538316 0.937238 3
    0.578899 0.062763 1
  0.72677 11 + 2
    0.586259 0.1359 1
    0.72677 0.8641 0
  0.739213 7 + 3
    0.558119 0.074781 3
    0.598702 0.233905 1
    0.739213 0.691314 0
  0.761781 5 + 3
    0.580687 0.1221 3
    0.62127 0.7441 1
    0.761781 0.1338 0
  0.823105 13 + 1
    0.823105 1 0
  0.884259 5 - 5
    0.212781 0.315319 10
    0.271889 0.359422 7
    0.375163 0.027742 4
    0.703165 0.145409 3
    0.743748 0.152109 1
  0.920579 1 + 5
    0.158798 0.001458 14
    0.249101 0.000149 10
    0.411483 0.000886 4
    0.739485 0.737506 3
    0.777896 0.260002 2
  0.98617 7 - 5
    0.26676 0.087625 11
    0.3738 0.526632 7
    0.477074 0.077485 4
    0.805076 0.211913 3
    0.845659 0.096346 1
  1.00407 3 - 4
    0.242289 0.01027 14
    0.46964 0.019429 5
    0.822976 0.924063 3
    0.861387 0.046238 2
  1.01746 5 + 2
    0.836366 0.4681 3
    0.876949 0.5319 1
  1.01976 5 + 2
    0.838666 0.4016 3
    0.879249 0.5984 1
  1.07223 7 + 1
    0.5378 1 5
  1.08146 11 + 3
    0.258355 0.044152 15
    0.940949 0.335217 1
    1.08146 0.620631 0
  1.1274 3 + 1
    0.618304 1 4
  1.1291 3 - 3
    0.457622 0.6501 10
    0.620004 0.2204 4
    0.986417 0.1295 2
  1.13504 5 - 4
    0.250781 0.113111 16
    0.52267 0.554756 7
    0.625944 0.193919 4
    0.953946 0.138214 3
  1.14185 3 + 3
    0.380069 0.094982 14
    0.960756 0.855417 3
    1.00134 0.049601 1
  1.14943 9 + 2
    0.968336 0.5236 3
    1.00892 0.4764 1
  1.17205 3 + 1
    0.410269 1 14
  1.17648 9 - 3
    0.19031 0.03331 18
    0.437267 0.104999 13
    0.56411 0.861691 7
  1.19889 3 - 3
    0.689794 0.20022 4
    1.0178 0.287029 3
    1.05621 0.512751 2
  1.20346 9 + 2
    1.06295 0.7118 1
    1.20346 0.2882 0
  1.205 3 - 2
    0.695904 0.5 4
    1.02391 0.5 3
  1.20726 7 - 5
    0.323001 0.297882 16
    0.535782 0.267384 10
    0.58173 0.056257 8
    1.02617 0.196288 3
    1.20726 0.182189 0
  1.24378 7 + 4
    0.61825 0.070119 8
    1.06269 0.526289 3
    1.10327 0.105298 1
    1.24378 0.298294 0
  1.26869 7 + 2
    0.18723 0.6935 23
    1.12818 0.3065 1
  1.30628 7 + 2
    1.12519 0.8204 3
    1.16577 0.1796 1
  1.30911 9 + 2
    1.12802 0.5999 3
    1.1686 0.4001 1
  1.32073 3 - 2
    0.70836 0.4077 7
    0.811634 0.5923 4
  1.3294 7 - 3
    0.60999 0.3409 11
    0.71703 0.3184 7
    1.18889 0.3407 1
  1.40545 1 - 2
    0.733972 0.7144 10
    0.896354 0.2856 4
  1.42624 9 + 2
    0.69947 0.5177 12
    1.28573 0.4823 1
  1.435 3 + 2
    1.29232 0.5 2
    1.29449 0.5 1
  1.44413 3 + 3
    0.83176 0.2085 7
    0.935034 0.2501 4
    1.26304 0.5414 3
  1.4691 15 - 1
    0.645995 1 15
  1.49415 3 + 3
    0.50798 0.237376 18
    0.609891 0.352065 16
    1.35364 0.410559 1
  1.50371 5 + 2
    0.764497 0.5558 13
    1.3632 0.4442 1
  1.50706 13 + 3
    0.683955 0.3336 15
    0.78029 0.3848 12
    1.50706 0.2816 0
  1.52648 15 + 2
    0.703375 0.6189 15
    0.79971 0.3811 12
  1.54322 9 + 1
    0.36674 1 30
  1.55212 3 + 2
    0.41027 0.3542 27
    0.631541 0.6458 17
  1.55351 7 + 2
    1.37242 0.625 3
    1.413 0.375 1
  1.55455 1 + 1
    0.4127 1 27
  1.56312 7 + 1
    1.42261 1 1
  1.56506 9 + 1
    1.42455 1 1
  1.56621 11 + 1
    1.56621 1 0
  1.58121 13 + 3
    0.758105 0.3704 15
    0.85444 0.111 12
    0.95568 0.5186 8
  1.58501 17 + 2
    0.07795 0.2469 48
    0.761905 0.7531 15
  1.60428 11 - 1
    0.61811 1 18
  1.61137 5 - 2
    0.727111 0.3846 16
    0.999 0.6154 7
  1.62192 5 - 1
    1.48141 1 1
  1.65902 5 - 1
    1.47793 1 3
  1.67814 5 + 2
    0.938927 0.3129 13
    1.53763 0.6871 1
  1.74752 13 - 3
    0.2043 0.032271 50
    0.57104 0.874435 30
    0.924415 0.093294 15
  1.75294 1 - 1
    1.12741 1 8
  1.76 5 - 2
    1.61732 0.5 2
    1.61949 0.5 1
  1.77468 1 - 2
    0.5982 0.5 30
    1.16231 0.5 7
  1.79034 5 - 1
    1.16481 1 8
  1.803 1 + 2
    1.2939 0.5 4
    1.62191 0.5 3
  1.80831 5 - 1
    1.62722 1 3
  1.82365 11 - 2
    1.06187 0.4706 14
    1.08444 0.5294 13
  1.85328 7 - 1
    0.6768 1 30
  1.87489 1 - 1
    1.11311 1 14
  1.911 1 + 2
    1.4019 0.5 4
    1.72991 0.5 3
  1.94728 5 - 1
    0.7708 1 30
  1.982 7 - 2
    1.80091 0.5 3
    1.982 0.5 0
  2 5 - 2
    1.85732 0.5 2
    1.85949 0.5 1
  2.064 9 - 2
    1.45163 0.5 7
    1.92349 0.5 1
  2.111 11 - 2
    1.48547 0.5 8
    2.111 0.5 0
  2.15525 17 + 1
    1.33215 1 15
  2.16 7 - 2
    1.97891 0.5 3
    2.16 0.5 0
  2.176 1 + 2
    1.6669 0.5 4
    1.99491 0.5 3
  2.203 5 - 2
    2.06032 0.5 2
    2.06249 0.5 1
  2.22302 15 - 1
    0.4755 1 64
  2.281 1 + 2
    1.7719 0.5 4
    2.09991 0.5 3
  2.33015 17 - 2
    0.58263 0.8108 64
    0.80367 0.1892 49
  2.36341 3 - 1
    0.7822 1 57
  2.396 5 - 2
    2.25332 0.5 2
    2.25549 0.5 1
  2.414 7 - 2
    2.23291 0.5 3
    2.414 0.5 0
  2.42434 9 - 1
    0.26909 1 80
  2.466 1 + 2
    1.9569 0.5 4
    2.28491 0.5 3
  2.486 1 + 2
    1.9769 0.5 4
    2.30491 0.5 3
  2.48732 3 - 1
    0.90231 1 58
  2.522 5 - 2
    2.37932 0.5 2
    2.38149 0.5 1
  2.55312 21 + 1
    0.96811 1 58
  2.581 7 - 2
    2.39991 0.5 3
    2.581 0.5 0
  2.58884 3 - 2
    0.1645 0.2248 90
    0.25869 0.7752 86
  2.611 5 - 2
    2.46832 0.5 2
    2.47049 0.5 1
  2.64693 19 - 2
    0.31678 0.69 86
    1.06192 0.31 58
  2.653 1 + 2
    2.1439 0.5 4
    2.47191 0.5 3
  2.675 1 + 2
    2.1659 0.5 4
    2.49391 0.5 3
  2.70362 9 - 1
    1.11861 1 58
  2.714 3 - 2
    2.2049 0.5 4
    2.53291 0.5 3
  2.76123 7 - 2
    0.17239 0.4898 97
    1.17622 0.5102 58
  2.765 5 - 2
    2.62232 0.5 2
    2.62449 0.5 1
  2.78525 21 - 2
    0.13832 0.5 99
    0.4551 0.5 86
  2.846 11 + 2
    2.12659 0.5 11
    2.70549 0.5 1
  2.85592 3 + 2
    0.1523 0.5 102
    0.3686 0.5 93
  2.916 7 - 2
    2.73491 0.5 3
    2.916 0.5 0
  2.997 5 + 2
    2.81591 0.5 3
    2.997 0.5 0
  3.066 9 - 2
    2.45363 0.5 7
    2.92549 0.5 1
  3.115 1 + 2
    2.6059 0.5 4
    2.93391 0.5 3
  3.12985 23 - 1
    0.3446 1 106
  3.186 3 + 2
    3.04332 0.5 2
    3.04549 0.5 1
  3.2037 5 - 1
    0.34778 1 108
  3.245 1 + 2
    2.7359 0.5 4
    3.06391 0.5 3
  3.2965 7 - 1
    0.74338 1 95
  3.37685 25 - 2
    0.247 0.2117 113
    0.5916 0.7883 106
  3.62315 3 + 1
    0.4933 1 113
  3.64913 25 + 1
    1.09601 1 95
  3.81445 5 - 1
    0.4376 1 118
  3.8844 9 + 1
    0.50755 1 118
  4.17792 7 - 2
    0.29352 0.6135 122
    0.36347 0.3865 121

43 100 79
  0 2 + 0
  0.17215 4 + 1
    0.17215 1 0
  0.20067 8 + 1
    0.02852 1 1
  0.22347 4 - 1
    0.22347 1 0
  0.24395 12 + 1
    0.04328 1 2
  0.26356 6 + 3
    0.06289 0.2077 2
    0.09141 0.4075 1
    0.26356 0.3848 0
  0.28752 10 + 2
    0.04357 0.5963 4
    0.08685 0.4037 2
  0.29492 8 + 2
    0.03136 0.99254 5
    0.09425 0.00746 2
  0.29966 6 + 1
    0.12751 1 1
  0.31949 10 + 2
    0.07554 0.964971 4
    0.11882 0.035029 2
  0.33517 6 + 3
    0.07161 0.4079 5
    0.16302 0.2364 1
    0.33517 0.3557 0
  0.34098 6 + 5
    0.04606 0.143709 7
    0.07742 0.021741 5
    0.14031 0.105806 2
    0.16883 0.565034 1
    0.34098 0.16371 0
  0.35558 6 + 2
    0.09202 0.6809 5
    0.35558 0.3191 0
  0.40063 10 + 2
    0.10571 0.922391 7
    0.19996 0.077609 2
  0.42436 8 + 4
    0.12944 0.058441 7
    0.1608 0.01229 5
    0.22369 0.075752 2
    0.25221 0.853517 1
  0.44038 14 + 1
    0.19643 1 4
  0.4542 10 + 4
    0.11322 0.299197 11
    0.16668 0.538195 6
    0.19064 0.061109 5
    0.25353 0.101499 2
  0.45679 8 - 1
    0.23332 1 3
  0.458125 14 + 1
    0.214175 1 4
  0.4592 2 + 4
    0.10362 0.2285 12
    0.12403 0.2289 10
    0.28705 0.2393 1
    0.4592 0.3033 0
  0.4611 10 + 6
    0.14161 0.02562 9
    0.16618 0.232903 7
    0.17358 0.003469 6
    0.19754 0.01057 5
    0.21715 0.703808 4
    0.26043 0.02363 2
  0.47602 4 - 1
    0.17636 1 8
  0.48395 4 + 1
    0.48395 1 0
  0.49367 8 + 4
    0.15269 0.170505 11
    0.19875 0.006268 7
    0.20615 0.63272 6
    0.23011 0.190506 5
  0.50002 6 - 3
    0.23646 0.040562 5
    0.27655 0.947747 3
    0.32787 0.011691 1
  0.507035 10 - 4
    0.082675 0.002385 14
    0.166055 0.02343 11
    0.187545 0.000496 9
    0.306365 0.97369 2
  0.51392 10 - 2
    0.2264 0.924728 6
    0.31325 0.075272 2
  0.521 6 + 2
    0.25744 0.5 5
    0.34885 0.5 1
  0.53963 8 + 4
    0.07853 0.009244 20
    0.22014 0.233792 9
    0.24471 0.023789 7
    0.33896 0.733175 2
  0.54487 12 - 4
    0.08377 0.008884 20
    0.14424 0.126402 13
    0.22538 0.409407 9
    0.30092 0.455307 4
  0.55229 10 + 7
    0.09119 0.130189 20
    0.12793 0.128189 14
    0.21131 0.263278 11
    0.2328 0.009712 9
    0.25737 0.166886 7
    0.26477 0.039067 6
    0.28873 0.262678 5
  0.58041 8 + 6
    0.11931 0.008427 20
    0.17978 0.127806 13
    0.23943 0.218209 11
    0.26092 0.333914 9
    0.29289 0.23581 6
    0.37974 0.075833 2
  0.59978 6 + 1
    0.14558 1 16
  0.60865 14 - 3
    0.06378 0.879391 29
    0.16827 0.065239 15
    0.3647 0.055369 4
  0.63563 6 + 2
    0.34811 0.7885 6
    0.37207 0.2115 5
  0.63982 6 + 8
    0.132785 0.005069 25
    0.14615 0.037133 23
    0.18562 0.14651 16
    0.23919 0.028542 13
    0.32033 0.089686 9
    0.3449 0.56924 7
    0.37626 0.023862 5
    0.63982 0.099957 0
  0.68023 12 - 2
    0.173195 0.902973 25
    0.39271 0.097027 6
  0.689 8 + 2
    0.48833 0.5 2
    0.51685 0.5 1
  0.70779 16 - 3
    0.09914 0.9021 33
    0.249665 0.05312 18
    0.26741 0.04478 15
  0.709 8 + 2
    0.50833 0.5 2
    0.53685 0.5 1
  0.71082 16 + 2
    0.252695 0.5132 18
    0.27044 0.4868 15
  0.7482 8 + 2
    0.32384 0.7858 14
    0.54753 0.2142 2
  0.7588 10 - 1
    0.300675 1 18
  0.776 10 + 2
    0.48848 0.5 6
    0.51244 0.5 5
  0.77786 18 - 1
    0.07007 1 38
  0.82174 12 + 1
    0.314705 1 25
  0.8302 4 + 2
    0.65805 0.2426 1
    0.8302 0.7574 0
  0.85401 2 - 1
    0.30172 1 30
  0.882 4 - 2
    0.65853 0.5 3
    0.882 0.5 0
  0.90615 2 - 4
    0.4222 0.160916 22
    0.56517 0.160916 11
    0.68268 0.574757 3
    0.90615 0.10341 0
  0.9299 4 - 2
    0.422865 0.6545 25
    0.66634 0.3455 5
  0.95288 2 - 2
    0.37247 0.2384 31
    0.49868 0.7616 16
  0.972 4 - 2
    0.74853 0.5 3
    0.972 0.5 0
  1 2 - 2
    0.51605 0.5 22
    0.82785 0.5 1
  1.05115 4 - 2
    0.41133 0.2095 35
    0.55113 0.7905 24
  1.07462 16 - 2
    0.616495 0.2857 18
    0.63424 0.7143 15
  1.1549 20 - 2
    0.37704 0.995728 44
    0.44711 0.004272 38
  1.2846 18 + 1
    0.826475 1 18
  1.4 2 + 2
    1.17653 0.5 3
    1.4 0.5 0
  1.4066 22 - 2
    0.2517 0.5728 56
    0.62874 0.4272 44
  1.5817 20 - 1
    0.80384 1 44
  1.7209 20 + 1
    1.01008 1 40
  1.8402 24 - 2
    0.4336 0.6953 59
    0.6853 0.3047 56
  2.0531 22 - 2
    0.4714 0.2157 60
    0.8982 0.7843 56
  2.1755 22 + 1
    0.8909 1 57
  2.2385 26 - 2
    0.3983 0.403 62
    0.8319 0.597 59
  2.3919 24 - 3
    0.3388 0.366 63
    0.8102 0.1753 60
    0.9853 0.4587 59
  2.6 2 + 2
    2.37653 0.5 3
    2.6 0.5 0
  2.6935 28 - 2
    0.455 0.6721 65
    0.8533 0.3279 62
  2.6959 24 + 1
    0.975 1 61
  2.7983 26 - 2
    0.4064 0.089736 66
    0.9581 0.910264 62
  3.0757 26 + 1
    0.9002 1 64
  3.233 30 - 2
    0.5395 0.2847 68
    0.9945 0.7153 65
  3.2692 28 - 2
    0.4709 0.5998 70
    1.0307 0.4002 65
  3.6904 30 - 2
    0.4212 0.1242 73
    0.9969 0.8758 68
  3.71 32 - 2
    0.477 0.3064 72
    1.0165 0.6936 68
  4.3581 34 - 2
    0.6481 0.4016 75
    1.1251 0.5984 72
  8 4 - 2
    7.77653 0.5 3
    8 0.5 0
  13.3 4 - 2
    13.0765 0.5 3
    13.3 0.5 0

43 101 98
  0 9 + 0
  0.00932 7 + 1
    0.00932 1 0
  0.015602 5 + 2
    0.006282 0.975429 1
    0.015602 0.024571 0
  0.207526 1 - 1
    0.191924 1 2
  0.28847 3 - 1
    0.080944 1 3
  0.39465 5 - 1
    0.379048 1 2
  0.50047 5 - 2
    0.212 0.8808 4
    0.49115 0.1192 1
  0.515251 5 + 2
    0.499649 0.1072 2
    0.505931 0.8928 1
  0.52062 5 - 1
    0.505018 1 2
  0.53355 7 + 2
    0.52423 0.3007 1
    0.53355 0.6993 0
  0.58925 11 + 1
    0.58925 1 0
  0.60647 3 + 2
    0.398944 0.052128 3
    0.590868 0.947872 2
  0.61621 5 - 4
    0.11574 0.018241 6
    0.32774 0.103506 4
    0.408684 0.775947 3
    0.60689 0.102306 1
  0.61861 7 - 3
    0.11814 0.1543 6
    0.22396 0.6783 5
    0.33014 0.1674 4
  0.62224 1 - 1
    0.33377 1 4
  0.64232 13 + 1
    0.64232 1 0
  0.66969 5 - 3
    0.27504 0.1491 5
    0.38122 0.492 4
    0.66037 0.3589 1
  0.67659 5 - 3
    0.17612 0.1049 6
    0.28194 0.1346 5
    0.469064 0.7605 3
  0.711205 5 + 3
    0.195954 0.283903 7
    0.695603 0.680707 2
    0.701885 0.03539 1
  0.74232 9 - 2
    0.2217 0.2894 8
    0.733 0.7106 1
  0.77797 5 - 2
    0.2775 0.6234 6
    0.38332 0.3766 5
  0.88458 9 - 2
    0.26597 0.4774 13
    0.48993 0.5226 5
  0.8867 9 - 5
    0.35315 0.024251 9
    0.371449 0.032902 7
    0.871098 0.313219 2
    0.87738 0.589535 1
    0.8867 0.040092 0
  0.9116 7 + 1
    0.37805 1 9
  0.9468 11 - 1
    0.32819 1 13
  0.98073 5 - 4
    0.31104 0.663127 16
    0.35849 0.152606 14
    0.36212 0.085843 13
    0.58608 0.098424 5
  1.02809 3 + 5
    0.42162 0.035238 11
    0.512839 0.109492 7
    0.73962 0.019109 4
    1.01249 0.796344 2
    1.01877 0.039817 1
  1.03434 7 - 5
    0.25637 0.082254 20
    0.36465 0.175909 16
    0.41573 0.364918 13
    0.53387 0.161508 6
    0.63969 0.215411 5
  1.04277 9 - 3
    0.2648 0.1188 20
    0.42416 0.5561 13
    0.5423 0.3251 6
  1.045 3 - 2
    0.75653 0.5 4
    1.0294 0.5 2
  1.10363 3 + 5
    0.49716 0.1864 11
    0.58301 0.1272 8
    0.60316 0.142 6
    0.81516 0.2485 4
    0.896104 0.2959 3
  1.12203 1 + 2
    0.45234 0.1266 16
    0.51556 0.8734 11
  1.17084 11 - 2
    0.28626 0.5 21
    0.55223 0.5 13
  1.17507 3 + 1
    0.6746 1 6
  1.18805 1 + 1
    0.57184 1 12
  1.19149 7 + 1
    0.5149 1 17
  1.197 3 + 2
    0.989474 0.5 3
    1.18768 0.5 1
  1.23237 7 + 2
    0.6259 0.3976 11
    0.9439 0.6024 4
  1.24974 15 + 2
    0.63113 0.4544 13
    0.74927 0.5456 6
  1.26479 3 + 2
    0.62247 0.4472 15
    0.67554 0.5528 10
  1.27104 1 + 2
    0.38646 0.1843 21
    0.59445 0.8157 17
  1.28 13 - 2
    0.53768 0.5 19
    0.69075 0.5 10
  1.29522 7 + 1
    0.6529 1 15
  1.31957 3 + 4
    0.608365 0.131813 18
    0.7131 0.411741 11
    0.804319 0.119312 7
    1.30397 0.337134 2
  1.32295 9 - 1
    0.7894 1 9
  1.3314 15 + 2
    0.68908 0.633 15
    0.74215 0.367 10
  1.4 17 + 1
    0.75768 1 15
  1.42166 1 - 2
    0.39357 0.1955 26
    0.81519 0.8045 11
  1.429 7 - 2
    1.4134 0.5 2
    1.429 0.5 0
  1.44219 3 - 1
    0.7725 1 16
  1.47797 7 - 1
    0.9775 1 6
  1.49 11 + 2
    0.95645 0.5 9
    1.48068 0.5 1
  1.4995 13 - 1
    0.61492 1 21
  1.5211 9 + 1
    0.84451 1 17
  1.53495 3 + 1
    0.9457 1 10
  1.5591 5 - 2
    0.94049 0.3998 13
    1.16445 0.6002 5
  1.56506 1 + 1
    1.04981 1 7
  1.578 3 - 2
    1.28953 0.5 4
    1.5624 0.5 2
  1.59472 7 + 5
    0.56663 0.427174 26
    0.70802 0.038448 22
    0.883515 0.405776 18
    0.98825 0.111093 11
    1.59472 0.017509 0
  1.59908 5 - 4
    1.06553 0.274 9
    1.31061 0.101 4
    1.58348 0.1442 2
    1.58976 0.4808 1
  1.61483 9 + 4
    0.903625 0.097958 18
    1.59923 0.851783 2
    1.60551 0.02215 1
    1.61483 0.028109 0
  1.61775 1 + 3
    0.51412 0.092491 30
    0.58966 0.648606 26
    1.01128 0.258903 11
  1.64434 11 - 2
    0.933135 0.7246 18
    1.24969 0.2754 5
  1.67809 3 - 3
    0.35852 0.057321 43
    0.65 0.032761 26
    1.66249 0.909918 2
  1.703 5 + 2
    1.6874 0.5 2
    1.703 0.5 0
  1.77546 7 - 6
    0.88876 0.118593 22
    1.06426 0.137692 18
    1.16899 0.110093 11
    1.26021 0.073866 7
    1.38081 0.057287 5
    1.75986 0.50247 2
  1.8064 9 + 5
    0.77831 0.296821 26
    1.18416 0.055314 14
    1.19993 0.547638 11
    1.29115 0.034502 7
    1.51793 0.065725 4
  1.80851 5 - 4
    0.68648 0.1136 31
    1.29326 0.3569 7
    1.30804 0.1458 6
    1.52004 0.3837 4
  1.8366 3 + 1
    1.19428 1 15
  1.84431 15 - 1
    0.67347 1 32
  1.8925 7 + 1
    1.28603 1 11
  1.89796 1 - 5
    0.86987 0.112305 26
    1.18676 0.396516 18
    1.38271 0.440518 7
    1.88236 0.033481 2
    1.88864 0.017181 1
  1.92896 5 + 1
    1.41371 1 7
  1.96234 3 - 12
    0.318 0.01621 62
    0.34751 0.00728 60
    0.36762 0.007942 58
    0.64277 0.006949 43
    0.85871 0.008604 30
    0.93425 0.287901 26
    1.25114 0.330901 18
    1.34613 0.06618 12
    1.35587 0.1188 11
    1.67387 0.1175 4
    1.75481 0.02614 3
    1.94674 0.005593 2
  2.00133 7 + 3
    1.39486 0.676532 11
    1.48608 0.108289 7
    1.71286 0.215179 4
  2.04772 11 - 14
    0.36963 0.005734 63
    0.44864 0.032672 59
    0.72815 0.004773 43
    1.01963 0.018741 26
    1.16102 0.195413 22
    1.33651 0.007432 18
    1.37803 0.011561 16
    1.43151 0.017591 12
    1.44125 0.007336 11
    1.51417 0.008554 9
    1.53247 0.29792 7
    1.65307 0.003716 5
    1.84019 0.068235 3
    2.03212 0.320321 2
  2.05683 9 + 7
    0.442 0.01949 60
    0.73726 0.01013 43
    1.31451 0.077162 19
    1.43459 0.029621 14
    1.76836 0.051441 4
    2.04123 0.779416 2
    2.04751 0.032741 1
  2.12983 5 - 8
    1.0078 0.079282 31
    1.21823 0.025751 23
    1.38751 0.033101 19
    1.41863 0.408708 18
    1.52336 0.128303 11
    1.60921 0.040871 8
    1.62936 0.02248 6
    2.11423 0.261505 2
  2.1708 19 + 1
    0.7708 1 46
  2.17225 3 - 3
    0.32794 0.333333 69
    0.67275 0.333333 52
    0.84085 0.333333 45
  2.1737 1 + 1
    0.6742 1 52
  2.2183 7 - 4
    0.54021 0.2603 63
    1.03025 0.1901 34
    1.5071 0.1364 18
    1.54861 0.4132 16
  2.23788 5 + 6
    0.55979 0.095216 63
    1.04983 0.478481 34
    1.20979 0.181793 26
    1.35118 0.067457 22
    1.52668 0.133995 18
    1.72263 0.043058 7
  2.2501 17 - 1
    0.7506 1 52
  2.2717 21 + 1
    0.8717 1 46
  2.4011 19 + 1
    1.0011 1 46
  2.413 19 - 3
    0.1629 0.333333 83
    0.24075 0.333333 79
    1.013 0.333333 46
  2.44228 3 - 3
    0.84756 0.120005 58
    1.41419 0.794932 26
    1.92166 0.085063 8
  2.55799 9 + 6
    0.51027 0.282406 75
    1.32562 0.320906 37
    1.5299 0.166903 26
    1.64639 0.089862 23
    1.94178 0.062901 12
    2.02444 0.077022 9
  2.57352 5 - 4
    0.61118 0.4274 73
    0.67556 0.1453 71
    0.79806 0.2222 65
    1.45149 0.2051 31
  2.6157 21 - 2
    0.2027 0.5 86
    0.3656 0.5 83
  2.8709 23 - 1
    0.2552 1 90
  2.9181 7 + 1
    0.6464 1 84
  3.0961 25 - 1
    0.2252 1 91
  3.1353 3 + 2
    0.2172 0.5 92
    0.8636 0.5 84
  3.4995 1 + 2
    0.3642 0.5 94
    0.5814 0.5 92
  3.8871 5 + 2
    0.3876 0.5 95
    0.7518 0.5 94
  4.231 7 - 1
    0.3439 1 96

43 102 25
  0 2 + 0
  0.02 0 + 1
    0.02 1 0
  0.034 4 + 1
    0.014 1 1
  0.1 6 + 1
    0.1 1 0
  0.174 8 + 1
    0.14 1 2
  0.195 10 + 1
    0.095 1 3
  0.21166 12 + 1
    0.21166 1 0
  0.22383 2 + 1
    0.22383 1 0
  0.248 4 + 2
    0.214 0.5 2
    0.228 0.5 1
  0.26663 6 - 2
    0.0428 0.2308 7
    0.26663 0.7692 0
  0.298 6 + 2
    0.198 0.5 3
    0.298 0.5 0
  0.315 8 - 2
    0.12 0.5 5
    0.215 0.5 3
  0.35986 2 + 4
    0.09323 0.023259 9
    0.13603 0.053418 7
    0.1482 0.861574 6
    0.35986 0.061748 0
  0.393 4 - 2
    0.293 0.5 3
    0.393 0.5 0
  0.416 4 - 2
    0.316 0.5 3
    0.416 0.5 0
  0.443 10 - 2
    0.23134 0.5 6
    0.269 0.5 4
  0.472 14 - 2
    0.029 0.5 15
    0.26034 0.5 6
  0.509 8 - 2
    0.314 0.5 5
    0.409 0.5 3
  0.526 6 - 2
    0.352 0.5 4
    0.492 0.5 2
  0.573 16 - 1
    0.573 1 0
  0.618 0 - 2
    0.39417 0.5 7
    0.618 0.5 0
  0.637 2 - 2
    0.603 0.5 2
    0.617 0.5 1
  0.689 4 + 2
    0.655 0.5 2
    0.669 0.5 1
  0.727 6 - 2
    0.553 0.5 4
    0.693 0.5 2
  0.868 8 + 2
    0.694 0.5 4
    0.834 0.5 2

43 103 49
  0 5 + 0
  0.04586 7 + 1
    0.04586 1 0
  0.08338 3 - 1
    0.08338 1 0
  0.1389 9 + 1
    0.09304 1 1
  0.1783 5 - 1
    0.09492 1 2
  0.259 5 - 2
    0.17562 0.8255 2
    0.259 0.1745 0
  0.338 3 - 2
    0.25462 0.5 2
    0.338 0.5 0
  0.362 7 - 2
    0.103 0.5 5
    0.1837 0.5 4
  0.3832 7 - 3
    0.2049 0.177505 4
    0.29982 0.729722 2
    0.3832 0.092773 0
  0.46977 3 + 3
    0.33087 0.034261 3
    0.42391 0.791432 1
    0.46977 0.174307 0
  0.4871 1 - 2
    0.40372 0.934981 2
    0.4871 0.065019 0
  0.51922 3 - 2
    0.43584 0.0245 2
    0.51922 0.9755 0
  0.557 11 + 1
    0.4181 1 3
  0.595 9 - 2
    0.233 0.5 7
    0.4167 0.5 4
  0.62076 7 + 3
    0.15099 0.405141 9
    0.5749 0.137314 1
    0.62076 0.457546 0
  0.663 13 + 2
    0.106 0.5 12
    0.5241 0.5 3
  0.6866 11 + 1
    0.5477 1 3
  0.689595 7 - 5
    0.202495 0.143007 10
    0.219825 0.276513 9
    0.430595 0.005254 5
    0.643735 0.100205 1
    0.689595 0.475022 0
  0.69159 1 + 5
    0.17237 0.151094 11
    0.20449 0.175693 10
    0.30839 0.069537 8
    0.60821 0.367985 2
    0.69159 0.235691 0
  0.779 3 - 2
    0.69562 0.5 2
    0.779 0.5 0
  0.848 11 - 2
    0.253 0.5 13
    0.486 0.5 7
  0.859 7 + 2
    0.6807 0.5 4
    0.81314 0.5 1
  0.8872 5 + 2
    0.41743 0.6536 9
    0.8872 0.3464 0
  0.918 9 + 2
    0.7791 0.5 3
    0.918 0.5 0
  1.08598 5 + 3
    0.61621 0.036671 9
    1.04012 0.547316 1
    1.08598 0.416012 0
  1.097 3 - 2
    1.01362 0.5 2
    1.097 0.5 0
  1.15 3 - 2
    1.06662 0.5 2
    1.15 0.5 0
  1.158 13 - 2
    0.31 0.5 20
    0.563 0.5 13
  1.219 1 - 2
    0.96 0.5 5
    1.0407 0.5 4
  1.22791 5 + 5
    0.60715 0.267705 14
    0.75814 0.371707 9
    1.08901 0.070631 3
    1.18205 0.193304 1
    1.22791 0.096652 0
  1.236 15 + 1
    0.679 1 12
  1.256 9 + 2
    1.1171 0.5 3
    1.256 0.5 0
  1.31 1 + 2
    1.22662 0.5 2
    1.31 0.5 0
  1.344 17 + 1
    0.681 1 15
  1.467 15 - 2
    0.309 0.5 27
    0.619 0.5 20
  1.49449 5 - 2
    1.44863 0.7874 1
    1.49449 0.2126 0
  1.591 5 + 2
    1.50762 0.5 2
    1.591 0.5 0
  1.6211 7 - 1
    1.15133 1 9
  1.692 9 + 2
    1.5531 0.5 3
    1.692 0.5 0
  1.727 1 - 2
    1.468 0.5 5
    1.5487 0.5 4
  1.766 3 + 2
    1.5877 0.5 4
    1.72014 0.5 1
  1.817 5 - 2
    1.6387 0.5 4
    1.77114 0.5 1
  1.834 17 - 2
    0.367 0.5 34
    0.676 0.5 27
  2.153 21 + 1
    0.809 1 33
  2.192 19 - 1
    0.725 1 34
  3.017 7 + 1
    0.864 1 43
  3.371 3 + 1
    0.354 1 45
  3.75 5 - 1
    0.379 1 46
  4.069 9 + 1
    0.319 1 47

43 104 20
  0 6 + 0
  0.0697 0 + 1
    0.0697 1 0
  0.1061 4 + 1
    0.0364 1 1
  0.1197 2 + 1
    0.05 1 1
  0.1748 2 + 3
    0.0551 0.178895 3
    0.0687 0.812178 2
    0.1051 0.008927 1
  0.2208 8 + 4
    0.046 0.964502 4
    0.1011 0.008707 3
    0.1147 0.002411 2
    0.1511 0.02438 1
  0.2658 10 + 3
    0.091 0.858374 4
    0.1597 0.077248 2
    0.1961 0.064378 1
  0.3068 12 + 1
    0.086 1 5
  0.3641 4 + 1
    0.1893 1 4
  0.3988 6 - 3
    0.092 0.173 7
    0.133 0.1153 6
    0.178 0.7117 5
  0.4426 8 - 1
    0.2218 1 5
  0.6138 2 + 1
    0.393 1 5
  0.6418 2 + 5
    0.1992 0.025069 10
    0.335 0.068278 7
    0.376 0.533384 6
    0.421 0.293391 5
    0.467 0.079878 4
  0.7106 4 - 1
    0.4448 1 6
  0.7288 2 + 1
    0.087 1 12
  0.7651 6 - 1
    0.659 1 2
  0.7789 10 - 1
    0.6041 1 4
  0.9085 8 - 1
    0.7337 1 4
  0.9893 4 - 1
    0.7685 1 5
  1.0173 2 + 2
    0.7105 0.3205 7
    0.7965 0.6795 5

43 105 40
  0 3 - 0
  0.07658 5 - 1
    0.07658 1 0
  0.08543 5 + 1
    0.08543 1 0
  0.14776 5 - 2
    0.07118 0.065237 1
    0.14776 0.934763 0
  0.14961 7 + 1
    0.06418 1 2
  0.23703 7 - 3
    0.08927 0.146115 3
    0.16045 0.707871 1
    0.23703 0.146015 0
  0.24962 3 - 3
    0.10186 0.070128 3
    0.17304 0.185394 1
    0.24962 0.744478 0
  0.2786 9 + 2
    0.12899 0.95319 4
    0.19317 0.04681 2
  0.30376 3 + 3
    0.156 0.029529 3
    0.21833 0.640381 2
    0.30376 0.33009 0
  0.32217 1 + 2
    0.01841 0.4128 8
    0.32217 0.5872 0
  0.34568 7 - 4
    0.10865 0.070877 5
    0.19792 0.408284 3
    0.2691 0.49238 1
    0.34568 0.028459 0
  0.4409 9 - 3
    0.09522 0.037019 10
    0.20387 0.395892 5
    0.36432 0.567089 1
  0.46363 7 - 5
    0.11795 0.02651 10
    0.21401 0.497395 6
    0.2266 0.132699 5
    0.31587 0.107099 3
    0.38705 0.236298 1
  0.49143 7 + 2
    0.18767 0.7514 8
    0.34182 0.2486 4
  0.52375 5 - 5
    0.17807 0.065181 10
    0.27413 0.159003 6
    0.28672 0.275706 5
    0.37599 0.087002 3
    0.44717 0.413108 1
  0.53 5 + 4
    0.20783 0.459754 9
    0.22624 0.238876 8
    0.38039 0.182682 4
    0.44457 0.118688 2
  0.55874 5 - 3
    0.21306 0.1785 10
    0.32171 0.5451 5
    0.41098 0.2764 3
  0.56377 7 + 2
    0.41416 0.8003 4
    0.47834 0.1997 2
  0.5929 11 + 2
    0.3143 0.914537 7
    0.44329 0.085463 4
  0.61028 7 + 2
    0.46067 0.1527 4
    0.52485 0.8473 2
  0.6726 11 - 2
    0.2317 0.5 11
    0.43557 0.5 5
  0.7499 13 + 2
    0.157 0.4362 18
    0.4713 0.5638 7
  0.81031 1 - 3
    0.53171 0.3069 7
    0.6607 0.361 4
    0.72488 0.3321 2
  0.86887 3 + 2
    0.59027 0.1304 7
    0.71926 0.8696 4
  0.88089 9 + 2
    0.35714 0.6971 14
    0.41726 0.3029 12
  0.89159 9 + 2
    0.36159 0.6265 15
    0.40016 0.3735 13
  0.94045 1 - 3
    0.70342 0.2489 5
    0.79269 0.4292 3
    0.86387 0.3219 1
  1.04331 3 - 6
    0.69763 0.04327 10
    0.8937 0.08173 4
    0.89555 0.1154 3
    0.95788 0.1298 2
    0.96673 0.149 1
    1.04331 0.4808 0
  1.17212 15 - 3
    0.86836 0.641 8
    1.02251 0.1795 4
    1.08669 0.1795 2
  1.1772 15 + 2
    0.4273 0.5722 21
    0.5843 0.4278 18
  1.2363 15 - 1
    0.5637 1 20
  1.3734 17 + 2
    0.1962 0.3143 29
    0.6235 0.6857 21
  1.4151 3 - 2
    0.8851 0.047619 15
    1.11134 0.952381 8
  1.47637 5 + 3
    0.94637 0.3081 15
    1.1542 0.4739 9
    1.23934 0.218 5
  1.8198 1 - 5
    0.77649 0.262016 27
    1.20952 0.369022 19
    1.47412 0.17341 10
    1.5412 0.059044 7
    1.67204 0.136508 3
  1.8908 3 + 2
    1.80537 0.6711 2
    1.81422 0.3289 1
  2.1181 21 + 1
    0.7447 1 31
  2.1952 5 - 2
    1.25475 0.3464 26
    2.04744 0.6536 3
  2.21197 11 - 3
    1.93337 0.333333 7
    2.06236 0.333333 4
    2.12654 0.333333 2
  2.76643 9 + 3
    2.32553 0.609739 11
    2.61867 0.280472 3
    2.681 0.109789 2

43 106 17
  0 0 + 0
  0.0539 2 + 1
    0.0539 1 0
  0.07735 4 + 2
    0.02345 0.5 1
    0.07735 0.5 0
  0.08698 6 + 1
    0.08698 1 0
  0.13949 8 + 3
    0.06214 0.1534 2
    0.08559 0.5682 1
    0.13949 0.2784 0
  0.15087 10 + 3
    0.07352 0.139686 2
    0.09697 0.558644 1
    0.15087 0.30167 0
  0.1628 12 + 1
    0.1089 1 1
  0.18888 4 + 3
    0.04939 0.067037 4
    0.11153 0.374285 2
    0.13498 0.558678 1
  0.19677 6 + 1
    0.19677 1 0
  0.24282 2 - 1
    0.18892 1 1
  0.30951 8 - 1
    0.30951 1 0
  0.32637 2 + 2
    0.24902 0.4475 2
    0.32637 0.5525 0
  0.44883 4 - 2
    0.13932 0.6211 10
    0.44883 0.3789 0
  0.46555 2 + 3
    0.26878 0.054418 8
    0.37857 0.053518 3
    0.46555 0.892064 0
  0.50412 2 + 3
    0.31524 0.1739 7
    0.36463 0.205 4
    0.50412 0.6211 0
  0.67258 2 + 6
    0.34621 0.021559 11
    0.42976 0.161095 9
    0.4837 0.056368 7
    0.59523 0.281892 2
    0.61868 0.402588 1
    0.67258 0.076498 0
  0.7367 6 - 2
    0.6828 0.3007 1
    0.7367 0.6993 0

43 107 35
  0 3 - 0
  0.0301 1 + 1
    0.0301 1 0
  0.04584 5 - 1
    0.04584 1 0
  0.06572 5 + 1
    0.06572 1 0
  0.1344 5 - 1
    0.08856 1 2
  0.13743 7 + 1
    0.07171 1 3
  0.2078 7 - 3
    0.0734 0.1314 4
    0.16196 0.6152 2
    0.2078 0.2534 0
  0.27579 9 + 2
    0.13836 0.990334 5
    0.21007 0.009666 3
  0.4133 9 - 2
    0.2055 0.4124 6
    0.36746 0.5876 2
  0.4663 7 - 2
    0.40058 0.970781 3
    0.4663 0.029219 0
  0.49592 3 + 2
    0.35849 0.682 5
    0.4302 0.318 3
  0.54932 9 - 5
    0.0534 0.0897 10
    0.08302 0.1306 9
    0.41189 0.106 5
    0.4836 0.565 3
    0.54932 0.1087 0
  0.56839 11 + 2
    0.2926 0.7887 7
    0.43096 0.2113 5
  0.6462 11 - 2
    0.2329 0.1188 8
    0.4384 0.8812 6
  0.72796 13 + 2
    0.15957 0.4453 12
    0.45217 0.5547 7
  0.76605 11 + 2
    0.49026 0.8774 7
    0.62862 0.1226 5
  0.8507 3 + 4
    0.35478 0.1015 10
    0.3844 0.597 9
    0.71327 0.0209 5
    0.78498 0.2806 3
  0.9347 13 - 2
    0.2885 0.2522 13
    0.5214 0.7478 8
  1.08774 13 + 2
    0.32169 0.4307 15
    0.51935 0.5693 12
  1.14333 15 + 2
    0.41537 0.8005 14
    0.57494 0.1995 12
  1.2288 15 - 1
    0.5826 1 13
  1.33027 17 + 2
    0.18694 0.2569 19
    0.60231 0.7431 14
  1.3749 5 - 3
    0.87898 0.184 10
    0.9086 0.2025 9
    1.30918 0.6135 3
  1.39164 15 + 2
    0.3039 0.5 18
    0.62559 0.5 15
  1.5963 17 - 1
    0.6616 1 17
  1.73092 17 + 2
    0.33928 0.7479 23
    0.64318 0.2521 18
  1.83997 19 + 2
    0.5097 0.8336 21
    0.69664 0.1664 19
  1.9418 19 - 1
    0.713 1 20
  2.05646 21 + 2
    0.21649 0.3494 26
    0.72619 0.6506 21
  2.09477 19 + 2
    0.36385 0.2495 25
    0.70313 0.7505 23
  2.60467 23 + 2
    0.54821 0.8003 28
    0.7647 0.1997 26
  2.84512 25 + 2
    0.24045 0.3646 30
    0.78866 0.6354 28
  3.35077 27 + 2
    0.50565 0.8337 31
    0.7461 0.1663 30
  3.5871 29 + 1
    0.74198 1 31
  4.3206 33 + 1
    0.733501 1 33

43 108 12
  0 4 + 0
  0.02799 4 + 1
    0.02799 1 0
  0.06778 4 + 1
    0.06778 1 0
  0.08638 2 + 2
    0.05839 0.8104 1
    0.08638 0.1896 0
  0.10618 2 + 1
    0.10618 1 0
  0.26826 4 + 2
    0.16208 0.03851 4
    0.26826 0.96149 0
  0.32691 2 + 2
    0.24053 0.935253 3
    0.29892 0.064747 1
  0.33403 2 + 3
    0.06577 0.832375 5
    0.22785 0.102197 4
    0.33403 0.065428 0
  0.34038 2 + 3
    0.254 0.11 3
    0.31239 0.2502 1
    0.34038 0.6398 0
  0.45876 2 + 6
    0.11838 0.1042 8
    0.1905 0.2288 5
    0.37238 0.3441 3
    0.39098 0.2303 2
    0.43077 0.02745 1
    0.45876 0.06515 0
  0.56378 2 + 4
    0.2234 0.259118 8
    0.29552 0.326923 5
    0.4774 0.317022 3
    0.53579 0.096937 1
  0.9041 2 + 2
    0.57007 0.4446 7
    0.63584 0.5554 5

43 109 21
  0 5 + 0
  0.06937 7 + 1
    0.06937 1 0
  0.20668 9 + 1
    0.13731 1 1
  0.5048 11 + 2
    0.29812 0.9097 2
    0.43543 0.0903 1
  0.63322 11 + 2
    0.42654 0.917637 2
    0.56385 0.082363 1
  0.64433 13 + 2
    0.13953 0.5347 3
    0.43765 0.4653 2
  0.96531 13 + 2
    0.33209 0.8703 4
    0.46051 0.1297 3
  1.08439 15 + 2
    0.44006 0.758 5
    0.57959 0.242 3
  1.23197 17 + 2
    0.14758 0.1488 7
    0.58764 0.8512 5
  1.26326 15 + 2
    0.29795 0.6358 6
    0.63004 0.3642 4
  1.63688 17 + 2
    0.37362 0.3021 9
    0.67157 0.6979 6
  1.79667 19 + 2
    0.5647 0.6332 8
    0.71228 0.3668 7
  1.95169 21 + 2
    0.15502 0.1779 11
    0.71972 0.8221 8
  2.13743 19 + 1
    0.90546 1 8
  2.37597 21 + 1
    0.23854 1 13
  2.55301 23 + 2
    0.60132 0.6669 12
    0.75634 0.3331 11
  2.64333 23 + 3
    0.26736 0.225 14
    0.5059 0.554 13
    0.69164 0.221 12
  2.75406 25 + 2
    0.20105 0.1271 15
    0.80237 0.8729 12
  3.21811 27 + 1
    0.6651 1 15
  3.43953 29 + 1
    0.68547 1 17
  4.20091 33 + 1
    0.761381 1 19

43 110 7
  0 4 + 0
  0.03945 0 + 1
    0.03945 1 0
  0.0533 2 + 1
    0.0533 1 0
  0.14209 2 + 1
    0.14209 1 0
  0.1865 6 + 1
    0.1332 1 2
  0.2629 2 + 2
    0.12081 0.6677 3
    0.22345 0.3323 1
  0.7408 2 + 3
    0.4779 0.2068 5
    0.59871 0.645 3
    0.7408 0.1482 0

43 111 15
  0 5 + 0
  0.0673 7 + 1
    0.0673 1 0
  0.1991 9 + 1
    0.1318 1 1
  0.4832 11 + 2
    0.2841 0.6962 2
    0.4159 0.3038 1
  0.5749 11 + 1
    0.3758 1 2
  0.6097 13 + 2
    0.1265 0.3014 3
    0.4106 0.6986 2
  0.8876 13 + 1
    0.3127 1 4
  1.0291 15 + 2
    0.4194 0.5032 5
    0.5459 0.4968 3
  1.1618 17 + 2
    0.1327 0.176 7
    0.5521 0.824 5
  1.1816 15 + 1
    0.6067 1 4
  1.7063 19 + 2
    0.5445 0.5528 8
    0.6772 0.4472 7
  1.8303 21 + 1
    0.6685 1 8
  2.5539 25 + 1
    0.7236 1 11
  3.2141 29 + 1
    0.6602 1 12
  3.9519 33 + 1
    0.7378 1 13

43 112 1
  0 2 - 0

43 113 1
  0 5 + 0

43 114 1
  0 0 - 0

43 115 1
  0 5 + 0

43 116 1
  0 4 + 0

43 117 1
  0 5 + 0

43 118 1
  0 2 - 0

43 119 1
  0 9 + 0

43 120 1
  0 2 - 0

