90 208 1
  0 0 + 0

90 209 1
  0 5 - 0

90 210 1
  0 0 + 0

90 211 1
  0 3 - 0

90 212 1
  0 0 + 0

90 213 1
  0 3 - 0

90 214 5
  0 0 + 0
  0.623 4 + 1
    0.623 1 0
  1.453 8 + 1
    0.83 1 1
  2.092 12 + 1
    0.639 1 2
  2.181 16 + 1
    0.089 1 3

90 215 1
  0 1 - 0

90 216 10
  0 0 + 0
  1.4782 4 + 1
    1.4782 1 0
  1.6877 6 - 1
    0.2095 1 1
  1.8138 8 + 1
    0.1261 1 2
  2.0137 12 + 1
    0.1999 1 3
  2.04 16 + 1
    0.0263 1 4
  2.1305 16 + 1
    0.0905 1 5
  2.6468 22 - 2
    0.5163 0.077554 6
    0.6068 0.922446 5
  3.5302 24 + 1
    0.8834 1 7
  3.6814 28 + 1
    0.1512 1 8

90 217 2
  0 9 + 0
  0.6738 15 - 1
    0.6738 1 0

90 218 6
  0 0 + 0
  0.6896 4 + 1
    0.6896 1 0
  1.1942 8 + 1
    0.5046 1 1
  1.5639 12 + 1
    0.3697 1 2
  1.7658 16 + 1
    0.2019 1 3
  2.104 20 + 1
    0.3382 1 4

90 219 1
  0 9 + 0

90 220 39
  0 0 + 0
  0.3733 4 + 1
    0.3733 1 0
  0.7598 8 + 1
    0.3865 1 1
  0.99377 10 - 1
    0.23397 1 2
  1.16603 12 + 2
    0.17226 0.6088 3
    0.40623 0.3912 2
  1.32899 14 - 2
    0.16296 0.7629 4
    0.33522 0.2371 3
  1.59816 16 + 2
    0.26917 0.8494 5
    0.43213 0.1506 4
  1.71889 18 - 2
    0.12073 0.426 6
    0.3899 0.574 5
  1.934 16 + 2
    0.60501 0.3445 5
    0.76797 0.6555 4
  2.01273 20 + 2
    0.29384 0.959562 7
    0.41457 0.040438 6
  2.1016 20 + 1
    0.38271 1 7
  2.15887 22 - 3
    0.05727 0.090518 10
    0.14614 0.337193 9
    0.43998 0.572289 7
  2.3453 20 - 1
    0.4113 1 8
  2.4345 24 - 1
    0.27563 1 11
  2.4419 24 + 2
    0.28303 0.8597 11
    0.42917 0.1403 9
  2.4615 22 - 1
    0.3599 1 10
  2.5552 26 - 3
    0.1133 0.2084 14
    0.1207 0.6202 13
    0.39633 0.1714 11
  2.6858 26 - 2
    0.2439 0.5233 14
    0.52693 0.4767 11
  2.7097 24 + 1
    0.2482 1 15
  2.885 28 + 3
    0.1992 0.1766 17
    0.3298 0.6151 16
    0.4431 0.2083 14
  2.9 28 + 1
    0.4655 1 13
  2.9577 6 - 1
    0.248 1 18
  3.0049 30 - 2
    0.1199 0.1405 19
    0.4497 0.8595 16
  3.0272 28 - 1
    0.5927 1 13
  3.203 30 - 2
    0.318 0.6565 19
    0.5172 0.3435 17
  3.3172 30 + 1
    0.29 1 23
  3.3765 32 + 2
    0.3716 0.8305 22
    0.4915 0.1695 19
  3.4674 34 - 1
    0.4625 1 22
  3.4806 6 + 1
    0.2776 1 24
  3.5591 32 - 2
    0.2419 0.3259 25
    0.5319 0.6741 23
  3.6816 34 - 1
    0.3051 1 26
  3.8674 36 + 1
    0.4 1 27
  3.9538 38 - 1
    0.4864 1 27
  4.2257 40 + 1
    0.2719 1 32
  4.3197 40 + 2
    0.3659 0.5774 32
    0.4523 0.4226 31
  4.4331 42 - 1
    0.4793 1 32
  4.5196 42 - 2
    0.1999 0.2875 34
    0.5658 0.7125 32
  4.7161 44 + 1
    0.283 1 35
  4.892 46 - 1
    0.4589 1 35

90 221 14
  0 7 + 0
  0.047 1 + 1
    0.047 1 0
  0.2509 11 + 1
    0.2509 1 0
  0.488 13 - 1
    0.2371 1 2
  0.5728 15 + 2
    0.0848 0.3761 3
    0.3219 0.6239 2
  0.7469 17 - 2
    0.1741 0.924082 4
    0.2589 0.075918 3
  0.9465 19 + 2
    0.1996 0.7881 5
    0.3737 0.2119 4
  1.0786 21 - 2
    0.1321 0.756 6
    0.3317 0.244 5
  1.356 23 + 2
    0.2774 0.915509 7
    0.4095 0.084491 6
  1.472 25 - 2
    0.116 0.5901 8
    0.3934 0.4099 7
  1.7764 27 + 1
    0.3044 1 9
  1.9354 29 - 2
    0.159 0.5073 10
    0.4634 0.4927 9
  2.2515 31 + 1
    0.3161 1 11
  2.4215 33 - 2
    0.17 0.2207 12
    0.4861 0.7793 11

90 222 26
  0 0 + 0
  0.1833 4 + 1
    0.1833 1 0
  0.4398 8 + 1
    0.2565 1 1
  0.467 6 - 1
    0.2837 1 1
  0.651 10 - 1
    0.2112 1 2
  0.75 12 + 2
    0.099 0.5 4
    0.3102 0.5 2
  0.9235 14 - 2
    0.1735 0.5 5
    0.2725 0.5 4
  1.0935 16 + 2
    0.17 0.5 6
    0.3435 0.5 5
  1.2553 18 - 2
    0.1618 0.5 7
    0.3318 0.5 6
  1.4611 20 + 2
    0.2058 0.5 8
    0.3676 0.5 7
  1.6226 22 - 2
    0.1615 0.5 9
    0.3673 0.5 8
  1.8507 24 + 2
    0.2281 0.5 10
    0.3896 0.5 9
  2.0155 26 - 2
    0.1648 0.5 11
    0.3929 0.5 10
  2.2597 28 + 2
    0.2442 0.5 12
    0.409 0.5 11
  2.4319 30 - 2
    0.1722 0.5 13
    0.4164 0.5 12
  2.6878 32 + 2
    0.2559 0.5 14
    0.4281 0.5 13
  2.873 34 - 2
    0.1852 0.5 15
    0.4411 0.5 14
  3.1335 36 + 2
    0.2605 0.5 16
    0.4457 0.5 15
  3.3407 38 - 2
    0.2072 0.5 17
    0.4677 0.5 16
  3.596 40 + 2
    0.2553 0.5 18
    0.4625 0.5 17
  3.8355 42 - 2
    0.2395 0.5 19
    0.4948 0.5 18
  4.0776 44 + 2
    0.2421 0.5 20
    0.4816 0.5 19
  4.3495 46 - 2
    0.2719 0.5 21
    0.514 0.5 20
  4.5779 48 + 2
    0.2284 0.5 22
    0.5003 0.5 21
  4.8825 50 - 2
    0.3046 0.5 23
    0.533 0.5 22
  5.0979 52 + 2
    0.2154 0.5 24
    0.52 0.5 23

90 223 28
  0 5 + 0
  0.0513 7 + 1
    0.0513 1 0
  0.1189 9 + 2
    0.0676 0.8475 1
    0.1189 0.1525 0
  0.1805 9 - 1
    0.1292 1 1
  0.209 7 + 2
    0.1577 0.638 1
    0.209 0.362 0
  0.2123 11 + 3
    0.0318 0.3598 3
    0.0934 0.4221 2
    0.161 0.2181 1
  0.243 11 - 1
    0.1241 1 2
  0.247 3 + 1
    0.247 1 0
  0.31 5 + 2
    0.2587 0.5169 1
    0.31 0.4831 0
  0.32 13 + 3
    0.077 0.232977 6
    0.1077 0.448555 5
    0.2011 0.318468 2
  0.3241 13 - 1
    0.1118 1 5
  0.4124 15 - 2
    0.0924 0.8364 9
    0.1694 0.1636 6
  0.4287 15 + 3
    0.1046 0.333333 10
    0.1087 0.333333 9
    0.2164 0.333333 5
  0.5473 17 - 3
    0.1186 0.1993 12
    0.1349 0.4665 11
    0.2232 0.3342 10
  0.5696 17 + 2
    0.1572 0.7486 11
    0.2496 0.2514 9
  0.657 19 - 2
    0.0874 0.7271 14
    0.2446 0.2729 11
  0.706 19 + 3
    0.1364 0.560594 14
    0.1587 0.373096 13
    0.2773 0.066309 12
  0.8381 21 - 2
    0.1321 0.7207 16
    0.2908 0.2793 13
  0.8581 21 + 2
    0.2011 0.938553 15
    0.2885 0.061447 14
  0.9621 23 - 2
    0.104 0.8799 18
    0.3051 0.1201 15
  1.0216 23 + 2
    0.1835 0.8822 17
    0.3156 0.1178 16
  1.1794 25 - 2
    0.1578 0.928928 20
    0.3413 0.071072 17
  1.1854 25 + 2
    0.2233 0.8648 19
    0.3273 0.1352 18
  1.3138 27 - 2
    0.1284 0.4464 22
    0.3517 0.5536 19
  1.3706 27 + 2
    0.1912 0.7745 21
    0.349 0.2255 20
  1.5517 29 + 2
    0.2379 0.7638 23
    0.3663 0.2362 22
  1.5584 29 - 2
    0.1878 0.8097 24
    0.379 0.1903 21
  1.7025 31 - 2
    0.1508 0.6427 25
    0.3887 0.3573 23

90 224 19
  0 0 + 0
  0.0981 4 + 1
    0.0981 1 0
  0.251 2 - 2
    0.1529 0.358 1
    0.251 0.642 0
  0.2841 8 + 1
    0.186 1 1
  0.3053 6 - 1
    0.2072 1 1
  0.4645 10 - 1
    0.1804 1 3
  0.5347 12 + 2
    0.0702 0.4593 5
    0.2506 0.5407 3
  0.6995 14 - 2
    0.1648 0.5 6
    0.235 0.5 5
  0.8339 16 + 2
    0.1344 0.6799 7
    0.2992 0.3201 6
  0.9977 18 - 2
    0.1638 0.5 8
    0.2982 0.5 7
  1.1738 20 + 2
    0.1761 0.737 9
    0.3399 0.263 8
  1.3473 22 - 2
    0.1735 0.773 10
    0.3496 0.227 9
  1.5498 24 + 2
    0.2025 0.7756 11
    0.376 0.2244 10
  1.7387 26 - 2
    0.1889 0.6724 12
    0.3914 0.3276 11
  1.9589 28 + 2
    0.2202 0.7759 13
    0.4091 0.2241 12
  2.1647 30 - 2
    0.2058 0.6945 14
    0.426 0.3055 13
  2.398 32 + 2
    0.2333 0.5 15
    0.4391 0.5 14
  2.6202 34 - 2
    0.2222 0.7081 16
    0.4555 0.2919 15
  2.864 36 + 1
    0.466 1 16

90 225 17
  0 3 + 0
  0.0684 7 + 1
    0.0684 1 0
  0.187 11 + 1
    0.1186 1 1
  0.3256 13 - 1
    0.1386 1 2
  0.3702 15 + 2
    0.0446 0.5 3
    0.1832 0.5 2
  0.5197 17 - 2
    0.1495 0.5 4
    0.1941 0.5 3
  0.6143 19 + 2
    0.0946 0.5 5
    0.2441 0.5 4
  0.7687 21 - 2
    0.1544 0.5 6
    0.249 0.5 5
  0.9107 23 + 2
    0.142 0.5 7
    0.2964 0.5 6
  1.0722 25 - 2
    0.1615 0.5 8
    0.3035 0.5 7
  1.2513 27 + 2
    0.1791 0.5 9
    0.3406 0.5 8
  1.4263 29 - 2
    0.175 0.5 10
    0.3541 0.5 9
  1.6318 31 + 2
    0.2055 0.5 11
    0.3805 0.5 10
  1.8245 33 - 2
    0.1927 0.5 12
    0.3982 0.5 11
  2.0472 35 + 2
    0.2227 0.5 13
    0.4154 0.5 12
  2.2591 37 - 2
    0.2119 0.5 14
    0.4346 0.5 13
  2.4944 39 + 2
    0.2353 0.5 15
    0.4472 0.5 14

90 226 25
  0 0 + 0
  0.0722 4 + 1
    0.0722 1 0
  0.22643 8 + 1
    0.15423 1 1
  0.23037 2 - 2
    0.15817 0.3959 1
    0.23037 0.6041 0
  0.3075 6 - 2
    0.08107 0.044438 2
    0.2353 0.955562 1
  0.351 10 - 2
    0.0435 0.5 4
    0.12457 0.5 2
  0.362 12 - 1
    0.362 1 0
  0.4473 12 + 1
    0.22087 1 2
  0.4505 10 - 1
    0.22407 1 2
  0.6579 14 - 2
    0.2074 0.5 8
    0.2106 0.5 7
  0.7219 16 + 2
    0.064 0.1284 9
    0.2746 0.8716 7
  0.8052 0 + 1
    0.57483 1 3
  0.8478 4 + 2
    0.5403 0.5269 4
    0.61743 0.4731 3
  0.9231 18 - 2
    0.2012 0.7773 10
    0.2652 0.2227 9
  1.0403 20 + 2
    0.1172 0.245 13
    0.3184 0.755 10
  1.2384 22 - 2
    0.1981 0.606 14
    0.3153 0.394 13
  1.3952 24 + 2
    0.1568 0.3079 15
    0.3549 0.6921 14
  1.596 26 - 2
    0.2008 0.5 16
    0.3576 0.5 15
  1.7815 28 + 2
    0.1855 0.2914 17
    0.3863 0.7086 16
  1.9894 30 - 2
    0.2079 0.3805 18
    0.3934 0.6195 17
  2.1958 32 + 2
    0.2064 0.5 19
    0.4143 0.5 18
  2.4128 34 - 2
    0.217 0.3033 20
    0.4234 0.6967 19
  2.6351 36 + 1
    0.4393 1 20
  2.8611 38 - 2
    0.226 0.2987 22
    0.4483 0.7013 21
  3.0971 40 + 1
    0.462 1 22

90 227 23
  0 1 + 0
  0.00929 5 + 1
    0.00929 1 0
  0.02438 3 + 2
    0.01509 0.4231 1
    0.02438 0.5769 0
  0.037864 3 - 2
    0.028574 0.6172 1
    0.037864 0.3828 0
  0.07367 3 - 1
    0.06438 1 1
  0.07623 5 + 2
    0.05185 0.3371 2
    0.06694 0.6629 1
  0.07762 3 + 3
    0.039756 0.0038 3
    0.05324 0.6154 2
    0.06833 0.3808 1
  0.08678 9 + 1
    0.07749 1 1
  0.09919 1 + 4
    0.061326 0.038358 3
    0.07481 0.449078 2
    0.0899 0.434378 1
    0.09919 0.078186 0
  0.1273 3 + 2
    0.10292 0.4441 2
    0.11801 0.5559 1
  0.18371 1 - 4
    0.05641 0.692193 9
    0.08452 0.02871 8
    0.145846 0.159098 3
    0.15933 0.119999 2
  0.20002 7 - 2
    0.07272 0.6539 9
    0.19073 0.3461 1
  0.2071 11 - 1
    0.12948 1 6
  0.22848 3 - 5
    0.12929 0.084612 8
    0.15086 0.323006 6
    0.190616 0.092072 3
    0.2041 0.303006 2
    0.21919 0.197304 1
  0.23146 7 - 1
    0.15779 1 4
  0.28904 5 + 6
    0.06056 0.01187 13
    0.18985 0.040961 8
    0.21142 0.079652 6
    0.26466 0.51431 2
    0.27975 0.193004 1
    0.28904 0.160203 0
  0.31896 5 + 4
    0.24134 0.04441 6
    0.24273 0.135099 5
    0.29458 0.147999 2
    0.30967 0.672493 1
  0.40014 9 - 1
    0.1111 1 15
  0.44819 13 - 3
    0.26448 0.813 10
    0.37057 0.0813 6
    0.410326 0.1057 3
  0.5034 7 - 2
    0.31969 0.8197 10
    0.40421 0.1803 8
  0.54702 11 + 4
    0.36331 0.194919 10
    0.41972 0.361036 9
    0.52264 0.332133 2
    0.53773 0.111911 1
  0.68873 9 - 5
    0.14171 0.120988 20
    0.18533 0.224178 19
    0.46025 0.167283 13
    0.56143 0.355864 9
    0.58954 0.131687 8
  0.6984 15 + 1
    0.46992 1 13

90 228 83
  0 0 + 0
  0.057759 4 + 1
    0.057759 1 0
  0.186823 8 + 1
    0.129064 1 1
  0.328003 2 - 2
    0.270244 0.5322 1
    0.328003 0.4678 0
  0.378179 12 + 1
    0.191356 1 2
  0.396078 6 - 2
    0.209255 0.267 2
    0.338319 0.733 1
  0.519192 10 - 2
    0.141013 0.1069 4
    0.332369 0.8931 2
  0.6225 16 + 1
    0.244321 1 4
  0.6956 14 - 1
    0.317421 1 4
  0.831823 0 + 2
    0.50382 0.7513 3
    0.774064 0.2487 1
  0.874473 4 + 5
    0.478395 0.387392 5
    0.54647 0.351293 3
    0.68765 0.124698 2
    0.816714 0.047659 1
    0.874473 0.088958 0
  0.9118 20 + 1
    0.2893 1 7
  0.9208 18 - 2
    0.2252 0.2544 8
    0.2983 0.7456 7
  0.93858 0 + 2
    0.610577 0.7868 3
    0.880821 0.2132 1
  0.944196 4 + 2
    0.616193 0.4758 3
    0.944196 0.5242 0
  0.968369 6 - 3
    0.449177 0.2385 6
    0.572291 0.5957 5
    0.640366 0.1658 3
  0.974233 4 + 3
    0.78741 0.011641 2
    0.916474 0.613837 1
    0.974233 0.374522 0
  0.979499 4 + 5
    0.583421 0.3416 5
    0.651496 0.2773 3
    0.792676 0.2487 2
    0.92174 0.05177 1
    0.979499 0.08063 0
  1.01641 8 + 4
    0.620332 0.176618 5
    0.688407 0.156116 3
    0.958651 0.623362 1
    1.01641 0.043904 0
  1.02253 6 + 2
    0.835707 0.2454 2
    0.964771 0.7546 1
  1.05993 8 - 3
    0.540738 0.2372 6
    0.663852 0.3652 5
    0.873107 0.3976 2
  1.09102 8 + 4
    0.694942 0.02199 5
    0.712841 0.01381 4
    0.904197 0.7627 2
    1.03326 0.2015 1
  1.12295 4 - 5
    0.10042 0.062547 19
    0.148717 0.133193 16
    0.726872 0.094495 5
    0.794947 0.689266 3
    1.06519 0.020499 1
  1.15347 4 + 6
    0.173971 0.021429 17
    0.179237 0.831075 16
    0.278997 0.050558 10
    0.321647 0.047749 9
    1.09571 0.023449 1
    1.15347 0.025739 0
  1.16 10 - 2
    0.781821 0.5 4
    0.973177 0.5 2
  1.16838 6 - 8
    0.07736 0.009258 21
    0.14585 0.055158 19
    0.194147 0.100496 16
    0.649188 0.01217 6
    0.772302 0.450183 5
    0.840377 0.276789 3
    0.981557 0.013269 2
    1.11062 0.082677 1
  1.17451 10 + 1
    0.987687 1 2
  1.1826 4 + 4
    0.238399 0.180918 14
    0.995772 0.407941 2
    1.12484 0.285028 1
    1.1826 0.126113 0
  1.1898 22 - 2
    0.269 0.4435 12
    0.278 0.5565 11
  1.20054 6 + 4
    0.17801 0.188977 19
    0.226307 0.589829 16
    1.01372 0.174479 2
    1.14278 0.046714 1
  1.22656 8 - 5
    0.13554 0.027281 21
    0.20403 0.135503 19
    0.707368 0.168303 6
    0.830482 0.609312 5
    1.03974 0.059601 2
  1.2394 24 + 1
    0.3276 1 11
  1.29742 10 - 4
    0.60182 0.04111 8
    0.778228 0.366496 6
    0.901342 0.270197 5
    1.1106 0.322197 2
  1.34408 6 - 6
    0.161485 0.044569 27
    0.824888 0.206396 6
    0.948002 0.437691 5
    1.01608 0.078688 3
    1.15726 0.028659 2
    1.28632 0.203996 1
  1.41611 2 - 4
    0.471914 0.4878 14
    1.02003 0.3122 5
    1.08811 0.0878 3
    1.22929 0.1122 2
  1.43198 8 + 9
    0.25747 0.008924 26
    0.2636 0.005895 25
    0.27851 0.005031 23
    0.34096 0.059069 21
    0.40945 0.279995 19
    0.452481 0.002806 17
    0.457747 0.621689 16
    1.24516 0.01469 2
    1.37422 0.001901 1
  1.45039 8 - 12
    0.01841 0.179411 35
    0.15297 0.041202 32
    0.22383 0.255715 30
    0.27588 0.005496 26
    0.28201 0.223813 25
    0.32744 0.224713 22
    0.35937 0.008524 21
    0.39046 0.007678 20
    0.42786 0.008074 19
    0.43398 0.011301 18
    0.482021 0.012261 15
    1.05431 0.021811 5
  1.4971 26 - 2
    0.2577 0.3206 31
    0.3073 0.6794 28
  1.53147 6 + 8
    0.09949 0.788024 35
    0.35696 0.002307 26
    0.378 0.003337 23
    0.44045 0.019531 21
    0.50894 0.066882 19
    0.557237 0.117604 16
    1.13539 0.001211 5
    1.34465 0.001105 2
  1.53921 2 - 2
    0.41626 0.5618 22
    1.14313 0.4382 5
  1.58091 4 - 5
    0.35435 0.1353 30
    0.601411 0.1263 17
    1.18483 0.1993 5
    1.25291 0.2883 3
    1.52315 0.2508 1
  1.58833 8 - 4
    0.05686 0.026009 38
    0.13794 0.936963 36
    0.15635 0.025449 35
    0.41995 0.01158 25
  1.5995 28 + 1
    0.3601 1 31
  1.61778 12 - 3
    0.643547 0.4207 16
    1.43096 0.369 2
    1.56002 0.2103 1
  1.63828 4 + 6
    0.4699 0.01161 25
    0.51533 0.041259 22
    1.31028 0.01595 3
    1.45146 0.008999 2
    1.58052 0.499291 1
    1.63828 0.422892 0
  1.64313 2 - 8
    0.47475 0.023749 25
    0.52018 0.073168 22
    0.62672 0.01446 18
    0.668897 0.154895 16
    0.674761 0.154895 15
    0.698934 0.038209 14
    1.24705 0.526684 5
    1.31513 0.01394 3
  1.64595 6 + 12
    0.11448 0.014739 38
    0.41939 0.004727 30
    0.49248 0.005523 23
    0.523 0.025269 22
    0.55493 0.010309 21
    0.62342 0.002487 19
    0.62954 0.008773 18
    0.666451 0.013129 17
    0.671717 0.014499 16
    1.24987 0.013889 5
    1.45913 0.170091 2
    1.58819 0.716564 1
  1.68281 12 - 3
    0.66028 0.004626 19
    1.49599 0.77098 2
    1.62505 0.224394 1
  1.68382 8 - 4
    0.45726 0.087064 30
    0.62389 0.114592 20
    1.16463 0.362875 6
    1.28774 0.43547 5
  1.68839 10 - 5
    0.04244 0.00454 46
    0.67198 0.012859 18
    0.813917 0.003481 10
    1.50157 0.222482 2
    1.63063 0.756639 1
  1.72428 4 + 7
    0.541685 0.01366 27
    0.57081 0.113801 23
    0.70175 0.114301 19
    0.750047 0.618806 16
    1.53746 0.02427 2
    1.66652 0.099611 1
    1.72428 0.01555 0
  1.73545 8 + 4
    1.21626 0.1586 6
    1.35727 0.1509 4
    1.54863 0.2849 2
    1.67769 0.4056 1
  1.74389 8 + 6
    0.39981 0.083291 33
    0.59042 0.04785 23
    0.68396 0.052441 20
    1.36571 0.04431 4
    1.55707 0.502605 2
    1.68613 0.269503 1
  1.75824 2 - 3
    0.32626 0.675632 35
    1.57142 0.114889 2
    1.70048 0.209479 1
  1.76022 14 - 5
    0.577625 0.044277 27
    0.73769 0.269381 19
    0.785987 0.077485 16
    1.5734 0.239883 2
    1.70246 0.368974 1
  1.7959 10 - 2
    1.27671 0.4382 6
    1.73814 0.5618 1
  1.79765 4 + 4
    1.40157 0.265597 5
    1.46965 0.442696 3
    1.73989 0.243098 1
    1.79765 0.04861 0
  1.80469 8 + 9
    0.1163 0.0206 49
    0.12087 0.03221 48
    0.12188 0.0425 47
    0.15874 0.423404 46
    0.3543 0.03799 36
    0.37271 0.221502 35
    0.65122 0.04442 23
    1.42651 0.061471 4
    1.61787 0.115901 2
  1.81743 8 - 3
    0.36704 0.666073 36
    1.29824 0.081537 6
    1.42135 0.25239 5
  1.8383 30 - 1
    0.3412 1 37
  1.893 6 + 10
    0.47689 0.01729 34
    0.66644 0.04352 30
    0.69246 0.061389 29
    0.72462 0.01897 25
    0.73953 0.01439 23
    0.77005 0.056489 22
    0.87047 0.397796 19
    0.918767 0.067539 16
    1.70618 0.071119 2
    1.83524 0.251497 1
  1.89995 4 + 7
    0.87742 0.166707 19
    0.88354 0.026841 18
    0.920451 0.069063 17
    0.925717 0.174707 16
    1.50387 0.124705 5
    1.84219 0.401816 1
    1.89995 0.036161 0
  1.90193 12 - 4
    1.38274 0.25 6
    1.50585 0.25 5
    1.52375 0.2725 4
    1.71511 0.2275 2
  1.90664 4 + 3
    0.49053 0.3349 34
    1.07482 0.305 9
    1.90664 0.3601 0
  1.92522 2 - 6
    0.72468 0.04559 29
    0.742625 0.04039 27
    0.86529 0.03001 20
    0.956851 0.150001 15
    1.52914 0.157002 5
    1.7384 0.577006 2
  1.92857 6 + 5
    0.16835 0.0528 54
    0.38936 0.1848 39
    0.58449 0.1332 33
    1.74175 0.1892 2
    1.87081 0.44 1
  1.93716 10 - 4
    0.39795 0.582077 39
    1.06269 0.215391 10
    1.75034 0.174593 2
    1.8794 0.027939 1
  1.9449 6 + 16
    0.18468 0.021922 54
    0.22062 0.046703 50
    0.29895 0.009855 46
    0.30662 0.044253 44
    0.51292 0.016531 35
    0.71834 0.076375 30
    0.77652 0.093206 25
    0.79143 0.046333 23
    0.85388 0.009978 21
    0.92237 0.027542 19
    0.92849 0.010841 18
    0.970667 0.168412 16
    1.07043 0.014611 10
    1.54882 0.014511 5
    1.75808 0.109208 2
    1.88714 0.28972 1
  1.95872 4 + 2
    1.7719 0.5464 2
    1.95872 0.4536 0
  1.96498 12 - 3
    1.77816 0.040271 2
    1.90722 0.67112 1
    1.96498 0.288609 0
  1.9742 2 - 4
    1.45501 0.384427 6
    1.57812 0.441931 5
    1.78738 0.123709 2
    1.91644 0.049933 1
  1.98197 10 - 3
    1.0136 0.2175 15
    1.79515 0.6798 2
    1.92421 0.1027 1
  1.98746 8 + 4
    1.01323 0.1538 16
    1.60928 0.205 4
    1.80064 0.1156 2
    1.9297 0.5256 1
  1.9991 32 + 1
    0.399605 1 42
  2.01011 14 - 7
    0.21421 0.124701 55
    0.37183 0.02799 44
    0.88716 0.117001 22
    0.91909 0.119601 21
    1.03588 0.190802 16
    1.82329 0.165402 2
    1.95235 0.254503 1
  2.0136 6 - 2
    1.82678 0.7246 2
    1.95584 0.2754 1
  2.01676 2 + 1
    1.62068 1 5
  2.02284 12 - 3
    1.04861 0.475152 16
    1.14837 0.215978 10
    1.96508 0.308869 1
  2.02984 10 + 4
    0.93882 0.479586 21
    1.01343 0.239793 18
    1.97208 0.187094 1
    2.02984 0.093527 0
  2.03699 6 - 2
    1.85017 0.7092 2
    1.97923 0.2908 1
  2.1231 4 + 2
    1.7951 0.5 3
    1.93628 0.5 2
  2.2097 34 - 1
    0.3714 1 59
  2.4079 36 + 1
    0.408795 1 73

90 229 90
  0 5 + 0
  8e-06 3 + 1
    8e-06 1 0
  0.029193 5 + 2
    0.029185 0.5 1
    0.029193 0.5 0
  0.042435 7 + 1
    0.042435 1 0
  0.071826 7 + 4
    0.029391 0.132093 3
    0.042633 0.733963 2
    0.071818 0.117994 1
    0.071826 0.015949 0
  0.097136 9 + 4
    0.02531 0.271008 4
    0.054701 0.545816 3
    0.067943 0.01387 2
    0.097136 0.169305 0
  0.125438 9 + 5
    0.028302 0.045611 5
    0.053612 0.719715 4
    0.083003 0.02195 3
    0.096245 0.210404 2
    0.125438 0.002319 0
  0.146357 5 - 3
    0.074531 0.1391 4
    0.117164 0.2834 2
    0.146349 0.5775 1
  0.148173 7 - 3
    0.076347 0.066011 4
    0.11898 0.849817 2
    0.148173 0.084172 0
  0.163254 11 + 4
    0.037816 0.252697 6
    0.066118 0.483495 5
    0.091428 0.01151 4
    0.120819 0.252297 3
  0.164532 3 - 2
    0.135339 0.2623 2
    0.164524 0.7377 1
  0.173484 9 - 2
    0.101658 0.7797 4
    0.131049 0.2203 3
  0.18999 5 - 1
    0.092854 1 5
  0.195719 11 + 5
    0.032465 0.120601 9
    0.070281 0.540707 6
    0.098583 0.04098 5
    0.123893 0.290003 4
    0.153284 0.007708 3
  0.2024 11 - 2
    0.076962 0.5 6
    0.105264 0.5 5
  0.212382 5 + 2
    0.086944 0.8264 6
    0.212382 0.1736 0
  0.21716 5 - 5
    0.052628 0.01078 10
    0.068987 0.005116 8
    0.145334 0.267101 4
    0.187967 0.265101 2
    0.217152 0.451902 1
  0.235127 7 - 1
    0.08877 1 7
  0.237366 7 - 7
    0.024984 0.068646 15
    0.063882 0.054617 11
    0.089193 0.221987 8
    0.091009 0.226086 7
    0.111928 0.067246 6
    0.16554 0.057237 4
    0.208173 0.304182 2
  0.241546 13 + 4
    0.045827 0.165987 13
    0.078292 0.330474 9
    0.116108 0.015979 6
    0.14441 0.487561 5
  0.255957 5 + 3
    0.043575 0.863543 15
    0.226764 0.093755 2
    0.255957 0.042702 0
  0.261964 1 + 2
    0.097432 0.8188 10
    0.261956 0.1812 1
  0.27284 13 + 1
    0.147402 1 6
  0.275 15 - 2
    0.033454 0.5 19
    0.0726 0.5 14
  0.287895 7 - 5
    0.050529 0.526636 18
    0.114411 0.298621 11
    0.139722 0.089056 8
    0.162457 0.007302 6
    0.216069 0.078385 4
  0.29574 3 + 4
    0.039783 0.765609 20
    0.149383 0.004358 7
    0.266547 0.140002 2
    0.295732 0.090031 1
  0.302989 7 + 8
    0.065623 0.087132 18
    0.129505 0.092202 11
    0.154816 0.203404 8
    0.177551 0.036851 6
    0.205853 0.094332 5
    0.260554 0.275806 3
    0.273796 0.039871 2
    0.302989 0.170403 0
  0.317173 5 + 8
    0.100013 0.001108 16
    0.152641 0.000649 10
    0.169 0.00243 8
    0.170816 0.005886 7
    0.245347 0.376318 4
    0.274738 0.035092 3
    0.28798 0.075194 2
    0.317173 0.503323 0
  0.320548 5 + 11
    0.032653 0.158286 24
    0.085421 0.007081 17
    0.103388 0.003583 16
    0.156016 0.00211 10
    0.172375 0.001285 8
    0.174191 0.009675 7
    0.223412 0.001735 5
    0.248722 0.167185 4
    0.278113 0.087112 3
    0.291355 0.376866 2
    0.320548 0.185083 0
  0.3278 15 + 3
    0.086254 0.369474 19
    0.132081 0.014769 13
    0.164546 0.615757 9
  0.3478 5 + 2
    0.044811 0.856 26
    0.091843 0.144 20
  0.359604 7 + 4
    0.142444 0.081149 16
    0.18612 0.01662 11
    0.317169 0.888191 3
    0.359604 0.01404 0
  0.365814 7 + 8
    0.19233 0.00873 11
    0.219457 0.027691 7
    0.240376 0.189904 6
    0.268678 0.097982 5
    0.293988 0.050881 4
    0.323379 0.215304 3
    0.336621 0.159003 2
    0.365814 0.250505 0
  0.374815 7 + 2
    0.079075 0.997524 25
    0.374815 0.002476 0
  0.38254 11 + 2
    0.209056 0.3198 11
    0.310714 0.6802 4
  0.425877 9 + 7
    0.184331 0.078191 19
    0.188511 0.051621 18
    0.230158 0.278503 13
    0.328741 0.208202 5
    0.354051 0.149002 4
    0.383442 0.225803 3
    0.396684 0.008678 2
  0.42804 5 + 3
    0.125051 0.371819 26
    0.1323 0.577329 25
    0.21088 0.050853 16
  0.436951 7 - 6
    0.077347 0.624989 31
    0.116403 0.190497 28
    0.224569 0.00163 15
    0.272419 0.102698 10
    0.311513 0.077059 6
    0.339815 0.003127 5
  0.44938 5 + 4
    0.15364 0.1296 25
    0.406945 0.1999 3
    0.420187 0.0134 2
    0.44938 0.6571 0
  0.457513 1 + 2
    0.42832 0.5 2
    0.457513 0.5 0
  0.465426 5 - 5
    0.291942 0.869985 11
    0.3936 0.097238 4
    0.422991 0.003729 3
    0.436233 0.02533 2
    0.465426 0.003718 0
  0.47864 7 - 2
    0.436205 0.2429 3
    0.47864 0.7571 0
  0.496064 7 + 11
    0.175516 0.117794 28
    0.200324 0.003365 25
    0.258698 0.012179 18
    0.278904 0.012829 16
    0.33281 0.028879 9
    0.347891 0.010679 8
    0.349707 0.001944 7
    0.424238 0.101195 4
    0.453629 0.154292 3
    0.466871 0.099465 2
    0.496064 0.457378 0
  0.513479 3 - 5
    0.388041 0.031571 6
    0.416343 0.031571 5
    0.441653 0.01894 4
    0.471044 0.48571 3
    0.513479 0.432209 0
  0.526516 9 - 5
    0.166912 0.02322 31
    0.291389 0.859905 17
    0.309356 0.111801 16
    0.45469 0.001634 4
    0.484081 0.00344 3
  0.53608 1 - 2
    0.371548 0.8149 10
    0.536072 0.1851 1
  0.569272 3 - 11
    0.203458 0.004928 32
    0.248724 0.095606 28
    0.252099 0.292419 27
    0.273532 0.004928 25
    0.307308 0.017471 21
    0.352112 0.009409 16
    0.40474 0.041113 10
    0.422915 0.031912 7
    0.526837 0.010751 3
    0.540079 0.015231 2
    0.569272 0.476231 0
  0.5712 3 - 1
    0.309236 1 21
  0.57639 9 - 2
    0.12701 0.1401 38
    0.57639 0.8599 0
  0.585237 13 - 3
    0.459799 0.917427 6
    0.542802 0.055052 3
    0.585237 0.027521 0
  0.605165 11 - 15
    0.126525 0.007292 41
    0.155785 0.020361 38
    0.239351 0.233808 32
    0.284617 0.106303 28
    0.287992 0.021571 27
    0.343201 0.002279 21
    0.367799 0.01155 18
    0.388005 0.016711 16
    0.440633 0.019141 10
    0.456992 0.036461 8
    0.458808 0.002036 7
    0.533339 0.056712 4
    0.56273 0.104503 3
    0.575972 0.035561 2
    0.605165 0.325711 0
  0.620837 9 - 5
    0.47448 0.106498 7
    0.523701 0.129597 5
    0.578402 0.462991 3
    0.591644 0.097218 2
    0.620837 0.203696 0
  0.637384 3 - 5
    0.402257 0.696851 17
    0.425002 0.076655 15
    0.540248 0.160289 5
    0.608191 0.045297 2
    0.637384 0.020909 0
  0.65379 1 - 2
    0.489258 0.9009 10
    0.65379 0.0991 0
  0.65689 17 - 5
    0.531452 0.114394 6
    0.559754 0.039218 5
    0.614455 0.114394 3
    0.627697 0.078426 2
    0.65689 0.653567 0
  0.66178 13 - 4
    0.44462 0.308831 16
    0.497248 0.213221 10
    0.515423 0.367637 7
    0.66178 0.110311 0
  0.66498 9 - 2
    0.500448 0.7519 10
    0.66498 0.2481 0
  0.68901 11 - 3
    0.540837 0.4854 8
    0.542653 0.3738 7
    0.68901 0.1408 0
  0.7145 3 + 2
    0.672065 0.5 3
    0.714492 0.5 1
  0.7434 1 - 2
    0.597043 0.5 7
    0.743392 0.5 1
  0.749849 19 + 5
    0.514722 0.781277 17
    0.652713 0.01563 5
    0.707414 0.140596 3
    0.720656 0.031249 2
    0.749849 0.031249 0
  0.77929 9 - 2
    0.614758 0.7634 10
    0.779282 0.2366 1
  0.8151 3 - 2
    0.785907 0.5 2
    0.8151 0.5 0
  0.8251 11 + 2
    0.753274 0.5 4
    0.782665 0.5 3
  0.8434 5 - 2
    0.800965 0.5 3
    0.843392 0.5 1
  0.8952 15 + 2
    0.699481 0.5 13
    0.731946 0.5 9
  0.9291 13 + 2
    0.803662 0.5 6
    0.831964 0.5 5
  0.9726 9 - 2
    0.900774 0.5 4
    0.930165 0.5 3
  0.9826 3 + 2
    0.940165 0.5 3
    0.982592 0.5 1
  1.019 17 - 2
    0.433763 0.5 49
    0.6912 0.5 29
  1.0517 1 + 2
    1.02251 0.5 2
    1.0517 0.5 0
  1.0618 11 - 2
    0.936362 0.5 6
    0.964664 0.5 5
  1.0938 9 + 2
    1.06461 0.5 2
    1.0938 0.5 0
  1.1041 3 - 2
    1.07491 0.5 2
    1.1041 0.5 0
  1.1213 21 + 1
    1.1213 1 0
  1.1355 13 - 2
    0.962016 0.5 11
    0.972246 0.5 9
  1.1926 15 + 2
    0.996881 0.5 13
    1.02935 0.5 9
  1.2073 11 - 2
    1.08186 0.5 6
    1.11016 0.5 5
  1.2416 1 + 2
    1.21241 0.5 2
    1.2416 0.5 0
  1.2664 7 - 2
    1.23721 0.5 2
    1.2664 0.5 0
  1.3025 9 + 2
    1.27331 0.5 2
    1.3025 0.5 0
  1.336 3 - 2
    1.30681 0.5 2
    1.336 0.5 0
  1.3828 5 + 2
    1.35361 0.5 2
    1.3828 0.5 0
  1.4069 7 - 2
    1.37771 0.5 2
    1.4069 0.5 0
  1.4638 9 + 2
    1.43461 0.5 2
    1.4638 0.5 0
  1.5009 11 - 2
    1.37546 0.5 6
    1.40376 0.5 5
  1.513 3 + 2
    1.47056 0.5 3
    1.51299 0.5 1
  1.5385 13 - 2
    1.36502 0.5 11
    1.37525 0.5 9
  1.5758 5 + 2
    1.54661 0.5 2
    1.5758 0.5 0
  1.6283 1 - 2
    1.48194 0.5 7
    1.62829 0.5 1

90 230 90
  0 0 + 0
  0.053227 4 + 1
    0.053227 1 0
  0.174111 8 + 1
    0.120884 1 1
  0.35647 12 + 1
    0.182359 1 2
  0.50815 2 - 2
    0.454923 0.6257 1
    0.50815 0.3743 0
  0.571756 6 - 2
    0.397645 0.4673 2
    0.518529 0.5327 1
  0.59379 16 + 1
    0.23732 1 3
  0.634919 0 + 1
    0.581692 1 1
  0.677515 4 + 3
    0.503404 0.3134 2
    0.624288 0.3293 1
    0.677515 0.3573 0
  0.6866 10 - 3
    0.114844 0.4672 5
    0.33013 0.1913 3
    0.512489 0.3415 2
  0.7696 8 + 3
    0.41313 0.205621 3
    0.595489 0.359536 2
    0.716373 0.434843 1
  0.7755 8 + 2
    0.41903 0.1426 3
    0.601389 0.8574 2
  0.781375 4 + 3
    0.607264 0.015339 2
    0.728148 0.563277 1
    0.781375 0.421383 0
  0.825664 6 + 2
    0.651553 0.2135 2
    0.772437 0.7865 1
  0.85214 14 - 3
    0.16554 0.03461 9
    0.25835 0.229398 6
    0.49567 0.735993 3
  0.8793 20 + 1
    0.28551 1 6
  0.8836 8 + 4
    0.206085 0.062222 8
    0.52713 0.042151 3
    0.709489 0.65842 2
    0.830373 0.237207 1
  0.92295 12 + 2
    0.56648 0.2562 3
    0.748839 0.7438 2
  0.951898 2 - 7
    0.170523 0.000156 12
    0.274383 0.001788 8
    0.316979 0.004027 7
    0.380142 0.008312 5
    0.443748 0.164803 4
    0.898671 0.134602 1
    0.951898 0.686312 0
  0.95504 10 + 2
    0.59857 0.3267 3
    0.780929 0.6733 2
  0.971726 4 - 4
    0.294211 0.005452 8
    0.39997 0.081968 5
    0.463576 0.102198 4
    0.918499 0.810382 1
  1.0096 4 + 6
    0.183936 0.002158 13
    0.228225 0.003272 12
    0.332085 0.01898 8
    0.835489 0.0211 2
    0.956373 0.568394 1
    1.0096 0.386096 0
  1.01246 6 - 4
    0.440704 0.189885 5
    0.50431 0.022838 4
    0.838349 0.051536 2
    0.959233 0.735741 1
  1.03945 12 + 2
    0.68298 0.7477 3
    0.865339 0.2523 2
  1.05214 6 + 2
    0.878029 0.3637 2
    0.998913 0.6363 1
  1.0653 18 - 2
    0.21316 0.4307 14
    0.47151 0.5693 6
  1.07922 4 - 5
    0.253556 0.00787 13
    0.297845 0.033191 12
    0.401705 0.006522 8
    0.57107 0.417708 4
    1.02599 0.53471 1
  1.1082 8 + 2
    0.934089 0.3716 2
    1.05497 0.6284 1
  1.11315 10 - 2
    0.541394 0.5 5
    0.939039 0.5 2
  1.1174 16 + 2
    0.52361 0.1693 6
    0.76093 0.8307 3
  1.12779 6 - 7
    0.302126 0.009047 13
    0.346415 0.020169 12
    0.450275 0.008308 8
    0.556034 0.155296 5
    0.61964 0.134297 4
    0.953679 0.125897 2
    1.07456 0.546986 1
  1.1342 14 + 2
    0.54041 0.257 6
    0.77773 0.743 3
  1.176 10 + 2
    0.81953 0.395 3
    1.00189 0.605 2
  1.1968 8 - 1
    1.02269 1 2
  1.2066 24 + 1
    0.3273 1 15
  1.243 16 + 3
    0.3637 0.1375 15
    0.64921 0.6406 6
    0.88653 0.2219 3
  1.2512 16 + 2
    0.65741 0.6196 6
    0.89473 0.3804 3
  1.2554 12 + 3
    0.66161 0.085309 6
    0.89893 0.704193 3
    1.08129 0.210498 2
  1.29714 2 - 2
    0.78899 0.1319 4
    1.24391 0.8681 1
  1.322 22 - 2
    0.2567 0.5 25
    0.4427 0.5 15
  1.349 14 + 2
    0.75521 0.464 6
    0.99253 0.536 3
  1.3584 18 + 2
    0.4791 0.2869 15
    0.76461 0.7131 6
  1.37528 6 - 4
    0.423382 0.03629 18
    0.86713 0.188802 4
    1.32205 0.284503 1
    1.37528 0.490405 0
  1.40089 4 + 5
    0.448992 0.03414 18
    0.89274 0.187498 4
    1.22678 0.261197 2
    1.34766 0.427796 1
    1.40089 0.089369 0
  1.4484 16 + 3
    0.5691 0.169083 15
    0.85461 0.665334 6
    1.09193 0.165583 3
  1.48562 2 - 3
    0.913864 0.2793 5
    0.97747 0.162 4
    1.43239 0.5587 1
  1.5201 20 + 3
    0.3135 0.273127 34
    0.6408 0.181918 15
    0.92631 0.544954 6
  1.5718 28 + 1
    0.3652 1 34
  1.57351 6 - 1
    1.57351 1 0
  1.5898 0 + 1
    1.53657 1 1
  1.616 26 - 2
    0.294 0.5 39
    0.4094 0.5 34
  1.628 10 - 2
    1.27153 0.5 3
    1.45389 0.5 2
  1.63845 8 - 2
    0.62885 0.5814 21
    1.58522 0.4186 1
  1.663 6 - 2
    1.48889 0.5 2
    1.60977 0.5 1
  1.69571 2 - 3
    1.18756 0.2459 4
    1.64248 0.2077 1
    1.69571 0.5464 0
  1.718 10 - 2
    1.36153 0.5 3
    1.54389 0.5 2
  1.74486 4 - 2
    0.73526 0.1379 21
    1.69163 0.8621 1
  1.77073 8 - 2
    1.7175 0.8696 1
    1.77073 0.1304 0
  1.77522 6 - 3
    1.26707 0.1888 4
    1.72199 0.301 1
    1.77522 0.5102 0
  1.7894 2 - 1
    1.7894 1 0
  1.81074 4 - 3
    1.30259 0.341 4
    1.75751 0.5501 1
    1.81074 0.1089 0
  1.83961 10 - 1
    1.83961 1 0
  1.84954 4 + 4
    0.36392 0.1072 45
    0.83994 0.4723 21
    0.877814 0.2107 20
    1.67543 0.2098 2
  1.8582 8 - 1
    1.80497 1 1
  1.9027 6 - 2
    1.39455 0.1803 4
    1.9027 0.8197 0
  1.9471 30 - 2
    0.3311 0.5 50
    0.3753 0.5 47
  1.94987 12 - 2
    1.89664 0.2958 1
    1.94987 0.7042 0
  1.967 6 - 2
    1.91377 0.8696 1
    1.967 0.1304 0
  1.9695 32 + 1
    0.3977 1 47
  1.97344 8 - 3
    1.14778 0.455446 13
    1.92021 0.49505 1
    1.97344 0.049505 0
  2.00091 2 + 2
    0.99131 0.2126 21
    2.00091 0.7874 0
  2.01013 10 - 2
    1.9569 0.8547 1
    2.01013 0.1453 0
  2.02467 4 + 4
    1.05294 0.383138 20
    1.19901 0.383138 13
    1.97144 0.107311 1
    2.02467 0.126413 0
  2.07825 6 - 3
    0.99903 0.625 26
    1.06865 0.1875 21
    1.25259 0.1875 13
  2.12277 8 + 3
    1.04355 0.084846 26
    2.06954 0.309085 1
    2.12277 0.60607 0
  2.13314 12 - 3
    0.38828 0.273473 56
    1.45562 0.408159 8
    1.62499 0.318368 4
  2.15181 2 + 3
    0.75092 0.208498 43
    2.09858 0.744593 1
    2.15181 0.04691 0
  2.28298 10 - 3
    1.31125 0.4184 20
    2.22975 0.2552 1
    2.28298 0.3264 0
  2.2986 6 + 2
    2.24537 0.3631 1
    2.2986 0.6369 0
  2.3105 34 - 2
    0.341 0.5 68
    0.3634 0.5 65
  2.31427 4 + 2
    1.63675 0.7937 8
    2.31427 0.2063 0
  2.36891 8 - 2
    0.96802 0.5464 43
    1.79715 0.4536 5
  2.3963 36 + 1
    0.4268 1 68
  2.7037 38 - 1
    0.3932 1 79
  2.8486 40 + 1
    0.4523 1 82
  3.125 42 - 1
    0.4213 1 83
  3.324 44 + 1
    0.4754 1 84
  3.5725 46 - 1
    0.4475 1 85
  3.819 48 + 1
    0.495 1 86
  5 6 - 2
    4.82589 0.5 2
    4.94677 0.5 1

90 231 73
  0 5 + 0
  0.041952 7 + 1
    0.041952 1 0
  0.096129 9 + 2
    0.054177 0.3703 1
    0.096129 0.6297 0
  0.16194 11 + 1
    0.119988 1 1
  0.185714 5 - 2
    0.143762 0.1726 1
    0.185714 0.8274 0
  0.205309 7 - 3
    0.10918 0.128187 2
    0.163357 0.450655 1
    0.205309 0.421158 0
  0.221398 3 + 1
    0.221398 1 0
  0.236893 9 - 5
    0.031584 0.180996 5
    0.051179 0.684686 4
    0.074953 0.01021 3
    0.140764 0.034689 2
    0.194941 0.089418 1
  0.240881 5 + 2
    0.198929 0.494 1
    0.240881 0.506 0
  0.247583 1 + 1
    0.247583 1 0
  0.27218 3 + 2
    0.230228 0.039129 1
    0.27218 0.960871 0
  0.275425 7 + 3
    0.179296 0.3573 2
    0.233473 0.5417 1
    0.275425 0.101 0
  0.2778 11 - 3
    0.040907 0.191106 7
    0.072491 0.796624 5
    0.11586 0.01227 3
  0.301744 5 + 3
    0.080346 0.627863 6
    0.259792 0.10341 1
    0.301744 0.268727 0
  0.317082 5 + 3
    0.076201 0.50112 8
    0.27513 0.478319 1
    0.317082 0.020561 0
  0.324913 9 + 2
    0.228784 0.6947 2
    0.282961 0.3053 1
  0.334 13 - 2
    0.097107 0.5 7
    0.17206 0.5 3
  0.351511 7 + 3
    0.255382 0.465747 2
    0.309559 0.285129 1
    0.351511 0.249125 0
  0.377577 7 + 3
    0.136696 0.807424 8
    0.172268 0.083272 5
    0.281448 0.109303 2
  0.38569 11 + 2
    0.289561 0.8855 2
    0.343738 0.1145 1
  0.387827 7 - 6
    0.150934 0.086702 7
    0.182518 0.254505 5
    0.202113 0.639413 4
    0.291698 0.006885 2
    0.345875 0.006265 1
    0.387827 0.006229 0
  0.402 15 - 1
    0.1242 1 12
  0.449 9 + 2
    0.352871 0.5 2
    0.449 0.5 0
  0.45218 9 - 6
    0.064353 0.541245 20
    0.215287 0.169483 7
    0.246871 0.259474 5
    0.266466 0.014079 4
    0.356051 0.009457 2
    0.410228 0.006263 1
  0.465 3 - 2
    0.259691 0.5 5
    0.465 0.5 0
  0.49 11 + 2
    0.32806 0.5 3
    0.448048 0.5 1
  0.510897 5 + 1
    0.468945 1 1
  0.53 11 + 2
    0.36806 0.5 3
    0.488048 0.5 1
  0.542525 11 - 1
    0.154698 1 20
  0.554651 1 - 5
    0.282471 0.443186 10
    0.307068 0.345489 9
    0.368937 0.182194 4
    0.512699 0.005731 1
    0.554651 0.023399 0
  0.579 9 + 2
    0.482871 0.5 2
    0.579 0.5 0
  0.590838 3 - 3
    0.289094 0.021051 13
    0.385529 0.182709 5
    0.405124 0.79624 4
  0.593617 3 - 4
    0.346034 0.086553 9
    0.372219 0.270108 6
    0.388308 0.041321 5
    0.407903 0.602018 4
  0.595974 5 - 5
    0.244463 0.072439 17
    0.323794 0.391892 10
    0.374576 0.089378 6
    0.390665 0.294294 5
    0.41026 0.151997 4
  0.619638 3 - 4
    0.302556 0.139099 14
    0.317894 0.03911 13
    0.39824 0.185798 6
    0.433924 0.635994 4
  0.623937 5 - 1
    0.418628 1 5
  0.629342 5 - 3
    0.424033 0.253415 5
    0.443628 0.693742 4
    0.629342 0.052843 0
  0.634044 7 - 2
    0.428735 0.5336 5
    0.44833 0.4664 4
  0.655981 7 - 2
    0.419088 0.6025 7
    0.470267 0.3975 4
  0.68449 13 - 2
    0.479181 0.0759 5
    0.498776 0.9241 4
  0.687631 1 + 4
    0.415451 0.067499 10
    0.440048 0.096518 9
    0.466233 0.419492 6
    0.687631 0.416492 0
  0.704 15 - 2
    0.302 0.5 21
    0.4262 0.5 12
  0.709099 3 + 4
    0.392017 0.117188 14
    0.436919 0.636636 10
    0.468218 0.145385 8
    0.487701 0.10079 6
  0.713753 3 - 3
    0.325926 0.179596 20
    0.441573 0.033519 10
    0.528039 0.786884 4
  0.720298 7 - 4
    0.418554 0.017771 13
    0.444873 0.109103 11
    0.514989 0.753623 5
    0.534584 0.119504 4
  0.735263 5 + 3
    0.433519 0.4502 13
    0.463083 0.3635 10
    0.48768 0.1863 9
  0.745 13 + 2
    0.4672 0.5 12
    0.648871 0.5 2
  0.793026 1 + 3
    0.491282 0.608739 13
    0.520846 0.190281 10
    0.793026 0.20098 0
  0.808507 3 + 7
    0.456996 0.207408 17
    0.506763 0.095154 13
    0.536327 0.156306 10
    0.560924 0.118005 9
    0.587109 0.163207 6
    0.766555 0.076313 1
    0.808507 0.183607 0
  0.813 15 - 2
    0.411 0.5 21
    0.5352 0.5 12
  0.820544 1 + 4
    0.503462 0.1008 14
    0.572961 0.5862 9
    0.599146 0.1213 6
    0.820544 0.1917 0
  0.833168 1 - 4
    0.239551 0.801576 32
    0.278517 0.044019 29
    0.585585 0.084797 9
    0.61177 0.069608 6
  0.839304 3 + 6
    0.284653 0.057547 29
    0.522222 0.211889 14
    0.567124 0.219289 10
    0.617906 0.105195 6
    0.797352 0.126094 1
    0.839304 0.279986 0
  0.86703 9 - 3
    0.479203 0.4333 20
    0.630137 0.2162 7
    0.681316 0.3505 4
  0.871 9 + 2
    0.774871 0.5 2
    0.871 0.5 0
  0.875549 3 - 3
    0.255911 0.2133 34
    0.320898 0.4275 29
    0.875549 0.3592 0
  0.889998 5 + 3
    0.614573 0.4671 11
    0.649117 0.3539 8
    0.6686 0.179 6
  0.914904 5 - 4
    0.674023 0.159316 8
    0.678011 0.10451 7
    0.72919 0.268827 4
    0.914904 0.467347 0
  0.936305 5 - 5
    0.342688 0.059972 32
    0.548478 0.131904 20
    0.619223 0.101403 14
    0.750591 0.365611 4
    0.936305 0.34111 0
  0.960807 3 + 8
    0.643725 0.051423 14
    0.659063 0.052033 13
    0.688627 0.218413 10
    0.713224 0.259216 9
    0.719926 0.050153 8
    0.739409 0.183811 6
    0.775093 0.063844 4
    0.918855 0.121107 1
  0.967 9 + 2
    0.870871 0.5 2
    0.967 0.5 0
  1.00424 3 + 2
    0.626663 0.245 18
    0.763359 0.755 8
  1.02073 3 - 5
    0.33624 0.138204 39
    0.427113 0.284109 32
    0.773147 0.095273 9
    0.799332 0.187706 6
    0.835016 0.294709 4
  1.0563 3 + 4
    0.78412 0.146415 10
    0.808717 0.128913 9
    0.834902 0.190219 6
    1.01435 0.534453 1
  1.06619 7 - 5
    0.688613 0.382277 18
    0.749108 0.217387 14
    0.844792 0.090155 6
    1.02424 0.147891 1
    1.06619 0.16229 0
  1.07435 3 - 3
    0.483512 0.3577 31
    0.757268 0.2605 14
    0.888636 0.3818 4
  1.08133 13 - 3
    0.487713 0.3518 32
    0.490492 0.4153 31
    0.526679 0.2329 29
  1.08681 5 + 5
    0.493193 0.039088 32
    0.709233 0.459577 18
    0.785066 0.087656 13
    0.811385 0.299285 11
    0.81463 0.114394 10
  1.10225 3 - 6
    0.388497 0.266505 43
    0.41776 0.163703 39
    0.468206 0.172503 37
    0.482612 0.072001 34
    0.785168 0.232405 14
    0.861369 0.092882 8
  1.13381 7 - 3
    0.816728 0.4098 14
    0.86163 0.2459 10
    0.886227 0.3443 9
  1.15975 3 - 3
    0.445997 0.49775 43
    0.918869 0.310669 8
    0.974036 0.191581 4
  1.173 3 - 4
    0.459247 0.259074 43
    0.48851 0.10109 39
    0.543658 0.173283 36
    0.785173 0.466553 20
  1.574 11 + 2
    1.41206 0.5 3
    1.53205 0.5 1

90 232 101
  0 0 + 0
  0.049369 4 + 1
    0.049369 1 0
  0.16212 8 + 1
    0.112751 1 1
  0.33326 12 + 1
    0.17114 1 2
  0.5569 16 + 1
    0.22364 1 3
  0.71442 2 - 2
    0.665051 0.8622 1
    0.71442 0.1378 0
  0.7306 0 + 1
    0.681231 1 1
  0.77415 4 + 3
    0.61203 0.299097 2
    0.724781 0.01241 1
    0.77415 0.688493 0
  0.77984 6 - 2
    0.61772 0.9176 2
    0.730471 0.0824 1
  0.78525 4 + 3
    0.62313 0.005144 2
    0.735881 0.638272 1
    0.78525 0.356584 0
  0.8268 20 + 1
    0.2699 1 4
  0.8296 6 + 2
    0.66748 0.2009 2
    0.780231 0.7991 1
  0.873 8 + 1
    0.53974 1 3
  0.8838 10 - 2
    0.55054 0.5 3
    0.72168 0.5 2
  0.8901 8 + 3
    0.55684 0.041281 3
    0.72798 0.812916 2
    0.840731 0.145803 1
  0.96024 10 + 2
    0.62698 0.3441 3
    0.79812 0.6559 2
  1.0233 12 + 3
    0.4664 0.01568 4
    0.69004 0.228205 3
    0.86118 0.756115 2
  1.0429 14 - 3
    0.1591 0.796966 13
    0.486 0.201191 4
    0.70964 0.001843 3
  1.0509 12 + 2
    0.71764 0.8008 3
    0.88878 0.1992 2
  1.0539 4 + 2
    0.27975 0.4637 7
    0.3233 0.5363 6
  1.0724 4 + 1
    1.02303 1 1
  1.0779 2 - 2
    1.02853 0.5 1
    1.0779 0.5 0
  1.0865 0 + 2
    0.37208 0.5 5
    1.03713 0.5 1
  1.0944 4 + 2
    0.93228 0.5 2
    1.04503 0.5 1
  1.1057 6 - 3
    0.32586 0.288414 8
    0.39128 0.036352 5
    0.94358 0.675234 2
  1.12168 4 + 3
    0.34184 0.181682 8
    0.40726 0.222378 5
    0.95956 0.59594 2
  1.1371 24 + 1
    0.3103 1 10
  1.1433 8 - 1
    0.98118 1 2
  1.1463 14 + 1
    0.81304 1 3
  1.1483 8 + 2
    0.81504 0.3207 3
    0.98618 0.6793 2
  1.1826 6 - 3
    0.40845 0.333333 7
    1.02048 0.333333 2
    1.13323 0.333333 1
  1.2088 10 - 4
    0.325 0.093403 13
    0.42896 0.030921 8
    0.87554 0.01635 3
    1.04668 0.859326 2
  1.2181 10 - 1
    0.88484 1 3
  1.2221 16 + 2
    0.3953 0.5 10
    0.88884 0.5 3
  1.2496 18 - 2
    0.2067 0.5266 17
    0.4228 0.4734 10
  1.2587 16 + 2
    0.7018 0.5 4
    0.92544 0.5 3
  1.293 10 - 1
    0.95974 1 3
  1.3032 6 - 1
    1.3032 1 0
  1.3223 4 + 1
    1.3223 1 0
  1.3274 4 + 3
    1.16528 0.333333 2
    1.27803 0.333333 1
    1.3274 0.333333 0
  1.3522 2 - 1
    0.63778 1 5
  1.37 18 + 1
    0.2237 1 28
  1.3871 4 + 5
    0.60726 0.357389 8
    0.67268 0.196294 5
    1.22498 0.228393 2
    1.33773 0.143096 1
    1.3871 0.074828 0
  1.4138 8 + 2
    0.5842 0.2356 11
    0.62855 0.7644 9
  1.419 6 - 2
    1.25688 0.5 2
    1.36963 0.5 1
  1.4503 2 - 1
    1.40093 1 1
  1.4664 8 + 3
    0.5826 0.3941 13
    0.68656 0.1536 8
    1.13314 0.4523 3
  1.4693 20 + 1
    0.9124 1 4
  1.477 4 + 3
    0.70285 0.333333 7
    1.42763 0.333333 1
    1.477 0.333333 0
  1.4801 6 - 1
    1.43073 1 1
  1.4822 28 + 1
    0.3451 1 26
  1.4849 10 + 1
    1.32278 1 2
  1.4894 6 - 2
    1.44003 0.5291 1
    1.4894 0.4709 0
  1.49435 10 + 2
    0.53411 0.5 15
    0.66475 0.5 11
  1.4987 22 - 2
    0.2491 0.5 34
    0.3616 0.5 26
  1.5119 20 + 2
    0.6851 0.5 10
    0.955 0.5 4
  1.5198 2 - 1
    1.47043 1 1
  1.5538 4 + 8
    0.6808 0.125 12
    0.76855 0.125 9
    0.77965 0.125 7
    0.8232 0.125 6
    0.83938 0.125 5
    1.39168 0.125 2
    1.50443 0.125 1
    1.5538 0.125 0
  1.5614 8 - 1
    1.5614 1 0
  1.573 12 - 2
    1.52363 0.3103 1
    1.573 0.6897 0
  1.5761 12 + 3
    0.5528 0.1846 16
    0.61586 0.604 15
    0.686 0.2114 14
  1.5785 4 + 3
    1.41638 0.360036 2
    1.52913 0.309231 1
    1.5785 0.330733 0
  1.6091 6 - 1
    1.44698 1 2
  1.618 2 - 1
    1.56863 1 1
  1.64 22 + 1
    0.27 1 41
  1.6476 8 - 1
    1.48548 1 2
  1.6909 6 - 1
    1.64153 1 1
  1.7276 14 - 2
    1.67823 0.6211 1
    1.7276 0.3789 0
  1.7381 6 - 1
    1.7381 1 0
  1.755 24 + 2
    0.6179 0.5 26
    0.9282 0.5 10
  1.783 16 + 2
    0.6367 0.6303 28
    0.7597 0.3697 16
  1.7847 26 - 2
    0.286 0.5 54
    0.3025 0.5 50
  1.791 8 - 2
    0.83076 0.5 15
    0.9614 0.5 11
  1.801 24 + 2
    0.6639 0.5 26
    0.9742 0.5 10
  1.8585 32 + 1
    0.3763 1 50
  2.0432 2 + 2
    1.99383 0.3464 1
    2.0432 0.6536 0
  2.08 28 + 2
    0.5978 0.5 50
    0.9429 0.5 26
  2.1016 30 - 2
    0.2431 0.5 74
    0.3169 0.5 71
  2.117 28 + 2
    0.6348 0.5 50
    0.9799 0.5 26
  2.2482 2 + 2
    2.19883 0.2958 1
    2.2482 0.7042 0
  2.2624 36 + 1
    0.4039 1 74
  2.274 2 + 2
    2.22463 0.3827 1
    2.274 0.6173 0
  2.296 2 + 2
    2.24663 0.4083 1
    2.296 0.5917 0
  2.441 32 + 2
    0.5825 0.5 74
    0.9588 0.5 50
  2.4453 34 - 1
    0.3437 1 77
  2.5071 32 + 2
    0.6486 0.5 74
    1.0249 0.5 50
  2.5685 32 + 2
    0.71 0.5 74
    1.0863 0.5 50
  2.691 40 + 1
    0.4286 1 80
  2.767 36 + 2
    0.5046 0.5 80
    0.9085 0.5 74
  2.813 38 - 1
    0.3677 1 84
  2.832 36 + 2
    0.5696 0.5 80
    0.9735 0.5 74
  3.144 44 + 1
    0.453 1 87
  3.204 42 - 1
    0.391 1 89
  3.249 40 + 2
    0.558 0.5 87
    0.9866 0.5 80
  3.616 46 - 1
    0.412 1 92
  3.62 48 + 1
    0.476 1 91
  4.05 50 - 1
    0.434 1 94
  4.117 52 + 1
    0.497 1 95
  4.506 54 - 1
    0.456 1 96
  4.633 56 + 1
    0.516 1 97
  5.164 60 + 1
    0.531 1 99

90 233 215
  0 1 + 0
  0.00604 5 + 1
    0.00604 1 0
  0.00606 7 - 1
    2e-05 1 1
  0.01686 3 + 1
    0.01686 1 0
  0.05038 7 + 1
    0.04434 1 1
  0.054546 5 + 3
    0.037686 0.333333 3
    0.048506 0.333333 1
    0.054546 0.333333 0
  0.09362 7 + 2
    0.039074 0.5 5
    0.07676 0.5 3
  0.10734 9 + 1
    0.05696 1 4
  0.1441 11 - 1
    0.13804 1 2
  0.158 9 + 1
    0.103454 1 5
  0.178 11 + 2
    0.08438 0.5 6
    0.12762 0.5 4
  0.22 11 + 2
    0.12638 0.5 6
    0.16962 0.5 4
  0.2523 15 - 1
    0.1082 1 8
  0.26224 5 + 2
    0.21186 0.1926 4
    0.2562 0.8074 1
  0.2794 7 + 2
    0.17206 0.2932 7
    0.22902 0.7068 4
  0.3095 3 + 2
    0.25912 0.5 4
    0.29264 0.5 3
  0.3132 13 + 1
    0.1552 1 9
  0.3187 15 - 1
    0.1746 1 8
  0.326 9 + 2
    0.31994 0.5 2
    0.31996 0.5 1
  0.335928 3 + 4
    0.281382 0.099682 5
    0.319068 0.394008 3
    0.329888 0.106102 1
    0.335928 0.400208 0
  0.33735 5 + 2
    0.28697 0.1072 4
    0.33131 0.8928 1
  0.37117 5 + 5
    0.27755 0.172284 6
    0.316624 0.403164 5
    0.32079 0.051605 4
    0.35431 0.339069 3
    0.36513 0.033877 1
  0.3885 11 + 2
    0.29488 0.5 6
    0.33812 0.5 4
  0.39715 9 + 2
    0.39109 0.5 2
    0.39111 0.5 1
  0.4058 5 + 2
    0.39976 0.5 1
    0.4058 0.5 0
  0.41 1 - 2
    0.1005 0.5 15
    0.39314 0.5 3
  0.4138 1 + 2
    0.40776 0.5 1
    0.4138 0.5 0
  0.42115 7 + 2
    0.32753 0.6557 6
    0.366604 0.3443 5
  0.443 13 - 2
    0.223 0.5 11
    0.265 0.5 10
  0.464 11 + 2
    0.37038 0.5 6
    0.41362 0.5 4
  0.47836 5 - 1
    0.4723 1 2
  0.4809 9 + 2
    0.47484 0.5 2
    0.47486 0.5 1
  0.5157 17 + 1
    0.2025 1 16
  0.5381 19 - 1
    0.2194 1 17
  0.53961 1 - 2
    0.52275 0.6099 3
    0.53961 0.3901 0
  0.5727 3 - 2
    0.236772 0.031929 19
    0.56664 0.968071 2
  0.583932 1 + 2
    0.577892 0.6119 1
    0.583932 0.3881 0
  0.586135 3 - 3
    0.531589 0.4394 5
    0.569275 0.1085 3
    0.586135 0.4521 0
  0.59929 5 - 2
    0.58243 0.1707 3
    0.59323 0.8293 2
  0.611476 3 + 3
    0.55693 0.334667 5
    0.561096 0.245575 4
    0.605436 0.419758 1
  0.62897 5 + 6
    0.52163 0.104209 7
    0.53535 0.095519 6
    0.574424 0.100009 5
    0.57859 0.279325 4
    0.61211 0.284726 3
    0.62293 0.136212 1
  0.6328 3 + 2
    0.58242 0.5 4
    0.61594 0.5 3
  0.6455 3 + 2
    0.59512 0.5 4
    0.62864 0.5 3
  0.681846 1 - 1
    0.681846 1 0
  0.686655 3 - 2
    0.669795 0.9533 3
    0.680615 0.0467 1
  0.6912 7 - 2
    0.68514 0.5 2
    0.68516 0.5 1
  0.6956 3 - 2
    0.68956 0.5 1
    0.6956 0.5 0
  0.71119 5 + 3
    0.66081 0.3545 4
    0.69433 0.3504 3
    0.71119 0.2951 0
  0.71372 1 + 2
    0.69686 0.2792 3
    0.71372 0.7208 0
  0.72184 3 + 4
    0.18223 0.10209 34
    0.62822 0.219878 6
    0.70498 0.49485 3
    0.72184 0.183182 0
  0.7258 7 - 2
    0.71974 0.5 2
    0.71976 0.5 1
  0.74132 3 - 5
    0.20171 0.305385 34
    0.26296 0.225989 30
    0.37015 0.063847 21
    0.73528 0.20239 1
    0.74132 0.20239 0
  0.7499 3 + 2
    0.69952 0.5 4
    0.73304 0.5 3
  0.75398 7 + 2
    0.7036 0.6356 4
    0.74794 0.3644 1
  0.7617 21 + 1
    0.246 1 32
  0.76818 3 + 2
    0.432252 0.4478 19
    0.75132 0.5522 3
  0.7696 5 + 3
    0.715054 0.5492 5
    0.75274 0.2565 3
    0.7696 0.1943 0
  0.78364 3 + 2
    0.41247 0.2439 21
    0.7776 0.7561 1
  0.796 9 - 2
    0.70238 0.5 6
    0.74562 0.5 4
  0.7978 23 - 1
    0.2597 1 33
  0.80341 5 + 3
    0.54117 0.1367 13
    0.78655 0.1729 3
    0.79737 0.6904 1
  0.81474 3 + 3
    0.79788 0.2485 3
    0.8087 0.3603 1
    0.81474 0.3912 0
  0.8305 9 - 2
    0.73688 0.5 6
    0.78012 0.5 4
  0.83966 3 - 2
    0.83362 0.8696 1
    0.83966 0.1304 0
  0.84226 7 - 7
    0.230784 0.24729 39
    0.258328 0.134295 36
    0.47109 0.101196 21
    0.506332 0.117795 19
    0.58002 0.189692 13
    0.8254 0.134295 3
    0.84226 0.075437 0
  0.846 13 - 2
    0.626 0.5 11
    0.668 0.5 10
  0.85228 9 - 2
    0.59004 0.5 13
    0.83542 0.5 3
  0.86154 7 - 2
    0.84468 0.3827 3
    0.86154 0.6173 0
  0.8737 11 - 2
    0.76636 0.5 7
    0.86764 0.5 2
  0.88494 13 - 2
    0.549012 0.2537 19
    0.830394 0.7463 5
  0.8914 9 - 2
    0.79778 0.5 6
    0.84102 0.5 4
  0.9 7 - 2
    0.89394 0.5 2
    0.89396 0.5 1
  0.9046 11 - 2
    0.79726 0.5 7
    0.89854 0.5 2
  0.918 9 - 2
    0.82438 0.5 6
    0.86762 0.5 4
  0.92458 3 - 6
    0.38497 0.084473 34
    0.55341 0.134304 21
    0.588652 0.190506 19
    0.66234 0.134004 13
    0.90772 0.189606 3
    0.91854 0.267108 1
  0.9472 3 - 3
    0.68496 0.381 13
    0.94114 0.4974 2
    0.9472 0.1216 0
  0.954 7 - 2
    0.94794 0.5 2
    0.94796 0.5 1
  0.9575 5 + 2
    0.95146 0.5 1
    0.9575 0.5 0
  0.9681 13 - 4
    0.632172 0.1265 19
    0.913554 0.2569 5
    0.95124 0.1028 3
    0.9681 0.5138 0
  0.973 11 - 2
    0.86566 0.5 7
    0.96694 0.5 2
  0.9842 7 - 2
    0.97814 0.5 2
    0.97816 0.5 1
  0.991 9 - 2
    0.89738 0.5 6
    0.94062 0.5 4
  1.0131 15 - 3
    0.426965 0.091509 37
    0.99624 0.157698 3
    1.0131 0.750793 0
  1.026 5 - 2
    0.97562 0.5 4
    1.00914 0.5 3
  1.0316 7 - 2
    1.01474 0.909091 3
    1.0316 0.090909 0
  1.04 9 - 2
    0.94638 0.5 6
    0.98962 0.5 4
  1.046 11 + 2
    0.95238 0.5 6
    0.99562 0.5 4
  1.0473 25 + 1
    0.2856 1 54
  1.0515 3 - 2
    1.03464 0.641 3
    1.0515 0.359 0
  1.06143 13 - 2
    1.04457 0.5 3
    1.05539 0.5 1
  1.074 5 + 2
    1.06796 0.5 1
    1.074 0.5 0
  1.0874 7 - 2
    1.08134 0.5 2
    1.08136 0.5 1
  1.0946 27 - 1
    0.2968 1 59
  1.1017 9 + 2
    1.09564 0.5 2
    1.09566 0.5 1
  1.1153 17 + 2
    0.8021 0.5 16
    0.863 0.5 12
  1.13211 3 + 3
    0.86987 0.517352 13
    1.08173 0.154115 4
    1.12607 0.328533 1
  1.15172 5 - 5
    0.78055 0.096264 21
    1.09717 0.164707 5
    1.10134 0.401716 4
    1.14568 0.204808 1
    1.15172 0.132505 0
  1.164 11 - 2
    1.05666 0.5 7
    1.15794 0.5 2
  1.1712 3 - 3
    1.11665 0.3151 5
    1.15434 0.2283 3
    1.16516 0.4566 1
  1.1828 7 + 2
    1.13242 0.5 4
    1.16594 0.5 3
  1.1855 3 + 3
    0.849572 0.493295 19
    1.09188 0.089809 6
    1.1855 0.416896 0
  1.2125 9 - 2
    1.11888 0.5 6
    1.16212 0.5 4
  1.219 5 + 2
    1.21296 0.5 1
    1.219 0.5 0
  1.2257 7 - 2
    1.21964 0.5 2
    1.21966 0.5 1
  1.2382 13 + 2
    1.0941 0.5 8
    1.13086 0.5 7
  1.2567 15 - 2
    1.0044 0.5 12
    1.1126 0.5 8
  1.2594 1 + 2
    1.25336 0.5 1
    1.2594 0.5 0
  1.2628 11 - 2
    1.15546 0.5 7
    1.25674 0.5 2
  1.2768 9 + 2
    1.27074 0.5 2
    1.27076 0.5 1
  1.2829 5 - 2
    1.23252 0.5 4
    1.26604 0.5 3
  1.2934 7 + 2
    1.24302 0.5 4
    1.27654 0.5 3
  1.3048 5 - 2
    1.25442 0.5 4
    1.28794 0.5 3
  1.31341 3 - 1
    0.83505 1 30
  1.3247 9 + 2
    1.31864 0.5 2
    1.31866 0.5 1
  1.3302 7 + 2
    1.27982 0.5 4
    1.31334 0.5 3
  1.3381 11 - 2
    1.23076 0.5 7
    1.33204 0.5 2
  1.344 13 + 2
    1.1999 0.5 8
    1.23666 0.5 7
  1.3507 3 - 1
    0.87234 1 30
  1.367 1 + 2
    1.36096 0.5 1
    1.367 0.5 0
  1.3701 29 + 1
    0.3228 1 87
  1.3885 5 - 2
    1.33812 0.5 4
    1.37164 0.5 3
  1.3952 7 - 2
    1.38914 0.5 2
    1.38916 0.5 1
  1.402 9 + 2
    1.39594 0.5 2
    1.39596 0.5 1
  1.4084 11 - 2
    1.30106 0.5 7
    1.40234 0.5 2
  1.4226 15 + 2
    1.2026 0.5 11
    1.2446 0.5 10
  1.4251 31 - 1
    0.3305 1 92
  1.43 5 + 2
    1.42396 0.5 1
    1.43 0.5 0
  1.4455 7 - 2
    1.43944 0.5 2
    1.43946 0.5 1
  1.4597 9 + 2
    1.45364 0.5 2
    1.45366 0.5 1
  1.4791 1 - 2
    1.1696 0.5 15
    1.46224 0.5 3
  1.491 13 + 2
    1.3469 0.5 8
    1.38366 0.5 7
  1.4981 5 - 2
    1.44772 0.5 4
    1.48124 0.5 3
  1.5099 7 + 2
    1.45952 0.5 4
    1.49304 0.5 3
  1.5174 11 - 2
    1.41006 0.5 7
    1.51134 0.5 2
  1.5251 9 + 2
    1.51904 0.5 2
    1.51906 0.5 1
  1.5327 5 - 2
    1.48232 0.5 4
    1.51584 0.5 3
  1.5408 7 + 2
    1.49042 0.5 4
    1.52394 0.5 3
  1.5547 17 - 2
    0.7087 0.5 65
    1.1117 0.5 28
  1.5575 1 + 2
    1.55146 0.5 1
    1.5575 0.5 0
  1.5802 9 - 2
    1.48658 0.5 6
    1.52982 0.5 4
  1.5898 11 + 2
    1.49618 0.5 6
    1.53942 0.5 4
  1.6013 5 - 2
    1.55092 0.5 4
    1.58444 0.5 3
  1.6123 13 + 2
    1.4682 0.5 8
    1.50496 0.5 7
  1.638 7 - 2
    1.63194 0.5 2
    1.63196 0.5 1
  1.6536 15 + 2
    1.4336 0.5 11
    1.4756 0.5 10
  1.6587 9 - 2
    1.56508 0.5 6
    1.60832 0.5 4
  1.6683 5 + 2
    1.66226 0.5 1
    1.6683 0.5 0
  1.6887 7 - 2
    1.68264 0.5 2
    1.68266 0.5 1
  1.6993 11 + 2
    1.60568 0.5 6
    1.64892 0.5 4
  1.7165 1 - 2
    1.407 0.5 15
    1.69964 0.5 3
  1.7262 33 + 1
    0.3561 1 119
  1.7277 5 - 2
    1.67732 0.5 4
    1.71084 0.5 3
  1.7306 9 + 2
    1.72454 0.5 2
    1.72456 0.5 1
  1.7367 13 - 2
    1.5167 0.5 11
    1.5587 0.5 10
  1.7412 7 + 2
    1.69082 0.5 4
    1.72434 0.5 3
  1.7764 11 - 2
    1.66906 0.5 7
    1.77034 0.5 2
  1.7869 35 - 1
    0.3618 1 125
  1.7968 5 + 2
    1.79076 0.5 1
    1.7968 0.5 0
  1.8056 7 + 2
    1.75522 0.5 4
    1.78874 0.5 3
  1.816 9 - 2
    1.72238 0.5 6
    1.76562 0.5 4
  1.842 15 + 2
    1.622 0.5 11
    1.664 0.5 10
  1.85 1 - 2
    1.5405 0.5 15
    1.83314 0.5 3
  1.8597 5 + 2
    1.85366 0.5 1
    1.8597 0.5 0
  1.8625 13 - 2
    1.6425 0.5 11
    1.6845 0.5 10
  1.8949 7 + 2
    1.84452 0.5 4
    1.87804 0.5 3
  1.9054 9 - 2
    1.81178 0.5 6
    1.85502 0.5 4
  1.9354 11 + 2
    1.84178 0.5 6
    1.88502 0.5 4
  1.9444 17 - 2
    1.0984 0.5 65
    1.5014 0.5 28
  1.948 5 + 2
    1.94196 0.5 1
    1.948 0.5 0
  1.9614 19 - 2
    1.6427 0.5 17
    1.7091 0.5 12
  1.9642 7 + 2
    1.91382 0.5 4
    1.94734 0.5 3
  1.9707 9 - 2
    1.87708 0.5 6
    1.92032 0.5 4
  1.979 1 + 2
    1.97296 0.5 1
    1.979 0.5 0
  1.991 5 - 2
    1.94062 0.5 4
    1.97414 0.5 3
  1.9959 11 + 2
    1.90228 0.5 6
    1.94552 0.5 4
  2.0021 7 - 2
    1.99604 0.5 2
    1.99606 0.5 1
  2.0147 13 + 2
    1.8706 0.5 8
    1.90736 0.5 7
  2.0264 9 - 2
    1.93278 0.5 6
    1.97602 0.5 4
  2.0415 15 + 2
    1.8215 0.5 11
    1.8635 0.5 10
  2.0466 5 - 2
    1.99622 0.5 4
    2.02974 0.5 3
  2.0535 7 + 2
    2.00312 0.5 4
    2.03664 0.5 3
  2.0663 3 - 2
    2.06026 0.5 1
    2.0663 0.5 0
  2.0696 11 + 2
    1.97598 0.5 6
    2.01922 0.5 4
  2.0739 1 - 2
    1.7644 0.5 15
    2.05704 0.5 3
  2.0831 5 + 2
    2.07706 0.5 1
    2.0831 0.5 0
  2.0972 9 - 2
    2.00358 0.5 6
    2.04682 0.5 4
  2.1133 37 + 1
    0.3871 1 150
  2.1145 7 - 2
    2.10844 0.5 2
    2.10846 0.5 1
  2.1268 3 + 2
    2.07642 0.5 4
    2.10994 0.5 3
  2.1329 13 - 2
    1.9129 0.5 11
    1.9549 0.5 10
  2.1451 5 + 2
    2.13906 0.5 1
    2.1451 0.5 0
  2.1501 11 - 2
    2.04276 0.5 7
    2.14404 0.5 2
  2.1562 9 + 2
    2.15014 0.5 2
    2.15016 0.5 1
  2.1763 7 - 2
    2.17024 0.5 2
    2.17026 0.5 1
  2.1795 39 - 1
    0.3926 1 156
  2.1845 3 + 2
    2.13412 0.5 4
    2.16764 0.5 3
  2.1894 5 + 2
    2.18336 0.5 1
    2.1894 0.5 0
  2.1953 1 - 2
    1.8858 0.5 15
    2.17844 0.5 3
  2.2281 7 + 2
    2.17772 0.5 4
    2.21124 0.5 3
  2.2344 9 - 2
    2.14078 0.5 6
    2.18402 0.5 4
  2.2409 11 + 2
    2.14728 0.5 6
    2.19052 0.5 4
  2.244 15 - 2
    1.9917 0.5 12
    2.0999 0.5 8
  2.2615 5 + 2
    2.25546 0.5 1
    2.2615 0.5 0
  2.2826 3 - 2
    2.27656 0.5 1
    2.2826 0.5 0
  2.3006 7 + 2
    2.25022 0.5 4
    2.28374 0.5 3
  2.5291 41 + 1
    0.4158 1 186
  2.6 43 - 1
    0.4205 1 194
  2.9712 45 + 1
    0.4421 1 205
  3.047 47 - 1
    0.447 1 206
  3.4387 49 + 1
    0.4675 1 207
  3.5156 51 - 1
    0.4686 1 208
  3.924 53 + 1
    0.4853 1 209
  4.0029 55 - 1
    0.4873 1 210
  4.4336 57 + 1
    0.5096 1 211
  4.512 59 - 1
    0.5091 1 212

90 234 28
  0 0 + 0
  0.04955 4 + 1
    0.04955 1 0
  0.16305 8 + 1
    0.1135 1 1
  0.33645 12 + 1
    0.1734 1 2
  0.5647 16 + 1
    0.22825 1 3
  0.68838 2 - 2
    0.63883 0.3713 1
    0.68838 0.6287 0
  0.81 0 + 2
    0.76045 0.5 1
    0.81 0.5 0
  0.8425 20 + 1
    0.2778 1 4
  0.995 14 - 1
    0.65855 1 3
  1.15 0 + 2
    1.10045 0.5 1
    1.15 0.5 0
  1.1649 24 + 1
    0.3224 1 7
  1.1948 18 - 2
    0.1998 0.4994 8
    0.6301 0.5006 4
  1.4419 22 - 2
    0.2471 0.6451 11
    0.5994 0.3549 7
  1.47 0 + 2
    1.42045 0.5 1
    1.47 0.5 0
  1.5266 28 + 1
    0.3617 1 10
  1.731 26 - 2
    0.2891 0.7424 12
    0.5661 0.2576 10
  1.8963 6 - 2
    1.84675 0.6098 1
    1.8963 0.3902 0
  1.913 10 - 2
    1.74995 0.3902 2
    1.913 0.6098 0
  1.9234 32 + 1
    0.3968 1 14
  2.0592 30 - 2
    0.3282 0.918018 15
    0.5326 0.081982 14
  2.351 36 + 1
    0.4276 1 18
  2.4229 34 - 2
    0.3637 0.915582 19
    0.4995 0.084418 18
  2.8051 40 + 1
    0.4541 1 20
  2.8166 38 - 1
    0.3937 1 21
  3.2383 42 - 1
    0.4217 1 23
  3.2814 44 + 1
    0.4763 1 22
  3.6843 46 - 1
    0.446 1 24
  3.7751 48 + 1
    0.4937 1 25

90 235 1
  0 1 + 0

90 236 1
  0 0 + 0

90 237 1
  0 5 + 0

90 238 1
  0 0 + 0

