22 38 1
  0 0 + 0

22 39 1
  0 3 + 0

22 40 1
  0 0 + 0

22 41 1
  0 3 + 0

22 42 32
  0 0 + 0
  1.556 4 + 1
    1.556 1 0
  1.8542 0 + 1
    0.2982 1 1
  2.3961 4 + 2
    0.8401 0.7813 1
    2.3961 0.2187 0
  2.6766 8 + 1
    1.1206 1 1
  2.73 2 + 1
    2.73 1 0
  2.945 6 + 1
    0.215 1 5
  3.043 12 + 1
    0.3664 1 4
  3.13 2 + 2
    0.185 0.5 6
    0.4 0.5 5
  3.28 6 - 2
    0.8839 0.5 3
    1.724 0.5 1
  3.335 10 - 1
    1.779 1 1
  3.44 2 - 2
    1.884 0.5 1
    3.44 0.5 0
  3.54 4 - 2
    0.595 0.5 6
    0.81 0.5 5
  3.66 6 - 2
    1.2639 0.5 3
    2.104 0.5 1
  3.744 4 + 2
    2.188 0.7143 1
    3.744 0.2857 0
  3.85 8 - 2
    0.31 0.5 12
    0.905 0.5 6
  3.99 2 - 2
    2.434 0.5 1
    3.99 0.5 0
  4.13 4 - 2
    1.185 0.5 6
    1.4 0.5 5
  4.245 0 + 2
    2.689 0.5 1
    4.245 0.5 0
  4.375 6 - 2
    1.9789 0.5 3
    2.819 0.5 1
  4.4 2 - 2
    2.844 0.5 1
    4.4 0.5 0
  4.44 4 + 2
    2.884 0.5 1
    4.44 0.5 0
  4.665 4 + 2
    3.109 0.5 1
    4.665 0.5 0
  4.73 8 - 2
    1.19 0.5 12
    1.785 0.5 6
  4.89 6 - 2
    2.4939 0.5 3
    3.334 0.5 1
  4.95 8 + 2
    2.5539 0.5 3
    3.394 0.5 1
  5.16 2 - 2
    3.604 0.5 1
    5.16 0.5 0
  5.22 8 + 2
    2.8239 0.5 3
    3.664 0.5 1
  5.555 0 + 2
    3.999 0.5 1
    5.555 0.5 0
  6.37 2 - 2
    4.814 0.5 1
    6.37 0.5 0
  6.445 6 - 2
    4.0489 0.5 3
    4.889 0.5 1
  7.5 4 - 2
    4.555 0.5 6
    4.77 0.5 5

22 43 16
  0 7 - 0
  0.313 3 + 1
    0.313 1 0
  0.475 5 + 1
    0.475 1 0
  0.998 1 + 1
    0.523 1 2
  1.0224 9 + 1
    0.7094 1 1
  1.16 11 + 1
    1.16 1 0
  1.4835 3 + 1
    1.1705 1 1
  1.76 5 + 2
    1.285 0.5 2
    1.76 0.5 0
  1.8577 11 - 1
    1.8577 1 0
  2.0624 1 - 1
    1.04 1 4
  2.25 3 - 2
    1.775 0.5 2
    2.25 0.5 0
  2.438 7 - 2
    1.963 0.5 2
    2.438 0.5 0
  2.64 5 - 2
    1.1565 0.5 6
    2.327 0.5 1
  2.9517 15 - 1
    1.094 1 8
  3.0664 19 - 1
    0.1147 1 13
  3.22 3 + 2
    1.7365 0.5 6
    2.907 0.5 1

22 44 116
  0 0 + 0
  1.08305 4 + 1
    1.08305 1 0
  1.9043 0 + 1
    0.82125 1 1
  2.45429 8 + 1
    1.37124 1 1
  2.53102 4 + 3
    0.62672 0.035729 2
    1.44797 0.714279 1
    2.53102 0.249992 0
  2.8866 4 + 3
    0.9823 0.03379 2
    1.80355 0.290503 1
    2.8866 0.675707 0
  3.1758 6 - 3
    0.72151 0.019419 3
    2.09275 0.970872 1
    3.1758 0.009709 0
  3.364 8 + 2
    0.83298 0.047629 4
    2.28095 0.952371 1
  3.4153 6 - 2
    0.5287 0.021529 5
    2.33225 0.978471 1
  3.6458 8 - 3
    0.2305 0.055088 8
    0.47 0.906864 6
    1.19151 0.038048 3
  3.7559 2 - 2
    2.67285 0.2806 1
    3.7559 0.7194 0
  3.9427 6 - 2
    1.48841 0.047619 3
    2.85965 0.952381 1
  3.98 8 + 5
    0.5647 0.04146 8
    0.8042 0.04145 6
    1.0934 0.248698 5
    1.52571 0.150298 3
    2.89695 0.518095 1
  4.01531 12 + 1
    1.56102 1 3
  4.0612 6 - 3
    0.4154 0.056681 9
    0.8854 0.471709 6
    1.60691 0.471609 3
  4.1156 4 + 4
    1.229 0.049552 5
    1.58458 0.211711 4
    3.03255 0.450422 1
    4.1156 0.288314 0
  4.227 8 - 6
    0.5812 0.088469 9
    0.8117 0.051019 8
    1.0512 0.340097 6
    1.3404 0.289097 5
    1.69598 0.170098 4
    3.14395 0.061219 1
  4.4999 12 + 2
    1.1359 0.5 7
    2.04561 0.5 3
  4.605 0 + 2
    3.52195 0.5 1
    4.605 0.5 0
  4.7922 2 - 4
    1.0363 0.035398 10
    1.6164 0.053097 6
    1.9056 0.026549 5
    3.70915 0.884956 1
  4.8031 12 + 1
    2.34881 1 3
  4.84 0 + 2
    3.75695 0.5 1
    4.84 0.5 0
  5.055 6 - 2
    2.60071 0.5 3
    3.97195 0.5 1
  5.1524 12 - 2
    1.0912 0.090927 14
    1.5066 0.909073 9
  5.21 10 - 2
    2.0342 0.5 6
    2.75571 0.5 3
  5.305 10 - 1
    4.22195 1 1
  5.421 6 - 1
    4.33795 1 1
  5.6702 14 - 2
    0.5178 0.5 23
    1.609 0.5 14
  6.03 4 + 2
    4.94695 0.5 1
    6.03 0.5 0
  6.22 2 - 2
    5.13695 0.5 1
    6.22 0.5 0
  6.5085 16 + 1
    2.49319 1 13
  6.5724 16 + 1
    2.0725 1 17
  6.6064 4 + 2
    4.07538 0.2593 4
    5.52335 0.7407 1
  6.805 2 - 2
    5.72195 0.5 1
    6.805 0.5 0
  6.84884 12 + 2
    2.04574 0.2 20
    2.83353 0.8 13
  6.9239 16 - 2
    1.2537 0.5 27
    1.7715 0.5 23
  6.959 8 + 2
    4.50471 0.5 3
    5.87595 0.5 1
  7.216 2 + 3
    5.3117 0.028851 2
    6.13295 0.009615 1
    7.216 0.961534 0
  7.34 6 - 2
    4.88571 0.5 3
    6.25695 0.5 1
  7.4085 18 - 1
    1.7383 1 27
  7.56 4 - 2
    3.333 0.5 16
    3.9142 0.5 9
  7.634 2 - 2
    5.7297 0.375 2
    7.634 0.625 0
  7.67 12 + 2
    4.306 0.5 7
    5.21571 0.5 3
  7.6711 20 + 2
    1.0987 0.5 31
    1.1626 0.5 30
  8.0399 24 + 1
    0.368799 1 43
  8.0535 6 - 2
    5.59921 0.5 3
    6.97045 0.5 1
  8.067 4 - 1
    8.067 1 0
  8.17 2 - 2
    7.08695 0.5 1
    8.17 0.5 0
  8.18 4 + 2
    7.09695 0.5 1
    8.18 0.5 0
  8.318 2 - 2
    5.4314 0.4595 5
    7.23495 0.5405 1
  8.385 4 + 3
    5.4984 0.5 5
    7.30195 0.2 1
    8.385 0.3 0
  8.416 2 - 1
    7.33295 1 1
  8.449 4 + 2
    5.99471 0.2126 3
    7.36595 0.7874 1
  8.511 4 + 1
    7.42795 1 1
  8.534 2 - 1
    7.45095 1 1
  8.565 4 + 3
    5.201 0.1988 7
    6.03398 0.1801 4
    7.48195 0.6211 1
  8.627 4 + 1
    7.54395 1 1
  8.639 4 + 2
    7.55595 0.7519 1
    8.639 0.2481 0
  8.756 4 + 3
    6.22498 0.0989 4
    7.67295 0.3516 1
    8.756 0.5495 0
  8.8616 20 - 2
    1.4531 0.5 39
    1.9377 0.5 35
  8.947 2 - 2
    6.41598 0.4505 4
    7.86395 0.5495 1
  8.954 2 - 2
    7.0497 0.9009 2
    8.954 0.0991 0
  8.96 6 - 7
    4.8988 0.039651 14
    5.0173 0.083703 11
    5.2041 0.030841 10
    5.3142 0.440513 9
    5.596 0.052862 7
    5.7842 0.255508 6
    6.50571 0.096923 3
  8.987 4 + 2
    6.45598 0.375 4
    8.987 0.625 0
  8.992 8 + 2
    6.53771 0.5263 3
    7.90895 0.4737 1
  9.073 6 - 2
    6.61871 0.5 3
    7.98995 0.5 1
  9.1 2 - 2
    8.01695 0.5 1
    9.1 0.5 0
  9.12 6 - 2
    6.66571 0.5 3
    8.03695 0.5 1
  9.14 2 + 2
    6.60898 0.5 4
    9.14 0.5 0
  9.18 6 - 4
    5.2373 0.25 11
    5.5342 0.25 9
    6.0042 0.25 6
    6.72571 0.25 3
  9.215 4 + 6
    5.7997 0.203008 8
    6.3284 0.111804 5
    6.68398 0.414216 4
    7.3107 0.009942 2
    8.13195 0.161606 1
    9.215 0.099424 0
  9.227 4 + 5
    5.8117 0.219707 8
    6.3404 0.080722 5
    6.69598 0.448413 4
    8.14395 0.237707 1
    9.227 0.01345 0
  9.239 4 + 6
    5.8237 0.249977 8
    6.3524 0.10959 5
    6.70798 0.280875 4
    7.3347 0.050555 2
    8.15595 0.269676 1
    9.239 0.039326 0
  9.28 2 - 2
    8.19695 0.5 1
    9.28 0.5 0
  9.298 0 + 2
    2.082 0.4083 37
    5.5421 0.5917 10
  9.338 0 + 2
    2.122 0.97561 37
    5.5821 0.02439 10
  9.361 6 - 15
    3.94 0.029197 26
    4.056 0.058385 25
    4.5688 0.11499 19
    5.134 0.038317 16
    5.2454 0.038317 15
    5.381 0.058385 12
    5.4183 0.047446 11
    5.7152 0.038317 9
    5.9457 0.020068 8
    6.1852 0.182484 6
    6.4744 0.038317 5
    6.82998 0.074813 4
    6.90671 0.029197 3
    8.27795 0.173384 1
    9.361 0.058385 0
  9.388 2 - 2
    8.30495 0.5 1
    9.388 0.5 0
  9.427 10 - 2
    6.2512 0.5 6
    6.97271 0.5 3
  9.478 6 - 2
    7.02371 0.5 3
    8.39495 0.5 1
  9.5 2 + 2
    1.94 0.5 40
    2.284 0.5 37
  9.542 6 - 2
    7.08771 0.5 3
    8.45895 0.5 1
  9.589 10 - 2
    6.4132 0.5 6
    7.13471 0.5 3
  9.632 2 + 2
    2.072 0.5 40
    2.416 0.5 37
  9.668 8 + 2
    7.21371 0.5 3
    8.58495 0.5 1
  9.698 4 + 8
    5.5824 0.088061 15
    6.2827 0.489205 8
    6.5222 0.02935 6
    6.8114 0.278903 5
    7.16698 0.058711 4
    7.24371 0.02935 3
    8.61495 0.01321 1
    9.698 0.01321 0
  9.713 8 + 6
    4.9208 0.119812 19
    5.486 0.032263 16
    5.9571 0.460846 10
    6.2977 0.188919 8
    6.8264 0.119812 5
    8.62995 0.078348 1
  9.7229 22 - 2
    2.0529 0.5 42
    2.3144 0.5 39
  9.737 2 - 2
    8.65395 0.5 1
    9.737 0.5 0
  9.873 6 - 2
    7.41871 0.5 3
    8.78995 0.5 1
  9.895 4 + 2
    8.81195 0.5 1
    9.895 0.5 0
  9.908 6 - 5
    5.8468 0.471705 14
    6.1521 0.108501 10
    6.2622 0.311303 9
    6.7322 0.080191 6
    8.82495 0.0283 1
  10.014 2 + 2
    2.454 0.5 40
    2.798 0.5 37
  10.046 0 - 2
    2.486 0.5 40
    2.83 0.5 37
  10.129 4 + 2
    9.04595 0.5 1
    10.129 0.5 0
  10.166 2 - 2
    9.08295 0.5 1
    10.166 0.5 0
  10.209 4 + 2
    9.12595 0.5 1
    10.209 0.5 0
  10.258 6 - 2
    7.80371 0.5 3
    9.17495 0.5 1
  10.28 0 + 2
    9.19695 0.5 1
    10.28 0.5 0
  10.303 2 - 2
    9.21995 0.5 1
    10.303 0.5 0
  10.327 4 + 2
    9.24395 0.5 1
    10.327 0.5 0
  10.386 8 - 7
    6.159 0.039439 16
    6.4433 0.201896 11
    6.7402 0.132297 9
    7.2102 0.231995 6
    7.4994 0.162397 5
    9.30295 0.211096 1
    10.386 0.02088 0
  10.46 0 + 2
    9.37695 0.5 1
    10.46 0.5 0
  10.4637 24 - 2
    1.6021 0.5 59
    2.4238 0.5 44
  10.52 6 + 2
    6.293 0.5 16
    6.8742 0.5 9
  10.59 0 + 2
    9.50695 0.5 1
    10.59 0.5 0
  10.86 0 + 2
    9.77695 0.5 1
    10.86 0.5 0
  11.0859 2 - 2
    1.363 0.5 87
    3.046 0.5 44
  11.5467 4 - 2
    1.8238 0.6667 87
    3.5068 0.3333 44
  12.2 2 - 2
    11.117 0.5 1
    12.2 0.5 0
  13 6 + 2
    11.917 0.5 1
    13 0.5 0
  13.3696 4 - 2
    1.8229 0.5 108
    2.9059 0.5 103
  14.1 8 + 1
    13.0169 1 1
  14.55 4 - 2
    13.467 0.5 1
    14.55 0.5 0
  15.45 2 + 2
    7.89 0.5 40
    8.234 0.5 37
  15.95 6 - 2
    13.4957 0.5 3
    14.867 0.5 1

22 45 60
  0 7 - 0
  0.03653 3 - 1
    0.03653 1 0
  0.03939 5 - 1
    0.03939 1 0
  0.3293 3 + 2
    0.28991 0.00547 2
    0.29277 0.99453 1
  0.74388 5 + 4
    0.41458 0.902405 3
    0.70449 0.02526 2
    0.70735 0.07035 1
    0.74388 0.001984 0
  1.2265 7 + 4
    0.48262 0.427504 4
    0.8972 0.435704 3
    1.18711 0.076671 2
    1.2265 0.060121 0
  1.35349 9 - 2
    1.3141 0.072363 2
    1.35349 0.927637 0
  1.46824 11 - 2
    0.11475 0.01003 6
    1.46824 0.98997 0
  1.5217 5 - 3
    1.48231 0.370363 2
    1.48517 0.370363 1
    1.5217 0.259274 0
  1.5654 1 + 2
    1.2361 0.8703 3
    1.52887 0.1297 1
  1.799 5 - 2
    1.75961 0.5 2
    1.76247 0.5 1
  1.88176 9 + 2
    0.65526 0.2626 5
    1.13788 0.7374 4
  1.9582 3 + 2
    1.21432 0.8475 4
    1.91881 0.1525 2
  2.0147 5 - 3
    1.97531 0.3464 2
    1.97817 0.3464 1
    2.0147 0.3072 0
  2.2582 5 + 4
    0.3 0.032647 12
    0.6928 0.021738 9
    1.51432 0.402164 4
    1.9289 0.543451 3
  2.4321 5 - 3
    2.39271 0.166683 2
    2.39557 0.166683 1
    2.4321 0.666633 0
  2.47458 11 + 2
    0.59282 0.2515 11
    1.24808 0.7485 5
  2.5 7 - 2
    2.46347 0.5 1
    2.5 0.5 0
  2.5314 5 + 1
    0.966 1 9
  2.65666 13 - 2
    1.18842 0.922509 7
    1.30317 0.077491 6
  2.8494 3 + 1
    1.284 1 9
  2.89 5 + 2
    2.85347 0.5 1
    2.89 0.5 0
  2.9116 7 + 3
    0.9534 0.2304 12
    1.02984 0.3088 11
    2.16772 0.4608 4
  2.9329 13 + 1
    0.45832 1 16
  3 5 + 2
    2.96347 0.5 1
    3 0.5 0
  3.01537 15 - 2
    0.35871 0.2027 19
    1.54713 0.7973 7
  3.08 5 + 2
    3.04347 0.5 1
    3.08 0.5 0
  3.156 1 + 1
    2.41212 1 4
  3.2 3 - 2
    3.16347 0.5 1
    3.2 0.5 0
  3.4 1 - 2
    3.0707 0.5 3
    3.36061 0.5 2
  3.44731 13 + 2
    0.97273 0.4193 16
    1.56555 0.5807 11
  3.54 3 - 2
    3.50347 0.5 1
    3.54 0.5 0
  3.60187 17 - 2
    0.5865 0.8834 25
    0.94521 0.1166 19
  3.83 1 + 2
    3.08612 0.5 4
    3.79347 0.5 1
  3.92245 15 + 2
    0.47514 0.1688 30
    1.44787 0.8312 16
  3.9376 3 - 1
    1.46302 1 16
  4.3449 19 - 2
    0.74303 0.9859 32
    1.32953 0.0141 25
  4.723 7 - 2
    4.68647 0.5 1
    4.723 0.5 0
  4.81 3 - 2
    4.77347 0.5 1
    4.81 0.5 0
  4.8552 17 + 2
    0.93275 0.5 34
    1.9223 0.5 23
  5.03 1 - 2
    4.7007 0.5 3
    4.99061 0.5 2
  5.18 3 + 2
    4.8507 0.5 3
    5.14061 0.5 2
  5.2399 17 + 2
    1.31745 0.349 34
    1.79259 0.651 30
  5.33 1 - 2
    5.0007 0.5 3
    5.29061 0.5 2
  5.54 3 - 2
    5.50347 0.5 1
    5.54 0.5 0
  5.6409 19 + 2
    0.401 0.1229 42
    1.71845 0.8771 34
  5.76 1 + 2
    5.01612 0.5 4
    5.72347 0.5 1
  6.0067 7 - 1
    2.08425 1 34
  6.163 23 - 1
    1.8181 1 36
  6.4599 21 + 2
    0.453199 0.5 47
    0.819 0.5 45
  6.7579 21 + 2
    1.117 0.5 45
    1.518 0.5 42
  7.1434 27 - 1
    0.9804 1 48
  7.342 23 + 2
    0.5841 0.5 50
    1.7011 0.5 45
  7.8307 3 - 2
    1.0728 0.5 50
    2.1898 0.5 45
  8.2892 25 + 3
    0.458501 0.333333 53
    0.947201 0.333333 52
    1.8293 0.333333 49
  9.6435 3 - 1
    2.5001 1 51
  10.1535 25 - 1
    3.0101 1 51
  10.7953 29 + 1
    2.5061 1 54
  12.4986 29 - 1
    2.3451 1 56
  13.0304 33 + 1
    2.2351 1 57

22 46 247
  0 0 + 0
  0.889286 4 + 1
    0.889286 1 0
  2.00985 8 + 1
    1.12056 1 1
  2.611 0 + 1
    1.72171 1 1
  2.9618 4 + 2
    2.07251 0.957852 1
    2.9618 0.042148 0
  3.05846 6 - 2
    0.09666 0.102 4
    1.04861 0.898 2
  3.168 2 - 2
    2.27871 0.5464 1
    3.168 0.4536 0
  3.213 0 - 1
    2.32371 1 1
  3.2173 2 - 2
    2.32801 0.5 1
    3.2173 0.5 0
  3.2357 4 + 2
    2.34641 0.8418 1
    3.2357 0.1582 0
  3.29886 12 + 1
    1.28901 1 2
  3.338 6 - 2
    1.32815 0.5 2
    2.44871 0.5 1
  3.44139 8 - 2
    0.38293 0.7411 5
    1.43154 0.2589 2
  3.5531 2 - 2
    2.66381 0.5 1
    3.5531 0.5 0
  3.5693 6 - 2
    1.55945 0.7874 2
    2.68001 0.2126 1
  3.5717 0 + 1
    2.68241 1 1
  3.5798 6 - 1
    1.56995 1 2
  3.6102 2 - 1
    2.72091 1 1
  3.677 4 - 2
    0.23561 0.5 12
    0.464 0.5 7
  3.696 4 + 2
    2.80671 0.5 1
    3.696 0.5 0
  3.7238 4 + 2
    1.71395 0.2424 2
    2.83451 0.7576 1
  3.731 2 + 2
    0.054 0.5 18
    0.518 0.5 7
  3.7379 4 + 1
    3.7379 1 0
  3.7715 10 - 2
    0.71304 0.5 5
    1.76165 0.5 2
  3.82643 10 - 3
    0.52757 0.150015 10
    0.76797 0.350035 5
    1.81658 0.49995 2
  3.845 4 + 1
    2.95571 1 1
  3.848 8 + 2
    1.83815 0.5 2
    2.95871 0.5 1
  3.85244 10 - 3
    0.41105 0.042077 12
    0.79398 0.117691 5
    1.84259 0.840233 2
  3.856 4 + 1
    1.84615 1 2
  3.872 2 + 2
    0.195 0.5 18
    0.659 0.5 7
  3.8893 4 + 2
    0.7213 0.8 6
    3.00001 0.2 1
  3.9056 4 + 3
    1.2946 0.2312 3
    3.01631 0.2312 1
    3.9056 0.5376 0
  3.926 4 + 2
    3.03671 0.5 1
    3.926 0.5 0
  3.9419 8 + 1
    1.93205 1 2
  4.0031 10 - 1
    0.94464 1 5
  4.0253 4 + 4
    0.8573 0.369007 6
    2.01545 0.180804 2
    3.13601 0.369007 1
    4.0253 0.081182 0
  4.0388 2 - 1
    3.14951 1 1
  4.1301 4 + 1
    2.12025 1 2
  4.1787 6 - 2
    2.16885 0.7407 2
    3.28941 0.2593 1
  4.1915 6 - 2
    2.18165 0.1597 2
    3.30221 0.8403 1
  4.3158 2 + 1
    4.3158 1 0
  4.3226 10 + 1
    1.02374 1 10
  4.372 6 - 1
    2.36215 1 2
  4.398 12 + 2
    1.09914 0.5 10
    2.38815 0.5 2
  4.4171 12 - 1
    0.97571 1 12
  4.437 2 - 2
    3.54771 0.5 1
    4.437 0.5 0
  4.5 6 - 2
    2.49015 0.5 2
    3.61071 0.5 1
  4.5234 8 + 2
    1.22454 0.6494 10
    1.2877 0.3506 9
  4.527 12 + 2
    1.22814 0.5 10
    2.51715 0.5 2
  4.573 2 - 2
    3.68371 0.5 1
    4.573 0.5 0
  4.617 6 - 2
    2.60715 0.5 2
    3.72771 0.5 1
  4.6623 12 - 3
    0.80986 0.121012 27
    1.22091 0.636964 12
    1.36344 0.242024 10
  4.675 0 + 2
    3.78571 0.5 1
    4.675 0.5 0
  4.697 4 + 1
    2.68715 1 2
  4.7264 10 - 1
    2.71655 1 2
  4.791 6 - 2
    2.78115 0.5 2
    3.90171 0.5 1
  4.8272 6 - 3
    1.5915 0.729907 9
    1.6592 0.197102 6
    2.81735 0.072991 2
  4.845 2 - 2
    3.95571 0.5 1
    4.845 0.5 0
  4.8969 16 + 1
    1.59804 1 10
  4.95 4 + 2
    4.06071 0.5 1
    4.95 0.5 0
  5 2 - 2
    4.11071 0.5 1
    5 0.5 0
  5.0237 6 - 1
    1.72484 1 10
  5.079 8 + 1
    1.8433 1 9
  5.094 2 + 2
    1.417 0.5 18
    1.881 0.5 7
  5.117 2 - 2
    4.22771 0.5 1
    5.117 0.5 0
  5.154 8 - 2
    1.477 0.5 18
    1.71261 0.5 12
  5.18 2 + 1
    2.12154 1 5
  5.1976 14 - 3
    0.4712 0.056791 54
    1.34516 0.709207 27
    1.37117 0.234002 24
  5.206 6 - 2
    3.19615 0.5 2
    4.31671 0.5 1
  5.23 4 + 2
    4.34071 0.5 1
    5.23 0.5 0
  5.28 12 + 1
    1.42756 1 27
  5.321 4 + 2
    4.43171 0.5 1
    5.321 0.5 0
  5.361 2 - 2
    4.47171 0.5 1
    5.361 0.5 0
  5.363 4 + 2
    4.47371 0.5 1
    5.363 0.5 0
  5.409 6 - 2
    3.39915 0.5 2
    4.51971 0.5 1
  5.515 4 + 2
    4.62571 0.5 1
    5.515 0.5 0
  5.53 6 - 2
    2.23114 0.5988 10
    2.362 0.4012 6
  5.604 4 + 2
    4.71471 0.5 1
    5.604 0.5 0
  5.61 0 + 2
    4.72071 0.5 1
    5.61 0.5 0
  5.7 4 + 2
    4.81071 0.5 1
    5.7 0.5 0
  5.794 8 + 1
    2.2223 1 15
  5.811 2 + 2
    2.134 0.5 18
    2.598 0.5 7
  5.828 6 - 2
    3.81815 0.5 2
    4.93871 0.5 1
  5.84 2 + 2
    2.163 0.5 18
    2.627 0.5 7
  5.872 4 + 2
    4.98271 0.5 1
    5.872 0.5 0
  5.903 0 + 2
    5.01371 0.5 1
    5.903 0.5 0
  5.95 6 - 1
    2.7143 1 9
  5.965 12 + 2
    2.66614 0.5 10
    3.95515 0.5 2
  5.992 8 + 2
    3.98215 0.5 2
    5.10271 0.5 1
  6.021 2 + 2
    2.344 0.5 18
    2.808 0.5 7
  6.025 2 - 1
    1.3627 1 51
  6.094 8 - 2
    2.417 0.5 18
    2.65261 0.5 12
  6.118 4 + 2
    5.22871 0.5 1
    6.118 0.5 0
  6.134 4 + 2
    5.24471 0.5 1
    6.134 0.5 0
  6.1505 16 - 2
    1.4882 0.8584 51
    1.7334 0.1416 44
  6.2004 16 + 2
    1.3035 0.394 58
    2.90154 0.606 10
  6.217 6 - 2
    4.20715 0.5 2
    5.32771 0.5 1
  6.2419 20 + 1
    1.345 1 58
  6.251 2 - 2
    5.36171 0.5 1
    6.251 0.5 0
  6.266 0 - 1
    2.6862 1 16
  6.305 2 - 2
    5.41571 0.5 1
    6.305 0.5 0
  6.338 8 + 2
    4.32815 0.5 2
    5.44871 0.5 1
  6.36 2 + 2
    2.683 0.5 18
    3.147 0.5 7
  6.395 8 + 1
    2.2035 1 39
  6.398 2 + 2
    2.721 0.5 18
    3.185 0.5 7
  6.424 6 + 2
    2.747 0.5 18
    2.98261 0.5 12
  6.458 6 - 2
    4.44815 0.5 2
    5.56871 0.5 1
  6.513 4 - 2
    3.07161 0.5 12
    3.3 0.5 7
  6.55 4 + 2
    5.66071 0.5 1
    6.55 0.5 0
  6.574 0 - 2
    2.897 0.5 18
    3.361 0.5 7
  6.616 6 + 2
    2.939 0.5 18
    3.17461 0.5 12
  6.685 8 + 2
    4.67515 0.5 2
    5.79571 0.5 1
  6.739 8 + 2
    4.72915 0.5 2
    5.84971 0.5 1
  6.794 4 - 2
    3.35261 0.5 12
    3.581 0.5 7
  6.8303 18 - 2
    1.6327 0.8584 67
    1.9334 0.1416 58
  6.851 2 + 2
    3.174 0.5 18
    3.638 0.5 7
  6.89 8 + 2
    4.88015 0.5 2
    6.00071 0.5 1
  6.958 6 - 2
    4.94815 0.5 2
    6.06871 0.5 1
  6.974 4 + 2
    6.08471 0.5 1
    6.974 0.5 0
  7.019 2 - 2
    6.12972 0.5 1
    7.019 0.5 0
  7.041 4 + 2
    6.15171 0.5 1
    7.041 0.5 0
  7.101 6 + 2
    3.424 0.5 18
    3.65961 0.5 12
  7.12 6 - 2
    5.11015 0.5 2
    6.23071 0.5 1
  7.147 2 + 2
    3.47 0.5 18
    3.934 0.5 7
  7.172 0 - 2
    3.495 0.5 18
    3.959 0.5 7
  7.18 2 + 2
    3.503 0.5 18
    3.967 0.5 7
  7.201 4 + 2
    6.31171 0.5 1
    7.201 0.5 0
  7.238 4 - 2
    3.79661 0.5 12
    4.025 0.5 7
  7.288 0 + 2
    6.39872 0.5 1
    7.288 0.5 0
  7.312 6 - 2
    5.30215 0.5 2
    6.42271 0.5 1
  7.35 2 + 2
    3.673 0.5 18
    4.137 0.5 7
  7.392 6 - 2
    5.38215 0.5 2
    6.50271 0.5 1
  7.41 2 + 2
    3.733 0.5 18
    4.197 0.5 7
  7.429 4 + 2
    6.53971 0.5 1
    7.429 0.5 0
  7.472 4 - 2
    4.03061 0.5 12
    4.259 0.5 7
  7.534 6 - 2
    5.52415 0.5 2
    6.64471 0.5 1
  7.558 2 + 2
    3.881 0.5 18
    4.345 0.5 7
  7.584 4 + 2
    6.69471 0.5 1
    7.584 0.5 0
  7.608 0 + 2
    6.71871 0.5 1
    7.608 0.5 0
  7.63 2 + 2
    3.953 0.5 18
    4.417 0.5 7
  7.66 4 - 2
    4.21861 0.5 12
    4.447 0.5 7
  7.71 6 + 2
    4.033 0.5 18
    4.26861 0.5 12
  7.73 2 + 2
    4.053 0.5 18
    4.517 0.5 7
  7.735 8 - 2
    4.058 0.5 18
    4.29361 0.5 12
  7.788 4 + 2
    6.89872 0.5 1
    7.788 0.5 0
  7.849 0 + 2
    6.95971 0.5 1
    7.849 0.5 0
  7.874 10 - 2
    4.81554 0.5 5
    5.86415 0.5 2
  7.917 6 + 2
    4.24 0.5 18
    4.47561 0.5 12
  7.937 4 - 2
    4.49561 0.5 12
    4.724 0.5 7
  7.9418 22 + 1
    1.6999 1 97
  7.9608 20 - 1
    1.8103 1 94
  7.979 2 + 2
    4.302 0.5 18
    4.766 0.5 7
  8.013 4 - 2
    4.57161 0.5 12
    4.8 0.5 7
  8.02 0 + 2
    7.13071 0.5 1
    8.02 0.5 0
  8.04 6 - 2
    6.03015 0.5 2
    7.15071 0.5 1
  8.088 2 + 2
    4.411 0.5 18
    4.875 0.5 7
  8.134 8 - 2
    4.457 0.5 18
    4.69261 0.5 12
  8.182 4 + 2
    7.29271 0.5 1
    8.182 0.5 0
  8.2175 24 + 2
    0.275701 0.3107 149
    1.9756 0.6893 97
  8.23 2 + 2
    4.553 0.5 18
    5.017 0.5 7
  8.2839 6 - 1
    2.042 1 97
  8.293 4 + 2
    7.40371 0.5 1
    8.293 0.5 0
  8.346 2 + 2
    4.669 0.5 18
    5.133 0.5 7
  8.384 8 + 2
    6.37415 0.5 2
    7.49471 0.5 1
  8.46 2 + 2
    4.783 0.5 18
    5.247 0.5 7
  8.467 6 + 2
    4.79 0.5 18
    5.02561 0.5 12
  8.53 4 + 2
    7.64072 0.5 1
    8.53 0.5 0
  8.574 4 + 2
    7.68471 0.5 1
    8.574 0.5 0
  8.621 6 + 2
    4.944 0.5 18
    5.17961 0.5 12
  8.662 0 + 2
    7.77271 0.5 1
    8.662 0.5 0
  8.701 8 + 2
    6.69115 0.5 2
    7.81171 0.5 1
  8.7162 22 - 1
    1.8859 1 114
  8.761 2 + 2
    5.084 0.5 18
    5.548 0.5 7
  8.808 4 + 2
    7.91872 0.5 1
    8.808 0.5 0
  8.86 6 + 2
    5.183 0.5 18
    5.41861 0.5 12
  8.94 10 + 2
    4.6174 0.5 41
    5.49861 0.5 12
  8.984 4 + 2
    8.09471 0.5 1
    8.984 0.5 0
  9 2 + 2
    5.323 0.5 18
    5.787 0.5 7
  9.07 6 + 2
    5.393 0.5 18
    5.62861 0.5 12
  9.111 4 + 2
    8.22171 0.5 1
    9.111 0.5 0
  9.141 2 - 2
    8.25171 0.5 1
    9.141 0.5 0
  9.168 8 + 2
    7.15815 0.5 2
    8.27871 0.5 1
  9.17 2 + 2
    5.493 0.5 18
    5.957 0.5 7
  9.205 12 + 2
    5.90614 0.5 10
    7.19515 0.5 2
  9.253 4 + 2
    8.36371 0.5 1
    9.253 0.5 0
  9.304 6 + 2
    5.627 0.5 18
    5.86261 0.5 12
  9.345 0 + 2
    8.45571 0.5 1
    9.345 0.5 0
  9.399 4 + 2
    8.50971 0.5 1
    9.399 0.5 0
  9.42 2 + 2
    5.743 0.5 18
    6.207 0.5 7
  9.426 6 + 2
    5.749 0.5 18
    5.98461 0.5 12
  9.474 8 + 2
    7.46415 0.5 2
    8.58471 0.5 1
  9.519 4 - 2
    6.07761 0.5 12
    6.306 0.5 7
  9.55 2 + 2
    5.873 0.5 18
    6.337 0.5 7
  9.572 0 + 2
    8.68271 0.5 1
    9.572 0.5 0
  9.615 4 + 2
    8.72571 0.5 1
    9.615 0.5 0
  9.649 6 + 2
    5.972 0.5 18
    6.20761 0.5 12
  9.67 2 + 2
    5.993 0.5 18
    6.457 0.5 7
  9.682 10 - 2
    6.62354 0.5 5
    7.67215 0.5 2
  9.718 8 - 2
    6.041 0.5 18
    6.27661 0.5 12
  9.761 4 - 2
    6.31961 0.5 12
    6.548 0.5 7
  9.77 2 + 2
    6.093 0.5 18
    6.557 0.5 7
  9.79 6 - 2
    7.78015 0.5 2
    8.90071 0.5 1
  9.852 4 - 2
    6.41061 0.5 12
    6.639 0.5 7
  9.864 6 - 2
    7.85415 0.5 2
    8.97471 0.5 1
  9.87 2 + 2
    6.193 0.5 18
    6.657 0.5 7
  9.973 0 + 2
    9.08371 0.5 1
    9.973 0.5 0
  10 2 + 2
    6.323 0.5 18
    6.787 0.5 7
  10.038 4 - 2
    6.59661 0.5 12
    6.825 0.5 7
  10.0416 8 - 1
    1.8241 1 158
  10.18 2 + 2
    6.503 0.5 18
    6.967 0.5 7
  10.212 6 - 2
    8.20215 0.5 2
    9.32272 0.5 1
  10.256 4 - 2
    6.81461 0.5 12
    7.043 0.5 7
  10.321 6 - 2
    8.31115 0.5 2
    9.43171 0.5 1
  10.347 4 - 2
    6.90561 0.5 12
    7.134 0.5 7
  10.35 2 + 2
    6.673 0.5 18
    7.137 0.5 7
  10.374 0 - 2
    6.697 0.5 18
    7.161 0.5 7
  10.38 8 - 1
    2.1625 1 158
  10.441 10 - 2
    7.38254 0.5 5
    8.43115 0.5 2
  10.523 4 + 2
    9.63372 0.5 1
    10.523 0.5 0
  10.602 6 - 2
    8.59215 0.5 2
    9.71271 0.5 1
  10.661 4 - 2
    7.21961 0.5 12
    7.448 0.5 7
  10.73 8 - 2
    7.053 0.5 18
    7.28861 0.5 12
  10.782 2 + 2
    7.105 0.5 18
    7.569 0.5 7
  10.866 6 - 2
    8.85615 0.5 2
    9.97671 0.5 1
  10.938 0 + 2
    10.0487 0.5 1
    10.938 0.5 0
  10.98 4 - 2
    7.53861 0.5 12
    7.767 0.5 7
  11.05 2 + 2
    7.373 0.5 18
    7.837 0.5 7
  11.051 6 - 2
    9.04115 0.5 2
    10.1617 0.5 1
  11.11 4 - 2
    7.66861 0.5 12
    7.897 0.5 7
  11.167 10 - 2
    8.10854 0.5 5
    9.15715 0.5 2
  11.299 2 - 2
    10.4097 0.5 1
    11.299 0.5 0
  11.354 6 - 2
    9.34415 0.5 2
    10.4647 0.5 1
  11.3742 8 - 2
    7.6972 0.5 18
    7.93281 0.5 12
  11.426 4 - 2
    7.98461 0.5 12
    8.213 0.5 7
  11.45 2 + 2
    7.773 0.5 18
    8.237 0.5 7
  11.57 2 + 2
    7.893 0.5 18
    8.357 0.5 7
  11.698 0 - 2
    8.021 0.5 18
    8.485 0.5 7
  11.84 2 + 2
    8.163 0.5 18
    8.627 0.5 7
  12.2 2 + 2
    8.523 0.5 18
    8.987 0.5 7
  12.46 0 + 2
    11.5707 0.5 1
    12.46 0.5 0
  12.65 2 + 2
    8.973 0.5 18
    9.437 0.5 7
  12.974 4 - 1
    2.594 1 216
  13.07 2 + 2
    9.393 0.5 18
    9.857 0.5 7
  13.169 6 - 1
    0.195 1 241
  13.31 2 + 2
    9.633 0.5 18
    10.097 0.5 7
  14.153 0 + 2
    13.2637 0.5 1
    14.153 0.5 0
  14.3 0 + 2
    13.4107 0.5 1
    14.3 0.5 0

22 47 202
  0 5 - 0
  0.159371 7 - 1
    0.159371 1 0
  1.2507 1 - 1
    1.2507 1 0
  1.25209 9 - 2
    1.09272 0.9434 1
    1.25209 0.0566 0
  1.44425 11 - 2
    0.19216 0.058572 3
    1.28488 0.941428 1
  1.54965 3 - 2
    1.39028 0.5438 1
    1.54965 0.4562 0
  1.67 3 - 2
    0.12035 0.5 5
    1.51063 0.5 1
  1.7938 1 - 2
    0.24415 0.3297 5
    1.7938 0.6703 0
  1.825 5 + 1
    1.825 1 0
  2.1632 3 - 2
    2.00383 0.051228 1
    2.1632 0.948772 0
  2.1667 5 + 1
    2.00733 1 1
  2.2595 5 + 2
    2.10013 0.1803 1
    2.2595 0.8197 0
  2.2971 7 - 2
    2.13773 0.2188 1
    2.2971 0.7812 0
  2.344 3 + 2
    1.0933 0.5 2
    2.344 0.5 0
  2.3649 1 + 1
    0.5399 1 8
  2.4062 9 - 4
    0.96195 0.088608 4
    1.15411 0.189896 3
    2.24683 0.632887 1
    2.4062 0.088608 0
  2.4163 7 - 3
    0.5913 0.431057 8
    0.86665 0.228477 5
    2.4163 0.340466 0
  2.4994 1 - 1
    2.4994 1 0
  2.52 1 + 2
    0.85 0.5 6
    0.97035 0.5 5
  2.5258 3 - 2
    2.36643 0.4898 1
    2.5258 0.5102 0
  2.5482 3 - 1
    2.5482 1 0
  2.5729 1 + 2
    0.7479 0.2701 8
    1.02325 0.7299 5
  2.5996 5 - 3
    0.7746 0.1298 8
    2.44023 0.3894 1
    2.5996 0.4808 0
  2.6194 7 - 4
    0.4527 0.019609 10
    1.36731 0.072618 3
    2.46003 0.726178 1
    2.6194 0.181595 0
  2.668 9 - 1
    1.22375 1 4
  2.6823 11 - 3
    0.2761 0.009709 15
    1.23805 0.297797 4
    1.43021 0.692494 3
  2.695 5 + 2
    1.14535 0.5 5
    2.53563 0.5 1
  2.74887 15 - 1
    1.30462 1 4
  2.7576 9 - 2
    1.31335 0.7407 4
    1.50551 0.2593 3
  2.7851 5 + 1
    2.7851 1 0
  2.7932 1 - 2
    1.24355 0.7937 5
    2.7932 0.2063 0
  2.8002 3 + 1
    2.8002 1 0
  2.8095 7 + 2
    1.55741 0.2424 3
    2.8095 0.7576 0
  2.8285 7 + 3
    0.4122 0.349 16
    1.0035 0.2913 8
    2.8285 0.3597 0
  2.8389 7 - 2
    2.67953 0.8333 1
    2.8389 0.1667 0
  2.8463 5 - 2
    1.59421 0.4186 3
    2.68693 0.5814 1
  2.855 3 - 1
    2.855 1 0
  2.868 3 + 2
    1.6173 0.5 2
    2.868 0.5 0
  3.0331 5 - 4
    0.7736 0.1591 11
    1.78101 0.142 3
    2.87373 0.5682 1
    3.0331 0.1307 0
  3.0515 7 - 3
    0.2664 0.070516 29
    1.79941 0.469442 3
    2.89213 0.460041 1
  3.176 5 + 6
    0.7597 0.109393 16
    0.8111 0.119793 14
    1.0128 0.098954 9
    1.351 0.16149 8
    3.01663 0.260384 1
    3.176 0.249985 0
  3.211 5 - 2
    1.9603 0.5 2
    3.211 0.5 0
  3.2258 7 - 3
    1.97371 0.628925 3
    3.06643 0.289312 1
    3.2258 0.081763 0
  3.2516 7 - 4
    0.9545 0.121612 12
    1.80735 0.288329 4
    3.09223 0.450445 1
    3.2516 0.139614 0
  3.2777 3 - 2
    1.111 0.5814 10
    1.72805 0.4186 5
  3.28773 13 - 3
    0.60543 0.283911 25
    1.84348 0.645126 4
    2.03564 0.070963 3
  3.3689 7 - 2
    1.92465 0.3902 4
    3.20953 0.6098 1
  3.4005 9 + 3
    0.349 0.361464 39
    0.7182 0.218478 25
    1.95625 0.420058 4
  3.4346 5 + 2
    1.6096 0.4413 8
    3.4346 0.5587 0
  3.4845 3 - 1
    3.32513 1 1
  3.5155 1 + 3
    1.1506 0.3687 14
    1.6905 0.4608 8
    3.5155 0.1705 0
  3.5448 5 + 4
    1.1799 0.0909 14
    1.7198 0.229675 8
    3.38543 0.478447 1
    3.5448 0.200978 0
  3.5536 3 - 1
    3.39423 1 1
  3.56797 17 - 1
    0.8191 1 27
  3.5827 3 - 1
    3.42333 1 1
  3.6225 1 + 1
    2.37041 1 3
  3.654 3 + 2
    2.4033 0.5 2
    3.654 0.5 0
  3.6761 3 - 1
    3.6761 1 0
  3.7018 1 + 2
    1.0338 0.4792 24
    2.44971 0.5208 3
  3.724 5 + 2
    2.17435 0.5 5
    3.56463 0.5 1
  3.7271 13 - 2
    1.3209 0.930237 15
    2.47501 0.069763 3
  3.78 3 + 2
    3.62063 0.359 1
    3.78 0.641 0
  3.8271 7 - 1
    2.38285 1 4
  3.839 5 + 2
    2.28935 0.5 5
    3.67963 0.5 1
  3.889 1 + 2
    2.219 0.5 6
    2.33935 0.5 5
  3.923 3 - 1
    3.923 1 0
  3.961 5 + 2
    2.41135 0.5 5
    3.80163 0.5 1
  3.99394 15 - 3
    0.26684 0.01062 60
    0.70621 0.883382 45
    2.54969 0.105998 4
  4.04 1 + 2
    2.37 0.5 6
    2.49035 0.5 5
  4.095 3 + 2
    2.8443 0.5 2
    4.095 0.5 0
  4.112 9 + 2
    2.66775 0.5 4
    3.95263 0.5 1
  4.132 5 + 2
    2.58235 0.5 5
    3.97263 0.5 1
  4.164 3 + 2
    2.9133 0.5 2
    4.164 0.5 0
  4.18 1 + 2
    2.51 0.5 6
    2.63035 0.5 5
  4.217 5 + 2
    2.66735 0.5 5
    4.05763 0.5 1
  4.243 3 + 2
    2.9923 0.5 2
    4.243 0.5 0
  4.264 11 + 2
    1.8578 0.5 15
    3.01191 0.5 3
  4.277 1 + 2
    2.607 0.5 6
    2.72735 0.5 5
  4.281 5 + 2
    2.73135 0.5 5
    4.12163 0.5 1
  4.303 7 + 2
    3.05091 0.5 3
    4.303 0.5 0
  4.336 3 + 2
    3.0853 0.5 2
    4.336 0.5 0
  4.359 9 + 2
    2.91475 0.5 4
    4.19963 0.5 1
  4.38 5 + 2
    2.83035 0.5 5
    4.22063 0.5 1
  4.466 3 + 2
    3.2153 0.5 2
    4.466 0.5 0
  4.492 1 - 2
    3.2413 0.5 2
    4.492 0.5 0
  4.49411 19 - 2
    0.92614 0.9091 53
    1.74524 0.0909 27
  4.518 7 + 2
    3.26591 0.5 3
    4.518 0.5 0
  4.541 5 + 2
    2.99135 0.5 5
    4.38163 0.5 1
  4.553 3 - 2
    3.00335 0.5 5
    4.39363 0.5 1
  4.588 1 + 2
    2.918 0.5 6
    3.03835 0.5 5
  4.605 5 - 2
    3.3543 0.5 2
    4.605 0.5 0
  4.637 1 - 2
    3.3863 0.5 2
    4.637 0.5 0
  4.67 3 + 2
    3.4193 0.5 2
    4.67 0.5 0
  4.6729 17 - 3
    0.67896 0.6667 67
    1.38517 0.22 45
    1.92403 0.1133 27
  4.686 7 + 2
    3.43391 0.5 3
    4.686 0.5 0
  4.708 9 - 2
    3.45591 0.5 3
    4.708 0.5 0
  4.743 3 + 2
    3.4923 0.5 2
    4.743 0.5 0
  4.758 5 + 2
    3.20835 0.5 5
    4.59863 0.5 1
  4.793 7 - 2
    3.34875 0.5 4
    4.63363 0.5 1
  4.811 3 + 2
    3.5603 0.5 2
    4.811 0.5 0
  4.829 5 - 2
    3.5783 0.5 2
    4.829 0.5 0
  4.847 1 + 2
    3.177 0.5 6
    3.29735 0.5 5
  4.876 3 - 2
    3.32635 0.5 5
    4.71663 0.5 1
  4.898 5 + 2
    3.34835 0.5 5
    4.73863 0.5 1
  4.924 7 - 2
    3.47975 0.5 4
    4.76463 0.5 1
  4.957 1 + 2
    3.287 0.5 6
    3.40735 0.5 5
  4.982 9 - 2
    3.72991 0.5 3
    4.982 0.5 0
  5.013 3 + 2
    3.7623 0.5 2
    5.013 0.5 0
  5.043 5 - 2
    3.7923 0.5 2
    5.043 0.5 0
  5.07 11 + 2
    2.6638 0.5 15
    3.81791 0.5 3
  5.102 3 - 2
    3.55235 0.5 5
    4.94263 0.5 1
  5.125 7 + 2
    3.87291 0.5 3
    5.125 0.5 0
  5.148 5 - 2
    3.8973 0.5 2
    5.148 0.5 0
  5.195 1 + 2
    3.525 0.5 6
    3.64535 0.5 5
  5.19744 21 - 2
    0.70333 0.4624 85
    1.62947 0.5376 53
  5.265 1 + 2
    3.595 0.5 6
    3.71535 0.5 5
  5.301 3 - 2
    3.75135 0.5 5
    5.14163 0.5 1
  5.313 5 + 2
    3.76335 0.5 5
    5.15363 0.5 1
  5.355 1 - 1
    5.355 1 0
  5.372 7 + 1
    2.7991 1 21
  5.407 1 + 2
    3.737 0.5 6
    3.85735 0.5 5
  5.433 3 - 2
    3.88335 0.5 5
    5.27363 0.5 1
  5.451 5 - 2
    4.2003 0.5 2
    5.451 0.5 0
  5.478 3 + 2
    4.2273 0.5 2
    5.478 0.5 0
  5.54 9 - 2
    4.28791 0.5 3
    5.54 0.5 0
  5.58 1 - 2
    4.3293 0.5 2
    5.58 0.5 0
  5.615 7 + 2
    4.36291 0.5 3
    5.615 0.5 0
  5.635 5 + 2
    4.08535 0.5 5
    5.47563 0.5 1
  5.67 3 - 2
    4.12035 0.5 5
    5.51063 0.5 1
  5.702 5 + 2
    4.15235 0.5 5
    5.54263 0.5 1
  5.746 3 - 4
    3.1464 0.25 22
    3.1978 0.25 20
    3.3297 0.25 16
    3.3398 0.25 15
  5.755 7 + 2
    4.50291 0.5 3
    5.755 0.5 0
  5.774 9 - 2
    4.52191 0.5 3
    5.774 0.5 0
  5.81 1 - 2
    4.5593 0.5 2
    5.81 0.5 0
  5.836 5 + 2
    4.28635 0.5 5
    5.67663 0.5 1
  5.872 3 + 2
    4.6213 0.5 2
    5.872 0.5 0
  5.937 7 - 2
    4.49275 0.5 4
    5.77763 0.5 1
  5.976 1 + 2
    4.306 0.5 6
    4.42635 0.5 5
  6.013 5 - 2
    4.7623 0.5 2
    6.013 0.5 0
  6.039 3 + 2
    4.7883 0.5 2
    6.039 0.5 0
  6.067 5 - 2
    4.8163 0.5 2
    6.067 0.5 0
  6.0886 23 - 2
    0.89116 0.8772 114
    1.59449 0.1228 85
  6.095 3 + 2
    4.8443 0.5 2
    6.095 0.5 0
  6.129 7 + 2
    4.87691 0.5 3
    6.129 0.5 0
  6.158 1 + 2
    4.488 0.5 6
    4.60835 0.5 5
  6.169 1 + 2
    4.499 0.5 6
    4.61935 0.5 5
  6.195 3 - 2
    4.64535 0.5 5
    6.03563 0.5 1
  6.209 5 - 2
    4.9583 0.5 2
    6.209 0.5 0
  6.234 9 - 2
    4.98191 0.5 3
    6.234 0.5 0
  6.265 3 + 2
    5.0143 0.5 2
    6.265 0.5 0
  6.304 7 - 2
    4.85975 0.5 4
    6.14463 0.5 1
  6.333 5 + 2
    4.78335 0.5 5
    6.17363 0.5 1
  6.364 11 - 2
    4.91975 0.5 4
    6.20463 0.5 1
  6.3664 21 - 3
    1.6935 0.5556 93
    1.87229 0.3333 85
    2.79843 0.1111 53
  6.387 3 + 2
    5.1363 0.5 2
    6.387 0.5 0
  6.402 5 + 2
    4.85235 0.5 5
    6.24263 0.5 1
  6.43 1 + 2
    4.76 0.5 6
    4.88035 0.5 5
  6.449 7 - 2
    5.00475 0.5 4
    6.28963 0.5 1
  6.474 3 - 2
    4.92435 0.5 5
    6.31463 0.5 1
  6.494 1 + 2
    4.824 0.5 6
    4.94435 0.5 5
  6.514 5 - 2
    5.2633 0.5 2
    6.514 0.5 0
  6.53 9 - 2
    5.27791 0.5 3
    6.53 0.5 0
  6.554 3 + 2
    5.3033 0.5 2
    6.554 0.5 0
  6.565 7 + 2
    5.31291 0.5 3
    6.565 0.5 0
  6.585 5 - 2
    5.3343 0.5 2
    6.585 0.5 0
  6.607 1 + 2
    4.937 0.5 6
    5.05735 0.5 5
  6.624 3 - 2
    5.07435 0.5 5
    6.46463 0.5 1
  6.645 5 + 2
    5.09535 0.5 5
    6.48563 0.5 1
  6.662 7 - 2
    5.21775 0.5 4
    6.50263 0.5 1
  6.673 3 + 2
    5.4223 0.5 2
    6.673 0.5 0
  6.692 9 - 2
    5.43991 0.5 3
    6.692 0.5 0
  6.709 5 + 2
    5.15935 0.5 5
    6.54963 0.5 1
  6.727 3 - 2
    5.17735 0.5 5
    6.56763 0.5 1
  6.749 7 + 2
    5.49691 0.5 3
    6.749 0.5 0
  6.771 1 + 2
    5.101 0.5 6
    5.22135 0.5 5
  6.787 5 - 2
    5.5363 0.5 2
    6.787 0.5 0
  6.823 3 - 2
    5.27335 0.5 5
    6.66363 0.5 1
  6.838 11 + 2
    4.4318 0.5 15
    5.58591 0.5 3
  6.854 5 - 2
    5.6033 0.5 2
    6.854 0.5 0
  6.882 3 + 2
    5.6313 0.5 2
    6.882 0.5 0
  6.903 7 - 2
    5.45875 0.5 4
    6.74363 0.5 1
  6.917 9 + 2
    5.47275 0.5 4
    6.75763 0.5 1
  6.936 5 - 2
    5.6853 0.5 2
    6.936 0.5 0
  6.957 3 + 2
    5.7063 0.5 2
    6.957 0.5 0
  6.98 7 - 2
    5.53575 0.5 4
    6.82063 0.5 1
  7.002 5 + 2
    5.45235 0.5 5
    6.84263 0.5 1
  7.018 3 - 2
    5.46835 0.5 5
    6.85863 0.5 1
  7.038 1 + 2
    5.368 0.5 6
    5.48835 0.5 5
  7.067 9 - 2
    5.81491 0.5 3
    7.067 0.5 0
  7.076 3 + 2
    5.8253 0.5 2
    7.076 0.5 0
  7.095 5 - 2
    5.8443 0.5 2
    7.095 0.5 0
  7.123 7 + 2
    5.87091 0.5 3
    7.123 0.5 0
  7.141 1 - 2
    5.8903 0.5 2
    7.141 0.5 0
  7.166 3 + 2
    5.9153 0.5 2
    7.166 0.5 0
  7.187 5 - 2
    5.9363 0.5 2
    7.187 0.5 0
  7.205 7 + 2
    5.95291 0.5 3
    7.205 0.5 0
  7.225 11 - 2
    5.78075 0.5 4
    7.06563 0.5 1
  7.349 7 - 2
    4.1232 0.4012 42
    7.18963 0.5988 1
  7.4806 3 - 1
    7.4806 1 0
  8.0051 27 - 1
    1.9165 1 141
  8.16 3 + 2
    6.9093 0.5 2
    8.16 0.5 0
  8.79 1 + 2
    7.12 0.5 6
    7.24035 0.5 5

22 48 289
  0 0 + 0
  0.983539 4 + 1
    0.983539 1 0
  2.29565 8 + 1
    1.31211 1 1
  2.42106 4 + 2
    1.43752 0.948591 1
    2.42106 0.051409 0
  2.465 2 + 1
    2.465 1 0
  2.99722 0 + 1
    2.01368 1 1
  3.062 4 + 2
    2.07846 0.5 1
    3.062 0.5 0
  3.22399 6 + 3
    0.80293 0.034713 3
    0.92834 0.242222 2
    2.24045 0.723065 1
  3.23978 8 + 1
    0.94413 1 2
  3.3332 12 + 1
    1.03755 1 2
  3.35883 6 - 3
    0.93777 0.014571 3
    1.06318 0.074684 2
    2.37529 0.910746 1
  3.37087 4 + 2
    2.38733 0.8651 1
    3.37087 0.1349 0
  3.50856 12 + 2
    0.17536 0.765 9
    1.21291 0.235 2
  3.61682 4 + 3
    1.19576 0.073128 3
    2.63328 0.914073 1
    3.61682 0.0128 0
  3.633 4 + 1
    2.64946 1 1
  3.69949 2 - 2
    2.71595 0.6494 1
    3.69949 0.3506 0
  3.711 4 + 1
    2.72746 1 1
  3.73857 2 + 3
    1.31751 0.077935 3
    2.75503 0.272719 1
    3.73857 0.649345 0
  3.78246 6 - 3
    0.42363 0.729715 10
    0.55847 0.029881 7
    1.48681 0.240405 2
  3.8028 4 - 1
    2.81926 1 1
  3.852 0 + 2
    2.86846 0.5 1
    3.852 0.5 0
  3.94371 6 - 3
    1.52265 0.050115 3
    1.64806 0.201918 2
    2.96017 0.747967 1
  4.03516 4 + 2
    0.81117 0.3066 7
    1.6141 0.6934 3
  4.04599 10 - 3
    0.71279 0.060331 9
    0.80621 0.090061 8
    1.75034 0.849609 2
  4.07453 4 + 4
    0.83475 0.33569 8
    1.77888 0.093497 2
    3.09099 0.492085 1
    4.07453 0.078728 0
  4.077 8 + 2
    1.78135 0.5 2
    3.09346 0.5 1
  4.102 2 + 2
    0.87801 0.5 7
    1.637 0.5 4
  4.19689 6 + 5
    0.34489 0.098492 20
    0.45832 0.119414 17
    0.4974 0.057507 15
    0.9729 0.441853 7
    4.19689 0.282734 0
  4.2053 4 + 1
    4.2053 1 0
  4.21 4 - 1
    3.22646 1 1
  4.2545 2 + 1
    0.55501 1 15
  4.311 2 + 3
    1.88994 0.1105 3
    3.32746 0.3081 1
    4.311 0.5814 0
  4.348 2 + 3
    0.64851 0.228477 15
    0.98917 0.340566 10
    3.36446 0.430957 1
  4.381 4 + 2
    1.14122 0.3104 8
    2.08535 0.6896 2
  4.38769 4 + 3
    1.1637 0.346335 7
    2.09204 0.30033 2
    3.40415 0.353335 1
  4.398 10 - 2
    0.88944 0.7519 12
    2.10235 0.2481 2
  4.404 10 + 2
    1.0708 0.4709 9
    2.10835 0.5291 2
  4.407 4 + 2
    3.42346 0.5 1
    4.407 0.5 0
  4.45745 6 + 6
    0.84063 0.031433 13
    1.08658 0.019182 11
    1.23346 0.010211 7
    2.03639 0.328726 3
    2.1618 0.391331 2
    3.47391 0.219118 1
  4.472 6 - 2
    2.17635 0.5 2
    3.48846 0.5 1
  4.53 8 - 2
    0.7272 0.5 19
    1.30601 0.5 7
  4.535 0 + 2
    3.55146 0.5 1
    4.535 0.5 0
  4.56406 16 + 2
    1.0555 0.099909 12
    1.23086 0.900091 9
  4.567 2 - 2
    3.58346 0.5 1
    4.567 0.5 0
  4.5807 6 - 4
    1.22187 0.288794 10
    2.15964 0.090518 3
    2.28505 0.189696 2
    3.59716 0.430991 1
  4.589 0 + 2
    3.60546 0.5 1
    4.589 0.5 0
  4.71915 8 + 2
    1.47937 0.6859 8
    1.49516 0.3141 7
  4.75774 4 + 2
    1.14092 0.8333 13
    3.7742 0.1667 1
  4.78331 8 + 2
    2.48766 0.3333 2
    3.79977 0.6667 1
  4.79228 6 - 4
    1.09279 0.047739 15
    1.42141 0.037689 11
    2.37122 0.412088 3
    3.80874 0.502485 1
  4.79412 4 - 2
    2.49847 0.8718 2
    4.79412 0.1282 0
  4.828 6 - 5
    0.78201 0.1491 23
    0.88429 0.2255 21
    1.04554 0.1236 18
    1.58822 0.3636 8
    1.60401 0.1382 7
  4.861 8 + 2
    1.62122 0.5208 8
    2.56535 0.4792 2
  4.885 6 + 2
    1.52617 0.4286 10
    2.46394 0.5714 3
  4.91059 4 - 5
    1.29377 0.343631 13
    1.53972 0.171815 11
    1.6866 0.230221 7
    2.48953 0.206219 3
    4.91059 0.048114 0
  4.9147 10 - 3
    0.868711 0.28 23
    1.13224 0.5 18
    1.40614 0.22 12
  4.92491 4 + 5
    0.543911 0.040194 33
    0.850381 0.050215 24
    1.68513 0.189019 8
    1.70092 0.129913 7
    2.62926 0.590659 2
  4.94005 8 + 4
    1.15759 0.054062 18
    1.70027 0.193708 8
    2.6444 0.301812 2
    3.95651 0.450418 1
  4.956 10 + 4
    0.91001 0.1593 23
    1.17354 0.4425 18
    1.44744 0.1991 12
    1.6228 0.1991 9
  4.966 4 + 2
    1.22743 0.5495 17
    3.98246 0.4505 1
  4.972 0 + 2
    1.23343 0.5495 17
    3.98846 0.4505 1
  4.9925 10 - 4
    0.94651 0.6173 23
    1.04879 0.1111 21
    1.21004 0.1296 18
    1.48394 0.142 12
  5.063 2 - 2
    4.07946 0.5 1
    5.063 0.5 0
  5.14581 8 + 5
    1.07128 0.25219 24
    1.90603 0.148994 8
    1.92182 0.286489 7
    2.72475 0.063037 3
    2.85016 0.24929 2
  5.155 10 - 2
    0.751 0.2424 36
    1.64644 0.7576 12
  5.15771 8 + 4
    1.91793 0.231023 8
    1.93372 0.330033 7
    2.86206 0.330033 2
    4.17417 0.108911 1
  5.169 14 + 3
    0.60494 0.050119 42
    1.66044 0.299294 12
    1.8358 0.650587 9
  5.197 16 + 3
    0.63294 0.829925 42
    1.68844 0.140204 12
    1.8638 0.029871 9
  5.241 2 + 2
    2.01701 0.5 7
    2.776 0.5 4
  5.252 2 - 3
    1.30829 0.793621 21
    1.46954 0.10319 18
    2.95635 0.10319 2
  5.274 2 - 4
    0.963 0.119295 31
    1.57451 0.091736 15
    1.91517 0.458682 10
    2.85294 0.330287 3
  5.3 2 - 3
    0.896 0.2709 36
    1.79144 0.3984 12
    1.9668 0.3307 9
  5.312 6 - 3
    1.26601 0.2515 23
    1.80344 0.1497 12
    1.9788 0.5988 9
  5.313 4 + 2
    2.89194 0.2908 3
    4.32946 0.7092 1
  5.34 2 - 1
    5.34 1 0
  5.35623 6 - 6
    1.15934 0.19998 27
    1.41252 0.108789 21
    1.9974 0.150885 10
    2.11645 0.080692 8
    3.06058 0.108789 2
    4.37269 0.350865 1
  5.385 6 - 2
    2.14522 0.4413 8
    3.08935 0.5587 2
  5.391 8 + 2
    2.15122 0.4413 8
    3.09535 0.5587 2
  5.461 2 - 2
    4.47746 0.5 1
    5.461 0.5 0
  5.49079 4 + 4
    1.7913 0.253725 15
    2.2668 0.238824 7
    3.06973 0.373137 3
    4.50725 0.134313 1
  5.5 8 + 6
    1.096 0.071536 36
    1.102 0.20949 35
    1.42547 0.039858 24
    1.45401 0.030148 23
    2.1668 0.137993 9
    3.20435 0.510974 2
  5.519 6 - 3
    1.73654 0.359736 18
    2.16017 0.330933 10
    4.53546 0.309331 1
  5.526 2 - 1
    5.526 1 0
  5.545 2 - 2
    2.03644 0.218778 12
    2.2118 0.781222 9
  5.5575 6 - 5
    1.1765 0.3185 33
    1.61379 0.121 21
    2.19867 0.1306 10
    2.33351 0.1497 7
    4.57396 0.2802 1
  5.569 6 - 3
    1.258 0.161416 31
    1.86951 0.448445 15
    4.58546 0.390139 1
  5.571 4 + 2
    4.58746 0.5 1
    5.571 0.5 0
  5.616 2 - 4
    0.788 0.1 51
    1.83354 0.5 18
    2.25717 0.1 10
    4.63246 0.3 1
  5.6196 4 + 3
    2.37982 0.3704 8
    2.39561 0.2889 7
    3.19854 0.3407 3
  5.63 14 - 3
    1.06594 0.39 42
    2.12144 0.11 12
    2.2968 0.5 9
  5.64 2 + 3
    1.18255 0.4608 38
    4.65646 0.1613 1
    5.64 0.3779 0
  5.642 6 - 6
    0.92285 0.11881 46
    1.261 0.108909 33
    1.69829 0.069316 21
    1.94251 0.108909 15
    2.41801 0.099018 7
    3.34635 0.49504 2
  5.657 2 + 2
    2.43301 0.5 7
    3.192 0.5 4
  5.76 6 - 2
    3.46435 0.5 2
    4.77646 0.5 1
  5.762 0 - 5
    1.71601 0.051019 23
    2.25344 0.340093 12
    2.4288 0.139497 9
    2.52222 0.309494 8
    3.46635 0.159897 2
  5.764 4 + 2
    4.78046 0.5 1
    5.764 0.5 0
  5.805 2 - 2
    1.75901 0.04031 23
    2.44617 0.95969 10
  5.8271 6 - 4
    2.04464 0.2103 18
    2.46827 0.369 10
    3.40604 0.31 3
    4.84356 0.1107 1
  5.846 6 - 3
    2.60622 0.3081 8
    3.55035 0.5814 2
    4.86246 0.1105 1
  5.885 4 + 2
    4.90146 0.5 1
    5.885 0.5 0
  5.88727 0 - 2
    1.48927 0.2701 35
    2.37871 0.7299 12
  5.88854 2 - 4
    2.08574 0.359964 19
    2.51767 0.172783 11
    3.46748 0.345565 3
    4.905 0.121688 1
  5.892 2 - 4
    2.53317 0.128713 10
    3.47094 0.260726 3
    4.90846 0.280528 1
    5.892 0.330033 0
  5.9162 4 + 1
    4.93266 1 1
  5.974 0 - 5
    0.662 0.169283 72
    1.018 0.229177 58
    1.57 0.260374 36
    2.46544 0.221378 12
    2.6408 0.119788 9
  5.988 2 - 2
    5.00446 0.5 1
    5.988 0.5 0
  5.99 0 - 3
    1.586 0.369 36
    1.592 0.2804 35
    2.75022 0.3506 8
  5.996 4 + 3
    3.57494 0.5714 3
    3.70035 0.1886 2
    5.01246 0.24 1
  6.022 6 - 2
    3.72635 0.5 2
    5.03846 0.5 1
  6.034 2 - 2
    0.837 0.3506 67
    1.46994 0.6494 42
  6.036 8 - 1
    3.74035 1 2
  6.039 12 - 3
    0.870001 0.128199 66
    1.641 0.801292 35
    2.53044 0.070509 12
  6.04122 4 - 1
    6.04122 1 0
  6.04245 2 - 3
    1.18145 0.1739 52
    1.96792 0.5435 24
    5.05891 0.2826 1
  6.051 6 - 1
    2.26854 1 18
  6.05455 4 - 2
    3.63349 0.6536 3
    5.07101 0.3464 1
  6.084 8 - 3
    1.68 0.621162 36
    2.30154 0.130413 18
    2.57544 0.248425 12
  6.086 2 - 1
    6.086 1 0
  6.1022 6 - 1
    1.53814 1 42
  6.115 4 + 2
    5.13146 0.5 1
    6.115 0.5 0
  6.119 0 - 4
    2.33654 0.1676 18
    2.61044 0.162 12
    2.7858 0.1117 9
    3.82335 0.5587 2
  6.122 0 + 2
    5.13846 0.5 1
    6.122 0.5 0
  6.126 2 - 1
    6.126 1 0
  6.138 2 + 1
    6.138 1 0
  6.147 4 - 1
    1.749 1 35
  6.153 6 - 3
    2.10701 0.161816 23
    2.64444 0.260126 12
    2.8198 0.578058 9
  6.168 8 - 2
    2.3652 0.5 19
    2.94401 0.5 7
  6.172 4 - 3
    0.975 0.068028 67
    1.003 0.251692 66
    1.60794 0.68028 42
  6.176 6 + 2
    2.81717 0.5 10
    3.88035 0.5 2
  6.183 2 - 2
    2.94322 0.4505 8
    3.88735 0.5495 2
  6.223 4 + 1
    5.23946 1 1
  6.234 8 - 3
    2.61718 0.3506 13
    3.81294 0.251 3
    5.25046 0.3984 1
  6.236 4 + 1
    6.236 1 0
  6.2404 6 - 1
    2.9072 1 9
  6.246 6 - 2
    2.50743 0.4012 17
    2.87513 0.5988 11
  6.254 2 + 3
    1.873 0.3197 33
    2.17947 0.4098 24
    2.88313 0.2705 11
  6.268 0 + 1
    5.28446 1 1
  6.31371 4 - 1
    2.98051 1 9
  6.316 2 + 4
    2.69918 0.079872 13
    2.94513 0.300309 11
    4.02035 0.300309 2
    5.33246 0.31951 1
  6.322 8 - 2
    2.96317 0.5 10
    3.09801 0.5 7
  6.331 10 + 1
    3.10701 1 7
  6.337 6 - 1
    2.55454 1 18
  6.363 4 + 2
    1.959 0.5291 36
    3.12322 0.4709 8
  6.36516 2 - 2
    1.57288 0.1994 49
    4.06951 0.8006 2
  6.394 4 + 4
    0.764001 0.119706 89
    1.082 0.098595 72
    1.197 0.077464 67
    1.438 0.704235 58
  6.4 6 - 3
    2.002 0.5 35
    2.89144 0.22 12
    3.0668 0.28 9
  6.40617 2 + 1
    2.46246 1 21
  6.414 8 - 1
    4.11835 1 2
  6.434 0 + 1
    2.38801 1 23
  6.4511 4 - 3
    2.50739 0.2798 21
    3.21132 0.4587 8
    3.22711 0.2615 7
  6.4605 6 - 1
    3.1273 1 9
  6.476 2 + 1
    2.53229 1 21
  6.49045 4 + 3
    2.68765 0.6711 19
    3.25067 0.1074 8
    5.50691 0.2215 1
  6.492 10 - 2
    4.07094 0.5988 3
    5.50846 0.4012 1
  6.493 2 + 3
    1.5783 0.25 55
    2.44701 0.5814 23
    2.98444 0.1686 12
  6.507 6 - 5
    1.551 0.229693 58
    1.94294 0.070028 42
    2.46101 0.221293 23
    2.99844 0.280092 12
    3.1738 0.198894 9
  6.514 8 + 2
    3.27422 0.5714 8
    3.29001 0.4286 7
  6.524 4 - 1
    3.01544 1 12
  6.53 0 + 1
    2.74754 1 18
  6.536 2 - 2
    2.49001 0.3711 23
    3.2028 0.6289 9
  6.539 4 + 1
    1.61409 1 56
  6.54163 6 - 1
    5.55809 1 1
  6.544 8 + 1
    4.24835 1 2
  6.573 2 - 5
    0.943 0.171103 89
    2.169 0.098682 36
    2.175 0.220404 35
    3.06444 0.328907 12
    3.2398 0.180904 9
  6.584 6 - 2
    4.28835 0.4413 2
    5.60046 0.5587 1
  6.6043 2 - 2
    5.62076 0.2481 1
    6.6043 0.7519 0
  6.617 4 + 1
    3.10844 1 12
  6.62653 4 + 1
    2.88796 1 17
  6.634 0 + 3
    2.58801 0.3384 23
    2.69029 0.3802 21
    3.39422 0.2814 8
  6.653 6 - 1
    2.87054 1 18
  6.661 8 + 1
    2.61501 1 23
  6.673 4 - 1
    2.89054 1 18
  6.707 2 + 3
    2.76329 0.5208 21
    4.41135 0.2188 2
    5.72346 0.2604 1
  6.70939 10 - 2
    3.4854 0.5025 7
    4.41374 0.4975 2
  6.711 6 + 4
    0.671999 0.2698 111
    1.7963 0.3597 55
    2.66501 0.1403 23
    3.20244 0.2302 12
  6.74 4 - 2
    3.51601 0.5 7
    4.275 0.5 4
  6.744 8 + 4
    2.69801 0.171283 23
    3.23544 0.139886 12
    3.4108 0.349665 9
    4.44835 0.339166 2
  6.757 2 - 3
    0.723 0.2028 109
    1.127 0.0979 89
    1.56 0.6993 67
  6.77 4 + 1
    3.4368 1 9
  6.797 0 - 1
    3.57301 1 7
  6.808 6 + 1
    2.427 1 33
  6.814 2 - 1
    3.57422 1 8
  6.825 4 + 2
    2.427 0.5988 35
    3.31644 0.4012 12
  6.8273 12 - 2
    2.10815 0.8333 46
    5.84376 0.1667 1
  6.831 6 + 2
    4.40994 0.5988 3
    5.84746 0.4012 1
  6.841 2 - 2
    3.60122 0.4012 8
    4.54535 0.5988 2
  6.869 4 + 1
    3.51017 1 10
  6.878 8 - 1
    4.45694 1 3
  6.88 2 + 2
    1.568 0.9009 72
    2.31594 0.0991 42
  6.885 6 - 2
    3.37644 0.5495 12
    3.5518 0.4505 9
  6.89829 4 + 2
    3.90107 0.578 5
    5.91475 0.422 1
  6.906 0 - 1
    0.872 1 109
  6.916 10 + 1
    2.87001 1 23
  6.944 2 - 2
    2.89801 0.6993 23
    3.43544 0.3007 12
  6.955 4 + 2
    1.786 0.3007 66
    3.44644 0.6993 12
  6.9571 6 - 2
    3.01339 0.6623 21
    4.53604 0.3377 3
  6.966 8 + 1
    4.67035 1 2
  6.972 2 - 1
    5.98846 1 1
  6.975 4 + 2
    1.9825 0.3421 61
    2.019 0.6579 58
  6.97632 6 - 2
    1.62009 0.4624 75
    2.94116 0.5376 22
  6.979 2 - 1
    6.979 1 0
  6.984 0 + 1
    3.04029 1 21
  7.009 4 + 4
    1.84 0.131 66
    2.053 0.3003 58
    2.44494 0.2492 42
    3.50044 0.3195 12
  7.033 6 - 1
    2.652 1 33
  7.04 8 + 2
    0.467 0.099909 163
    2.47594 0.900091 42
  7.0475 4 - 1
    7.0475 1 0
  7.054 2 + 1
    3.69517 1 10
  7.06058 10 - 1
    3.36109 1 15
  7.069 6 + 1
    2.87211 1 27
  7.071 2 + 1
    7.071 1 0
  7.075 4 - 3
    0.972799 0.4 118
    1.878 0.3 67
    2.51094 0.3 42
  7.093 0 - 2
    1.924 0.2 66
    3.7598 0.8 9
  7.1 8 + 1
    4.80435 1 2
  7.11 2 - 1
    7.11 1 0
  7.111 4 + 1
    1.481 1 89
  7.118 6 - 6
    1.806 0.219778 72
    1.921 0.140686 67
    2.55394 0.140686 42
    2.72 0.180182 35
    3.60944 0.09889 12
    3.7848 0.219778 9
  7.124 2 - 1
    7.124 1 0
  7.129 4 + 2
    6.14546 0.5 1
    7.129 0.5 0
  7.149 6 + 1
    2.751 1 35
  7.162 8 - 1
    3.65344 1 12
  7.183 4 + 2
    4.76194 0.4012 3
    6.19946 0.5988 1
  7.199 0 - 1
    4.77794 1 3
  7.2214 6 + 2
    2.8404 0.5988 33
    3.14687 0.4012 24
  7.2388 2 + 1
    7.2388 1 0
  7.256 4 - 2
    3.21001 0.5988 23
    4.01622 0.4012 8
  7.274 8 + 3
    1.961 0.2602 73
    3.76544 0.5102 12
    3.9408 0.2296 9
  7.289 6 + 1
    6.30546 1 1
  7.322 6 - 1
    6.33846 1 1
  7.326 2 - 2
    2.129 0.6494 67
    2.76194 0.3506 42
  7.344 4 - 1
    2.946 1 35
  7.353 10 + 1
    1.723 1 89
  7.35898 4 + 4
    3.62041 0.2727 17
    4.13499 0.3247 7
    4.93792 0.237 3
    6.37544 0.1656 1
  7.374 2 - 2
    0.468001 0.099909 191
    1.2718 0.900091 118
  7.387 0 - 1
    0.814001 1 163
  7.427 12 + 3
    1.393 0.662234 109
    2.23 0.139086 67
    2.86294 0.19868 42
  7.431 4 - 1
    5.13535 1 2
  7.442 2 + 2
    3.044 0.3506 35
    5.14635 0.6494 2
  7.45 2 - 1
    7.45 1 0
  7.476 6 + 2
    2.52 0.6803 58
    3.072 0.3197 36
  7.483 8 - 1
    6.49946 1 1
  7.484 2 + 1
    7.484 1 0
  7.497 4 - 1
    2.185 1 72
  7.531 6 + 3
    1.901 0.189419 89
    2.334 0.440544 67
    3.133 0.370037 35
  7.535 4 - 4
    0.46 0.10139 210
    0.629 0.30067 191
    0.778 0.248275 177
    1.4328 0.349665 118
  7.5416 0 + 4
    3.34471 0.771039 27
    4.18277 0.028531 10
    4.30182 0.107905 8
    4.31761 0.092525 7
  7.556 8 - 1
    5.26035 1 2
  7.571 10 + 1
    4.2378 1 9
  7.57409 4 - 1
    3.1864 1 34
  7.586 2 - 1
    7.586 1 0
  7.60157 6 + 3
    1.42957 0.2101 127
    1.97157 0.3697 89
    4.26837 0.4202 9
  7.61614 4 + 4
    2.8584 0.3367 47
    3.67243 0.1852 21
    3.87757 0.3367 17
    3.91665 0.1414 15
  7.623 6 - 2
    2.311 0.5 72
    3.05894 0.5 42
  7.656 0 + 1
    3.09194 1 42
  7.668 2 - 1
    1.5658 1 118
  7.683 8 + 2
    5.38735 0.5 2
    6.69946 0.5 1
  7.692 4 - 2
    4.46801 0.5 7
    5.227 0.5 4
  7.709 6 + 1
    3.66301 1 23
  7.728 6 - 2
    5.43235 0.5 2
    6.74446 0.5 1
  7.766 2 + 2
    4.54201 0.5 7
    5.301 0.5 4
  7.846 6 + 2
    4.62201 0.5 7
    5.381 0.5 4
  7.876 6 + 2
    4.65201 0.5 7
    5.411 0.5 4
  7.905 2 + 2
    4.68101 0.5 7
    5.44 0.5 4
  7.969 2 - 1
    7.969 1 0
  7.986 4 + 2
    7.00246 0.5 1
    7.986 0.5 0
  7.999 6 - 2
    5.70335 0.5 2
    7.01546 0.5 1
  8.01 2 - 1
    8.01 1 0
  8.053 4 - 2
    4.82901 0.5 7
    5.588 0.5 4
  8.086 8 - 2
    4.2832 0.5 19
    4.86201 0.5 7
  8.091 4 + 1
    0.717 1 232
  8.199 2 + 1
    8.199 1 0
  8.212 6 - 2
    5.91635 0.5 2
    7.22846 0.5 1
  8.246 4 + 2
    7.26246 0.5 1
    8.246 0.5 0
  8.255 2 - 1
    8.255 1 0
  8.323 0 - 1
    0.895999 1 234
  8.572 2 - 1
    8.572 1 0
  8.592 2 + 1
    8.592 1 0
  8.672 2 + 1
    8.672 1 0
  8.933 2 - 1
    8.933 1 0
  8.996 2 + 1
    8.996 1 0
  9.025 2 - 1
    9.025 1 0
  9.26 4 + 2
    8.27646 0.5 1
    9.26 0.5 0
  9.91 8 - 2
    6.1072 0.5 19
    6.68601 0.5 7
  9.977 2 - 1
    9.977 1 0
  10.46 4 + 2
    9.47646 0.5 1
    10.46 0.5 0
  10.6 10 + 2
    6.40311 0.5 27
    7.37601 0.5 7
  10.726 12 + 2
    7.48622 0.5 8
    8.43035 0.5 2
  10.982 8 + 2
    8.68635 0.5 2
    9.99846 0.5 1
  16.2 4 + 2
    15.2165 0.5 1
    16.2 0.5 0
  17.379 0 + 2
    16.3955 0.5 1
    17.379 0.5 0

22 49 115
  0 7 - 0
  1.38177 3 - 1
    1.38177 1 0
  1.54215 11 - 1
    1.54215 1 0
  1.58596 3 - 1
    1.58596 1 0
  1.61 9 - 1
    1.61 1 0
  1.62293 5 - 1
    1.62293 1 0
  1.72348 1 - 2
    0.13752 0.02149 3
    0.34171 0.97851 1
  1.76201 5 - 1
    1.76201 1 0
  2.26132 5 - 3
    0.49931 0.1683 7
    0.63839 0.4808 5
    2.26132 0.3509 0
  2.4714 5 - 3
    0.70939 0.2113 7
    0.84847 0.4695 5
    2.4714 0.3192 0
  2.50436 1 + 2
    0.88143 0.1526 5
    1.12259 0.8474 1
  2.5055 15 - 1
    0.96335 1 2
  2.51344 9 - 1
    2.51344 1 0
  2.516 7 + 1
    1.13423 1 1
  2.66436 3 + 2
    0.90235 0.5 7
    1.28259 0.5 1
  2.7206 11 + 1
    1.17845 1 2
  2.8509 5 - 1
    1.26494 1 3
  2.9805 7 - 1
    1.35757 1 5
  3.03868 3 - 1
    1.3152 1 6
  3.0425 7 - 3
    1.41957 0.4 5
    1.50035 0.248 2
    3.0425 0.352 0
  3.17529 1 - 3
    1.45181 0.063219 6
    1.58933 0.264295 3
    1.79352 0.672487 1
  3.2607 3 - 3
    1.49869 0.8466 7
    1.67474 0.06874 3
    1.87893 0.08466 1
  3.2903 17 - 1
    0.7848 1 11
  3.42825 3 - 3
    1.66624 0.077683 7
    1.84229 0.501255 3
    2.04648 0.421062 1
  3.451 7 - 2
    2.06923 0.5 1
    3.451 0.5 0
  3.46902 1 - 1
    1.88306 1 3
  3.511 5 - 2
    1.88807 0.5 5
    1.901 0.5 4
  3.606 5 + 2
    2.22423 0.5 1
    3.606 0.5 0
  3.61848 5 - 1
    0.14946 1 25
  3.639 3 + 2
    1.91552 0.5 6
    2.01607 0.5 5
  3.7007 9 + 1
    3.7007 1 0
  3.746 5 - 2
    2.12307 0.5 5
    2.136 0.5 4
  3.76585 1 + 2
    2.17989 0.5 3
    2.38408 0.5 1
  3.7847 5 - 1
    3.7847 1 0
  3.78767 3 - 3
    2.02566 0.333333 7
    2.20171 0.333333 3
    2.4059 0.333333 1
  3.818 1 + 2
    2.23204 0.5 3
    2.43623 0.5 1
  3.85498 5 - 3
    1.35062 0.375562 10
    2.1315 0.187781 6
    2.47321 0.436656 1
  3.916 3 + 2
    2.19252 0.5 6
    2.29307 0.5 5
  3.9407 5 - 1
    3.9407 1 0
  3.967 7 + 2
    2.34407 0.5 5
    2.357 0.5 4
  3.99 3 + 2
    2.26652 0.5 6
    2.36707 0.5 5
  4.07416 1 + 1
    0.60514 1 25
  4.142 5 - 2
    2.51907 0.5 5
    2.532 0.5 4
  4.195 3 + 2
    2.47152 0.5 6
    2.57207 0.5 5
  4.2218 1 - 4
    0.43413 0.030122 34
    2.49832 0.275022 6
    2.63584 0.115809 3
    2.84003 0.579046 1
  4.242 7 - 2
    2.86023 0.5 1
    4.242 0.5 0
  4.3 9 - 2
    2.67707 0.5 5
    2.69 0.5 4
  4.34 3 - 2
    2.95823 0.5 1
    4.34 0.5 0
  4.3823 19 - 1
    1.092 1 22
  4.43326 3 - 2
    2.70978 0.5464 6
    2.8473 0.4536 3
  4.456 1 + 2
    2.87004 0.5 3
    3.07423 0.5 1
  4.489 7 - 2
    3.10723 0.5 1
    4.489 0.5 0
  4.5069 5 + 1
    3.12513 1 1
  4.561 1 + 2
    2.97504 0.5 3
    3.17923 0.5 1
  4.584 3 + 2
    2.86052 0.5 6
    2.96107 0.5 5
  4.58824 3 - 4
    1.32754 0.366 21
    1.54956 0.1658 18
    3.00228 0.3441 3
    3.20647 0.1241 1
  4.621 7 + 2
    2.99807 0.5 5
    3.011 0.5 4
  4.66667 1 - 3
    1.40597 0.049324 21
    2.94319 0.850368 6
    3.2849 0.100308 1
  4.725 9 + 2
    3.18285 0.5 2
    4.725 0.5 0
  4.77 13 + 2
    2.2645 0.5 11
    3.22785 0.5 2
  4.81101 7 + 2
    2.30665 0.218778 10
    3.22505 0.781222 3
  4.836 3 + 2
    3.11252 0.5 6
    3.21307 0.5 5
  4.897 5 + 2
    3.51523 0.5 1
    4.897 0.5 0
  4.91084 1 - 2
    3.18736 0.6849 6
    3.32488 0.3151 3
  5.063 5 - 2
    3.44007 0.5 5
    3.453 0.5 4
  5.11556 1 - 7
    1.64654 0.02241 25
    1.85486 0.032009 21
    1.94027 0.087708 20
    2.60212 0.01344 12
    2.6112 0.122298 10
    3.5296 0.081948 3
    3.73379 0.640187 1
  5.121 3 + 2
    3.39752 0.5 6
    3.49807 0.5 5
  5.15111 3 + 6
    1.07695 0.159203 41
    1.53263 0.201204 28
    2.30021 0.132103 16
    3.3891 0.075082 7
    3.42763 0.132103 6
    3.56515 0.300306 3
  5.173 7 + 2
    3.55007 0.5 5
    3.563 0.5 4
  5.2 9 + 2
    3.65785 0.5 2
    5.2 0.5 0
  5.232 5 + 2
    3.85023 0.5 1
    5.232 0.5 0
  5.2545 1 + 2
    3.66854 0.5 3
    3.87273 0.5 1
  5.3258 7 + 2
    3.70287 0.5 5
    3.7158 0.5 4
  5.347 5 - 2
    3.72407 0.5 5
    3.737 0.5 4
  5.375 3 + 2
    3.65152 0.5 6
    3.75207 0.5 5
  5.41203 1 + 1
    4.03026 1 1
  5.437 11 + 2
    2.92356 0.5 12
    3.827 0.5 4
  5.579 3 + 2
    3.85552 0.5 6
    3.95607 0.5 5
  5.606 7 + 2
    3.98307 0.5 5
    3.996 0.5 4
  5.655 5 + 2
    4.27323 0.5 1
    5.655 0.5 0
  5.693 9 + 2
    4.15085 0.5 2
    5.693 0.5 0
  5.7379 3 + 2
    4.01442 0.5 6
    4.11497 0.5 5
  5.774 1 + 2
    4.18804 0.5 3
    4.39223 0.5 1
  5.79567 5 + 2
    3.53435 0.6579 8
    4.07219 0.3421 6
  5.861 5 - 2
    4.23807 0.5 5
    4.251 0.5 4
  5.91 3 - 2
    4.52823 0.5 1
    5.91 0.5 0
  5.931 1 + 2
    4.34504 0.5 3
    4.54923 0.5 1
  5.965 5 - 2
    4.34207 0.5 5
    4.355 0.5 4
  6.01 5 - 2
    4.38707 0.5 5
    4.4 0.5 4
  6.012 7 + 2
    4.38907 0.5 5
    4.402 0.5 4
  6.078 1 + 2
    4.49204 0.5 3
    4.69623 0.5 1
  6.091 3 + 2
    4.36752 0.5 6
    4.46807 0.5 5
  6.125 7 + 2
    4.50207 0.5 5
    4.515 0.5 4
  6.145 3 + 2
    4.42152 0.5 6
    4.52207 0.5 5
  6.168 9 - 2
    4.54507 0.5 5
    4.558 0.5 4
  6.231 3 + 2
    4.50752 0.5 6
    4.60807 0.5 5
  6.269 7 - 2
    4.88723 0.5 1
    6.269 0.5 0
  6.279 5 - 2
    4.65607 0.5 5
    4.669 0.5 4
  6.513 11 + 2
    3.99956 0.5 12
    4.903 0.5 4
  7.329 3 + 2
    5.60552 0.5 6
    5.70607 0.5 5
  7.626 9 - 2
    6.00307 0.5 5
    6.016 0.5 4
  8.1326 1 + 2
    6.54664 0.5 3
    6.75083 0.5 1
  8.15365 7 - 1
    6.77188 1 1
  8.15554 5 + 1
    6.77377 1 1
  8.15963 1 + 1
    6.77786 1 1
  8.16356 3 - 1
    6.78179 1 1
  8.17844 1 + 1
    6.79667 1 1
  8.19323 1 + 1
    6.81146 1 1
  8.724 5 - 2
    7.10107 0.5 5
    7.114 0.5 4
  8.8816 7 + 18
    4.3747 0.022219 52
    4.6396 0.049998 45
    4.7396 0.005556 42
    4.80744 0.016669 41
    4.9409 0.033329 38
    5.02662 0.01111 36
    5.0969 0.044438 33
    5.1356 0.01111 31
    5.1809 0.055558 30
    5.26312 0.005556 28
    5.3706 0.005556 26
    5.45335 0.022219 23
    6.36816 0.038888 12
    6.4102 0.016669 9
    6.62028 0.005556 8
    7.11959 0.088886 7
    7.25867 0.01111 5
    8.8816 0.555576 0
  8.89 3 - 2
    7.50823 0.5 1
    8.89 0.5 0
  9.72 3 - 2
    8.33823 0.5 1
    9.72 0.5 0
  10.972 1 + 2
    9.38604 0.5 3
    9.59023 0.5 1
  11.11 5 - 2
    9.48707 0.5 5
    9.5 0.5 4
  11.7 9 - 2
    10.0771 0.5 5
    10.09 0.5 4

22 50 259
  0 0 + 0
  1.55378 4 + 1
    1.55378 1 0
  2.67491 8 + 1
    1.12113 1 1
  3.19871 12 + 1
    0.5238 1 2
  3.86279 4 + 1
    2.30901 1 1
  3.8682 0 + 1
    2.31442 1 1
  3.9749 8 - 1
    1.29999 1 2
  4.147 6 - 2
    1.47209 0.5 2
    2.59322 0.5 1
  4.15958 8 + 1
    1.48467 1 2
  4.17197 6 + 2
    1.49706 0.3243 2
    2.61819 0.6757 1
  4.24118 4 + 1
    2.6874 1 1
  4.30985 4 + 2
    2.75607 0.8361 1
    4.30985 0.1639 0
  4.40999 6 - 2
    1.73508 0.2032 2
    2.85621 0.7968 1
  4.48671 4 + 2
    2.93293 0.8547 1
    4.48671 0.1453 0
  4.536 2 - 2
    2.98222 0.5 1
    4.536 0.5 0
  4.576 2 - 2
    3.02222 0.5 1
    4.576 0.5 0
  4.78995 4 + 2
    3.23617 0.8985 1
    4.78995 0.1015 0
  4.88068 10 + 3
    0.721101 0.019201 8
    1.68197 0.075172 3
    2.20577 0.905627 2
  4.928 2 - 2
    3.37422 0.5 1
    4.928 0.5 0
  4.94 4 + 2
    3.38622 0.5 1
    4.94 0.5 0
  5.125 2 - 2
    3.57122 0.5 1
    5.125 0.5 0
  5.18607 6 + 2
    2.51116 0.7123 2
    3.63229 0.2877 1
  5.191 6 - 2
    2.51609 0.5 2
    3.63722 0.5 1
  5.336 2 - 2
    3.78222 0.5 1
    5.336 0.5 0
  5.37991 8 + 3
    1.20794 0.32701 9
    2.705 0.596618 2
    3.82613 0.076372 1
  5.407 6 - 2
    2.73209 0.5 2
    3.85322 0.5 1
  5.44072 8 + 1
    2.76581 1 2
  5.528 6 - 2
    2.85309 0.5 2
    3.97422 0.5 1
  5.54778 8 + 3
    2.34907 0.1292 3
    2.87287 0.4785 2
    3.994 0.3923 1
  5.56 6 - 2
    2.88509 0.5 2
    4.00622 0.5 1
  5.5805 2 - 2
    4.02672 0.5 1
    5.5805 0.5 0
  5.6 2 - 2
    4.04622 0.5 1
    5.6 0.5 0
  5.633 0 + 2
    4.07922 0.5 1
    5.633 0.5 0
  5.69483 6 + 1
    3.01992 1 2
  5.717 4 - 2
    1.54503 0.5 9
    1.7421 0.5 6
  5.771 6 - 2
    3.09609 0.5 2
    4.21722 0.5 1
  5.787 8 + 2
    3.11209 0.5 2
    4.23322 0.5 1
  5.795 4 - 2
    1.62303 0.5 9
    1.8201 0.5 6
  5.80651 10 + 1
    3.1316 1 2
  5.8372 8 + 2
    1.67762 0.5495 8
    3.16229 0.4505 2
  5.88 2 - 2
    4.32622 0.5 1
    5.88 0.5 0
  5.945 6 - 2
    3.27009 0.5 2
    4.39122 0.5 1
  5.94644 4 - 4
    0.76037 0.069482 21
    1.15649 0.040591 16
    1.78686 0.109303 8
    3.27153 0.780623 2
  6.044 2 - 2
    4.49022 0.5 1
    6.044 0.5 0
  6.0565 0 + 2
    4.50272 0.5 1
    6.0565 0.5 0
  6.068 4 + 2
    4.51422 0.5 1
    6.068 0.5 0
  6.12311 8 + 4
    1.24243 0.423683 17
    1.6364 0.360186 13
    2.9244 0.131395 3
    3.4482 0.084737 2
  6.1362 14 + 1
    2.93749 1 3
  6.15644 2 - 1
    4.60266 1 1
  6.182 4 - 2
    2.01003 0.5 9
    2.2071 0.5 6
  6.213 2 - 2
    4.65922 0.5 1
    6.213 0.5 0
  6.25 4 - 2
    2.07803 0.5 9
    2.2751 0.5 6
  6.30176 10 - 2
    2.06058 0.1304 10
    4.74798 0.8696 1
  6.37983 10 - 3
    1.49915 0.3503 17
    2.22025 0.3503 8
    3.18112 0.2994 3
  6.392 2 + 2
    1.20593 0.5 21
    2.22003 0.5 9
  6.39977 6 - 2
    3.72486 0.3939 2
    4.84599 0.6061 1
  6.461 4 + 2
    4.90722 0.5 1
    6.461 0.5 0
  6.4811 6 + 1
    2.30913 1 9
  6.52136 0 - 5
    1.73141 0.104304 16
    2.28018 0.099534 10
    2.36178 0.099534 8
    2.65857 0.222709 4
    3.84645 0.473919 2
  6.5406 16 + 1
    0.4044 1 47
  6.548 2 - 2
    4.99422 0.5 1
    6.548 0.5 0
  6.583 4 - 2
    2.41103 0.5 9
    2.6081 0.5 6
  6.609 6 - 2
    3.93409 0.5 2
    5.05522 0.5 1
  6.636 2 + 2
    1.44993 0.5 21
    2.46403 0.5 9
  6.665 4 + 2
    5.11122 0.5 1
    6.665 0.5 0
  6.71053 8 + 4
    1.52446 0.210521 21
    2.30054 0.20392 12
    2.53856 0.328933 9
    5.15675 0.256626 1
  6.72982 6 - 2
    2.86703 0.4595 4
    4.05491 0.5405 2
  6.77 4 - 2
    2.59803 0.5 9
    2.7951 0.5 6
  6.804 18 + 1
    0.2634 1 59
  6.8376 2 - 2
    1.45769 0.2481 24
    5.28382 0.7519 1
  6.849 10 - 2
    2.68942 0.5917 8
    3.65029 0.4083 3
  6.864 0 + 2
    5.31022 0.5 1
    6.864 0.5 0
  6.933 4 + 2
    5.37922 0.5 1
    6.933 0.5 0
  6.975 2 - 2
    5.42122 0.5 1
    6.975 0.5 0
  7.02937 4 + 1
    2.71952 1 11
  7.047 6 - 2
    4.37209 0.5 2
    5.49322 0.5 1
  7.049 2 + 2
    1.86293 0.5 21
    2.87703 0.5 9
  7.07868 6 - 2
    4.40377 0.5263 2
    5.5249 0.4737 1
  7.094 4 + 2
    5.54022 0.5 1
    7.094 0.5 0
  7.115 2 + 2
    1.92893 0.5 21
    2.94303 0.5 9
  7.132 6 - 2
    4.45709 0.5 2
    5.57822 0.5 1
  7.19 0 + 2
    5.63622 0.5 1
    7.19 0.5 0
  7.21 6 - 2
    4.53509 0.5 2
    5.65622 0.5 1
  7.23216 4 + 2
    1.85225 0.7692 24
    5.67838 0.2308 1
  7.249 2 - 2
    5.69522 0.5 1
    7.249 0.5 0
  7.28 4 - 2
    3.10803 0.5 9
    3.3051 0.5 6
  7.293 12 + 2
    4.09429 0.5 3
    4.61809 0.5 2
  7.335 4 + 2
    5.78122 0.5 1
    7.335 0.5 0
  7.387 6 - 2
    4.71209 0.5 2
    5.83322 0.5 1
  7.407 2 - 2
    5.85322 0.5 1
    7.407 0.5 0
  7.447 0 + 2
    5.89322 0.5 1
    7.447 0.5 0
  7.471 8 - 2
    3.29903 0.5 9
    3.4961 0.5 6
  7.48292 4 + 1
    5.92914 1 1
  7.536 6 - 2
    4.86109 0.5 2
    5.98222 0.5 1
  7.5395 2 + 1
    0.7355 1 68
  7.5725 20 + 1
    0.7685 1 68
  7.577 4 - 2
    3.40503 0.5 9
    3.6021 0.5 6
  7.605 6 - 2
    4.93009 0.5 2
    6.05122 0.5 1
  7.631 2 + 2
    2.44493 0.5 21
    3.45903 0.5 9
  7.667 4 + 2
    6.11322 0.5 1
    7.667 0.5 0
  7.699 6 - 2
    5.02409 0.5 2
    6.14522 0.5 1
  7.734 8 - 2
    3.56203 0.5 9
    3.7591 0.5 6
  7.808 0 + 2
    6.25422 0.5 1
    7.808 0.5 0
  7.862 2 - 2
    6.30822 0.5 1
    7.862 0.5 0
  7.925 10 - 2
    4.72629 0.5 3
    5.25009 0.5 2
  7.941 4 + 2
    6.38722 0.5 1
    7.941 0.5 0
  8.035 8 + 2
    5.36009 0.5 2
    6.48122 0.5 1
  8.074 2 + 2
    2.88793 0.5 21
    3.90203 0.5 9
  8.148 4 - 2
    3.97603 0.5 9
    4.1731 0.5 6
  8.205 6 - 2
    5.53009 0.5 2
    6.65122 0.5 1
  8.238 0 + 2
    6.68422 0.5 1
    8.238 0.5 0
  8.2577 2 - 1
    1.7171 1 59
  8.287 6 - 2
    5.61209 0.5 2
    6.73322 0.5 1
  8.407 4 + 2
    6.85322 0.5 1
    8.407 0.5 0
  8.444 8 + 2
    5.76909 0.5 2
    6.89022 0.5 1
  8.56 2 + 2
    3.37393 0.5 21
    4.38803 0.5 9
  8.578 6 - 2
    5.90309 0.5 2
    7.02422 0.5 1
  8.606 2 + 2
    3.41993 0.5 21
    4.43403 0.5 9
  8.64 4 - 2
    4.46803 0.5 9
    4.6651 0.5 6
  8.726 4 - 2
    4.55403 0.5 9
    4.7511 0.5 6
  8.755 10 + 2
    4.58303 0.5 9
    4.7801 0.5 6
  8.7935 22 + 1
    1.221 1 95
  8.81 2 + 2
    3.62393 0.5 21
    4.63803 0.5 9
  8.815 6 - 2
    6.14009 0.5 2
    7.26122 0.5 1
  8.87 4 + 2
    7.31622 0.5 1
    8.87 0.5 0
  8.881 8 - 2
    4.70903 0.5 9
    4.9061 0.5 6
  8.971 6 - 2
    6.29609 0.5 2
    7.41722 0.5 1
  9.03 2 + 2
    3.84393 0.5 21
    4.85803 0.5 9
  9.05 4 - 2
    4.87803 0.5 9
    5.0751 0.5 6
  9.061 0 - 2
    3.266 0.5 37
    3.344 0.5 34
  9.127 8 + 2
    6.45209 0.5 2
    7.57322 0.5 1
  9.188 4 - 2
    5.01603 0.5 9
    5.2131 0.5 6
  9.21 2 + 2
    4.02393 0.5 21
    5.03803 0.5 9
  9.232 0 - 2
    3.437 0.5 37
    3.515 0.5 34
  9.24 12 + 2
    6.04129 0.5 3
    6.56509 0.5 2
  9.28 4 - 2
    5.10803 0.5 9
    5.3051 0.5 6
  9.282 2 + 2
    4.09593 0.5 21
    5.11003 0.5 9
  9.339 6 - 2
    6.66409 0.5 2
    7.78522 0.5 1
  9.367 2 + 2
    4.18093 0.5 21
    5.19503 0.5 9
  9.391 8 + 2
    6.71609 0.5 2
    7.83722 0.5 1
  9.442 4 - 2
    5.27003 0.5 9
    5.4671 0.5 6
  9.504 10 - 2
    6.30529 0.5 3
    6.82909 0.5 2
  9.508 0 + 2
    7.95422 0.5 1
    9.508 0.5 0
  9.55 4 - 2
    5.37803 0.5 9
    5.5751 0.5 6
  9.614 2 + 2
    4.42793 0.5 21
    5.44203 0.5 9
  9.752 6 - 2
    7.07709 0.5 2
    8.19822 0.5 1
  9.79 2 + 2
    4.60393 0.5 21
    5.61803 0.5 9
  9.809 4 - 2
    5.63703 0.5 9
    5.8341 0.5 6
  9.842 8 + 2
    7.16709 0.5 2
    8.28822 0.5 1
  9.909 6 - 2
    7.23409 0.5 2
    8.35522 0.5 1
  9.964 2 + 2
    4.77793 0.5 21
    5.79203 0.5 9
  9.999 6 - 2
    7.32409 0.5 2
    8.44522 0.5 1
  10.0235 4 + 2
    8.46972 0.5 1
    10.0235 0.5 0
  10.047 2 + 2
    4.86093 0.5 21
    5.87503 0.5 9
  10.14 0 - 2
    4.345 0.5 37
    4.423 0.5 34
  10.17 2 + 2
    4.98393 0.5 21
    5.99803 0.5 9
  10.205 2 + 2
    5.01893 0.5 21
    6.03303 0.5 9
  10.237 4 - 2
    6.06503 0.5 9
    6.2621 0.5 6
  10.357 2 + 2
    5.17093 0.5 21
    6.18503 0.5 9
  10.38 8 - 2
    6.20803 0.5 9
    6.4051 0.5 6
  10.472 2 + 2
    5.28593 0.5 21
    6.30003 0.5 9
  10.495 6 - 2
    7.82009 0.5 2
    8.94122 0.5 1
  10.54 4 - 2
    6.36803 0.5 9
    6.5651 0.5 6
  10.58 2 + 2
    5.39393 0.5 21
    6.40803 0.5 9
  10.66 2 + 2
    5.47393 0.5 21
    6.48803 0.5 9
  10.8 2 + 2
    5.61393 0.5 21
    6.62803 0.5 9
  10.87 4 - 2
    6.69803 0.5 9
    6.8951 0.5 6
  10.9 4 + 2
    9.34622 0.5 1
    10.9 0.5 0
  10.91 2 + 2
    5.72393 0.5 21
    6.73803 0.5 9
  10.9392 8 - 20
    3.45628 0.031821 92
    3.70704 0.018692 83
    3.86052 0.006159 77
    3.90983 0.004343 74
    4.0902 0.024412 70
    4.1016 0.02594 69
    4.20938 0.030896 66
    4.22867 0.123714 65
    4.41784 0.056631 58
    4.53943 0.009182 55
    4.55937 0.016658 53
    4.63744 0.056631 52
    4.78276 0.004343 48
    4.81609 0.033054 46
    4.99276 0.138559 42
    5.13269 0.006213 38
    5.24437 0.016879 33
    5.39142 0.060483 28
    5.55929 0.189693 24
    5.75313 0.145699 21
  10.9429 6 - 2
    8.26799 0.5 2
    9.38912 0.5 1
  10.9439 10 - 2
    7.74519 0.5 3
    8.26899 0.5 2
  10.9467 0 - 2
    5.1517 0.5 37
    5.2297 0.5 34
  10.9488 8 - 2
    6.77678 0.5 9
    6.97385 0.5 6
  10.95 2 + 2
    5.76393 0.5 21
    6.77803 0.5 9
  10.9521 4 - 2
    6.78013 0.5 9
    6.9772 0.5 6
  10.9539 6 + 2
    6.78188 0.5 9
    6.97895 0.5 6
  10.9548 4 - 2
    6.78283 0.5 9
    6.9799 0.5 6
  10.9559 6 + 2
    6.78393 0.5 9
    6.981 0.5 6
  10.9574 4 - 2
    6.78543 0.5 9
    6.9825 0.5 6
  10.9593 6 - 2
    8.28434 0.5 2
    9.40547 0.5 1
  10.9606 6 - 2
    8.28569 0.5 2
    9.40682 0.5 1
  10.9617 0 + 2
    9.40792 0.5 1
    10.9617 0.5 0
  10.9631 6 - 2
    8.28819 0.5 2
    9.40932 0.5 1
  10.9645 4 + 2
    9.41072 0.5 1
    10.9645 0.5 0
  10.9659 8 - 2
    6.79393 0.5 9
    6.991 0.5 6
  10.9675 10 + 2
    6.79548 0.5 9
    6.99255 0.5 6
  10.968 4 + 2
    9.41422 0.5 1
    10.968 0.5 0
  10.9687 8 + 2
    8.29379 0.5 2
    9.41492 0.5 1
  10.9692 0 - 2
    5.1742 0.5 37
    5.2522 0.5 34
  10.97 4 + 2
    9.41622 0.5 1
    10.97 0.5 0
  10.9709 12 - 2
    6.09024 0.5 17
    6.99602 0.5 6
  10.9718 8 - 2
    6.79978 0.5 9
    6.99685 0.5 6
  10.9726 10 + 2
    6.80063 0.5 9
    6.9977 0.5 6
  10.9738 4 + 2
    9.42002 0.5 1
    10.9738 0.5 0
  10.9751 6 - 2
    8.30021 0.5 2
    9.42135 0.5 1
  10.9757 4 + 2
    9.42187 0.5 1
    10.9757 0.5 0
  10.9761 0 - 2
    5.1811 0.5 37
    5.2591 0.5 34
  10.9768 8 - 2
    6.80483 0.5 9
    7.0019 0.5 6
  10.9808 6 + 2
    6.80883 0.5 9
    7.0059 0.5 6
  10.9818 4 + 2
    9.42798 0.5 1
    10.9818 0.5 0
  10.9825 8 + 2
    8.30762 0.5 2
    9.42875 0.5 1
  10.9832 6 + 2
    6.81128 0.5 9
    7.00835 0.5 6
  10.9842 6 + 2
    6.81223 0.5 9
    7.0093 0.5 6
  10.9879 6 + 2
    6.81593 0.5 9
    7.013 0.5 6
  10.9887 2 - 2
    9.43497 0.5 1
    10.9887 0.5 0
  10.9891 10 + 2
    6.81713 0.5 9
    7.0142 0.5 6
  10.9896 6 - 2
    8.31469 0.5 2
    9.43582 0.5 1
  10.9907 4 - 2
    6.81873 0.5 9
    7.0158 0.5 6
  10.9913 2 - 2
    9.43752 0.5 1
    10.9913 0.5 0
  10.9949 8 - 2
    6.82293 0.5 9
    7.02 0.5 6
  10.9964 4 - 2
    6.82443 0.5 9
    7.0215 0.5 6
  10.9973 0 + 2
    9.44356 0.5 1
    10.9973 0.5 0
  10.998 2 - 2
    9.44421 0.5 1
    10.998 0.5 0
  10.9986 6 - 2
    8.32367 0.5 2
    9.4448 0.5 1
  10.9992 4 + 2
    9.44537 0.5 1
    10.9992 0.5 0
  11 2 + 2
    5.81393 0.5 21
    6.82803 0.5 9
  11.0011 6 - 2
    8.32619 0.5 2
    9.44732 0.5 1
  11.0033 4 + 2
    9.44957 0.5 1
    11.0033 0.5 0
  11.0054 6 - 2
    8.33049 0.5 2
    9.45162 0.5 1
  11.0078 4 + 2
    9.45402 0.5 1
    11.0078 0.5 0
  11.0097 2 - 2
    9.45592 0.5 1
    11.0097 0.5 0
  11.0112 0 + 2
    9.45737 0.5 1
    11.0112 0.5 0
  11.0124 4 - 2
    6.84043 0.5 9
    7.0375 0.5 6
  11.0143 8 - 2
    6.84233 0.5 9
    7.0394 0.5 6
  11.0155 2 + 2
    5.82943 0.5 21
    6.84353 0.5 9
  11.023 10 + 2
    6.85103 0.5 9
    7.0481 0.5 6
  11.03 4 - 2
    6.85803 0.5 9
    7.0551 0.5 6
  11.0338 6 - 2
    8.35889 0.5 2
    9.48002 0.5 1
  11.0434 6 - 2
    8.36849 0.5 2
    9.48962 0.5 1
  11.07 2 + 2
    5.88393 0.5 21
    6.89803 0.5 9
  11.0752 8 - 2
    6.90323 0.5 9
    7.1003 0.5 6
  11.082 6 - 2
    8.40709 0.5 2
    9.52822 0.5 1
  11.0873 6 - 2
    8.41239 0.5 2
    9.53352 0.5 1
  11.0883 8 - 2
    6.91633 0.5 9
    7.1134 0.5 6
  11.1063 8 - 2
    6.93433 0.5 9
    7.1314 0.5 6
  11.108 8 - 2
    6.93603 0.5 9
    7.1331 0.5 6
  11.1118 8 - 2
    6.93983 0.5 9
    7.1369 0.5 6
  11.1202 6 - 2
    8.44529 0.5 2
    9.56642 0.5 1
  11.1221 8 - 2
    6.95018 0.5 9
    7.14725 0.5 6
  11.1231 6 - 2
    8.44819 0.5 2
    9.56932 0.5 1
  11.13 4 + 2
    9.57622 0.5 1
    11.13 0.5 0
  11.1322 8 - 2
    6.96023 0.5 9
    7.1573 0.5 6
  11.1435 6 - 2
    8.46859 0.5 2
    9.58972 0.5 1
  11.1508 8 - 2
    6.97883 0.5 9
    7.1759 0.5 6
  11.1592 6 - 2
    8.48429 0.5 2
    9.60542 0.5 1
  11.1734 8 - 2
    7.00143 0.5 9
    7.1985 0.5 6
  11.19 2 + 2
    6.00393 0.5 21
    7.01803 0.5 9
  11.22 4 + 2
    9.66622 0.5 1
    11.22 0.5 0
  11.29 6 + 2
    7.11803 0.5 9
    7.3151 0.5 6
  11.31 4 + 2
    9.75622 0.5 1
    11.31 0.5 0
  11.35 2 + 2
    6.16393 0.5 21
    7.17803 0.5 9
  11.42 4 - 2
    7.24803 0.5 9
    7.4451 0.5 6
  11.61 2 + 2
    6.42393 0.5 21
    7.43803 0.5 9
  11.83 4 - 2
    7.65803 0.5 9
    7.8551 0.5 6
  13.83 4 + 2
    12.2762 0.5 1
    13.83 0.5 0
  15.39 2 + 2
    10.2039 0.5 21
    11.218 0.5 9
  16.01 0 + 2
    14.4562 0.5 1
    16.01 0.5 0
  16.58 0 + 2
    15.0262 0.5 1
    16.58 0.5 0

22 51 40
  0 3 - 0
  1.1667 1 - 1
    1.1667 1 0
  1.4373 7 - 1
    1.4373 1 0
  1.5675 5 - 1
    1.5675 1 0
  2.144 5 - 4
    0.5765 0.090965 3
    0.7067 0.025729 2
    0.9773 0.017149 1
    2.144 0.866157 0
  2.1981 3 - 3
    0.6306 0.1987 3
    1.0314 0.1391 1
    2.1981 0.6622 0
  2.3446 11 - 1
    0.9073 1 2
  2.6914 7 - 3
    1.1239 0.693 3
    1.2541 0.194 2
    2.6914 0.113 0
  2.7312 9 - 3
    0.3866 0.221098 6
    1.1637 0.03991 3
    1.2939 0.738993 2
  2.7542 15 - 1
    0.4096 1 6
  2.9058 1 - 3
    0.7077 0.2817 5
    1.7391 0.4695 1
    2.9058 0.2488 0
  2.9193 7 - 4
    0.7753 0.1577 4
    1.3518 0.1849 3
    1.482 0.5438 2
    2.9193 0.1136 0
  3.0623 9 - 3
    0.3311 0.2139 8
    0.7177 0.533 6
    1.625 0.2531 2
  3.1738 3 - 3
    0.9757 0.112906 5
    2.0071 0.080654 1
    3.1738 0.80644 0
  3.2374 7 - 1
    1.8001 1 2
  3.6185 7 - 4
    0.8873 0.0643 8
    1.4745 0.1496 4
    2.051 0.6365 3
    2.1812 0.1496 2
  3.6441 13 - 1
    0.8899 1 9
  3.7713 9 + 2
    1.4267 0.4286 6
    2.334 0.5714 2
  4.022 7 - 2
    2.5847 0.5 2
    4.022 0.5 0
  4.095 7 - 2
    1.0327 0.6494 12
    1.7504 0.3506 6
  4.172 5 + 2
    2.7347 0.5 2
    4.172 0.5 0
  4.1866 7 - 1
    2.6191 1 3
  4.47 3 + 2
    2.9025 0.5 3
    3.3033 0.5 1
  4.569 1 - 2
    3.0015 0.5 3
    3.4023 0.5 1
  4.602 5 + 2
    3.1647 0.5 2
    4.602 0.5 0
  4.757 3 + 2
    3.1895 0.5 3
    3.5903 0.5 1
  4.82 1 + 2
    2.6219 0.5 5
    4.82 0.5 0
  4.882 1 + 2
    2.6839 0.5 5
    4.882 0.5 0
  4.94005 5 - 1
    2.79605 1 4
  4.998 3 + 2
    3.4305 0.5 3
    3.8313 0.5 1
  5.013 5 + 2
    3.5757 0.5 2
    5.013 0.5 0
  5.102 3 + 2
    3.5345 0.5 3
    3.9353 0.5 1
  5.149 7 - 2
    3.7117 0.5 2
    5.149 0.5 0
  5.224 5 + 2
    3.7867 0.5 2
    5.224 0.5 0
  5.42 3 + 2
    3.8525 0.5 3
    4.2533 0.5 1
  5.54 5 + 2
    4.1027 0.5 2
    5.54 0.5 0
  5.78 3 + 2
    4.2125 0.5 3
    4.6133 0.5 1
  5.95 1 + 2
    3.7519 0.5 5
    5.95 0.5 0
  6.14 5 + 2
    4.7027 0.5 2
    6.14 0.5 0
  6.25 3 + 2
    4.6825 0.5 3
    5.0833 0.5 1

22 52 29
  0 0 + 0
  1.04973 4 + 1
    1.04973 1 0
  2.2642 4 + 2
    1.21447 0.885 1
    2.2642 0.115 0
  2.31765 8 + 1
    1.26792 1 1
  2.43162 4 + 1
    1.38189 1 1
  3.02875 12 + 1
    0.7111 1 3
  3.1432 2 - 1
    2.09347 1 1
  3.3499 8 + 1
    1.03225 1 3
  3.4527 6 - 1
    1.13505 1 3
  3.5888 4 + 4
    1.15718 0.121595 4
    1.3246 0.552478 2
    2.53907 0.24859 1
    3.5888 0.077337 0
  3.872 6 - 2
    1.6078 0.5 2
    2.82227 0.5 1
  3.9222 4 + 4
    1.49058 0.273084 4
    1.658 0.290783 2
    2.87247 0.354579 1
    3.9222 0.081555 0
  4.0223 2 - 2
    1.7581 0.6135 2
    2.97257 0.3865 1
  4.058 8 + 2
    1.7938 0.5 2
    3.00827 0.5 1
  4.0776 4 - 1
    1.64598 1 4
  4.098 2 - 2
    3.04827 0.5 1
    4.098 0.5 0
  4.212 2 - 2
    3.16227 0.5 1
    4.212 0.5 0
  4.2861 12 + 1
    1.96845 1 3
  4.2878 16 + 1
    1.25905 1 5
  4.324 2 - 2
    3.27427 0.5 1
    4.324 0.5 0
  4.4779 6 - 2
    1.0252 0.3902 8
    1.128 0.6098 7
  4.691 10 - 2
    1.66225 0.5 5
    2.37335 0.5 3
  4.7866 4 + 2
    2.46895 0.7937 3
    3.73687 0.2063 1
  4.823 6 - 2
    2.5588 0.5 2
    3.77327 0.5 1
  4.909 0 - 1
    0.8314 1 14
  5.01 6 - 2
    2.7458 0.5 2
    3.96027 0.5 1
  6.6912 20 + 1
    2.4034 1 18
  8.8552 2 - 1
    2.164 1 26
  9.0862 10 + 2
    0.231 0.5 27
    2.395 0.5 26

22 53 12
  0 3 - 0
  1.23706 5 - 1
    1.23706 1 0
  1.57628 7 - 2
    0.33922 0.2483 1
    1.57628 0.7517 0
  2.20584 9 - 2
    0.62956 0.904991 2
    0.96878 0.095009 1
  2.4981 11 - 2
    0.29226 0.8548 3
    0.92182 0.1452 2
  2.7559 13 - 1
    0.2578 1 4
  3.1431 15 - 1
    0.3872 1 5
  4.8023 17 - 1
    1.6592 1 6
  5.7294 17 - 1
    2.5863 1 6
  6.0567 21 - 1
    1.2544 1 7
  6.631 1 + 2
    0.5743 0.1667 9
    0.901601 0.8333 8
  8.1317 3 + 1
    1.5007 1 10

22 54 10
  0 0 + 0
  1.4948 4 + 1
    1.4948 1 0
  2.496 8 + 1
    1.0012 1 1
  2.5158 4 + 1
    1.021 1 1
  2.936 12 + 1
    0.44 1 2
  5.1111 14 + 1
    2.1751 1 4
  5.4591 16 + 2
    0.348 0.5 5
    2.5231 0.5 4
  5.9031 16 + 1
    2.9671 1 4
  6.1871 18 + 2
    0.284 0.5 7
    0.728 0.5 6
  6.4321 20 + 1
    0.245 1 8

22 55 1
  0 1 - 0

22 56 5
  0 0 + 0
  1.1282 4 + 1
    1.1282 1 0
  2.2882 8 + 1
    1.16 1 1
  2.9784 12 + 1
    0.6902 1 2
  4.2098 2 + 1
    1.2314 1 3

22 57 1
  0 5 - 0

22 58 2
  0 0 + 0
  1.046 4 + 1
    1.046 1 0

22 59 1
  0 5 - 0

22 60 1
  0 0 + 0

22 61 1
  0 1 - 0

22 62 1
  0 0 + 0

22 63 1
  0 9 + 0

