81 176 1
  0 2 - 0

81 177 2
  0 1 + 0
  0.807 11 - 1
    0.807 1 0

81 178 1
  0 0 - 0

81 179 1
  0 1 + 0

81 180 1
  0 0 - 0

81 181 24
  0 1 + 0
  0.258 3 + 1
    0.258 1 0
  0.8359 9 - 1
    0.5779 1 1
  1.031 1 + 2
    0.773 0.5 1
    1.031 0.5 0
  1.223 13 - 1
    0.3871 1 2
  1.251 5 + 1
    0.22 1 3
  1.265 11 - 1
    0.4291 1 2
  1.296 11 - 1
    0.4601 1 2
  1.531 17 - 1
    0.308 1 4
  1.548 9 + 1
    0.297 1 5
  1.62 15 - 1
    0.355 1 6
  1.646 15 - 1
    0.35 1 7
  1.911 21 - 1
    0.38 1 8
  1.924 13 + 1
    0.376 1 9
  2.028 19 - 1
    0.408 1 10
  2.058 19 - 1
    0.412 1 11
  2.362 25 - 1
    0.451 1 12
  2.367 17 + 1
    0.443 1 13
  2.503 23 - 1
    0.475 1 14
  2.536 23 - 1
    0.478 1 15
  2.863 29 - 1
    0.501 1 16
  3.028 27 - 1
    0.525 1 18
  3.074 27 - 1
    0.538 1 19
  3.657 27 - 1
    0.583 1 22

81 182 1
  0 14 + 0

81 183 13
  0 1 + 0
  0.25 3 + 1
    0.25 1 0
  0.63 9 - 1
    0.63 1 0
  0.9074 11 - 1
    0.2774 1 2
  0.9768 13 + 2
    0.0694 0.1419 3
    0.3468 0.8581 2
  1.0975 11 - 1
    0.4675 1 2
  1.1369 17 + 1
    0.1601 1 4
  1.397 21 + 1
    0.2601 1 6
  1.752 25 + 1
    0.355 1 7
  2.1914 29 + 1
    0.4394 1 8
  2.706 33 + 1
    0.5146 1 9
  3.2884 37 + 1
    0.5824 1 10
  3.915 41 + 1
    0.6266 1 11

81 184 1
  0 10 + 0

81 185 25
  0 1 + 0
  0.184 3 + 1
    0.184 1 0
  0.286 3 + 1
    0.286 1 0
  0.4548 9 - 1
    0.1688 1 2
  0.578 11 - 1
    0.578 1 0
  0.7706 9 - 1
    0.3158 1 3
  0.8622 11 - 1
    0.4074 1 3
  0.9833 13 - 1
    0.2127 1 5
  1.0045 13 + 2
    0.1423 0.905736 6
    0.5497 0.094264 3
  1.0118 5 + 1
    0.557 1 3
  1.2116 17 + 1
    0.2071 1 8
  1.2868 17 - 1
    0.3035 1 7
  1.3763 13 - 1
    0.3645 1 9
  1.4818 21 + 1
    0.2702 1 10
  1.6658 21 - 1
    0.379 1 11
  1.7926 7 + 1
    0.4163 1 12
  1.8447 25 + 1
    0.3629 1 13
  2.119 25 - 1
    0.4532 1 14
  2.2768 5 + 1
    0.4842 1 15
  2.2896 29 + 1
    0.4449 1 16
  2.642 7 - 1
    0.523 1 17
  2.8069 33 + 1
    0.5173 1 19
  3.3881 37 + 1
    0.5812 1 21
  4.0101 41 + 1
    0.622 1 22
  4.6724 45 + 1
    0.6623 1 23

81 186 2
  0 14 + 0
  0.474 20 - 1
    0.474 1 0

81 187 53
  0 1 + 0
  0.29933 3 + 1
    0.29933 1 0
  0.334 9 - 1
    0.03467 1 1
  0.6778 5 - 1
    0.3438 1 2
  0.7281 11 - 1
    0.3941 1 2
  0.74787 5 + 2
    0.44854 0.5874 1
    0.74787 0.4126 0
  0.8718 7 + 1
    0.194 1 3
  0.9509 11 - 1
    0.6169 1 2
  0.99634 13 - 2
    0.26824 0.2189 4
    0.66234 0.7811 2
  1.05965 13 + 2
    0.33155 0.96579 4
    0.72565 0.03421 2
  1.0726 7 + 1
    0.3445 1 4
  1.2049 3 - 1
    0.4768 1 4
  1.2608 13 - 1
    0.3099 1 7
  1.37451 9 + 1
    0.64641 1 4
  1.4257 15 - 2
    0.1649 0.4429 12
    0.4748 0.5571 7
  1.43323 15 - 2
    0.43689 0.4879 8
    0.70513 0.5121 4
  1.44453 15 - 2
    0.44819 0.444 8
    0.71643 0.556 4
  1.44746 17 - 2
    0.24256 0.1338 11
    0.45112 0.8662 8
  1.45245 17 + 1
    0.3928 1 9
  1.46385 15 + 1
    0.4042 1 9
  1.5859 15 - 1
    0.3251 1 12
  1.6309 5 + 1
    0.25639 1 13
  1.7298 17 - 2
    0.3041 0.6189 14
    0.469 0.3811 12
  1.73795 21 + 1
    0.2855 1 18
  1.82203 19 - 1
    0.3888 1 15
  1.838 17 + 2
    0.37415 0.7472 19
    0.77835 0.2528 9
  1.87476 21 - 1
    0.4273 1 17
  1.9307 7 + 1
    0.2998 1 21
  1.9486 17 - 1
    0.3627 1 20
  2.10425 25 + 1
    0.3663 1 23
  2.2547 3 + 1
    0.324 1 27
  2.2758 23 - 1
    0.45377 1 24
  2.3007 5 + 1
    0.56275 1 23
  2.36316 25 - 1
    0.4884 1 26
  2.4392 7 + 1
    0.56444 1 26
  2.54685 29 + 1
    0.4426 1 29
  2.5825 9 + 1
    0.47825 1 29
  2.6399 5 - 1
    0.53565 1 29
  2.6736 3 + 1
    0.79884 1 26
  2.7929 27 - 1
    0.5171 1 31
  2.90946 29 - 1
    0.5463 1 33
  2.9478 7 + 1
    0.58464 1 33
  3.0575 33 + 1
    0.51065 1 35
  3.3636 31 - 1
    0.5707 1 39
  3.4853 9 + 1
    0.57584 1 40
  3.5109 33 - 1
    0.60144 1 40
  3.6274 37 + 1
    0.5699 1 42
  3.7447 5 - 1
    0.6872 1 42
  3.9755 35 - 1
    0.6119 1 43
  4.1385 37 - 1
    0.6276 1 45
  4.248 41 + 1
    0.6206 1 46
  4.9104 45 + 1
    0.6624 1 50
  5.608 49 + 1
    0.6976 1 51

81 188 2
  0 4 - 0
  0.2 14 + 1
    0.2 1 0

81 189 82
  0 1 + 0
  0.281 9 - 1
    0.281 1 0
  0.3188 3 + 1
    0.3188 1 0
  0.46357 3 + 1
    0.46357 1 0
  0.59979 9 - 1
    0.31879 1 1
  0.6673 11 - 1
    0.3863 1 1
  0.706115 3 - 1
    0.706115 1 0
  0.7447 7 - 1
    0.4637 1 1
  0.88554 5 - 2
    0.179425 0.4003 6
    0.42197 0.5997 3
  0.98137 13 - 2
    0.31407 0.4309 5
    0.70037 0.5691 1
  1.02812 13 - 2
    0.42833 0.5357 4
    0.74712 0.4643 1
  1.0326 5 + 1
    0.326485 1 6
  1.0625 9 - 2
    0.3178 0.6297 7
    0.7815 0.3703 1
  1.10543 11 - 3
    0.36073 0.051737 7
    0.43813 0.080806 5
    0.82443 0.867457 1
  1.14751 13 + 2
    0.16614 0.081554 9
    0.48021 0.918446 5
  1.22779 11 - 3
    0.16529 0.2121 12
    0.48309 0.5481 7
    0.56049 0.2398 5
  1.325 13 - 2
    0.6577 0.6759 5
    1.044 0.3241 1
  1.33227 11 - 2
    0.26977 0.3819 12
    0.58757 0.6181 7
  1.3689 7 + 1
    1.0501 1 2
  1.38878 11 - 3
    0.28335 0.075437 13
    0.32628 0.158894 12
    0.64408 0.765669 7
  1.40876 15 - 2
    0.42739 0.389 9
    0.74146 0.611 5
  1.42094 5 + 1
    0.82115 1 4
  1.461 13 - 1
    0.35557 1 13
  1.4643 7 + 1
    0.86451 1 4
  1.4898 5 + 1
    1.171 1 2
  1.49251 11 - 2
    0.43001 0.8915 12
    0.74781 0.1085 7
  1.5329 7 + 2
    0.42747 0.915254 13
    0.7882 0.084746 7
  1.54638 15 + 1
    0.39887 1 14
  1.5532 1 + 2
    0.4907 0.2161 12
    0.8859 0.7839 5
  1.6149 3 + 2
    0.19396 0.6296 21
    1.01511 0.3704 4
  1.64566 17 - 1
    0.66429 1 9
  1.7167 5 + 1
    1.3979 1 2
  1.7457 7 + 2
    0.19932 0.5 27
    0.33694 0.5 20
  1.7526 9 + 2
    0.42033 0.5423 17
    0.6901 0.4577 12
  1.75681 17 - 3
    0.29251 0.1453 23
    0.33587 0.1518 21
    0.72869 0.7029 10
  1.7612 3 + 3
    0.42893 0.2817 17
    0.61369 0.4575 14
    1.0939 0.2608 5
  1.7832 13 - 1
    0.45093 1 17
  1.8126 5 + 3
    0.3483 0.1701 23
    0.39166 0.5129 21
    0.78448 0.317 10
  1.82973 17 + 2
    0.28335 0.3822 27
    0.68222 0.6178 14
  1.845 17 - 3
    0.19934 0.333333 30
    0.43624 0.333333 20
    0.86363 0.333333 9
  1.8614 7 + 2
    0.5364 0.6176 16
    0.88003 0.3824 9
  1.865 9 + 1
    1.1977 1 5
  1.878 1 - 3
    0.73049 0.19568 14
    0.89663 0.369563 9
    1.2107 0.434757 5
  1.8939 5 + 1
    0.361 1 26
  1.9596 3 - 2
    0.81209 0.2063 14
    0.97823 0.7937 9
  1.9622 7 + 2
    0.4979 0.2743 23
    0.93408 0.7257 10
  1.9953 17 + 1
    0.44892 1 27
  2.0063 9 - 2
    0.24949 0.4521 34
    0.542 0.5479 23
  2.0253 5 - 1
    0.91987 1 13
  2.1476 19 - 1
    0.50194 1 30
  2.1634 19 - 1
    0.3184 1 39
  2.1745 7 + 2
    1.02699 0.3333 14
    1.5072 0.6667 5
  2.185 3 + 4
    0.3724 0.0867 37
    0.42819 0.4986 34
    0.7207 0.1382 23
    0.86 0.2765 16
  2.2134 1 + 1
    1.10797 1 13
  2.2371 21 + 1
    0.40737 1 38
  2.27265 5 - 1
    0.72627 1 27
  2.3081 9 - 1
    0.5624 1 32
  2.36425 19 + 1
    0.53452 1 38
  2.4203 7 - 1
    0.956 1 23
  2.5007 21 - 3
    0.3373 0.333333 50
    0.6557 0.333333 39
    0.85504 0.333333 30
  2.6325 25 + 1
    0.3954 1 54
  2.6496 23 - 1
    0.502 1 49
  2.6686 23 - 1
    0.521 1 49
  2.698 23 - 2
    0.1973 0.5 59
    0.5346 0.5 50
  2.7884 25 - 1
    0.1388 1 61
  3.0253 27 - 2
    0.2369 0.8277 64
    0.3757 0.1723 61
  3.0949 29 + 1
    0.4624 1 60
  3.2536 27 - 1
    0.585 1 62
  3.2775 29 - 1
    0.2522 1 65
  3.4429 3 + 1
    0.348 1 66
  3.627 31 - 2
    0.3495 0.5 68
    0.6017 0.5 65
  3.629 33 + 1
    0.5341 1 66
  3.9016 31 - 1
    0.648 1 67
  3.9578 33 - 2
    0.3308 0.5 70
    0.6803 0.5 68
  4.2321 37 + 1
    0.6031 1 71
  4.3599 35 - 2
    0.4021 0.5 73
    0.7329 0.5 70
  4.6056 35 - 1
    0.704 1 72
  4.7288 37 - 2
    0.3689 0.5 75
    0.771 0.5 73
  4.8961 41 + 1
    0.664001 1 74
  5.3616 39 - 1
    0.756 1 76
  5.6061 45 + 1
    0.71 1 78
  6.3331 49 + 1
    0.726999 1 80

81 190 2
  0 4 - 0
  0.2 14 + 1
    0.2 1 0

81 191 3
  0 1 + 0
  0.1 9 - 1
    0.1 1 0
  0.3412 3 + 1
    0.3412 1 0

81 192 17
  0 4 - 0
  0.156 14 + 1
    0.156 1 0
  0.16749 2 - 1
    0.16749 1 0
  0.2 6 + 1
    0.2 1 0
  0.37105 2 - 1
    0.37105 1 0
  0.407 16 - 1
    0.251 1 1
  0.41398 8 - 1
    0.41398 1 0
  0.427 18 - 1
    0.02 1 5
  0.51 20 - 1
    0.083 1 7
  0.77567 10 + 2
    0.40462 0.1569 4
    0.60818 0.8431 2
  0.786 22 - 2
    0.276 0.8617 8
    0.359 0.1383 7
  1.048 24 - 2
    0.262 0.7459 10
    0.538 0.2541 8
  1.19546 2 + 2
    0.78148 0.1523 6
    1.19546 0.8477 0
  1.444 26 - 2
    0.396 0.6087 11
    0.658 0.3913 10
  1.753 28 - 2
    0.309 0.3117 13
    0.705 0.6883 11
  2.211 30 - 2
    0.458 0.5 14
    0.767 0.5 13
  2.432 32 - 1
    0.221 1 15

81 193 3
  0 1 + 0
  0.3652 3 + 1
    0.3652 1 0
  0.4652 9 - 1
    0.1 1 1

81 194 31
  0 4 - 0
  0.1 14 + 1
    0.1 1 0
  0.19214 0 - 1
    0.19214 1 0
  0.20382 2 - 1
    0.20382 1 0
  0.22501 4 - 1
    0.22501 1 0
  0.2705 6 - 3
    0.04549 0.115712 4
    0.06668 0.161516 3
    0.2705 0.722772 0
  0.36776 2 - 4
    0.14275 0.070419 4
    0.16394 0.081288 3
    0.17562 0.073809 2
    0.36776 0.774485 0
  0.45992 4 - 4
    0.09216 0.0957 6
    0.18942 0.4676 5
    0.26778 0.0217 2
    0.45992 0.415 0
  0.52152 2 - 5
    0.15376 0.126689 6
    0.29651 0.098551 4
    0.3177 0.11019 3
    0.32938 0.030027 2
    0.52152 0.634543 0
  0.58916 4 - 3
    0.31866 0.5443 5
    0.38534 0.1988 3
    0.58916 0.2569 0
  0.75294 2 - 3
    0.52793 0.0339 4
    0.54912 0.3406 3
    0.75294 0.6255 0
  0.78578 2 - 4
    0.41802 0.107794 6
    0.56077 0.058037 4
    0.58196 0.817551 3
    0.78578 0.016619 0
  0.83328 2 - 6
    0.31176 0.131499 8
    0.37336 0.150299 7
    0.46552 0.068249 6
    0.62946 0.305297 3
    0.64114 0.273497 2
    0.83328 0.071159 0
  0.97901 8 + 5
    0.45749 0.238995 8
    0.61125 0.157997 6
    0.754 0.405092 4
    0.77519 0.108798 3
    0.78687 0.089118 2
  0.99843 2 - 5
    0.24549 0.070761 10
    0.63067 0.052131 6
    0.77342 0.102801 4
    0.79461 0.272403 3
    0.99843 0.501905 0
  1.01052 2 - 8
    0.25758 0.069151 10
    0.489 0.057451 8
    0.5506 0.040591 7
    0.64276 0.181104 6
    0.78551 0.064191 4
    0.8067 0.199104 3
    0.81838 0.170203 2
    1.01052 0.218204 0
  1.15201 2 - 3
    0.78425 0.155 6
    0.927 0.6137 4
    1.15201 0.2313 0
  1.17881 2 - 3
    0.39303 0.1409 11
    0.81105 0.3613 6
    1.17881 0.4978 0
  1.18756 6 + 4
    0.18913 0.041919 14
    0.66604 0.324493 8
    0.8198 0.426791 6
    0.96255 0.206796 4
  1.2722 10 + 2
    0.43892 0.367 12
    1.06838 0.633 3
  1.51934 2 + 6
    0.54033 0.017979 13
    0.68606 0.026289 12
    1.05942 0.162895 7
    1.29433 0.080008 4
    1.31552 0.023449 3
    1.51934 0.689379 0
  1.5531 8 + 2
    1.18534 0.4792 6
    1.34928 0.5208 3
  1.6028 6 + 1
    1.6028 1 0
  1.63907 2 - 5
    0.62855 0.078855 15
    0.85329 0.212187 11
    1.27131 0.359278 6
    1.41406 0.107594 4
    1.63907 0.242085 0
  1.70761 2 - 4
    1.11845 0.437239 9
    1.33985 0.235821 6
    1.4826 0.270324 4
    1.51547 0.056615 2
  1.72297 12 + 2
    1.20145 0.2366 8
    1.72297 0.7634 0
  1.75313 10 + 2
    1.23161 0.3464 8
    1.54931 0.6536 3
  1.81046 2 + 3
    1.58545 0.1615 4
    1.61832 0.2174 2
    1.81046 0.6211 0
  1.8588 8 + 2
    0.21973 0.7059 23
    1.65498 0.2941 3
  2.1927 6 + 3
    0.55363 0.547745 23
    1.67118 0.133787 8
    2.00056 0.318468 2
  2.3434 8 + 1
    2.3434 1 0

81 195 51
  0 1 + 0
  0.38366 3 + 1
    0.38366 1 0
  0.48263 9 - 1
    0.09897 1 1
  0.77755 5 + 2
    0.39389 0.6247 1
    0.77755 0.3753 0
  0.8111 5 - 1
    0.42744 1 1
  0.87669 11 - 1
    0.39406 1 2
  1.0797 5 + 1
    0.69604 1 1
  1.17379 11 - 1
    0.69116 1 2
  1.19012 13 - 2
    0.31343 0.394 5
    0.70749 0.606 2
  1.267 3 + 1
    0.88334 1 1
  1.2853 9 - 1
    0.50775 1 3
  1.36095 11 - 1
    0.87832 1 2
  1.378 1 + 1
    0.99434 1 1
  1.41068 11 - 3
    0.23689 0.012969 7
    0.53399 0.321478 5
    0.92805 0.665553 2
  1.4347 1 - 1
    1.05104 1 1
  1.48404 13 - 3
    0.29392 0.433696 8
    0.60735 0.488395 5
    1.00141 0.077909 2
  1.6127 7 + 2
    0.3457 0.1492 9
    0.83515 0.8508 3
  1.61642 7 + 3
    0.44263 0.438 7
    0.73973 0.181 5
    1.13379 0.381 2
  1.61874 15 - 2
    0.42862 0.5477 8
    0.74205 0.4523 5
  1.6486 7 + 1
    0.87105 1 3
  1.6879 3 + 2
    0.2532 0.2248 14
    1.30424 0.7752 1
  1.72526 13 + 2
    0.84857 0.8992 5
    1.24263 0.1008 2
  1.8437 9 + 1
    1.46004 1 1
  1.8448 5 - 3
    0.1962 0.3493 19
    0.5778 0.1722 9
    1.06725 0.4785 3
  1.92446 17 - 2
    0.30572 0.4397 18
    0.73434 0.5603 8
  1.94461 13 - 4
    0.32587 0.093357 18
    0.53393 0.066718 13
    0.75449 0.098647 8
    1.06792 0.741278 5
  1.99147 7 + 2
    0.63052 0.6186 11
    0.80135 0.3814 8
  2.0115 17 - 2
    0.39276 0.5853 18
    0.82138 0.4147 8
  2.0235 3 + 1
    0.53946 1 15
  2.0337 5 + 1
    0.84358 1 8
  2.0371 15 + 3
    0.41836 0.14 18
    0.55306 0.167 15
    0.84698 0.693 8
  2.1151 9 - 1
    0.63106 1 15
  2.1451 7 + 1
    0.41984 1 21
  2.2129 17 + 1
    0.1758 1 30
  2.3619 3 - 1
    0.87786 1 15
  2.3679 5 - 1
    0.74916 1 18
  2.4701 19 - 3
    0.4586 0.7343 27
    0.54564 0.1504 24
    0.85136 0.1153 18
  2.5296 19 + 2
    0.3167 0.8897 33
    0.4925 0.1103 30
  2.5815 7 + 2
    0.4664 0.2424 31
    1.39138 0.7576 8
  2.5874 21 - 3
    0.1173 0.4837 36
    0.5759 0.1533 27
    0.66294 0.363 24
  2.8407 21 + 2
    0.3111 0.7251 37
    0.6278 0.2749 33
  2.8611 23 - 1
    0.2737 1 39
  3.0598 25 - 2
    0.1987 0.7315 41
    0.4724 0.2685 39
  3.1571 27 - 1
    0.0973 1 42
  3.2019 23 + 1
    0.3612 1 40
  3.5139 25 + 1
    0.312 1 44
  3.7296 27 + 2
    0.2157 0.7618 45
    0.5277 0.2382 44
  3.8853 29 + 1
    0.1557 1 46
  4.0028 31 + 1
    0.1175 1 47
  4.1748 33 + 1
    0.172 1 48
  4.3933 35 + 1
    0.2185 1 49

81 196 17
  0 4 - 0
  0.1917 0 - 1
    0.1917 1 0
  0.2402 4 - 1
    0.2402 1 0
  0.2532 2 - 1
    0.2532 1 0
  0.2741 6 - 2
    0.0339 0.5 2
    0.2741 0.5 0
  0.3665 2 - 4
    0.1133 0.099741 3
    0.1263 0.064051 2
    0.1748 0.113301 1
    0.3665 0.722907 0
  0.3942 14 + 1
    0.1201 1 4
  0.4939 2 - 4
    0.1274 0.089991 5
    0.2407 0.114301 3
    0.3022 0.363404 1
    0.4939 0.432304 0
  0.6381 16 + 1
    0.2439 1 6
  0.7381 16 - 1
    0.3439 1 6
  0.7553 2 - 3
    0.5021 0.895591 3
    0.5151 0.0454 2
    0.7553 0.059009 0
  0.7995 18 - 1
    0.1614 1 8
  0.9542 2 - 3
    0.701 0.2852 3
    0.714 0.1211 2
    0.9542 0.5937 0
  1.2748 8 + 1
    0.4753 1 11
  1.5446 10 + 1
    0.7451 1 11
  1.9958 6 + 2
    0.4512 0.5261 14
    0.721 0.4739 13
  2.2228 8 + 2
    0.227 0.3464 15
    0.6782 0.6536 14

81 197 59
  0 1 + 0
  0.38577 3 + 1
    0.38577 1 0
  0.60822 9 - 1
    0.22245 1 1
  0.76117 5 + 2
    0.3754 0.5367 1
    0.76117 0.4633 0
  0.99585 11 - 1
    0.38763 1 2
  1.15596 3 + 3
    0.39479 0.2783 3
    0.77019 0.2936 1
    1.15596 0.4281 0
  1.25738 5 - 1
    0.87161 1 1
  1.28181 5 + 3
    0.52064 0.219304 3
    0.89604 0.723915 1
    1.28181 0.056781 0
  1.30386 13 - 2
    0.30801 0.2957 4
    0.69564 0.7043 2
  1.38253 11 - 1
    0.77431 1 2
  1.50166 9 - 2
    0.50581 0.3393 4
    0.89344 0.6607 2
  1.5534 13 - 1
    0.55755 1 4
  1.60518 5 + 2
    0.84401 0.6095 3
    1.21941 0.3905 1
  1.64701 5 + 3
    0.88584 0.080246 3
    1.26124 0.719464 1
    1.64701 0.20029 0
  1.66293 3 + 3
    0.90176 0.6063 3
    1.27716 0.2811 1
    1.66293 0.1126 0
  1.67463 5 + 3
    0.91346 0.2177 3
    1.28886 0.487 1
    1.67463 0.2953 0
  1.7199 15 - 2
    0.41604 0.4119 8
    0.72405 0.5881 4
  1.80306 11 - 2
    0.3014 0.7679 10
    1.19484 0.2321 2
  1.84933 5 + 1
    1.08816 1 3
  1.85402 5 + 2
    1.09285 0.3519 3
    1.85402 0.6481 0
  1.95364 11 - 4
    0.40024 0.029521 11
    0.64978 0.093353 8
    0.95779 0.763623 4
    1.34542 0.113503 2
  1.97016 5 + 1
    1.20899 1 3
  1.99451 13 - 3
    0.27461 0.1454 16
    0.49285 0.21 10
    0.99866 0.6446 4
  1.99906 11 - 1
    0.61653 1 9
  2.01066 13 - 4
    0.29076 0.524611 16
    0.62813 0.080702 9
    0.7068 0.378808 8
    1.01481 0.01588 4
  2.01891 17 - 2
    0.29901 0.2576 16
    0.71505 0.7424 8
  2.03342 13 - 3
    0.65089 0.5688 9
    1.03757 0.2305 4
    1.4252 0.2007 2
  2.04106 17 - 2
    0.32116 0.2634 16
    0.7372 0.7366 8
  2.07266 7 + 1
    0.81528 1 6
  2.11353 13 - 5
    0.39363 0.127797 16
    0.61187 0.156597 10
    0.80967 0.097478 8
    1.11768 0.596188 4
    1.50531 0.02194 2
  2.14471 15 + 2
    0.591305 0.8407 11
    0.840845 0.1593 8
  2.17503 7 + 1
    0.7925 1 9
  2.21829 7 + 1
    0.83576 1 9
  2.2666 17 + 1
    0.121895 1 30
  2.30278 7 + 1
    0.92025 1 9
  2.32755 9 - 1
    0.94502 1 9
  2.34557 3 + 3
    1.06376 0.089173 7
    1.5844 0.273908 3
    2.34557 0.636919 0
  2.36757 7 - 5
    0.41393 0.175489 20
    0.98504 0.215587 9
    1.06371 0.367678 8
    1.37172 0.157191 4
    1.75935 0.084055 2
  2.41199 9 + 1
    1.02946 1 9
  2.42649 19 - 3
    0.38543 0.1993 27
    0.40758 0.2612 25
    0.70659 0.5395 16
  2.42939 1 + 3
    1.14758 0.2471 7
    2.04362 0.5882 1
    2.42939 0.1647 0
  2.45688 3 - 2
    0.44622 0.4612 24
    1.07435 0.5388 9
  2.4625 19 + 2
    0.1959 0.9472 33
    0.317795 0.0528 30
  2.49885 7 - 3
    0.48819 0.701735 24
    0.49979 0.20241 23
    0.54521 0.095855 20
  2.5297 9 + 1
    0.2631 1 33
  2.56966 15 - 3
    0.5286 0.4556 27
    0.55075 0.2801 25
    0.57515 0.2643 22
  2.59749 21 - 3
    0.171 0.6885 39
    0.55643 0.113 27
    0.57858 0.1985 25
  2.78332 7 + 4
    0.82968 0.1685 20
    1.47946 0.5302 8
    1.78747 0.148 4
    2.1751 0.1533 2
  2.8016 21 + 2
    0.3391 0.8179 42
    0.535 0.1821 33
  2.82027 3 - 3
    1.51641 0.2718 8
    1.82442 0.5128 4
    2.21205 0.2154 2
  2.8612 23 - 1
    0.26371 1 46
  3.0677 25 - 2
    0.2065 0.8789 50
    0.47021 0.1211 46
  3.1475 23 + 2
    0.3459 0.7145 48
    0.685 0.2855 42
  3.1703 27 - 1
    0.1026 1 51
  3.2775 29 - 1
    0.1072 1 53
  3.5686 25 + 2
    0.4211 0.4028 52
    0.767 0.5972 48
  3.69 9 + 1
    0.4125 1 54
  3.7611 27 + 2
    0.1925 0.7889 55
    0.6136 0.2111 52
  3.9657 29 + 1
    0.2046 1 57

81 198 44
  0 4 - 0
  0.17341 2 - 1
    0.17341 1 0
  0.25952 4 - 1
    0.25952 1 0
  0.28265 6 - 2
    0.02313 0.1016 2
    0.28265 0.8984 0
  0.29031 2 - 3
    0.03079 0.071609 2
    0.1169 0.139599 1
    0.29031 0.788792 0
  0.38211 2 - 2
    0.12259 0.094082 2
    0.38211 0.905918 0
  0.39767 4 - 3
    0.10736 0.0151 4
    0.13815 0.1648 2
    0.39767 0.8201 0
  0.5436 14 + 1
    0.26095 1 3
  0.6489 2 - 2
    0.26679 0.349 5
    0.6489 0.651 0
  0.65572 0 - 2
    0.36541 0.990687 4
    0.3962 0.009313 2
  0.6741 12 + 1
    0.1305 1 7
  0.6872 10 + 1
    0.0131 1 10
  0.7424 20 - 1
    0.1988 1 7
  0.86533 2 - 5
    0.21643 0.00771 8
    0.46766 0.073881 6
    0.57502 0.305806 4
    0.60581 0.052491 2
    0.86533 0.560111 0
  0.9342 16 - 1
    0.3906 1 7
  0.9662 12 + 2
    0.279 0.6734 11
    0.2921 0.3266 10
  0.9777 8 + 2
    0.2905 0.913037 11
    0.3036 0.086963 10
  1.0003 12 + 2
    0.3262 0.4423 10
    0.4567 0.5577 7
  1.0062 18 - 1
    0.072 1 14
  1.1283 20 - 1
    0.1221 1 18
  1.1407 6 + 2
    0.27537 0.1551 13
    0.74303 0.8449 6
  1.1889 14 + 1
    0.1886 1 17
  1.2303 8 + 2
    0.5562 0.5 10
    0.94765 0.5 3
  1.2902 10 + 3
    0.3125 0.2505 16
    0.324 0.3674 15
    0.603 0.3821 11
  1.3874 22 - 2
    0.2591 0.9455 19
    0.3812 0.0545 18
  1.617 12 + 3
    0.3268 0.5831 23
    0.6393 0.2202 16
    0.6508 0.1967 15
  1.6335 24 - 2
    0.2461 0.861 24
    0.5052 0.139 19
  1.6537 20 - 3
    0.2663 0.333333 24
    0.5254 0.333333 19
    0.7195 0.333333 14
  1.7784 14 + 1
    0.7781 1 17
  1.8363 22 - 3
    0.1826 0.333333 27
    0.708 0.333333 19
    0.8301 0.333333 18
  1.8927 14 + 2
    0.2757 0.7735 25
    0.6025 0.2265 23
  2.0351 26 - 2
    0.4016 0.7781 26
    0.6477 0.2219 24
  2.084 24 - 2
    0.2477 0.5 29
    0.6966 0.5 24
  2.0891 16 + 2
    0.1964 0.827 30
    0.4721 0.173 25
  2.3316 28 - 2
    0.2965 0.679 31
    0.6981 0.321 26
  2.4001 26 - 2
    0.3161 0.5 32
    0.7666 0.5 26
  2.82 30 - 2
    0.4884 0.6431 34
    0.7849 0.3569 31
  2.8372 28 - 2
    0.4371 0.5 35
    0.7532 0.5 32
  3.0942 32 - 2
    0.2742 0.5 36
    0.7626 0.5 34
  3.1432 32 - 2
    0.3232 0.5 36
    0.8116 0.5 34
  3.4889 34 - 3
    0.3457 0.333333 39
    0.3947 0.333333 38
    0.6689 0.333333 36
  3.7611 36 - 1
    0.2722 1 40
  3.8986 38 - 1
    0.1375 1 41
  4.0664 40 - 1
    0.1678 1 42

81 199 40
  0 1 + 0
  0.36689 3 + 1
    0.36689 1 0
  0.72035 5 + 2
    0.35346 0.6343 1
    0.72035 0.3657 0
  0.74887 9 - 1
    0.38198 1 1
  1.11829 11 - 1
    0.36942 1 3
  1.1209 3 - 3
    0.40055 0.297 2
    0.75401 0.3627 1
    1.1209 0.3403 0
  1.2052 7 + 1
    0.83831 1 1
  1.24164 1 + 3
    0.12074 0.032471 5
    0.52129 0.199706 2
    0.87475 0.767823 1
  1.39457 11 - 1
    0.6457 1 3
  1.45046 13 - 2
    0.33217 0.5668 4
    0.70159 0.4332 3
  1.48239 5 - 5
    0.24075 0.160695 7
    0.36149 0.102397 5
    0.76204 0.549884 2
    1.1155 0.153695 1
    1.48239 0.033329 0
  1.50201 3 + 3
    0.78166 0.1595 2
    1.13512 0.6608 1
    1.50201 0.1797 0
  1.52824 5 + 1
    1.16135 1 1
  1.55411 3 + 5
    0.31247 0.040001 7
    0.43321 0.177904 5
    0.83376 0.200404 2
    1.18722 0.49341 1
    1.55411 0.088282 0
  1.63211 5 - 4
    0.39047 0.301509 7
    0.91176 0.406412 2
    1.26522 0.194806 1
    1.63211 0.097273 0
  1.65835 5 + 3
    0.938 0.266919 2
    1.29146 0.038533 1
    1.65835 0.694549 0
  1.6952 1 - 2
    1.32831 0.3552 1
    1.6952 0.6448 0
  1.71698 13 - 1
    0.59869 1 4
  1.72527 1 - 4
    0.22326 0.03775 11
    1.00492 0.7409 2
    1.35838 0.1857 1
    1.72527 0.03565 0
  1.74965 5 + 4
    0.26726 0.057162 10
    1.0293 0.227709 2
    1.38276 0.396416 1
    1.74965 0.318713 0
  1.7686 3 - 3
    1.04825 0.1922 2
    1.40171 0.6623 1
    1.7686 0.1455 0
  1.86694 15 - 2
    0.41648 0.5323 9
    0.74865 0.4677 4
  1.89106 5 + 3
    1.17071 0.3541 2
    1.52417 0.1852 1
    1.89106 0.4607 0
  1.89813 1 + 4
    0.34402 0.04856 13
    0.77723 0.3207 5
    1.53124 0.5441 1
    1.89813 0.08664 0
  1.93011 3 + 2
    1.20976 0.7014 2
    1.93011 0.2986 0
  1.9438 9 - 1
    0.82551 1 4
  1.9595 1 - 6
    0.43126 0.074937 12
    0.47711 0.047808 10
    0.8386 0.234891 5
    1.23915 0.557278 2
    1.59261 0.067647 1
    1.9595 0.017439 0
  1.97748 3 - 4
    0.31913 0.081855 15
    0.49509 0.359078 10
    1.61059 0.49917 1
    1.97748 0.059896 0
  1.98523 17 - 2
    0.11829 0.5959 21
    0.53477 0.4041 9
  2.03158 7 + 3
    0.50334 0.144386 12
    1.31123 0.534747 2
    2.03158 0.320868 0
  2.08007 15 + 2
    0.36309 0.202 17
    0.62961 0.798 9
  2.15957 7 + 2
    1.79268 0.8333 1
    2.15957 0.1667 0
  2.2065 9 + 4
    0.57439 0.2691 14
    0.72411 0.2982 10
    1.83961 0.2085 1
    2.2065 0.2242 0
  2.22648 7 - 3
    1.50613 0.574694 2
    1.85959 0.350596 1
    2.22648 0.074709 0
  2.23739 7 + 3
    0.99575 0.097936 7
    1.51704 0.386584 2
    2.23739 0.515479 0
  2.36738 9 - 4
    0.64211 0.1381 18
    1.64703 0.2552 2
    2.00049 0.4184 1
    2.36738 0.1883 0
  2.43363 11 + 2
    2.06674 0.3056 1
    2.43363 0.6944 0
  2.47169 19 - 2
    0.48646 0.5 28
    0.60475 0.5 21
  2.5476 7 + 2
    2.18071 0.6063 1
    2.5476 0.3937 0
  2.6432 9 - 2
    0.98485 0.6255 15
    2.6432 0.3745 0

81 200 25
  0 4 - 0
  0.147634 0 - 1
    0.147634 1 0
  0.257183 2 - 2
    0.109549 0.3779 1
    0.257183 0.6221 0
  0.28924 4 - 1
    0.28924 1 0
  0.30681 2 - 3
    0.049627 0.070437 2
    0.159176 0.781169 1
    0.30681 0.148394 0
  0.3237 6 - 1
    0.3237 1 0
  0.45056 2 - 4
    0.16132 0.192208 3
    0.193377 0.015651 2
    0.302926 0.045612 1
    0.45056 0.74653 0
  0.52554 2 - 4
    0.21873 0.536284 4
    0.268357 0.428988 2
    0.377906 0.002299 1
    0.52554 0.032429 0
  0.5409 8 - 2
    0.2172 0.1062 5
    0.5409 0.8938 0
  0.60545 2 - 5
    0.15489 0.114891 6
    0.29864 0.216783 4
    0.348267 0.143889 2
    0.457816 0.095972 1
    0.60545 0.428466 0
  0.7536 14 + 1
    0.2127 1 8
  0.762 10 + 1
    0.2211 1 8
  0.8861 12 + 1
    0.1325 1 10
  1.0236 12 + 1
    0.2616 1 11
  1.1738 6 + 2
    0.2877 0.3335 12
    0.4202 0.6665 10
  1.244 14 - 3
    0.2204 0.03531 13
    0.3579 0.291997 12
    0.4904 0.672693 10
  1.2474 16 - 2
    0.0034 0.058162 15
    0.4938 0.941838 10
  1.3229 8 + 1
    0.0755 1 16
  1.3494 10 + 1
    0.1756 1 14
  1.4421 6 + 1
    0.1192 1 17
  1.6593 4 + 1
    0.2172 1 19
  1.8891 8 + 1
    0.2298 1 20
  2.0703 6 + 1
    0.411 1 20
  2.2374 4 + 1
    0.3483 1 21
  2.5481 10 - 1
    0.3107 1 23

81 201 67
  0 1 + 0
  0.33116 3 + 1
    0.33116 1 0
  0.69251 5 + 2
    0.36135 0.7303 1
    0.69251 0.2697 0
  0.91916 9 - 1
    0.588 1 1
  1.0985 5 + 3
    0.40599 0.3109 2
    0.76734 0.443 1
    1.0985 0.2461 0
  1.13488 7 + 1
    0.80372 1 1
  1.15743 5 + 4
    0.05893 0.199506 4
    0.46492 0.103303 2
    0.82627 0.66362 1
    1.15743 0.033571 0
  1.23815 11 - 1
    0.31899 1 3
  1.25795 3 + 3
    0.565445 0.039267 2
    0.926795 0.809843 1
    1.25795 0.150889 0
  1.27711 5 + 4
    0.11968 0.009818 6
    0.5846 0.294295 2
    0.94595 0.56449 1
    1.27711 0.131398 0
  1.29011 9 + 2
    0.15523 0.5998 5
    0.5976 0.4002 2
  1.33041 3 + 4
    0.23191 0.159105 4
    0.6379 0.308009 2
    0.99925 0.521016 1
    1.33041 0.01187 0
  1.40126 5 + 5
    0.12415 0.101496 9
    0.30276 0.006268 4
    0.70875 0.332187 2
    1.0701 0.505081 1
    1.40126 0.054968 0
  1.41341 11 + 2
    0.1233 0.5399 10
    0.49425 0.4601 3
  1.419 11 - 2
    0.12889 0.5 10
    0.18085 0.5 7
  1.43293 7 + 4
    0.142815 0.32841 10
    0.298045 0.072812 5
    0.740415 0.072862 2
    1.10176 0.525916 1
  1.44586 5 + 3
    0.75335 0.431222 2
    1.1147 0.469323 1
    1.44586 0.099455 0
  1.47985 5 + 8
    0.20274 0.053739 9
    0.221895 0.105799 8
    0.32242 0.03568 6
    0.34497 0.142699 5
    0.38135 0.093909 4
    0.78734 0.213498 2
    1.14869 0.290697 1
    1.47985 0.063979 0
  1.55059 1 - 2
    1.21943 0.8404 1
    1.55059 0.1596 0
  1.5713 13 - 2
    0.33315 0.815 7
    0.65214 0.185 3
  1.5751 9 + 1
    0.28499 1 10
  1.61746 3 + 2
    1.2863 0.7316 1
    1.61746 0.2684 0
  1.63935 3 + 6
    0.30894 0.037021 11
    0.48192 0.041341 6
    0.54085 0.205406 4
    0.94684 0.33211 2
    1.30819 0.381811 1
    1.63935 0.00231 0
  1.67195 5 + 6
    0.34154 0.141911 11
    0.39484 0.207417 9
    0.51452 0.163813 6
    0.97944 0.018401 2
    1.34079 0.444636 1
    1.67195 0.023822 0
  1.71245 3 - 2
    1.01994 0.4508 2
    1.38129 0.5492 1
  1.725 7 - 2
    0.6265 0.5 4
    1.03249 0.5 2
  1.75532 5 + 3
    1.06281 0.384804 2
    1.42416 0.553605 1
    1.75532 0.061591 0
  1.763 7 - 2
    0.6645 0.5 4
    1.07049 0.5 2
  1.834 5 + 2
    1.14149 0.5 2
    1.834 0.5 0
  1.908 13 + 2
    0.61789 0.5 10
    0.66985 0.5 7
  1.913 9 - 2
    0.77812 0.5 5
    0.99384 0.5 3
  1.94 7 - 2
    0.8415 0.5 4
    1.24749 0.5 2
  1.9619 15 - 2
    0.3906 0.7563 19
    0.72375 0.2437 7
  1.9878 7 - 1
    0.74965 1 7
  2.0145 1 - 1
    0.4432 1 19
  2.04 9 - 1
    0.4687 1 19
  2.103 9 - 2
    0.96812 0.5 5
    1.18384 0.5 3
  2.145 9 - 2
    1.01012 0.5 5
    1.22584 0.5 3
  2.1817 11 - 1
    0.1672 1 34
  2.196 15 + 2
    0.6247 0.5 19
    0.78259 0.5 13
  2.254 15 - 2
    0.835 0.5 14
    1.01585 0.5 7
  2.271 7 - 2
    1.1725 0.5 4
    1.57849 0.5 2
  2.343 17 - 2
    0.147 0.5 39
    0.7717 0.5 19
  2.379 15 + 2
    0.8077 0.5 19
    0.96559 0.5 13
  2.4417 13 - 1
    0.4272 1 34
  2.534 9 - 2
    1.39912 0.5 5
    1.61484 0.5 3
  2.622 15 + 2
    1.0507 0.5 19
    1.20859 0.5 13
  2.669 5 - 2
    1.74984 0.5 3
    2.33784 0.5 1
  2.7474 7 - 1
    0.7855 1 32
  2.762 3 - 2
    2.06949 0.5 2
    2.762 0.5 0
  2.853 11 - 2
    1.56289 0.5 10
    1.61485 0.5 7
  2.899 15 + 2
    1.3277 0.5 19
    1.48559 0.5 13
  2.976 15 + 2
    1.4047 0.5 19
    1.56259 0.5 13
  3.03 1 - 2
    1.77204 0.5 8
    2.69884 0.5 1
  3.083 7 + 2
    2.16384 0.5 3
    2.75184 0.5 1
  3.133 3 - 2
    2.44049 0.5 2
    3.133 0.5 0
  3.201 1 + 2
    2.50849 0.5 2
    3.201 0.5 0
  3.303 11 - 2
    2.01289 0.5 10
    2.06485 0.5 7
  3.362 15 + 2
    1.7907 0.5 19
    1.94859 0.5 13
  3.401 17 + 2
    1.4391 0.5 32
    1.493 0.5 29
  3.441 9 - 2
    2.30612 0.5 5
    2.52184 0.5 3
  3.499 15 - 2
    2.08 0.5 14
    2.26085 0.5 7
  3.552 15 + 2
    1.9807 0.5 19
    2.13859 0.5 13
  3.615 7 - 2
    2.5165 0.5 4
    2.92249 0.5 2
  3.648 15 + 2
    2.0767 0.5 19
    2.23459 0.5 13
  3.674 3 - 2
    2.98149 0.5 2
    3.674 0.5 0
  3.727 7 + 2
    2.80784 0.5 3
    3.39584 0.5 1

81 202 34
  0 4 - 0
  0.1863 0 - 1
    0.1863 1 0
  0.1899 6 + 1
    0.1899 1 0
  0.3124 2 - 1
    0.3124 1 0
  0.3483 8 - 1
    0.3483 1 0
  0.4016 8 + 2
    0.2117 0.5 2
    0.2153 0.5 1
  0.48 4 - 2
    0.2937 0.5 1
    0.48 0.5 0
  0.49047 8 - 1
    0.49047 1 0
  0.5113 8 + 2
    0.3214 0.5 2
    0.325 0.5 1
  0.627 10 + 2
    0.2787 0.5 4
    0.4371 0.5 2
  0.7018 6 + 1
    0.3535 1 4
  0.72 12 + 2
    0.2087 0.5 8
    0.3184 0.5 5
  0.81 14 - 1
    0.09 1 11
  0.9226 6 + 1
    0.43213 1 7
  0.95019 14 + 1
    0.45972 1 7
  1.0487 12 - 1
    0.55823 1 7
  1.0792 10 + 1
    0.58873 1 7
  1.09894 12 + 1
    0.14875 1 14
  1.1055 8 + 1
    0.61503 1 7
  1.34013 16 + 2
    0.24119 0.1228 17
    0.38994 0.8772 14
  1.3577 10 + 1
    0.86723 1 7
  1.3835 8 - 1
    0.89303 1 7
  1.55209 16 + 2
    0.21196 0.7118 19
    0.6019 0.2882 14
  1.58 14 + 2
    0.62981 0.5 14
    0.953 0.5 9
  1.62 8 - 2
    1.4301 0.5 2
    1.62 0.5 0
  1.67568 18 + 1
    0.33555 1 19
  1.732 4 - 2
    1.5457 0.5 1
    1.732 0.5 0
  1.849 2 - 1
    1.5366 1 3
  1.94 6 - 2
    1.5384 0.5 5
    1.6276 0.5 3
  1.9684 12 + 1
    0.62827 1 19
  2.005 4 - 2
    1.8187 0.5 1
    2.005 0.5 0
  2.0448 16 - 1
    0.49271 1 22
  2.15 24 - 1
    2.15 1 0
  2.34 2 - 2
    0.491 0.5 27
    2.0276 0.5 3

81 203 104
  0 1 + 0
  0.279196 3 + 1
    0.279196 1 0
  0.680516 5 + 2
    0.40132 0.997746 1
    0.680516 0.002254 0
  1.04413 3 + 3
    0.363614 0.3421 2
    0.764934 0.4343 1
    1.04413 0.2236 0
  1.06542 5 + 2
    0.384904 0.143 2
    0.786224 0.857 1
  1.07237 3 + 1
    0.793174 1 1
  1.07395 7 + 1
    0.794754 1 1
  1.1138 1 + 2
    0.834604 0.602 1
    1.1138 0.398 0
  1.18428 7 + 2
    0.503764 0.1291 2
    0.905084 0.8709 1
  1.21559 5 + 2
    0.936394 0.8713 1
    1.21559 0.1287 0
  1.21764 9 + 3
    0.03336 0.313 8
    0.14369 0.5698 6
    0.537124 0.1172 2
  1.227 7 + 2
    0.18287 0.5 3
    0.947804 0.5 1
  1.23236 3 + 3
    0.551844 0.207692 2
    0.953164 0.701872 1
    1.23236 0.090436 0
  1.273 7 + 2
    0.22887 0.5 3
    0.993804 0.5 1
  1.2939 5 - 1
    1.2939 1 0
  1.30578 5 + 3
    0.23183 0.333333 6
    1.02658 0.333333 1
    1.30578 0.333333 0
  1.32014 3 + 4
    0.27601 0.427626 3
    0.639624 0.202112 2
    1.04094 0.354421 1
    1.32014 0.015841 0
  1.3349 7 + 2
    0.654384 0.6895 2
    1.0557 0.3105 1
  1.386 11 - 1
    0.16836 1 10
  1.4072 1 + 2
    1.128 0.074428 1
    1.4072 0.925572 0
  1.4324 5 - 1
    0.38827 1 3
  1.44804 5 + 3
    0.40391 0.2064 3
    1.16884 0.6791 1
    1.44804 0.1145 0
  1.44963 11 - 1
    0.23199 1 10
  1.48827 9 + 1
    0.30399 1 8
  1.56887 5 + 3
    0.33651 0.4488 12
    0.888354 0.4158 2
    1.28967 0.1354 1
  1.61105 7 + 2
    0.49725 0.8912 7
    0.930534 0.1088 2
  1.618 3 + 2
    0.57387 0.5 3
    1.3388 0.5 1
  1.6389 3 + 2
    0.56495 0.843 6
    1.6389 0.157 0
  1.657 5 + 2
    0.976484 0.5 2
    1.657 0.5 0
  1.66924 3 - 2
    1.39004 0.4189 1
    1.66924 0.5811 0
  1.68373 3 + 1
    1.40453 1 1
  1.698 7 + 2
    0.65387 0.5 3
    1.4188 0.5 1
  1.71583 3 - 2
    1.03531 0.4291 2
    1.71583 0.5709 0
  1.743 7 + 2
    0.69887 0.5 3
    1.4638 0.5 1
  1.7529 3 + 2
    0.70877 0.5 3
    1.4737 0.5 1
  1.76 11 - 2
    0.374 0.5 18
    0.54236 0.5 10
  1.818 5 + 2
    1.13748 0.5 2
    1.818 0.5 0
  1.83649 9 + 2
    0.38686 0.8939 22
    1.15597 0.1061 2
  1.83984 5 - 1
    1.83984 1 0
  1.856 3 + 2
    0.81187 0.5 3
    1.5768 0.5 1
  1.8878 5 + 1
    1.6086 1 1
  1.9011 1 - 2
    1.6219 0.3333 1
    1.9011 0.6667 0
  1.92 1 + 2
    1.23948 0.5 2
    1.92 0.5 0
  1.9352 5 + 2
    1.25468 0.5 2
    1.9352 0.5 0
  1.964 7 + 2
    0.91987 0.5 3
    1.6848 0.5 1
  1.98895 5 + 3
    0.3779 0.3938 25
    0.92353 0.1694 4
    1.98895 0.4368 0
  1.992 7 + 1
    1.7128 1 1
  2.01 3 + 2
    0.96587 0.5 3
    1.7308 0.5 1
  2.03794 13 - 1
    0.58831 1 22
  2.07607 5 + 6
    0.39234 0.304703 30
    0.5878 0.095891 23
    0.85843 0.171902 10
    1.00212 0.191502 6
    1.03194 0.124001 3
    2.07607 0.112001 0
  2.1 3 + 2
    1.05587 0.5 3
    1.8208 0.5 1
  2.14 5 + 2
    1.45948 0.5 2
    2.14 0.5 0
  2.17 11 - 2
    0.784 0.5 18
    0.95236 0.5 10
  2.178 9 - 2
    0.99372 0.5 8
    1.10405 0.5 6
  2.2322 9 - 2
    1.953 0.7092 1
    2.2322 0.2908 0
  2.284 9 - 2
    1.09972 0.5 8
    1.21005 0.5 6
  2.31022 13 - 5
    0.47038 0.450491 38
    0.47373 0.279294 37
    0.86218 0.148597 21
    1.2448 0.049549 4
    2.31022 0.072069 0
  2.314 15 - 2
    0.86437 0.5 22
    0.928 0.5 18
  2.33 9 - 2
    1.14572 0.5 8
    1.25605 0.5 6
  2.3422 11 - 2
    2.063 0.6289 1
    2.3422 0.3711 0
  2.349 7 + 2
    1.30487 0.5 3
    2.0698 0.5 1
  2.37 11 - 2
    0.984 0.5 18
    1.15236 0.5 10
  2.406 13 - 2
    0.228 0.5 53
    0.36806 0.5 48
  2.4275 9 - 2
    1.24322 0.5 8
    1.35355 0.5 6
  2.43 11 - 2
    1.044 0.5 18
    1.21236 0.5 10
  2.445 7 + 2
    1.40087 0.5 3
    2.1658 0.5 1
  2.4606 5 - 2
    1.41647 0.5 3
    2.1814 0.5 1
  2.4891 5 - 2
    1.44497 0.5 3
    2.2099 0.5 1
  2.5075 5 - 1
    1.46337 1 3
  2.541 9 - 2
    1.35672 0.5 8
    1.46705 0.5 6
  2.57133 15 - 1
    0.53339 1 48
  2.597 11 + 2
    1.41272 0.5 8
    1.52305 0.5 6
  2.635 13 - 2
    0.457 0.5 53
    0.59706 0.5 48
  2.6621 9 - 2
    1.47782 0.5 8
    1.58815 0.5 6
  2.686 17 - 2
    0.37578 0.5 56
    0.64806 0.5 48
  2.72 1 - 2
    1.67587 0.5 3
    2.4408 0.5 1
  2.7425 7 - 2
    1.67708 0.5 4
    2.06198 0.5 2
  2.76 13 - 2
    0.582 0.5 53
    0.72206 0.5 48
  2.81 9 - 2
    1.62572 0.5 8
    1.73605 0.5 6
  2.84 11 + 2
    1.65572 0.5 8
    1.76605 0.5 6
  2.893 15 - 2
    1.44337 0.5 22
    1.507 0.5 18
  2.89944 17 - 1
    0.32811 1 70
  2.91 7 - 2
    1.84458 0.5 4
    2.22948 0.5 2
  2.9555 1 - 2
    1.91137 0.5 3
    2.6763 0.5 1
  2.9661 9 - 2
    1.78182 0.5 8
    1.89215 0.5 6
  2.9875 7 - 2
    1.92208 0.5 4
    2.30698 0.5 2
  2.995 19 - 2
    0.42367 0.5 70
    0.681 0.5 57
  3.0126 13 - 2
    0.8346 0.5 53
    0.97466 0.5 48
  3.049 9 + 2
    1.98358 0.5 4
    2.36848 0.5 2
  3.081 1 - 2
    2.03687 0.5 3
    2.8018 0.5 1
  3.104 7 - 2
    2.03858 0.5 4
    2.42348 0.5 2
  3.203 5 - 2
    2.15887 0.5 3
    2.9238 0.5 1
  3.2496 11 - 1
    0.35016 1 81
  3.284 9 - 2
    2.09972 0.5 8
    2.21005 0.5 6
  3.3208 15 + 2
    1.01058 0.5 56
    1.28286 0.5 48
  3.397 7 - 2
    2.33158 0.5 4
    2.71648 0.5 2
  3.454 3 + 2
    2.40987 0.5 3
    3.1748 0.5 1
  3.5146 13 - 1
    0.265 1 92
  3.596 1 + 2
    2.91548 0.5 2
    3.596 0.5 0
  3.643 21 - 2
    0.74356 0.5 81
    0.957 0.5 74
  3.722 11 + 2
    2.53772 0.5 8
    2.64805 0.5 6
  3.859 7 - 2
    2.79358 0.5 4
    3.17848 0.5 2
  3.948 9 + 2
    2.88258 0.5 4
    3.26748 0.5 2
  6.41879 1 - 20
    3.09799 0.040594 94
    3.40619 0.025834 87
    3.43129 0.020293 85
    3.45269 0.020293 84
    3.46329 0.012917 83
    3.67629 0.025834 76
    3.75669 0.020293 73
    3.91129 0.025834 68
    3.92969 0.020293 67
    3.95819 0.040594 66
    3.99129 0.066421 63
    4.07659 0.092255 59
    4.18659 0.033211 54
    4.42679 0.046128 46
    4.48359 0.125432 43
    4.51769 0.053504 41
    4.53099 0.105139 40
    4.57895 0.166086 38
    4.66589 0.033211 34
    4.70296 0.025834 32

81 204 123
  0 4 - 0
  0.13997 2 - 1
    0.13997 1 0
  0.14589 0 - 2
    0.00592 0.02459 1
    0.14589 0.97541 0
  0.30014 2 - 2
    0.15425 0.6768 2
    0.30014 0.3232 0
  0.31886 2 - 2
    0.17889 0.022961 1
    0.31886 0.977039 0
  0.34779 6 - 1
    0.34779 1 0
  0.41399 8 - 1
    0.41399 1 0
  0.4155 2 + 2
    0.26961 0.5 2
    0.27553 0.5 1
  0.4248 2 - 3
    0.07701 0.059861 5
    0.28483 0.01602 1
    0.4248 0.924119 0
  0.428 8 - 2
    0.01401 0.5 6
    0.428 0.5 0
  0.43188 4 - 2
    0.13174 0.6593 3
    0.28599 0.3407 2
  0.47194 2 - 4
    0.15308 0.026298 4
    0.1718 0.100192 3
    0.33197 0.825734 1
    0.47194 0.047776 0
  0.48811 2 - 3
    0.18797 0.01311 3
    0.34814 0.806492 1
    0.48811 0.180398 0
  0.5356 4 - 2
    0.38971 0.3138 2
    0.39563 0.6862 1
  0.62631 4 - 3
    0.27852 0.084837 5
    0.32617 0.452982 3
    0.62631 0.462181 0
  0.6294 2 - 7
    0.15746 0.094808 11
    0.19752 0.416033 10
    0.31054 0.150312 4
    0.32926 0.074326 3
    0.48351 0.040873 2
    0.48943 0.040533 1
    0.6294 0.183115 0
  0.67796 6 - 3
    0.25316 0.043962 8
    0.33017 0.460918 5
    0.67796 0.49512 0
  0.73628 4 - 1
    0.59631 1 1
  0.7507 2 - 6
    0.12439 0.062796 14
    0.26259 0.027418 12
    0.43184 0.076145 4
    0.45056 0.159289 3
    0.60481 0.110592 2
    0.7507 0.563761 0
  0.7643 2 - 4
    0.29236 0.628813 11
    0.41651 0.031981 5
    0.62433 0.193804 1
    0.7643 0.145403 0
  0.859 4 - 2
    0.71311 0.5 2
    0.859 0.5 0
  0.87252 6 - 2
    0.33692 0.6514 13
    0.55366 0.3486 4
  0.90599 4 - 3
    0.15529 0.39 18
    0.37039 0.2026 13
    0.58713 0.4074 4
  0.966 8 - 2
    0.55201 0.5 6
    0.966 0.5 0
  1.01322 4 - 5
    0.38382 0.118207 15
    0.54128 0.148409 11
    0.71308 0.177211 3
    0.87325 0.49303 1
    1.01322 0.063144 0
  1.046 6 - 2
    0.74586 0.5 3
    0.90603 0.5 1
  1.05118 0 - 4
    0.56307 0.199386 12
    0.6193 0.016969 10
    0.73232 0.346376 4
    0.91121 0.437269 1
  1.0587 6 - 1
    0.64471 1 6
  1.1001 10 - 1
    0.68611 1 6
  1.1039 14 + 1
    0.68991 1 6
  1.12134 4 - 1
    1.12134 1 0
  1.13403 2 - 1
    1.13403 1 0
  1.1807 6 - 1
    0.76671 1 6
  1.20435 4 - 2
    0.71624 0.1261 12
    0.88549 0.8739 4
  1.25022 4 - 5
    0.81834 0.1765 10
    0.93136 0.1623 4
    0.95008 0.3002 3
    1.11025 0.2566 1
    1.25022 0.1044 0
  1.2857 12 + 1
    0.1818 1 29
  1.37471 4 - 2
    0.96072 0.5 6
    1.23474 0.5 1
  1.39321 4 - 2
    1.24732 0.5 2
    1.39321 0.5 0
  1.3994 8 - 1
    0.98541 1 6
  1.405 2 - 2
    1.10486 0.5 3
    1.26503 0.5 1
  1.4163 10 + 2
    0.9883 0.5 9
    1.00231 0.5 6
  1.424 4 - 2
    1.27811 0.5 2
    1.424 0.5 0
  1.4538 16 + 2
    0.1681 0.5 35
    0.3499 0.5 29
  1.463 10 + 2
    1.035 0.5 9
    1.04901 0.5 6
  1.47433 0 - 5
    1.00239 0.04661 11
    1.04245 0.078581 10
    1.15547 0.473305 4
    1.33436 0.138701 1
    1.47433 0.262803 0
  1.4824 4 - 2
    1.33651 0.5 2
    1.4824 0.5 0
  1.4996 8 + 2
    0.82164 0.5 16
    1.15181 0.5 5
  1.516 2 - 2
    1.21586 0.5 3
    1.37603 0.5 1
  1.52427 2 - 1
    1.52427 1 0
  1.545 4 - 2
    1.39911 0.5 2
    1.545 0.5 0
  1.584 12 + 2
    0.2983 0.5 35
    0.4839 0.5 28
  1.64009 10 + 2
    1.21209 0.5 9
    1.2261 0.5 6
  1.6499 6 + 2
    0.1961 0.5 42
    0.546 0.5 29
  1.652 8 + 2
    0.97404 0.5 16
    1.30421 0.5 5
  1.67348 10 + 1
    1.18537 1 12
  1.683 6 + 2
    1.26901 0.5 6
    1.683 0.5 0
  1.709 8 + 2
    1.03104 0.5 16
    1.36121 0.5 5
  1.7204 12 + 2
    0.4347 0.5 35
    0.6203 0.5 28
  1.7311 6 + 1
    0.2773 1 42
  1.74104 8 + 3
    1.20544 0.551594 13
    1.4409 0.056809 3
    1.74104 0.391596 0
  1.7872 10 + 2
    1.3592 0.5 9
    1.37321 0.5 6
  1.8133 12 + 2
    0.5276 0.5 35
    0.7132 0.5 28
  1.83 14 + 2
    0.4137 0.5 40
    0.7261 0.5 29
  1.834 6 + 2
    1.42001 0.5 6
    1.834 0.5 0
  1.8503 4 - 2
    1.70441 0.5 2
    1.8503 0.5 0
  1.90246 4 - 2
    1.75657 0.5 2
    1.90246 0.5 0
  1.9394 4 - 2
    1.79351 0.5 2
    1.9394 0.5 0
  1.94888 4 - 2
    1.80299 0.5 2
    1.94888 0.5 0
  1.96713 4 - 2
    1.82124 0.5 2
    1.96713 0.5 0
  1.98 8 + 2
    1.30204 0.5 16
    1.63221 0.5 5
  1.997 10 + 2
    1.569 0.5 9
    1.58301 0.5 6
  2.0454 6 + 2
    1.63141 0.5 6
    2.0454 0.5 0
  2.05376 8 + 2
    1.3758 0.5 16
    1.70597 0.5 5
  2.0847 12 + 2
    0.799 0.5 35
    0.9846 0.5 28
  2.11409 6 + 2
    1.7001 0.5 6
    2.11409 0.5 0
  2.1173 10 + 1
    0.6635 1 42
  2.1345 8 + 2
    1.45654 0.5 16
    1.78671 0.5 5
  2.146 4 - 2
    2.00011 0.5 2
    2.146 0.5 0
  2.15897 6 + 2
    1.74498 0.5 6
    2.15897 0.5 0
  2.1885 14 + 2
    0.7722 0.5 40
    1.0846 0.5 29
  2.2059 10 + 2
    1.7779 0.5 9
    1.79191 0.5 6
  2.21444 8 + 1
    1.0931 1 30
  2.228 12 + 2
    0.9423 0.5 35
    1.1279 0.5 28
  2.25211 6 + 2
    1.83812 0.5 6
    2.25211 0.5 0
  2.2619 8 + 2
    1.58394 0.5 16
    1.91411 0.5 5
  2.2743 10 + 2
    1.8463 0.5 9
    1.86031 0.5 6
  2.31115 6 + 2
    1.89716 0.5 6
    2.31115 0.5 0
  2.3188 14 + 1
    0.6689 1 52
  2.32 12 + 2
    1.0343 0.5 35
    1.2199 0.5 28
  2.34571 16 + 2
    0.89191 0.5 42
    1.06001 0.5 35
  2.3684 4 - 2
    2.22251 0.5 2
    2.3684 0.5 0
  2.3958 4 - 2
    2.24991 0.5 2
    2.3958 0.5 0
  2.42925 8 + 2
    1.75129 0.5 16
    2.08146 0.5 5
  2.45874 6 + 2
    2.04475 0.5 6
    2.45874 0.5 0
  2.475 10 + 2
    2.047 0.5 9
    2.06101 0.5 6
  2.49339 4 - 1
    1.74269 1 18
  2.5269 8 + 2
    1.84894 0.5 16
    2.17911 0.5 5
  2.53964 6 + 2
    2.12565 0.5 6
    2.53964 0.5 0
  2.5533 0 + 2
    2.25316 0.5 3
    2.41333 0.5 1
  2.578 4 - 2
    2.43211 0.5 2
    2.578 0.5 0
  2.5857 12 + 2
    1.3 0.5 35
    1.4856 0.5 28
  2.6188 10 + 2
    2.1908 0.5 9
    2.20481 0.5 6
  2.6373 8 + 2
    1.95934 0.5 16
    2.28951 0.5 5
  2.6456 6 + 2
    2.23161 0.5 6
    2.6456 0.5 0
  2.65 18 + 2
    0.82 0.5 62
    1.5461 0.5 29
  2.673 14 + 2
    1.2567 0.5 40
    1.5691 0.5 29
  2.705 10 - 2
    2.02704 0.5 16
    2.35721 0.5 5
  2.728 6 + 2
    2.31401 0.5 6
    2.728 0.5 0
  2.796 8 - 2
    2.38201 0.5 6
    2.796 0.5 0
  2.807 12 + 2
    1.5213 0.5 35
    1.7069 0.5 28
  2.831 16 - 2
    1.001 0.5 62
    1.7271 0.5 29
  2.88 18 + 2
    1.05 0.5 62
    1.7761 0.5 29
  2.934 6 - 2
    2.63386 0.5 3
    2.79403 0.5 1
  2.968 8 + 2
    2.29004 0.5 16
    2.62021 0.5 5
  2.986 10 - 2
    2.30804 0.5 16
    2.63821 0.5 5
  3.002 0 + 2
    2.70186 0.5 3
    2.86203 0.5 1
  3.045 14 - 2
    1.7593 0.5 35
    1.9449 0.5 28
  3.067 6 + 2
    2.65301 0.5 6
    3.067 0.5 0
  3.093 12 - 2
    2.665 0.5 9
    2.67901 0.5 6
  3.117 8 + 2
    2.43904 0.5 16
    2.76921 0.5 5
  3.142 10 - 2
    2.46404 0.5 16
    2.79421 0.5 5
  3.53 6 + 2
    3.11601 0.5 6
    3.53 0.5 0
  6.65476 2 - 20
    4.00916 0.033578 103
    4.01746 0.03963 102
    4.03596 0.01111 101
    4.06906 0.014191 100
    4.07676 0.030861 99
    4.10146 0.025313 98
    4.11512 0.070365 97
    4.12786 0.008272 96
    4.16137 0.017034 95
    4.19602 0.146944 93
    4.22551 0.191355 92
    4.25896 0.01111 91
    4.28636 0.022595 90
    4.30905 0.087651 89
    4.34361 0.171603 86
    4.38046 0.022595 85
    4.39286 0.014191 84
    4.40265 0.03963 83
    4.44032 0.030861 81
    4.44886 0.01111 80

81 205 99
  0 1 + 0
  0.20368 3 + 1
    0.20368 1 0
  0.6194 5 + 2
    0.41572 0.937147 1
    0.6194 0.062853 0
  0.92374 7 + 1
    0.72006 1 1
  1.14073 3 + 3
    0.52133 0.2045 2
    0.93705 0.5948 1
    1.14073 0.2007 0
  1.17998 5 + 4
    0.25624 0.236124 3
    0.56058 0.30183 2
    0.9763 0.447045 1
    1.17998 0.015002 0
  1.21915 1 + 2
    1.01547 0.099618 1
    1.21915 0.900382 0
  1.34027 3 + 3
    0.72087 0.187507 2
    1.13659 0.75863 1
    1.34027 0.053862 0
  1.42955 9 + 2
    0.50581 0.8385 3
    0.81015 0.1615 2
  1.4339 1 + 2
    1.23022 0.1074 1
    1.4339 0.8926 0
  1.43842 1 + 2
    1.23474 0.938272 1
    1.43842 0.061728 0
  1.48393 11 - 1
    0.05438 1 8
  1.553 11 - 2
    0.06907 0.5 11
    0.12345 0.5 8
  1.55461 3 + 4
    0.37463 0.20069 5
    0.63087 0.438378 3
    1.35093 0.308885 1
    1.55461 0.052047 0
  1.57403 3 + 1
    1.57403 1 0
  1.644 5 + 2
    1.0246 0.5 2
    1.644 0.5 0
  1.668 7 - 2
    0.48802 0.5 5
    1.0486 0.5 2
  1.694 3 + 2
    0.77026 0.5 3
    1.49032 0.5 1
  1.71104 5 + 2
    0.49189 0.6625 6
    0.57031 0.3375 4
  1.765 3 + 2
    0.84126 0.5 3
    1.56132 0.5 1
  1.829 1 + 2
    1.2096 0.5 2
    1.829 0.5 0
  1.848 5 + 2
    1.2286 0.5 2
    1.848 0.5 0
  1.8661 5 + 1
    0.64695 1 6
  1.916 11 + 1
    0.99226 1 3
  1.946 5 + 2
    1.3266 0.5 2
    1.946 0.5 0
  1.96639 3 + 3
    0.74724 0.2359 6
    1.76271 0.1479 1
    1.96639 0.6162 0
  2.00243 5 + 2
    1.07869 0.099673 3
    1.38303 0.900327 2
  2.036 5 + 2
    1.4166 0.5 2
    2.036 0.5 0
  2.05448 15 - 1
    0.57055 1 11
  2.08902 3 + 3
    1.46962 0.3718 2
    1.88534 0.3289 1
    2.08902 0.2993 0
  2.09822 5 + 2
    1.47882 0.2436 2
    2.09822 0.7564 0
  2.112 5 + 2
    1.4926 0.5 2
    2.112 0.5 0
  2.126 7 - 2
    0.94602 0.5 5
    1.5066 0.5 2
  2.16323 1 + 3
    1.54383 0.3115 2
    1.95955 0.4781 1
    2.16323 0.2104 0
  2.185 15 - 2
    0.632 0.5 12
    0.70107 0.5 11
  2.2093 5 + 1
    2.00562 1 1
  2.2205 3 + 3
    1.00135 0.4803 6
    1.6011 0.2362 2
    2.2205 0.2835 0
  2.286 11 - 2
    0.80207 0.5 11
    0.85645 0.5 8
  2.30396 9 - 2
    0.96369 0.4444 7
    1.16323 0.5556 4
  2.31624 7 - 3
    1.17551 0.345365 4
    1.69684 0.515448 2
    2.11256 0.139186 1
  2.339 9 - 2
    0.423 0.5 23
    1.41526 0.5 3
  2.39408 17 - 1
    0.3396 1 28
  2.41 5 + 2
    1.7906 0.5 2
    2.41 0.5 0
  2.445 7 - 2
    1.26502 0.5 5
    1.8256 0.5 2
  2.479 11 - 2
    0.99507 0.5 11
    1.04945 0.5 8
  2.486 9 + 2
    1.30602 0.5 5
    1.8666 0.5 2
  2.48844 5 - 3
    1.5647 0.3002 3
    1.86904 0.2999 2
    2.28476 0.3999 1
  2.537 13 - 2
    0.23304 0.5 38
    0.621 0.5 23
  2.55144 19 - 2
    0.15736 0.8617 41
    0.49696 0.1383 28
  2.55419 7 - 2
    2.35051 0.4286 1
    2.55419 0.5714 0
  2.5602 9 - 3
    1.41947 0.1613 4
    1.9408 0.1935 2
    2.5602 0.6452 0
  2.584 11 - 2
    1.10007 0.5 11
    1.15445 0.5 8
  2.62306 5 - 3
    1.28279 0.50025 7
    1.48233 0.220022 4
    2.00366 0.279728 2
  2.63 7 - 2
    1.45002 0.5 5
    2.0106 0.5 2
  2.711 7 - 2
    1.53102 0.5 5
    2.0916 0.5 2
  2.721 9 - 4
    0.8549 0.188381 22
    2.1016 0.249975 2
    2.51732 0.342466 1
    2.721 0.219178 0
  2.74 5 + 2
    2.1206 0.5 2
    2.74 0.5 0
  2.7505 3 + 2
    2.1311 0.5 2
    2.7505 0.5 0
  2.838 5 + 2
    2.2186 0.5 2
    2.838 0.5 0
  2.845 13 - 2
    0.54104 0.5 38
    0.929 0.5 23
  2.869 5 + 2
    2.2496 0.5 2
    2.869 0.5 0
  2.885 9 - 2
    0.969 0.5 23
    1.96126 0.5 3
  2.8934 7 - 4
    0.89097 0.2867 26
    1.71342 0.3333 5
    2.274 0.1433 2
    2.68972 0.2367 1
  2.923 13 + 2
    1.43907 0.5 11
    1.49345 0.5 8
  2.942 5 + 2
    2.3226 0.5 2
    2.942 0.5 0
  2.97 9 - 2
    1.054 0.5 23
    2.04626 0.5 3
  2.998 5 + 2
    2.3786 0.5 2
    2.998 0.5 0
  3.0177 3 + 2
    0.71374 0.375 38
    1.87697 0.625 4
  3.072 7 - 2
    1.89202 0.5 5
    2.4526 0.5 2
  3.117 5 + 2
    2.4976 0.5 2
    3.117 0.5 0
  3.133 7 - 2
    1.95302 0.5 5
    2.5136 0.5 2
  3.159 9 - 2
    1.243 0.5 23
    2.23526 0.5 3
  3.1771 13 - 2
    1.62249 0.5464 13
    3.1771 0.4536 0
  3.182 7 - 2
    2.00202 0.5 5
    2.5626 0.5 2
  3.213 11 - 2
    1.72907 0.5 11
    1.78345 0.5 8
  3.259 9 - 2
    1.343 0.5 23
    2.33526 0.5 3
  3.279 5 + 2
    2.6596 0.5 2
    3.279 0.5 0
  3.2875 7 - 1
    3.2875 1 0
  3.2906 25 + 1
    0.73916 1 48
  3.37 5 + 2
    2.7506 0.5 2
    3.37 0.5 0
  3.427 9 - 2
    1.511 0.5 23
    2.50326 0.5 3
  3.473 11 - 2
    1.98907 0.5 11
    2.04345 0.5 8
  3.511 13 - 2
    1.20704 0.5 38
    1.595 0.5 23
  3.525 5 + 2
    2.9056 0.5 2
    3.525 0.5 0
  3.54 7 - 2
    2.36002 0.5 5
    2.9206 0.5 2
  3.6186 29 + 1
    0.328 1 78
  3.636 1 - 2
    2.49527 0.5 4
    3.43232 0.5 1
  3.692 9 - 2
    1.776 0.5 23
    2.76826 0.5 3
  3.813 15 - 2
    2.26 0.5 12
    2.32907 0.5 11
  3.96 7 - 2
    2.78002 0.5 5
    3.3406 0.5 2
  3.99 3 - 2
    3.3706 0.5 2
    3.99 0.5 0
  4.8356 35 - 1
    1.217 1 85
  7.0916 41 + 1
    2.256 1 91
  7.2515 3 + 2
    7.04782 0.5 1
    7.2515 0.5 0
  7.3316 11 - 1
    2.496 1 91
  7.64615 1 - 20
    4.35865 0.018556 77
    4.38715 0.002629 75
    4.46905 0.015464 72
    4.62845 0.020101 67
    4.75275 0.057217 62
    4.89565 0.04174 57
    4.92515 0.077305 55
    5.08595 0.077305 50
    5.09196 0.061855 49
    5.32991 0.023194 39
    5.34219 0.020101 38
    5.42565 0.061855 36
    5.48292 0.026287 33
    5.54793 0.069594 30
    5.55713 0.08197 29
    5.64372 0.08197 26
    5.67976 0.174725 25
    6.07212 0.037102 14
    6.09154 0.020101 13
    6.21225 0.030927 9
  7.8986 9 - 1
    0.807001 1 92
  8.0336 7 - 1
    0.942001 1 92
  8.4086 13 + 1
    0.374999 1 97

81 206 94
  0 0 - 0
  0.265832 4 - 1
    0.265832 1 0
  0.304896 2 - 1
    0.304896 1 0
  0.63502 4 - 3
    0.330124 0.631301 2
    0.369188 0.3618 1
    0.63502 0.006899 0
  0.64942 2 - 3
    0.344524 0.231699 2
    0.383588 0.001403 1
    0.64942 0.766898 0
  0.80136 6 - 1
    0.535528 1 1
  0.93991 6 + 1
    0.30489 1 3
  0.95217 8 - 1
    0.686338 1 1
  0.99817 6 - 1
    0.732338 1 1
  1.0796 4 - 1
    0.27824 1 5
  1.1175 4 - 1
    0.851668 1 1
  1.206 10 + 2
    0.25383 0.5 7
    0.26609 0.5 6
  1.257 12 + 1
    1.257 1 0
  1.333 2 - 2
    0.68358 0.5 4
    1.0281 0.5 2
  1.3603 4 - 2
    0.71088 0.3961 4
    1.0554 0.6039 2
  1.4 8 + 2
    0.40183 0.5 8
    0.59864 0.5 5
  1.40547 10 + 3
    0.4533 0.927937 7
    0.60411 0.01177 5
    1.13964 0.060292 1
  1.453 14 + 2
    0.04753 0.5 16
    0.247 0.5 11
  1.473 8 + 2
    0.47483 0.5 8
    0.67164 0.5 5
  1.4898 2 - 1
    0.84038 1 4
  1.6217 14 + 1
    0.21623 1 16
  1.631 4 - 2
    1.36517 0.5 1
    1.631 0.5 0
  1.649 2 - 2
    0.99958 0.5 4
    1.3441 0.5 2
  1.71053 10 + 2
    0.08883 0.3917 20
    0.30506 0.6083 16
  1.8 6 + 2
    1.16498 0.5 3
    1.53417 0.5 1
  1.844 2 - 2
    1.19458 0.5 4
    1.5391 0.5 2
  1.983 10 + 2
    1.03083 0.5 7
    1.04309 0.5 6
  1.988 12 + 2
    0.588 0.5 15
    0.731 0.5 12
  2.058 6 - 2
    1.40858 0.5 4
    1.7531 0.5 2
  2.0789 16 + 2
    0.36837 0.1256 23
    0.4572 0.8744 20
  2.126 8 + 2
    1.12783 0.5 8
    1.32464 0.5 5
  2.17 8 + 2
    1.17183 0.5 8
    1.36864 0.5 5
  2.217 12 + 2
    0.817 0.5 15
    0.96 0.5 12
  2.243 6 + 2
    1.60798 0.5 3
    1.97717 0.5 1
  2.264 0 - 2
    1.99817 0.5 1
    2.264 0.5 0
  2.32616 8 + 3
    0.24726 0.819716 29
    0.61563 0.040981 23
    0.70446 0.139303 20
  2.347 18 - 1
    0.2681 1 29
  2.411 6 + 2
    1.77598 0.5 3
    2.14517 0.5 1
  2.442 10 - 2
    1.44383 0.5 8
    1.64064 0.5 5
  2.462 4 + 2
    1.81258 0.5 4
    2.1571 0.5 2
  2.495 12 - 2
    1.289 0.5 11
    1.54283 0.5 7
  2.53 8 + 2
    1.53183 0.5 8
    1.72864 0.5 5
  2.581 6 - 2
    1.93158 0.5 4
    2.2761 0.5 2
  2.594 10 + 2
    1.64183 0.5 7
    1.65409 0.5 6
  2.617 4 - 2
    2.35117 0.5 1
    2.617 0.5 0
  2.6431 24 - 3
    0.31694 0.1151 35
    0.5642 0.1239 29
    1.0214 0.761 20
  2.646 14 + 2
    1.24053 0.5 16
    1.44 0.5 11
  2.708 8 + 2
    1.70983 0.5 8
    1.90664 0.5 5
  2.728 6 - 2
    2.07858 0.5 4
    2.4231 0.5 2
  2.807 16 + 2
    0.819 0.5 27
    1.55 0.5 12
  2.828 4 - 2
    2.56217 0.5 1
    2.828 0.5 0
  2.868 12 + 2
    1.468 0.5 15
    1.611 0.5 12
  2.896 10 - 2
    1.89783 0.5 8
    2.09464 0.5 5
  2.936 6 + 2
    2.30098 0.5 3
    2.67017 0.5 1
  2.977 8 - 2
    2.34198 0.5 3
    2.71117 0.5 1
  3.014 2 + 2
    2.74817 0.5 1
    3.014 0.5 0
  3.024 0 - 2
    2.75817 0.5 1
    3.024 0.5 0
  3.046 4 + 2
    2.39658 0.5 4
    2.7411 0.5 2
  3.106 6 - 2
    2.45658 0.5 4
    2.8011 0.5 2
  3.123 8 + 2
    2.12483 0.5 8
    2.32164 0.5 5
  3.181 10 - 2
    2.18283 0.5 8
    2.37964 0.5 5
  3.225 2 + 2
    2.95917 0.5 1
    3.225 0.5 0
  3.278 4 - 2
    3.01217 0.5 1
    3.278 0.5 0
  3.33 20 + 2
    0.983 0.5 36
    1.2511 0.5 29
  3.363 6 - 2
    2.71358 0.5 4
    3.0581 0.5 2
  3.424 12 + 2
    2.024 0.5 15
    2.167 0.5 12
  3.452 8 - 2
    2.81698 0.5 3
    3.18617 0.5 1
  3.538 14 + 2
    2.13253 0.5 16
    2.332 0.5 11
  3.564 10 - 2
    2.56583 0.5 8
    2.76264 0.5 5
  3.638 4 + 2
    2.98858 0.5 4
    3.3331 0.5 2
  3.717 6 - 2
    3.06758 0.5 4
    3.4121 0.5 2
  3.784 2 + 2
    3.51817 0.5 1
    3.784 0.5 0
  3.874 8 - 2
    3.23898 0.5 3
    3.60817 0.5 1
  3.9 4 + 2
    3.25058 0.5 4
    3.5951 0.5 2
  3.938 12 - 2
    2.732 0.5 11
    2.98583 0.5 7
  3.976 6 + 2
    3.34098 0.5 3
    3.71017 0.5 1
  4.126 10 - 2
    3.12783 0.5 8
    3.32464 0.5 5
  4.2 0 + 2
    3.55058 0.5 4
    3.8951 0.5 2
  4.238 6 + 2
    3.60298 0.5 3
    3.97217 0.5 1
  4.273 4 + 2
    3.62358 0.5 4
    3.9681 0.5 2
  4.426 2 + 2
    4.16017 0.5 1
    4.426 0.5 0
  4.491 0 + 2
    3.84158 0.5 4
    4.1861 0.5 2
  4.555 8 - 2
    3.91998 0.5 3
    4.28917 0.5 1
  4.622 16 - 2
    3.0003 0.5 20
    3.169 0.5 17
  4.68 8 - 2
    4.04498 0.5 3
    4.41417 0.5 1
  4.739 10 - 2
    3.74083 0.5 8
    3.93764 0.5 5
  4.775 4 - 2
    4.50917 0.5 1
    4.775 0.5 0
  4.879 6 + 2
    4.24398 0.5 3
    4.61317 0.5 1
  4.904 2 - 2
    4.25458 0.5 4
    4.5991 0.5 2
  4.941 14 + 2
    3.53553 0.5 16
    3.735 0.5 11
  5.015 12 - 2
    3.809 0.5 11
    4.06283 0.5 7
  5.055 8 + 2
    4.05683 0.5 8
    4.25364 0.5 5
  5.091 6 - 2
    4.44158 0.5 4
    4.7861 0.5 2
  5.14 4 + 2
    4.49058 0.5 4
    4.8351 0.5 2

81 207 45
  0 1 + 0
  0.35106 3 + 1
    0.35106 1 0
  1.34818 11 - 2
    0.99712 0.966661 1
    1.34818 0.033339 0
  1.68258 5 + 2
    1.33152 0.8654 1
    1.68258 0.1346 0
  2.67569 5 + 2
    0.99311 0.8356 3
    2.67569 0.1644 0
  2.70892 5 - 1
    2.35786 1 1
  2.91183 9 - 2
    1.56365 0.949619 2
    2.56077 0.050381 1
  2.98523 9 + 2
    1.63705 0.8937 2
    2.63417 0.1063 1
  3.10443 9 + 2
    1.75625 0.958038 2
    2.75337 0.041962 1
  3.1431 9 + 3
    0.15787 0.333333 7
    0.23127 0.333333 6
    1.79492 0.333333 2
  3.21 7 - 2
    1.52742 0.5 3
    1.86182 0.5 2
  3.27256 9 + 3
    0.56364 0.3094 5
    0.59687 0.1166 4
    1.58998 0.574 3
  3.2955 7 - 2
    0.31027 0.2449 7
    1.94732 0.7551 2
  3.33603 9 + 2
    1.98785 0.992063 2
    2.98497 0.007937 1
  3.3577 9 - 3
    0.25327 0.097182 8
    0.44587 0.344807 6
    2.00952 0.558011 2
  3.474 7 + 2
    0.76508 0.5 5
    3.12294 0.5 1
  3.558 3 - 2
    1.87542 0.5 3
    3.558 0.5 0
  3.5919 13 - 1
    1.90932 1 3
  3.791 11 - 2
    0.80577 0.5 7
    2.44282 0.5 2
  3.81309 3 - 1
    2.46491 1 2
  3.856 15 + 1
    0.2641 1 17
  3.904 1 - 2
    1.19508 0.5 5
    3.55294 0.5 1
  3.958 5 + 2
    2.27542 0.5 3
    3.958 0.5 0
  3.987 7 - 2
    2.30442 0.5 3
    2.63882 0.5 2
  4.078 13 + 2
    1.09277 0.5 7
    2.72982 0.5 2
  4.103 3 - 2
    2.42042 0.5 3
    4.103 0.5 0
  4.289 5 + 2
    2.60642 0.5 3
    4.289 0.5 0
  4.293 11 - 1
    0.47991 1 19
  4.337 1 + 2
    2.65442 0.5 3
    4.337 0.5 0
  4.418 7 - 1
    0.60491 1 19
  4.432 17 + 1
    0.354 1 24
  4.503 3 - 2
    2.82042 0.5 3
    4.503 0.5 0
  4.521 1 + 2
    2.83842 0.5 3
    4.521 0.5 0
  4.589 5 - 2
    1.88008 0.5 5
    4.23794 0.5 1
  4.696 5 + 2
    3.01342 0.5 3
    4.696 0.5 0
  4.737 7 - 2
    3.05442 0.5 3
    3.38882 0.5 2
  4.888 7 + 2
    2.17908 0.5 5
    4.53694 0.5 1
  4.92 11 - 2
    1.93477 0.5 7
    3.57182 0.5 2
  4.982 3 + 2
    2.27308 0.5 5
    4.63094 0.5 1
  5.037 5 + 2
    3.35442 0.5 3
    5.037 0.5 0
  5.8 13 - 2
    2.4423 0.5 14
    2.88817 0.5 6
  6.2 15 - 2
    2.409 0.5 18
    4.85182 0.5 2
  7.4 19 + 1
    3.544 1 20
  7.75 11 - 2
    4.76477 0.5 7
    6.40182 0.5 2
  8.05 7 + 2
    5.34108 0.5 5
    7.69894 0.5 1

81 208 52
  0 10 + 0
  0.039858 8 + 1
    0.039858 1 0
  0.32804 10 + 2
    0.288182 0.7477 1
    0.32804 0.2523 0
  0.4734 8 + 2
    0.433542 0.2589 1
    0.4734 0.7411 0
  0.49284 6 + 1
    0.452982 1 1
  0.617 8 - 2
    0.1436 0.5 3
    0.28896 0.5 2
  0.6204 12 + 2
    0.580542 0.5 1
    0.6204 0.5 0
  0.698 4 + 2
    0.2246 0.5 3
    0.658142 0.5 1
  0.76 10 - 3
    0.143 0.333333 5
    0.26716 0.333333 4
    0.2866 0.333333 3
  0.789 2 - 1
    0.091 1 7
  0.8 2 - 2
    0.011 0.5 9
    0.102 0.5 7
  0.803 6 + 2
    0.043 0.5 8
    0.31016 0.5 4
  1.135 4 - 2
    0.518 0.5 5
    0.64216 0.5 4
  1.199 14 - 2
    0.439 0.5 8
    0.5786 0.5 6
  1.245 0 - 1
    0.11 1 12
  1.322 6 - 2
    0.8486 0.5 3
    1.28214 0.5 1
  1.362 8 - 2
    0.559 0.5 11
    0.602 0.5 8
  1.41 4 + 2
    0.9366 0.5 3
    1.37014 0.5 1
  1.474 16 + 2
    0.275 0.5 13
    0.8536 0.5 6
  1.525 12 - 2
    1.19696 0.5 2
    1.525 0.5 0
  1.637 6 + 2
    1.30896 0.5 2
    1.637 0.5 0
  1.652 6 + 4
    0.29 0.25 16
    0.849 0.25 11
    0.892 0.25 8
    1.15916 0.25 4
  1.696 4 - 2
    1.079 0.5 5
    1.20316 0.5 4
  1.728 8 - 4
    0.366 0.25 16
    0.925 0.25 11
    0.968 0.25 8
    1.23516 0.25 4
  1.775 2 + 2
    0.972 0.5 11
    1.28216 0.5 4
  1.851 18 - 2
    0.377 0.5 18
    0.652 0.5 13
  1.912 14 + 2
    1.58396 0.5 2
    1.912 0.5 0
  1.97 4 - 2
    1.353 0.5 5
    1.47716 0.5 4
  2.013 10 + 2
    1.68496 0.5 2
    2.013 0.5 0
  2.093 12 - 2
    1.76496 0.5 2
    2.093 0.5 0
  2.197 2 + 2
    1.394 0.5 11
    1.70416 0.5 4
  2.632 6 - 2
    2.1586 0.5 3
    2.59214 0.5 1
  2.7 2 - 2
    1.911 0.5 9
    2.002 0.5 7
  2.72 4 + 2
    2.2466 0.5 3
    2.68014 0.5 1
  2.794 0 + 2
    2.005 0.5 9
    2.096 0.5 7
  2.861 8 - 2
    2.53296 0.5 2
    2.861 0.5 0
  2.917 10 + 2
    2.58896 0.5 2
    2.917 0.5 0
  3.053 6 - 2
    2.5796 0.5 3
    3.01314 0.5 1
  3.194 4 + 2
    2.7206 0.5 3
    3.15414 0.5 1
  3.255 12 - 2
    2.92696 0.5 2
    3.255 0.5 0
  3.325 8 + 2
    2.8516 0.5 3
    3.28514 0.5 1
  3.4 6 - 2
    2.9266 0.5 3
    3.36014 0.5 1
  3.482 20 + 2
    1.631 0.5 25
    2.008 0.5 18
  4 10 - 2
    3.5266 0.5 3
    3.96014 0.5 1
  4.285 4 + 2
    3.8116 0.5 3
    4.24514 0.5 1
  5.1 0 - 2
    3.855 0.5 14
    3.965 0.5 12
  5.8 4 + 2
    5.3266 0.5 3
    5.76014 0.5 1
  7 0 + 2
    6.211 0.5 9
    6.302 0.5 7
  8.3 2 - 2
    7.511 0.5 9
    7.602 0.5 7
  13.6 2 + 2
    12.797 0.5 11
    13.1072 0.5 4
  16.5 8 - 2
    16.172 0.5 2
    16.5 0.5 0
  20.4 6 - 2
    19.9266 0.5 3
    20.3601 0.5 1

81 209 8
  0 1 + 0
  0.32381 3 + 1
    0.32381 1 0
  0.739 5 + 1
    0.739 1 0
  0.8683 7 + 2
    0.54449 0.5652 1
    0.8683 0.4348 0
  0.947 9 + 1
    0.208 1 2
  1.23 11 + 1
    0.3617 1 3
  1.369 11 - 1
    0.422 1 4
  1.748 5 + 2
    1.009 0.5 2
    1.748 0.5 0

81 210 6
  0 10 + 0
  0.0625 8 + 1
    0.0625 1 0
  0.2536 6 + 1
    0.1911 1 1
  0.335 12 + 1
    0.2725 1 1
  0.499 4 + 1
    0.4365 1 1
  0.583 6 + 2
    0.3294 0.5 2
    0.583 0.5 0

81 214 1
  0 10 + 0

81 215 1
  0 1 + 0

81 216 1
  0 10 + 0

81 217 1
  0 1 + 0

