69 144 1
  0 20 + 0

69 145 6
  0 11 - 0
  0.3384 15 - 1
    0.3384 1 0
  0.8688 19 - 1
    0.5304 1 1
  1.555 23 - 1
    0.6862 1 2
  2.3738 27 - 1
    0.8188 1 3
  3.3115 31 - 1
    0.9377 1 4

69 146 2
  0 12 - 0
  0.18 20 + 1
    0.18 1 0

69 147 13
  0 11 - 0
  0.068 3 + 1
    0.068 1 0
  0.4637 15 - 1
    0.4637 1 0
  0.5434 13 - 1
    0.5434 1 0
  0.655 5 + 1
    0.587 1 1
  1.0818 17 - 1
    0.5384 1 3
  1.1275 19 - 1
    0.6638 1 2
  1.7769 21 - 1
    0.6951 1 5
  1.9349 23 - 1
    0.8074 1 6
  2.5656 7 + 1
    0.6307 1 8
  3.0092 9 + 1
    0.4436 1 9
  3.3756 1 + 1
    0.3664 1 10
  3.5235 5 + 1
    0.5143 1 10

69 148 1
  0 20 + 0

69 149 1
  0 11 - 0

69 150 6
  0 12 - 0
  0.0168 10 - 1
    0.0168 1 0
  0.105 10 - 2
    0.0882 0.5431 1
    0.105 0.4569 0
  0.2199 12 - 3
    0.1149 0.2467 2
    0.2031 0.5363 1
    0.2199 0.217 0
  0.3404 14 - 2
    0.1205 0.5701 3
    0.3404 0.4299 0
  0.6716 20 + 1
    0.3312 1 4

69 151 17
  0 11 - 0
  0.1 1 + 1
    0.1 1 0
  1.074 11 - 1
    1.074 1 0
  1.4776 15 - 1
    1.4776 1 0
  1.48983 15 + 1
    1.48983 1 0
  1.90564 19 + 1
    0.41581 1 4
  2.17648 19 - 1
    0.69888 1 3
  2.29955 23 + 1
    0.39391 1 5
  2.51527 23 - 2
    0.21572 0.1222 7
    0.33879 0.8778 6
  2.65567 27 - 1
    0.1404 1 8
  3.5556 23 + 1
    1.25605 1 7
  3.9814 27 - 1
    0.4258 1 10
  3.9879 31 - 1
    1.33223 1 9
  4.4072 25 + 1
    0.4258 1 11
  4.6127 35 - 1
    0.6248 1 12
  5.8583 37 + 2
    1.2456 0.909091 14
    1.4511 0.090909 13
  6.9085 5 + 1
    1.0502 1 15

69 152 8
  0 4 - 0
  0.1 18 + 1
    0.1 1 0
  0.14161 2 + 1
    0.14161 1 0
  0.45836 6 + 1
    0.31675 1 2
  0.48232 2 + 1
    0.48232 1 0
  0.9686 8 + 1
    0.82699 1 2
  1.09074 10 + 1
    0.94913 1 2
  6.3 12 + 1
    5.3314 1 5

69 153 64
  0 11 - 0
  0.0432 1 + 1
    0.0432 1 0
  0.1349 3 + 1
    0.0917 1 1
  0.5045 5 + 1
    0.3696 1 2
  0.5474 9 - 1
    0.5474 1 0
  0.6741 7 - 2
    0.1267 0.085263 4
    0.6741 0.914737 0
  0.7907 15 - 1
    0.7907 1 0
  0.8047 1 - 1
    0.6698 1 2
  0.8433 5 - 1
    0.7084 1 2
  0.8872 7 - 1
    0.7523 1 2
  0.8922 1 + 1
    0.7573 1 2
  0.9087 11 + 1
    0.3613 1 4
  0.9389 7 - 1
    0.2648 1 5
  0.9615 3 - 1
    0.8266 1 2
  1.0202 1 + 1
    0.5157 1 3
  1.1017 9 + 4
    0.4276 0.091955 5
    0.5543 0.153308 4
    0.5972 0.371619 3
    0.9668 0.383119 2
  1.134 5 + 1
    0.5866 1 4
  1.1521 13 + 1
    1.0172 1 2
  1.3273 3 + 1
    1.1924 1 2
  1.3646 5 - 3
    0.6905 0.24 5
    0.8172 0.5 4
    1.3646 0.26 0
  1.4389 19 - 1
    0.6482 1 6
  1.456 9 + 2
    0.7819 0.1667 5
    0.9086 0.8333 4
  1.6169 7 + 1
    0.9428 1 5
  1.7756 3 - 2
    1.1015 0.5 5
    1.2282 0.5 4
  1.7859 23 - 1
    0.347 1 20
  1.8539 5 + 3
    1.1798 0.3436 5
    1.3065 0.4405 4
    1.8539 0.2159 0
  1.8793 25 - 1
    0.0934 1 24
  2.035 7 + 1
    1.9001 1 2
  2.0393 9 + 2
    1.5348 0.6369 3
    1.9044 0.3631 2
  2.2399 27 - 1
    0.3606 1 26
  2.8115 27 + 1
    0.9322 1 26
  3.0165 29 + 2
    0.205 0.5 30
    0.7766 0.5 29
  3.0888 31 + 1
    0.0723 1 31
  3.2492 29 - 1
    1.3699 1 26
  3.4232 31 + 1
    0.4067 1 31
  3.6081 31 - 1
    1.3682 1 29
  3.6355 31 - 1
    1.3956 1 29
  3.6599 31 + 3
    0.2367 0.333333 34
    0.5711 0.333333 32
    0.6434 0.333333 31
  3.9121 33 - 2
    0.6629 0.5 33
    0.8233 0.5 32
  3.9957 35 + 3
    0.3358 0.333333 37
    0.5725 0.333333 34
    0.9069 0.333333 32
  4.1309 35 - 2
    0.4954 0.5 36
    0.5228 0.5 35
  4.1492 37 + 1
    0.1535 1 39
  4.1871 37 - 2
    0.1914 0.5 39
    0.275 0.5 38
  4.3352 39 - 2
    0.1481 0.5 42
    0.2043 0.5 40
  4.541 39 + 1
    0.3539 1 42
  4.7043 39 - 1
    0.5551 1 41
  4.8734 41 + 3
    0.1691 0.333333 45
    0.3324 0.333333 44
    0.7242 0.333333 41
  4.9187 43 - 1
    0.5835 1 43
  5.1799 41 + 1
    0.8447 1 43
  5.3173 41 - 1
    0.9821 1 43
  5.3493 43 + 2
    0.4306 0.5 47
    0.4759 0.5 46
  5.5799 43 - 2
    0.2626 0.5 49
    0.6612 0.5 47
  5.9564 45 + 1
    0.6071 1 50
  6.0779 47 - 2
    0.1215 0.5 52
    0.498 0.5 51
  6.1279 47 + 1
    0.1715 1 52
  6.1956 47 - 1
    1.2769 1 47
  6.6667 51 + 1
    0.5388 1 54
  6.9004 51 - 1
    0.704799 1 55
  7.2065 49 + 1
    1.2501 1 52
  7.3529 51 - 2
    1.225 0.5 54
    1.275 0.5 53
  7.7238 53 + 1
    0.8234 1 57
  7.9764 55 - 1
    0.2526 1 60
  8.1345 55 + 1
    0.781601 1 59
  9.1688 57 - 1
    1.0343 1 62

69 154 3
  0 4 - 0
  0.1 18 + 1
    0.1 1 0
  0.1332 2 + 1
    0.1332 1 0

69 155 7
  0 11 - 0
  0.041 1 + 1
    0.041 1 0
  0.1749 5 + 1
    0.1749 1 0
  0.2362 7 + 1
    0.2362 1 0
  0.3616 3 + 2
    0.1254 0.115 3
    0.3616 0.885 0
  0.38 9 + 1
    0.2051 1 2
  0.6142 13 + 1
    0.378 1 3

69 156 3
  0 4 - 0
  0.1152 2 + 1
    0.1152 1 0
  0.3175 2 + 1
    0.2023 1 1

69 157 19
  0 1 + 0
  0.03523 3 + 1
    0.03523 1 0
  0.06951 5 + 1
    0.06951 1 0
  0.10578 7 + 1
    0.10578 1 0
  0.1152 9 + 1
    0.1152 1 0
  0.1645 11 + 2
    0.12927 0.3671 1
    0.1645 0.6329 0
  0.20678 13 + 1
    0.101 1 3
  0.23108 5 + 1
    0.23108 1 0
  0.3175 7 + 1
    0.2023 1 4
  0.33995 3 - 1
    0.33995 1 0
  0.34786 9 - 3
    0.11678 0.04511 7
    0.24208 0.751893 3
    0.34786 0.202998 0
  0.35386 15 - 2
    0.18936 0.3289 5
    0.35386 0.6711 0
  0.43053 5 - 2
    0.36102 0.8333 2
    0.43053 0.1667 0
  0.45828 1 - 2
    0.2272 0.6667 7
    0.45828 0.3333 0
  0.5804 7 - 1
    0.47462 1 3
  0.63981 3 - 2
    0.28595 0.565 11
    0.47531 0.435 5
  0.65687 11 - 1
    0.49237 1 5
  0.78774 9 - 1
    0.44779 1 9
  0.8347 5 + 1
    0.6702 1 5

69 158 3
  0 4 - 0
  0.0741 2 + 1
    0.0741 1 0
  0.1 10 + 1
    0.1 1 0

69 159 74
  0 5 + 0
  0.05298 7 + 1
    0.05298 1 0
  0.06218 1 + 1
    0.06218 1 0
  0.07776 3 + 1
    0.07776 1 0
  0.16617 7 - 2
    0.11319 0.131 1
    0.16617 0.869 0
  0.17712 7 + 1
    0.17712 1 0
  0.1827 9 - 2
    0.00558 0.5 5
    0.12972 0.5 1
  0.2326 11 - 2
    0.0499 0.5 6
    0.06643 0.5 4
  0.2467 9 + 1
    0.19372 1 1
  0.25379 5 + 2
    0.17603 0.8635 3
    0.25379 0.1365 0
  0.31689 7 + 2
    0.13977 0.096336 5
    0.23913 0.903664 3
  0.37452 9 + 1
    0.1974 1 5
  0.4567 11 + 2
    0.21 0.5 8
    0.40372 0.5 1
  0.4636 13 - 2
    0.231 0.7978 7
    0.2809 0.2022 6
  0.47988 3 + 4
    0.22609 0.40018 9
    0.30276 0.120194 5
    0.31371 0.079846 4
    0.40212 0.39978 3
  0.49638 7 - 2
    0.33021 0.7497 4
    0.49638 0.2503 0
  0.55631 9 - 1
    0.39014 1 4
  0.5634 15 - 2
    0.0998 0.5 13
    0.3308 0.5 7
  0.57266 5 - 4
    0.31887 0.074693 9
    0.39554 0.106689 5
    0.40649 0.357464 4
    0.57266 0.461154 0
  0.58431 7 + 2
    0.26742 0.5189 10
    0.33052 0.4811 9
  0.63893 3 - 2
    0.32204 0.813 10
    0.63893 0.187 0
  0.64467 1 - 3
    0.46755 0.1267 5
    0.4785 0.4208 4
    0.64467 0.4525 0
  0.6913 13 + 2
    0.2346 0.5 12
    0.4446 0.5 8
  0.77331 5 - 2
    0.29343 0.813 14
    0.77331 0.187 0
  0.81319 3 - 1
    0.4963 1 10
  0.8352 5 - 3
    0.33882 0.1556 15
    0.58141 0.1037 9
    0.66903 0.7407 4
  0.9029 1 + 2
    0.40652 0.4681 15
    0.73673 0.5319 4
  0.9088 17 - 2
    0.3454 0.5 17
    0.4452 0.5 13
  0.9463 15 + 2
    0.255 0.5 22
    0.4896 0.5 12
  1.01802 3 - 3
    0.46171 0.6135 16
    0.76423 0.1656 9
    0.94026 0.2209 3
  1.0251 19 - 2
    0.1163 0.5 27
    0.4617 0.5 17
  1.06273 11 + 2
    0.47842 0.4845 19
    0.88561 0.5155 5
  1.21282 5 + 3
    0.65651 0.172617 16
    0.8383 0.59526 11
    1.0357 0.232123 5
  1.2175 17 + 2
    0.2712 0.5 28
    0.5262 0.5 22
  1.29645 9 - 4
    0.74014 0.269073 16
    0.80007 0.164684 15
    1.24347 0.164684 1
    1.29645 0.40156 0
  1.39268 3 - 4
    0.37466 0.526353 29
    1.22651 0.142114 4
    1.3397 0.152615 1
    1.39268 0.178918 0
  1.39984 5 + 2
    1.23367 0.5376 4
    1.39984 0.4624 0
  1.4582 21 - 2
    0.4331 0.5 30
    0.5494 0.5 27
  1.507 19 + 2
    0.2895 0.5 33
    0.5607 0.5 28
  1.55165 7 - 3
    1.38548 0.3156 4
    1.49867 0.3546 1
    1.55165 0.3298 0
  1.5833 23 - 2
    0.1251 0.5 37
    0.5582 0.5 30
  1.8008 21 + 2
    0.2938 0.5 38
    0.5833 0.5 33
  2.0764 25 - 2
    0.4931 0.5 40
    0.6182 0.5 37
  2.11 23 + 2
    0.3092 0.5 41
    0.603 0.5 38
  2.176 23 + 1
    0.7178 1 37
  2.2128 27 - 1
    0.6295 1 40
  2.3744 25 + 4
    0.1984 0.25 44
    0.2644 0.25 43
    0.5736 0.25 41
    0.7911 0.25 40
  2.4229 25 + 3
    0.3129 0.333333 43
    0.6221 0.333333 41
    0.8396 0.333333 40
  2.5492 27 + 4
    0.1263 0.25 47
    0.1748 0.25 46
    0.3732 0.25 44
    0.4392 0.25 43
  2.7035 29 + 3
    0.1543 0.333333 48
    0.2806 0.333333 47
    0.3291 0.333333 46
  2.7096 29 - 2
    0.4968 0.5 45
    0.6332 0.5 42
  2.8623 31 - 2
    0.1527 0.5 50
    0.6495 0.5 45
  2.9111 31 + 2
    0.2076 0.5 49
    0.3619 0.5 48
  3.1399 33 - 2
    0.2776 0.5 51
    0.4303 0.5 50
  3.1587 33 + 2
    0.2476 0.5 52
    0.4552 0.5 49
  3.3486 35 - 2
    0.2087 0.5 53
    0.4863 0.5 51
  3.4024 35 + 2
    0.2437 0.5 54
    0.4913 0.5 52
  3.5827 37 - 2
    0.2341 0.5 55
    0.4428 0.5 53
  3.7336 37 + 2
    0.3312 0.5 56
    0.5749 0.5 54
  3.8592 39 - 2
    0.2765 0.5 57
    0.5106 0.5 55
  4.0194 39 + 1
    0.617 1 56
  4.1352 41 - 2
    0.276001 0.5 59
    0.552501 0.5 57
  4.4046 41 + 1
    0.671 1 58
  4.4588 43 - 2
    0.323599 0.5 61
    0.5996 0.5 59
  4.742 43 + 1
    0.7226 1 60
  4.7787 45 - 2
    0.3199 0.5 63
    0.643499 0.5 61
  5.144 47 - 2
    0.3653 0.5 65
    0.6852 0.5 63
  5.5037 49 - 2
    0.3597 0.5 66
    0.725 0.5 65
  5.9069 51 - 2
    0.4032 0.5 67
    0.7629 0.5 66
  6.3027 53 - 2
    0.395801 0.5 68
    0.799001 0.5 67
  6.7405 55 - 2
    0.437799 0.5 69
    0.8336 0.5 68
  7.1722 57 - 2
    0.431701 0.5 70
    0.8695 0.5 69
  7.6495 59 - 1
    0.909 1 70
  8.1322 61 - 1
    0.959999 1 71

69 160 12
  0 2 - 0
  0.0421 4 - 1
    0.0421 1 0
  0.07 10 - 1
    0.07 1 0
  0.09943 2 + 1
    0.09943 1 0
  0.14033 6 + 2
    0.09823 0.1304 1
    0.14033 0.8696 0
  0.17438 2 + 3
    0.03405 0.5701 4
    0.13228 0.2296 1
    0.17438 0.2003 0
  0.21584 2 + 4
    0.04146 0.191598 5
    0.11641 0.01211 3
    0.17374 0.543495 1
    0.21584 0.252797 0
  0.49449 2 + 2
    0.32011 0.7785 5
    0.35416 0.2215 4
  0.54336 8 + 1
    0.32752 1 6
  0.54738 2 + 1
    0.373 1 5
  0.60537 2 + 2
    0.06201 0.6013 8
    0.38953 0.3987 6
  0.79796 2 + 1
    0.58212 1 6

69 161 96
  0 7 + 0
  0.0074 1 + 1
    0.0074 1 0
  0.0189 5 + 1
    0.0189 1 0
  0.02271 3 + 1
    0.01531 1 1
  0.0782 7 - 1
    0.0782 1 0
  0.1492 9 - 1
    0.071 1 4
  0.15909 7 + 1
    0.14019 1 2
  0.16181 9 + 1
    0.16181 1 0
  0.16715 5 + 1
    0.14444 1 3
  0.21097 7 + 1
    0.18826 1 3
  0.2548 11 - 2
    0.1056 0.901609 5
    0.1766 0.098391 4
  0.32666 9 + 2
    0.16757 0.5 6
    0.30776 0.5 2
  0.33747 1 + 3
    0.31476 0.446 3
    0.31857 0.1005 2
    0.33007 0.4535 1
  0.34789 11 + 2
    0.18608 0.4444 7
    0.34789 0.5556 0
  0.36736 1 - 2
    0.34465 0.5653 3
    0.35996 0.4347 1
  0.37641 5 - 2
    0.3537 0.4546 3
    0.35751 0.5454 2
  0.4175 13 - 2
    0.1627 0.8245 10
    0.2683 0.1755 5
  0.43319 5 - 3
    0.22222 0.1061 9
    0.26604 0.3524 8
    0.41048 0.5415 3
  0.46567 3 - 2
    0.29852 0.7692 8
    0.44296 0.2308 3
  0.51574 11 + 2
    0.18908 0.635 11
    0.35665 0.365 6
  0.52388 9 - 2
    0.14747 0.5 15
    0.31291 0.5 9
  0.53135 11 + 3
    0.20469 0.2447 11
    0.32038 0.3094 9
    0.37226 0.4459 6
  0.55734 13 + 2
    0.20945 0.4859 13
    0.39553 0.5141 7
  0.5774 15 - 2
    0.1599 0.6729 16
    0.3226 0.3271 10
  0.6254 3 - 3
    0.15973 0.148915 18
    0.19221 0.141814 17
    0.45825 0.709271 8
  0.63874 3 - 1
    0.56054 1 4
  0.64789 5 - 1
    0.56969 1 4
  0.67808 5 - 3
    0.51899 0.020571 6
    0.59988 0.872526 4
    0.65918 0.106903 2
  0.70966 5 - 4
    0.07092 0.030361 25
    0.55057 0.01656 6
    0.63146 0.885227 4
    0.69076 0.067852 2
  0.7563 13 - 3
    0.22495 0.3246 21
    0.23242 0.4305 20
    0.24056 0.2449 19
  0.7885 15 + 2
    0.23116 0.3167 22
    0.44061 0.6833 13
  0.8156 17 - 2
    0.2382 0.6158 23
    0.3981 0.3842 16
  0.98915 15 + 1
    0.4578 1 21
  1.0084 19 - 2
    0.1928 0.4533 31
    0.431 0.5467 23
  1.03673 17 + 2
    0.24823 0.1966 30
    0.47939 0.8034 22
  1.08 17 - 1
    0.3237 1 29
  1.1807 7 + 3
    0.47104 0.5917 28
    0.53281 0.2249 26
    1.02161 0.1834 6
  1.30503 19 + 2
    0.2683 0.1826 34
    0.51653 0.8174 30
  1.3101 21 - 2
    0.3017 0.4446 33
    0.4945 0.5554 31
  1.496 21 - 1
    0.416 1 35
  1.52553 23 - 2
    0.21543 0.3862 38
    0.51713 0.6138 33
  1.58166 21 + 2
    0.27663 0.2771 37
    0.54493 0.7229 34
  1.87397 25 - 2
    0.34844 0.4347 40
    0.56387 0.5653 38
  1.87672 23 + 2
    0.29506 0.1386 41
    0.57169 0.8614 37
  1.9961 25 - 1
    0.5001 1 39
  2.10896 27 - 2
    0.23499 0.2825 42
    0.58343 0.7175 40
  2.17226 25 + 2
    0.29554 0.095936 43
    0.5906 0.904064 41
  2.478 27 + 2
    0.30574 0.3338 46
    0.60128 0.6662 43
  2.48096 29 - 2
    0.372 0.3443 45
    0.60699 0.6557 42
  2.5702 29 - 1
    0.5741 1 44
  2.73658 31 - 2
    0.25562 0.3016 48
    0.62762 0.6984 45
  2.786 29 + 2
    0.308 0.16 47
    0.61374 0.84 46
  3.0509 33 - 2
    0.31432 0.4368 50
    0.56994 0.5632 48
  3.11 31 + 2
    0.324 0.1261 51
    0.632 0.8739 47
  3.117 33 - 2
    0.38042 0.5 50
    0.63604 0.5 48
  3.2063 33 - 1
    0.6361 1 49
  3.25535 35 - 2
    0.20445 0.6829 52
    0.51877 0.3171 50
  3.3811 35 - 3
    0.2641 0.333333 54
    0.3302 0.333333 52
    0.64452 0.333333 50
  3.441 33 + 2
    0.331 0.1101 53
    0.655 0.8899 51
  3.47676 37 - 2
    0.22141 0.6639 56
    0.42586 0.3361 52
  3.723 37 - 2
    0.3419 0.5 57
    0.606 0.5 54
  3.73967 39 - 2
    0.26291 0.4123 59
    0.48432 0.5877 56
  3.779 35 + 2
    0.338 0.1225 58
    0.669 0.8775 53
  3.886 37 - 1
    0.6797 1 55
  4.0127 41 - 2
    0.27303 0.56 61
    0.53594 0.44 59
  4.084 39 - 2
    0.361 0.5 60
    0.7029 0.5 57
  4.13 37 + 2
    0.351 0.5 62
    0.689 0.5 58
  4.3304 43 - 2
    0.3177 0.5057 64
    0.59073 0.4943 61
  4.492 39 + 1
    0.713 1 62
  4.578 41 - 1
    0.692 1 63
  4.656 45 - 2
    0.3256 0.3374 67
    0.6433 0.6626 64
  4.867 41 + 1
    0.737 1 66
  5.017 47 - 2
    0.361 0.3414 70
    0.6866 0.6586 67
  5.267 43 + 1
    0.775 1 68
  5.27 45 - 1
    0.692 1 69
  5.394 49 - 2
    0.377 0.284 72
    0.738 0.716 70
  5.675 45 + 1
    0.808 1 71
  5.789 51 - 2
    0.395001 0.4013 75
    0.772001 0.5987 72
  5.988 49 - 1
    0.718 1 74
  6.113 47 + 1
    0.846 1 73
  6.217 53 - 2
    0.427999 0.5 77
    0.823 0.5 75
  6.56 49 + 1
    0.885 1 76
  6.633 55 - 1
    0.843999 1 77
  6.726 53 - 1
    0.738 1 78
  7.037 51 + 1
    0.924 1 79
  7.11 57 - 1
    0.893 1 80
  7.519 53 + 1
    0.959001 1 81
  7.534 59 - 1
    0.901 1 82
  8.053 61 - 1
    0.943 1 85
  8.476 63 - 1
    0.942001 1 87
  9.034 65 - 1
    0.981 1 88
  9.457 67 - 1
    0.981 1 89
  10.06 69 - 1
    1.026 1 90
  10.483 71 - 1
    1.026 1 91
  11.141 73 - 1
    1.081 1 92
  11.582 75 - 1
    1.099 1 93

69 162 21
  0 2 - 0
  0.044651 4 - 1
    0.044651 1 0
  0.0669 4 - 1
    0.0669 1 0
  0.1 10 + 1
    0.0331 1 2
  0.163351 2 + 2
    0.1187 0.4827 1
    0.163351 0.5173 0
  0.2903 4 + 2
    0.126949 0.7477 4
    0.2903 0.2523 0
  0.40831 0 - 1
    0.244959 1 4
  0.41588 2 + 1
    0.12558 1 5
  0.45102 2 + 2
    0.406369 0.5887 1
    0.45102 0.4113 0
  0.73945 2 + 1
    0.576099 1 4
  0.7474 2 + 2
    0.4571 0.3181 5
    0.584049 0.6819 4
  0.75493 2 - 1
    0.591579 1 4
  0.771 2 + 2
    0.607649 0.901609 4
    0.726349 0.098391 1
  0.7802 2 - 2
    0.32918 0.2615 8
    0.616849 0.7385 4
  0.78264 2 + 3
    0.619289 0.4274 4
    0.737989 0.4242 1
    0.78264 0.1484 0
  0.79182 2 + 1
    0.628469 1 4
  0.80048 4 - 3
    0.34946 0.6863 8
    0.3846 0.1574 7
    0.637129 0.1563 4
  0.81575 4 + 2
    0.39987 0.456 7
    0.652399 0.544 4
  0.85774 4 - 1
    0.694389 1 4
  0.9014 2 + 2
    0.738049 0.8747 4
    0.856749 0.1253 1
  0.95404 6 - 3
    0.18304 0.528747 12
    0.20664 0.332567 10
    0.54573 0.138686 6

69 163 142
  0 1 + 0
  0.01352 3 + 1
    0.01352 1 0
  0.02329 7 + 1
    0.00977 1 1
  0.08692 7 - 1
    0.06363 1 2
  0.13671 5 + 2
    0.12319 0.923018 1
    0.13671 0.076982 0
  0.14439 5 + 3
    0.00768 0.2571 4
    0.13087 0.5793 1
    0.14439 0.1636 0
  0.16469 9 + 1
    0.1414 1 2
  0.17459 9 - 1
    0.08767 1 3
  0.19607 7 + 1
    0.18255 1 1
  0.21714 1 - 2
    0.20362 0.5663 1
    0.21714 0.4337 0
  0.24797 5 - 1
    0.23445 1 1
  0.2535 3 + 2
    0.10911 0.1414 5
    0.23998 0.8586 1
  0.25835 7 + 2
    0.11396 0.6051 5
    0.12164 0.3949 4
  0.2903 11 - 2
    0.11571 0.925237 7
    0.20338 0.074763 3
  0.32622 3 - 4
    0.18183 0.111615 5
    0.18951 0.121616 4
    0.3127 0.082281 1
    0.32622 0.684489 0
  0.33108 11 + 2
    0.16639 0.822 6
    0.30779 0.178 2
  0.36636 3 + 3
    0.22197 0.067447 5
    0.35284 0.466877 1
    0.36636 0.465677 0
  0.36908 9 - 2
    0.12111 0.2223 10
    0.17301 0.7777 8
  0.3831 9 + 2
    0.18703 0.5 8
    0.23871 0.5 5
  0.43689 13 - 2
    0.14659 0.8199 13
    0.2623 0.1801 7
  0.4492 5 + 4
    0.25313 0.186181 8
    0.30481 0.108689 5
    0.31249 0.251875 4
    0.43568 0.453255 1
  0.45119 11 + 1
    0.25512 1 8
  0.49802 7 - 2
    0.35363 0.4525 5
    0.36131 0.5475 4
  0.52109 13 + 1
    0.3564 1 6
  0.55956 7 + 3
    0.36349 0.741452 8
    0.41517 0.162611 5
    0.42285 0.095937 4
  0.58648 13 - 2
    0.13529 0.2922 21
    0.2174 0.7078 17
  0.6036 15 - 2
    0.16671 0.5735 19
    0.3133 0.4265 13
  0.6291 5 - 2
    0.48471 0.5988 5
    0.49239 0.4012 4
  0.68373 1 - 2
    0.53934 0.7353 5
    0.54702 0.2647 4
  0.728 13 + 2
    0.27681 0.5 21
    0.3449 0.5 18
  0.73259 15 + 2
    0.2115 0.1859 23
    0.40151 0.8141 15
  0.77409 3 - 3
    0.40773 0.1321 16
    0.57802 0.2339 8
    0.68717 0.634 3
  0.8048 17 - 2
    0.2012 0.5883 26
    0.36791 0.4117 19
  0.80613 5 - 2
    0.66174 0.8403 5
    0.80613 0.1597 0
  0.82394 5 - 3
    0.64935 0.1185 7
    0.68723 0.4828 4
    0.73702 0.3987 3
  0.8297 15 + 2
    0.24322 0.173 25
    0.37851 0.827 21
  0.9005 17 - 2
    0.2969 0.027419 26
    0.31402 0.97258 25
  0.94729 5 - 6
    0.14116 0.009483 33
    0.68894 0.017289 12
    0.7727 0.022029 7
    0.8029 0.030239 5
    0.81058 0.052688 4
    0.86037 0.868271 3
  0.96285 17 + 2
    0.23026 0.2188 30
    0.44176 0.7812 23
  1.0115 19 - 2
    0.2067 0.4928 32
    0.4079 0.5072 26
  1.121 9 + 1
    0.53452 1 25
  1.13064 3 - 5
    0.57108 0.105297 24
    0.80442 0.052628 14
    0.9135 0.180495 9
    0.98625 0.375889 5
    0.99393 0.285691 4
  1.1595 17 + 2
    0.3298 0.5 35
    0.4315 0.5 29
  1.2112 19 + 2
    0.24835 0.5 38
    0.47861 0.5 30
  1.2611 21 - 2
    0.2496 0.467 39
    0.4563 0.533 32
  1.2945 19 + 2
    0.394 0.3565 36
    0.4648 0.6435 35
  1.3084 21 - 1
    0.4079 1 36
  1.34532 7 - 2
    1.3318 0.5319 1
    1.34532 0.4681 0
  1.36292 3 + 5
    0.58883 0.103296 31
    0.91372 0.191892 20
    0.99656 0.368985 16
    1.21853 0.095936 5
    1.22621 0.23989 4
  1.4736 21 + 2
    0.2624 0.5 43
    0.51075 0.5 38
  1.4984 23 - 3
    0.19 0.004697 46
    0.2373 0.364501 44
    0.4869 0.630802 39
  1.5522 9 - 1
    0.6517 1 36
  1.6615 21 + 2
    0.367 0.5 45
    0.502 0.5 42
  1.7498 23 + 2
    0.2762 0.901836 49
    0.5386 0.098164 43
  1.78008 7 - 4
    0.97395 0.1241 33
    1.00599 0.2519 31
    1.45386 0.3759 14
    1.76656 0.2481 1
  1.7857 25 - 2
    0.2873 0.3556 50
    0.5246 0.6444 44
  1.8039 25 - 2
    0.3055 0.1272 50
    0.4955 0.8728 46
  1.81955 5 + 4
    0.87226 0.2161 37
    1.37035 0.1949 20
    1.49333 0.4237 14
    1.60241 0.1653 9
  1.8208 1 + 3
    1.60366 0.1912 9
    1.67641 0.4902 5
    1.68409 0.3186 4
  1.8266 23 + 2
    0.5182 0.5054 46
    0.5321 0.4946 45
  1.83348 5 - 11
    0.88619 0.031291 37
    1.00954 0.058172 34
    1.05939 0.039471 31
    1.33546 0.038541 22
    1.38428 0.025041 20
    1.57513 0.073312 12
    1.63741 0.080712 8
    1.68909 0.155405 5
    1.69677 0.103603 4
    1.74656 0.352511 3
    1.81996 0.041941 1
  1.99477 5 - 2
    1.62569 0.043981 17
    1.90785 0.956019 3
  2.0343 25 + 2
    0.2845 0.5 53
    0.5607 0.5 49
  2.0463 27 - 3
    0.2424 0.099328 56
    0.2606 0.301924 55
    0.5479 0.598748 50
  2.2061 25 + 1
    0.5446 1 52
  2.323 27 + 1
    0.5732 1 53
  2.3564 29 - 2
    0.3101 0.3203 63
    0.5707 0.6797 55
  2.3768 29 - 2
    0.3305 0.079118 63
    0.5729 0.920882 56
  2.3973 27 + 2
    0.5707 0.5 59
    0.5934 0.5 56
  2.6077 29 + 1
    0.5734 1 62
  2.6262 31 - 3
    0.2494 0.3735 67
    0.2698 0.1798 66
    0.5799 0.4467 63
  2.7416 29 + 1
    0.5355 1 64
  2.8786 31 + 2
    0.2709 0.6296 69
    0.5556 0.3704 65
  2.9209 33 - 2
    0.2947 0.4678 70
    0.5645 0.5322 66
  2.9326 31 + 1
    0.5353 1 68
  3.0145 33 - 1
    0.6377 1 67
  3.1713 35 - 2
    0.2504 0.3176 73
    0.5451 0.6824 70
  3.2065 33 + 1
    0.4649 1 71
  3.2651 35 - 1
    0.6389 1 70
  3.4204 35 + 1
    0.4878 1 74
  3.4277 37 - 2
    0.2564 0.4615 76
    0.5068 0.5385 73
  3.6896 39 - 2
    0.2619 0.3124 80
    0.5183 0.6876 76
  3.7136 37 - 1
    0.6991 1 75
  3.7222 37 + 1
    0.5157 1 77
  3.9648 39 + 1
    0.5444 1 79
  3.9676 41 - 2
    0.278 0.4529 81
    0.5399 0.5471 80
  4.0945 39 - 2
    0.8294 0.5294 78
    0.9232 0.4706 76
  4.2664 43 - 2
    0.2988 0.3931 85
    0.5768 0.6069 81
  4.3198 41 + 1
    0.5976 1 83
  4.4432 41 - 1
    0.729601 1 82
  4.5016 41 - 1
    0.788 1 82
  4.5866 45 - 2
    0.3202 0.3436 87
    0.619 0.6564 85
  4.5884 43 + 1
    0.6236 1 84
  4.7749 43 - 1
    0.6804 1 86
  4.9185 47 - 2
    0.3319 0.3062 91
    0.6521 0.6938 87
  4.9968 45 + 1
    0.677 1 88
  5.0988 45 - 2
    0.3239 0.3919 93
    0.655599 0.6081 89
  5.1722 45 - 1
    0.728999 1 89
  5.2859 49 - 2
    0.3674 0.2852 94
    0.6993 0.7148 91
  5.4173 47 - 2
    0.3185 0.017549 96
    0.6424 0.982451 93
  5.6435 51 - 2
    0.3576 0.2696 98
    0.725 0.7304 94
  5.7403 49 + 1
    0.7435 1 95
  5.7511 49 - 2
    0.333801 0.3407 99
    0.652301 0.6593 96
  5.8932 49 - 1
    0.721 1 97
  6.0579 53 - 2
    0.4144 0.2586 100
    0.772 0.7414 98
  6.0968 51 - 2
    0.345699 0.2537 102
    0.6795 0.7463 99
  6.4335 55 - 2
    0.3756 0.2185 104
    0.79 0.7815 100
  6.4622 53 - 2
    0.365401 0.1813 105
    0.7111 0.8187 102
  6.5693 53 + 1
    0.829 1 101
  6.8379 55 - 2
    0.375699 0.2249 107
    0.7411 0.7751 105
  6.8459 57 - 1
    0.788 1 104
  6.8939 57 - 2
    0.4604 0.2838 106
    0.836 0.7162 104
  7.2368 57 - 2
    0.3989 0.1431 109
    0.774599 0.8569 107
  7.2795 59 - 2
    0.3856 0.1735 111
    0.846 0.8265 106
  7.6423 59 - 2
    0.4055 0.01669 112
    0.8044 0.98331 109
  7.7859 61 - 2
    0.5064 0.2921 113
    0.892 0.7079 111
  8.0756 61 - 2
    0.433301 0.0621 114
    0.838801 0.9379 112
  8.1755 63 - 2
    0.3896 0.1689 115
    0.896 0.8311 113
  8.5075 63 - 2
    0.4319 0.01451 116
    0.865201 0.98549 114
  8.7299 65 - 2
    0.5544 0.012149 117
    0.944 0.987851 115
  8.978 65 - 1
    0.9024 1 116
  9.1205 67 - 2
    0.390601 0.096618 119
    0.945001 0.903382 117
  9.431 67 - 2
    0.453 0.01341 120
    0.9235 0.98659 118
  9.7299 69 - 1
    1 1 119
  9.9448 69 - 1
    0.966799 1 120
  10.1155 71 - 1
    0.994999 1 121
  10.4124 71 - 1
    0.9814 1 122
  10.7889 73 - 1
    1.059 1 123
  10.9752 73 - 1
    1.0304 1 124
  11.1595 75 - 1
    1.044 1 125
  11.451 75 - 1
    1.0386 1 126
  11.9089 77 - 1
    1.12 1 127
  12.07 77 - 1
    1.0948 1 128
  12.2535 79 - 1
    1.094 1 129
  12.547 79 - 1
    1.096 1 130
  13.0899 81 - 1
    1.181 1 131
  13.219 81 - 1
    1.149 1 132
  13.4005 83 - 1
    1.147 1 133
  13.695 83 - 1
    1.148 1 134
  14.321 85 - 1
    1.2311 1 135
  14.598 87 - 1
    1.1975 1 137
  14.882 87 - 1
    1.187 1 138

69 164 96
  0 2 + 0
  0.037 4 + 1
    0.037 1 0
  0.039251 4 + 1
    0.039251 1 0
  0.040928 0 - 1
    0.040928 1 0
  0.1 12 - 1
    0.1 1 0
  0.10878 6 + 1
    0.10878 1 0
  0.1103 4 + 1
    0.1103 1 0
  0.121 6 + 1
    0.084 1 1
  0.13493 2 + 1
    0.095679 1 2
  0.1586 8 + 1
    0.0483 1 6
  0.1735 10 + 1
    0.06472 1 5
  0.2258 8 + 1
    0.1048 1 7
  0.2539 12 + 2
    0.0804 0.1505 10
    0.0953 0.8495 9
  0.302 14 + 1
    0.1285 1 10
  0.3077 10 + 1
    0.1867 1 7
  0.3471 10 + 2
    0.1213 0.6735 11
    0.2261 0.3265 7
  0.36279 2 + 1
    0.36279 1 0
  0.3818 12 - 1
    0.1279 1 12
  0.39055 2 + 1
    0.39055 1 0
  0.3916 12 + 2
    0.0839 0.43 14
    0.1658 0.57 11
  0.4108 16 + 2
    0.1088 0.092509 13
    0.1569 0.907491 12
  0.428 8 + 1
    0.388749 1 2
  0.4637 14 - 1
    0.2098 1 12
  0.4987 14 + 3
    0.1071 0.2042 19
    0.1516 0.4267 15
    0.191 0.3691 14
  0.5209 18 + 2
    0.1101 0.2211 20
    0.2189 0.7789 13
  0.5429 16 - 2
    0.0792 0.5 22
    0.1611 0.5 17
  0.5483 16 - 2
    0.1665 0.1966 17
    0.2463 0.8034 13
  0.5501 4 + 2
    0.18731 0.7567 16
    0.5501 0.2433 0
  0.55499 2 + 2
    0.16444 0.8285 18
    0.42006 0.1715 8
  0.5716 2 + 1
    0.5716 1 0
  0.58169 2 + 3
    0.19114 0.2545 18
    0.44676 0.5691 8
    0.542439 0.1764 2
  0.6249 16 + 2
    0.1262 0.2672 23
    0.2333 0.7328 19
  0.6264 2 - 2
    0.1984 0.948 21
    0.49147 0.052 8
  0.6575 20 + 1
    0.2467 1 20
  0.666725 18 - 2
    0.118425 0.5 26
    0.123825 0.5 25
  0.67555 2 + 2
    0.636299 0.3782 2
    0.67555 0.6218 0
  0.6859 18 - 1
    0.2751 1 20
  0.73272 2 + 2
    0.693469 0.9525 2
    0.73272 0.0475 0
  0.73588 2 + 2
    0.15419 0.921428 30
    0.60095 0.078572 8
  0.7739 18 + 2
    0.149 0.2284 31
    0.2752 0.7716 23
  0.7772 20 - 2
    0.110475 0.8689 34
    0.2343 0.1311 25
  0.7863 20 - 3
    0.1004 0.2757 36
    0.238 0.276 26
    0.2654 0.4483 24
  0.831 22 + 2
    0.164275 0.3604 34
    0.3101 0.6396 24
  0.9284 2 + 2
    0.887472 0.4137 3
    0.9284 0.5863 0
  0.9377 22 - 2
    0.1605 0.8613 40
    0.270975 0.1387 34
  0.94 20 + 1
    0.3151 1 31
  0.95199 6 - 2
    0.40189 0.4475 27
    0.5892 0.5525 16
  0.9758 22 - 3
    0.1895 0.415 41
    0.2899 0.2345 36
    0.3183 0.3505 33
  1.0011 24 + 1
    0.3436 1 33
  1.06014 2 + 1
    1.01921 1 3
  1.1055 24 - 5
    0.1297 0.194482 47
    0.1678 0.406963 44
    0.2745 0.060185 42
    0.3192 0.21678 41
    0.3283 0.121589 40
  1.1084 24 - 3
    0.1707 0.721428 44
    0.3221 0.139586 41
    0.3312 0.138986 40
  1.1282 22 + 1
    0.3543 1 39
  1.2324 26 + 2
    0.2313 0.1411 48
    0.4014 0.8589 42
  1.3202 26 - 2
    0.2118 0.765 51
    0.3825 0.235 44
  1.3382 24 + 1
    0.3982 1 45
  1.3443 26 - 3
    0.2388 0.3391 50
    0.3432 0.3366 48
    0.3685 0.3243 47
  1.439 28 + 1
    0.4379 1 48
  1.5125 28 - 3
    0.2801 0.0547 53
    0.4041 0.1234 51
    0.407 0.8219 50
  1.5416 28 - 3
    0.2214 0.4463 54
    0.4332 0.3179 51
    0.4361 0.2358 50
  1.562 26 + 1
    0.4338 1 52
  1.7207 30 + 2
    0.2817 0.084527 57
    0.4883 0.915473 53
  1.7884 30 - 3
    0.2759 0.386839 58
    0.3494 0.129313 57
    0.4441 0.483848 56
  1.8028 30 - 2
    0.2612 0.6077 59
    0.4826 0.3923 54
  1.8115 28 + 1
    0.4733 1 55
  1.9645 32 + 1
    0.5255 1 57
  2.006 32 - 1
    0.4935 1 58
  2.0684 30 + 1
    0.5064 1 60
  2.0711 32 - 2
    0.2683 0.4735 63
    0.5295 0.5265 59
  2.2886 34 + 2
    0.3241 0.071954 65
    0.5679 0.928046 61
  2.3082 34 - 2
    0.3022 0.1915 66
    0.5198 0.8085 62
  2.353 32 + 1
    0.5415 1 64
  2.3699 34 - 2
    0.2988 0.4883 68
    0.5671 0.5117 63
  2.5675 36 + 1
    0.603 1 65
  2.5816 36 - 1
    0.5756 1 66
  2.6473 34 + 1
    0.5789 1 67
  2.683 36 - 2
    0.3131 0.5051 72
    0.6119 0.4949 68
  2.8965 38 - 1
    0.5883 1 70
  2.9275 38 + 1
    0.6389 1 69
  2.9484 36 + 1
    0.5954 1 71
  3.0031 38 - 2
    0.3201 0.4087 76
    0.6332 0.5913 72
  3.2305 40 - 1
    0.6489 1 74
  3.2323 40 + 1
    0.6648 1 73
  3.3011 38 + 1
    0.6538 1 75
  3.3505 40 - 1
    0.6675 1 76
  3.549 42 - 1
    0.6525 1 77
  3.6353 42 - 1
    0.6322 1 80
  3.6505 42 + 1
    0.723 1 78
  3.9438 44 - 1
    0.7133 1 81
  3.9458 44 + 1
    0.7135 1 82
  4.0858 44 - 1
    0.7353 1 84
  4.2626 46 - 1
    0.7136 1 85
  4.3779 46 + 1
    0.7274 1 87
  4.5993 48 + 1
    0.6535 1 89
  4.6512 48 - 1
    0.7074 1 88
  5.0169 50 - 1
    0.7543 1 91

69 165 204
  0 1 + 0
  0.01154 3 + 1
    0.01154 1 0
  0.08037 7 + 1
    0.06883 1 1
  0.12963 5 + 2
    0.11809 0.8915 1
    0.12963 0.1085 0
  0.1582 1 - 1
    0.1582 1 0
  0.1597 7 + 1
    0.14816 1 1
  0.16047 7 - 2
    0.03084 0.02729 3
    0.0801 0.97271 2
  0.18173 5 - 1
    0.17019 1 1
  0.21061 9 + 1
    0.13024 1 2
  0.25231 9 - 1
    0.09184 1 6
  0.27552 3 - 1
    0.27552 1 0
  0.2935 9 - 2
    0.11177 0.1751 7
    0.1338 0.8249 5
  0.31559 5 + 4
    0.15589 0.107291 5
    0.18596 0.338173 3
    0.23522 0.053076 2
    0.30405 0.50146 1
  0.36226 9 + 2
    0.20256 0.6408 5
    0.23263 0.3592 3
  0.36585 11 + 2
    0.15524 0.5602 8
    0.28548 0.4398 2
  0.36865 11 - 2
    0.11634 0.932337 9
    0.20818 0.067663 6
  0.41349 11 + 2
    0.11999 0.1401 11
    0.25379 0.8599 5
  0.41594 3 + 3
    0.28631 0.117912 3
    0.4044 0.317532 1
    0.41594 0.564556 0
  0.41983 7 + 4
    0.10424 0.698786 12
    0.26013 0.137897 5
    0.2902 0.072249 3
    0.33946 0.091068 2
  0.45033 7 - 2
    0.17481 0.1001 10
    0.3207 0.8999 3
  0.49123 5 + 3
    0.33153 0.177 5
    0.3616 0.3616 3
    0.47969 0.4614 1
  0.4973 13 - 3
    0.08381 0.157391 16
    0.12865 0.063656 15
    0.2038 0.778953 11
  0.51096 13 - 2
    0.14231 0.8819 15
    0.25865 0.1181 9
  0.54493 13 + 2
    0.17908 0.362 14
    0.33432 0.638 8
  0.55192 9 + 3
    0.13209 0.663966 18
    0.23633 0.235324 12
    0.42229 0.10071 3
  0.59225 7 + 2
    0.43255 0.6348 5
    0.46262 0.3652 3
  0.67497 15 - 3
    0.16401 0.7271 22
    0.17767 0.0142 21
    0.30632 0.2587 15
  0.688 5 + 2
    0.55837 0.5 3
    0.688 0.5 0
  0.695295 13 + 2
    0.281805 0.4153 16
    0.333035 0.5847 13
  0.70167 11 - 3
    0.25134 0.228477 19
    0.33941 0.644236 13
    0.40817 0.127287 11
  0.70748 11 + 2
    0.15556 0.7366 24
    0.28765 0.2634 18
  0.72583 9 + 3
    0.31234 0.165983 16
    0.36357 0.363864 13
    0.56613 0.470153 5
  0.74594 15 + 2
    0.20101 0.2639 23
    0.38009 0.7361 14
  0.76826 15 + 3
    0.27096 0.195904 21
    0.35477 0.712614 16
    0.40241 0.091482 14
  0.7956 17 - 1
    0.2983 1 21
  0.79732 3 - 2
    0.54501 0.2308 9
    0.63685 0.7692 6
  0.83089 9 - 1
    0.57858 1 9
  0.86595 17 - 2
    0.19098 0.674 26
    0.35499 0.326 22
  0.88986 3 - 3
    0.5276 0.1071 13
    0.70813 0.1786 7
    0.87832 0.7143 1
  0.89191 13 + 2
    0.18443 0.7195 30
    0.33999 0.2805 24
  0.917 1 + 2
    0.78737 0.5 3
    0.917 0.5 0
  0.9214 5 - 3
    0.60581 0.4074 12
    0.6279 0.1296 11
    0.73967 0.463 7
  0.96772 17 + 2
    0.22178 0.1939 32
    0.42279 0.8061 23
  0.969 11 - 2
    0.75839 0.5 8
    0.80853 0.5 6
  1.01275 5 - 2
    0.65049 0.1667 13
    0.83102 0.8333 7
  1.03047 15 - 4
    0.23487 0.023798 34
    0.3288 0.406159 29
    0.335175 0.351465 28
    0.53317 0.218578 21
  1.03704 7 - 4
    0.74354 0.0111 11
    0.82643 0.134797 8
    0.87657 0.071019 6
    0.95667 0.783084 2
  1.07212 19 - 2
    0.20617 0.5679 37
    0.39715 0.4321 26
  1.08968 15 + 2
    0.19777 0.6082 39
    0.3822 0.3918 30
  1.10147 17 + 3
    0.33321 0.266684 33
    0.35553 0.038458 32
    0.406175 0.694858 28
  1.18495 21 - 1
    0.38935 1 34
  1.19049 3 - 3
    0.93818 0.116905 9
    1.00876 0.029861 7
    1.03002 0.853234 6
  1.20517 19 + 4
    0.23745 0.103393 42
    0.40957 0.094963 34
    0.43691 0.197086 33
    0.45923 0.604558 32
  1.21549 19 + 4
    0.24777 0.053581 42
    0.41989 0.204704 34
    0.44723 0.593212 33
    0.46955 0.148503 32
  1.25104 5 - 4
    0.93545 0.079512 12
    0.99873 0.024321 9
    1.09057 0.840125 6
    1.2395 0.056042 1
  1.28093 3 - 2
    1.12123 0.5291 5
    1.26939 0.4709 1
  1.29001 15 - 1
    0.79271 1 21
  1.30773 7 + 3
    0.89179 0.1403 17
    1.126 0.3917 7
    1.14803 0.468 5
  1.31176 21 - 2
    0.239635 0.5068 47
    0.445805 0.4932 37
  1.31502 5 - 4
    0.72277 0.039819 25
    0.89519 0.119498 18
    0.99943 0.442491 12
    1.15455 0.398192 6
  1.32223 17 + 2
    0.23255 0.5455 48
    0.43032 0.4545 39
  1.32595 3 - 5
    0.90612 0.062579 18
    1.01036 0.02378 12
    1.03245 0.03755 11
    1.07364 0.625794 9
    1.16548 0.250297 6
  1.338 1 + 2
    1.20837 0.5 3
    1.338 0.5 0
  1.37007 7 - 5
    0.64424 0.046762 31
    0.87884 0.23741 20
    1.11776 0.359714 9
    1.18834 0.23741 7
    1.2096 0.118705 6
  1.43383 19 - 4
    0.24888 0.028322 50
    0.33236 0.171914 49
    0.40336 0.49874 45
    0.63823 0.301024 34
  1.4427 17 - 2
    0.6471 0.7074 34
    0.9454 0.2926 21
  1.46615 5 + 4
    0.27566 0.194 51
    1.01582 0.4975 19
    1.17265 0.1791 11
    1.38578 0.1294 2
  1.50798 21 + 3
    0.29249 0.038977 53
    0.30281 0.11979 52
    0.54026 0.841233 42
  1.5498 23 - 2
    0.238045 0.4361 58
    0.47768 0.5639 47
  1.55242 19 + 2
    0.23019 0.417 60
    0.46274 0.583 48
  1.56474 7 + 11
    0.3137 0.045294 54
    0.5277 0.018531 46
    0.83891 0.058825 31
    1.01282 0.058825 24
    1.07351 0.294124 20
    1.14491 0.102908 18
    1.20248 0.117609 13
    1.24915 0.035293 12
    1.31243 0.132411 9
    1.40427 0.036763 6
    1.43511 0.099418 3
  1.58175 7 - 13
    0.39126 0.091124 51
    0.78443 0.062543 35
    0.85592 0.030431 31
    0.9895 0.023261 25
    1.09052 0.026831 20
    1.16192 0.029151 18
    1.21949 0.153806 13
    1.26616 0.066173 12
    1.32944 0.111104 9
    1.37114 0.044172 8
    1.42128 0.096764 6
    1.45212 0.085833 3
    1.50138 0.178807 2
  1.58971 21 + 3
    0.37422 0.1228 53
    0.38454 0.1017 52
    0.48824 0.7755 49
  1.5952 3 - 2
    0.40471 0.6894 51
    0.55816 0.3106 46
  1.61482 19 - 2
    0.32481 0.1918 56
    0.81922 0.8082 34
  1.63357 17 - 1
    0.88763 1 32
  1.65924 25 - 1
    0.47429 1 50
  1.72815 23 + 4
    0.22017 0.036371 67
    0.51266 0.186906 53
    0.52298 0.585518 52
    0.5432 0.191206 50
  1.74107 17 + 1
    1.0661 1 26
  1.74497 23 + 4
    0.23699 0.076691 67
    0.52948 0.669207 53
    0.5398 0.123701 52
    0.56002 0.130401 50
  1.75383 19 - 2
    0.12026 0.7011 75
    0.78611 0.2989 42
  1.80719 21 - 3
    0.36449 0.2775 65
    0.62224 0.5045 50
    1.01159 0.218 34
  1.82726 25 - 2
    0.27746 0.4185 68
    0.515505 0.5815 58
  1.8286 21 + 2
    0.27618 0.4078 69
    0.50637 0.5922 60
  1.84657 7 - 6
    0.65608 0.457214 51
    1.01568 0.124204 36
    1.29465 0.091523 24
    1.42674 0.151005 18
    1.53098 0.102903 12
    1.6861 0.073152 6
  1.85728 19 + 2
    0.11621 0.1551 78
    0.99133 0.8449 37
  1.89934 21 - 3
    0.14551 0.5546 80
    0.26577 0.1431 75
    0.69417 0.3023 52
  1.90396 23 - 3
    0.31425 0.090236 72
    0.47013 0.646474 64
    0.71901 0.263289 50
  1.98951 21 + 3
    0.13223 0.363796 85
    0.24844 0.03331 78
    0.91739 0.602894 47
  2.0269 25 + 3
    0.28193 0.113201 79
    0.29875 0.076391 77
    0.51892 0.810408 67
  2.03225 23 - 2
    0.41743 0.3327 74
    0.8473 0.6673 50
  2.06779 23 - 2
    0.16845 0.6405 86
    0.31396 0.3595 80
  2.0794 23 + 2
    0.2508 0.2551 83
    0.52698 0.7449 69
  2.09618 27 - 2
    0.26892 0.3376 82
    0.54638 0.6624 68
  2.13596 25 + 2
    0.40781 0.1486 77
    0.54625 0.8514 72
  2.13871 23 + 3
    0.1492 0.640506 88
    0.28143 0.086191 85
    0.826955 0.273303 58
  2.1948 7 + 3
    0.5996 0.3545 73
    0.72865 0.2724 66
    1.94249 0.3731 9
  2.2102 29 - 1
    0.55096 1 76
  2.25243 25 - 3
    0.44524 0.5192 81
    0.59319 0.3429 76
    1.06748 0.1379 50
  2.25712 25 - 2
    0.18933 0.4119 91
    0.35778 0.5881 86
  2.30485 25 + 3
    0.16614 0.5769 95
    0.31534 0.1888 88
    0.75505 0.2343 68
  2.31762 27 + 2
    0.58947 0.7754 77
    0.65838 0.2246 76
  2.32993 27 + 3
    0.30303 0.070772 89
    0.58496 0.815924 79
    0.67069 0.113303 76
  2.3786 25 + 1
    0.55 1 83
  2.40846 29 - 2
    0.31228 0.3282 93
    0.5812 0.6718 82
  2.42736 27 - 2
    0.5234 0.6629 87
    0.76812 0.3371 76
  2.46578 27 - 2
    0.20866 0.2891 99
    0.39799 0.7109 91
  2.4885 27 + 2
    0.18365 0.6727 100
    0.34979 0.3273 95
  2.541 27 - 2
    0.50875 0.8593 90
    0.88176 0.1407 76
  2.6211 29 + 3
    0.29117 0.092968 102
    0.30348 0.032249 101
    0.5942 0.874783 89
  2.66291 29 + 2
    0.34529 0.1438 101
    0.52695 0.8562 94
  2.6712 27 + 1
    0.5918 1 92
  2.68955 29 + 2
    0.20105 0.5697 107
    0.3847 0.4303 100
  2.6924 29 - 2
    0.22662 0.2358 106
    0.43528 0.7642 99
  2.69444 31 - 2
    0.28598 0.2682 104
    0.59826 0.7318 93
  2.7708 29 - 1
    0.51837 1 98
  2.82845 33 - 1
    0.61825 1 97
  2.85858 31 + 2
    0.54096 0.8632 101
    0.64838 0.1368 97
  2.89354 31 + 2
    0.27244 0.1353 109
    0.56361 0.8647 102
  2.90761 31 + 2
    0.21806 0.5131 112
    0.41911 0.4869 107
  2.9345 31 - 2
    0.2421 0.2365 113
    0.46872 0.7635 106
  2.99949 31 - 2
    0.57213 0.7936 105
    0.78929 0.2064 97
  3.01545 33 - 2
    0.32101 0.319 114
    0.60699 0.681 104
  3.09877 33 + 2
    0.24019 0.1073 117
    0.43586 0.8927 110
  3.1234 31 - 1
    0.5824 1 108
  3.12679 33 + 2
    0.23325 0.2155 118
    0.50569 0.7845 109
  3.1425 33 + 2
    0.23489 0.4614 119
    0.45295 0.5386 112
  3.1932 33 - 2
    0.2587 0.1349 120
    0.5008 0.8651 113
  3.26686 35 - 2
    0.25141 0.3923 122
    0.57242 0.6077 114
  3.3254 35 + 1
    0.46682 1 117
  3.345 33 - 1
    0.5742 1 115
  3.37367 35 + 2
    0.24688 0.2127 125
    0.48013 0.7873 118
  3.3934 35 + 2
    0.2509 0.369 126
    0.48579 0.631 119
  3.4652 35 - 2
    0.272 0.1826 127
    0.5307 0.8174 120
  3.5027 37 - 1
    0.67425 1 116
  3.51914 37 - 3
    0.25228 0.487749 128
    0.50369 0.40104 122
    0.69069 0.111211 116
  3.5821 37 + 2
    0.2567 0.083737 129
    0.48333 0.916263 123
  3.61831 35 - 2
    0.61882 0.6531 121
    0.78986 0.3469 116
  3.62205 37 + 2
    0.24838 0.1674 131
    0.49526 0.8326 125
  3.6593 37 + 2
    0.2659 0.358 132
    0.5168 0.642 126
  3.7389 35 - 1
    0.6155 1 124
  3.7489 37 - 2
    0.2837 0.074972 133
    0.5557 0.925028 127
  3.7662 39 - 2
    0.24706 0.502 135
    0.49934 0.498 128
  3.841 39 + 1
    0.5156 1 129
  3.9051 39 + 2
    0.28305 0.177 138
    0.53143 0.823 131
  3.9145 37 - 1
    0.5695 1 130
  3.9407 39 + 2
    0.2814 0.3005 139
    0.5473 0.6995 132
  4.0381 41 - 2
    0.2719 0.4906 142
    0.51896 0.5094 135
  4.0461 39 - 1
    0.5809 1 133
  4.1405 41 + 1
    0.5584 1 136
  4.1874 41 + 1
    0.56535 1 138
  4.2199 41 - 1
    0.7172 1 134
  4.2344 41 + 2
    0.2937 0.28 146
    0.5751 0.72 139
  4.2764 39 - 2
    0.65809 0.7627 137
    0.7737 0.2373 134
  4.3189 43 - 2
    0.2808 0.459 147
    0.5527 0.541 142
  4.353 41 - 1
    0.6041 1 141
  4.4294 43 + 1
    0.5884 1 143
  4.5106 43 + 1
    0.6055 1 144
  4.5443 43 + 1
    0.6036 1 146
  4.6338 45 - 2
    0.3149 0.3717 154
    0.5957 0.6283 147
  4.6736 43 - 1
    0.6275 1 148
  4.7753 45 + 1
    0.6348 1 149
  4.8272 45 + 1
    0.6398 1 150
  4.8622 45 + 1
    0.6278 1 152
  4.944 47 - 2
    0.3102 0.3899 159
    0.6251 0.6101 154
  4.9618 45 - 1
    0.7419 1 151
  4.9645 43 - 2
    0.6881 0.6159 153
    0.7446 0.3841 151
  5.0033 45 - 1
    0.6503 1 155
  5.0902 47 + 1
    0.6608 1 156
  5.1854 47 + 1
    0.6748 1 157
  5.2034 47 + 1
    0.6591 1 158
  5.3091 49 - 2
    0.3651 0.4048 164
    0.6753 0.5952 159
  5.3473 47 - 1
    0.6737 1 160
  5.4837 49 + 1
    0.7084 1 161
  5.526 49 + 2
    0.6638 0.3978 163
    0.6988 0.6022 162
  5.5506 49 + 1
    0.723401 1 162
  5.6402 51 - 1
    0.696201 1 164
  5.7012 49 - 1
    0.6979 1 167
  5.7246 49 - 1
    0.7628 1 165
  5.8196 51 + 1
    0.729401 1 168
  5.8913 51 + 2
    0.6879 0.471 170
    0.7059 0.529 169
  5.9314 51 + 1
    0.746 1 169
  6.0607 53 - 1
    0.7516 1 171
  6.0719 51 - 1
    0.7246 1 172
  6.2456 53 + 1
    0.7196 1 174
  6.2636 53 + 1
    0.7799 1 173
  6.3321 53 + 1
    0.781499 1 175
  6.4025 55 - 1
    0.762299 1 176
  6.4525 53 - 1
    0.7513 1 177
  6.5209 53 - 1
    0.7963 1 178
  6.6135 55 + 1
    0.793899 1 179
  6.8836 57 - 1
    0.8229 1 182
  7.1099 57 + 1
    0.8463 1 185
  7.2288 59 - 1
    0.8263 1 187
  7.4813 59 + 1
    0.8678 1 190
  7.7742 61 - 1
    0.8906 1 191
  8.0233 61 + 1
    0.9134 1 192
  8.112 63 - 1
    0.8832 1 193
  8.4102 63 + 1
    0.9289 1 194
  8.731 65 - 1
    0.9568 1 195
  8.9976 65 + 1
    0.9743 1 196
  9.0535 67 - 1
    0.9415 1 197
  9.4056 67 + 1
    0.9954 1 198
  10.0509 71 - 1
    0.9974 1 201

69 166 2
  0 4 + 0
  0.082298 2 + 1
    0.082298 1 0

69 167 138
  0 1 + 0
  0.0104 3 + 1
    0.0104 1 0
  0.116575 5 + 2
    0.106175 0.914637 1
    0.116575 0.085363 0
  0.142424 7 + 2
    0.025849 0.1873 2
    0.132024 0.8127 1
  0.17173 1 - 2
    0.16133 0.4879 1
    0.17173 0.5121 0
  0.17948 7 + 3
    0.037056 0.084133 3
    0.062905 0.912628 2
    0.16908 0.003239 1
  0.187642 5 - 1
    0.177242 1 1
  0.28221 3 - 2
    0.27181 0.2428 1
    0.28221 0.7572 0
  0.285891 9 - 2
    0.098249 0.1183 6
    0.143467 0.8817 3
  0.29091 3 - 4
    0.103268 0.460786 6
    0.174335 0.093467 2
    0.28051 0.043159 1
    0.29091 0.402588 0
  0.29282 7 - 4
    0.105178 0.02454 6
    0.11334 0.738312 5
    0.150396 0.000444 3
    0.176245 0.236704 2
  0.296205 9 + 1
    0.116725 1 5
  0.326464 9 + 2
    0.18404 0.7412 3
    0.209889 0.2588 2
  0.370996 11 + 3
    0.044532 0.333333 12
    0.085105 0.333333 8
    0.228572 0.333333 3
  0.383661 9 - 1
    0.090841 1 10
  0.436047 11 + 2
    0.139842 0.7144 11
    0.256567 0.2856 5
  0.45987 7 - 4
    0.16896 0.25 9
    0.173979 0.25 8
    0.272228 0.25 6
    0.343295 0.25 2
  0.470205 13 - 2
    0.099209 0.2752 13
    0.184314 0.7248 8
  0.483656 3 + 3
    0.367081 0.048452 2
    0.473256 0.514926 1
    0.483656 0.436622 0
  0.496593 11 - 2
    0.112932 0.959062 14
    0.203773 0.040938 10
  0.52225 5 + 2
    0.379826 0.2328 3
    0.405675 0.7672 2
  0.55792 5 + 3
    0.415496 0.1484 3
    0.441345 0.408 2
    0.54752 0.4436 1
  0.597456 13 + 2
    0.161409 0.5079 15
    0.301251 0.4921 11
  0.602 7 + 2
    0.07975 0.5384 20
    0.485425 0.4616 2
  0.622044 13 + 1
    0.29558 1 12
  0.631774 13 - 2
    0.135181 0.8896 19
    0.248113 0.1104 14
  0.65746 7 + 3
    0.330996 0.333333 12
    0.515036 0.333333 3
    0.540885 0.333333 2
  0.663 5 - 2
    0.520576 0.5 3
    0.6526 0.5 1
  0.682 15 - 2
    0.084544 0.5 22
    0.185407 0.5 19
  0.689131 15 + 3
    0.067087 0.3357 24
    0.218926 0.1315 17
    0.318135 0.5328 13
  0.69912 11 - 2
    0.23925 0.4851 16
    0.413229 0.5149 8
  0.706 3 - 2
    0.589425 0.5 2
    0.706 0.5 0
  0.70912 9 + 5
    0.10712 0.649061 23
    0.18687 0.16759 20
    0.338124 0.069746 13
    0.382656 0.058167 12
    0.566696 0.055437 3
  0.717 5 - 2
    0.574576 0.5 3
    0.7066 0.5 1
  0.741314 17 - 1
    0.271109 1 17
  0.771 1 - 2
    0.59927 0.5 4
    0.7606 0.5 1
  0.77894 15 + 1
    0.181484 1 22
  0.78044 9 + 1
    0.453976 1 12
  0.78777 15 - 2
    0.155996 0.7887 25
    0.291177 0.2113 19
  0.84019 11 + 3
    0.23819 0.2396 23
    0.469194 0.4364 13
    0.513726 0.324 12
  0.85259 3 - 1
    0.68086 1 4
  0.86776 5 - 3
    0.571555 0.2902 11
    0.680118 0.1917 6
    0.68828 0.5181 5
  0.8821 5 - 1
    0.694458 1 6
  0.92785 11 + 2
    0.305806 0.211 24
    0.601386 0.789 12
  0.92971 9 - 1
    0.63689 1 10
  0.93525 7 - 2
    0.649359 0.8483 8
    0.747608 0.1517 6
  0.94485 11 + 3
    0.508803 0.2495 15
    0.648645 0.2455 11
    0.76537 0.505 5
  0.96573 17 - 2
    0.17796 0.6964 38
    0.333956 0.3036 25
  0.978471 17 + 3
    0.199531 0.240395 36
    0.356427 0.037119 24
    0.381015 0.722486 22
  0.993553 17 + 2
    0.304422 0.2904 29
    0.371509 0.7096 24
  1.00114 13 + 2
    0.312009 0.2305 29
    0.630144 0.7695 13
  1.00757 15 - 4
    0.266256 0.086527 34
    0.30845 0.231993 30
    0.385526 0.392688 24
    0.537365 0.288791 17
  1.02626 9 - 1
    0.740369 1 8
  1.04402 11 - 2
    0.11431 0.8269 44
    0.660359 0.1731 14
  1.08651 19 + 2
    0.345196 0.2121 34
    0.397379 0.7879 29
  1.092 3 + 2
    0.949576 0.5 3
    1.0816 0.5 1
  1.09617 21 - 1
    0.354856 1 34
  1.09888 13 + 3
    0.171025 0.646181 43
    0.318435 0.067828 37
    0.727879 0.285991 13
  1.10132 13 + 2
    0.503864 0.224 22
    0.805115 0.776 11
  1.10528 11 - 2
    0.635075 0.5 17
    0.819389 0.5 8
  1.125 1 + 2
    1.00842 0.5 2
    1.125 0.5 0
  1.154 7 - 2
    0.87179 0.5 7
    1.03742 0.5 2
  1.16091 19 - 2
    0.19518 0.4896 47
    0.37314 0.5104 38
  1.16394 15 + 3
    0.1628 0.6674 50
    0.32375 0.1141 39
    0.541896 0.2185 24
  1.168 5 + 2
    1.05142 0.5 2
    1.168 0.5 0
  1.192 3 - 2
    1.07542 0.5 2
    1.192 0.5 0
  1.19474 19 + 2
    0.216269 0.1646 48
    0.4158 0.8354 36
  1.21 7 - 2
    0.92779 0.5 7
    1.09342 0.5 2
  1.21654 7 + 3
    0.920335 0.158601 11
    0.92372 0.008294 10
    1.03706 0.833105 5
  1.22306 13 - 2
    0.52394 0.5 30
    0.752855 0.5 17
  1.22985 7 - 7
    0.67193 0.098494 21
    0.7076 0.037508 20
    0.733257 0.084735 19
    0.846189 0.16059 14
    0.933645 0.065576 11
    0.93703 0.084825 10
    1.05037 0.468272 5
  1.235 5 + 2
    1.11843 0.5 2
    1.235 0.5 0
  1.27679 15 + 4
    0.17547 0.4546 58
    0.33194 0.1571 46
    0.679334 0.1995 22
    0.840743 0.1888 15
  1.28138 15 + 4
    0.182505 0.5599 57
    0.287827 0.08811 49
    0.35353 0.297 43
    0.659336 0.05499 24
  1.283 3 - 2
    1.16642 0.5 2
    1.283 0.5 0
  1.32 5 - 2
    1.17758 0.5 3
    1.3096 0.5 1
  1.35869 15 - 2
    0.617376 0.7272 34
    0.888485 0.2728 17
  1.37267 17 + 2
    0.28616 0.3554 54
    0.683539 0.6446 29
  1.374 5 + 2
    1.25743 0.5 2
    1.374 0.5 0
  1.37815 21 - 2
    0.21724 0.5125 62
    0.41242 0.4875 47
  1.38 3 + 2
    1.23758 0.5 3
    1.3696 0.5 1
  1.381 19 - 4
    0.28483 0.062466 56
    0.37343 0.302579 51
    0.387447 0.215785 49
    0.639686 0.419171 34
  1.403 1 + 2
    1.28642 0.5 2
    1.403 0.5 0
  1.42458 21 + 2
    0.22984 0.2614 66
    0.446109 0.7386 48
  1.42949 21 + 2
    0.435937 0.96999 49
    0.451019 0.03001 48
  1.43231 5 - 2
    1.04865 0.2424 14
    1.13949 0.7576 10
  1.457 7 - 2
    1.17479 0.5 7
    1.34042 0.5 2
  1.47019 17 + 3
    0.1934 0.4851 72
    0.36887 0.2535 58
    0.872734 0.2614 22
  1.486 9 - 2
    1.30652 0.5 5
    1.34358 0.5 3
  1.48731 17 + 4
    0.20593 0.446355 73
    0.388435 0.225477 57
    0.4008 0.155484 54
    0.798179 0.172683 29
  1.52487 17 - 3
    0.30181 0.333333 69
    0.5173 0.333333 51
    0.783556 0.333333 34
  1.52743 5 - 5
    1.23461 0.867626 10
    1.33979 0.022541 6
    1.38501 0.045841 3
    1.41085 0.01643 2
    1.51703 0.047561 1
  1.52864 25 - 1
    0.43247 1 56
  1.549 3 + 2
    1.40658 0.5 3
    1.5386 0.5 1
  1.55641 23 + 2
    0.46024 0.5 56
    0.4699 0.5 54
  1.56285 19 + 3
    0.19018 0.2783 77
    0.39891 0.2541 63
    0.47634 0.4676 54
  1.574 7 - 2
    1.29179 0.5 7
    1.45742 0.5 2
  1.58092 3 - 10
    1.023 0.086968 21
    1.09726 0.084248 18
    1.25446 0.021742 12
    1.2881 0.271724 10
    1.29871 0.019022 7
    1.39328 0.048914 6
    1.40144 0.021742 5
    1.4385 0.173916 3
    1.46435 0.046204 2
    1.57052 0.22552 1
  1.59756 9 + 5
    1.2139 0.067614 14
    1.30474 0.355868 10
    1.45514 0.245578 3
    1.48098 0.028467 2
    1.58716 0.302473 1
  1.60673 23 - 2
    0.22858 0.5 79
    0.44582 0.5 62
  1.625 5 + 2
    1.50842 0.5 2
    1.625 0.5 0
  1.62975 7 - 3
    1.33693 0.1238 10
    1.48733 0.3812 3
    1.61935 0.495 1
  1.644 1 + 2
    1.52742 0.5 2
    1.644 0.5 0
  1.6543 3 - 4
    1.36148 0.373126 10
    1.51188 0.264919 3
    1.53773 0.063434 2
    1.6439 0.298521 1
  1.66884 23 + 2
    0.24426 0.1382 83
    0.4741 0.8618 66
  1.672 5 - 2
    1.52958 0.5 3
    1.6616 0.5 1
  1.67884 19 + 3
    0.40205 0.3098 72
    0.4841 0.2602 66
    0.700369 0.43 48
  1.69119 19 - 3
    0.3325 0.3045 76
    0.59502 0.4854 56
    0.949876 0.2101 34
  1.701 7 + 2
    1.55858 0.5 3
    1.6906 0.5 1
  1.70548 19 + 3
    0.4241 0.3485 73
    0.61897 0.423 54
    1.01635 0.2285 29
  1.718 9 - 2
    1.53852 0.5 5
    1.57558 0.5 3
  1.80863 23 - 2
    0.42763 0.3965 81
    0.71246 0.6035 56
  1.81388 21 + 4
    0.25103 0.25 95
    0.38439 0.25 84
    0.44121 0.25 77
    0.72737 0.25 54
  1.85857 25 - 1
    0.25184 1 99
  1.90118 21 + 1
    0.70644 1 66
  1.91533 25 + 3
    0.35892 0.207 94
    0.48584 0.5875 84
    0.49075 0.2055 83
  1.91655 21 - 3
    0.39168 0.333333 90
    0.53555 0.333333 81
    0.82038 0.333333 56
  1.92237 25 + 1
    0.49288 1 84
  2.02219 23 + 1
    0.46578 1 94
  2.03073 29 - 1
    0.50209 1 92
  2.06553 27 + 2
    0.50912 0.5 94
    0.53689 0.5 92
  2.09802 23 - 2
    0.40683 0.8648 107
    1.00185 0.1352 56
  2.11372 27 - 1
    0.25515 1 113
  2.13588 23 + 2
    0.2347 0.2323 114
    0.45704 0.7677 106
  2.18637 27 + 2
    0.264 0.2632 117
    0.51753 0.7368 104
  2.27964 27 - 2
    0.47101 0.4781 111
    0.751 0.5219 92
  2.32102 25 + 2
    0.40569 0.3304 115
    0.50714 0.6696 112
  2.38198 25 + 2
    0.2461 0.006595 123
    0.4808 0.993405 114
  2.39435 29 - 2
    0.28063 0.5 122
    0.53578 0.5 113
  2.39638 25 - 3
    0.47983 0.847608 116
    0.58775 0.085231 111
    0.86774 0.067161 92
  2.4404 29 + 3
    0.37487 0.333333 120
    0.51803 0.333333 117
    0.52507 0.333333 115
  2.45556 29 + 2
    0.26919 0.5416 124
    0.53319 0.4584 117
  2.57324 27 - 2
    0.47522 0.7674 121
    0.54251 0.2326 119
  2.59341 33 - 1
    0.56268 1 119
  2.6202 31 + 2
    0.55467 0.5022 120
    0.58947 0.4978 119
  2.67048 31 - 2
    0.27613 0.2263 128
    0.55676 0.7737 122
  2.73576 31 + 2
    0.2802 0.7842 131
    0.54939 0.2158 124
  2.79901 31 - 2
    0.51937 0.5 125
    0.76828 0.5 119

69 168 193
  0 6 + 0
  0.003 2 - 1
    0.003 1 0
  0.017 4 - 1
    0.017 1 0
  0.041 4 - 2
    0.024 0.5 2
    0.041 0.5 0
  0.047 8 - 2
    0.03 0.5 2
    0.047 0.5 0
  0.06431 8 + 1
    0.06431 1 0
  0.08 10 + 2
    0.033 0.5 4
    0.08 0.5 0
  0.112 6 - 1
    0.109 1 1
  0.14475 10 + 2
    0.08044 0.908891 5
    0.14475 0.091109 0
  0.14845 8 + 1
    0.14845 1 0
  0.167 0 - 2
    0.126 0.5 3
    0.15 0.5 2
  0.17873 8 - 1
    0.13773 1 3
  0.185 12 + 2
    0.03655 0.5 9
    0.12069 0.5 5
  0.19328 8 - 1
    0.19328 1 0
  0.1992 8 - 2
    0.1822 0.5 2
    0.1992 0.5 0
  0.20365 6 - 1
    0.13934 1 5
  0.216535 2 + 2
    0.199535 0.5 2
    0.216535 0.5 0
  0.22907 10 + 1
    0.08432 1 8
  0.2325 2 - 2
    0.1205 0.5 7
    0.2295 0.5 1
  0.235 4 - 2
    0.218 0.5 2
    0.235 0.5 0
  0.24196 12 + 2
    0.09721 0.3467 8
    0.17765 0.6533 5
  0.24455 10 - 2
    0.13255 0.5 7
    0.18024 0.5 5
  0.247 10 - 1
    0.18269 1 5
  0.3077 12 - 2
    0.06315 0.5 21
    0.1085 0.5 14
  0.313 14 + 2
    0.16825 0.5 8
    0.233 0.5 6
  0.31406 12 - 3
    0.06706 0.76921 22
    0.12078 0.221703 13
    0.16931 0.009087 8
  0.325 6 - 2
    0.26069 0.5 5
    0.322 0.5 1
  0.32776 12 + 2
    0.09869 0.8456 17
    0.17931 0.1544 9
  0.33785 8 - 2
    0.1894 0.3777 9
    0.33785 0.6223 0
  0.347 6 - 2
    0.28269 0.5 5
    0.344 0.5 1
  0.34896 6 - 1
    0.20421 1 8
  0.358 14 + 2
    0.11604 0.5 20
    0.21325 0.5 8
  0.366 4 + 2
    0.30169 0.5 5
    0.363 0.5 1
  0.383 8 - 2
    0.366 0.5 2
    0.383 0.5 0
  0.39165 14 - 1
    0.14969 1 20
  0.403975 12 - 1
    0.225245 1 11
  0.4159 14 - 2
    0.1082 0.5 23
    0.17135 0.5 21
  0.439 4 + 2
    0.37469 0.5 5
    0.436 0.5 1
  0.44227 14 + 1
    0.11451 1 27
  0.44634 10 - 1
    0.21727 1 17
  0.482 2 + 2
    0.465 0.5 2
    0.482 0.5 0
  0.48417 16 - 1
    0.17011 1 25
  0.493 4 + 2
    0.42869 0.5 5
    0.49 0.5 1
  0.49475 16 + 2
    0.13675 0.5 31
    0.25279 0.5 20
  0.4958 16 - 3
    0.0799 0.333333 36
    0.1378 0.333333 31
    0.1881 0.333333 23
  0.499 6 + 2
    0.482 0.5 2
    0.499 0.5 0
  0.52 4 + 2
    0.45569 0.5 5
    0.517 0.5 1
  0.56494 12 - 1
    0.22709 1 28
  0.57782 16 + 1
    0.25006 1 27
  0.592 8 - 2
    0.575 0.5 2
    0.592 0.5 0
  0.609 2 + 2
    0.592 0.5 2
    0.609 0.5 0
  0.614 2 - 2
    0.502 0.5 7
    0.611 0.5 1
  0.6202 18 - 3
    0.1244 0.333333 44
    0.12545 0.333333 43
    0.2043 0.333333 36
  0.631 6 + 2
    0.614 0.5 2
    0.631 0.5 0
  0.638 4 - 2
    0.621 0.5 2
    0.638 0.5 0
  0.6445 18 + 2
    0.14975 0.5 43
    0.2865 0.5 31
  0.664 4 - 2
    0.647 0.5 2
    0.664 0.5 0
  0.674 6 + 2
    0.657 0.5 2
    0.674 0.5 0
  0.67505 16 - 1
    0.271075 1 35
  0.698 14 - 2
    0.45604 0.5 20
    0.513 0.5 12
  0.7 4 - 2
    0.683 0.5 2
    0.7 0.5 0
  0.708 6 + 2
    0.691 0.5 2
    0.708 0.5 0
  0.717 2 + 2
    0.7 0.5 2
    0.717 0.5 0
  0.726 6 - 2
    0.66169 0.5 5
    0.723 0.5 1
  0.732 12 + 2
    0.58355 0.5 9
    0.66769 0.5 5
  0.744 0 + 2
    0.5115 0.5 18
    0.741 0.5 1
  0.75555 20 - 1
    0.27138 1 41
  0.7594 20 - 3
    0.1149 0.333333 55
    0.1392 0.333333 52
    0.2636 0.333333 44
  0.7645 4 + 2
    0.70019 0.5 5
    0.7615 0.5 1
  0.769 8 + 2
    0.657 0.5 7
    0.70469 0.5 5
  0.78 4 - 2
    0.763 0.5 2
    0.78 0.5 0
  0.79 2 - 2
    0.678 0.5 7
    0.787 0.5 1
  0.794 10 + 2
    0.747 0.5 4
    0.794 0.5 0
  0.798 6 + 2
    0.781 0.5 2
    0.798 0.5 0
  0.8169 20 + 2
    0.1724 0.5 55
    0.32215 0.5 43
  0.818 2 + 2
    0.801 0.5 2
    0.818 0.5 0
  0.836 4 - 2
    0.819 0.5 2
    0.836 0.5 0
  0.847 4 + 2
    0.78269 0.5 5
    0.844 0.5 1
  0.849 6 + 2
    0.832 0.5 2
    0.849 0.5 0
  0.859 8 + 2
    0.747 0.5 7
    0.79469 0.5 5
  0.866 10 + 2
    0.819 0.5 4
    0.866 0.5 0
  0.887 2 - 2
    0.775 0.5 7
    0.884 0.5 1
  0.89 6 + 2
    0.873 0.5 2
    0.89 0.5 0
  0.897 8 + 2
    0.785 0.5 7
    0.83269 0.5 5
  0.905 0 + 2
    0.6725 0.5 18
    0.902 0.5 1
  0.915 10 + 2
    0.868 0.5 4
    0.915 0.5 0
  0.921 6 - 2
    0.85669 0.5 5
    0.918 0.5 1
  0.9256 22 - 3
    0.1087 0.333333 74
    0.1662 0.333333 67
    0.3054 0.333333 52
  0.937 8 - 2
    0.92 0.5 2
    0.937 0.5 0
  0.945 4 + 2
    0.88069 0.5 5
    0.942 0.5 1
  0.953 6 - 2
    0.88869 0.5 5
    0.95 0.5 1
  0.966 8 - 2
    0.949 0.5 2
    0.966 0.5 0
  0.974 2 + 2
    0.957 0.5 2
    0.974 0.5 0
  0.985 4 - 2
    0.968 0.5 2
    0.985 0.5 0
  0.993 10 + 2
    0.946 0.5 4
    0.993 0.5 0
  1.001 6 + 2
    0.984 0.5 2
    1.001 0.5 0
  1.0085 22 + 2
    0.1916 0.5 74
    0.364 0.5 55
  1.014 2 + 2
    0.997 0.5 2
    1.014 0.5 0
  1.019 6 - 2
    0.95469 0.5 5
    1.016 0.5 1
  1.0203 20 - 1
    0.34525 1 58
  1.041 4 + 2
    0.97669 0.5 5
    1.038 0.5 1
  1.052 8 - 2
    1.035 0.5 2
    1.052 0.5 0
  1.056 0 + 2
    0.8235 0.5 18
    1.053 0.5 1
  1.061 10 + 2
    1.014 0.5 4
    1.061 0.5 0
  1.077 4 - 2
    1.06 0.5 2
    1.077 0.5 0
  1.09725 24 - 1
    0.3417 1 66
  1.10245 10 - 2
    0.99045 0.5 7
    1.03814 0.5 5
  1.1069 24 - 2
    0.1813 0.5 87
    0.3475 0.5 67
  1.115 4 + 2
    1.05069 0.5 5
    1.112 0.5 1
  1.127 2 + 2
    1.11 0.5 2
    1.127 0.5 0
  1.133 4 + 2
    1.06869 0.5 5
    1.13 0.5 1
  1.162 10 - 2
    1.05 0.5 7
    1.09769 0.5 5
  1.17 6 + 2
    1.153 0.5 2
    1.17 0.5 0
  1.182 6 + 2
    1.165 0.5 2
    1.182 0.5 0
  1.187 8 - 2
    1.17 0.5 2
    1.187 0.5 0
  1.194 8 + 2
    1.082 0.5 7
    1.12969 0.5 5
  1.202 2 - 2
    1.09 0.5 7
    1.199 0.5 1
  1.2123 24 + 2
    0.2038 0.5 96
    0.3954 0.5 74
  1.225 6 - 2
    1.16069 0.5 5
    1.222 0.5 1
  1.24 6 + 2
    1.223 0.5 2
    1.24 0.5 0
  1.252 8 - 2
    1.235 0.5 2
    1.252 0.5 0
  1.26 2 + 2
    1.243 0.5 2
    1.26 0.5 0
  1.268 4 - 2
    1.251 0.5 2
    1.268 0.5 0
  1.276 0 + 2
    1.0435 0.5 18
    1.273 0.5 1
  1.281 8 - 2
    1.264 0.5 2
    1.281 0.5 0
  1.302 10 + 2
    1.255 0.5 4
    1.302 0.5 0
  1.3104 26 - 2
    0.2035 0.5 107
    0.3848 0.5 87
  1.3165 4 + 2
    1.25219 0.5 5
    1.3135 0.5 1
  1.322 6 - 2
    1.25769 0.5 5
    1.319 0.5 1
  1.33 2 + 2
    1.313 0.5 2
    1.33 0.5 0
  1.343 8 - 2
    1.326 0.5 2
    1.343 0.5 0
  1.347 2 + 2
    1.33 0.5 2
    1.347 0.5 0
  1.356 12 - 2
    1.276 0.5 6
    1.309 0.5 4
  1.362 4 + 2
    1.29769 0.5 5
    1.359 0.5 1
  1.378 4 + 2
    1.31369 0.5 5
    1.375 0.5 1
  1.389 8 - 2
    1.372 0.5 2
    1.389 0.5 0
  1.3985 6 - 2
    1.33419 0.5 5
    1.3955 0.5 1
  1.407 10 + 2
    1.36 0.5 4
    1.407 0.5 0
  1.414 6 - 2
    1.34969 0.5 5
    1.411 0.5 1
  1.4209 24 - 1
    0.4006 1 99
  1.426 2 + 2
    1.409 0.5 2
    1.426 0.5 0
  1.434 6 - 2
    1.36969 0.5 5
    1.431 0.5 1
  1.445 8 + 2
    1.333 0.5 7
    1.38069 0.5 5
  1.451 26 + 1
    0.4425 1 96
  1.454 4 - 2
    1.437 0.5 2
    1.454 0.5 0
  1.46 10 + 2
    1.413 0.5 4
    1.46 0.5 0
  1.465 12 + 2
    1.31655 0.5 9
    1.40069 0.5 5
  1.472 0 - 2
    1.431 0.5 3
    1.455 0.5 2
  1.482 10 - 2
    1.37 0.5 7
    1.41769 0.5 5
  1.484 4 + 2
    1.41969 0.5 5
    1.481 0.5 1
  1.501 6 - 2
    1.43669 0.5 5
    1.498 0.5 1
  1.506 8 + 2
    1.394 0.5 7
    1.44169 0.5 5
  1.5146 28 - 2
    0.2042 0.5 126
    0.4077 0.5 107
  1.52 2 + 2
    1.503 0.5 2
    1.52 0.5 0
  1.54 8 - 2
    1.523 0.5 2
    1.54 0.5 0
  1.554 4 + 2
    1.48969 0.5 5
    1.551 0.5 1
  1.563 6 - 2
    1.49869 0.5 5
    1.56 0.5 1
  1.568 12 + 2
    1.41955 0.5 9
    1.50369 0.5 5
  1.59 12 - 2
    1.51 0.5 6
    1.543 0.5 4
  1.604 2 + 2
    1.587 0.5 2
    1.604 0.5 0
  1.621 4 - 2
    1.604 0.5 2
    1.621 0.5 0
  1.628 10 - 2
    1.516 0.5 7
    1.56369 0.5 5
  1.637 6 + 2
    1.62 0.5 2
    1.637 0.5 0
  1.662 8 + 2
    1.55 0.5 7
    1.59769 0.5 5
  1.6779 28 + 1
    0.4656 1 117
  1.69 6 - 2
    1.62569 0.5 5
    1.687 0.5 1
  1.742 4 - 2
    1.725 0.5 2
    1.742 0.5 0
  1.775 30 - 2
    0.2604 0.5 152
    0.4646 0.5 126
  1.802 2 + 2
    1.785 0.5 2
    1.802 0.5 0
  1.8726 28 - 1
    0.4517 1 139
  1.905 8 + 2
    1.793 0.5 7
    1.84069 0.5 5
  1.9679 30 + 1
    0.5169 1 143
  2.0071 32 - 2
    0.2321 0.5 167
    0.4925 0.5 152
  2.2123 32 + 1
    0.5344 1 164
  2.3184 34 - 2
    0.3113 0.5 172
    0.5434 0.5 167
  2.3759 32 - 1
    0.5033 1 169
  2.5482 34 + 1
    0.5803 1 171
  2.5751 36 - 2
    0.2567 0.5 174
    0.568 0.5 172
  2.8127 36 + 1
    0.6004 1 173
  2.9337 36 - 1
    0.5578 1 175
  2.9366 38 - 1
    0.6182 1 174
  3.1863 38 + 1
    0.6381 1 176
  3.2171 40 - 1
    0.642 1 177
  3.4756 40 + 1
    0.6629 1 178
  3.5479 40 - 1
    0.6142 1 179
  3.6255 42 - 1
    0.6889 1 180
  3.881 42 + 1
    0.6947 1 181
  3.9294 44 - 1
    0.7123 1 182
  4.19 44 + 1
    0.7144 1 183
  4.22 44 - 1
    0.6721 1 184
  4.3798 46 - 1
    0.7543 1 185
  4.7052 48 - 1
    0.7758 1 187
  4.951 48 - 1
    0.731 1 189

69 169 153
  0 1 + 0
  0.00841 3 + 1
    0.00841 1 0
  0.118189 5 + 2
    0.109779 0.921991 1
    0.118189 0.078009 0
  0.138933 7 + 2
    0.020744 0.3112 2
    0.130523 0.6888 1
  0.316146 7 + 3
    0.177213 0.363364 3
    0.197957 0.526847 2
    0.307736 0.109789 1
  0.332116 9 + 2
    0.193183 0.7273 3
    0.213927 0.2727 2
  0.34194 1 - 2
    0.33353 0.6454 1
    0.34194 0.3546 0
  0.345028 5 - 3
    0.206095 0.255997 3
    0.226839 0.01901 2
    0.336618 0.724993 1
  0.36767 11 + 1
    0.228737 1 3
  0.379267 7 - 5
    0.063121 0.980176 4
    0.240334 0.001269 3
    0.261078 0.01854 2
    0.370857 1.2e-05 1
    0.379267 4e-06 0
  0.430122 9 - 2
    0.085094 0.5741 7
    0.291189 0.4259 3
  0.433521 9 + 2
    0.117375 0.990291 4
    0.294588 0.009709 3
  0.472881 9 - 4
    0.093614 0.998697 9
    0.105211 0.000272 8
    0.156735 0.000887 4
    0.333948 0.000144 3
  0.474968 3 - 3
    0.356779 0.397088 2
    0.466558 0.054828 1
    0.474968 0.548084 0
  0.57083 3 + 3
    0.452641 0.072319 2
    0.56242 0.47839 1
    0.57083 0.449291 0
  0.57538 11 + 2
    0.141859 0.6702 11
    0.259234 0.3298 4
  0.5882 11 - 2
    0.115319 0.9598 12
    0.208933 0.0402 9
  0.60282 13 - 2
    0.172698 0.1187 10
    0.23515 0.8813 8
  0.633292 5 + 4
    0.494359 0.140294 3
    0.515103 0.396284 2
    0.624882 0.462781 1
    0.633292 0.00064 0
  0.63708 13 + 2
    0.26941 0.5235 8
    0.304964 0.4765 5
  0.646758 7 - 6
    0.17179 0.094947 13
    0.216636 0.044829 10
    0.30173 0.042299 7
    0.314642 0.147495 5
    0.507825 0.007953 3
    0.528569 0.662478 2
  0.69124 15 + 1
    0.32357 1 8
  0.718786 7 + 4
    0.38667 0.100107 5
    0.579853 0.55994 3
    0.600597 0.330223 2
    0.710376 0.00973 1
  0.72544 13 - 2
    0.13724 0.8663 16
    0.252559 0.1337 12
  0.74125 13 + 1
    0.16587 1 15
  0.781796 5 + 6
    0.210966 0.182419 14
    0.46565 0.236925 4
    0.642863 0.09241 3
    0.663607 0.233324 2
    0.773386 0.251326 1
    0.781796 0.003595 0
  0.83242 9 + 3
    0.46475 0.1743 8
    0.500304 0.4212 5
    0.693487 0.4045 3
  0.8659 17 - 2
    0.17466 0.2848 21
    0.26308 0.7152 17
  0.87835 7 + 3
    0.546234 0.3592 5
    0.739417 0.4421 3
    0.760161 0.1987 2
  0.88375 15 - 1
    0.15831 1 23
  0.89231 11 - 3
    0.28949 0.256726 17
    0.462188 0.133713 10
    0.560194 0.609561 5
  0.9 5 - 1
    0.9 1 0
  0.92937 15 + 2
    0.18812 0.351 24
    0.35399 0.649 15
  0.938 3 - 2
    0.819811 0.5 2
    0.938 0.5 0
  0.964 11 + 2
    0.59633 0.5822 8
    0.631884 0.4178 5
  1.02785 17 + 2
    0.33661 0.3857 21
    0.39077 0.6143 19
  1.03995 3 - 2
    0.564982 0.2701 13
    0.694922 0.7299 7
  1.05854 5 - 1
    0.7166 1 6
  1.06357 17 - 2
    0.17982 0.5789 29
    0.33813 0.4211 23
  1.10418 19 + 1
    0.41294 1 21
  1.1126 1 - 1
    0.682478 1 10
  1.13593 5 - 1
    0.790902 1 7
  1.14085 17 + 1
    0.3996 1 24
  1.152 11 - 2
    0.772733 0.5 9
    0.819884 0.5 5
  1.1887 15 - 1
    0.58588 1 17
  1.19 3 + 1
    1.19 1 0
  1.2181 21 - 1
    0.3522 1 27
  1.22304 7 - 2
    0.878012 0.5714 7
    0.8811 0.4286 6
  1.243 5 + 2
    1.12481 0.5 2
    1.243 0.5 0
  1.2624 19 - 1
    0.37865 1 29
  1.3008 15 + 1
    0.60956 1 21
  1.372 1 + 2
    1.25381 0.5 2
    1.372 0.5 0
  1.38605 19 + 1
    0.45668 1 32
  1.4 3 - 2
    1.28181 0.5 2
    1.4 0.5 0
  1.48294 21 - 2
    0.22054 0.6291 49
    0.41937 0.3709 38
  1.4978 21 + 2
    0.39362 0.2632 39
    0.46995 0.7368 35
  1.5106 7 - 1
    1.5106 1 0
  1.515 9 - 2
    1.19885 0.5 4
    1.37607 0.5 3
  1.5275 5 + 1
    1.5275 1 0
  1.5484 19 - 1
    0.6825 1 27
  1.5984 23 + 1
    0.49422 1 39
  1.6253 21 + 1
    0.48445 1 42
  1.6581 25 - 1
    0.44 1 46
  1.7169 23 - 2
    0.23396 0.5 54
    0.4545 0.5 49
  1.8646 3 + 2
    1.85619 0.6803 1
    1.8646 0.3197 0
  1.9105 7 - 3
    1.79231 0.409841 2
    1.90209 0.188519 1
    1.9105 0.40164 0
  1.9223 5 + 2
    1.80411 0.5587 2
    1.9223 0.4413 0
  1.9637 9 - 1
    1.9637 1 0
  1.9784 7 + 1
    1.9784 1 0
  1.9917 3 - 2
    1.98329 0.4413 1
    1.9917 0.5587 0
  2.0755 5 + 2
    2.06709 0.5291 1
    2.0755 0.4709 0
  2.1687 9 - 2
    2.16029 0.5814 1
    2.1687 0.4186 0
  2.1906 1 + 1
    2.1906 1 0
  2.2153 7 - 1
    2.2153 1 0
  2.2361 3 + 2
    2.11791 0.359 2
    2.2361 0.641 0
  2.2625 5 - 2
    2.14431 0.5814 2
    2.2625 0.4186 0
  2.2938 9 + 1
    2.2938 1 0
  2.3063 7 - 1
    2.3063 1 0
  2.3122 5 + 2
    2.19401 0.5208 2
    2.3122 0.4792 0
  2.3866 3 - 1
    2.3866 1 0
  2.4558 1 + 2
    2.44739 0.3007 1
    2.4558 0.6993 0
  2.466 9 - 1
    2.466 1 0
  2.492 7 + 2
    2.37381 0.3197 2
    2.492 0.6803 0
  2.5534 5 - 2
    2.43521 0.6098 2
    2.5534 0.3902 0
  2.5714 3 + 1
    2.5714 1 0
  2.5986 11 - 1
    2.5986 1 0
  2.6028 5 + 1
    2.6028 1 0
  2.687 7 - 1
    2.687 1 0
  2.7494 9 + 2
    2.74099 0.4898 1
    2.7494 0.5102 0
  2.7564 3 - 1
    2.7564 1 0
  2.7691 1 + 2
    2.76069 0.2908 1
    2.7691 0.7092 0
  2.7865 5 - 1
    2.7865 1 0
  2.8142 7 + 2
    2.80579 0.4709 1
    2.8142 0.5291 0
  2.8186 3 - 1
    2.8186 1 0
  2.8431 9 + 1
    2.8431 1 0
  2.8611 11 - 1
    2.8611 1 0
  2.9433 5 + 3
    2.82511 0.2704 2
    2.93489 0.4292 1
    2.9433 0.3004 0
  2.9962 7 - 2
    2.87801 0.5291 2
    2.9962 0.4709 0
  3.1276 1 + 1
    3.1276 1 0
  3.1756 3 - 1
    3.1756 1 0
  3.185 9 + 1
    3.185 1 0
  3.1875 5 - 1
    3.1875 1 0
  3.1913 7 + 2
    3.18289 0.4505 1
    3.1913 0.5495 0
  3.1997 13 - 1
    3.1997 1 0
  3.2048 11 + 2
    3.08661 0.359 2
    3.2048 0.641 0
  3.2546 3 - 2
    3.24619 0.5917 1
    3.2546 0.4083 0
  3.2745 5 + 1
    3.2745 1 0
  3.2865 1 - 1
    3.2865 1 0
  3.2996 9 + 2
    3.29119 0.5102 1
    3.2996 0.4898 0
  3.3084 7 - 1
    3.3084 1 0
  3.3412 3 + 2
    3.33279 0.3197 1
    3.3412 0.6803 0
  3.3764 5 - 2
    3.36799 0.5102 1
    3.3764 0.4898 0
  3.3839 7 + 1
    3.3839 1 0
  3.4192 11 - 1
    3.4192 1 0
  3.4363 9 + 2
    3.31811 0.4012 2
    3.4363 0.5988 0
  3.442 1 - 1
    3.442 1 0
  3.4586 5 + 1
    3.4586 1 0
  3.4757 3 - 2
    3.46729 0.6803 1
    3.4757 0.3197 0
  3.4803 7 + 1
    3.4803 1 0
  3.497 13 - 1
    3.497 1 0
  3.527 9 + 2
    3.51859 0.5814 1
    3.527 0.4186 0
  3.5387 5 - 1
    3.5387 1 0
  3.5419 3 + 2
    3.42371 0.5 2
    3.5419 0.5 0
  3.5733 11 - 1
    3.5733 1 0
  3.613 7 + 1
    3.613 1 0
  3.6248 1 - 3
    3.50661 0.349665 2
    3.61639 0.30067 1
    3.6248 0.349665 0
  3.7247 5 + 2
    3.60651 0.5 2
    3.7247 0.5 0
  3.7362 9 - 1
    3.7362 1 0
  3.7417 3 + 1
    3.7417 1 0
  3.7663 7 - 1
    3.7663 1 0
  3.7958 5 + 2
    3.78739 0.6211 1
    3.7958 0.3789 0
  3.8067 11 - 1
    3.8067 1 0
  3.8625 13 + 1
    3.8625 1 0
  3.8753 9 - 1
    3.8753 1 0
  3.9168 7 + 1
    3.9168 1 0
  3.9502 3 - 1
    3.9502 1 0
  4.1036 1 + 1
    4.1036 1 0
  4.1902 5 - 2
    4.18179 0.641 1
    4.1902 0.359 0
  4.2797 7 + 1
    4.2797 1 0
  4.7645 3 - 1
    4.7645 1 0
  4.7898 9 + 1
    4.7898 1 0
  4.853 5 - 1
    4.853 1 0
  4.8655 11 + 2
    4.85709 0.5917 1
    4.8655 0.4083 0
  4.954 1 - 1
    4.954 1 0
  5.2115 7 + 1
    5.2115 1 0
  5.5071 3 - 1
    5.5071 1 0
  5.5299 5 + 1
    5.5299 1 0
  5.5933 9 - 2
    5.58489 0.4083 1
    5.5933 0.5917 0
  5.5983 13 + 1
    5.5983 1 0
  14.7 7 - 2
    14.3679 0.5 5
    14.5818 0.5 2
  15.76 11 + 2
    15.4439 0.5 4
    15.6211 0.5 3
  16.102 1 - 2
    15.7601 0.5 6
    16.0936 0.5 1
  16.34 1 - 2
    15.9981 0.5 6
    16.3316 0.5 1

69 170 259
  0 2 - 0
  0.038714 4 - 1
    0.038714 1 0
  0.114544 6 - 2
    0.07583 0.387 1
    0.114544 0.613 0
  0.149718 0 - 2
    0.111004 0.077928 1
    0.149718 0.922072 0
  0.18319 8 - 2
    0.068646 0.069191 2
    0.144476 0.930809 1
  0.193823 6 + 2
    0.079279 0.4122 2
    0.155109 0.5878 1
  0.204449 4 - 3
    0.089905 0.020449 2
    0.165735 0.337083 1
    0.204449 0.642468 0
  0.219706 4 - 4
    0.069988 0.1394 3
    0.105162 0.2541 2
    0.180992 0.3761 1
    0.219706 0.2304 0
  0.23724 2 - 4
    0.017534 0.070139 7
    0.087522 0.508395 3
    0.198526 0.057569 1
    0.23724 0.363896 0
  0.247147 8 + 2
    0.053324 0.97881 5
    0.063957 0.02119 4
  0.270547 6 - 3
    0.066098 0.863191 6
    0.156003 0.0409 2
    0.231833 0.095909 1
  0.319326 10 - 1
    0.204782 1 2
  0.3271 10 + 2
    0.133277 0.5 5
    0.14391 0.5 4
  0.349733 6 - 4
    0.112493 0.016331 8
    0.130027 0.407328 7
    0.235189 0.200214 2
    0.311019 0.376126 1
  0.355047 8 + 3
    0.1079 0.202382 9
    0.161224 0.702437 5
    0.171857 0.095181 4
  0.358116 8 - 4
    0.087569 0.842066 10
    0.153667 0.102996 6
    0.174926 0.026729 4
    0.243572 0.028209 2
  0.381426 8 - 5
    0.031693 0.2188 13
    0.16172 0.3875 7
    0.198236 0.1049 4
    0.266882 0.1661 2
    0.342712 0.1227 1
  0.402728 8 - 2
    0.288184 0.8818 2
    0.364014 0.1182 1
  0.4094 12 - 2
    0.0823 0.5 12
    0.22621 0.5 4
  0.4192 14 + 2
    0.0098 0.5 18
    0.0921 0.5 12
  0.4265 12 + 2
    0.107174 0.5 11
    0.179353 0.5 9
  0.4398 10 + 2
    0.245977 0.5 5
    0.25661 0.5 4
  0.447071 6 - 6
    0.088955 0.094517 15
    0.176524 0.229992 10
    0.242622 0.570481 6
    0.263881 0.009713 4
    0.332527 0.019419 2
    0.408357 0.075877 1
  0.4568 4 + 2
    0.342256 0.5 2
    0.4568 0.5 0
  0.467861 10 - 2
    0.109745 0.669 15
    0.197314 0.331 10
  0.4769 2 + 2
    0.327182 0.5 3
    0.438186 0.5 1
  0.539722 8 - 3
    0.092651 0.810676 22
    0.269175 0.161195 10
    0.335273 0.028129 6
  0.54405 6 + 2
    0.505336 0.618 1
    0.54405 0.382 0
  0.550747 10 - 4
    0.169321 0.217922 16
    0.192631 0.146215 15
    0.231421 0.079508 11
    0.367557 0.556356 4
  0.590229 2 - 5
    0.352989 0.172381 8
    0.370523 0.033046 7
    0.440511 0.017558 3
    0.551515 0.347162 1
    0.590229 0.429853 0
  0.5942 4 - 3
    0.323653 0.333333 10
    0.444482 0.333333 3
    0.5942 0.333333 0
  0.5988 12 - 2
    0.2717 0.5 12
    0.41561 0.5 4
  0.60399 2 + 4
    0.384284 0.049679 7
    0.454272 0.073239 3
    0.565276 0.50019 1
    0.60399 0.376892 0
  0.607886 6 + 5
    0.22646 0.01012 16
    0.38818 0.066591 7
    0.424696 0.308003 4
    0.493342 0.03978 2
    0.569172 0.575506 1
  0.6166 14 - 2
    0.1901 0.5 20
    0.297274 0.5 11
  0.6268 4 + 2
    0.512256 0.5 2
    0.6268 0.5 0
  0.637906 4 - 5
    0.400666 0.07241 8
    0.4182 0.0276 7
    0.523362 0.2017 2
    0.599192 0.06019 1
    0.637906 0.6381 0
  0.644 8 - 2
    0.46081 0.5 4
    0.605286 0.5 1
  0.648747 2 - 6
    0.3782 0.006545 10
    0.411507 0.666737 8
    0.429041 0.078234 7
    0.499029 0.097745 3
    0.610033 0.047133 1
    0.648747 0.103606 0
  0.650373 4 + 5
    0.30064 0.012021 13
    0.413133 0.026131 8
    0.535829 0.350618 2
    0.611659 0.173109 1
    0.650373 0.438122 0
  0.655598 10 - 1
    0.541054 1 2
  0.661856 2 + 4
    0.44215 0.182016 7
    0.457407 0.167715 6
    0.512138 0.567551 3
    0.623142 0.082717 1
  0.6776 0 + 2
    0.44036 0.5 8
    0.6776 0.5 0
  0.683569 0 - 1
    0.446329 1 8
  0.687 6 + 2
    0.50381 0.5 4
    0.648286 0.5 1
  0.693286 4 - 4
    0.343553 0.1007 13
    0.456046 0.5454 8
    0.47358 0.1417 7
    0.693286 0.2122 0
  0.703628 4 + 8
    0.041772 0.087813 41
    0.099638 0.109991 32
    0.433081 0.032357 10
    0.466388 0.016989 8
    0.483922 0.023808 7
    0.589084 0.234181 2
    0.664914 0.11889 1
    0.703628 0.37597 0
  0.70837 6 - 3
    0.52518 0.157592 4
    0.593826 0.029449 2
    0.669656 0.812959 1
  0.709474 4 - 2
    0.505025 0.8428 6
    0.67076 0.1572 1
  0.715621 6 - 5
    0.175899 0.034311 26
    0.26855 0.257308 22
    0.365888 0.019261 13
    0.468474 0.115003 9
    0.521798 0.574117 5
  0.719263 2 + 4
    0.499557 0.20412 7
    0.569545 0.131713 3
    0.680549 0.180818 1
    0.719263 0.483348 0
  0.733813 4 - 3
    0.38408 0.68092 13
    0.496573 0.302509 8
    0.733813 0.01657 0
  0.7424 16 + 2
    0.1258 0.5 34
    0.3159 0.5 20
  0.7436 6 - 2
    0.629056 0.5 2
    0.7436 0.5 0
  0.749848 6 - 4
    0.368422 0.08136 16
    0.400115 0.5587 13
    0.512608 0.05464 8
    0.711134 0.3053 1
  0.756215 8 - 1
    0.562392 1 5
  0.758329 4 + 4
    0.107956 0.7772 39
    0.487782 0.05308 10
    0.538623 0.1194 7
    0.564506 0.05032 5
  0.7604 2 + 2
    0.610682 0.5372 3
    0.645856 0.4628 2
  0.774 6 - 2
    0.659456 0.5 2
    0.774 0.5 0
  0.77523 0 + 2
    0.185001 0.019149 29
    0.53799 0.980851 8
  0.782152 2 - 3
    0.098583 0.144586 43
    0.562446 0.448655 7
    0.632434 0.406759 3
  0.7901 12 - 2
    0.463 0.5 12
    0.60691 0.5 4
  0.801 8 - 2
    0.61781 0.5 4
    0.762286 0.5 1
  0.806427 8 - 3
    0.359356 0.2197 22
    0.448311 0.2628 15
    0.601978 0.5175 6
  0.818507 4 + 6
    0.214517 0.01542 32
    0.468774 0.149698 13
    0.581267 0.191898 8
    0.703963 0.461695 2
    0.779793 0.02999 1
    0.818507 0.151298 0
  0.822393 4 + 4
    0.218403 0.013139 32
    0.47266 0.26069 13
    0.585153 0.437682 8
    0.707849 0.288488 2
  0.829 10 + 2
    0.635177 0.5 5
    0.64581 0.5 4
  0.8326 4 + 2
    0.59536 0.33 8
    0.638777 0.67 5
  0.8354 8 - 2
    0.65221 0.5 4
    0.796686 0.5 1
  0.839131 6 - 3
    0.619425 0.181007 7
    0.634682 0.037261 6
    0.724587 0.781731 2
  0.8413 12 + 2
    0.521974 0.5 11
    0.594153 0.5 9
  0.8502 4 + 6
    0.61296 0.121999 8
    0.630494 0.221698 7
    0.645751 0.079809 6
    0.656377 0.224998 5
    0.700482 0.209698 3
    0.735656 0.141799 2
  0.854335 4 - 4
    0.144861 0.020162 48
    0.739791 0.067456 2
    0.815621 0.33333 1
    0.854335 0.579052 0
  0.860484 2 + 2
    0.640778 0.5034 7
    0.710766 0.4966 3
  0.862776 6 - 5
    0.415705 0.053819 22
    0.48135 0.155397 16
    0.668953 0.160897 5
    0.748232 0.106998 2
    0.824062 0.522889 1
  0.865182 2 - 2
    0.418111 0.00801 22
    0.660733 0.99199 6
  0.867 6 - 2
    0.752456 0.5 2
    0.867 0.5 0
  0.8795 2 + 2
    0.659794 0.7146 7
    0.8795 0.2854 0
  0.891 10 + 2
    0.697177 0.5 5
    0.70781 0.5 4
  0.908448 4 - 4
    0.637901 0.472462 10
    0.703999 0.332173 6
    0.714625 0.153288 5
    0.869734 0.042077 1
  0.921 10 - 2
    0.673853 0.5 9
    0.806456 0.5 2
  0.925272 6 - 4
    0.457411 0.032981 24
    0.720823 0.545911 6
    0.810728 0.212704 2
    0.886558 0.208404 1
  0.948 12 + 2
    0.628674 0.5 11
    0.700853 0.5 9
  0.9558 14 - 2
    0.5293 0.5 20
    0.636474 0.5 11
  0.959218 6 - 3
    0.844674 0.2719 2
    0.920504 0.1699 1
    0.959218 0.5582 0
  0.964474 8 - 6
    0.517403 0.056567 22
    0.561746 0.068987 17
    0.606358 0.148993 15
    0.744768 0.278786 7
    0.760025 0.087186 6
    0.781284 0.359482 4
  0.972365 2 - 2
    0.701818 0.3541 10
    0.822647 0.6459 3
  0.979929 6 - 3
    0.532858 0.353535 22
    0.621813 0.346535 15
    0.709382 0.29993 10
  0.984981 8 - 3
    0.582253 0.2491 17
    0.626865 0.3182 15
    0.714434 0.4327 10
  1.011 12 + 2
    0.691674 0.5 11
    0.763853 0.5 9
  1.014 8 - 2
    0.83081 0.5 4
    0.975286 0.5 1
  1.0175 10 + 2
    0.823677 0.5 5
    0.83431 0.5 4
  1.025 14 + 2
    0.6156 0.5 18
    0.6979 0.5 12
  1.0465 10 + 2
    0.852677 0.5 5
    0.86331 0.5 4
  1.0573 16 + 2
    0.786753 0.1736 10
    0.863477 0.8264 5
  1.061 12 - 2
    0.7339 0.5 12
    0.87781 0.5 4
  1.06446 2 + 9
    0.203976 0.106101 73
    0.242067 0.147501 65
    0.245953 0.147101 64
    0.28923 0.090501 59
    0.345197 0.055281 50
    0.360832 0.146801 46
    0.371174 0.053601 45
    0.46047 0.173502 32
    0.914742 0.079611 3
  1.07097 4 - 4
    0.422223 0.018241 38
    0.52692 0.022621 27
    0.866521 0.652826 6
    1.07097 0.306312 0
  1.0727 18 + 4
    0.83546 0.3346 8
    0.852994 0.1969 7
    0.868251 0.3937 6
    0.958156 0.0748 2
  1.07885 2 + 4
    0.256457 0.1411 65
    0.260343 0.1219 64
    0.30362 0.1881 59
    1.04014 0.5489 1
  1.0878 8 + 2
    0.85056 0.5464 8
    0.868094 0.4536 7
  1.09158 10 + 3
    0.231096 0.2105 73
    0.941862 0.2524 3
    1.09158 0.5371 0
  1.102 4 + 5
    0.382737 0.02911 50
    0.494114 0.01409 33
    0.86476 0.3073 8
    0.987456 0.4584 2
    1.102 0.1911 0
  1.1111 0 + 2
    0.87386 0.5 8
    1.1111 0.5 0
  1.1311 10 - 2
    0.883953 0.5 9
    1.01656 0.5 2
  1.13995 4 - 7
    0.231502 0.045999 79
    0.274768 0.01528 75
    0.491203 0.032299 38
    0.781834 0.124196 15
    0.790217 0.352889 13
    0.869403 0.33789 10
    0.90271 0.091447 8
  1.1419 8 + 2
    1.02736 0.8475 2
    1.1419 0.1525 0
  1.14797 6 + 6
    0.454684 0.024729 45
    0.464401 0.00651 43
    0.557741 0.073788 29
    0.928264 0.433987 7
    0.943521 0.253492 6
    0.998252 0.207494 3
  1.1606 2 - 8
    0.252152 0.02036 79
    0.295418 0.0101 75
    0.426787 0.170397 51
    0.467314 0.01845 45
    0.477031 0.088438 43
    0.713529 0.053269 22
    0.890053 0.145597 10
    0.956151 0.49339 6
  1.16878 4 - 3
    0.485211 0.262974 43
    0.93154 0.466153 8
    0.964331 0.270873 6
  1.17891 4 - 11
    0.396758 0.005482 60
    0.463289 0.01072 49
    0.517054 0.048038 41
    0.908363 0.084136 10
    0.94167 0.031339 8
    0.959204 0.053108 7
    0.974461 0.038198 6
    0.99572 0.043008 4
    1.06437 0.102996 2
    1.1402 0.201992 1
    1.17891 0.380984 0
  1.1823 8 + 2
    0.94506 0.625 8
    0.977851 0.375 6
  1.19283 4 - 7
    0.58884 0.175289 32
    0.602601 0.040098 29
    0.95559 0.066356 8
    0.973124 0.186089 7
    1.04311 0.33038 3
    1.15412 0.15879 1
    1.19283 0.042997 0
  1.2007 6 + 2
    0.59671 0.359 32
    0.610471 0.641 29
  1.21068 4 + 3
    0.66663 0.074537 27
    1.17197 0.24049 1
    1.21068 0.684973 0
  1.2131 6 - 2
    1.09856 0.5 2
    1.2131 0.5 0
  1.2198 14 + 2
    0.8104 0.5 18
    0.8927 0.5 12
  1.224 12 + 2
    0.904674 0.5 11
    0.976853 0.5 9
  1.23 14 - 2
    0.8035 0.5 20
    0.910674 0.5 11
  1.2324 8 + 2
    1.19369 0.625 1
    1.2324 0.375 0
  1.23814 10 + 5
    0.504327 0.038304 51
    0.69409 0.122212 27
    1.0009 0.407541 8
    1.01843 0.285229 7
    1.23814 0.146715 0
  1.2451 0 + 2
    1.00786 0.5 8
    1.2451 0.5 0
  1.2582 6 + 2
    1.07501 0.5 4
    1.21949 0.5 1
  1.26507 8 + 4
    1.02783 0.4645 8
    1.04536 0.1356 7
    1.22636 0.2327 1
    1.26507 0.1672 0
  1.2692 10 + 2
    1.07538 0.5 5
    1.08601 0.5 4
  1.2795 16 + 2
    1.05979 0.5 7
    1.12978 0.5 3
  1.291 8 - 2
    1.10781 0.5 4
    1.25229 0.5 1
  1.2953 6 + 2
    1.11211 0.5 4
    1.25659 0.5 1
  1.29911 4 - 5
    0.438626 0.01118 73
    0.69512 0.077902 32
    0.940994 0.107802 15
    1.06187 0.446409 8
    1.18457 0.356707 2
  1.3093 12 + 3
    0.660553 0.444444 38
    0.70531 0.222222 32
    0.719071 0.333333 29
  1.3159 2 - 3
    0.868829 0.591776 22
    1.16618 0.331387 3
    1.3159 0.076837 0
  1.3242 10 + 2
    1.13038 0.5 5
    1.14101 0.5 4
  1.3349 6 + 2
    1.22036 0.6667 2
    1.3349 0.3333 0
  1.3546 4 - 3
    1.13489 0.306 7
    1.20488 0.3469 3
    1.3546 0.3471 0
  1.3635 8 + 5
    0.725594 0.137917 36
    1.14379 0.224127 7
    1.16968 0.258631 5
    1.21378 0.344841 3
    1.32479 0.034484 1
  1.3751 2 - 2
    1.13786 0.3057 8
    1.22538 0.6943 3
  1.3822 4 - 2
    1.17775 0.7754 6
    1.34349 0.2246 1
  1.395 6 + 6
    1.15776 0.111789 8
    1.17529 0.185281 7
    1.20118 0.294071 5
    1.28046 0.185281 2
    1.35629 0.111789 1
    1.395 0.111789 0
  1.4131 0 + 3
    1.06337 0.3346 13
    1.17586 0.3891 8
    1.29856 0.2763 2
  1.4332 12 + 2
    1.08347 0.8403 13
    1.21349 0.1597 7
  1.4372 10 + 3
    0.83321 0.1606 32
    1.19996 0.7299 8
    1.21749 0.1095 7
  1.442 8 + 1
    1.23755 1 6
  1.4431 2 - 6
    1.09337 0.119893 13
    1.20586 0.068596 8
    1.22339 0.571566 7
    1.23865 0.102894 6
    1.29338 0.102794 3
    1.40439 0.034258 1
  1.448 6 - 2
    1.33346 0.5 2
    1.448 0.5 0
  1.4531 20 + 2
    0.3958 0.5 94
    0.7107 0.5 52
  1.4605 8 + 2
    1.21335 0.5 9
    1.34596 0.5 2
  1.4663 6 + 6
    0.8675 0.047438 31
    1.01923 0.289386 22
    1.11657 0.056927 13
    1.22906 0.075896 8
    1.24659 0.055977 7
    1.31658 0.474376 3
  1.472 2 - 2
    1.35746 0.5 2
    1.472 0.5 0
  1.478 10 + 3
    0.87401 0.272727 32
    1.25829 0.363636 7
    1.32828 0.363636 3
  1.4813 14 + 2
    1.0719 0.5 18
    1.1542 0.5 12
  1.4914 12 + 2
    1.17207 0.5 11
    1.24425 0.5 9
  1.5011 18 + 3
    1.26386 0.166683 8
    1.28139 0.277772 7
    1.29665 0.555544 6
  1.5154 6 - 6
    0.91141 0.132096 32
    0.925171 0.267292 29
    1.27816 0.168195 8
    1.29569 0.300291 7
    1.40086 0.099097 2
    1.5154 0.033029 0
  1.5181 8 + 3
    0.927871 0.228423 29
    1.16837 0.340534 13
    1.28086 0.431043 8
  1.526 0 - 2
    1.37628 0.5 3
    1.48729 0.5 1
  1.5321 10 + 2
    1.33828 0.5 5
    1.34891 0.5 4
  1.5372 2 - 2
    0.93321 0.6663 32
    1.31749 0.3337 7
  1.539 8 - 2
    1.35581 0.5 4
    1.50029 0.5 1
  1.5491 6 + 2
    1.51039 0.5 1
    1.5491 0.5 0
  1.566 16 + 2
    0.9494 0.5 34
    1.1395 0.5 20
  1.5867 12 - 5
    0.996471 0.393676 29
    1.13963 0.314981 22
    1.38225 0.106294 6
    1.47216 0.157491 2
    1.54799 0.027558 1
  1.5903 6 + 2
    1.55159 0.5988 1
    1.5903 0.4012 0
  1.6035 4 - 3
    1.01327 0.25 29
    1.36626 0.625 8
    1.56479 0.125 1
  1.6093 10 + 2
    1.01907 0.885 29
    1.6093 0.115 0
  1.6392 8 - 2
    1.52466 0.7143 2
    1.60049 0.2857 1
  1.6463 14 + 2
    1.0023 0.6369 37
    1.04231 0.3631 32
  1.6587 6 - 4
    1.00995 0.421921 38
    1.43899 0.270014 7
    1.61999 0.075954 1
    1.6587 0.232112 0
  1.6692 4 + 5
    1.07897 0.454505 29
    1.43196 0.072731 8
    1.46475 0.327303 6
    1.51948 0.109101 3
    1.6692 0.03636 0
  1.676 2 - 2
    1.56146 0.5 2
    1.676 0.5 0
  1.69 8 + 2
    1.44285 0.5 9
    1.57546 0.5 2
  1.7048 10 - 2
    1.66609 0.5 1
    1.7048 0.5 0
  1.7267 0 + 4
    1.27963 0.389392 22
    1.45615 0.442491 10
    1.52225 0.110598 6
    1.68799 0.057519 1
  1.7337 6 - 2
    1.69499 0.5 1
    1.7337 0.5 0
  1.7477 4 + 3
    1.51046 0.266373 8
    1.70899 0.467253 1
    1.7477 0.266373 0
  1.7584 12 - 3
    1.64386 0.4167 2
    1.71969 0.3333 1
    1.7584 0.25 0
  1.7687 8 + 2
    1.17847 0.4382 29
    1.32163 0.5618 22
  1.793 2 - 2
    1.67846 0.5 2
    1.793 0.5 0
  1.8181 6 + 2
    1.58086 0.7246 8
    1.61365 0.2754 6
  1.8232 4 - 2
    1.60349 0.4286 7
    1.67348 0.5714 3
  1.846 2 - 2
    1.73146 0.5 2
    1.846 0.5 0
  1.855 10 + 2
    1.20625 0.6849 38
    1.66118 0.3151 5
  1.8593 2 - 10
    1.21055 0.3104 38
    1.25531 0.03403 32
    1.41223 0.1331 22
    1.50957 0.08047 13
    1.62206 0.1329 8
    1.63959 0.04327 7
    1.70958 0.08964 3
    1.74476 0.05255 2
    1.82059 0.07109 1
    1.8593 0.05255 0
  1.8706 8 + 5
    1.22185 0.2597 38
    1.26661 0.1481 32
    1.28037 0.2597 29
    1.63336 0.1481 8
    1.66615 0.1844 6
  1.9098 6 + 2
    1.87109 0.4286 1
    1.9098 0.5714 0
  1.9213 4 - 5
    1.27255 0.1674 38
    1.31731 0.1057 32
    1.47423 0.1366 22
    1.57157 0.4405 13
    1.80676 0.1498 2
  1.9327 12 + 4
    1.28395 0.294129 38
    1.58297 0.294129 13
    1.89399 0.294129 1
    1.9327 0.117612 0
  1.944 10 - 2
    1.69685 0.5 9
    1.82946 0.5 2
  1.951 8 + 5
    1.50393 0.366289 22
    1.68045 0.234393 10
    1.73129 0.131896 7
    1.75718 0.201494 5
    1.951 0.065928 0
  1.979 6 - 3
    1.70845 0.5291 10
    1.94029 0.3545 1
    1.979 0.1164 0
  2.0134 4 + 6
    1.77616 0.111109 8
    1.80895 0.111109 6
    1.81958 0.222218 5
    1.89886 0.444436 2
    1.97469 0.075566 1
    2.0134 0.035563 0
  2.0395 14 - 2
    1.81979 0.8547 7
    2.0395 0.1453 0
  2.0728 0 + 2
    1.72307 0.7519 13
    2.0728 0.2481 0
  2.0841 16 - 2
    1.84686 0.7519 8
    2.0841 0.2481 0
  2.098 6 + 2
    1.74827 0.5376 13
    1.94828 0.4624 3
  2.101 8 - 5
    1.83045 0.578029 10
    1.86376 0.161808 8
    1.89655 0.127206 6
    2.06229 0.098275 1
    2.101 0.034682 0
  2.1163 4 + 3
    1.89659 0.25 7
    1.91185 0.3114 6
    1.96658 0.4386 3
  2.1346 10 - 6
    1.5358 0.110514 31
    1.86405 0.276236 10
    1.89736 0.082881 8
    1.91489 0.138118 7
    2.02006 0.254133 2
    2.09589 0.138118 1
  2.1454 2 + 2
    2.10669 0.5988 1
    2.1454 0.4012 0
  2.1611 6 - 3
    1.89055 0.621119 10
    1.95665 0.285709 6
    2.1611 0.093173 0
  2.1681 12 + 3
    1.89755 0.369578 10
    1.96365 0.543467 6
    2.1681 0.086955 0
  2.192 8 - 3
    1.54325 0.571434 38
    1.5932 0.33142 31
    2.192 0.097146 0
  2.2582 4 + 4
    1.60945 0.318197 38
    2.02096 0.090909 8
    2.03849 0.136399 7
    2.10848 0.454495 3
  2.2649 22 - 2
    1.6209 0.5988 37
    1.66091 0.4012 32
  2.2724 10 + 2
    1.66841 0.5988 32
    2.06795 0.4012 6
  2.2815 6 - 2
    2.04426 0.2857 8
    2.06179 0.7143 7
  2.2831 2 + 5
    1.67911 0.1551 32
    1.83603 0.4082 22
    1.93337 0.1796 13
    2.24439 0.1551 1
    2.2831 0.102 0
  2.2898 4 - 3
    2.07009 0.444444 7
    2.25109 0.333333 1
    2.2898 0.222222 0
  2.3074 8 + 3
    1.86033 0.6897 22
    2.07016 0.1241 8
    2.26869 0.1862 1
  2.3408 6 - 3
    1.75057 0.385 29
    1.89373 0.5 22
    2.10356 0.115 8
  2.3471 0 + 2
    1.74311 0.7143 32
    2.30839 0.2857 1
  2.3648 4 - 3
    1.7208 0.546455 37
    2.01507 0.273227 13
    2.32609 0.180318 1
  2.3882 12 + 2
    2.16849 0.8772 7
    2.3882 0.1228 0
  2.4391 10 - 5
    1.79035 0.195112 38
    1.83511 0.277417 32
    2.08937 0.195112 13
    2.28938 0.304918 3
    2.4391 0.027442 0
  2.4583 8 + 3
    1.85431 0.2009 32
    2.41959 0.4673 1
    2.4583 0.3318 0
  2.478 2 - 3
    2.20745 0.3913 10
    2.28418 0.4348 5
    2.478 0.1739 0
  2.482 6 + 2
    2.44329 0.6667 1
    2.482 0.3333 0
  2.5285 14 - 2
    2.32405 0.5556 6
    2.41396 0.4444 2
  2.5363 4 + 5
    1.93231 0.187491 32
    1.94607 0.218789 29
    2.08923 0.312484 22
    2.29906 0.093745 8
    2.5363 0.187491 0
  2.5405 8 - 2
    2.26995 0.8333 10
    2.5405 0.1667 0
  2.5539 6 + 3
    1.96367 0.5 29
    2.33419 0.22 7
    2.34945 0.28 6
  2.5732 10 - 3
    2.33596 0.3 8
    2.36875 0.5 6
    2.53449 0.2 1
  2.5876 2 + 3
    1.99737 0.666633 29
    2.54889 0.166683 1
    2.5876 0.166683 0
  2.5923 4 - 5
    1.94355 0.235314 38
    2.32175 0.264716 10
    2.37259 0.088245 7
    2.44258 0.294118 3
    2.47776 0.117607 2
  2.5989 12 + 9
    1.9549 0.117192 37
    1.99491 0.052366 32
    2.15183 0.132191 22
    2.24917 0.132191 13
    2.32835 0.249383 10
    2.39445 0.157089 6
    2.48436 0.079794 2
    2.56019 0.039897 1
    2.5989 0.039897 0
  2.6068 8 - 5
    2.00281 0.259613 32
    2.33625 0.295015 10
    2.45708 0.185809 3
    2.49226 0.185809 2
    2.6068 0.073754 0
  2.6183 6 + 6
    1.9743 0.216711 37
    2.17123 0.240212 22
    2.34775 0.261113 10
    2.41385 0.086164 6
    2.50376 0.151408 2
    2.6183 0.044392 0
  2.6257 18 - 2
    2.02171 0.9009 32
    2.42125 0.0991 6
  2.6346 4 + 3
    2.03061 0.5814 32
    2.39736 0.1686 8
    2.52006 0.25 2
  2.6719 2 - 2
    2.02315 0.5618 38
    2.40135 0.4382 10
  2.7023 10 + 3
    2.48259 0.3151 7
    2.55258 0.4202 3
    2.58776 0.2647 2
  2.7213 6 - 2
    2.48406 0.3333 8
    2.51685 0.6667 6
  2.7274 8 + 2
    2.45685 0.6452 10
    2.61286 0.3548 2
  2.7679 0 - 2
    2.17767 0.4792 29
    2.57408 0.5208 5
  2.7786 4 + 3
    2.50805 0.5 10
    2.66406 0.375 2
    2.7786 0.125 0
  2.8024 14 - 2
    2.76369 0.5988 1
    2.8024 0.4012 0
  2.8078 2 + 6
    2.1638 0.19942 37
    2.21757 0.179218 29
    2.36073 0.289029 22
    2.45807 0.132913 13
    2.58809 0.109811 7
    2.8078 0.089609 0
  2.8136 6 - 5
    2.36653 0.239417 22
    2.54305 0.352125 10
    2.66388 0.116208 3
    2.77489 0.204214 1
    2.8136 0.088036 0
  2.8462 8 + 2
    2.25597 0.6135 29
    2.8462 0.3865 0
  2.867 10 - 2
    2.21825 0.5917 38
    2.59645 0.4083 10
  2.8745 4 + 2
    2.60395 0.7519 10
    2.8745 0.2481 0
  2.881 12 - 2
    2.67655 0.5556 6
    2.881 0.4444 0
  2.9119 6 + 2
    2.67466 0.7299 8
    2.9119 0.2701 0
  2.9254 16 - 2
    2.27665 0.5291 38
    2.65485 0.4709 10
  2.9527 2 + 2
    2.60297 0.6944 13
    2.71546 0.3056 8
  2.9959 8 - 2
    2.64617 0.7519 13
    2.9959 0.2481 0
  3.0308 4 + 2
    2.42681 0.359 32
    2.44057 0.641 29
  3.0994 10 - 2
    2.45065 0.4505 38
    2.65233 0.5495 22
  3.2069 6 + 2
    3.09236 0.5556 2
    3.16819 0.4444 1
  3.2159 8 - 2
    2.56715 0.6098 38
    2.62567 0.3902 29
  3.2727 4 + 2
    2.68247 0.7353 29
    3.06825 0.2647 6
  3.4708 2 - 2
    3.26635 0.7143 6
    3.43209 0.2857 1
  3.4915 12 + 2
    2.84275 0.7143 38
    3.25426 0.2857 8
  3.5573 6 - 2
    3.20757 0.6667 13
    3.51859 0.3333 1
  3.6237 0 + 2
    3.27397 0.641 13
    3.41925 0.359 6
  3.63 10 - 2
    3.39276 0.5 8
    3.59129 0.5 1
  3.7605 4 + 2
    3.11175 0.6667 38
    3.54079 0.3333 7
  3.8062 8 - 2
    3.45647 0.7752 13
    3.8062 0.2248 0
  3.8641 6 + 4
    3.27387 0.226205 29
    3.62686 0.077382 8
    3.64439 0.101202 7
    3.67028 0.595212 5
  15.492 0 + 2
    15.2548 0.5 8
    15.492 0.5 0

69 171 50
  0 1 + 0
  0.005036 3 + 1
    0.005036 1 0
  0.116657 5 + 2
    0.111621 0.913082 1
    0.116657 0.086918 0
  0.129055 7 + 2
    0.012398 0.2738 2
    0.124019 0.7262 1
  0.326811 9 + 2
    0.197756 0.697 3
    0.210154 0.303 2
  0.34796 11 + 1
    0.218905 1 3
  0.424956 7 - 4
    0.295901 0.336414 3
    0.308299 0.662327 2
    0.41992 0.001013 1
    0.424956 0.000247 0
  0.520319 9 - 1
    0.095363 1 6
  0.62702 13 + 2
    0.27906 0.529 5
    0.300209 0.471 4
  0.63554 7 + 5
    0.115221 0.045862 7
    0.210584 0.886636 6
    0.506485 0.030431 3
    0.518883 0.030401 2
    0.630504 0.006669 1
  0.63714 11 - 1
    0.116821 1 7
  0.65877 15 + 1
    0.31081 1 5
  0.675799 3 + 3
    0.559142 0.080682 2
    0.670763 0.432709 1
    0.675799 0.48661 0
  0.73742 5 + 3
    0.608365 0.1665 3
    0.620763 0.3987 2
    0.732384 0.4348 1
  0.743768 9 + 1
    0.108228 1 9
  0.750109 5 - 1
    0.745073 1 1
  0.754841 1 - 2
    0.749805 0.4318 1
    0.754841 0.5682 0
  0.77587 13 - 2
    0.13873 0.8739 10
    0.255551 0.1261 7
  0.822429 7 + 3
    0.495618 0.078565 4
    0.693374 0.512064 3
    0.705772 0.409371 2
  0.82408 9 - 3
    0.47612 0.333333 5
    0.497269 0.333333 4
    0.695025 0.333333 3
  0.8728 11 + 2
    0.129032 0.5 14
    0.23726 0.5 9
  0.88434 3 - 1
    0.88434 1 0
  0.912946 5 + 9
    0.175526 0.070578 13
    0.237147 0.122497 12
    0.277406 0.213794 9
    0.48799 0.001646 6
    0.586135 0.080618 4
    0.783891 0.076948 3
    0.796289 0.206595 2
    0.90791 0.202895 1
    0.912946 0.024429 0
  0.93556 15 - 2
    0.15969 0.7845 17
    0.29842 0.2155 10
  0.98446 13 - 1
    0.6365 1 5
  0.998625 7 + 7
    0.085679 0.707391 22
    0.363085 0.042109 9
    0.573669 0.0193 6
    0.671814 0.044389 4
    0.86957 0.109499 3
    0.881968 0.076129 2
    0.993589 0.001183 1
  1.01315 17 + 2
    0.35438 0.504 11
    0.38613 0.496 8
  1.03626 7 - 2
    0.709449 0.5 4
    0.919603 0.5 2
  1.05742 19 + 1
    0.39865 1 11
  1.11676 17 - 2
    0.1812 0.431 23
    0.34089 0.569 17
  1.2257 3 - 3
    1.09665 0.10191 3
    1.10904 0.636964 2
    1.22066 0.261126 1
  1.23217 17 - 1
    0.5734 1 11
  1.235 5 - 2
    1.10595 0.5 3
    1.22996 0.5 1
  1.28497 5 + 9
    0.286345 0.02781 25
    0.372024 0.830607 22
    0.54755 0.05224 13
    0.609171 0.06289 12
    0.860014 0.004467 6
    1.15592 0.001776 3
    1.16831 0.00556 2
    1.27993 0.007484 1
    1.28497 0.007165 0
  1.29646 3 - 1
    0.871504 1 6
  1.30696 11 - 3
    0.53109 0.258126 17
    0.66982 0.264226 10
    0.786641 0.477648 7
  1.31656 19 - 2
    0.1998 0.5 29
    0.381 0.5 23
  1.3911 1 - 1
    0.966144 1 6
  1.4006 5 + 4
    0.975644 0.110503 6
    1.27155 0.053172 3
    1.39556 0.442713 1
    1.4006 0.393612 0
  1.5681 1 + 2
    1.45144 0.5 2
    1.5681 0.5 0
  1.7852 9 - 2
    1.43724 0.5 5
    1.65614 0.5 3
  1.813 3 - 2
    1.69634 0.5 2
    1.813 0.5 0
  1.8245 1 + 2
    1.70784 0.5 2
    1.8245 0.5 0
  1.8485 7 - 2
    1.52169 0.5 4
    1.73184 0.5 2
  1.8598 5 + 2
    1.74314 0.5 2
    1.8598 0.5 0
  1.9088 9 - 2
    1.56084 0.5 5
    1.77975 0.5 3
  1.9257 3 + 2
    1.79665 0.5 3
    1.92066 0.5 1
  1.9594 7 - 2
    1.63259 0.5 4
    1.84274 0.5 2
  1.9794 5 + 2
    1.86274 0.5 2
    1.9794 0.5 0
  2.0153 9 - 2
    1.66734 0.5 5
    1.88624 0.5 3

69 172 14
  0 4 - 0
  0.062529 6 - 1
    0.062529 1 0
  0.14584 8 - 2
    0.083311 0.900145 1
    0.14584 0.099855 0
  0.23992 6 - 2
    0.177391 0.0959 1
    0.23992 0.9041 0
  0.407338 2 - 3
    0.167418 0.000234 3
    0.344809 0.0145 1
    0.407338 0.985267 0
  0.446036 4 - 5
    0.038698 0.069873 4
    0.206116 0.000641 3
    0.300196 0.003641 2
    0.383507 0.41542 1
    0.446036 0.510425 0
  0.475446 0 - 3
    0.02941 0.13909 5
    0.068108 0.835742 4
    0.475446 0.025168 0
  0.47968 10 - 3
    0.23976 0.201 3
    0.417151 0.3501 1
    0.47968 0.4489 0
  0.49634 12 - 1
    0.49634 1 0
  0.52623 14 + 3
    0.080194 0.816976 5
    0.118892 0.068628 4
    0.52623 0.114397 0
  0.53514 2 - 6
    0.059694 0.878663 6
    0.089104 0.00055 5
    0.127802 0.113595 4
    0.29522 5.6e-05 3
    0.472611 0.000684 1
    0.53514 0.006452 0
  0.610062 2 + 7
    0.074922 0.004423 10
    0.113722 6.3e-05 8
    0.134616 0.000264 6
    0.164026 0.01579 5
    0.202724 0.023349 4
    0.370142 3.5e-05 3
    0.610062 0.956077 0
  0.7145 8 + 3
    0.17936 0.078737 10
    0.307162 0.787368 4
    0.7145 0.133895 0
  0.79742 10 + 2
    0.187358 0.074072 11
    0.79742 0.925928 0

69 173 34
  0 1 + 0
  0.00246 3 + 1
    0.00246 1 0
  0.1186 5 + 2
    0.11614 0.8906 1
    0.1186 0.1094 0
  0.12486 7 + 1
    0.1224 1 1
  0.31773 7 - 2
    0.19287 0.4935 3
    0.19913 0.5065 2
  0.3398 9 - 1
    0.21494 1 3
  0.4119 9 - 1
    0.09417 1 4
  0.526 11 - 1
    0.20827 1 4
  0.6095 1 - 1
    0.60704 1 1
  0.6695 13 - 2
    0.2576 0.5 6
    0.3297 0.5 5
  0.7498 5 + 2
    0.6312 0.5 2
    0.7498 0.5 0
  0.8179 3 + 2
    0.69304 0.5 3
    0.81544 0.5 1
  0.8561 15 + 1
    0.1866 1 9
  0.983 5 - 2
    0.85814 0.5 3
    0.98054 0.5 1
  1.137 7 + 2
    1.01214 0.5 3
    1.13454 0.5 1
  1.1869 11 - 2
    0.6609 0.5 7
    0.86917 0.5 4
  1.2129 9 - 2
    0.801 0.1529 6
    0.89517 0.8471 4
  1.2435 3 + 2
    1.11864 0.5 3
    1.24104 0.5 1
  1.3356 17 + 1
    1.3356 1 0
  1.3615 5 - 2
    1.23664 0.5 3
    1.35904 0.5 1
  1.4141 7 + 2
    1.28924 0.5 3
    1.41164 0.5 1
  1.4394 3 - 2
    1.3208 0.5 2
    1.4394 0.5 0
  1.5144 13 + 2
    0.3275 0.5 15
    0.9884 0.5 7
  1.5882 5 - 2
    1.46334 0.5 3
    1.58574 0.5 1
  1.6722 9 + 2
    1.35447 0.5 4
    1.5536 0.5 2
  1.7033 11 - 2
    1.1773 0.5 7
    1.38557 0.5 4
  1.9012 7 + 2
    1.77634 0.5 3
    1.89874 0.5 1
  2.0059 1 - 2
    1.3964 0.5 8
    2.00344 0.5 1
  2.0385 3 + 2
    1.91364 0.5 3
    2.03604 0.5 1
  2.069 5 - 2
    1.94414 0.5 3
    2.06654 0.5 1
  2.0958 7 + 2
    1.97094 0.5 3
    2.09334 0.5 1
  2.1267 9 - 2
    1.7869 0.5 5
    2.00184 0.5 3
  2.1506 19 + 1
    1.2945 1 12
  2.192 3 - 2
    2.0734 0.5 2
    2.192 0.5 0

69 174 1
  0 8 - 0

69 175 32
  0 1 + 0
  0.0026 3 + 1
    0.0026 1 0
  0.1237 5 + 2
    0.1211 0.5 1
    0.1237 0.5 0
  0.1308 7 + 1
    0.1282 1 1
  0.3579 9 + 2
    0.2271 0.2666 3
    0.2342 0.7334 2
  0.439 7 - 2
    0.0811 0.5 4
    0.3153 0.5 2
  0.532 9 - 1
    0.4012 1 3
  0.611 3 + 2
    0.4802 0.5 3
    0.6084 0.5 1
  0.6393 11 - 1
    0.2814 1 4
  0.672 5 + 2
    0.5483 0.5 2
    0.672 0.5 0
  0.756 7 + 2
    0.6252 0.5 3
    0.7534 0.5 1
  0.87 9 + 2
    0.5121 0.5 4
    0.7463 0.5 2
  0.941 15 - 1
    0.3017 1 8
  1.004 13 - 1
    0.472 1 6
  1.072 5 - 2
    0.9412 0.5 3
    1.0694 0.5 1
  1.146 11 - 2
    0.707 0.5 5
    0.7881 0.5 4
  1.212 3 - 2
    1.0883 0.5 2
    1.212 0.5 0
  1.2912 1 - 1
    1.1675 1 2
  1.3677 7 + 1
    0.0765 1 17
  1.423 5 + 2
    1.2993 0.5 2
    1.423 0.5 0
  1.495 17 - 1
    0.491 1 13
  1.583 3 - 2
    1.4593 0.5 2
    1.583 0.5 0
  1.706 5 + 2
    1.5823 0.5 2
    1.706 0.5 0
  1.744 13 - 2
    0.74 0.5 13
    1.212 0.5 6
  1.81 7 + 2
    1.6792 0.5 3
    1.8074 0.5 1
  1.916 7 - 2
    1.5581 0.5 4
    1.7923 0.5 2
  1.985 5 + 2
    1.8613 0.5 2
    1.985 0.5 0
  2.013 9 - 2
    1.481 0.5 6
    1.8822 0.5 3
  2.056 11 + 2
    1.524 0.5 6
    1.9252 0.5 3
  2.095 11 - 2
    1.656 0.5 5
    1.7371 0.5 4
  2.216 1 + 2
    2.0923 0.5 2
    2.216 0.5 0
  2.31 3 - 2
    2.1863 0.5 2
    2.31 0.5 0

69 176 1
  0 8 + 0

69 177 1
  0 7 - 0

69 178 1
  0 6 + 0

