92 217 1
  0 1 - 0

92 218 2
  0 0 + 0
  2.105 16 + 1
    2.105 1 0

92 219 1
  0 9 + 0

92 221 1
  0 9 + 0

92 222 1
  0 0 + 0

92 223 1
  0 3 + 0

92 224 1
  0 0 + 0

92 225 1
  0 1 - 0

92 226 1
  0 0 + 0

92 227 1
  0 3 + 0

92 228 2
  0 0 + 0
  0.059 4 + 1
    0.059 1 0

92 229 2
  0 3 + 0
  0.015 1 + 1
    0.015 1 0

92 230 19
  0 0 + 0
  0.051727 4 + 1
    0.051727 1 0
  0.16934 8 + 1
    0.117613 1 1
  0.34695 12 + 1
    0.17761 1 2
  0.366649 2 - 2
    0.314922 0.5549 1
    0.366649 0.4451 0
  0.43519 6 - 2
    0.26585 0.2808 2
    0.383463 0.7192 1
  0.5581 10 - 2
    0.21115 0.5 3
    0.38876 0.5 2
  0.578 16 + 1
    0.23105 1 3
  0.7339 14 - 1
    0.38695 1 3
  0.8563 20 + 1
    0.2783 1 7
  0.9586 18 - 1
    0.3806 1 7
  1.1756 24 + 1
    0.3193 1 9
  1.229 22 - 2
    0.2704 0.3063 10
    0.3727 0.6937 9
  1.5315 28 + 1
    0.3559 1 11
  1.5397 26 - 2
    0.3107 0.2464 12
    0.3641 0.7536 11
  1.8859 30 - 1
    0.3544 1 13
  1.9211 32 + 1
    0.3896 1 13
  2.2667 34 - 1
    0.3456 1 16
  2.3378 36 + 1
    0.4167 1 16

92 231 8
  0 5 - 0
  0.04 5 + 1
    0.04 1 0
  0.0451 7 - 1
    0.0051 1 1
  0.4161 9 - 2
    0.371 0.971819 2
    0.4161 0.028181 0
  0.4211 3 - 2
    0.376 0.3789 2
    0.4211 0.6211 0
  0.4817 11 - 2
    0.4366 0.3197 2
    0.4817 0.6803 0
  1.1535 1 - 2
    0.7374 0.6944 3
    1.1084 0.3056 2
  1.2681 13 - 2
    0.7864 0.2126 5
    0.852 0.7874 3

92 232 65
  0 0 + 0
  0.047573 4 + 1
    0.047573 1 0
  0.156566 8 + 1
    0.108993 1 1
  0.32269 12 + 1
    0.166124 1 2
  0.5411 16 + 1
    0.21841 1 3
  0.563194 2 - 2
    0.515621 0.5922 1
    0.563194 0.4078 0
  0.628965 6 - 2
    0.472399 0.3914 2
    0.581392 0.6086 1
  0.69142 0 + 2
    0.643847 0.5 1
    0.69142 0.5 0
  0.73457 4 + 3
    0.578004 0.1839 2
    0.686997 0.3503 1
    0.73457 0.4658 0
  0.7468 10 - 2
    0.42411 0.2611 3
    0.590234 0.7389 2
  0.80588 20 + 1
    0.26478 1 4
  0.83307 8 + 1
    0.676504 1 2
  0.86679 4 + 5
    0.13222 0.005651 8
    0.17537 0.001603 7
    0.710224 0.01555 2
    0.819217 0.552598 1
    0.86679 0.424598 0
  0.91149 6 + 4
    0.17692 0.00608 8
    0.754924 0.216983 2
    0.863917 0.771338 1
    0.91149 0.0056 0
  0.9152 14 - 2
    0.3741 0.5 4
    0.59251 0.5 3
  0.9273 0 + 2
    0.364106 0.998125 5
    0.879727 0.001875 1
  0.9676 4 + 5
    0.338635 0.485366 6
    0.404406 0.365474 5
    0.811034 0.062266 2
    0.920027 0.063066 1
    0.9676 0.023828 0
  0.97071 8 + 2
    0.814144 0.6904 2
    0.923137 0.3096 1
  0.9849 12 + 1
    0.66221 1 3
  1.01685 4 - 7
    0.10536 0.022548 13
    0.15006 0.171485 12
    0.28228 0.000139 8
    0.387885 0.098001 6
    0.453656 0.124989 5
    0.969277 0.582648 1
    1.01685 0.00019 0
  1.0509 6 - 7
    0.08019 0.023949 17
    0.13941 0.041929 13
    0.18411 0.095697 12
    0.421935 0.105196 6
    0.894334 0.726775 2
    1.00333 0.005809 1
    1.0509 0.000646 0
  1.0982 8 - 1
    0.941634 1 2
  1.1116 24 + 1
    0.30572 1 10
  1.1311 18 - 1
    0.59 1 4
  1.13297 4 + 2
    1.0854 0.7248 1
    1.13297 0.2752 0
  1.17306 4 - 1
    1.12549 1 1
  1.1866 16 + 1
    0.6455 1 4
  1.194 10 - 7
    0.1431 0.005523 20
    0.22329 0.036739 17
    0.28251 0.264491 13
    0.32721 0.649677 12
    1.03743 0.035649 2
    1.14643 0.003961 1
    1.194 0.003961 0
  1.2113 6 - 2
    1.05473 0.8131 2
    1.16373 0.1869 1
  1.227 2 - 2
    1.17943 0.5 1
    1.227 0.5 0
  1.2772 0 + 2
    1.22963 0.5 1
    1.2772 0.5 0
  1.301 10 - 2
    0.97831 0.5 3
    1.14443 0.5 2
  1.349 2 - 2
    1.30143 0.5 1
    1.349 0.5 0
  1.3909 22 - 1
    0.58502 1 10
  1.4343 20 + 1
    0.62842 1 10
  1.438 6 - 2
    1.28143 0.5 2
    1.39043 0.5 1
  1.4538 28 + 1
    0.3422 1 22
  1.482 0 + 2
    1.43443 0.5 1
    1.482 0.5 0
  1.489 8 - 2
    0.47215 0.5 19
    0.57751 0.5 13
  1.52 10 - 2
    1.19731 0.5 3
    1.36343 0.5 2
  1.569 0 + 2
    1.52143 0.5 1
    1.569 0.5 0
  1.6 6 - 2
    1.44343 0.5 2
    1.55243 0.5 1
  1.646 2 - 2
    1.59843 0.5 1
    1.646 0.5 0
  1.746 12 - 2
    0.257 0.5 38
    0.6478 0.5 21
  1.772 8 - 2
    0.75515 0.5 19
    0.86051 0.5 13
  1.797 0 + 2
    1.74943 0.5 1
    1.797 0.5 0
  1.8221 0 + 2
    1.77453 0.5 1
    1.8221 0.5 0
  1.8282 32 + 1
    0.3744 1 36
  1.8615 0 + 2
    1.81393 0.5 1
    1.8615 0.5 0
  1.872 6 - 2
    1.71543 0.5 2
    1.82443 0.5 1
  1.9318 0 + 2
    1.88423 0.5 1
    1.9318 0.5 0
  1.972 10 - 2
    1.64931 0.5 3
    1.81543 0.5 2
  1.979 8 - 2
    0.96215 0.5 19
    1.06751 0.5 13
  1.998 6 - 2
    1.84143 0.5 2
    1.95043 0.5 1
  2.0232 30 - 1
    0.5694 1 36
  2.043 2 - 2
    1.99543 0.5 1
    2.043 0.5 0
  2.061 14 + 1
    0.315 1 43
  2.072 10 - 2
    1.74931 0.5 3
    1.91543 0.5 2
  2.147 4 + 2
    2.09943 0.5 1
    2.147 0.5 0
  2.172 8 - 2
    1.15515 0.5 19
    1.26051 0.5 13
  2.204 6 + 2
    1.18715 0.5 19
    1.29251 0.5 13
  2.2316 36 + 1
    0.4034 1 47
  2.284 12 - 2
    0.795 0.5 38
    1.1858 0.5 21
  2.333 2 - 2
    2.28543 0.5 1
    2.333 0.5 0
  2.6598 40 + 1
    0.4282 1 61

92 233 97
  0 5 + 0
  0.04035 7 + 1
    0.04035 1 0
  0.09216 9 + 2
    0.05181 0.2607 1
    0.09216 0.7393 0
  0.15523 11 + 2
    0.06307 0.5 2
    0.11488 0.5 1
  0.197 3 + 1
    0.15665 1 1
  0.22947 13 + 2
    0.07424 0.3964 3
    0.13731 0.6036 2
  0.29881 5 - 2
    0.25846 0.1845 1
    0.29881 0.8155 0
  0.30194 7 - 2
    0.26159 0.6022 1
    0.30194 0.3978 0
  0.311904 3 + 2
    0.271554 0.005857 1
    0.311904 0.994143 0
  0.3146 15 + 2
    0.08513 0.4579 5
    0.15937 0.5421 3
  0.32083 7 - 3
    0.22867 0.211379 2
    0.28048 0.542046 1
    0.32083 0.246575 0
  0.33042 7 + 3
    0.23826 0.3344 2
    0.29007 0.5314 1
    0.33042 0.1342 0
  0.340477 5 + 5
    0.028573 0.548749 8
    0.041667 0.000723 6
    0.248317 0.001888 2
    0.300127 0.283725 1
    0.340477 0.164915 0
  0.35379 9 - 3
    0.19856 0.142614 3
    0.26163 0.341234 2
    0.31344 0.516152 1
  0.38043 7 + 2
    0.28827 0.8592 2
    0.38043 0.1408 0
  0.39756 11 - 1
    0.3054 1 2
  0.404833 1 + 3
    0.064356 0.008996 12
    0.092929 0.908331 8
    0.404833 0.082673 0
  0.41117 17 + 2
    0.09657 0.5193 9
    0.1817 0.4807 5
  0.415758 3 + 5
    0.010925 0.076298 16
    0.075281 0.645487 12
    0.103854 0.175696 8
    0.375408 0.027989 1
    0.415758 0.074529 0
  0.425 17 + 2
    0.01383 0.5 17
    0.19553 0.5 5
  0.432 9 + 2
    0.33984 0.5 2
    0.432 0.5 0
  0.456114 5 + 1
    0.456114 1 0
  0.497 11 + 2
    0.34177 0.5 3
    0.45665 0.5 1
  0.50362 7 - 5
    0.18279 0.149 10
    0.20481 0.4384 6
    0.41146 0.0596 2
    0.46327 0.1163 1
    0.50362 0.2367 0
  0.51755 19 + 2
    0.10638 0.1929 17
    0.20295 0.8071 9
  0.522 15 - 2
    0.12444 0.5 15
    0.29253 0.5 5
  0.54654 5 + 5
    0.22571 0.03514 10
    0.234636 0.441204 8
    0.24773 0.03905 6
    0.50619 0.176102 1
    0.54654 0.308503 0
  0.5616 9 - 2
    0.24077 0.6479 10
    0.52125 0.3521 1
  0.567 1 - 2
    0.26819 0.5 6
    0.37 0.5 4
  0.572 1 - 2
    0.27319 0.5 6
    0.375 0.5 4
  0.575 3 - 2
    0.27306 0.5 7
    0.575 0.5 0
  0.59724 7 + 4
    0.256763 0.491151 12
    0.50508 0.226277 2
    0.55689 0.147585 1
    0.59724 0.134987 0
  0.61 13 - 2
    0.2954 0.5 9
    0.45477 0.5 3
  0.62 9 - 2
    0.46477 0.5 3
    0.57965 0.5 1
  0.63527 21 + 1
    0.2241 1 17
  0.646 5 - 2
    0.449 0.5 4
    0.60565 0.5 1
  0.66 3 - 2
    0.35806 0.5 7
    0.66 0.5 0
  0.7 11 - 2
    0.47053 0.5 5
    0.60784 0.5 2
  0.717 13 - 2
    0.4024 0.5 9
    0.56177 0.5 3
  0.749 5 - 2
    0.552 0.5 4
    0.70865 0.5 1
  0.76165 23 + 1
    0.2441 1 24
  0.766 9 - 2
    0.61077 0.5 3
    0.72565 0.5 1
  0.774 3 - 2
    0.47206 0.5 7
    0.774 0.5 0
  0.79 7 - 2
    0.69784 0.5 2
    0.79 0.5 0
  0.802 11 - 2
    0.57253 0.5 5
    0.70984 0.5 2
  0.819 7 - 2
    0.72684 0.5 2
    0.819 0.5 0
  0.838 9 - 2
    0.68277 0.5 3
    0.79765 0.5 1
  0.865 5 + 2
    0.77284 0.5 2
    0.865 0.5 0
  0.894 1 + 2
    0.553523 0.5 12
    0.894 0.5 0
  0.8994 25 + 1
    0.26413 1 34
  0.916 11 - 2
    0.68653 0.5 5
    0.82384 0.5 2
  0.923 3 - 2
    0.62106 0.5 7
    0.923 0.5 0
  0.938 5 + 2
    0.84584 0.5 2
    0.938 0.5 0
  0.952 9 - 2
    0.79677 0.5 3
    0.91165 0.5 1
  0.964 13 + 2
    0.73453 0.5 5
    0.87184 0.5 2
  0.982 3 - 2
    0.68006 0.5 7
    0.982 0.5 0
  1.002 11 - 2
    0.77253 0.5 5
    0.90984 0.5 2
  1.016 5 + 2
    0.92384 0.5 2
    1.016 0.5 0
  1.0438 27 + 1
    0.28215 1 40
  1.046 7 - 2
    0.95384 0.5 2
    1.046 0.5 0
  1.053 1 + 2
    0.712523 0.5 12
    1.053 0.5 0
  1.071 9 + 2
    0.97884 0.5 2
    1.071 0.5 0
  1.079 3 - 2
    0.77706 0.5 7
    1.079 0.5 0
  1.09 5 - 2
    0.893 0.5 4
    1.04965 0.5 1
  1.103 7 + 2
    0.94777 0.5 3
    1.06265 0.5 1
  1.114 15 - 2
    0.71644 0.5 15
    0.88453 0.5 5
  1.125 13 + 2
    0.89553 0.5 5
    1.03284 0.5 2
  1.15 11 + 2
    0.99477 0.5 3
    1.10965 0.5 1
  1.169 9 - 2
    1.01377 0.5 3
    1.12865 0.5 1
  1.193 5 - 2
    0.996 0.5 4
    1.15265 0.5 1
  1.2006 29 + 1
    0.3012 1 49
  1.216 7 - 2
    1.12384 0.5 2
    1.216 0.5 0
  1.227 3 + 2
    1.03 0.5 4
    1.18665 0.5 1
  1.236 1 - 2
    0.93719 0.5 6
    1.039 0.5 4
  1.263 5 + 2
    1.17084 0.5 2
    1.263 0.5 0
  1.276 9 - 2
    1.12077 0.5 3
    1.23565 0.5 1
  1.285 7 + 2
    1.12977 0.5 3
    1.24465 0.5 1
  1.311 5 + 2
    1.21884 0.5 2
    1.311 0.5 0
  1.347 7 + 2
    1.19177 0.5 3
    1.30665 0.5 1
  1.3618 31 + 1
    0.318 1 58
  1.366 7 - 2
    1.27384 0.5 2
    1.366 0.5 0
  1.42 9 - 2
    1.26477 0.5 3
    1.37965 0.5 1
  1.482 11 - 2
    1.25253 0.5 5
    1.38984 0.5 2
  1.5368 33 + 1
    0.3362 1 70
  1.7125 35 + 1
    0.3507 1 79
  1.824 7 - 2
    1.73184 0.5 2
    1.824 0.5 0
  1.9 3 - 2
    1.59806 0.5 7
    1.9 0.5 0
  1.9043 37 + 1
    0.3675 1 83
  1.931 3 - 2
    1.62906 0.5 7
    1.931 0.5 0
  2.021 13 - 2
    1.7064 0.5 9
    1.86577 0.5 3
  2.07 7 - 2
    1.97784 0.5 2
    2.07 0.5 0
  2.0942 39 + 1
    0.3817 1 84
  2.3021 41 + 1
    0.3978 1 87
  2.504 43 + 1
    0.4098 1 91
  2.7253 45 + 1
    0.4232 1 92
  2.9405 47 + 1
    0.4365 1 93
  3.174 49 + 1
    0.4487 1 94

92 234 153
  0 0 + 0
  0.043498 4 + 1
    0.043498 1 0
  0.143352 8 + 1
    0.099854 1 1
  0.296072 12 + 1
    0.15272 1 2
  0.49704 16 + 1
    0.200968 1 3
  0.7412 20 + 1
    0.24416 1 4
  0.786288 2 - 2
    0.74279 0.6331 1
    0.786288 0.3669 0
  0.809907 0 + 1
    0.766409 1 1
  0.849266 6 - 2
    0.705914 0.474 2
    0.805768 0.526 1
  0.85174 4 + 4
    0.041833 0.317784 7
    0.708388 0.048548 2
    0.808242 0.478076 1
    0.85174 0.155592 0
  0.92672 4 + 3
    0.783368 0.01748 2
    0.883222 0.561711 1
    0.92672 0.420808 0
  0.94764 8 + 2
    0.804288 0.7109 2
    0.904142 0.2891 1
  0.962546 10 - 2
    0.666474 0.3833 3
    0.819194 0.6167 2
  0.968425 6 + 2
    0.825073 0.194 2
    0.924927 0.806 1
  0.98943 4 - 4
    0.06271 0.1046 10
    0.140164 0.1464 8
    0.203142 0.135 6
    0.945932 0.614 1
  1.02377 8 + 3
    0.727698 0.01419 3
    0.880418 0.770608 2
    0.980272 0.215202 1
  1.02899 24 + 1
    0.287793 1 5
  1.03418 6 - 6
    0.044755 0.376098 14
    0.06576 0.001235 13
    0.107465 0.02215 10
    0.184919 0.03102 8
    0.890833 0.349498 2
    0.990687 0.219999 1
  1.04454 0 + 3
    0.1928 0.001139 9
    0.258252 0.082242 6
    1.00104 0.916619 1
  1.06928 8 - 6
    0.035095 0.569177 17
    0.07985 0.202192 14
    0.100855 0.01153 13
    0.106734 0.033089 12
    0.220014 0.040218 8
    0.925928 0.143794 2
  1.08526 4 + 5
    0.235994 0.01975 8
    0.298972 0.05655 6
    0.941908 0.5503 2
    1.04176 0.2636 1
    1.08526 0.1098 0
  1.09089 10 + 2
    0.794818 0.2917 3
    0.947538 0.7083 2
  1.09612 12 + 2
    0.800048 0.5 3
    0.952768 0.5 2
  1.12528 14 - 2
    0.62824 0.3984 4
    0.829208 0.6016 3
  1.12663 4 + 7
    0.1372 0.023091 14
    0.19991 0.142306 10
    0.27489 0.153806 9
    0.316723 0.081583 7
    0.340342 0.028891 6
    1.08313 0.361714 1
    1.12663 0.208608 0
  1.13878 10 - 6
    0.069495 0.146805 19
    0.10459 0.277809 17
    0.176229 0.0125 12
    0.289509 0.004969 8
    0.842703 0.401512 3
    0.995423 0.156405 2
  1.15 2 - 2
    1.1065 0.5 1
    1.15 0.5 0
  1.16544 6 + 4
    0.197015 0.2924 13
    0.3137 0.1649 9
    1.02209 0.1969 2
    1.12194 0.3458 1
  1.17204 12 + 3
    0.675 0.031919 4
    0.875968 0.791484 3
    1.02869 0.176596 2
  1.1741 2 - 3
    0.18467 0.5416 14
    0.387812 0.1616 6
    1.1741 0.2968 0
  1.19475 12 - 5
    0.055975 0.182213 25
    0.06947 0.116908 23
    0.12547 0.396928 19
    0.232204 0.021932 12
    0.898678 0.28202 3
  1.21471 8 + 4
    0.26707 0.523589 11
    0.365444 0.042019 8
    0.918638 0.223896 3
    1.17121 0.210496 1
  1.218 6 - 2
    1.07465 0.5 2
    1.1745 0.5 1
  1.23726 2 - 8
    0.19272 0.007045 18
    0.24783 0.014201 14
    0.31054 0.003894 10
    0.387994 0.021831 8
    0.427353 0.000883 7
    0.450972 0.148407 6
    1.19376 0.579528 1
    1.23726 0.224211 0
  1.26178 14 + 2
    0.76474 0.2921 4
    0.965708 0.7079 3
  1.27429 10 + 1
    0.978218 1 3
  1.27746 14 - 3
    0.138685 0.1297 25
    0.78042 0.4839 4
    0.981388 0.3864 3
  1.29275 16 + 1
    0.79571 1 4
  1.31218 6 - 2
    0.343755 0.4521 13
    0.38546 0.5479 10
  1.3356 18 - 2
    0.5944 0.5 5
    0.83856 0.5 4
  1.339 8 - 2
    0.34957 0.5 14
    0.370575 0.5 13
  1.3405 28 + 1
    0.311507 1 16
  1.35356 12 + 2
    0.391019 0.5748 12
    1.05749 0.4252 3
  1.3658 16 + 1
    0.86876 1 4
  1.42126 12 - 12
    0.1438 0.090908 36
    0.15948 0.034099 34
    0.22651 0.441691 30
    0.24922 0.118498 28
    0.282485 0.191096 25
    0.29598 0.01031 23
    0.33037 0.01369 21
    0.35198 0.02075 19
    0.39749 0.002806 15
    0.458714 0.057909 12
    1.12519 0.01616 3
    1.27791 0.002085 2
  1.43538 2 - 6
    0.19812 0.003632 33
    0.44595 0.002384 14
    0.625473 0.008673 7
    0.649092 0.00311 6
    1.39188 0.2579 1
    1.43538 0.724301 0
  1.44752 10 - 2
    0.308745 0.6506 25
    1.15145 0.3494 3
  1.4514 6 - 2
    1.30805 0.5 2
    1.4079 0.5 1
  1.45716 4 - 2
    0.670872 0.1404 6
    1.41366 0.8596 1
  1.473 8 - 2
    0.48357 0.5 14
    0.504575 0.5 13
  1.48616 6 - 3
    0.55944 0.626963 10
    1.34281 0.105711 2
    1.44266 0.267327 1
  1.49141 14 - 2
    0.994365 0.5 4
    1.19533 0.5 3
  1.49611 6 + 11
    0.22182 0.005725 35
    0.33067 0.03776 27
    0.36948 0.202699 24
    0.42683 0.02419 19
    0.47234 0.02004 15
    0.50668 0.06819 14
    0.527685 0.02465 13
    0.56939 0.507197 10
    0.646844 0.005961 8
    1.35276 0.0615 2
    1.45261 0.04209 1
  1.50099 2 - 4
    0.64925 0.084964 9
    0.691083 0.653554 7
    1.45749 0.156889 1
    1.50099 0.104593 0
  1.50238 10 - 2
    1.35903 0.625 2
    1.45888 0.375 1
  1.51023 2 - 2
    1.46673 0.5714 1
    1.51023 0.4286 0
  1.53331 8 - 3
    0.46403 0.133687 19
    0.54388 0.569043 14
    1.38996 0.29727 2
  1.53723 8 + 11
    0.37179 0.177802 27
    0.398455 0.03286 25
    0.44634 0.01142 21
    0.46795 0.0211 19
    0.503045 0.073621 17
    0.51346 0.039651 15
    0.568805 0.407305 13
    0.58959 0.003567 11
    1.24116 0.02198 3
    1.39388 0.200603 2
    1.49373 0.01009 1
  1.54369 8 + 6
    0.47441 0.114698 19
    0.575265 0.083298 13
    0.61697 0.160397 10
    1.24762 0.065049 3
    1.40034 0.541389 2
    1.50019 0.035169 1
  1.54828 10 - 2
    0.45216 0.6061 22
    1.25221 0.3939 3
  1.55256 10 + 7
    0.1313 0.979067 44
    0.46167 0.001735 21
    0.52879 0.00446 15
    0.584135 0.007756 13
    0.60492 0.002447 11
    1.25649 0.00259 3
    1.40921 0.001946 2
  1.5536 2 - 5
    0.46834 0.069059 20
    0.50906 0.061049 18
    0.70186 0.225098 9
    1.5101 0.381496 1
    1.5536 0.263297 0
  1.5677 16 - 2
    0.30592 0.5 34
    0.37295 0.5 30
  1.57069 2 + 8
    0.13531 0.001472 45
    0.48543 0.005434 20
    0.52615 0.003033 18
    0.58126 0.021791 14
    0.71895 0.007271 9
    0.760783 0.001275 7
    1.52719 0.659917 1
    1.57069 0.299808 0
  1.58159 10 - 2
    0.55782 0.7161 15
    0.619044 0.2839 12
  1.58882 10 + 6
    0.39407 0.036959 30
    0.49793 0.025279 21
    0.51954 0.154494 19
    0.56505 0.473681 15
    1.29275 0.184393 3
    1.44547 0.125195 2
  1.59065 22 - 2
    0.561652 0.5 16
    0.849445 0.5 5
  1.59229 2 + 5
    0.50703 0.060869 20
    0.74055 0.457691 9
    0.782383 0.304294 7
    1.54879 0.071849 1
    1.59229 0.105298 0
  1.601 4 + 2
    1.5575 0.5 1
    1.601 0.5 0
  1.61071 2 + 7
    0.175325 0.000233 45
    0.525445 0.01297 20
    0.566165 0.00855 18
    0.758965 0.01611 9
    0.800798 0.009239 7
    1.56721 0.640099 1
    1.61071 0.312799 0
  1.61958 12 + 2
    0.3578 0.8282 34
    1.47623 0.1718 2
  1.6244 4 - 2
    0.63497 0.5 14
    0.655975 0.5 13
  1.64999 12 - 2
    0.55387 0.2497 22
    1.35392 0.7503 3
  1.6512 18 - 2
    0.91 0.5 5
    1.15416 0.5 4
  1.6533 6 + 2
    0.62953 0.4225 15
    0.66387 0.5775 14
  1.66065 12 + 2
    1.36458 0.5 3
    1.5173 0.5 2
  1.6674 2 - 3
    0.818134 0.1775 8
    0.881112 0.6813 6
    1.6674 0.1412 0
  1.675 6 - 2
    1.53165 0.5 2
    1.6315 0.5 1
  1.6878 32 + 1
    0.3473 1 41
  1.6905 14 + 2
    0.49575 0.5 30
    0.59961 0.5 21
  1.69345 10 - 13
    0.14089 0.052979 60
    0.27219 0.343795 44
    0.41599 0.005285 36
    0.47874 0.01661 31
    0.52141 0.103898 28
    0.60256 0.075079 21
    0.62417 0.052429 19
    0.66968 0.136398 15
    0.730904 0.087979 12
    0.74581 0.044909 11
    0.844184 0.058879 8
    1.39738 0.01133 3
    1.5501 0.01043 2
  1.69485 2 - 3
    0.45759 0.3278 33
    0.845584 0.4754 8
    1.69485 0.1968 0
  1.696 4 + 2
    1.6525 0.5 1
    1.696 0.5 0
  1.7185 14 - 2
    1.22146 0.5 4
    1.42243 0.5 3
  1.72287 6 - 7
    0.584095 0.007531 25
    0.65359 0.042271 19
    0.688685 0.322204 17
    0.73344 0.613107 14
    0.760324 0.005729 12
    0.873604 0.002967 8
    1.67937 0.006191 1
  1.72705 8 + 10
    0.13823 0.03447 65
    0.17449 0.08326 60
    0.18336 0.002818 58
    0.18982 0.239799 57
    0.23094 0.520397 52
    0.63616 0.001044 21
    0.758625 0.03637 13
    0.80033 0.07508 10
    1.43098 0.004787 3
    1.5837 0.001977 2
  1.7307 4 + 2
    1.6872 0.5 1
    1.7307 0.5 0
  1.7365 14 + 2
    0.54175 0.5 30
    0.64561 0.5 21
  1.74003 6 + 4
    0.705847 0.1164 17
    0.750602 0.0831 14
    1.59668 0.2498 2
    1.69653 0.5507 1
  1.74263 6 + 3
    0.616005 0.5276 24
    0.815915 0.1498 10
    1.69914 0.3226 1
  1.7471 12 - 2
    0.65621 0.5 21
    0.67782 0.5 19
  1.7496 4 - 2
    0.76017 0.5 14
    0.781175 0.5 13
  1.76179 8 - 6
    0.623015 0.052568 25
    0.69251 0.471484 19
    0.727605 0.432086 17
    0.77236 0.025199 14
    0.793365 0.015459 13
    1.61844 0.003203 2
  1.77079 6 + 3
    0.802365 0.2485 13
    1.62744 0.5964 2
    1.72729 0.1551 1
  1.7794 4 - 2
    0.78997 0.5 14
    0.810975 0.5 13
  1.78071 16 + 2
    1.28367 0.5 4
    1.48464 0.5 3
  1.78122 8 - 6
    0.21053 0.039721 63
    0.54396 0.108903 33
    0.65459 0.041641 24
    0.69596 0.047411 20
    0.994932 0.121704 6
    1.73772 0.640619 1
  1.78255 10 + 9
    0.0555 0.53309 85
    0.19373 0.157397 65
    0.24532 0.211496 57
    0.36129 0.001816 44
    0.643775 0.01395 25
    0.75878 0.02583 15
    0.814125 0.032029 13
    1.48648 0.003092 3
    1.6392 0.0213 2
  1.78418 8 + 3
    0.85746 0.6051 10
    1.48811 0.2219 3
    1.64083 0.173 2
  1.79301 8 + 4
    0.24045 0.20169 60
    0.76924 0.524574 15
    1.49694 0.098445 3
    1.74951 0.175291 1
  1.7963 2 - 3
    0.33914 0.5291 48
    0.36092 0.3228 45
    1.7963 0.1481 0
  1.8072 4 - 2
    0.81777 0.5 14
    0.838775 0.5 13
  1.80973 2 - 6
    0.57247 0.054411 33
    0.6831 0.035041 24
    0.88301 0.105902 10
    0.960464 0.053331 8
    1.76623 0.527211 1
    1.80973 0.224104 0
  1.81081 14 - 2
    1.31377 0.5 4
    1.51474 0.5 3
  1.81162 8 + 9
    0.59691 0.133303 31
    0.672845 0.100402 25
    0.68499 0.096742 24
    0.849074 0.01752 12
    0.86398 0.045471 11
    0.95988 0.047871 9
    1.51555 0.047531 3
    1.66827 0.49821 2
    1.76812 0.01295 1
  1.8389 6 - 2
    1.69555 0.5 2
    1.7954 0.5 1
  1.84386 4 + 2
    0.994594 0.375 8
    1.70051 0.625 2
  1.8497 16 + 2
    1.35266 0.5 4
    1.55363 0.5 3
  1.8606 6 - 2
    1.71725 0.5 2
    1.8171 0.5 1
  1.86307 10 + 2
    1.567 0.3949 3
    1.71972 0.6051 2
  1.86923 2 - 3
    0.94251 0.4608 10
    1.82573 0.2304 1
    1.86923 0.3088 0
  1.8753 2 - 2
    1.8318 0.6711 1
    1.8753 0.3289 0
  1.88174 8 + 3
    0.7163 0.124 27
    1.58567 0.5809 3
    1.73839 0.2951 2
  1.8913 18 + 2
    0.3236 0.5 62
    0.62952 0.5 34
  1.91109 2 - 12
    0.35749 0.01804 61
    0.45393 0.046299 48
    0.47571 0.055199 45
    0.67383 0.01487 33
    0.82583 0.032159 20
    0.86655 0.02455 18
    0.92166 0.294494 14
    1.05935 0.025099 9
    1.06182 0.052859 8
    1.1248 0.082138 6
    1.86759 0.210296 1
    1.91109 0.143997 0
  1.91626 4 - 3
    0.98954 0.5025 10
    1.77291 0.3266 2
    1.87276 0.1709 1
  1.92752 8 + 5
    0.16573 0.375415 92
    0.30794 0.110904 70
    0.573955 0.334913 42
    1.78417 0.110504 2
    1.88402 0.068263 1
  1.9312 10 + 2
    0.86192 0.5 19
    0.962775 0.5 13
  1.93456 6 - 2
    1.7912 0.5 2
    1.89106 0.5 1
  1.93701 2 - 3
    0.69975 0.1337 33
    1.89351 0.3713 1
    1.93701 0.495 0
  1.9405 8 + 4
    0.906315 0.063817 17
    1.64443 0.027329 3
    1.79715 0.635568 2
    1.897 0.273286 1
  1.9558 6 + 2
    0.96637 0.5 14
    0.987375 0.5 13
  1.95728 4 - 2
    0.967855 0.5 14
    0.98886 0.5 13
  1.95877 6 - 9
    0.218738 0.126497 88
    0.23172 0.278394 85
    0.50161 0.065209 48
    0.88949 0.063359 19
    0.935 0.151697 15
    1.1095 0.144597 8
    1.17248 0.105098 6
    1.81542 0.02085 2
    1.91527 0.044299 1
  1.96884 4 + 2
    1.67277 0.7874 3
    1.82549 0.2126 2
  1.9699 2 - 4
    0.73264 0.326367 33
    1.12063 0.424958 8
    1.9264 0.109589 1
    1.9699 0.139086 0
  1.98126 8 + 5
    0.25421 0.12539 85
    0.43298 0.168187 59
    1.68519 0.560655 3
    1.83791 0.072884 2
    1.93776 0.072884 1
  1.9852 12 + 2
    1.68913 0.5 3
    1.84185 0.5 2
  2.00044 8 + 2
    1.03789 0.1446 12
    1.07372 0.8554 10
  2.01981 8 + 4
    1.05139 0.5576 13
    1.05726 0.1552 12
    1.72374 0.1381 3
    1.97631 0.1491 1
  2.026 4 - 2
    1.03657 0.5 14
    1.05757 0.5 13
  2.03352 6 - 9
    0.30647 0.088806 85
    0.48096 0.386127 60
    0.53741 0.104207 52
    1.00975 0.081086 15
    1.0651 0.033592 13
    1.1068 0.104207 10
    1.18178 0.011581 9
    1.89017 0.181513 2
    1.99002 0.008881 1
  2.03543 10 - 2
    1.73935 0.5 3
    1.89207 0.5 2
  2.03705 0 - 2
    1.74098 0.885 3
    1.8937 0.115 2
  2.0386 4 + 2
    1.9951 0.5 1
    2.0386 0.5 0
  2.0587 6 - 2
    1.91535 0.5 2
    2.0152 0.5 1
  2.0628 36 + 1
    0.375 1 78
  2.06624 10 - 3
    0.97535 0.1923 21
    0.99696 0.3269 19
    1.77017 0.4808 3
  2.06881 4 + 2
    0.328778 0.1935 88
    1.92546 0.8065 2
  2.0958 6 - 2
    1.95245 0.5 2
    2.0523 0.5 1
  2.0974 10 + 2
    1.02812 0.5 19
    1.12898 0.5 13
  2.10143 10 + 4
    0.83965 0.48862 34
    1.03215 0.275411 19
    1.80536 0.081863 3
    1.95808 0.154106 2
  2.11566 8 + 7
    0.53407 0.407312 64
    0.5631 0.183105 60
    1.01954 0.134304 22
    1.15311 0.222107 12
    1.81959 0.020141 3
    1.97231 0.01289 2
    2.07216 0.020141 1
  2.14401 4 - 2
    0.86972 0.4737 35
    1.21729 0.5263 10
  2.1633 6 - 2
    2.01995 0.5 2
    2.1198 0.5 1
  2.1841 12 - 2
    1.09321 0.5 21
    1.11482 0.5 19
  2.2137 0 + 2
    2.1702 0.5 1
    2.2137 0.5 0
  2.464 40 + 1
    0.4012 1 136
  2.8895 44 + 1
    0.4255 1 147
  3.3385 48 + 1
    0.449 1 148
  3.8075 52 + 1
    0.469 1 149
  4.2965 56 + 1
    0.489 1 150
  4.807 60 + 1
    0.5105 1 151

92 235 152
  0 7 - 0
  7.7e-05 1 + 1
    7.7e-05 1 0
  0.01304 3 + 1
    0.012963 1 1
  0.046207 9 - 1
    0.046207 1 0
  0.051709 5 + 2
    0.038669 0.2709 2
    0.051632 0.7291 1
  0.081738 7 + 2
    0.030029 0.4951 4
    0.068698 0.5049 2
  0.103035 11 - 2
    0.056828 0.930491 3
    0.103035 0.069509 0
  0.129296 5 + 4
    0.047558 0.094936 5
    0.077587 0.267589 4
    0.116256 0.330887 2
    0.129296 0.306588 0
  0.150467 9 + 2
    0.068729 0.074519 5
    0.098758 0.925481 4
  0.170708 13 - 2
    0.067673 0.8927 6
    0.124501 0.1073 3
  0.184254 7 + 6
    0.054958 0.934759 7
    0.102516 0.033239 5
    0.132545 0.016499 4
    0.138047 0.006461 3
    0.171214 0.000205 2
    0.184254 0.008838 0
  0.197119 11 + 2
    0.046652 0.8801 8
    0.115381 0.1199 5
  0.225423 9 + 7
    0.041169 0.922675 10
    0.096127 0.049059 7
    0.122388 0.000507 6
    0.143685 0.01494 5
    0.173714 0.000888 4
    0.179216 0.009838 3
    0.225423 0.002094 0
  0.24913 15 - 2
    0.078422 0.8336 9
    0.146095 0.1664 6
  0.259 3 - 2
    0.258923 0.5 1
    0.259 0.5 0
  0.291144 11 + 4
    0.065721 0.91513 12
    0.10689 0.068072 10
    0.188109 0.01166 6
    0.244937 0.005137 3
  0.294669 13 + 2
    0.09755 0.3807 11
    0.144202 0.6193 8
  0.332845 5 + 5
    0.148591 0.22621 10
    0.203549 0.633929 7
    0.281136 0.000963 4
    0.319805 0.001991 2
    0.332845 0.136906 0
  0.33852 17 - 2
    0.08939 0.6825 13
    0.167812 0.3175 9
  0.3573 15 + 1
    0.160181 1 11
  0.367069 7 + 7
    0.141646 0.314387 12
    0.182815 0.487979 10
    0.237773 0.044918 7
    0.285331 0.003127 5
    0.320862 0.056388 3
    0.354029 0.000726 2
    0.367069 0.092476 0
  0.369 13 + 2
    0.218533 0.5 8
    0.265965 0.5 6
  0.393225 3 + 4
    0.263929 0.056598 7
    0.341516 0.094127 4
    0.380185 0.402988 2
    0.393148 0.446287 1
  0.414779 9 + 6
    0.123635 0.372714 15
    0.189356 0.385515 12
    0.21766 0.006042 11
    0.230525 0.075923 10
    0.311744 0.036501 6
    0.368572 0.123305 3
  0.426755 5 + 6
    0.242501 0.036781 10
    0.297459 0.017781 7
    0.345017 0.160706 5
    0.375046 0.419817 4
    0.413715 0.360614 2
    0.426678 0.0043 1
  0.4386 19 - 1
    0.18947 1 13
  0.445716 7 + 4
    0.261462 0.057915 10
    0.31642 0.588953 7
    0.399509 0.144113 3
    0.445716 0.209019 0
  0.4545 15 + 2
    0.257381 0.5 11
    0.283792 0.5 9
  0.4713 11 + 2
    0.389562 0.5 5
    0.425093 0.5 3
  0.474297 7 + 8
    0.248874 0.032699 12
    0.290043 0.01639 10
    0.32383 0.163597 8
    0.392559 0.50599 5
    0.422588 0.275594 4
    0.42809 0.001706 3
    0.461257 0.003936 2
    0.474297 8.8e-05 0
  0.485 17 + 2
    0.190331 0.5 16
    0.23587 0.5 13
  0.50992 9 + 2
    0.406885 0.6955 6
    0.463713 0.3045 3
  0.5324 13 + 2
    0.381933 0.5 8
    0.429365 0.5 6
  0.541814 9 + 9
    0.25067 0.023781 15
    0.316391 0.012111 12
    0.344695 0.224411 11
    0.35756 0.022321 10
    0.391347 0.448722 8
    0.438779 0.004928 6
    0.460076 0.256412 5
    0.490105 0.00702 4
    0.495607 0.000294 3
  0.5504 21 - 1
    0.21188 1 18
  0.568 19 + 2
    0.2107 0.5 19
    0.22948 0.5 18
  0.5878 11 + 2
    0.506062 0.5 5
    0.541593 0.5 3
  0.60808 11 + 4
    0.382657 0.025818 12
    0.410961 0.806131 11
    0.457613 0.163186 8
    0.526342 0.004866 5
  0.6164 15 + 2
    0.419281 0.5 11
    0.445692 0.5 9
  0.63317 5 - 1
    0.63317 1 0
  0.63781 3 - 5
    0.211055 0.005788 24
    0.244585 0.01373 22
    0.586101 0.06138 4
    0.62477 0.138 2
    0.63781 0.781102 0
  0.65897 1 - 3
    0.265745 0.0644 22
    0.64593 0.561 2
    0.658893 0.3746 1
  0.6611 19 + 2
    0.3038 0.5 19
    0.32258 0.5 18
  0.664541 5 - 5
    0.480287 0.141706 10
    0.582803 0.098464 5
    0.612832 0.154106 4
    0.618334 0.334713 3
    0.664541 0.271011 0
  0.6709 23 - 2
    0.1205 0.5 34
    0.2323 0.5 25
  0.676845 7 - 2
    0.630638 0.5 3
    0.676845 0.5 0
  0.6827 13 + 2
    0.532233 0.5 8
    0.579665 0.5 6
  0.6873 17 + 2
    0.392631 0.5 16
    0.43817 0.5 13
  0.6902 13 + 2
    0.539733 0.5 8
    0.587165 0.5 6
  0.70102 7 - 6
    0.550553 0.062092 8
    0.597985 0.24681 6
    0.619282 0.176107 5
    0.649311 0.104304 4
    0.654813 0.332913 3
    0.70102 0.077773 0
  0.703757 3 - 3
    0.652048 0.5527 4
    0.690717 0.1215 2
    0.70368 0.3258 1
  0.72025 9 - 3
    0.617215 0.7622 6
    0.674043 0.2225 3
    0.72025 0.0153 0
  0.722 21 + 2
    0.237 0.5 30
    0.2834 0.5 25
  0.75007 9 - 3
    0.579362 0.2681 9
    0.599603 0.6101 8
    0.668332 0.1218 5
  0.761014 1 - 3
    0.123204 0.204882 40
    0.747974 0.736234 2
    0.760937 0.058885 1
  0.76923 1 + 3
    0.639934 0.3198 7
    0.75619 0.1013 2
    0.769153 0.5789 1
  0.773761 3 - 3
    0.722052 0.269908 4
    0.760721 0.072372 2
    0.773684 0.65772 1
  0.77759 11 - 2
    0.606882 0.625 9
    0.674555 0.375 6
  0.77951 3 + 4
    0.697772 0.078045 5
    0.727801 0.133608 4
    0.76647 0.635738 2
    0.779433 0.152609 1
  0.7924 15 + 2
    0.595281 0.5 11
    0.621692 0.5 9
  0.8051 25 - 2
    0.1342 0.5 44
    0.2547 0.5 34
  0.807325 3 - 5
    0.174155 0.162502 39
    0.38057 0.089391 24
    0.4141 0.211902 22
    0.794285 0.230102 2
    0.807325 0.306103 0
  0.80893 11 - 2
    0.705895 0.5 6
    0.80893 0.5 0
  0.81196 5 - 2
    0.760251 0.3105 4
    0.79892 0.6895 2
  0.82123 5 + 4
    0.595807 0.1642 12
    0.80819 0.5342 2
    0.821153 0.1516 1
    0.82123 0.15 0
  0.823515 9 - 3
    0.72048 0.128387 6
    0.777308 0.246375 3
    0.823515 0.625237 0
  0.8252 23 + 2
    0.2572 0.5 35
    0.2748 0.5 34
  0.84386 1 + 2
    0.714564 0.3786 7
    0.843783 0.6214 1
  0.84535 7 + 1
    0.763612 1 5
  0.85012 13 - 2
    0.679412 0.5 9
    0.803913 0.5 3
  0.865201 3 + 4
    0.680947 0.1926 10
    0.735905 0.3103 7
    0.783463 0.0379 5
    0.813492 0.4592 4
  0.8745 21 + 2
    0.3895 0.5 30
    0.4359 0.5 25
  0.8815 13 - 2
    0.710792 0.5 9
    0.835293 0.5 3
  0.8855 11 - 2
    0.782465 0.5 6
    0.8855 0.5 0
  0.8919 17 + 2
    0.597231 0.5 16
    0.64277 0.5 13
  0.89862 5 + 5
    0.714366 0.107384 10
    0.769324 0.051342 7
    0.846911 0.273659 4
    0.88558 0.187272 2
    0.898543 0.380343 1
  0.9053 5 + 3
    0.679877 0.4427 12
    0.721046 0.3175 10
    0.776004 0.2398 7
  0.9117 17 + 2
    0.617031 0.5 16
    0.66257 0.5 13
  0.9208 11 - 2
    0.817765 0.5 6
    0.9208 0.5 0
  0.9231 15 - 2
    0.67397 0.5 13
    0.820065 0.5 6
  0.943 7 - 2
    0.891291 0.5 4
    0.943 0.5 0
  0.9448 27 - 2
    0.1397 0.5 60
    0.2739 0.5 44
  0.95106 5 - 2
    0.17155 0.030861 58
    0.950983 0.969139 1
  0.9534 15 - 2
    0.70427 0.5 13
    0.850365 0.5 6
  0.9604 13 - 2
    0.789692 0.5 9
    0.914193 0.5 3
  0.96844 3 + 3
    0.916731 0.077728 4
    0.9554 0.488185 2
    0.968363 0.434087 1
  0.98665 13 - 2
    0.815942 0.3364 9
    0.940443 0.6636 3
  0.990241 7 - 3
    0.12504 0.085018 70
    0.229227 0.186717 54
    0.990164 0.728266 1
  0.99271 5 + 2
    0.97967 0.3823 2
    0.992633 0.6177 1
  1.00235 7 - 1
    1.00227 1 1
  1.0213 17 - 2
    0.68278 0.5 18
    0.850592 0.5 9
  1.0247 19 + 2
    0.6674 0.5 19
    0.68618 0.5 18
  1.0315 19 + 2
    0.6742 0.5 19
    0.69298 0.5 18
  1.03838 5 + 3
    0.564083 0.3655 29
    0.611625 0.3955 24
    1.02534 0.239 2
  1.04844 3 - 2
    1.04836 0.5 1
    1.04844 0.5 0
  1.05758 9 - 5
    0.832157 0.221402 12
    0.873326 0.04059 10
    0.928284 0.258303 7
    1.00587 0.110701 4
    1.05758 0.369004 0
  1.0606 5 - 2
    1.01439 0.5 3
    1.04756 0.5 2
  1.063 7 - 2
    1.01129 0.5 4
    1.063 0.5 0
  1.0642 17 - 2
    0.72568 0.5 18
    0.893492 0.5 9
  1.0652 15 - 2
    0.81607 0.5 13
    0.962165 0.5 6
  1.0729 9 - 2
    1.05986 0.2537 2
    1.07282 0.7463 1
  1.0977 7 - 2
    1.04599 0.5 4
    1.0977 0.5 0
  1.09911 3 - 3
    1.0474 0.531353 4
    1.08607 0.265627 2
    1.09911 0.20302 0
  1.1004 29 - 1
    0.2953 1 60
  1.1072 19 - 2
    0.6686 0.5 25
    0.85807 0.5 13
  1.1121 9 - 2
    1.03037 0.5 5
    1.0659 0.5 3
  1.11621 5 - 4
    0.931956 0.207608 10
    0.986914 0.610624 7
    1.10317 0.051862 2
    1.11613 0.129905 1
  1.12616 9 - 2
    1.04442 0.5 5
    1.07995 0.5 3
  1.13295 21 + 2
    0.64795 0.5 30
    0.69435 0.5 25
  1.14262 3 - 4
    0.478079 0.288088 43
    0.50481 0.267489 40
    1.09091 0.086037 4
    1.14254 0.358386 1
  1.14998 19 - 2
    0.71138 0.5 25
    0.90085 0.5 13
  1.15146 17 - 2
    0.81294 0.5 18
    0.980752 0.5 9
  1.152 11 - 2
    1.04896 0.5 6
    1.152 0.5 0
  1.15519 17 - 2
    0.81667 0.5 18
    0.984482 0.5 9
  1.18636 11 - 2
    1.08333 0.5 6
    1.18636 0.5 0
  1.1943 1 - 2
    0.801075 0.5 22
    1.18126 0.5 2
  1.20063 21 + 2
    0.71563 0.5 30
    0.76203 0.5 25
  1.2026 7 + 2
    1.15639 0.5 3
    1.18956 0.5 2
  1.21471 13 - 2
    1.044 0.5 9
    1.1685 0.5 3
  1.23509 21 - 2
    0.68469 0.5 34
    0.89657 0.5 18
  1.24972 19 - 2
    0.81112 0.5 25
    1.00059 0.5 13
  1.25776 31 - 2
    0.15736 0.5 103
    0.31296 0.5 81
  1.29769 21 - 2
    0.74729 0.5 34
    0.95917 0.5 18
  1.30702 15 - 2
    1.05789 0.5 13
    1.20399 0.5 6
  1.3141 23 + 2
    0.7461 0.5 35
    0.7637 0.5 34
  1.31846 23 + 2
    0.75046 0.5 35
    0.76806 0.5 34
  1.32568 17 - 2
    0.98716 0.5 18
    1.15497 0.5 9
  1.32926 23 - 2
    0.65836 0.5 44
    0.89066 0.5 25
  1.37335 21 - 2
    0.82295 0.5 34
    1.03483 0.5 18
  1.39 23 - 2
    0.7191 0.5 44
    0.9514 0.5 25
  1.39189 21 - 2
    0.84149 0.5 34
    1.05337 0.5 18
  1.41217 25 + 2
    0.69017 0.5 52
    0.74127 0.5 44
  1.43455 33 - 1
    0.33415 1 103
  1.45659 21 - 2
    0.90619 0.5 34
    1.11807 0.5 18
  1.45968 19 - 2
    1.02108 0.5 25
    1.21055 0.5 13
  1.47355 23 - 2
    0.80265 0.5 44
    1.03495 0.5 25
  1.49 25 - 2
    0.6849 0.5 60
    0.9396 0.5 34
  1.49499 23 - 2
    0.82409 0.5 44
    1.05639 0.5 25
  1.60626 35 - 1
    0.3485 1 121
  1.63551 25 - 2
    0.83041 0.5 60
    1.08511 0.5 34
  1.64701 23 - 2
    0.97611 0.5 44
    1.20841 0.5 25
  1.8028 37 - 1
    0.36825 1 132
  1.987 39 - 1
    0.38074 1 138
  2.2021 41 - 1
    0.3993 1 141
  2.3962 43 - 1
    0.4092 1 142
  2.6285 45 - 1
    0.4264 1 143
  2.8309 47 - 1
    0.4347 1 144
  3.0786 49 - 1
    0.4501 1 145
  3.2874 51 - 1
    0.4565 1 146
  3.5507 53 - 1
    0.4721 1 147
  3.7652 55 - 1
    0.4778 1 148
  4.043 57 - 1
    0.4923 1 149

92 236 122
  0 0 + 0
  0.045244 4 + 1
    0.045244 1 0
  0.149477 8 + 1
    0.104233 1 1
  0.309785 12 + 1
    0.160308 1 2
  0.52225 16 + 1
    0.212465 1 3
  0.68759 2 - 3
    0.538113 0.009016 2
    0.642346 0.755888 1
    0.68759 0.235096 0
  0.74418 6 - 2
    0.05659 0.908327 5
    0.594703 0.091673 2
  0.7823 20 + 1
    0.26005 1 4
  0.8481 10 - 1
    0.10392 1 6
  0.91914 0 + 1
    0.873896 1 1
  0.9579 4 + 2
    0.912656 0.4243 1
    0.9579 0.5757 0
  0.9603 4 + 3
    0.810823 0.2749 2
    0.915056 0.403 1
    0.9603 0.3221 0
  0.96662 2 - 3
    0.27903 0.413641 5
    0.921376 0.179218 1
    0.96662 0.407141 0
  0.98767 4 - 3
    0.24349 0.3051 6
    0.30008 0.1275 5
    0.942426 0.5674 1
  0.9996 14 - 1
    0.1515 1 8
  1.0015 6 + 2
    0.852023 0.1153 2
    0.956256 0.8847 1
  1.0356 6 - 2
    0.886123 0.5321 2
    0.990356 0.4679 1
  1.05085 8 + 1
    1.00561 1 1
  1.0525 8 - 4
    0.06483 0.530768 13
    0.2044 0.234986 8
    0.30832 0.175489 6
    0.903023 0.058756 2
  1.0588 8 + 2
    0.909323 0.5098 2
    1.01356 0.4902 1
  1.0661 8 + 2
    0.916623 0.5 2
    1.02086 0.5 1
  1.07 8 - 1
    0.920523 1 2
  1.0853 24 + 1
    0.303 1 7
  1.0938 10 + 2
    0.0413 0.5 18
    0.0923 0.5 15
  1.1044 10 - 2
    0.794615 0.5 3
    0.954923 0.5 2
  1.11068 4 - 3
    0.3665 0.391 6
    0.42309 0.4621 5
    1.06544 0.1469 1
  1.12738 10 + 1
    0.977903 1 2
  1.147 8 + 2
    0.997523 0.5 2
    1.10176 0.5 1
  1.1494 6 - 1
    0.40522 1 6
  1.164 10 - 2
    0.854215 0.5 3
    1.01452 0.5 2
  1.1679 12 - 2
    0.0979 0.5 21
    0.1154 0.5 18
  1.1718 2 - 2
    1.12656 0.5 1
    1.1718 0.5 0
  1.1916 6 - 2
    1.04212 0.5 2
    1.14636 0.5 1
  1.1984 18 - 1
    0.1988 1 14
  1.2214 4 + 2
    1.17616 0.5 1
    1.2214 0.5 0
  1.232 14 - 2
    0.70975 0.5 4
    0.922215 0.5 3
  1.2361 8 - 2
    0.2346 0.5 15
    0.24843 0.5 13
  1.24 6 + 2
    0.2385 0.5 15
    0.25233 0.5 13
  1.2493 4 + 2
    1.20406 0.5 1
    1.2493 0.5 0
  1.2652 8 + 2
    1.11572 0.5 2
    1.21996 0.5 1
  1.2711 6 - 2
    0.52692 0.2877 6
    1.22586 0.7123 1
  1.2822 10 - 2
    0.972415 0.5 3
    1.13272 0.5 2
  1.32 16 - 1
    0.1521 1 30
  1.3247 4 + 2
    1.27946 0.5 1
    1.3247 0.5 0
  1.329 6 + 2
    0.3275 0.5 15
    0.34133 0.5 13
  1.3328 8 + 2
    1.18332 0.5 2
    1.28756 0.5 1
  1.3428 12 - 2
    0.2728 0.5 21
    0.2903 0.5 18
  1.3475 8 + 2
    1.19802 0.5 2
    1.30226 0.5 1
  1.3513 8 + 2
    1.20182 0.5 2
    1.30606 0.5 1
  1.3813 6 + 2
    0.3798 0.5 15
    0.39363 0.5 13
  1.392 2 - 2
    1.34676 0.5 1
    1.392 0.5 0
  1.3998 4 + 2
    1.35456 0.5 1
    1.3998 0.5 0
  1.4133 14 - 2
    0.89105 0.5 4
    1.10352 0.5 3
  1.4263 28 + 1
    0.341 1 22
  1.4434 22 - 1
    0.245 1 33
  1.4717 12 - 2
    0.4017 0.5 21
    0.4192 0.5 18
  1.5418 14 - 2
    1.01955 0.5 4
    1.23202 0.5 3
  1.5722 2 - 2
    1.52696 0.5 1
    1.5722 0.5 0
  1.58 2 + 1
    1.58 1 0
  1.60481 10 - 6
    0.33371 0.141506 40
    0.61714 0.036331 13
    0.86063 0.133805 6
    0.91722 0.237109 5
    1.55957 0.382415 1
    1.60481 0.068833 0
  1.6218 16 - 2
    0.3018 0.5 42
    0.4539 0.5 30
  1.6425 6 + 2
    0.641 0.5 15
    0.65483 0.5 13
  1.66237 12 + 4
    0.6747 0.1095 13
    0.97478 0.1 5
    1.61713 0.4762 1
    1.66237 0.3143 0
  1.6896 2 - 2
    1.64436 0.5 1
    1.6896 0.5 0
  1.7324 26 - 1
    0.289 1 54
  1.748 4 + 2
    1.70276 0.5 1
    1.748 0.5 0
  1.7759 4 + 2
    1.73066 0.5 1
    1.7759 0.5 0
  1.7913 2 + 2
    1.74606 0.2755 1
    1.7913 0.7245 0
  1.8009 32 + 1
    0.3746 1 53
  1.80788 6 - 2
    1.76264 0.7299 1
    1.80788 0.2701 0
  1.8548 10 - 2
    1.54502 0.5 3
    1.70532 0.5 2
  1.8654 12 - 2
    1.17781 0.5988 5
    1.8654 0.4012 0
  1.8969 6 + 2
    0.8954 0.5 15
    0.90923 0.5 13
  1.912 10 - 2
    1.60221 0.5 3
    1.76252 0.5 2
  1.9468 0 + 2
    1.90156 0.5 1
    1.9468 0.5 0
  1.97262 6 - 2
    1.92738 0.5 1
    1.97262 0.5 0
  1.97916 4 + 3
    1.23498 0.335566 6
    1.29157 0.335566 5
    1.93392 0.328867 1
  1.98105 12 - 3
    0.87037 0.3876 25
    1.02315 0.3256 10
    1.98105 0.2868 0
  2.0542 2 + 2
    2.00896 0.4286 1
    2.0542 0.5714 0
  2.0604 30 - 1
    0.328 1 64
  2.08654 2 - 2
    2.0413 0.641 1
    2.08654 0.359 0
  2.0957 2 + 2
    2.05046 0.3198 1
    2.0957 0.6802 0
  2.114 10 + 2
    1.0615 0.5 18
    1.1125 0.5 15
  2.15541 6 - 1
    0.5506 1 59
  2.1769 4 + 2
    2.13166 0.5 1
    2.1769 0.5 0
  2.1888 2 + 2
    2.14356 0.3289 1
    2.1888 0.6711 0
  2.19 8 - 1
    2.19 1 0
  2.2039 36 + 1
    0.403 1 68
  2.2269 4 - 1
    2.18166 1 1
  2.234 6 - 2
    2.08452 0.5 2
    2.18876 0.5 1
  2.2439 2 + 1
    2.2439 1 0
  2.2511 2 + 2
    2.20586 0.5102 1
    2.2511 0.4898 0
  2.2604 10 - 2
    1.95062 0.5 3
    2.11092 0.5 2
  2.2847 2 + 2
    2.23946 0.3378 1
    2.2847 0.6622 0
  2.4264 34 - 1
    0.366 1 79
  2.4356 2 + 2
    2.39036 0.2538 1
    2.4356 0.7462 0
  2.4402 2 + 2
    2.39496 0.2064 1
    2.4402 0.7936 0
  2.4573 2 + 2
    2.41206 0.3334 1
    2.4573 0.6666 0
  2.4945 2 + 2
    2.44926 0.2248 1
    2.4945 0.7752 0
  2.4985 2 + 2
    2.45326 0.3976 1
    2.4985 0.6024 0
  2.6317 40 + 1
    0.4278 1 87
  2.699 2 + 2
    2.65376 0.3827 1
    2.699 0.6173 0
  2.7121 2 - 2
    2.66686 0.6944 1
    2.7121 0.3056 0
  2.75 0 + 4
    0.56 0.075956 86
    1.17 0.126555 58
    1.78338 0.632888 12
    2.06241 0.164601 5
  2.7562 2 + 2
    2.71096 0.3549 1
    2.7562 0.6451 0
  2.77 4 + 1
    0.02 1 103
  2.817 8 + 1
    0.047 1 105
  2.822 38 - 1
    0.3956 1 94
  2.8233 2 + 2
    2.77806 0.4924 1
    2.8233 0.5076 0
  2.8383 2 + 2
    2.79306 0.5209 1
    2.8383 0.4791 0
  2.8778 2 - 2
    2.83256 0.6897 1
    2.8778 0.3103 0
  2.891 12 + 1
    0.074 1 106
  2.924 4 - 2
    2.87876 0.625 1
    2.924 0.375 0
  2.969 2 + 2
    2.92376 0.3333 1
    2.969 0.6667 0
  2.992 16 + 1
    0.101 1 111
  3.0809 44 + 1
    0.4492 1 100
  3.1438 2 + 2
    3.09856 0.359 1
    3.1438 0.641 0
  3.4345 0 + 2
    3.38926 0.5 1
    3.4345 0.5 0
  3.5499 48 + 1
    0.469 1 115
  4.0389 52 + 1
    0.489 1 118
  4.5489 56 + 1
    0.51 1 119
  5.077 60 + 1
    0.5281 1 120

92 237 271
  0 1 + 0
  0.011393 3 + 1
    0.011393 1 0
  0.056282 5 + 2
    0.044889 0.071728 1
    0.056282 0.928272 0
  0.08286 7 + 2
    0.026578 0.5 2
    0.071467 0.5 1
  0.159962 5 + 4
    0.077102 0.100598 3
    0.10368 0.229095 2
    0.148569 0.662684 1
    0.159962 0.007624 0
  0.1623 9 + 2
    0.002338 0.5 4
    0.106018 0.5 2
  0.20406 11 + 1
    0.1212 1 3
  0.23255 7 + 1
    0.072588 1 4
  0.26093 9 + 1
    0.02838 1 7
  0.274 7 - 1
    0.114038 1 4
  0.316 9 - 2
    0.11194 0.5 6
    0.23314 0.5 3
  0.3173 13 + 1
    0.155 1 5
  0.3273 11 + 1
    0.09475 1 7
  0.367 11 - 1
    0.093 1 9
  0.3751 15 + 1
    0.17104 1 6
  0.4098 13 + 1
    0.14887 1 8
  0.42615 7 + 1
    0.266188 1 4
  0.432 13 - 1
    0.116 1 10
  0.482 9 + 2
    0.322038 0.5 4
    0.425718 0.5 2
  0.484 3 - 2
    0.427718 0.5 2
    0.484 0.5 0
  0.5014 15 + 1
    0.1741 1 12
  0.506 15 - 1
    0.139 1 13
  0.5182 17 + 2
    0.1431 0.5 14
    0.2009 0.5 11
  0.53 5 - 2
    0.44714 0.5 3
    0.518607 0.5 1
  0.54062 1 - 2
    0.529227 0.6174 1
    0.54062 0.3826 0
  0.545 3 - 2
    0.488718 0.5 2
    0.545 0.5 0
  0.551 11 + 2
    0.34694 0.5 6
    0.46814 0.5 3
  0.55497 3 - 3
    0.498688 0.48271 2
    0.543577 0.060181 1
    0.55497 0.457109 0
  0.575 5 - 2
    0.49214 0.5 3
    0.563607 0.5 1
  0.57801 5 - 3
    0.49515 0.429096 3
    0.521728 0.03641 2
    0.566617 0.534495 1
  0.592 19 + 1
    0.2169 1 14
  0.59985 17 - 1
    0.16785 1 17
  0.6077 17 + 1
    0.1979 1 15
  0.632 13 + 2
    0.37107 0.5 8
    0.4697 0.5 5
  0.657 7 - 2
    0.497038 0.5 4
    0.600718 0.5 2
  0.66425 3 + 4
    0.504288 0.082837 4
    0.58139 0.079897 3
    0.652857 0.311088 1
    0.66425 0.526179 0
  0.66644 5 + 3
    0.610158 0.2109 2
    0.655047 0.1178 1
    0.66644 0.6713 0
  0.67758 5 + 5
    0.25143 0.098201 16
    0.44503 0.27113 7
    0.517618 0.166818 4
    0.59472 0.171919 3
    0.621298 0.291932 2
  0.688 9 - 2
    0.48394 0.5 6
    0.60514 0.5 3
  0.69 19 - 1
    0.184 1 21
  0.69765 5 + 4
    0.537688 0.1186 4
    0.61479 0.1332 3
    0.641368 0.3451 2
    0.686257 0.4031 1
  0.708 7 - 2
    0.548038 0.5 4
    0.651718 0.5 2
  0.718 1 - 2
    0.188 0.5 23
    0.706607 0.5 1
  0.72048 3 - 3
    0.664198 0.7791 2
    0.709087 0.1315 1
    0.72048 0.0894 0
  0.7215 19 + 1
    0.2201 1 20
  0.73434 1 - 3
    0.17937 0.508751 27
    0.722947 0.292429 1
    0.73434 0.19882 0
  0.75815 3 - 3
    0.701868 0.5497 2
    0.746757 0.0769 1
    0.75815 0.3734 0
  0.7628 21 + 2
    0.16295 0.5 31
    0.2446 0.5 22
  0.798 9 + 2
    0.638038 0.5 4
    0.741718 0.5 2
  0.815225 21 - 1
    0.215375 1 31
  0.83245 5 + 2
    0.672488 0.7598 4
    0.821057 0.2402 1
  0.8464 15 - 1
    0.5291 1 11
  0.84747 1 + 2
    0.687508 0.095682 4
    0.84747 0.904318 0
  0.848 11 + 2
    0.64394 0.5 6
    0.76514 0.5 3
  0.8506 21 + 2
    0.1291 0.5 44
    0.2429 0.5 32
  0.853 23 + 1
    0.25315 1 31
  0.86509 1 - 3
    0.31012 0.064163 27
    0.853697 0.641026 1
    0.86509 0.294812 0
  0.86907 7 - 2
    0.709108 0.5 4
    0.812788 0.5 2
  0.87214 3 + 4
    0.33152 0.042129 24
    0.63959 0.118396 7
    0.712178 0.112097 4
    0.815858 0.727378 2
  0.89341 5 + 2
    0.837128 0.5367 2
    0.882017 0.4633 1
  0.9034 3 + 1
    0.847118 1 2
  0.90573 1 + 3
    0.849448 0.20152 2
    0.894337 0.427343 1
    0.90573 0.371137 0
  0.90934 3 - 1
    0.90934 1 0
  0.911 5 - 2
    0.82814 0.5 3
    0.899607 0.5 1
  0.917 23 - 2
    0.101775 0.5 49
    0.227 0.5 39
  0.92063 3 + 2
    0.864348 0.4849 2
    0.909237 0.5151 1
  0.93 17 - 2
    0.33015 0.5 31
    0.5549 0.5 14
  0.946 9 + 2
    0.786038 0.5 4
    0.889718 0.5 2
  0.94791 5 + 2
    0.936517 0.4824 1
    0.94791 0.5176 0
  0.952 7 - 2
    0.792038 0.5 4
    0.895718 0.5 2
  0.971 7 - 2
    0.811038 0.5 4
    0.914718 0.5 2
  0.98127 3 + 5
    0.28362 0.085409 40
    0.31702 0.182198 35
    0.40326 0.147599 29
    0.4263 0.197698 27
    0.44065 0.387096 24
  0.9845 23 + 2
    0.1339 0.5 54
    0.263 0.5 44
  0.987 9 - 2
    0.78294 0.5 6
    0.90414 0.5 3
  1.013 7 - 2
    0.853038 0.5 4
    0.956718 0.5 2
  1.0275 19 - 3
    0.1811 0.333333 51
    0.2647 0.333333 47
    0.5093 0.333333 22
  1.033 11 - 2
    0.77207 0.5 8
    0.8707 0.5 5
  1.04 11 + 2
    0.83594 0.5 6
    0.95714 0.5 3
  1.048 25 - 2
    0.131 0.5 64
    0.232775 0.5 49
  1.04935 25 + 2
    0.19635 0.5 55
    0.28655 0.5 47
  1.05 9 - 2
    0.84594 0.5 6
    0.96714 0.5 3
  1.0682 7 - 2
    0.908238 0.5 4
    1.01192 0.5 2
  1.0788 7 - 2
    0.918838 0.5 4
    1.02252 0.5 2
  1.085 9 - 2
    0.88094 0.5 6
    1.00214 0.5 3
  1.0947 5 + 2
    1.03842 0.5 2
    1.0947 0.5 0
  1.1088 7 - 2
    0.948838 0.5 4
    1.05252 0.5 2
  1.11 9 - 2
    0.90594 0.5 6
    1.02714 0.5 3
  1.112 11 - 2
    0.85107 0.5 8
    0.9497 0.5 5
  1.1229 13 - 2
    0.8069 0.5 10
    0.91884 0.5 6
  1.126 5 - 2
    1.04314 0.5 3
    1.11461 0.5 1
  1.128 5 + 2
    1.07172 0.5 2
    1.128 0.5 0
  1.131 21 - 3
    0.201 0.333333 66
    0.278 0.333333 55
    0.53115 0.333333 31
  1.1338 25 + 2
    0.1493 0.5 72
    0.2832 0.5 54
  1.14 13 + 2
    0.87907 0.5 8
    0.9777 0.5 5
  1.1551 27 + 1
    0.3021 1 55
  1.162 7 - 2
    1.00204 0.5 4
    1.10572 0.5 2
  1.1753 9 - 2
    0.97124 0.5 6
    1.09244 0.5 3
  1.1831 11 - 2
    0.92217 0.5 8
    1.0208 0.5 5
  1.186 27 - 2
    0.138 0.5 78
    0.269 0.5 64
  1.189 7 + 2
    1.10614 0.5 3
    1.17761 0.5 1
  1.192 9 + 2
    1.03204 0.5 4
    1.13572 0.5 2
  1.2014 5 - 2
    1.11854 0.5 3
    1.19001 0.5 1
  1.208 3 + 2
    1.12514 0.5 3
    1.19661 0.5 1
  1.215 7 - 2
    1.05504 0.5 4
    1.15872 0.5 2
  1.2296 11 + 2
    1.02554 0.5 6
    1.14674 0.5 3
  1.235 9 - 2
    1.03094 0.5 6
    1.15214 0.5 3
  1.247 5 + 2
    1.19072 0.5 2
    1.247 0.5 0
  1.2507 23 - 3
    0.20135 0.333333 79
    0.2232 0.333333 75
    0.4879 0.333333 47
  1.259 15 - 2
    0.892 0.5 13
    0.9417 0.5 11
  1.2688 7 + 2
    1.18594 0.5 3
    1.25741 0.5 1
  1.2869 27 + 2
    0.1531 0.5 92
    0.3024 0.5 72
  1.293 3 - 2
    1.23672 0.5 2
    1.293 0.5 0
  1.299 9 + 2
    1.13904 0.5 4
    1.24272 0.5 2
  1.301 5 - 2
    1.21814 0.5 3
    1.28961 0.5 1
  1.34 29 - 2
    0.154 0.5 98
    0.292 0.5 78
  1.3447 1 - 2
    1.33331 0.625 1
    1.3447 0.375 0
  1.3717 7 + 2
    1.28884 0.5 3
    1.36031 0.5 1
  1.3736 29 + 2
    0.2185 0.5 94
    0.32425 0.5 79
  1.375 11 + 2
    1.17094 0.5 6
    1.29214 0.5 3
  1.3761 25 - 3
    0.221 0.333333 94
    0.2451 0.333333 91
    0.5231 0.333333 55
  1.3804 3 + 2
    1.29754 0.5 3
    1.36901 0.5 1
  1.4074 1 + 2
    1.39601 0.6251 1
    1.4074 0.3749 0
  1.424 13 - 2
    1.108 0.5 10
    1.21994 0.5 6
  1.441 5 - 2
    1.35814 0.5 3
    1.42961 0.5 1
  1.4549 29 + 2
    0.168 0.5 110
    0.3211 0.5 92
  1.485 7 - 2
    1.32504 0.5 4
    1.42872 0.5 2
  1.488 9 + 2
    1.32804 0.5 4
    1.43172 0.5 2
  1.493 3 - 2
    1.43672 0.5 2
    1.493 0.5 0
  1.4941 31 + 1
    0.339 1 94
  1.5015 31 - 2
    0.1615 0.5 114
    0.3155 0.5 98
  1.508 5 + 2
    1.45172 0.5 2
    1.508 0.5 0
  1.5157 27 - 2
    0.265 0.5 107
    0.46635 0.5 79
  1.527 7 + 2
    1.44414 0.5 3
    1.51561 0.5 1
  1.531 11 - 2
    1.27007 0.5 8
    1.3687 0.5 5
  1.55 9 + 2
    1.39004 0.5 4
    1.49372 0.5 2
  1.561 5 - 2
    1.47814 0.5 3
    1.54961 0.5 1
  1.563 3 + 2
    1.48014 0.5 3
    1.55161 0.5 1
  1.567 7 - 2
    1.40704 0.5 4
    1.51072 0.5 2
  1.579 13 + 2
    1.31807 0.5 8
    1.4167 0.5 5
  1.583 11 - 2
    1.32207 0.5 8
    1.4207 0.5 5
  1.588 9 + 2
    1.42804 0.5 4
    1.53172 0.5 2
  1.605 5 - 2
    1.52214 0.5 3
    1.59361 0.5 1
  1.612 7 + 2
    1.52914 0.5 3
    1.60061 0.5 1
  1.622 3 - 2
    1.56572 0.5 2
    1.622 0.5 0
  1.625 31 + 2
    0.1701 0.5 124
    0.3381 0.5 110
  1.634 9 - 2
    1.42994 0.5 6
    1.55114 0.5 3
  1.647 5 + 2
    1.59072 0.5 2
    1.647 0.5 0
  1.651 11 - 2
    1.39007 0.5 8
    1.4887 0.5 5
  1.659 7 + 2
    1.57614 0.5 3
    1.64761 0.5 1
  1.6623 29 - 2
    0.2862 0.5 119
    0.5072 0.5 94
  1.667 3 + 2
    1.58414 0.5 3
    1.65561 0.5 1
  1.6699 33 - 2
    0.1684 0.5 129
    0.3299 0.5 114
  1.694 13 + 2
    1.43307 0.5 8
    1.5317 0.5 5
  1.696 5 - 2
    1.61314 0.5 3
    1.68461 0.5 1
  1.698 9 + 2
    1.53804 0.5 4
    1.64172 0.5 2
  1.712 7 - 2
    1.55204 0.5 4
    1.65572 0.5 2
  1.717 1 + 2
    1.66072 0.5 2
    1.717 0.5 0
  1.719 11 - 2
    1.45807 0.5 8
    1.5567 0.5 5
  1.727 3 + 2
    1.64414 0.5 3
    1.71561 0.5 1
  1.7292 33 + 2
    0.2351 0.5 128
    0.3556 0.5 117
  1.733 5 - 2
    1.65014 0.5 3
    1.72161 0.5 1
  1.738 7 - 2
    1.57804 0.5 4
    1.68172 0.5 2
  1.741 9 + 2
    1.58104 0.5 4
    1.68472 0.5 2
  1.755 3 - 2
    1.69872 0.5 2
    1.755 0.5 0
  1.757 5 + 2
    1.70072 0.5 2
    1.757 0.5 0
  1.76 1 - 2
    1.23 0.5 23
    1.74861 0.5 1
  1.798 7 + 2
    1.71514 0.5 3
    1.78661 0.5 1
  1.803 9 - 2
    1.59894 0.5 6
    1.72014 0.5 3
  1.809 33 + 2
    0.184 0.5 144
    0.3541 0.5 124
  1.8218 31 - 2
    0.3061 0.5 131
    0.4482 0.5 117
  1.823 11 + 2
    1.61894 0.5 6
    1.74014 0.5 3
  1.838 13 - 2
    1.522 0.5 10
    1.63394 0.5 6
  1.844 35 - 2
    0.1741 0.5 151
    0.3425 0.5 129
  1.849 5 + 2
    1.79272 0.5 2
    1.849 0.5 0
  1.864 7 + 2
    1.78114 0.5 3
    1.85261 0.5 1
  1.8682 35 + 1
    0.3741 1 128
  1.873 3 - 2
    1.81672 0.5 2
    1.873 0.5 0
  1.883 9 - 2
    1.67894 0.5 6
    1.80014 0.5 3
  1.888 5 + 2
    1.83172 0.5 2
    1.888 0.5 0
  1.889 11 - 2
    1.62807 0.5 8
    1.7267 0.5 5
  1.896 7 + 2
    1.81314 0.5 3
    1.88461 0.5 1
  1.9 3 - 2
    1.84372 0.5 2
    1.9 0.5 0
  1.915 1 + 2
    1.85872 0.5 2
    1.915 0.5 0
  1.929 9 - 2
    1.72494 0.5 6
    1.84614 0.5 3
  1.94 5 + 2
    1.88372 0.5 2
    1.94 0.5 0
  1.955 13 - 2
    1.639 0.5 10
    1.75094 0.5 6
  1.961 7 + 2
    1.87814 0.5 3
    1.94961 0.5 1
  1.962 11 - 2
    1.70107 0.5 8
    1.7997 0.5 5
  1.968 3 + 2
    1.88514 0.5 3
    1.95661 0.5 1
  1.977 9 - 2
    1.77294 0.5 6
    1.89414 0.5 3
  1.9877 33 - 2
    0.3254 0.5 149
    0.4936 0.5 128
  1.99 5 + 2
    1.93372 0.5 2
    1.99 0.5 0
  1.993 35 + 2
    0.184 0.5 168
    0.368 0.5 144
  1.999 7 - 2
    1.83904 0.5 4
    1.94272 0.5 2
  2.004 15 + 2
    1.6767 0.5 12
    1.79994 0.5 6
  2.035 37 - 2
    0.191 0.5 172
    0.3651 0.5 151
  2.039 3 + 2
    1.95614 0.5 3
    2.02761 0.5 1
  2.057 5 - 2
    1.97414 0.5 3
    2.04561 0.5 1
  2.061 1 + 2
    2.00472 0.5 2
    2.061 0.5 0
  2.063 9 - 2
    1.85894 0.5 6
    1.98014 0.5 3
  2.069 7 + 2
    1.98614 0.5 3
    2.05761 0.5 1
  2.076 11 - 2
    1.81507 0.5 8
    1.9137 0.5 5
  2.079 13 + 2
    1.81807 0.5 8
    1.9167 0.5 5
  2.092 5 - 2
    2.00914 0.5 3
    2.08061 0.5 1
  2.101 3 + 2
    2.01814 0.5 3
    2.08961 0.5 1
  2.108 7 - 2
    1.94804 0.5 4
    2.05172 0.5 2
  2.1172 37 + 2
    0.249 0.5 175
    0.388 0.5 159
  2.133 9 - 2
    1.92894 0.5 6
    2.05014 0.5 3
  2.136 11 + 2
    1.93194 0.5 6
    2.05314 0.5 3
  2.139 5 - 2
    2.05614 0.5 3
    2.12761 0.5 1
  2.148 7 + 2
    2.06514 0.5 3
    2.13661 0.5 1
  2.154 1 - 2
    1.624 0.5 23
    2.14261 0.5 1
  2.1665 35 - 2
    0.3447 0.5 169
    0.4373 0.5 159
  2.171 3 + 2
    2.08814 0.5 3
    2.15961 0.5 1
  2.176 9 + 2
    2.01604 0.5 4
    2.11972 0.5 2
  2.191 37 + 2
    0.198 0.5 192
    0.382 0.5 168
  2.211 5 - 2
    2.12814 0.5 3
    2.19961 0.5 1
  2.217 39 - 2
    0.182 0.5 195
    0.373 0.5 172
  2.221 7 + 2
    2.13814 0.5 3
    2.20961 0.5 1
  2.226 13 - 2
    1.91 0.5 10
    2.02194 0.5 6
  2.237 3 + 2
    2.15414 0.5 3
    2.22561 0.5 1
  2.244 11 - 2
    1.98307 0.5 8
    2.0817 0.5 5
  2.255 9 + 2
    2.09504 0.5 4
    2.19872 0.5 2
  2.263 5 - 2
    2.18014 0.5 3
    2.25161 0.5 1
  2.2722 39 + 1
    0.404 1 175
  2.274 7 - 2
    2.11404 0.5 4
    2.21772 0.5 2
  2.282 1 + 2
    2.22572 0.5 2
    2.282 0.5 0
  2.294 3 - 2
    2.23772 0.5 2
    2.294 0.5 0
  2.297 9 + 2
    2.13704 0.5 4
    2.24072 0.5 2
  2.308 5 - 2
    2.22514 0.5 3
    2.29661 0.5 1
  2.3497 37 - 1
    0.362 1 190
  2.388 39 + 2
    0.197 0.5 215
    0.395 0.5 192
  2.431 41 - 2
    0.214 0.5 217
    0.396 0.5 195
  2.5301 41 + 2
    0.2579 0.5 224
    0.4129 0.5 206
  2.5475 39 - 1
    0.381 1 212
  2.597 41 + 2
    0.209 0.5 231
    0.406 0.5 215
  2.625 43 - 2
    0.194 0.5 232
    0.408 0.5 217
  2.7025 43 + 1
    0.4303 1 224
  2.7467 41 - 1
    0.397 1 230
  2.805 43 + 2
    0.208 0.5 235
    0.417 0.5 231
  2.855 45 - 2
    0.23 0.5 236
    0.424 0.5 232
  2.9605 43 - 1
    0.413 1 234
  2.9638 45 + 2
    0.2613 0.5 237
    0.4337 0.5 233
  3.024 45 + 2
    0.219 0.5 239
    0.427 0.5 235
  3.057 47 - 2
    0.202 0.5 240
    0.432 0.5 236
  3.1545 47 + 1
    0.452 1 237
  3.1747 45 - 1
    0.428 1 238
  3.243 47 + 2
    0.219 0.5 243
    0.438 0.5 239
  3.302 49 - 2
    0.245 0.5 244
    0.447 0.5 240
  3.4015 47 - 1
    0.441 1 241
  3.4158 49 + 1
    0.452 1 242
  3.472 49 + 2
    0.229 0.5 247
    0.448 0.5 243
  3.511 51 - 2
    0.209 0.5 248
    0.454 0.5 244
  3.6255 51 + 1
    0.471 1 245
  3.63 49 - 1
    0.4553 1 246
  3.702 51 + 1
    0.459 1 247
  3.77 53 - 2
    0.259 0.5 252
    0.468 0.5 248
  3.865 51 - 1
    0.4635 1 249
  3.8868 53 + 1
    0.471 1 250
  3.94 53 + 1
    0.468 1 251
  3.985 55 - 2
    0.215 0.5 256
    0.474 0.5 252
  4.105 53 - 1
    0.475 1 254
  4.115 55 + 1
    0.4895 1 253
  4.182 55 + 1
    0.48 1 255
  4.257 57 - 1
    0.487 1 256
  4.344 55 - 1
    0.479 1 257
  4.377 57 + 1
    0.4902 1 258
  4.427 57 + 1
    0.487 1 259
  4.477 59 - 1
    0.492 1 260
  4.597 57 - 1
    0.492 1 261
  4.835 59 - 1
    0.491 1 265

92 238 153
  0 0 + 0
  0.044916 4 + 1
    0.044916 1 0
  0.14838 8 + 1
    0.103464 1 1
  0.30718 12 + 1
    0.1588 1 2
  0.5181 16 + 1
    0.21092 1 3
  0.68011 2 - 2
    0.635194 0.5587 1
    0.68011 0.4413 0
  0.73193 6 - 2
    0.58355 0.4495 2
    0.687014 0.5505 1
  0.7759 20 + 1
    0.2578 1 4
  0.82664 10 - 2
    0.51946 0.3344 3
    0.67826 0.6656 2
  0.92721 0 + 1
    0.882294 1 1
  0.93055 2 - 3
    0.25044 0.122588 5
    0.885634 0.70083 1
    0.93055 0.176582 0
  0.95012 4 - 3
    0.21819 0.3384 6
    0.27001 0.2497 5
    0.905204 0.4119 1
  0.96613 4 + 5
    0.2342 0.065632 6
    0.28602 0.037341 5
    0.81775 0.449014 2
    0.921214 0.32601 1
    0.96613 0.122004 0
  0.98177 14 - 2
    0.46367 0.065981 4
    0.67459 0.934019 3
  0.99723 0 + 1
    0.99723 1 0
  1.01279 6 - 3
    0.33268 0.055681 5
    0.86441 0.602412 2
    0.967874 0.341907 1
  1.028 8 - 3
    0.07788 0.333333 11
    0.29607 0.333333 6
    0.87962 0.333333 2
  1.03725 4 + 5
    0.30532 0.03762 6
    0.35714 0.02997 5
    0.88887 0.223402 2
    0.992334 0.398604 1
    1.03725 0.310403 0
  1.05638 8 + 2
    0.7492 0.7107 3
    0.908 0.2893 2
  1.05773 2 - 1
    0.3258 1 6
  1.05966 6 + 2
    0.91128 0.5 2
    1.01474 0.5 1
  1.06848 4 + 3
    0.920105 0.020649 2
    1.02357 0.576971 1
    1.06848 0.40238 0
  1.0767 24 + 1
    0.3008 1 7
  1.10571 6 + 1
    0.95733 1 2
  1.12884 4 - 5
    0.17872 0.449864 11
    0.19829 0.060705 10
    0.39691 0.064065 6
    0.44873 0.241081 5
    1.08392 0.184285 1
  1.13075 8 + 1
    0.98237 1 2
  1.1357 4 - 2
    0.20849 0.948262 9
    1.09078 0.051738 1
  1.1507 18 - 3
    0.16893 0.333333 13
    0.3748 0.333333 7
    0.6326 0.333333 4
  1.157 12 - 3
    0.129 0.333333 16
    0.33036 0.333333 8
    0.84982 0.333333 3
  1.163 8 + 2
    0.85582 0.5 3
    1.01462 0.5 2
  1.16799 8 + 3
    0.86081 0.1126 3
    1.01961 0.831 2
    1.12307 0.0564 1
  1.19633 6 - 6
    0.18354 0.51099 15
    0.2302 0.035099 12
    0.4644 0.260495 6
    0.51622 0.046869 5
    1.04795 0.094908 2
    1.15141 0.051639 1
  1.22378 4 + 7
    0.25765 0.025411 12
    0.27366 0.076892 11
    0.29323 0.030901 10
    0.29657 0.039561 9
    1.0754 0.01332 2
    1.17886 0.398708 1
    1.22378 0.415208 0
  1.232 10 + 4
    0.069 0.25 29
    0.12629 0.25 23
    0.92482 0.25 3
    1.08362 0.25 2
  1.2393 12 + 1
    1.09092 1 2
  1.2429 6 + 1
    1.09452 1 2
  1.2609 8 + 3
    1.11252 0.351165 2
    1.21598 0.547945 1
    1.2609 0.10089 0
  1.2692 12 + 1
    0.96202 1 3
  1.27854 4 + 4
    0.54661 0.1291 6
    1.13016 0.2398 2
    1.23362 0.48 1
    1.27854 0.1511 0
  1.28565 10 - 3
    0.27286 0.5717 15
    0.97847 0.3013 3
    1.13727 0.127 2
  1.311 12 + 4
    0.079 0.25 33
    0.148 0.25 29
    0.7929 0.25 4
    1.00382 0.25 3
  1.318 16 - 2
    0.161 0.5 28
    0.33623 0.5 13
  1.35479 4 + 4
    0.40467 0.1829 11
    0.42424 0.4565 10
    1.30987 0.2254 1
    1.35479 0.1352 0
  1.368 2 + 3
    0.33075 0.2789 17
    0.35521 0.5174 15
    1.368 0.2037 0
  1.375 10 - 2
    1.06782 0.5 3
    1.22662 0.5 2
  1.3788 22 - 3
    0.2281 0.333333 27
    0.3021 0.333333 22
    0.6029 0.333333 7
  1.3811 2 - 1
    1.33618 1 1
  1.403 14 + 3
    0.092 0.333333 40
    0.171 0.333333 33
    0.8849 0.333333 4
  1.414 4 + 3
    0.345515 0.039767 21
    1.36908 0.831342 1
    1.414 0.128891 0
  1.4155 28 + 1
    0.3388 1 22
  1.4366 4 - 1
    1.4366 1 0
  1.4462 2 + 1
    1.4462 1 0
  1.4509 14 - 1
    0.469125 1 13
  1.45539 6 + 2
    1.30701 0.3829 2
    1.41047 0.6171 1
  1.504 16 + 2
    0.101 0.5 47
    0.193 0.5 40
  1.5165 10 - 2
    1.36812 0.6667 2
    1.47158 0.3333 1
  1.528 20 - 2
    0.21 0.5 41
    0.3773 0.5 27
  1.5302 4 + 7
    0.40136 0.035657 24
    0.56407 0.075764 12
    0.59965 0.172986 10
    0.79827 0.098732 6
    1.38182 0.413367 2
    1.48528 0.156887 1
    1.5302 0.046606 0
  1.5616 6 - 2
    0.50194 0.8929 20
    1.41322 0.1071 2
  1.6175 10 - 3
    0.42117 0.053028 31
    0.48866 0.757577 24
    0.55784 0.189394 20
  1.619 18 + 3
    0.115 0.333333 54
    0.216 0.333333 47
    0.8431 0.333333 7
  1.63 8 - 2
    0.602 0.5 16
    0.67988 0.5 11
  1.644 18 - 2
    0.193105 0.5 52
    0.4933 0.5 27
  1.6471 6 - 3
    0.45077 0.6329 31
    1.49872 0.2658 2
    1.60218 0.1013 1
  1.6492 26 - 3
    0.2337 0.333333 49
    0.2704 0.333333 45
    0.5725 0.333333 22
  1.665 8 - 2
    0.637 0.5 16
    0.71488 0.5 11
  1.6757 6 - 5
    0.54686 0.628919 24
    0.94377 0.110103 6
    0.99559 0.157205 5
    1.52732 0.056602 2
    1.63078 0.047171 1
  1.712 10 - 2
    1.40482 0.5 3
    1.56362 0.5 2
  1.741 20 + 2
    0.122 0.5 60
    0.237 0.5 54
  1.7609 8 + 5
    0.53712 0.16111 32
    0.6252 0.461728 26
    0.65519 0.15911 23
    1.45372 0.093746 3
    1.71598 0.124307 1
  1.7747 6 - 6
    0.57837 0.2632 31
    0.64586 0.2368 24
    1.04277 0.2105 6
    1.09459 0.1316 5
    1.62632 0.07895 2
    1.72978 0.07895 1
  1.778 24 - 2
    0.25 0.5 56
    0.3992 0.5 45
  1.782 2 - 2
    1.73708 0.3548 1
    1.782 0.6452 0
  1.78535 4 + 2
    1.74043 0.5525 1
    1.78535 0.4475 0
  1.7884 32 + 1
    0.3729 1 49
  1.793 2 - 2
    1.74808 0.5263 1
    1.793 0.4737 0
  1.846 2 - 2
    1.80108 0.3377 1
    1.846 0.6623 0
  1.866 22 - 2
    0.222 0.5 62
    0.4872 0.5 45
  1.875 22 + 3
    0.134 0.333333 68
    0.256 0.333333 60
    0.7983 0.333333 22
  1.9343 6 - 10
    0.2872 0.035682 63
    0.3168 0.063444 59
    0.3727 0.055514 58
    0.73797 0.036313 31
    0.80546 0.402828 24
    0.87464 0.079666 20
    0.98418 0.064134 11
    1.00375 0.072125 10
    1.78592 0.035682 2
    1.88938 0.154611 1
  1.9592 30 - 2
    0.31 0.5 64
    0.5437 0.5 49
  1.9922 6 - 7
    0.3747 0.142857 59
    0.70655 0.142857 39
    0.76842 0.142857 32
    0.79587 0.142857 31
    0.86336 0.142857 24
    0.93254 0.142857 20
    1.84382 0.142857 2
  2.018 24 + 2
    0.143 0.5 78
    0.277 0.5 68
  2.033 24 + 1
    0.9563 1 22
  2.066 28 - 1
    0.288 1 71
  2.122 26 - 2
    0.256 0.5 77
    0.4728 0.5 64
  2.1635 10 + 3
    1.43157 0.268 6
    1.85632 0.4 3
    2.01512 0.332 2
  2.171 26 + 3
    0.153 0.333333 82
    0.296 0.333333 78
    0.7555 0.333333 49
  2.176 2 + 2
    2.13108 0.3421 1
    2.176 0.6579 0
  2.1911 36 + 1
    0.4027 1 74
  2.209 2 + 2
    2.16408 0.3548 1
    2.209 0.6452 0
  2.245 2 + 2
    2.20008 0.3197 1
    2.245 0.6803 0
  2.295 2 + 2
    2.25008 0.3711 1
    2.295 0.6289 0
  2.3067 34 - 2
    0.3475 0.5 80
    0.5183 0.5 74
  2.333 28 + 2
    0.162 0.5 87
    0.315 0.5 82
  2.356 28 + 2
    0.323 0.5 83
    0.9405 0.5 49
  2.389 32 - 1
    0.323 1 84
  2.41 2 + 2
    2.36508 0.3506 1
    2.41 0.6494 0
  2.418 30 - 1
    0.296 1 85
  2.468 2 + 2
    2.42308 0.3333 1
    2.468 0.6667 0
  2.502 30 + 3
    0.169 0.333333 94
    0.331 0.333333 87
    0.7136 0.333333 74
  2.5579 0 + 2
    1.87779 0.3289 5
    2.51298 0.6711 1
  2.6191 40 + 1
    0.428 1 89
  2.645 28 + 1
    0.8566 1 74
  2.683 32 + 2
    0.181 0.5 100
    0.35 0.5 94
  2.6894 38 - 2
    0.3827 0.5 93
    0.4983 0.5 89
  2.712 32 + 2
    0.356 0.5 95
    0.9236 0.5 74
  2.744 36 - 1
    0.355 1 96
  2.751 34 - 1
    0.333 1 98
  2.754 2 - 2
    2.70908 0.1667 1
    2.754 0.8333 0
  2.868 34 + 3
    0.185 0.333333 104
    0.366 0.333333 100
    0.6769 0.333333 89
  2.991 32 + 3
    0.346 0.333333 103
    0.7999 0.333333 89
    1.2026 0.333333 74
  3.065 36 + 2
    0.197 0.5 110
    0.382 0.5 104
  3.0681 44 + 1
    0.449 1 102
  3.095 36 + 2
    0.383 0.5 106
    0.9039 0.5 89
  3.1043 42 - 1
    0.4149 1 105
  3.12 38 - 1
    0.369 1 108
  3.128 40 - 1
    0.384 1 107
  3.254 2 - 11
    2.12516 0.110806 24
    2.21675 0.022671 17
    2.24121 0.020151 15
    2.28787 0.229211 12
    2.30388 0.040302 11
    2.32345 0.080604 10
    2.32679 0.083124 9
    2.52207 0.035262 6
    2.57389 0.070534 5
    3.20908 0.055423 1
    3.254 0.251913 0
  3.265 38 + 1
    0.397 1 110
  3.368 36 + 3
    0.377 0.333333 111
    0.7489 0.333333 102
    1.1769 0.333333 89
  3.474 40 + 1
    0.409 1 112
  3.502 40 + 2
    0.407 0.5 114
    0.8829 0.5 102
  3.521 42 - 1
    0.401 1 116
  3.5353 48 + 1
    0.4672 1 113
  3.538 44 - 1
    0.41 1 117
  3.5477 46 - 1
    0.4434 1 115
  3.686 42 + 1
    0.421 1 119
  3.773 40 + 2
    0.405 0.5 120
    1.1539 0.5 102
  3.809 8 - 4
    2.88179 0.1971 9
    3.12889 0.1004 5
    3.76408 0.3441 1
    3.809 0.3584 0
  3.906 44 + 1
    0.432 1 121
  3.947 46 - 1
    0.426 1 123
  3.971 48 - 1
    0.433 1 125
  4.017 50 - 2
    0.4693 0.5 126
    0.4817 0.5 124
  4.0181 52 + 1
    0.4828 1 124
  4.127 46 + 1
    0.441 1 127
  4.205 44 + 1
    0.432 1 128
  4.358 48 + 1
    0.452 1 130
  4.393 50 - 1
    0.446 1 131
  4.424 52 - 1
    0.453 1 132
  4.495 6 - 2
    4.45008 0.2424 1
    4.495 0.7576 0
  4.504 54 - 1
    0.487 1 133
  4.517 56 + 1
    0.4989 1 134
  4.586 50 + 1
    0.459 1 135
  4.592 8 - 2
    4.54708 0.6552 1
    4.592 0.3448 0
  4.807 2 - 2
    3.84087 0.3197 12
    4.807 0.6803 0
  4.825 52 + 1
    0.467 1 137
  4.895 56 - 1
    0.471 1 139
  5.003 58 - 1
    0.499 1 141
  5.0351 60 + 1
    0.5181 1 142
  5.063 54 + 1
    0.477 1 143
  5.206 6 - 3
    4.14634 0.148 20
    5.16108 0.4036 1
    5.206 0.4484 0
  5.513 62 - 1
    0.51 1 148

92 239 97
  0 5 + 0
  0.042543 7 + 1
    0.042543 1 0
  0.09863 9 + 1
    0.09863 1 0
  0.133799 1 + 1
    0.133799 1 0
  0.145769 3 + 1
    0.01197 1 3
  0.169089 7 + 1
    0.169089 1 0
  0.193987 5 + 1
    0.060188 1 3
  0.22224 7 + 2
    0.076471 0.5 4
    0.179697 0.5 1
  0.2263 9 + 2
    0.12767 0.5 2
    0.2263 0.5 0
  0.292587 7 - 3
    0.193957 0.078982 2
    0.250044 0.629913 1
    0.292587 0.291106 0
  0.3018 11 + 2
    0.132711 0.5 5
    0.259257 0.5 1
  0.3078 9 + 2
    0.20917 0.5 2
    0.3078 0.5 0
  0.3727 11 - 2
    0.1464 0.5 8
    0.27407 0.5 2
  0.4986 15 - 1
    0.1259 1 12
  0.53929 5 - 2
    0.496747 0.2541 1
    0.53929 0.7459 0
  0.68788 1 + 3
    0.542111 0.1796 4
    0.554081 0.6407 3
    0.68788 0.1797 0
  0.6947 5 - 2
    0.548931 0.5 4
    0.652157 0.5 1
  0.7025 9 + 2
    0.60387 0.5 2
    0.7025 0.5 0
  0.715834 3 + 4
    0.521847 0.697835 6
    0.582035 0.106405 3
    0.673291 0.058253 1
    0.715834 0.137507 0
  0.726122 3 + 2
    0.580353 0.4917 4
    0.592323 0.5083 3
  0.73465 5 + 1
    0.588881 1 4
  0.739381 1 - 2
    0.593612 0.6712 4
    0.605582 0.3288 3
  0.746057 3 - 3
    0.55207 0.438282 6
    0.600288 0.064637 4
    0.612258 0.49708 3
  0.75715 5 + 2
    0.563163 0.5078 6
    0.611381 0.4922 4
  0.784275 5 - 2
    0.562035 0.4323 7
    0.638506 0.5677 4
  0.7959 7 - 2
    0.69727 0.5 2
    0.7959 0.5 0
  0.815181 1 - 3
    0.127301 0.4443 15
    0.669412 0.1379 4
    0.681382 0.4178 3
  0.823718 3 - 2
    0.629731 0.6292 6
    0.689919 0.3708 3
  0.8383 13 - 1
    0.5365 1 10
  0.85324 3 + 1
    0.85324 1 0
  0.85881 5 - 2
    0.713041 0.5 4
    0.816267 0.5 1
  0.874 9 + 2
    0.77537 0.5 2
    0.874 0.5 0
  0.8881 5 + 2
    0.78947 0.5 2
    0.8881 0.5 0
  0.89328 5 + 1
    0.89328 1 0
  0.8979 11 - 2
    0.6716 0.5 8
    0.79927 0.5 2
  0.93288 1 - 2
    0.787111 0.7143 4
    0.799081 0.2857 3
  0.9448 7 + 2
    0.799031 0.5 4
    0.902257 0.5 1
  0.96188 3 - 2
    0.767893 0.4537 6
    0.828081 0.5463 3
  0.965638 3 + 2
    0.819869 0.16 4
    0.831839 0.84 3
  0.9829 5 - 2
    0.837131 0.5 4
    0.940357 0.5 1
  0.98807 5 + 2
    0.794083 0.456 6
    0.842301 0.544 4
  0.990504 13 - 2
    0.451214 0.5 14
    0.990504 0.5 0
  0.9961 9 + 2
    0.89747 0.5 2
    0.9961 0.5 0
  1.0058 11 - 2
    0.7795 0.5 8
    0.90717 0.5 2
  1.0186 5 - 2
    0.872831 0.5 4
    0.976057 0.5 1
  1.06249 5 + 1
    1.06249 1 0
  1.06682 7 - 1
    1.06682 1 0
  1.14674 5 - 2
    1.00097 0.5 4
    1.1042 0.5 1
  1.1498 13 - 1
    1.1498 1 0
  1.15279 3 + 3
    1.00702 0.29 4
    1.11025 0.3517 1
    1.15279 0.3583 0
  1.15501 1 + 3
    0.961023 0.1804 6
    1.02121 0.3702 3
    1.15501 0.4494 0
  1.16714 3 + 3
    0.973153 0.067472 6
    1.02137 0.268508 4
    1.16714 0.66402 0
  1.19461 1 - 3
    0.478776 0.3024 18
    1.04884 0.299 4
    1.06081 0.3986 3
  1.201 5 + 1
    1.00701 1 6
  1.206 5 - 2
    1.06023 0.5 4
    1.16346 0.5 1
  1.22331 3 - 3
    0.53543 0.3525 15
    1.02932 0.4727 6
    1.08951 0.1748 3
  1.2255 1 - 2
    0.68621 0.5 14
    1.07973 0.5 4
  1.2321 7 - 2
    1.13347 0.5 2
    1.2321 0.5 0
  1.2353 9 - 2
    1.06621 0.5 5
    1.19276 0.5 1
  1.2378 11 - 2
    1.0115 0.5 8
    1.13917 0.5 2
  1.24199 7 + 1
    0.55411 1 15
  1.2604 9 - 2
    1.09131 0.5 5
    1.21786 0.5 1
  1.2654 15 + 2
    0.4271 0.5 28
    0.9636 0.5 10
  1.2707 11 - 2
    1.0444 0.5 8
    1.17207 0.5 2
  1.2769 7 + 2
    1.13113 0.5 4
    1.23436 0.5 1
  1.2952 13 - 2
    0.4569 0.5 28
    0.9934 0.5 10
  1.30622 17 + 1
    0.590386 1 18
  1.3182 9 - 2
    1.14911 0.5 5
    1.27566 0.5 1
  1.3206 7 + 2
    1.17483 0.5 4
    1.27806 0.5 1
  1.3247 11 - 2
    1.0984 0.5 8
    1.22607 0.5 2
  1.3383 13 + 2
    1.112 0.5 8
    1.23967 0.5 2
  1.36098 9 - 1
    0.537262 1 27
  1.3681 15 + 2
    0.5298 0.5 28
    1.0663 0.5 10
  1.3836 7 - 2
    1.28497 0.5 2
    1.3836 0.5 0
  1.3996 11 + 2
    1.23051 0.5 5
    1.35706 0.5 1
  1.4046 19 - 2
    0.09838 0.5 66
    0.906 0.5 13
  1.417 9 + 2
    1.31837 0.5 2
    1.417 0.5 0
  1.4369 7 - 2
    1.33827 0.5 2
    1.4369 0.5 0
  1.4459 17 + 2
    0.13968 0.5 66
    0.9473 0.5 13
  1.4626 13 - 2
    0.6243 0.5 28
    1.1608 0.5 10
  1.4796 11 + 2
    1.31051 0.5 5
    1.43706 0.5 1
  1.4816 9 - 2
    1.31251 0.5 5
    1.43906 0.5 1
  1.4937 7 + 2
    1.34793 0.5 4
    1.45116 0.5 1
  1.495 15 - 2
    0.9964 0.5 13
    1.1223 0.5 12
  1.5046 3 + 2
    1.35883 0.5 4
    1.46206 0.5 1
  1.51 21 - 1
    1.51 1 0
  1.513 7 + 2
    1.36723 0.5 4
    1.47046 0.5 1
  1.5204 9 - 2
    1.35131 0.5 5
    1.47786 0.5 1
  1.5733 11 + 2
    1.40421 0.5 5
    1.53076 0.5 1
  1.5865 3 - 2
    1.4527 0.5 3
    1.5865 0.5 0
  1.6093 13 + 2
    1.383 0.5 8
    1.51067 0.5 2
  1.6147 7 - 2
    1.51607 0.5 2
    1.6147 0.5 0
  1.6313 9 + 2
    1.53267 0.5 2
    1.6313 0.5 0
  1.6847 17 - 2
    0.694196 0.5 41
    0.8464 0.5 28
  1.6924 11 + 2
    1.52331 0.5 5
    1.64986 0.5 1
  1.7171 3 - 2
    1.5833 0.5 3
    1.7171 0.5 0
  1.8079 3 + 2
    1.66213 0.5 4
    1.76536 0.5 1

92 240 22
  0 0 + 0
  0.045 4 + 1
    0.045 1 0
  0.1506 8 + 1
    0.1056 1 1
  0.31319 12 + 1
    0.16259 1 2
  0.52869 16 + 1
    0.2155 1 3
  0.7929 20 + 1
    0.26421 1 4
  0.847 6 - 2
    0.6964 0.4598 2
    0.802 0.5402 1
  0.9447 10 - 2
    0.63151 0.3872 3
    0.7941 0.6128 2
  1.04 2 - 2
    0.995 0.5 1
    1.04 0.5 0
  1.0877 14 - 2
    0.55901 0.1943 4
    0.77451 0.8057 3
  1.1005 24 + 1
    0.3076 1 5
  1.16 6 - 2
    1.0094 0.5 2
    1.115 0.5 1
  1.2761 18 - 2
    0.4832 0.2609 5
    0.74741 0.7391 4
  1.545 4 - 1
    1.545 1 0
  1.596 8 + 2
    1.4454 0.5 2
    1.551 0.5 1
  1.67 10 - 2
    1.35681 0.5 3
    1.5194 0.5 2
  1.708 2 + 1
    0.163 1 13
  1.756 6 - 2
    1.6054 0.5 2
    1.711 0.5 1
  1.792 4 + 2
    1.747 0.5 1
    1.792 0.5 0
  1.893 8 - 1
    0.348 1 13
  1.929 12 + 2
    1.61581 0.5 3
    1.7784 0.5 2
  2.01 10 - 2
    1.69681 0.5 3
    1.8594 0.5 2

92 242 1
  0 0 + 0

