39 76 1
  0 8 + 0

39 77 1
  0 5 + 0

39 78 4
  0 0 + 0
  0.1 10 + 1
    0.1 1 0
  0.281 4 + 1
    0.281 1 0
  0.787 8 + 1
    0.506 1 2

39 79 12
  0 5 + 0
  0.184 7 + 1
    0.184 1 0
  0.4113 9 + 2
    0.2273 0.8421 1
    0.4113 0.1579 0
  0.7269 11 + 2
    0.3156 0.5363 2
    0.5429 0.4637 1
  1.0424 13 + 2
    0.3155 0.4064 3
    0.6311 0.5936 2
  1.509 15 + 2
    0.4666 0.5 4
    0.7821 0.5 3
  1.889 17 + 2
    0.38 0.5 5
    0.8466 0.5 4
  2.523 19 + 1
    1.014 1 5
  2.947 21 + 1
    1.058 1 6
  3.828 23 + 1
    1.305 1 7
  4.214 25 + 1
    1.267 1 8
  5.702 29 + 1
    1.488 1 10

39 80 85
  0 8 - 0
  0.2285 2 - 1
    0.2285 1 0
  0.2571 10 - 1
    0.2571 1 0
  0.3126 4 + 1
    0.0841 1 1
  0.3242 4 - 1
    0.0957 1 1
  0.4436 14 - 1
    0.1865 1 2
  0.4556 6 + 1
    0.143 1 3
  0.4607 6 - 2
    0.1365 0.911264 4
    0.2322 0.088736 1
  0.57 12 - 2
    0.3129 0.2319 2
    0.57 0.7681 0
  0.623 2 + 1
    0.3104 1 3
  0.6487 8 + 2
    0.1931 0.971339 6
    0.3361 0.028661 3
  0.6637 8 - 2
    0.203 0.911009 7
    0.3395 0.088991 4
  0.6761 14 + 1
    0.2325 1 5
  0.8788 10 - 2
    0.2151 0.7727 11
    0.4181 0.2273 7
  0.8866 10 + 2
    0.2379 0.7167 10
    0.431 0.2833 6
  0.9375 14 - 2
    0.3675 0.082909 8
    0.6804 0.917091 2
  1.0593 12 + 3
    0.3832 0.040779 12
    0.4893 0.071439 8
    0.8022 0.887782 2
  1.1758 12 + 2
    0.2892 0.5799 14
    0.5271 0.4201 10
  1.1857 12 + 2
    0.2991 0.6647 14
    0.537 0.3353 10
  1.2071 12 - 2
    0.3283 0.7148 13
    0.5434 0.2852 11
  1.2902 14 + 3
    0.1144 0.054076 17
    0.2309 0.698944 16
    0.7202 0.24698 8
  1.3586 16 - 2
    0.4211 0.1169 15
    0.7886 0.8831 8
  1.4887 14 - 2
    0.2816 0.4869 19
    0.6099 0.5131 13
  1.4905 16 + 5
    0.2003 0.165495 20
    0.3048 0.022559 18
    0.3147 0.049129 17
    0.4312 0.67488 16
    0.553 0.087937 15
  1.5096 14 + 3
    0.3239 0.288129 18
    0.3338 0.19682 17
    0.623 0.515051 14
  1.7646 16 + 3
    0.4744 0.3184 20
    0.5789 0.2272 18
    0.5888 0.4544 17
  1.8239 18 + 2
    0.3334 0.7982 23
    0.5337 0.2018 20
  1.8251 18 - 2
    0.4665 0.056738 21
    0.8876 0.943262 15
  1.9162 16 + 2
    0.4066 0.5163 24
    0.7305 0.4837 18
  1.9573 16 - 2
    0.4686 0.5324 22
    0.7502 0.4676 19
  2.2679 20 + 2
    0.444 0.096082 26
    0.7774 0.903918 23
  2.3056 18 - 2
    0.3483 0.2198 29
    0.8169 0.7802 22
  2.3233 18 + 2
    0.4071 0.2813 28
    0.8137 0.7187 24
  2.3509 20 - 2
    0.5258 0.024439 27
    0.9923 0.975561 21
  2.6154 22 + 2
    0.3475 0.2435 30
    0.7915 0.7565 26
  2.6185 20 + 1
    0.8539 1 25
  2.8671 20 + 2
    0.5438 0.1381 32
    0.9509 0.8619 28
  2.9011 22 - 1
    1.076 1 27
  2.9163 20 - 2
    0.6107 0.3246 31
    0.959 0.6754 29
  3.2986 24 + 2
    0.6832 0.055762 34
    1.0307 0.944238 30
  3.3284 22 + 2
    0.4613 0.1874 36
    1.0051 0.8126 32
  3.333 22 - 1
    1.0274 1 31
  3.531 24 - 1
    1.1801 1 33
  3.6282 26 + 2
    0.3296 0.071991 39
    1.0128 0.928009 34
  3.6897 24 + 1
    1.0712 1 35
  4.0139 24 + 2
    0.6855 0.1737 40
    1.1468 0.8263 36
  4.09 24 - 1
    1.1737 1 38
  4.146 26 - 1
    1.2449 1 37
  4.4427 26 - 1
    1.1097 1 41
  4.5096 26 + 1
    1.1812 1 40
  4.5589 28 + 1
    1.2603 1 39
  4.8426 28 - 1
    1.3116 1 42
  4.8485 30 + 1
    1.2203 1 43
  4.9737 28 + 1
    1.284 1 44
  5.3235 28 + 1
    1.3096 1 45
  5.4383 28 - 1
    1.3483 1 46
  5.4466 30 - 1
    1.3006 1 47
  5.6035 30 - 1
    1.4575 1 47
  5.6818 30 - 1
    1.2391 1 48
  5.8749 30 + 1
    1.3653 1 49
  5.9991 32 + 1
    1.4402 1 50
  6.0976 32 - 1
    1.255 1 51
  6.2428 34 + 1
    1.3943 1 52
  6.4333 32 + 1
    1.4596 1 53
  6.6549 34 - 1
    1.2083 1 56
  6.7849 32 + 1
    1.4614 1 54
  6.9685 32 - 1
    1.5302 1 55
  7.0342 34 - 1
    1.4307 1 57
  7.0897 34 - 1
    1.4079 1 58
  7.4226 34 + 1
    1.5477 1 59
  7.4502 36 - 1
    1.3526 1 61
  7.5281 36 + 1
    1.529 1 60
  7.7891 38 + 1
    1.5463 1 62
  8.0292 38 - 1
    1.3743 1 64
  8.0361 36 + 1
    1.6028 1 63
  8.5687 38 - 1
    1.5345 1 67
  9.001 40 - 1
    1.5508 1 70
  9.1489 40 + 1
    1.6208 1 71
  9.4961 42 + 1
    1.707 1 72
  9.613 42 - 1
    1.5838 1 73
  10.663 44 - 1
    1.662 1 76
  10.918 44 + 1
    1.7691 1 77
  11.379 46 + 1
    1.8829 1 78
  11.401 46 - 1
    1.788 1 79
  12.46 48 - 1
    1.797 1 80

39 81 109
  0 5 + 0
  0.11328 3 - 1
    0.11328 1 0
  0.149635 7 + 1
    0.149635 1 0
  0.26856 9 + 2
    0.118925 0.6737 2
    0.26856 0.3263 0
  0.28863 5 - 2
    0.17535 0.6908 1
    0.28863 0.3092 0
  0.34346 1 - 1
    0.23018 1 1
  0.53707 7 - 3
    0.24844 0.5929 4
    0.387435 0.1486 2
    0.42379 0.2585 1
  0.60764 5 - 2
    0.31901 0.5168 4
    0.49436 0.4832 1
  0.6636 5 - 2
    0.37497 0.5 4
    0.55032 0.5 1
  0.68339 11 + 2
    0.41483 0.4875 3
    0.533755 0.5125 2
  0.82559 9 - 4
    0.28852 0.2622 6
    0.53696 0.4409 4
    0.55703 0.1386 3
    0.675955 0.1583 2
  0.83914 13 + 2
    0.15575 0.1362 9
    0.57058 0.8638 3
  1.10742 9 - 2
    0.49978 0.8003 7
    0.57035 0.1997 6
  1.16744 11 - 4
    0.34185 0.181305 10
    0.48405 0.073572 9
    0.63037 0.487615 6
    0.89888 0.257508 3
  1.2501 9 - 2
    0.5865 0.5 8
    0.71303 0.5 6
  1.48269 15 + 2
    0.64355 0.2989 11
    0.7993 0.7011 9
  1.53042 13 - 3
    0.36298 0.2355 13
    0.70483 0.6167 10
    0.84703 0.1478 9
  1.5502 13 + 1
    0.86681 1 9
  1.65336 17 + 2
    0.17067 0.036139 15
    0.81422 0.963861 11
  1.7516 17 + 1
    0.91246 1 11
  1.7826 13 - 1
    0.67518 1 12
  1.95217 15 - 2
    0.78473 0.6898 13
    1.11303 0.3102 11
  1.9936 13 - 2
    0.7435 0.5 14
    0.82616 0.5 13
  2.37391 17 - 2
    0.42174 0.1154 21
    0.84349 0.8846 16
  2.4157 17 + 2
    0.8655 0.5 17
    0.93301 0.5 15
  2.5133 19 + 2
    0.85994 0.2425 18
    1.03061 0.7575 15
  2.5945 17 - 1
    0.8119 1 20
  2.68679 21 + 1
    1.03343 1 18
  2.8608 19 - 3
    0.48689 0.052147 23
    0.90863 0.578071 21
    1.20744 0.369781 18
  2.8663 17 - 1
    0.8727 1 22
  2.9174 21 + 2
    1.1658 0.5 19
    1.26404 0.5 18
  3.3428 21 - 2
    0.482 0.1074 28
    0.96889 0.8926 23
  3.3607 19 - 3
    0.4944 0.333333 29
    1.40853 0.333333 21
    1.70734 0.333333 18
  3.4131 21 + 2
    0.9974 0.5 24
    1.75974 0.5 18
  3.5596 21 - 1
    0.9651 1 26
  3.739 21 - 2
    0.3783 0.5 32
    0.8727 0.5 29
  3.7459 23 + 2
    1.05911 0.1228 27
    1.2326 0.8772 25
  3.8946 23 - 1
    1.0338 1 28
  3.914 25 + 1
    1.22721 1 27
  3.9922 25 + 2
    1.0748 0.5 30
    1.30541 0.5 27
  4.1831 23 - 3
    0.4441 0.1081 35
    0.8224 0.4902 32
    1.3223 0.4017 28
  4.4403 25 - 1
    1.0975 1 31
  4.5521 25 + 2
    1.139 0.5 33
    1.86531 0.5 27
  4.7013 25 - 1
    0.9623 1 35
  4.7165 25 - 1
    1.1569 1 34
  5.0321 27 + 1
    1.2862 1 36
  5.09 27 - 1
    1.1954 1 37
  5.1381 27 + 1
    1.3922 1 36
  5.213 27 - 1
    1.0299 1 40
  5.271 29 + 1
    1.357 1 38
  5.4998 29 + 1
    1.5858 1 38
  5.6644 29 - 1
    1.2241 1 41
  5.7446 29 - 1
    1.3043 1 41
  5.7533 29 - 1
    1.052 1 43
  5.8365 29 + 2
    1.2844 0.5 42
    1.9225 0.5 38
  6.0461 29 - 1
    1.3296 1 44
  6.3867 31 - 2
    1.1737 0.5988 48
    1.2967 0.4012 46
  6.47 31 - 1
    1.38 1 46
  6.5092 31 + 2
    1.3711 0.5 47
    1.4771 0.5 45
  6.6293 33 + 2
    1.1295 0.009902 50
    1.3583 0.990098 49
  6.6728 31 + 1
    1.5347 1 47
  6.8931 33 - 1
    1.1398 1 53
  6.9117 33 - 2
    1.1671 0.3007 52
    1.2473 0.6993 51
  6.9511 33 + 1
    1.6801 1 49
  7.0904 33 - 2
    1.3458 0.1667 52
    1.426 0.8333 51
  7.3153 33 + 2
    1.4788 0.5 54
    2.0443 0.5 49
  7.5117 33 - 1
    1.4656 1 55
  7.7108 35 - 1
    1.3241 1 56
  7.8645 35 - 1
    1.3945 1 57
  7.8924 35 - 1
    1.4224 1 57
  7.9287 35 - 1
    1.4587 1 57
  7.9478 35 + 1
    1.4386 1 58
  8.0797 37 + 1
    1.4504 1 59
  8.097 35 - 1
    1.627 1 57
  8.16 35 + 1
    1.4872 1 60
  8.2761 37 - 1
    1.3644 1 62
  8.5048 37 + 2
    1.5537 0.5 63
    1.8755 0.5 59
  8.5199 37 - 1
    1.4295 1 64
  8.584 37 - 1
    1.4936 1 64
  8.9179 37 + 1
    1.6026 1 65
  9.1677 39 - 1
    1.4569 1 67
  9.323 39 + 1
    1.3752 1 71
  9.5943 41 + 1
    1.5146 1 72
  9.808 41 - 1
    1.5319 1 75
  9.818 39 + 1
    1.7383 1 72
  9.981 41 + 1
    1.9013 1 72
  10.0635 41 - 1
    1.4795 1 78
  10.193 41 - 1
    1.6731 1 77
  10.777 43 - 1
    1.6093 1 80
  10.884 43 + 1
    1.561 1 81
  11.234 45 + 1
    1.6397 1 82
  11.52 45 - 1
    1.712 1 83
  11.545 45 + 1
    1.9507 1 82
  11.617 45 - 1
    1.5535 1 86
  12.014 45 - 1
    1.821 1 87
  12.57 47 - 1
    1.793 1 88
  12.579 47 + 1
    1.695 1 89
  13.088 49 + 1
    1.854 1 90
  13.282 49 + 1
    2.048 1 90
  13.423 49 - 1
    1.903 1 91
  14.099 49 - 1
    2.085 1 94
  14.483 51 + 1
    1.904 1 96
  14.806 51 - 1
    2.236 1 95
  15.248 53 + 1
    2.16 1 97
  15.523 53 - 1
    2.1 1 99
  15.572 53 - 1
    2.149 1 99
  16.44 53 - 1
    2.341 1 100
  16.785 55 + 1
    2.302 1 101
  17.67 57 + 1
    2.422 1 103

39 82 62
  0 2 + 0
  0.14234 4 + 1
    0.14234 1 0
  0.25019 4 + 2
    0.10785 0.2468 1
    0.25019 0.7532 0
  0.31369 6 + 3
    0.0635 0.2836 2
    0.17135 0.3894 1
    0.31369 0.327 0
  0.33699 6 + 2
    0.19465 0.6747 1
    0.33699 0.3253 0
  0.4011 8 + 3
    0.06411 0.275403 4
    0.08741 0.687907 3
    0.25876 0.03669 1
  0.40263 8 - 2
    0.06564 0.6127 4
    0.08894 0.3873 3
  0.40576 8 - 1
    0.06877 1 4
  0.47383 10 - 1
    0.06807 1 7
  0.5075 12 + 1
    0.1064 1 5
  0.51182 10 - 1
    0.10919 1 6
  0.58658 12 - 2
    0.07476 0.7448 10
    0.11275 0.2552 8
  0.59471 12 + 1
    0.19361 1 5
  0.67792 12 - 3
    0.1661 0.4442 10
    0.17042 0.3518 9
    0.27682 0.204 5
  0.71884 14 + 1
    0.21134 1 9
  0.75147 16 + 2
    0.03263 0.4889 14
    0.24397 0.5111 9
  0.8182 12 - 3
    0.14028 0.3576 13
    0.30638 0.2173 10
    0.34437 0.4251 8
  0.95691 14 - 5
    0.23807 0.066856 14
    0.27899 0.137692 13
    0.37033 0.157291 11
    0.44509 0.49747 10
    0.44941 0.140692 9
  1.14692 18 + 2
    0.39545 0.968019 15
    0.42808 0.031981 14
  1.16335 14 - 3
    0.34515 0.139714 16
    0.57677 0.425843 11
    0.65153 0.434443 10
  1.27221 16 - 4
    0.3153 0.192804 17
    0.52074 0.037271 15
    0.55337 0.052311 14
    0.59429 0.717614 13
  1.2841 16 + 4
    0.53263 0.25 15
    0.56526 0.25 14
    0.68939 0.25 12
    0.7766 0.25 9
  1.5067 16 - 1
    0.6885 1 16
  1.58971 20 + 2
    0.44279 0.1002 18
    0.83824 0.8998 15
  1.68771 18 - 3
    0.4155 0.063319 20
    0.7308 0.830483 17
    0.93624 0.106198 15
  1.96003 22 + 2
    0.37032 0.4939 23
    0.81311 0.5061 18
  1.9637 18 - 1
    0.80035 1 19
  2.06149 20 - 2
    0.37378 0.1163 24
    0.78928 0.8837 20
  2.379 20 - 1
    0.8723 1 22
  2.60213 22 - 2
    0.54064 0.0179 27
    0.91442 0.9821 24
  2.6512 24 + 2
    0.69117 0.1151 25
    1.06149 0.8849 23
  2.9147 22 - 1
    0.951 1 26
  2.9708 26 + 2
    0.3196 0.3482 30
    1.01077 0.6518 25
  3.026 24 - 1
    0.96451 1 27
  3.386 24 - 1
    1.007 1 28
  3.67494 26 - 1
    1.07281 1 29
  3.90402 28 + 2
    0.93322 0.1072 32
    1.25282 0.8928 30
  3.9347 26 - 1
    1.02 1 31
  4.1426 30 + 2
    0.23858 0.081337 36
    1.1718 0.918663 32
  4.15 28 - 1
    1.124 1 33
  4.413 28 - 1
    1.027 1 34
  4.8859 30 - 1
    1.21096 1 35
  5.0437 30 - 1
    1.109 1 37
  5.25 32 + 2
    1.1074 0.074081 38
    1.34598 0.925919 36
  5.4144 32 - 1
    1.2644 1 39
  5.4562 34 + 2
    0.206201 0.1702 43
    1.3136 0.8298 38
  6.2227 34 - 1
    1.3368 1 41
  6.6721 36 + 1
    1.4221 1 43
  6.7772 36 - 1
    1.3628 1 44
  6.9144 38 + 1
    1.4582 1 45
  7.5912 38 - 1
    1.3685 1 46
  8.1876 40 - 1
    1.4104 1 48
  8.1942 40 + 1
    1.5221 1 47
  8.5157 42 + 1
    1.6013 1 49
  8.6022 4 + 1
    1.9301 1 47
  9.6799 44 - 1
    1.4923 1 51
  9.861 44 + 1
    1.6668 1 52
  10.2671 46 + 1
    1.7514 1 53
  11.7128 48 + 1
    1.8518 1 56
  12.0801 50 + 1
    1.813 1 57
  13.7855 52 + 1
    2.0727 1 58
  14.0323 54 + 1
    1.9522 1 59

39 83 107
  0 9 + 0
  0.06198 3 - 1
    0.06198 1 0
  0.0971 5 + 1
    0.0971 1 0
  0.11754 1 - 1
    0.05556 1 1
  0.145 7 + 1
    0.145 1 0
  0.16698 5 - 2
    0.06988 0.01552 2
    0.105 0.98448 1
  0.3317 5 + 1
    0.2346 1 2
  0.42176 3 - 4
    0.25478 0.390804 5
    0.30422 0.334303 3
    0.32466 0.054091 2
    0.35978 0.220802 1
  0.43653 5 - 2
    0.26955 0.2768 5
    0.37455 0.7232 1
  0.53715 7 - 4
    0.10062 0.026082 8
    0.37017 0.586047 5
    0.39215 0.060145 4
    0.47517 0.327726 1
  0.56455 3 + 3
    0.39757 0.287529 5
    0.44701 0.137914 3
    0.50257 0.574557 1
  0.56805 3 - 3
    0.40107 0.1571 5
    0.45051 0.353 3
    0.50607 0.4899 1
  0.5706 5 + 2
    0.2389 0.5 6
    0.4256 0.5 4
  0.59498 13 + 1
    0.59498 1 0
  0.6426 3 - 5
    0.22084 0.172391 7
    0.3109 0.073646 6
    0.47562 0.367982 5
    0.52506 0.242688 3
    0.58062 0.143293 1
  0.72228 1 + 1
    0.6603 1 1
  0.73664 11 + 3
    0.14166 0.063244 13
    0.59164 0.596936 4
    0.73664 0.33982 0
  0.81399 9 - 4
    0.27684 0.1779 9
    0.64701 0.4755 5
    0.66899 0.1377 4
    0.81399 0.2089 0
  0.8556 3 - 9
    0.213 0.079307 14
    0.28755 0.024089 11
    0.29105 0.017959 10
    0.31845 0.102996 9
    0.41907 0.035909 8
    0.43384 0.035899 7
    0.68862 0.065637 5
    0.7585 0.041728 2
    0.79362 0.596476 1
  0.8825 7 - 1
    0.5508 1 6
  1.1374 1 + 2
    0.60025 0.5 9
    0.70087 0.5 8
  1.22369 11 - 3
    0.4097 0.1496 17
    0.68654 0.5525 9
    1.22369 0.2979 0
  1.24962 3 - 3
    0.71247 0.2323 9
    0.82786 0.1726 7
    1.13208 0.5951 3
  1.4065 17 + 1
    0.81152 1 13
  1.53203 15 + 1
    0.79539 1 16
  1.56618 13 - 3
    0.34249 0.1266 21
    0.75219 0.7403 17
    0.82954 0.1331 16
  1.7085 7 + 2
    0.302 0.5 23
    1.11352 0.5 13
  1.8489 9 + 2
    0.62521 0.5 21
    0.7115 0.5 20
  1.9556 5 - 1
    1.51907 1 8
  2.01061 15 - 3
    0.44443 0.091173 25
    0.78692 0.505115 21
    1.41563 0.403712 13
  2.08312 3 - 6
    1.36084 0.074571 15
    1.54597 0.110502 9
    1.66136 0.257105 7
    1.91614 0.095112 5
    1.96558 0.241605 3
    2.02114 0.221104 1
  2.13699 7 - 4
    1.49439 0.228823 14
    1.59984 0.228823 9
    1.70046 0.118612 8
    2.07501 0.423742 1
  2.1451 1 + 1
    0.61307 1 24
  2.2599 5 - 2
    1.83814 0.5 7
    2.14236 0.5 3
  2.37105 21 + 1
    0.96455 1 23
  2.40585 17 - 2
    0.39524 0.1309 29
    0.83967 0.8691 25
  2.4295 19 + 2
    0.89747 0.917454 24
    1.023 0.082546 23
  2.5519 7 + 1
    0.703 1 27
  2.55955 17 - 3
    0.1537 0.065281 35
    0.54894 0.247705 29
    0.99337 0.687014 25
  2.7381 5 - 1
    2.31634 1 7
  2.82274 19 - 3
    0.41689 0.066565 35
    0.81213 0.510264 29
    1.41624 0.42317 23
  2.88784 19 - 1
    0.32829 1 38
  2.9376 9 + 2
    0.56655 0.115 34
    1.5311 0.885 23
  3.30814 21 - 1
    0.4203 1 41
  3.31457 21 - 2
    0.49183 0.1153 40
    0.90872 0.8847 35
  3.3971 23 + 2
    0.9676 0.919972 36
    1.02605 0.080028 34
  3.4201 5 + 1
    0.8682 1 37
  3.4506 25 + 1
    1.07955 1 34
  3.7313 23 - 2
    0.90856 0.8131 40
    1.36025 0.1869 34
  3.83034 23 - 2
    0.5222 0.5529 43
    0.9425 0.4471 41
  3.9169 7 + 1
    0.4663 1 47
  4.1772 3 + 1
    0.7266 1 47
  4.3406 25 - 1
    1.02603 1 44
  4.3858 25 - 2
    0.55546 0.3793 49
    1.07766 0.6207 43
  4.4219 27 + 1
    1.0248 1 45
  4.4728 1 + 1
    1.0527 1 46
  4.4881 27 + 2
    1.0375 0.1525 47
    1.091 0.8475 45
  4.6436 29 + 1
    1.193 1 47
  4.7963 27 - 1
    1.065 1 48
  4.9923 27 - 2
    0.6065 0.2427 53
    1.16196 0.7573 49
  5.1766 5 + 1
    0.533 1 57
  5.244 3 + 1
    1.7934 1 47
  5.3466 7 + 1
    0.703001 1 57
  5.5023 29 - 1
    1.1617 1 52
  5.5623 29 - 1
    1.1765 1 53
  5.565 5 + 1
    1.0922 1 55
  5.669 3 + 1
    0.4924 1 60
  5.7475 31 + 2
    1.1039 0.074081 57
    1.2594 0.925919 56
  5.9503 31 - 1
    1.154 1 58
  5.9835 33 + 1
    1.3399 1 57
  6.3344 31 - 1
    1.3421 1 59
  6.6765 33 - 1
    1.1742 1 63
  6.7809 33 - 1
    1.2786 1 63
  6.7823 33 - 1
    1.22 1 64
  7.179 35 + 1
    1.4315 1 67
  7.2385 35 - 1
    1.2882 1 68
  7.4508 5 + 1
    0.7743 1 71
  7.4683 37 + 1
    1.4848 1 69
  7.8194 35 - 1
    1.485 1 70
  7.9212 37 - 1
    1.2447 1 71
  8.0703 37 - 1
    1.288 1 73
  8.1089 37 - 1
    1.328 1 72
  8.4421 7 + 1
    2.4586 1 69
  8.7092 39 - 1
    1.4707 1 75
  8.7129 39 + 1
    1.5339 1 74
  9.0723 41 + 1
    1.604 1 77
  9.3344 41 - 1
    1.4132 1 79
  9.5979 3 + 1
    2.1296 1 77
  9.6399 41 - 1
    1.531 1 81
  10.0014 5 + 1
    2.5331 1 77
  10.3604 43 + 1
    1.6475 1 84
  10.396 43 - 1
    1.6868 1 83
  10.452 43 - 1
    1.7428 1 83
  10.8262 45 + 1
    1.7539 1 85
  10.929 45 - 1
    1.5946 1 86
  11.267 45 - 1
    1.6271 1 88
  12.2453 47 + 1
    1.8849 1 90
  12.7283 49 - 1
    1.7993 1 94
  12.792 49 + 1
    1.9658 1 93
  13.024 47 + 1
    2.1978 1 93
  13.038 47 + 1
    2.2118 1 93
  14.0297 51 + 1
    1.7844 1 96
  14.769 53 - 1
    2.0407 1 97
  14.886 53 + 1
    2.094 1 98
  14.951 51 + 2
    1.913 0.3333 100
    2.159 0.6667 98
  17.105 55 + 1
    2.154 1 104
  19.47 59 + 1
    2.365 1 105

39 84 60
  0 12 + 0
  0.0168 8 - 1
    0.0168 1 0
  0.067 2 + 1
    0.067 1 0
  0.1124 8 + 1
    0.1124 1 0
  0.1304 4 - 1
    0.0634 1 2
  0.14866 10 + 1
    0.14866 1 0
  0.1567 16 + 1
    0.1567 1 0
  0.16012 8 + 1
    0.04772 1 3
  0.16288 10 - 1
    0.16288 1 0
  0.19853 12 + 2
    0.03841 0.972939 7
    0.13153 0.027061 2
  0.21042 8 - 3
    0.06176 0.326093 5
    0.08002 0.073319 4
    0.09802 0.600588 3
  0.21611 10 - 1
    0.21611 1 0
  0.41979 12 - 3
    0.20368 0.7545 11
    0.40299 0.1231 1
    0.41979 0.1224 0
  0.5647 12 - 1
    0.34859 1 11
  0.66881 18 + 1
    0.51211 1 6
  0.74398 14 - 4
    0.17928 0.092182 13
    0.32419 0.324971 12
    0.52787 0.175384 11
    0.5811 0.407463 8
  0.93622 14 - 2
    0.72011 0.909182 11
    0.93622 0.090818 0
  1.07062 20 + 2
    0.40181 0.079491 14
    0.91392 0.920509 6
  1.21161 16 - 2
    0.46763 0.4291 15
    0.79182 0.5709 12
  1.59159 18 - 3
    0.37998 0.047838 18
    0.84761 0.793568 15
    1.43489 0.158594 6
  1.60321 22 + 2
    0.53259 0.8067 17
    0.9344 0.1933 14
  1.64413 18 - 1
    0.70791 1 16
  2.07675 20 - 1
    0.43262 1 21
  2.12315 20 - 1
    0.47902 1 21
  2.13272 20 - 2
    0.54113 0.429 19
    0.92111 0.571 18
  2.19636 24 + 2
    0.59315 0.1455 20
    1.12574 0.8545 17
  2.24474 20 - 3
    0.16799 0.2391 22
    1.17412 0.2174 17
    1.57593 0.5435 14
  2.28526 22 - 1
    0.16211 1 23
  2.52898 22 - 3
    0.39626 0.064763 24
    0.93739 0.708628 19
    1.45836 0.226609 17
  2.60817 22 - 2
    0.36343 0.7154 26
    0.96404 0.2846 21
  2.74115 26 + 2
    0.54479 0.5005 25
    1.13794 0.4995 20
  2.88855 24 - 7
    0.28038 0.03941 29
    0.35957 0.3015 28
    0.60329 0.05013 27
    0.64381 0.1621 26
    0.75583 0.249 24
    0.8118 0.09897 22
    1.28534 0.09889 20
  3.22233 26 - 4
    0.33378 0.4569 31
    0.61416 0.1812 29
    0.69335 0.181 28
    0.93707 0.1809 27
  3.4008 26 - 2
    0.51225 0.5719 31
    0.87182 0.4281 28
  3.50259 28 + 2
    0.76144 0.1526 30
    1.30623 0.8474 25
  3.5927 26 - 2
    0.70415 0.2309 31
    1.06372 0.7691 28
  3.8723 28 - 2
    0.4715 0.6335 33
    0.98375 0.3665 31
  3.9034 28 + 2
    0.3107 0.4118 35
    1.01485 0.5882 31
  4.01961 30 + 2
    0.51702 0.2913 34
    1.27846 0.7087 30
  4.0244 28 - 1
    1.13585 1 31
  4.2354 30 - 2
    0.211 0.5 39
    1.01307 0.5 32
  4.5004 30 - 1
    0.6281 1 36
  4.7467 30 - 1
    1.154 1 35
  4.9694 32 + 2
    0.94979 0.0826 38
    1.46681 0.9174 34
  5.0054 32 - 2
    0.505 0.5269 41
    1.1331 0.4731 36
  5.4454 34 + 2
    0.476 0.1808 43
    1.42579 0.8192 38
  5.7004 34 - 1
    0.695 1 44
  6.2814 36 - 2
    0.581 0.4449 46
    1.276 0.5551 44
  6.5914 36 + 2
    1.146 0.090936 45
    1.622 0.909064 43
  7.0014 38 + 2
    0.41 0.091291 48
    1.556 0.908709 45
  7.0964 38 - 1
    0.815 1 47
  7.7174 40 - 2
    0.621 0.5 50
    1.436 0.5 47
  8.3305 40 + 1
    1.7391 1 48
  8.6325 42 + 1
    1.6311 1 49
  10.12 44 + 1
    1.7895 1 52
  10.3295 46 + 1
    1.697 1 53
  12.08 50 + 1
    1.7505 1 55
  13.89 54 + 1
    1.81 1 56
  15.77 58 + 1
    1.88 1 57
  17.8 62 + 1
    2.03 1 58

39 85 93
  0 1 - 0
  0.0198 9 + 1
    0.0198 1 0
  0.2663 5 - 1
    0.2663 1 0
  0.41636 3 - 1
    0.41636 1 0
  0.4361 5 + 1
    0.4163 1 1
  0.474 9 + 1
    0.4542 1 1
  0.6367 3 - 1
    0.6367 1 0
  0.752 7 - 2
    0.33564 0.5 3
    0.7322 0.5 1
  0.7939 9 + 1
    0.3578 1 4
  0.803 3 + 2
    0.5367 0.5 2
    0.803 0.5 0
  0.8148 13 + 1
    0.795 1 1
  0.884 3 + 2
    0.6177 0.5 2
    0.884 0.5 0
  0.936 3 - 2
    0.4999 0.5 4
    0.51964 0.5 3
  0.964 3 - 2
    0.5279 0.5 4
    0.54764 0.5 3
  1.0106 5 + 1
    0.9908 1 1
  1.1796 11 + 2
    0.3648 0.4132 10
    1.1598 0.5868 1
  1.214 3 - 2
    0.7779 0.5 4
    0.79764 0.5 3
  1.2182 7 + 3
    0.7442 0.045957 5
    0.7821 0.247485 4
    1.1984 0.706558 1
  1.2741 9 + 3
    0.4802 0.183782 8
    0.8001 0.591441 5
    0.838 0.224778 4
  1.28 3 + 2
    1.0137 0.5 2
    1.28 0.5 0
  1.3108 9 + 3
    0.8368 0.4546 5
    0.8747 0.2728 4
    1.291 0.2726 1
  1.378 1 + 2
    0.9419 0.5 4
    0.96164 0.5 3
  1.3933 9 + 1
    0.9572 1 4
  1.4229 5 - 1
    0.9868 1 4
  1.433 7 - 2
    1.01664 0.5 3
    1.4132 0.5 1
  1.6079 5 + 1
    1.19154 1 3
  1.6485 13 + 3
    0.4689 0.3584 15
    0.8337 0.4584 10
    1.6287 0.1832 1
  1.676 7 - 2
    1.25964 0.5 3
    1.6562 0.5 1
  1.724 3 + 2
    1.4577 0.5 2
    1.724 0.5 0
  1.776 7 + 2
    0.973 0.5 9
    1.5097 0.5 2
  1.7976 17 + 1
    0.9828 1 10
  1.82 1 - 2
    1.5537 0.5 2
    1.82 0.5 0
  1.837 1 + 2
    1.4009 0.5 4
    1.42064 0.5 3
  1.846 5 - 2
    1.5797 0.5 2
    1.846 0.5 0
  1.8931 5 + 1
    1.4191 1 5
  1.896 1 + 2
    1.4599 0.5 4
    1.47964 0.5 3
  1.959 7 - 2
    1.54264 0.5 3
    1.9392 0.5 1
  1.992 11 - 2
    1.518 0.5 5
    1.9722 0.5 1
  2.003 5 - 2
    1.7367 0.5 2
    2.003 0.5 0
  2.023 7 - 2
    1.60664 0.5 3
    2.0032 0.5 1
  2.156 1 + 2
    1.7199 0.5 4
    1.73964 0.5 3
  2.1801 5 - 2
    1.9138 0.5 2
    2.1801 0.5 0
  2.2042 5 + 6
    0.8109 0.082515 22
    1.4103 0.207912 8
    1.5675 0.082435 6
    1.7302 0.143309 5
    1.7681 0.358422 4
    1.9379 0.125408 2
  2.223 1 + 2
    1.7869 0.5 4
    1.80664 0.5 3
  2.2413 7 - 2
    1.82494 0.5 3
    2.2215 0.5 1
  2.2596 11 - 2
    0.462 0.2248 30
    1.4448 0.7752 10
  2.3032 15 - 2
    0.6547 0.6039 26
    1.4884 0.3961 10
  2.3502 3 - 2
    1.3396 0.2481 14
    1.8762 0.7519 5
  2.4293 5 + 2
    1.1185 0.4445 20
    1.9553 0.5555 5
  2.472 1 + 2
    2.0359 0.5 4
    2.05564 0.5 3
  2.507 17 - 1
    0.2038 1 46
  2.519 7 - 2
    2.10264 0.5 3
    2.4992 0.5 1
  2.551 3 - 2
    2.1149 0.5 4
    2.13464 0.5 3
  2.6498 21 + 1
    0.8522 1 30
  2.7457 5 - 1
    0.2387 1 50
  2.748 7 - 2
    2.33164 0.5 3
    2.7282 0.5 1
  2.84 1 + 2
    2.4039 0.5 4
    2.42364 0.5 3
  2.9257 19 - 2
    0.2759 0.3434 53
    1.1281 0.6566 30
  2.939 3 - 2
    2.5029 0.5 4
    2.52264 0.5 3
  2.9904 19 + 2
    0.3406 0.232 53
    1.1928 0.768 30
  3.0188 5 - 1
    0.2731 1 54
  3.041 1 + 2
    2.6049 0.5 4
    2.62464 0.5 3
  3.11 1 + 2
    2.6739 0.5 4
    2.69364 0.5 3
  3.168 1 + 2
    2.7319 0.5 4
    2.75164 0.5 3
  3.23 3 - 2
    2.7939 0.5 4
    2.81364 0.5 3
  3.27 7 - 2
    2.85364 0.5 3
    3.2502 0.5 1
  3.3044 21 - 2
    0.3787 0.6504 57
    0.7974 0.3496 50
  3.375 1 + 2
    2.9389 0.5 4
    2.95864 0.5 3
  3.3915 23 + 1
    0.7417 1 53
  3.6724 5 - 2
    0.2809 0.3605 68
    1.0226 0.6395 53
  4.0046 23 - 2
    0.700201 0.225 66
    1.0789 0.775 57
  4.0796 9 - 1
    1.0892 1 59
  4.3609 25 - 2
    0.356299 0.2259 70
    1.0565 0.7741 66
  4.6019 3 + 1
    0.5223 1 71
  4.9133 29 + 1
    1.2409 1 69
  4.9833 27 - 1
    0.6224 1 72
  5.0204 27 - 1
    0.6595 1 72
  5.4365 29 - 1
    0.4161 1 76
  8.779 5 + 2
    8.36264 0.5 3
    8.7592 0.5 1
  8.817 1 + 2
    8.3809 0.5 4
    8.40064 0.5 3
  9.225 7 + 2
    8.422 0.5 9
    8.9587 0.5 2
  9.287 1 + 2
    8.8509 0.5 4
    8.87064 0.5 3
  9.756 3 - 2
    9.3199 0.5 4
    9.33964 0.5 3
  9.944 1 + 2
    9.5079 0.5 4
    9.52764 0.5 3
  9.969 5 - 2
    9.7027 0.5 2
    9.969 0.5 0
  10.038 1 + 2
    9.6019 0.5 4
    9.62164 0.5 3
  10.186 1 + 2
    9.7499 0.5 4
    9.76964 0.5 3
  10.507 1 + 2
    10.0709 0.5 4
    10.0906 0.5 3
  10.624 7 - 2
    10.2076 0.5 3
    10.6042 0.5 1
  10.735 1 + 2
    10.2989 0.5 4
    10.3186 0.5 3
  10.899 1 + 2
    10.4629 0.5 4
    10.4826 0.5 3
  11.034 1 + 2
    10.5979 0.5 4
    10.6176 0.5 3
  11.088 1 + 2
    10.6519 0.5 4
    10.6716 0.5 3

39 86 30
  0 8 - 0
  0.2081 10 - 1
    0.2081 1 0
  0.2183 16 + 1
    0.0102 1 1
  0.2428 4 - 1
    0.2428 1 0
  0.2719 2 + 1
    0.0291 1 3
  0.292 10 + 1
    0.292 1 0
  0.3022 14 - 2
    0.0839 0.076718 2
    0.0941 0.923282 1
  0.353 6 + 2
    0.1102 0.5 3
    0.353 0.5 0
  0.465 4 + 1
    0.465 1 0
  0.536 8 + 2
    0.071 0.5 8
    0.3279 0.5 1
  0.643 6 - 2
    0.178 0.5 8
    0.4349 0.5 1
  0.671 8 - 2
    0.4282 0.5 3
    0.671 0.5 0
  0.741 2 - 2
    0.098 0.5 10
    0.276 0.5 8
  0.8839 2 + 1
    0.612 1 4
  0.8863 18 + 1
    0.668 1 2
  0.978 4 + 2
    0.442 0.5 9
    0.513 0.5 8
  1.058 4 + 2
    0.522 0.5 9
    0.593 0.5 8
  1.0789 12 - 1
    0.8708 1 1
  1.156 8 - 2
    0.9132 0.5 3
    1.156 0.5 0
  1.221 10 - 2
    0.9188 0.5 6
    1.0129 0.5 1
  1.277 6 - 2
    0.812 0.5 8
    1.0689 0.5 1
  1.32539 20 + 1
    1.10709 1 2
  1.346 0 - 2
    1.0741 0.5 4
    1.1032 0.5 3
  1.393 6 + 2
    1.1502 0.5 3
    1.393 0.5 0
  1.455 4 - 2
    1.2122 0.5 3
    1.455 0.5 0
  2.2584 2 + 1
    0.93301 1 21
  2.5213 24 + 1
    1.19591 1 21
  3.1893 6 - 1
    0.668 1 26
  3.8773 28 + 1
    0.688 1 27
  4.1915 30 + 1
    0.3142 1 28

39 87 148
  0 1 - 0
  0.38082 9 + 1
    0.38082 1 0
  0.79373 5 - 1
    0.79373 1 0
  0.98289 3 - 1
    0.98289 1 0
  1.15271 5 + 1
    0.77189 1 1
  1.182 3 - 1
    1.182 1 0
  1.20301 5 - 2
    0.40928 0.0896 2
    1.20301 0.9104 0
  1.321 7 - 2
    0.33811 0.5 3
    0.94018 0.5 1
  1.40443 13 + 1
    1.02361 1 1
  1.45446 7 + 1
    1.07364 1 1
  1.504 11 + 1
    0.049535 1 9
  1.5909 11 + 1
    1.21008 1 1
  1.60831 7 + 1
    1.22749 1 1
  1.61625 5 - 2
    0.82252 0.5 2
    1.61625 0.5 0
  1.6235 7 + 3
    0.4415 0.2206 5
    0.64061 0.3905 3
    0.82977 0.3889 2
  1.62994 1 - 1
    0.83621 1 2
  1.641 1 - 2
    0.84727 0.5 2
    1.641 0.5 0
  1.7047 5 - 4
    0.50169 0.062616 6
    0.5227 0.260823 5
    0.91097 0.32973 2
    1.7047 0.346831 0
  1.719 5 - 2
    0.92527 0.5 2
    1.719 0.5 0
  1.75608 5 + 3
    0.55307 0.1532 6
    0.57408 0.3685 5
    0.96235 0.4783 2
  1.7682 9 - 1
    0.97447 1 2
  1.80164 5 - 4
    0.59863 0.111291 6
    0.61964 0.139089 5
    0.81875 0.055576 3
    1.80164 0.694045 0
  1.814 3 - 2
    0.66129 0.5 4
    0.83111 0.5 3
  1.8471 1 - 2
    0.6651 0.4014 5
    0.86421 0.5986 3
  1.97995 7 - 4
    0.525485 0.447287 9
    0.77694 0.363689 6
    0.82724 0.076328 4
    1.18622 0.112697 2
  2.0088 7 + 1
    1.21507 1 2
  2.021 7 - 2
    1.03811 0.5 3
    1.64018 0.5 1
  2.03803 15 + 2
    0.6336 0.5029 8
    1.65721 0.4971 1
  2.0728 5 - 1
    1.69198 1 1
  2.07815 5 - 2
    0.925435 0.3243 4
    1.28442 0.6757 2
  2.083 3 - 5
    0.87999 0.099395 6
    0.901 0.310984 5
    0.93029 0.099345 4
    1.10011 0.169892 3
    2.083 0.320384 0
  2.095 3 - 2
    0.94229 0.5 4
    1.11211 0.5 3
  2.1122 5 + 3
    0.657735 0.3023 9
    0.9302 0.1483 5
    0.95949 0.5494 4
  2.122 7 + 2
    0.91899 0.5 6
    1.32827 0.5 2
  2.1546 9 - 2
    0.95159 0.2797 6
    1.77378 0.7203 1
  2.1589 1 - 1
    2.1589 1 0
  2.165 9 - 2
    0.96199 0.5 6
    1.37127 0.5 2
  2.186 7 - 1
    1.39227 1 2
  2.202 7 - 2
    1.21911 0.5 3
    1.82118 0.5 1
  2.20504 7 + 5
    0.61414 0.143016 11
    0.750575 0.476252 9
    1.05233 0.157117 4
    1.41131 0.080899 2
    1.82422 0.142716 1
  2.20793 17 + 1
    0.1699 1 27
  2.209 3 - 2
    1.05629 0.5 4
    1.22611 0.5 3
  2.2106 1 - 2
    0.40896 0.3213 21
    2.2106 0.6787 0
  2.216 11 + 2
    0.712 0.5 10
    0.761535 0.5 9
  2.2414 7 + 3
    0.63309 0.4003 12
    0.786935 0.3999 9
    1.86058 0.1998 1
  2.2448 5 - 3
    0.6213 0.3703 14
    1.04179 0.4807 6
    1.45107 0.149 2
  2.249 9 - 2
    1.04599 0.5 6
    1.45527 0.5 2
  2.256 5 - 2
    1.46227 0.5 2
    2.256 0.5 0
  2.276 9 - 2
    1.07299 0.5 6
    1.48227 0.5 2
  2.27677 7 + 2
    1.07376 0.5 6
    1.48304 0.5 2
  2.27753 7 - 3
    1.07452 0.3479 6
    1.4838 0.4348 2
    1.89671 0.2173 1
  2.2923 7 + 1
    1.13959 1 4
  2.30259 13 + 3
    0.71169 0.333333 11
    0.89816 0.333333 8
    1.92177 0.333333 1
  2.314 7 + 2
    1.11099 0.5 6
    1.52027 0.5 2
  2.34484 9 - 2
    0.94041 0.5004 8
    1.96402 0.4996 1
  2.35353 7 - 2
    0.74522 0.6803 12
    0.899065 0.3197 9
  2.365 7 + 2
    1.16199 0.5 6
    1.57127 0.5 2
  2.36688 15 - 1
    0.96245 1 8
  2.4 13 - 1
    2.01918 1 1
  2.4083 3 + 1
    2.4083 1 0
  2.42805 17 + 1
    1.02362 1 8
  2.446 5 + 2
    1.46311 0.5 3
    2.06518 0.5 1
  2.449 9 - 2
    1.24599 0.5 6
    1.65527 0.5 2
  2.47905 13 - 2
    0.44102 0.2066 27
    0.88815 0.7934 11
  2.507 5 + 2
    1.52411 0.5 3
    2.12618 0.5 1
  2.531 11 - 2
    1.21 0.5 7
    2.15018 0.5 1
  2.5528 9 + 2
    1.40009 0.6667 4
    2.17198 0.3333 1
  2.5637 11 + 3
    0.9728 0.266 11
    1.15927 0.5319 8
    2.18288 0.2021 1
  2.579 3 - 2
    1.42629 0.5 4
    1.59611 0.5 3
  2.599 9 - 2
    1.39599 0.5 6
    1.80527 0.5 2
  2.6023 7 + 2
    1.80857 0.2481 2
    2.22148 0.7519 1
  2.618 3 - 2
    1.46529 0.5 4
    1.63511 0.5 3
  2.64888 15 - 1
    0.16983 1 63
  2.661 7 + 2
    1.45799 0.5 6
    1.86727 0.5 2
  2.668 5 + 2
    1.68511 0.5 3
    2.28718 0.5 1
  2.67602 17 - 2
    0.24797 0.1668 60
    0.30914 0.8332 57
  2.682 11 + 2
    1.178 0.5 10
    1.22754 0.5 9
  2.73 5 - 2
    1.93627 0.5 2
    2.73 0.5 0
  2.737 11 + 2
    1.233 0.5 10
    1.28254 0.5 9
  2.747 3 + 2
    1.95327 0.5 2
    2.747 0.5 0
  2.762 3 - 2
    1.60929 0.5 4
    1.77911 0.5 3
  2.801 3 + 2
    2.00727 0.5 2
    2.801 0.5 0
  2.8045 11 + 2
    1.3005 0.5 10
    1.35004 0.5 9
  2.808 9 + 2
    1.65529 0.5 4
    2.42718 0.5 1
  2.81778 13 - 1
    1.04958 1 20
  2.82715 21 + 1
    0.3991 1 60
  2.8295 3 - 2
    1.67679 0.5 4
    1.84661 0.5 3
  2.831 9 - 2
    1.62799 0.5 6
    2.03727 0.5 2
  2.871 11 - 2
    1.55 0.5 7
    2.49018 0.5 1
  2.901 5 - 2
    2.10727 0.5 2
    2.901 0.5 0
  2.907 5 + 2
    1.92411 0.5 3
    2.52618 0.5 1
  2.96 5 + 2
    1.97711 0.5 3
    2.57918 0.5 1
  2.96143 17 - 2
    0.28541 0.7148 75
    0.31255 0.2852 72
  2.9869 23 + 2
    0.15975 0.7468 85
    0.55885 0.2532 60
  2.995 5 + 2
    2.01211 0.5 3
    2.61418 0.5 1
  3.00632 17 - 1
    0.357445 1 72
  3.01705 7 + 2
    1.40874 0.5001 12
    2.63623 0.4999 1
  3.038 11 + 2
    1.534 0.5 10
    1.58353 0.5 9
  3.043 5 + 2
    2.06011 0.5 3
    2.66218 0.5 1
  3.057 5 + 2
    2.07411 0.5 3
    2.67618 0.5 1
  3.09 3 + 2
    2.29627 0.5 2
    3.09 0.5 0
  3.093 9 + 2
    1.94029 0.5 4
    2.71218 0.5 1
  3.0944 25 + 1
    0.1075 1 93
  3.12 7 + 2
    1.91699 0.5 6
    2.32627 0.5 2
  3.1505 13 - 2
    1.5596 0.5 11
    1.6465 0.5 10
  3.181 15 + 2
    1.5901 0.5 11
    1.677 0.5 10
  3.195 1 + 2
    2.04229 0.5 4
    2.21211 0.5 3
  3.245 9 + 2
    2.09229 0.5 4
    2.86418 0.5 1
  3.2626 9 + 2
    1.80814 0.5 9
    2.88178 0.5 1
  3.308 3 + 2
    2.51427 0.5 2
    3.308 0.5 0
  3.351 3 + 2
    2.55727 0.5 2
    3.351 0.5 0
  3.4024 19 - 2
    0.44097 0.3384 92
    0.72638 0.6616 75
  3.4052 3 + 1
    1.20016 1 39
  3.4465 1 - 1
    0.77048 1 75
  3.5 11 + 2
    1.996 0.5 10
    2.04554 0.5 9
  3.55291 23 + 1
    0.72576 1 85
  3.5952 3 - 1
    0.76805 1 85
  3.61765 25 + 1
    0.63075 1 93
  3.64 1 - 2
    2.84627 0.5 2
    3.64 0.5 0
  3.73 7 - 2
    2.74711 0.5 3
    3.34918 0.5 1
  3.7666 21 - 2
    0.3642 0.6002 111
    1.09058 0.3998 75
  3.84 11 - 2
    2.519 0.5 7
    3.45918 0.5 1
  3.9088 23 - 2
    0.1422 0.1829 120
    0.5064 0.8171 111
  4.03936 25 + 1
    0.486451 1 115
  4.2141 27 + 1
    0.174739 1 123
  4.555 23 + 2
    1.5681 0.6173 93
    1.72785 0.3827 85
  4.5641 23 - 3
    1.01119 0.2384 115
    1.1176 0.5813 113
    1.1617 0.1803 111
  4.60962 25 + 3
    0.57026 0.0568 123
    1.05671 0.5155 115
    1.78247 0.4277 85
  5.2282 25 - 3
    1.18884 0.3333 123
    1.3194 0.4274 122
    1.67529 0.2393 115
  5.28844 27 + 3
    0.678819 0.753232 127
    1.24908 0.088782 123
    1.73553 0.157986 115
  5.3196 25 - 1
    1.553 1 120
  5.4952 25 + 2
    0.940201 0.4507 125
    1.94229 0.5493 115
  5.75955 27 - 5
    0.264349 0.053818 131
    0.439949 0.060968 130
    0.53135 0.039139 128
    1.19545 0.433987 126
    1.72019 0.412088 123
  5.827 27 + 3
    0.331799 0.045419 131
    1.21738 0.662987 127
    1.78764 0.291594 123
  5.93446 29 - 5
    0.10746 0.142193 133
    0.17491 0.358082 132
    0.614859 0.072446 130
    0.64602 0.275586 129
    0.70626 0.151692 128
  6.5355 31 - 1
    0.601041 1 134
  7.0166 33 - 1
    0.4811 1 135
  10.537 5 + 2
    9.55411 0.5 3
    10.1562 0.5 1
  10.923 1 + 2
    9.77029 0.5 4
    9.94011 0.5 3
  11.468 3 + 2
    10.6743 0.5 2
    11.468 0.5 0
  11.739 1 + 2
    10.5863 0.5 4
    10.7561 0.5 3
  11.9 1 + 2
    10.7473 0.5 4
    10.9171 0.5 3
  11.966 3 + 2
    11.1723 0.5 2
    11.966 0.5 0
  12.1685 5 + 2
    11.1856 0.5 3
    11.7877 0.5 1
  12.371 3 + 2
    11.5773 0.5 2
    12.371 0.5 0
  12.661 1 + 2
    11.5083 0.5 4
    11.6781 0.5 3
  12.968 3 + 2
    12.1743 0.5 2
    12.968 0.5 0
  13.076 5 + 2
    12.0931 0.5 3
    12.6952 0.5 1

39 88 87
  0 8 - 0
  0.231929 10 - 1
    0.231929 1 0
  0.39286 2 + 1
    0.39286 1 0
  0.67455 16 + 1
    0.442621 1 1
  0.70672 4 - 2
    0.31386 0.9261 2
    0.70672 0.0739 0
  0.7095 2 + 2
    0.00278 0.5 4
    0.31664 0.5 2
  0.712 14 + 1
    0.712 1 0
  0.71516 12 + 1
    0.483231 1 1
  0.7664 0 + 1
    0.37354 1 2
  0.84318 10 + 3
    0.12802 0.575 7
    0.611251 0.2091 1
    0.84318 0.2159 0
  0.98483 8 + 2
    0.14165 0.4183 9
    0.98483 0.5817 0
  1.08821 6 - 1
    1.08821 1 0
  1.12913 10 - 1
    0.897201 1 1
  1.215 4 - 2
    0.82214 0.5 2
    1.215 0.5 0
  1.22126 2 + 1
    0.8284 1 2
  1.234 10 - 1
    1.234 1 0
  1.262 10 - 1
    1.262 1 0
  1.2753 4 + 2
    0.5089 0.7697 8
    0.88244 0.2303 2
  1.28395 10 - 2
    0.29912 0.7881 10
    1.28395 0.2119 0
  1.315 6 - 2
    0.33017 0.5 10
    1.08307 0.5 1
  1.32014 6 - 1
    1.08821 1 1
  1.4616 8 + 1
    1.22967 1 1
  1.475 6 - 2
    0.49017 0.5 10
    1.24307 0.5 1
  1.47721 18 + 1
    0.80266 1 3
  1.5708 2 - 2
    0.34954 0.7149 14
    1.17794 0.2851 2
  1.57543 2 + 1
    0.86871 1 4
  1.5959 4 - 1
    1.5959 1 0
  1.70273 8 + 1
    0.7179 1 10
  1.734 4 - 2
    1.34114 0.5 2
    1.734 0.5 0
  1.761 8 - 1
    1.761 1 0
  1.832 4 - 1
    1.832 1 0
  1.881 6 + 2
    1.48814 0.5 2
    1.881 0.5 0
  1.905 6 + 2
    1.51214 0.5 2
    1.905 0.5 0
  1.95 6 + 2
    1.55714 0.5 2
    1.95 0.5 0
  1.971 4 - 2
    1.57814 0.5 2
    1.971 0.5 0
  2.055 0 + 2
    0.7797 0.5 17
    1.2886 0.5 8
  2.121 2 - 2
    1.03279 0.5 11
    1.3546 0.5 8
  2.136 4 - 2
    1.74314 0.5 2
    2.136 0.5 0
  2.21 12 + 2
    1.53545 0.5 3
    1.97807 0.5 1
  2.252 6 + 2
    1.85914 0.5 2
    2.252 0.5 0
  2.291 4 - 2
    1.89814 0.5 2
    2.291 0.5 0
  2.305 2 + 2
    1.59828 0.5 4
    1.91214 0.5 2
  2.31252 18 + 1
    1.63797 1 3
  2.367 8 - 2
    1.66028 0.5 4
    2.367 0.5 0
  2.444 6 - 2
    1.45917 0.5 10
    2.21207 0.5 1
  2.48655 20 + 2
    1.00934 0.112 23
    1.812 0.888 3
  2.529 4 - 2
    2.13614 0.5 2
    2.529 0.5 0
  2.584 2 + 2
    1.87728 0.5 4
    2.19114 0.5 2
  2.722 0 - 2
    2.01528 0.5 4
    2.32914 0.5 2
  2.734 6 - 2
    1.74917 0.5 10
    2.50207 0.5 1
  2.764 4 - 2
    2.37114 0.5 2
    2.764 0.5 0
  2.787 2 - 2
    1.69879 0.5 11
    2.0206 0.5 8
  2.829 8 - 2
    2.12228 0.5 4
    2.829 0.5 0
  2.944 4 - 2
    2.55114 0.5 2
    2.944 0.5 0
  2.957 8 + 2
    2.24184 0.5 7
    2.72507 0.5 1
  2.997 6 - 2
    2.01217 0.5 10
    2.76507 0.5 1
  3.025 2 - 2
    1.93679 0.5 11
    2.2586 0.5 8
  3.051 0 - 2
    2.34428 0.5 4
    2.65814 0.5 2
  3.093 6 - 2
    2.10817 0.5 10
    2.86107 0.5 1
  3.122 2 - 2
    2.03379 0.5 11
    2.3556 0.5 8
  3.146 4 - 2
    2.75314 0.5 2
    3.146 0.5 0
  3.207 8 - 1
    1.72979 1 23
  3.25679 4 + 2
    0.94427 0.2958 42
    1.77958 0.7042 23
  3.262 6 + 2
    2.86914 0.5 2
    3.262 0.5 0
  3.32 12 + 2
    2.64545 0.5 3
    3.08807 0.5 1
  3.366 8 + 2
    2.65084 0.5 7
    3.13407 0.5 1
  3.628 4 + 2
    2.64317 0.5 10
    2.8616 0.5 8
  3.6524 22 - 2
    0.39561 0.2187 62
    1.16586 0.7813 45
  3.777 2 + 2
    3.07028 0.5 4
    3.38414 0.5 2
  3.857 6 + 2
    3.46414 0.5 2
    3.857 0.5 0
  3.96414 24 - 1
    0.31174 1 67
  4.028 4 + 2
    3.04317 0.5 10
    3.2616 0.5 8
  4.087 0 + 2
    2.8117 0.5 17
    3.3206 0.5 8
  4.148 2 + 2
    3.44128 0.5 4
    3.75514 0.5 2
  4.17791 26 - 1
    0.21377 1 70
  4.8239 28 - 1
    0.64599 1 74
  5.5581 30 - 1
    0.7342 1 75
  7.07 0 + 2
    5.7947 0.5 17
    6.3036 0.5 8
  8.88 4 + 2
    7.89517 0.5 10
    8.1136 0.5 8
  10.29 4 + 2
    9.30517 0.5 10
    9.5236 0.5 8
  11.418 4 + 2
    10.4332 0.5 10
    10.6516 0.5 8
  11.482 6 + 2
    11.0891 0.5 2
    11.482 0.5 0
  11.63 4 + 2
    10.6452 0.5 10
    10.8636 0.5 8
  11.909 8 + 2
    11.1938 0.5 7
    11.6771 0.5 1
  12.082 6 - 2
    11.0972 0.5 10
    11.8501 0.5 1
  12.446 8 + 2
    11.7308 0.5 7
    12.2141 0.5 1
  12.69 2 - 2
    11.6018 0.5 11
    11.9236 0.5 8

39 89 224
  0 1 - 0
  0.90897 9 + 1
    0.90897 1 0
  1.50741 3 - 1
    1.50741 1 0
  1.74474 5 - 1
    1.74474 1 0
  2.22243 5 + 2
    0.71502 0.3151 2
    1.31346 0.6849 1
  2.5298 7 + 1
    1.62083 1 1
  2.56655 11 + 1
    1.65758 1 1
  2.6221 9 + 1
    1.71313 1 1
  2.687 3 + 2
    0.94226 0.5 3
    2.687 0.5 0
  2.8717 7 + 1
    1.96273 1 1
  2.88153 3 - 1
    2.88153 1 0
  2.89298 13 + 2
    0.32643 0.01392 6
    1.98401 0.98608 1
  3.06776 3 - 2
    1.56035 0.095836 2
    3.06776 0.904164 0
  3.10726 5 - 3
    1.36252 0.090776 3
    1.59985 0.084157 2
    3.10726 0.825067 0
  3.1389 5 - 3
    0.91647 0.094264 4
    1.63149 0.126905 2
    3.1389 0.778831 0
  3.2476 5 + 2
    1.74019 0.9311 2
    3.2476 0.0689 0
  3.34344 13 - 2
    0.45046 0.058438 11
    0.77689 0.941562 6
  3.36 1 - 2
    1.61526 0.5 3
    3.36 0.5 0
  3.3961 3 + 1
    3.3961 1 0
  3.4107 5 + 1
    2.50173 1 1
  3.4453 5 - 1
    3.4453 1 0
  3.4513 7 + 1
    2.54233 1 1
  3.4803 1 - 1
    3.4803 1 0
  3.5036 7 + 2
    0.3647 0.059419 14
    1.99619 0.940581 2
  3.5159 3 - 1
    3.5159 1 0
  3.5574 5 + 3
    1.81266 0.1244 3
    2.04999 0.4975 2
    2.64843 0.3781 1
  3.56 1 - 2
    1.81526 0.5 3
    3.56 0.5 0
  3.6211 11 - 1
    2.71213 1 1
  3.6303 11 + 1
    2.72133 1 1
  3.66 3 + 1
    3.66 1 0
  3.7153 5 + 3
    0.8436 0.1474 9
    1.49287 0.379 4
    2.80633 0.4736 1
  3.7477 9 + 1
    2.83873 1 1
  3.7529 5 + 3
    0.3422 0.082173 19
    2.00816 0.679846 3
    2.84393 0.237981 1
  3.79 7 - 2
    2.28259 0.5 2
    2.88103 0.5 1
  3.81 7 - 2
    2.30259 0.5 2
    2.90103 0.5 1
  3.8483 3 - 2
    2.10356 0.8489 3
    2.34089 0.1511 2
  3.8624 3 - 2
    2.35499 0.7628 2
    3.8624 0.2372 0
  3.8986 5 + 1
    3.8986 1 0
  3.924 9 - 2
    1.3942 0.5 5
    2.17926 0.5 3
  3.9768 11 + 1
    1.447 1 5
  3.9921 3 - 1
    3.9921 1 0
  4.0153 1 + 2
    1.79287 0.4286 4
    4.0153 0.5714 0
  4.02296 3 - 5
    0.9552 0.164367 12
    1.80053 0.210358 4
    2.27822 0.221856 3
    2.51555 0.288142 2
    4.02296 0.115277 0
  4.0699 1 - 1
    4.0699 1 0
  4.1049 7 + 3
    1.5751 0.4184 5
    1.88247 0.3264 4
    3.19593 0.2552 1
  4.13222 15 - 2
    0.78878 0.329 16
    1.23924 0.671 11
  4.17131 5 - 1
    4.17131 1 0
  4.1881 5 + 2
    2.68069 0.8389 2
    3.27913 0.1611 1
  4.2304 7 + 1
    3.32143 1 1
  4.25 5 + 1
    4.25 1 0
  4.2544 15 + 1
    1.36142 1 11
  4.3093 7 - 2
    2.08687 0.8842 4
    3.40033 0.1158 1
  4.3341 9 - 1
    3.42513 1 1
  4.3547 9 - 1
    3.44573 1 1
  4.383 1 + 2
    2.16057 0.5 4
    2.87559 0.5 2
  4.4084 7 - 2
    2.90099 0.4012 2
    4.4084 0.5988 0
  4.44975 17 - 2
    0.31753 0.3352 45
    1.10631 0.6648 16
  4.4576 3 + 1
    1.9278 1 5
  4.46 1 + 2
    2.23757 0.5 4
    2.95259 0.5 2
  4.4763 5 + 1
    2.25387 1 4
  4.489 9 - 2
    1.9592 0.5 5
    2.74426 0.5 3
  4.508 7 - 2
    3.00059 0.5 2
    3.59903 0.5 1
  4.5293 3 + 1
    3.62033 1 1
  4.5375 9 - 1
    4.5375 1 0
  4.555 7 + 2
    2.0252 0.5 5
    2.81026 0.5 3
  4.588 5 + 2
    3.08059 0.5 2
    3.67903 0.5 1
  4.603 3 - 2
    2.38057 0.5 4
    3.09559 0.5 2
  4.6168 1 - 1
    4.6168 1 0
  4.636 11 + 2
    2.06945 0.5 6
    2.1062 0.5 5
  4.654 3 - 2
    2.43157 0.5 4
    3.14659 0.5 2
  4.682 7 + 2
    2.1522 0.5 5
    2.93726 0.5 3
  4.737 9 - 2
    2.2072 0.5 5
    2.99226 0.5 3
  4.77 1 + 2
    2.54757 0.5 4
    3.26259 0.5 2
  4.785 3 - 2
    2.56257 0.5 4
    3.27759 0.5 2
  4.817 5 + 2
    3.30959 0.5 2
    3.90803 0.5 1
  4.82538 17 + 3
    0.57098 0.088136 50
    0.69316 0.799956 45
    1.9324 0.111908 11
  4.831 7 - 2
    3.32359 0.5 2
    3.92203 0.5 1
  4.83859 19 - 2
    0.38884 0.6631 56
    0.70637 0.3369 45
  4.849 13 + 2
    2.2269 0.5 7
    3.94003 0.5 1
  4.862 3 - 2
    2.63957 0.5 4
    3.35459 0.5 2
  4.888 5 + 2
    3.38059 0.5 2
    3.97903 0.5 1
  4.907 9 - 2
    2.3772 0.5 5
    3.16226 0.5 3
  4.92046 19 + 2
    0.09508 0.315 75
    0.47071 0.685 56
  4.927 7 - 2
    3.41959 0.5 2
    4.01803 0.5 1
  4.954 1 + 2
    2.73157 0.5 4
    3.44659 0.5 2
  4.973 3 - 2
    2.75057 0.5 4
    3.46559 0.5 2
  4.991 5 + 1
    4.991 1 0
  5.006 5 - 2
    3.26126 0.5 3
    5.006 0.5 0
  5.026 7 + 2
    2.4962 0.5 5
    3.28126 0.5 3
  5.046 11 - 2
    2.4239 0.5 7
    4.13703 0.5 1
  5.075 1 + 2
    2.85257 0.5 4
    3.56759 0.5 2
  5.0837 3 - 1
    5.0837 1 0
  5.099 9 + 2
    2.87657 0.5 4
    4.19003 0.5 1
  5.115 7 - 2
    3.60759 0.5 2
    4.20603 0.5 1
  5.125 5 + 2
    3.61759 0.5 2
    4.21603 0.5 1
  5.1521 3 - 1
    5.1521 1 0
  5.167 9 + 2
    3.65959 0.04031 2
    5.167 0.95969 0
  5.183 1 - 2
    3.43826 0.5 3
    5.183 0.5 0
  5.211 3 - 2
    2.98857 0.5 4
    3.70359 0.5 2
  5.257 5 + 2
    3.74959 0.5 2
    4.34803 0.5 1
  5.26388 21 + 2
    0.34342 0.98482 82
    0.42529 0.01518 77
  5.275 1 + 2
    3.05257 0.5 4
    3.76759 0.5 2
  5.289 7 - 2
    3.78159 0.5 2
    4.38003 0.5 1
  5.303 5 - 2
    3.55826 0.5 3
    5.303 0.5 0
  5.30983 21 - 2
    0.47124 0.94979 77
    0.86008 0.050209 56
  5.321 3 + 2
    3.57626 0.5 3
    5.321 0.5 0
  5.343 1 + 2
    3.12057 0.5 4
    3.83559 0.5 2
  5.362 7 - 2
    3.85459 0.5 2
    4.45303 0.5 1
  5.382 1 + 2
    3.15957 0.5 4
    3.87459 0.5 2
  5.4121 19 - 1
    0.96235 1 56
  5.41868 5 + 1
    5.41868 1 0
  5.43 11 - 2
    2.8079 0.5 7
    4.52103 0.5 1
  5.455 3 + 2
    3.71026 0.5 3
    5.455 0.5 0
  5.476 9 - 2
    2.9462 0.5 5
    3.73126 0.5 3
  5.506 7 + 2
    2.9762 0.5 5
    3.76126 0.5 3
  5.542 5 - 2
    3.79726 0.5 3
    5.542 0.5 0
  5.562 3 + 2
    3.81726 0.5 3
    5.562 0.5 0
  5.582 7 - 2
    4.07459 0.5 2
    4.67303 0.5 1
  5.592 5 + 2
    4.08459 0.5 2
    4.68303 0.5 1
  5.62481 9 - 2
    4.1174 0.080037 2
    5.62481 0.919963 0
  5.631 3 + 2
    3.88626 0.5 3
    5.631 0.5 0
  5.647 11 - 2
    3.0249 0.5 7
    4.73803 0.5 1
  5.6527 5 + 1
    5.6527 1 0
  5.668 7 - 2
    4.16059 0.5 2
    4.75903 0.5 1
  5.694 3 + 2
    3.94926 0.5 3
    5.694 0.5 0
  5.725 9 - 2
    3.1952 0.5 5
    3.98026 0.5 3
  5.739 5 + 2
    4.23159 0.5 2
    4.83003 0.5 1
  5.753 7 - 2
    4.24559 0.5 2
    4.84403 0.5 1
  5.774 13 + 2
    3.1519 0.5 7
    4.86503 0.5 1
  5.7927 3 - 1
    5.7927 1 0
  5.801 1 + 2
    3.57857 0.5 4
    4.29359 0.5 2
  5.82 5 - 2
    4.07526 0.5 3
    5.82 0.5 0
  5.843 7 + 2
    3.3132 0.5 5
    4.09826 0.5 3
  5.853 3 - 2
    3.63057 0.5 4
    4.34559 0.5 2
  5.8794 19 + 1
    0.61552 1 100
  5.888 9 - 2
    3.3582 0.5 5
    4.14326 0.5 3
  5.9098 5 + 2
    3.02827 0.038462 10
    5.9098 0.961538 0
  5.9217 11 - 1
    5.9217 1 0
  5.95 3 + 2
    4.20526 0.5 3
    5.95 0.5 0
  5.981 7 - 2
    4.47359 0.5 2
    5.07203 0.5 1
  6.004 1 + 2
    3.78157 0.5 4
    4.49659 0.5 2
  6.1 5 - 2
    4.35526 0.5 3
    6.1 0.5 0
  6.1215 9 + 1
    6.1215 1 0
  6.1589 3 - 1
    0.89502 1 100
  6.1989 23 + 1
    0.93502 1 100
  6.2 7 - 2
    4.69259 0.5 2
    5.29103 0.5 1
  6.2019 5 + 1
    6.2019 1 0
  6.2068 1 - 1
    6.2068 1 0
  6.27376 3 + 1
    6.27376 1 0
  6.2961 5 - 1
    6.2961 1 0
  6.3 1 + 2
    4.07757 0.5 4
    4.79259 0.5 2
  6.3299 7 - 1
    6.3299 1 0
  6.3578 9 + 1
    6.3578 1 0
  6.3961 3 - 1
    6.3961 1 0
  6.4392 5 + 2
    2.9233 0.090909 24
    6.4392 0.909091 0
  6.4728 11 - 1
    6.4728 1 0
  6.4911 7 + 1
    6.4911 1 0
  6.5 7 - 2
    4.99259 0.5 2
    5.59103 0.5 1
  6.5294 3 + 1
    6.5294 1 0
  6.5889 5 - 1
    6.5889 1 0
  6.605 9 + 1
    6.605 1 0
  6.6744 23 + 1
    1.41052 1 100
  6.68 3 - 2
    4.45757 0.5 4
    5.17259 0.5 2
  6.75 5 - 2
    5.00526 0.5 3
    6.75 0.5 0
  6.78 7 - 2
    5.27259 0.5 2
    5.87103 0.5 1
  6.88 1 + 2
    4.65757 0.5 4
    5.37259 0.5 2
  7.1 13 + 2
    4.4779 0.5 7
    6.19103 0.5 1
  7.1837 25 + 2
    0.984801 0.2648 144
    1.91982 0.7352 100
  7.19 3 - 2
    4.96757 0.5 4
    5.68259 0.5 2
  7.1938 23 + 2
    0.9949 0.5293 144
    1.92992 0.4707 100
  7.2595 23 + 1
    1.99562 1 100
  7.3 5 - 2
    5.55526 0.5 3
    7.3 0.5 0
  7.4316 25 + 3
    0.1721 0.1996 170
    0.757201 0.2369 161
    1.2327 0.5635 144
  7.59 25 + 1
    0.3962 1 169
  7.72 1 + 2
    5.49757 0.5 4
    6.21259 0.5 2
  7.8346 27 + 3
    0.2446 0.1527 173
    0.402999 0.588 172
    0.650899 0.2593 167
  8.05 5 - 2
    6.30526 0.5 3
    8.05 0.5 0
  8.2642 29 + 1
    0.4296 1 175
  8.37 3 - 2
    6.14757 0.5 4
    6.86259 0.5 2
  8.664 9 - 1
    8.664 1 0
  8.7204 31 + 1
    0.456201 1 177
  10.937 5 + 4
    9.19226 0.177102 3
    9.42959 0.244802 2
    10.028 0.057291 1
    10.937 0.520805 0
  12 7 - 2
    10.4926 0.5 2
    11.091 0.5 1
  12.0704 5 + 2
    10.563 0.5 2
    11.1614 0.5 1
  13.0644 1 + 2
    10.842 0.5 4
    11.557 0.5 2
  13.8 3 - 2
    11.5776 0.5 4
    12.2926 0.5 2
  13.9854 5 + 2
    12.478 0.5 2
    13.0764 0.5 1
  14 7 - 2
    12.4926 0.5 2
    13.091 0.5 1
  14.0544 3 + 2
    12.3097 0.5 3
    14.0544 0.5 0
  14.3634 1 - 2
    12.6187 0.5 3
    14.3634 0.5 0
  14.4864 3 + 2
    12.7417 0.5 3
    14.4864 0.5 0
  14.6494 3 - 2
    12.427 0.5 4
    13.142 0.5 2
  14.7 9 - 2
    12.1702 0.5 5
    12.9553 0.5 3
  14.7754 7 + 2
    12.2456 0.5 5
    13.0307 0.5 3
  14.8274 11 - 2
    12.2053 0.5 7
    13.9184 0.5 1
  14.9064 7 - 2
    13.399 0.5 2
    13.9974 0.5 1
  15 5 - 2
    13.2553 0.5 3
    15 0.5 0
  15.0854 9 - 2
    12.5556 0.5 5
    13.3407 0.5 3
  15.1704 3 + 2
    13.4257 0.5 3
    15.1704 0.5 0
  15.2874 5 + 2
    13.78 0.5 2
    14.3784 0.5 1
  15.3174 11 - 2
    12.6953 0.5 7
    14.4084 0.5 1
  15.4724 7 - 2
    13.965 0.5 2
    14.5634 0.5 1
  15.7814 7 - 2
    14.274 0.5 2
    14.8724 0.5 1
  15.8314 1 + 2
    13.609 0.5 4
    14.324 0.5 2
  16.1214 1 + 2
    13.899 0.5 4
    14.614 0.5 2
  16.2414 9 - 2
    13.7116 0.5 5
    14.4967 0.5 3
  16.3114 5 - 2
    14.5667 0.5 3
    16.3114 0.5 0
  16.5214 3 - 2
    14.299 0.5 4
    15.014 0.5 2
  16.6014 5 + 2
    15.094 0.5 2
    15.6924 0.5 1
  16.6414 9 - 2
    14.1116 0.5 5
    14.8967 0.5 3
  16.7114 5 - 2
    14.9667 0.5 3
    16.7114 0.5 0
  16.7314 1 + 2
    14.509 0.5 4
    15.224 0.5 2
  16.7614 3 + 2
    15.0167 0.5 3
    16.7614 0.5 0
  16.79 7 - 2
    15.2826 0.5 2
    15.881 0.5 1
  16.9114 7 - 2
    15.404 0.5 2
    16.0024 0.5 1
  17 3 + 2
    15.2553 0.5 3
    17 0.5 0
  17.1214 11 + 2
    14.5549 0.5 6
    14.5916 0.5 5
  17.4214 1 + 2
    15.199 0.5 4
    15.914 0.5 2
  17.5014 5 - 2
    15.7567 0.5 3
    17.5014 0.5 0
  18.7714 9 - 2
    16.2416 0.5 5
    17.0267 0.5 3
  20.0714 3 + 2
    18.3267 0.5 3
    20.0714 0.5 0
  21.4714 5 - 2
    19.7267 0.5 3
    21.4714 0.5 0
  21.5 7 + 2
    18.9702 0.5 5
    19.7553 0.5 3
  28 3 - 2
    25.7776 0.5 4
    26.4926 0.5 2

39 90 169
  0 4 - 0
  0.202501 6 - 1
    0.202501 1 0
  0.68167 14 + 2
    0.479169 0.996813 1
    0.68167 0.003187 0
  0.776599 4 + 2
    0.574098 0.2064 1
    0.776599 0.7936 0
  0.953518 4 + 3
    0.176919 0.372085 3
    0.751017 0.040538 1
    0.953518 0.587376 0
  1.04687 10 + 1
    0.3652 1 2
  1.18969 14 - 2
    0.14282 0.1665 5
    0.236172 0.8335 4
  1.21159 0 - 1
    1.21159 1 0
  1.2982 12 + 2
    0.25133 0.048252 5
    0.61653 0.951748 2
  1.37114 2 - 3
    0.15955 0.005598 7
    1.16864 0.1066 1
    1.37114 0.887802 0
  1.41659 4 - 2
    1.21409 0.3243 1
    1.41659 0.6757 0
  1.5619 8 - 2
    0.51503 0.5 5
    1.5619 0.5 0
  1.57167 6 - 3
    0.618152 0.01039 4
    1.36917 0.442904 1
    1.57167 0.546705 0
  1.64092 2 - 4
    0.26978 0.043141 9
    0.42933 0.098142 7
    0.864321 0.160603 3
    1.64092 0.698114 0
  1.76099 4 - 2
    1.55849 0.6711 1
    1.76099 0.3289 0
  1.81102 4 - 2
    1.60852 0.4819 1
    1.81102 0.5181 0
  1.81515 2 + 3
    0.60356 0.01722 7
    1.03855 0.02678 3
    1.81515 0.956 0
  1.9621 10 + 3
    0.6639 0.2982 8
    0.77241 0.3513 6
    0.91523 0.3505 5
  2.0214 8 + 2
    1.2448 0.5 3
    1.8189 0.5 1
  2.0857 12 + 2
    0.7875 0.5557 8
    0.89601 0.4443 6
  2.13351 2 + 5
    0.71692 0.027982 10
    0.76237 0.404124 9
    0.92192 0.030642 7
    1.35691 0.444027 3
    2.13351 0.093226 0
  2.1794 4 - 2
    0.96781 0.5 7
    2.1794 0.5 0
  2.19612 4 - 6
    0.38097 0.054715 16
    0.82498 0.022942 9
    1.2426 0.191017 4
    1.41952 0.087338 3
    1.99362 0.098239 1
    2.19612 0.545749 0
  2.21676 16 + 1
    1.53509 1 2
  2.2405 10 + 2
    0.9423 0.5556 8
    1.19363 0.4444 5
  2.24431 4 - 4
    1.03272 0.089931 7
    1.29079 0.078661 4
    1.46771 0.269703 3
    2.24431 0.561706 0
  2.313 2 + 2
    1.10141 0.5 7
    2.313 0.5 0
  2.3274 6 + 2
    1.28053 0.5 5
    2.3274 0.5 0
  2.36598 2 - 6
    0.60499 0.463677 14
    0.72506 0.056067 13
    0.79431 0.277986 12
    0.99484 0.052787 9
    2.16348 0.061087 1
    2.36598 0.088396 0
  2.45526 18 + 1
    0.2385 1 23
  2.47594 4 - 8
    0.71495 0.007298 14
    0.83502 0.028521 13
    0.90427 0.01194 12
    1.05935 0.033151 10
    1.1048 0.033151 9
    1.26435 0.070922 7
    2.27344 0.662615 1
    2.47594 0.152403 0
  2.49549 4 - 6
    0.68034 0.064126 16
    0.92382 0.034208 12
    1.0789 0.081224 10
    1.54197 0.102593 4
    2.29299 0.42727 1
    2.49549 0.29058 0
  2.50463 4 - 9
    0.68948 0.024791 16
    0.69361 0.028621 15
    0.74364 0.008268 14
    1.08804 0.095333 10
    1.13349 0.027331 9
    1.29304 0.01398 7
    1.55111 0.027951 4
    2.30213 0.138504 1
    2.50463 0.63522 0
  2.5209 12 + 2
    1.2227 0.5 8
    1.33121 0.5 6
  2.5584 6 - 2
    1.7818 0.5 3
    2.3559 0.5 1
  2.5902 6 - 2
    1.8136 0.5 3
    2.3877 0.5 1
  2.62401 2 - 3
    0.86302 0.070147 14
    1.84741 0.042588 3
    2.62401 0.887264 0
  2.63194 4 - 4
    0.87095 0.1134 14
    1.06027 0.0867 12
    1.85534 0.1333 3
    2.42944 0.6666 1
  2.66328 4 - 3
    1.45169 0.083354 7
    2.46078 0.222211 1
    2.66328 0.694435 0
  2.6781 6 - 2
    1.9015 0.5 3
    2.4756 0.5 1
  2.7026 8 + 2
    1.926 0.5 3
    2.5001 0.5 1
  2.71937 4 - 6
    0.90422 0.042257 16
    1.30278 0.061046 10
    1.34823 0.061046 9
    1.50778 0.248785 7
    1.94277 0.469472 3
    2.71937 0.117393 0
  2.7459 14 - 1
    1.69903 1 5
  2.74925 6 - 8
    0.93823 0.01301 15
    0.98826 0.00897 14
    1.17758 0.01211 12
    1.33266 0.05515 10
    1.37811 0.04349 9
    1.97265 0.02017 3
    2.54675 0.3989 1
    2.74925 0.4482 0
  2.7554 6 - 2
    1.9788 0.5 3
    2.5529 0.5 1
  2.75808 2 - 8
    0.99709 0.105702 14
    1.11716 0.040661 13
    1.18641 0.230405 12
    1.34149 0.02439 10
    1.38694 0.035231 9
    1.54649 0.165303 7
    2.55558 0.127303 1
    2.75808 0.271005 0
  2.7846 8 + 2
    2.008 0.5 3
    2.5821 0.5 1
  2.8197 2 - 2
    2.0431 0.5 3
    2.6172 0.5 1
  2.83832 4 - 4
    0.70481 0.026529 20
    1.02317 0.257292 16
    1.8848 0.32049 4
    2.83832 0.395688 0
  2.84742 2 - 5
    1.08643 0.053808 14
    1.2065 0.215191 13
    1.63583 0.134495 7
    2.07082 0.058628 3
    2.84742 0.537879 0
  2.85936 4 - 5
    1.09837 0.065067 14
    1.64777 0.060968 7
    1.90584 0.105696 4
    2.65686 0.406484 1
    2.85936 0.361786 0
  2.8704 6 - 2
    2.0938 0.5 3
    2.6679 0.5 1
  2.905 8 + 2
    2.1284 0.5 3
    2.7025 0.5 1
  2.9328 6 - 2
    2.1562 0.5 3
    2.7303 0.5 1
  2.938 4 - 4
    1.12698 0.2414 15
    1.17701 0.2069 14
    1.52141 0.2069 10
    1.98448 0.3448 4
  2.98611 2 - 7
    0.78999 0.131595 22
    1.17096 0.072157 16
    1.34519 0.115995 13
    1.61497 0.079877 9
    2.03259 0.25769 4
    2.78361 0.128795 1
    2.98611 0.213891 0
  2.99236 4 - 6
    0.74805 0.029111 25
    1.18134 0.021821 15
    1.23137 0.076692 14
    1.78077 0.66092 7
    2.78986 0.171805 1
    2.99236 0.039651 0
  3.0023 6 - 2
    2.2257 0.2857 3
    3.0023 0.7143 0
  3.02309 4 - 6
    0.77878 0.127006 25
    1.20794 0.109105 16
    1.45142 0.091455 12
    2.06957 0.238912 4
    2.82059 0.138607 1
    3.02309 0.294915 0
  3.04349 4 + 6
    1.40257 0.103993 13
    1.47182 0.110092 12
    1.6269 0.183487 10
    2.08997 0.082564 4
    2.84099 0.305779 1
    3.04349 0.214085 0
  3.0482 8 - 1
    3.0482 1 0
  3.09755 20 + 1
    0.64229 1 29
  3.1195 8 + 2
    2.3429 0.5 3
    2.917 0.5 1
  3.1371 0 + 2
    2.18358 0.5 4
    2.3605 0.5 3
  3.14385 10 + 4
    1.72726 0.460205 10
    2.19033 0.271503 4
    2.94135 0.243902 1
    3.14385 0.02439 0
  3.16022 2 - 4
    0.91591 0.057253 25
    1.39923 0.123606 14
    1.5193 0.169008 13
    3.16022 0.650132 0
  3.2039 8 + 2
    2.4273 0.5 3
    3.0014 0.5 1
  3.27 6 + 2
    2.22313 0.5 5
    3.27 0.5 0
  3.3095 6 - 2
    2.5329 0.5 3
    3.107 0.5 1
  3.31242 0 + 8
    0.64914 0.027431 38
    0.83648 0.025321 30
    1.49727 0.094945 16
    1.55143 0.068573 14
    1.6715 0.026371 13
    1.89583 0.527426 10
    3.10992 0.171909 1
    3.31242 0.058023 0
  3.3423 8 + 2
    2.5657 0.5 3
    3.1398 0.5 1
  3.3543 10 + 2
    2.30743 0.5 5
    2.67263 0.5 2
  3.40487 0 + 5
    0.90938 0.1729 31
    1.98828 0.339 10
    2.62827 0.1186 3
    3.20237 0.1559 1
    3.40487 0.2136 0
  3.4134 8 + 2
    2.6368 0.5 3
    3.2109 0.5 1
  3.4388 2 + 2
    2.22721 0.5 7
    3.4388 0.5 0
  3.4691 6 + 7
    0.63078 0.058029 48
    0.74973 0.120898 41
    0.83716 0.067699 37
    0.84509 0.091878 36
    2.51558 0.48359 4
    3.2666 0.130997 1
    3.4691 0.046909 0
  3.47606 10 + 11
    0.62864 0.022138 49
    0.63774 0.028887 48
    0.75669 0.097181 41
    0.84412 0.035097 37
    0.97143 0.037797 32
    0.98057 0.020248 31
    1.83514 0.11609 13
    2.10492 0.269976 9
    2.26447 0.210581 7
    2.69946 0.036717 3
    3.47606 0.125289 0
  3.49 2 + 2
    2.27841 0.5 7
    3.49 0.5 0
  3.4968 6 - 2
    2.7202 0.5 3
    3.2943 0.5 1
  3.5226 8 + 2
    2.746 0.5 3
    3.3201 0.5 1
  3.5344 0 + 2
    2.58088 0.5 4
    2.7578 0.5 3
  3.55572 6 + 14
    0.69636 0.032609 50
    0.7174 0.00528 48
    0.92378 0.006832 37
    1.18974 0.007764 28
    1.3596 0.108696 22
    1.42221 0.030119 20
    1.7447 0.018319 15
    1.79473 0.018009 14
    1.9148 0.077637 13
    2.13913 0.310589 10
    2.18458 0.161494 9
    2.77912 0.020499 3
    3.35322 0.025159 1
    3.55572 0.176994 0
  3.57451 2 - 12
    0.71515 0.008164 50
    0.81643 0.069957 45
    0.85514 0.017099 41
    0.94257 0.042738 37
    1.06988 0.097116 32
    1.3302 0.016309 25
    1.441 0.023299 20
    1.93359 0.163093 13
    2.00284 0.085026 12
    2.36292 0.388283 7
    2.79791 0.030289 3
    3.57451 0.058627 0
  3.5845 10 + 2
    2.53763 0.5 5
    2.90283 0.5 2
  3.5929 8 + 2
    2.8163 0.5 3
    3.3904 0.5 1
  3.6021 2 - 14
    0.74274 0.017002 50
    0.75468 0.026333 49
    0.84402 0.038295 45
    0.88273 4.1e-05 41
    0.88273 0.019152 41
    0.97016 0.038295 37
    0.97809 0.062217 36
    1.79108 0.100412 15
    1.96118 0.026303 13
    2.03043 0.105213 12
    2.23096 0.112413 9
    2.64858 0.124315 4
    3.3996 0.090881 1
    3.6021 0.239129 0
  3.625 2 + 2
    2.41341 0.5 7
    3.625 0.5 0
  3.6277 2 - 11
    0.96442 0.154505 38
    1.13221 0.088273 31
    1.15176 0.057932 30
    1.38339 0.060682 25
    1.49419 0.021511 20
    1.81255 0.143404 16
    1.86671 0.026191 14
    1.98678 0.024821 13
    2.25656 0.275708 9
    2.41611 0.074452 7
    3.6277 0.072522 0
  3.6442 6 + 2
    2.59733 0.5 5
    3.6442 0.5 0
  3.6673 8 + 2
    2.8907 0.5 3
    3.4648 0.5 1
  3.68523 6 + 14
    0.69287 0.082722 56
    0.69912 0.044311 55
    0.84691 0.044311 48
    0.96586 0.103402 41
    1.31925 0.053181 28
    1.44092 0.038401 25
    1.48911 0.067951 22
    1.87008 0.076812 16
    2.04431 0.038701 13
    2.26864 0.038701 10
    2.31409 0.028661 9
    2.47364 0.295406 7
    2.73171 0.026881 4
    2.90863 0.060561 3
  3.69232 2 - 6
    0.64883 0.052399 59
    0.66923 0.112399 58
    0.83296 0.059899 50
    2.32118 0.336597 9
    2.91572 0.373996 3
    3.69232 0.064709 0
  3.7361 10 + 2
    2.68923 0.5 5
    3.05443 0.5 2
  3.7578 12 + 2
    2.4596 0.5 8
    2.56811 0.5 6
  3.7921 6 - 2
    3.0155 0.5 3
    3.5896 0.5 1
  3.8013 2 - 2
    3.0247 0.5 3
    3.5988 0.5 1
  3.8336 0 + 2
    2.88008 0.5 4
    3.057 0.5 3
  3.8587 6 - 2
    3.0821 0.5 3
    3.6562 0.5 1
  3.8814 6 - 2
    3.1048 0.5 3
    3.6789 0.5 1
  3.9072 2 - 2
    3.1306 0.5 3
    3.7047 0.5 1
  3.93448 2 - 8
    0.89099 0.027741 59
    0.94837 0.055501 55
    1.43899 0.103402 31
    1.5685 0.252105 28
    2.56334 0.083202 9
    2.72289 0.166403 7
    3.73198 0.099842 1
    3.93448 0.211804 0
  3.9425 8 + 2
    3.1659 0.5 3
    3.74 0.5 1
  3.95355 4 + 11
    0.79333 0.229118 65
    1.32161 0.073336 37
    1.32954 0.043543 36
    1.58757 0.052704 28
    1.75743 0.12601 22
    2.14253 0.187915 15
    2.31263 0.089377 13
    2.38188 0.032083 12
    2.74196 0.032083 7
    3.75105 0.038273 1
    3.95355 0.095558 0
  3.9723 8 + 2
    3.1957 0.5 3
    3.7698 0.5 1
  3.9804 6 - 2
    3.2038 0.5 3
    3.7779 0.5 1
  3.9964 10 + 2
    2.94953 0.5 5
    3.31473 0.5 2
  4.0155 4 + 2
    3.2389 0.5 3
    3.813 0.5 1
  4.0242 6 - 2
    3.2476 0.5 3
    3.8217 0.5 1
  4.03756 0 + 12
    0.89371 0.074745 64
    1.19014 0.029902 49
    1.27948 0.121408 45
    1.28831 0.065405 43
    1.53293 0.050454 32
    1.56162 0.089696 30
    1.67158 0.042973 28
    1.84144 0.022422 22
    2.39664 0.123309 13
    2.46589 0.024662 12
    2.82597 0.168212 7
    3.26096 0.186813 3
  4.0515 6 - 2
    3.2749 0.5 3
    3.849 0.5 1
  4.065 8 + 2
    3.2884 0.5 3
    3.8625 0.5 1
  4.0803 4 + 2
    3.3037 0.5 3
    3.8778 0.5 1
  4.10052 10 + 10
    0.63142 0.029729 75
    1.09822 0.032429 57
    1.47651 0.070267 36
    1.60503 0.089186 31
    1.62458 0.099996 30
    1.96701 0.070267 20
    2.28537 0.189192 16
    2.4596 0.086487 13
    2.88893 0.270289 7
    3.32392 0.062158 3
  4.1275 2 - 2
    3.3509 0.5 3
    3.925 0.5 1
  4.14 4 + 2
    3.3634 0.5 3
    3.9375 0.5 1
  4.16132 8 + 8
    1.13823 0.031691 58
    1.30196 0.045772 50
    1.323 0.035211 48
    1.79534 0.080993 28
    1.9652 0.147906 22
    2.34617 0.123205 16
    2.5204 0.183107 13
    4.16132 0.352114 0
  4.1668 12 - 2
    3.11993 0.5 5
    3.48513 0.5 2
  4.1977 4 + 2
    3.4211 0.5 3
    3.9952 0.5 1
  4.21082 0 - 9
    1.0506 0.086967 65
    1.18773 0.111809 58
    1.46157 0.039343 43
    1.58681 0.047624 36
    1.96651 0.101408 25
    2.07731 0.153212 20
    2.3998 0.196716 15
    2.63915 0.055904 12
    4.21082 0.207017 0
  4.21273 22 + 1
    1.11518 1 61
  4.2197 4 - 2
    3.00811 0.5 7
    4.2197 0.5 0
  4.26738 8 + 11
    0.69287 0.0661 82
    0.86251 0.03462 72
    1.10716 0.08499 65
    1.28127 0.1007 55
    1.42906 0.02329 48
    1.64337 0.107 36
    1.77189 0.1983 31
    2.45223 0.01952 16
    2.89624 0.01952 9
    3.49078 0.03116 3
    4.26738 0.3148 0
  4.2886 10 - 2
    3.09891 0.5 6
    4.0861 0.5 1
  4.3023 6 + 2
    3.25543 0.5 5
    4.3023 0.5 0
  4.32507 12 - 8
    0.72297 0.159914 85
    1.18122 0.063316 64
    1.28158 0.33323 59
    1.30198 0.11661 58
    1.82958 0.056655 31
    2.12895 0.083317 22
    2.50992 0.11331 16
    4.12257 0.073647 1
  4.3412 4 + 2
    3.5646 0.5 3
    4.1387 0.5 1
  4.3528 8 - 2
    3.30593 0.5 5
    4.3528 0.5 0
  4.3779 2 - 2
    3.6013 0.5 3
    4.1754 0.5 1
  4.4113 6 + 2
    3.36443 0.5 5
    4.4113 0.5 0
  4.4257 4 + 2
    3.6491 0.5 3
    4.2232 0.5 1
  4.45158 10 - 11
    0.895861 0.118107 81
    0.975521 0.020851 76
    1.42849 0.16911 58
    1.73221 0.134408 41
    2.0856 0.028722 28
    2.63643 0.15981 16
    2.69059 0.013671 14
    2.81066 0.057913 13
    3.23999 0.019231 7
    3.49806 0.231614 4
    3.67498 0.046563 3
  4.4821 6 + 2
    3.43523 0.5 5
    4.4821 0.5 0
  4.5047 8 - 2
    3.45783 0.5 5
    4.5047 0.5 0
  4.51595 0 + 8
    0.96023 0.026271 81
    1.03989 0.114605 76
    1.79658 0.191108 41
    2.38244 0.033441 20
    2.87503 0.23881 13
    2.94428 0.121805 12
    3.14481 0.205408 9
    4.31345 0.068553 1
  4.51883 24 + 2
    0.3061 0.407 119
    1.42128 0.593 61
  4.52966 4 - 8
    1.06056 0.045 75
    1.12479 0.0875 72
    1.21724 0.11 69
    1.54355 0.25 55
    1.69134 0.0275 48
    2.03417 0.12 31
    2.28535 0.245 25
    4.52966 0.115 0
  4.53314 6 - 9
    0.93104 0.041602 85
    1.12827 0.031772 72
    1.67378 0.109707 50
    1.86986 0.102106 38
    2.0572 0.029502 30
    2.33702 0.064304 22
    2.39963 0.181511 20
    3.57962 0.061274 4
    4.53314 0.378223 0
  4.548 8 + 2
    3.7714 0.5 3
    4.3455 0.5 1
  4.5585 4 - 2
    3.34691 0.5 7
    4.5585 0.5 0
  4.572 10 + 2
    3.52513 0.5 5
    3.89033 0.5 2
  4.5873 2 - 2
    3.8107 0.5 3
    4.3848 0.5 1
  4.6195 6 + 2
    3.57263 0.5 5
    4.6195 0.5 0
  4.6368 4 - 2
    3.42521 0.5 7
    4.6368 0.5 0
  4.6454 0 + 2
    3.69188 0.5 4
    3.8688 0.5 3
  4.6561 8 - 2
    3.60923 0.5 5
    4.6561 0.5 0
  4.6628 6 - 2
    3.8862 0.5 3
    4.4603 0.5 1
  4.6726 6 - 2
    3.896 0.5 3
    4.4701 0.5 1
  4.6858 2 - 2
    3.9092 0.5 3
    4.4833 0.5 1
  4.6942 4 + 2
    3.9176 0.5 3
    4.4917 0.5 1
  4.713 12 + 2
    3.4148 0.5 8
    3.52331 0.5 6
  4.7254 10 + 2
    3.67853 0.5 5
    4.04373 0.5 2
  4.7352 8 + 2
    3.9586 0.5 3
    4.5327 0.5 1
  4.7494 4 - 2
    3.53781 0.5 7
    4.7494 0.5 0
  4.7771 2 + 2
    3.56551 0.5 7
    4.7771 0.5 0
  4.7847 6 - 2
    4.0081 0.5 3
    4.5822 0.5 1
  4.8029 4 + 2
    4.0263 0.5 3
    4.6004 0.5 1
  4.8147 2 - 2
    4.0381 0.5 3
    4.6122 0.5 1
  4.8227 8 + 2
    4.0461 0.5 3
    4.6202 0.5 1
  4.83507 0 - 16
    0.67375 0.041789 115
    0.88152 0.043529 102
    1.14275 0.038309 91
    1.4302 0.053978 72
    1.69122 0.031339 64
    1.84271 0.027859 56
    2.20313 0.174095 37
    2.46909 0.031339 28
    2.70156 0.158495 20
    3.07408 0.033779 14
    3.19415 0.080098 13
    3.2634 0.064428 12
    3.62348 0.046839 7
    3.88155 0.01045 4
    4.05847 0.099247 3
    4.83507 0.064428 0
  4.8659 6 + 2
    3.81903 0.5 5
    4.8659 0.5 0
  4.8814 4 - 2
    3.66981 0.5 7
    4.8814 0.5 0
  4.8954 10 + 2
    3.84853 0.5 5
    4.21373 0.5 2
  4.9148 2 - 2
    4.1382 0.5 3
    4.7123 0.5 1
  4.9273 8 + 2
    4.1507 0.5 3
    4.7248 0.5 1
  4.9401 6 - 2
    4.1635 0.5 3
    4.7376 0.5 1
  4.9532 2 - 2
    4.1766 0.5 3
    4.7507 0.5 1
  4.9712 4 + 2
    4.1946 0.5 3
    4.7687 0.5 1
  4.986 12 + 2
    3.6878 0.5 8
    3.79631 0.5 6
  4.9979 4 - 2
    3.78631 0.5 7
    4.9979 0.5 0

39 91 49
  0 1 - 0
  0.55558 9 + 1
    0.55558 1 0
  0.65302 3 - 1
    0.65302 1 0
  0.92574 5 - 2
    0.27272 0.064881 2
    0.92574 0.935119 0
  1.18688 7 - 3
    0.26114 0.417904 3
    0.53386 0.071191 2
    0.6313 0.510905 1
  1.30539 5 + 5
    0.11851 0.002913 4
    0.37965 0.005481 3
    0.65237 0.110809 2
    0.74981 0.880172 1
    1.30539 0.000625 0
  1.47369 3 - 2
    0.82067 0.49 2
    1.47369 0.51 0
  1.5459 5 - 4
    0.35902 0.025719 4
    0.62016 0.904464 3
    0.89288 0.035779 2
    1.5459 0.034039 0
  1.547 7 - 2
    0.89398 0.5 2
    0.99142 0.5 1
  1.57993 7 + 4
    0.27454 0.029959 5
    0.39305 0.00144 4
    0.65419 0.01054 3
    1.02435 0.958062 1
  1.98041 5 - 4
    0.50672 0.1173 6
    0.79353 0.1714 4
    1.05467 0.6033 3
    1.32739 0.108 2
  2.06662 5 + 7
    0.48669 0.03878 9
    0.52072 0.01605 7
    0.59293 0.04529 6
    0.76123 0.277003 5
    0.87974 0.090071 4
    1.14088 0.061301 3
    1.4136 0.471505 2
  2.1291 3 - 1
    0.82371 1 5
  2.158 3 - 2
    0.97112 0.5 4
    1.50498 0.5 2
  2.20676 5 - 6
    0.62683 0.029659 9
    0.66086 0.068219 7
    0.90137 0.063089 5
    1.28102 0.630887 3
    1.55374 0.01135 2
    1.65118 0.196796 1
  2.27934 5 + 4
    0.97395 0.169095 5
    1.3536 0.098717 3
    1.62632 0.056108 2
    1.72376 0.67608 1
  2.41215 3 - 2
    1.48641 0.7519 3
    2.41215 0.2481 0
  2.471 3 - 2
    1.28412 0.5 4
    1.81798 0.5 2
  2.53 5 - 2
    1.60426 0.5 3
    2.53 0.5 0
  2.568 1 - 2
    1.64226 0.5 3
    2.568 0.5 0
  2.57213 5 + 3
    0.9922 0.8614 9
    1.64639 0.0594 3
    2.01655 0.0792 1
  2.631 9 + 2
    1.44412 0.5 4
    2.07542 0.5 1
  2.689 7 - 2
    2.03598 0.5 2
    2.13342 0.5 1
  2.78 9 + 2
    1.59312 0.5 4
    2.22442 0.5 1
  2.822 11 + 1
    1.24207 1 9
  2.96 3 - 2
    1.77312 0.5 4
    2.30698 0.5 2
  2.98 1 - 2
    2.05426 0.5 3
    2.98 0.5 0
  3.045 1 - 2
    2.11926 0.5 3
    3.045 0.5 0
  3.1 9 - 2
    1.5541 0.5 7
    2.17426 0.5 3
  3.196 7 + 2
    1.6501 0.5 7
    2.27026 0.5 3
  3.227 11 + 2
    0.405 0.5 24
    1.64707 0.5 9
  3.284 13 + 2
    0.653 0.5 21
    2.72842 0.5 1
  3.32 7 + 2
    1.7741 0.5 7
    2.39426 0.5 3
  3.353 15 + 2
    0.126 0.5 30
    0.531 0.5 24
  3.414 1 + 2
    2.10861 0.5 5
    2.76098 0.5 2
  3.445 11 + 2
    0.623 0.5 24
    1.86507 0.5 9
  3.502 7 + 2
    1.9561 0.5 7
    2.57626 0.5 3
  3.544 3 + 2
    2.61826 0.5 3
    3.544 0.5 0
  3.611 9 + 2
    2.42412 0.5 4
    3.05542 0.5 1
  3.684 13 + 2
    1.053 0.5 21
    3.12842 0.5 1
  3.751 3 + 2
    2.82526 0.5 3
    3.751 0.5 0
  3.793 7 - 2
    3.13998 0.5 2
    3.23742 0.5 1
  3.839 1 + 2
    2.53361 0.5 5
    3.18598 0.5 2
  3.87 5 - 2
    2.94426 0.5 3
    3.87 0.5 0
  3.938 9 + 2
    2.75112 0.5 4
    3.38242 0.5 1
  3.966 3 - 2
    2.77912 0.5 4
    3.31298 0.5 2
  4.096 7 + 2
    2.5501 0.5 7
    3.17026 0.5 3
  4.225 1 - 2
    3.29926 0.5 3
    4.225 0.5 0
  4.451 5 + 2
    3.79798 0.5 2
    3.89542 0.5 1

39 92 16
  0 4 - 0
  0.24156 0 - 1
    0.24156 1 0
  0.31 6 - 1
    0.31 1 0
  0.43051 4 - 1
    0.43051 1 0
  0.78 2 - 1
    0.47 1 2
  0.89256 8 - 2
    0.651 0.8197 1
    0.89256 0.1803 0
  1.03 10 - 1
    0.72 1 2
  1.31 12 - 1
    0.41744 1 5
  1.3839 2 + 4
    0.49134 0.002888 5
    0.95339 0.03644 3
    1.14234 0.02888 1
    1.3839 0.931793 0
  1.49 6 + 2
    1.05949 0.5 3
    1.49 0.5 0
  1.69 8 + 2
    0.66 0.5 6
    1.38 0.5 2
  1.89 4 + 2
    1.11 0.5 4
    1.58 0.5 2
  2.07 6 + 2
    1.63949 0.5 3
    2.07 0.5 0
  2.3 14 + 1
    0.99 1 7
  2.44 2 + 2
    2.19844 0.5 1
    2.44 0.5 0
  2.9 10 + 2
    1.59 0.5 7
    2.00744 0.5 5

39 93 45
  0 1 - 0
  0.59022 3 - 1
    0.59022 1 0
  0.758719 9 + 1
    0.168499 1 1
  0.87588 5 - 2
    0.28566 0.01109 1
    0.87588 0.98891 0
  1.13597 3 + 3
    0.26009 0.789684 3
    0.377251 0.168697 2
    0.54575 0.041619 1
  1.2779 3 + 2
    0.68768 0.4351 1
    1.2779 0.5649 0
  1.30052 3 + 3
    0.42464 0.011391 3
    0.541801 0.032562 2
    0.7103 0.956048 1
  1.30856 1 - 3
    0.43268 0.4397 3
    0.71834 0.442 1
    1.30856 0.1183 0
  1.5427 1 + 3
    0.40673 0.741593 4
    0.95248 0.184598 1
    1.5427 0.073809 0
  1.55042 13 + 1
    0.791701 1 2
  1.64704 3 + 3
    0.34652 0.123593 6
    0.77116 0.043957 3
    0.888321 0.83245 2
  1.69578 1 - 2
    0.55981 0.5781 4
    1.10556 0.4219 1
  1.78639 1 - 4
    0.65042 0.091738 4
    0.91051 0.397292 3
    1.19617 0.472691 1
    1.78639 0.038279 0
  1.85267 7 - 2
    0.7167 0.1457 4
    1.09395 0.8543 2
  1.91142 3 - 4
    0.6109 0.272792 6
    0.63352 0.027279 5
    1.03554 0.050648 3
    1.3212 0.64928 1
  2 5 + 2
    1.24128 0.5 2
    1.40978 0.5 1
  2.05656 5 - 2
    1.18068 0.7043 3
    1.46634 0.2957 1
  2.07 11 - 2
    0.51958 0.5 9
    1.31128 0.5 2
  2.09135 9 + 4
    0.78279 0.063737 7
    0.79083 0.075606 6
    1.21547 0.723264 3
    1.33263 0.137393 2
  2.09327 7 + 3
    0.44623 0.75757 10
    0.78471 0.024239 7
    1.33455 0.218191 2
  2.12912 7 - 3
    0.58642 0.684968 8
    1.5389 0.157516 1
    2.12912 0.157516 0
  2.2 5 + 2
    1.44128 0.5 2
    1.60978 0.5 1
  2.35558 7 - 3
    1.05506 0.2099 6
    1.07768 0.1441 5
    1.76536 0.646 1
  2.36488 5 + 3
    1.06436 0.176888 6
    1.77466 0.076865 1
    2.36488 0.746248 0
  2.54393 3 - 4
    0.48737 0.02961 16
    1.24341 0.195598 6
    1.66805 0.0369 3
    2.54393 0.737893 0
  2.56996 9 + 7
    0.44084 0.017141 20
    0.65854 0.036111 14
    0.92292 0.028761 10
    1.2614 0.006732 7
    1.26944 0.612023 6
    1.43399 0.077723 4
    1.69408 0.221508 3
  2.57498 3 + 13
    0.48171 0.098347 19
    0.48363 0.149095 18
    0.51842 0.01129 16
    0.66356 0.141795 14
    0.78859 0.066848 12
    0.92794 0.055578 10
    1.03228 0.008972 8
    1.26642 0.096917 7
    1.43901 0.043689 4
    1.6991 0.28929 3
    1.81626 0.019959 2
    1.98476 0.006942 1
    2.57498 0.01128 0
  2.6228 15 + 1
    1.07238 1 9
  2.65391 5 - 1
    2.06369 1 1
  2.68755 7 - 14
    0.33197 0.0193 22
    0.59428 0.060541 19
    0.5962 0.071891 18
    0.63099 0.01078 16
    0.77613 0.01438 14
    0.83488 0.091181 13
    0.90116 0.03784 12
    1.04051 0.174002 10
    1.37899 0.0193 7
    1.38703 0.189202 6
    1.55158 0.055621 4
    1.81167 0.076811 3
    1.92883 0.063751 2
    2.68755 0.115401 0
  2.76982 3 + 7
    0.8584 0.09457 14
    1.12278 0.5225 10
    1.4693 0.06844 6
    1.49192 0.07157 5
    1.63385 0.1886 4
    1.89394 0.01619 3
    2.1796 0.03813 1
  2.77798 11 - 2
    0.99159 0.7353 12
    1.64201 0.2647 4
  2.78354 5 - 8
    0.42796 0.048079 22
    0.69027 0.32049 19
    0.69219 0.070508 18
    0.93087 0.128196 13
    1.1365 0.062498 10
    1.48302 0.032369 6
    1.64757 0.282092 4
    1.90766 0.055768 3
  2.82065 3 + 7
    0.16674 0.160992 28
    0.76409 0.007649 16
    1.51209 0.014489 7
    1.52013 0.084506 6
    1.68468 0.185091 4
    1.94477 0.144893 3
    2.23043 0.40238 1
  2.88653 9 - 5
    0.3426 0.057337 24
    0.79518 0.177789 18
    1.23949 0.097474 10
    2.01065 0.094034 3
    2.29631 0.573366 1
  2.93 7 + 2
    1.79403 0.5 4
    2.05412 0.5 3
  3.00705 5 - 3
    1.70653 0.830567 6
    2.41683 0.081397 1
    3.00705 0.088036 0
  3.11603 7 + 4
    0.5721 0.546455 24
    1.32964 0.180318 12
    1.98006 0.092909 4
    3.11603 0.180318 0
  3.3454 19 + 1
    0.7226 1 27
  3.6368 21 + 1
    0.2914 1 38
  3.8245 9 - 3
    1.04652 0.465147 31
    1.24952 0.367437 26
    1.97183 0.167417 13
  3.87131 5 - 4
    1.05066 0.1797 33
    1.50643 0.2535 23
    1.74219 0.4608 20
    2.99543 0.106 3
  3.8949 11 - 4
    1.11692 0.2852 31
    1.32494 0.2296 25
    2.10851 0.3704 12
    2.58634 0.1148 7
  4.314 7 + 1
    0.6772 1 39
  20.9 5 - 2
    20.0241 0.5 3
    20.9 0.5 0

39 94 26
  0 4 - 0
  0.4323 6 - 1
    0.4323 1 0
  0.6217 4 - 1
    0.6217 1 0
  0.7238 2 - 2
    0.1021 0.00315 2
    0.7238 0.99685 0
  0.90691 6 - 1
    0.90691 1 0
  1.17 4 - 2
    0.5483 0.5 2
    1.17 0.5 0
  1.2023 10 + 2
    0.77 0.8506 1
    1.2023 0.1494 0
  1.39 4 - 2
    0.7683 0.5 2
    1.39 0.5 0
  1.42771 2 + 4
    0.5208 0.001547 4
    0.70391 0.021681 3
    0.80601 0.017841 2
    1.42771 0.958932 0
  1.43701 2 - 1
    0.5301 1 4
  1.53 8 + 2
    0.62309 0.5 4
    1.0977 0.5 1
  1.82 0 + 2
    0.38299 0.5 9
    1.0962 0.5 3
  1.9 8 + 2
    0.99309 0.5 4
    1.4677 0.5 1
  2.18242 2 + 3
    0.75471 0.159213 8
    1.56072 0.083327 2
    2.18242 0.757461 0
  2.33 6 + 2
    1.7083 0.5 2
    2.33 0.5 0
  2.37302 12 + 2
    1.64922 0.5587 3
    1.75132 0.4413 2
  2.46 10 - 2
    1.55309 0.5 4
    2.0277 0.5 1
  2.77 8 + 2
    1.86309 0.5 4
    2.3377 0.5 1
  2.96993 2 + 2
    2.06302 0.4709 4
    2.24613 0.5291 3
  3 6 - 2
    2.2762 0.5 3
    2.5677 0.5 1
  3.3 14 - 2
    0.84 0.5 16
    0.92698 0.5 15
  4 4 + 2
    3.2762 0.5 3
    3.5677 0.5 1
  4.1 0 - 2
    3.4783 0.5 2
    4.1 0.5 0
  4.5 6 + 2
    3.8783 0.5 2
    4.5 0.5 0
  4.9 8 - 2
    4.2783 0.5 2
    4.9 0.5 0
  5.9 4 + 2
    5.1762 0.5 3
    5.4677 0.5 1

39 95 50
  0 1 - 0
  0.6859 3 - 1
    0.6859 1 0
  0.8269 5 - 2
    0.141 0.00542 1
    0.8269 0.99458 0
  1.0876 9 + 2
    0.2607 0.98957 2
    0.4017 0.01043 1
  1.6309 5 - 2
    0.5433 0.01487 3
    0.945 0.98513 1
  1.8278 11 + 1
    0.7402 1 3
  1.8898 5 - 1
    1.0629 1 2
  1.9634 3 - 2
    1.1365 0.052138 2
    1.2775 0.947862 1
  2.021 3 - 3
    1.1941 0.066681 2
    1.3351 0.666713 1
    2.021 0.266605 0
  2.0466 1 - 2
    1.3607 0.6098 1
    2.0466 0.3902 0
  2.1734 13 + 2
    0.3456 0.3212 5
    1.0858 0.6788 3
  2.2076 7 - 2
    0.5767 0.8698 4
    1.12 0.1302 3
  2.308 3 - 2
    0.3446 0.5 7
    1.6221 0.5 1
  2.4085 5 - 2
    1.5816 0.1803 2
    1.7226 0.8197 1
  2.5576 1 - 2
    1.8717 0.7143 1
    2.5576 0.2857 0
  2.6146 5 - 5
    0.407 0.07221 11
    0.6512 0.04319 7
    0.7248 0.1079 6
    0.9837 0.7192 4
    1.9287 0.0575 1
  2.684 3 - 1
    2.684 1 0
  2.7172 3 + 2
    2.0313 0.093382 1
    2.7172 0.906618 0
  2.7818 3 - 3
    1.9549 0.074384 2
    2.0959 0.099175 1
    2.7818 0.826441 0
  2.855 7 + 2
    1.2241 0.5 4
    2.0281 0.5 2
  2.906 7 + 2
    1.2751 0.5 4
    2.0791 0.5 2
  2.9334 3 + 5
    0.97 0.010051 7
    1.3025 0.010051 4
    2.1065 0.010051 2
    2.2475 0.467323 1
    2.9334 0.502525 0
  3.1168 9 + 2
    2.4309 0.3103 1
    3.1168 0.6897 0
  3.1425 17 - 1
    0.9691 1 10
  3.3143 19 + 1
    0.1718 1 23
  3.3529 3 + 5
    0.4195 0.058436 21
    0.6689 0.090904 16
    1.1453 0.077915 11
    2.667 0.123391 1
    3.3529 0.649355 0
  3.3918 3 + 8
    0.4584 0.102704 21
    0.7078 0.065073 16
    0.7772 0.342514 15
    1.1842 0.092474 11
    1.3708 0.051372 8
    1.4284 0.195208 7
    2.5649 0.020551 2
    2.7059 0.130105 1
  3.5074 7 + 2
    2.8215 0.4444 1
    3.5074 0.5556 0
  3.5766 3 + 5
    0.962 0.1775 15
    1.6132 0.1008 7
    2.7497 0.1411 2
    2.8907 0.4032 1
    3.5766 0.1774 0
  3.6161 9 + 5
    0.8989 0.076392 17
    0.9321 0.02083 16
    1.2076 0.055561 13
    2.9302 0.152803 1
    3.6161 0.694414 0
  3.6513 5 + 2
    2.9654 0.6135 1
    3.6513 0.3865 0
  3.7433 7 + 1
    3.7433 1 0
  3.7758 21 + 1
    0.4615 1 24
  3.9435 11 - 3
    3.1166 0.5 2
    3.2576 0.2 1
    3.9435 0.3 0
  4.0751 5 - 3
    2.1117 0.034779 7
    3.3892 0.095647 1
    4.0751 0.869574 0
  4.11835 21 - 1
    0.80405 1 24
  4.1607 3 + 2
    3.3338 0.375 2
    3.4748 0.625 1
  4.1904 7 + 2
    2.1694 0.8333 8
    4.1904 0.1667 0
  4.2143 1 - 3
    2.2509 0.272727 7
    3.5284 0.363636 1
    4.2143 0.363636 0
  4.2681 9 + 2
    3.5822 0.1304 1
    4.2681 0.8696 0
  4.2728 23 - 2
    0.15445 0.5655 35
    0.497 0.4345 32
  4.3399 23 + 1
    0.5641 1 32
  4.3483 5 - 1
    4.3483 1 0
  4.3603 7 + 2
    3.6744 0.5556 1
    4.3603 0.4444 0
  4.4206 5 - 1
    4.4206 1 0
  4.5634 1 + 1
    3.8775 1 1
  4.9016 25 + 1
    0.5617 1 41
  4.9211 23 - 1
    1.1453 1 32
  5.0222 27 - 4
    0.101101 0.384135 47
    0.120601 0.091918 46
    0.682301 0.33413 41
    1.2464 0.189817 32
  5.8102 9 + 1
    0.788 1 48

39 96 8
  0 0 - 0
  0.122297 2 - 1
    0.122297 1 0
  0.65229 4 - 2
    0.529993 0.95151 1
    0.65229 0.04849 0
  0.7187 6 - 1
    0.596403 1 1
  0.9317 2 + 4
    0.213 0.008408 3
    0.27941 0.08959 2
    0.809403 0.774902 1
    0.9317 0.1271 0
  1.14 16 + 1
    1.14 1 0
  1.28789 8 + 2
    0.35619 0.8772 4
    1.16559 0.1228 1
  1.98358 2 + 5
    0.69569 0.101096 6
    1.05188 0.112396 4
    1.33129 0.179793 2
    1.86128 0.044938 1
    1.98358 0.561777 0

39 97 30
  0 1 - 0
  0.66752 9 + 1
    0.66752 1 0
  0.69732 1 + 1
    0.69732 1 0
  0.95382 5 - 1
    0.95382 1 0
  1.31954 5 + 3
    0.36572 0.229407 3
    0.62222 0.031071 2
    0.65202 0.739522 1
  1.336 9 + 1
    0.66848 1 1
  1.42811 7 + 4
    0.10857 0.060491 4
    0.47429 0.530305 3
    0.73079 0.149401 2
    0.76059 0.259803 1
  1.5266 5 + 1
    0.82928 1 2
  1.5302 13 - 2
    0.1942 0.5787 5
    0.86268 0.4213 1
  1.6138 3 - 2
    0.18569 0.078282 6
    1.6138 0.921718 0
  1.6574 13 + 2
    0.3214 0.3368 5
    0.98988 0.6632 1
  1.7388 1 + 1
    0.31069 1 6
  1.7996 3 - 1
    0.48006 1 4
  1.84823 9 - 2
    0.42012 0.458 6
    0.52869 0.542 4
  1.90486 1 + 5
    0.16606 0.01964 11
    0.47675 0.030829 6
    0.58532 0.025659 4
    0.95104 0.069989 3
    1.90486 0.853883 0
  1.9139 11 + 2
    0.3837 0.3511 8
    1.24638 0.6489 1
  2.1161 7 - 4
    0.2022 0.124202 15
    0.4587 0.043481 10
    0.5859 0.211204 8
    0.7801 0.621112 5
  2.12119 3 - 6
    0.21633 0.055337 14
    0.27296 0.050067 13
    0.80165 0.527074 4
    1.16737 0.152892 3
    1.42387 0.030038 2
    2.12119 0.184591 0
  2.21191 7 - 8
    0.30705 0.25262 14
    0.36368 0.031282 13
    0.41231 0.060185 12
    0.68531 0.012511 7
    0.89237 0.112609 4
    1.25809 0.240319 3
    1.51459 0.050054 2
    2.21191 0.240419 0
  2.2874 5 - 1
    2.2874 1 0
  2.4359 3 + 3
    0.53104 0.1796 14
    1.73858 0.1309 2
    2.4359 0.6895 0
  2.475 7 - 3
    0.3589 0.5 16
    0.8176 0.25 10
    1.139 0.25 5
  2.5015 5 + 2
    0.8441 0.4286 10
    1.1655 0.5714 5
  2.5586 11 - 2
    1.86128 0.2754 2
    2.5586 0.7246 0
  2.5688 17 + 3
    0.0938 0.01708 21
    0.4527 0.03321 16
    0.9114 0.94971 10
  2.7482 3 - 4
    0.2467 0.1667 22
    0.2732 0.1935 21
    0.6321 0.5376 16
    1.0908 0.1022 10
  2.9653 7 + 2
    0.2171 0.3243 25
    0.3965 0.6757 24
  3.1633 5 - 3
    0.4151 0.242 25
    0.5945 0.3014 24
    0.6883 0.4566 21
  3.3603 21 + 4
    0.197 0.077203 27
    0.395 0.151506 26
    0.6121 0.049062 25
    0.7915 0.722229 24
  3.5226 27 - 1
    0.1623 1 28

39 98 34
  0 0 - 0
  0.119353 2 - 1
    0.119353 1 0
  0.17074 4 - 2
    0.051387 0.3228 1
    0.17074 0.6772 0
  0.35815 2 + 3
    0.18741 0.225307 2
    0.238797 0.698321 1
    0.35815 0.076372 0
  0.37491 4 - 1
    0.20417 1 2
  0.41 10 + 1
    0.41 1 0
  0.44619 2 + 2
    0.07128 0.081282 4
    0.27545 0.918718 2
  0.49619 4 - 2
    0.05 0.058138 6
    0.12128 0.941862 4
  0.54775 2 + 3
    0.1896 0.007924 3
    0.428397 0.926359 1
    0.54775 0.065717 0
  0.563977 2 - 3
    0.393237 0.006365 2
    0.444624 0.794528 1
    0.563977 0.199107 0
  0.58621 4 + 1
    0.2113 1 4
  0.59583 2 - 3
    0.23768 0.074672 3
    0.476477 0.495115 1
    0.59583 0.430213 0
  0.59688 6 - 1
    0.10069 1 7
  0.60022 2 + 6
    0.036243 0.607713 9
    0.05247 0.151503 8
    0.24207 0.002688 3
    0.42948 0.0224 2
    0.480867 0.156703 1
    0.60022 0.058991 0
  0.60193 4 + 2
    0.24378 0.1617 3
    0.482577 0.8383 1
  0.6039 4 - 1
    0.22899 1 4
  0.66617 2 + 4
    0.06424 0.009512 14
    0.06595 0.965971 13
    0.07034 0.007508 11
    0.102193 0.017009 9
  0.71285 4 + 1
    0.1651 1 8
  0.72662 8 - 2
    0.12974 0.928309 12
    0.23043 0.071691 7
  0.82433 2 - 5
    0.15816 0.050678 16
    0.2224 0.164395 14
    0.22411 0.189294 13
    0.2285 0.095547 11
    0.260353 0.500085 9
  0.8699 6 - 1
    0.266 1 15
  0.8843 10 - 2
    0.15768 0.844 18
    0.28742 0.156 12
  0.90771 4 + 4
    0.30578 0.3504 14
    0.30749 0.3048 13
    0.31188 0.1289 11
    0.343733 0.2159 9
  0.9179 4 + 1
    0.314 1 15
  0.98627 2 + 6
    0.16194 0.126596 19
    0.3201 0.233893 16
    0.38434 0.059528 14
    0.38605 0.495985 13
    0.422293 0.059318 9
    0.98627 0.024679 0
  1.0703 12 - 2
    0.186 0.7557 21
    0.34368 0.2443 18
  1.1811 16 - 1
    0.1108 1 25
  1.19958 6 + 4
    0.59936 0.149615 13
    0.60375 0.122012 11
    0.65183 0.334633 8
    1.08023 0.393739 1
  1.2919 14 - 2
    0.2216 0.5 25
    0.4076 0.5 21
  1.34804 8 + 4
    0.63519 0.218778 17
    0.75221 0.218778 11
    0.80029 0.390561 8
    0.98989 0.171883 3
  1.46459 6 + 2
    0.79842 0.5 16
    0.86437 0.5 13
  1.5329 16 - 2
    0.241 0.5 28
    0.4626 0.5 25
  1.6797 8 + 2
    1.13195 0.2481 8
    1.56035 0.7519 1
  1.897 6 + 2
    1.30117 0.4536 11
    1.33302 0.5464 9

39 99 42
  0 5 + 0
  0.125122 7 + 1
    0.125122 1 0
  0.28373 9 + 2
    0.158608 0.9202 1
    0.28373 0.0798 0
  0.48221 11 + 2
    0.19848 0.8366 2
    0.357088 0.1634 1
  0.48728 5 - 2
    0.362158 0.095145 1
    0.48728 0.904855 0
  0.53619 3 - 1
    0.53619 1 0
  0.59999 3 - 1
    0.0638 1 5
  0.62438 7 - 3
    0.34065 0.1213 2
    0.499258 0.4484 1
    0.62438 0.4303 0
  0.65687 5 - 4
    0.12068 0.383177 5
    0.16959 0.089505 4
    0.531748 0.476371 1
    0.65687 0.050947 0
  0.70609 13 + 2
    0.22388 0.738 3
    0.42236 0.262 2
  0.8176 7 - 3
    0.16073 0.4347 8
    0.33032 0.204 4
    0.53387 0.3613 2
  0.9757 15 + 2
    0.26961 0.6574 9
    0.49349 0.3426 3
  1.009 3 + 1
    1.009 1 0
  1.01176 1 + 1
    0.47557 1 5
  1.1196 3 + 3
    0.46273 0.4506 8
    0.58341 0.4278 5
    0.63232 0.1216 4
  1.19163 5 + 2
    1.06651 0.7042 1
    1.19163 0.2958 0
  1.19794 3 + 2
    0.66175 0.087609 5
    1.19794 0.912391 0
  1.21307 5 + 2
    0.5562 0.2648 8
    0.67688 0.7352 5
  1.22066 7 + 2
    0.93693 0.4253 2
    1.09554 0.5747 1
  1.2592 17 + 2
    0.2835 0.6404 11
    0.55311 0.3596 9
  1.40209 9 - 4
    0.21046 0.057852 15
    0.8021 0.079813 6
    1.27697 0.326713 1
    1.40209 0.535621 0
  1.41169 1 - 2
    0.8755 0.2481 5
    1.41169 0.7519 0
  1.59545 19 + 2
    0.33625 0.5022 19
    0.61975 0.4978 11
  1.65474 11 + 2
    1.37101 0.3008 2
    1.52962 0.6992 1
  1.86874 13 + 1
    0.214 1 23
  1.93073 9 - 6
    0.73279 0.063689 16
    0.7391 0.038369 15
    0.92173 0.039559 12
    1.44345 0.185896 4
    1.80561 0.276894 1
    1.93073 0.395592 0
  1.93324 21 + 2
    0.33779 0.4428 22
    0.67404 0.5572 19
  2.11394 15 + 2
    0.2452 0.7676 24
    0.4592 0.2324 23
  2.14165 17 + 6
    0.02771 0.2066 27
    0.27291 0.32 24
    0.5462 0.0655 22
    0.88245 0.1557 19
    1.16595 0.1308 11
    1.43556 0.1214 9
  2.2059 5 + 8
    1.00796 0.05022 16
    1.3883 0.0581 10
    1.54903 0.08404 8
    1.58152 0.03722 7
    1.66971 0.04681 5
    1.71862 0.09024 4
    2.08078 0.564 1
    2.2059 0.06937 0
  2.23939 5 + 6
    1.04145 0.016229 16
    1.42179 0.047937 10
    1.58252 0.047927 8
    1.7032 0.046457 5
    2.11427 0.103994 1
    2.23939 0.737456 0
  2.24532 1 - 3
    1.04738 0.793644 16
    1.75804 0.13969 4
    2.24532 0.066665 0
  2.27611 7 - 4
    1.26435 0.065519 13
    1.61924 0.344793 8
    1.73992 0.334493 5
    2.27611 0.255195 0
  2.27971 3 - 5
    1.62284 0.030391 8
    1.74352 0.106002 5
    1.79243 0.066431 4
    2.15459 0.090462 1
    2.27971 0.706714 0
  2.31493 9 - 2
    1.11699 0.4286 16
    1.19533 0.5714 14
  2.33221 23 + 2
    0.39897 0.5723 26
    0.73676 0.4277 22
  2.38926 17 + 2
    0.27532 0.5022 27
    0.52052 0.4978 24
  2.69396 19 + 2
    0.3047 0.4553 36
    0.58002 0.5447 27
  2.71778 25 + 2
    0.38557 0.5 35
    0.78454 0.5 26
  3.02801 21 + 2
    0.33405 0.3562 37
    0.63875 0.6438 36
  3.17891 27 + 2
    0.46113 0.5 38
    0.8467 0.5 35
  3.38946 23 + 2
    0.36145 0.5 39
    0.6955 0.5 37

39 100 31
  0 4 - 0
  0.0107 2 + 1
    0.0107 1 0
  0.07615 4 + 1
    0.06545 1 1
  0.09916 0 - 2
    0.08846 0.3789 1
    0.09916 0.6211 0
  0.145 10 + 1
    0.145 1 0
  0.17203 6 + 1
    0.09588 1 2
  0.19498 2 + 2
    0.09582 0.2033 3
    0.19498 0.7967 0
  0.3031 8 + 1
    0.13107 1 5
  0.30983 2 + 4
    0.11485 0.080437 6
    0.23368 0.152694 2
    0.29913 0.460282 1
    0.30983 0.306588 0
  0.35575 2 - 1
    0.25659 1 3
  0.37607 2 - 6
    0.06624 0.155914 8
    0.18109 0.260623 6
    0.20404 0.031513 5
    0.27691 0.098809 3
    0.29992 0.11561 2
    0.36537 0.33753 1
  0.4611 10 + 1
    0.158 1 7
  0.48358 4 + 6
    0.10751 0.269068 10
    0.12783 0.070772 9
    0.2886 0.020937 6
    0.31155 0.146582 5
    0.38442 0.222373 3
    0.40743 0.270268 2
  0.6566 12 + 1
    0.1955 1 11
  0.69871 6 - 2
    0.52668 0.3671 5
    0.62256 0.6329 2
  0.73403 8 - 3
    0.562 0.0284 5
    0.65788 0.2242 2
    0.72333 0.7474 1
  0.77624 6 - 2
    0.46641 0.6135 8
    0.58126 0.3865 6
  0.82797 4 - 2
    0.63299 0.4709 6
    0.65594 0.5291 5
  0.84945 8 - 2
    0.47338 0.5291 10
    0.53962 0.4709 8
  0.8606 6 - 5
    0.37702 0.299379 12
    0.48453 0.266481 10
    0.50485 0.197586 9
    0.55077 0.062866 8
    0.66562 0.173688 6
  0.867595 14 + 2
    0.768435 0.6173 3
    0.867595 0.3827 0
  0.874 14 + 1
    0.2174 1 13
  0.9746 2 + 3
    0.87544 0.008315 3
    0.89845 0.458539 2
    0.9639 0.533146 1
  1.0457 4 - 2
    0.87367 0.6289 5
    0.96955 0.3711 2
  1.14633 6 - 2
    0.278735 0.5076 20
    0.95135 0.4924 6
  1.14946 8 - 1
    1.07331 1 2
  1.34074 0 + 3
    0.5645 0.1911 16
    0.96467 0.6369 10
    1.24158 0.172 3
  1.37916 2 + 8
    0.51856 0.242093 19
    0.60292 0.157395 16
    1.00309 0.089587 10
    1.06933 0.234893 8
    1.18418 0.029059 6
    1.28 0.055688 3
    1.30301 0.043589 2
    1.37916 0.147696 0
  1.38985 4 - 2
    0.24039 0.3827 25
    1.3137 0.6173 2
  1.41214 6 - 2
    1.24011 0.6667 5
    1.40144 0.3333 1
  1.69999 10 + 2
    1.62384 0.7874 2
    1.68929 0.2126 1

39 101 40
  0 5 + 0
  0.12831 7 + 1
    0.12831 1 0
  0.29166 9 + 2
    0.16335 0.8556 1
    0.29166 0.1444 0
  0.49429 11 + 2
    0.20263 0.7663 2
    0.36598 0.2337 1
  0.51075 3 - 1
    0.51075 1 0
  0.59045 5 - 3
    0.0797 0.252725 4
    0.46214 0.334533 1
    0.59045 0.412741 0
  0.66661 5 - 3
    0.15586 0.2038 4
    0.5383 0.0521 1
    0.66661 0.7441 0
  0.71444 7 - 5
    0.12399 0.465719 5
    0.20369 0.038822 4
    0.42278 0.203408 2
    0.58613 0.093144 1
    0.71444 0.198908 0
  0.7249 13 + 2
    0.23061 0.6601 3
    0.43324 0.3399 2
  0.82248 7 - 4
    0.15587 0.1024 6
    0.23203 0.1608 5
    0.69417 0.4049 1
    0.82248 0.3319 0
  0.87287 9 - 3
    0.15843 0.6792 7
    0.28242 0.1787 5
    0.74456 0.1421 1
  0.89064 1 - 1
    0.37989 1 4
  0.99682 3 - 2
    0.40637 0.3869 5
    0.48607 0.6131 4
  1.00137 15 + 2
    0.27647 0.6775 8
    0.50708 0.3225 3
  1.01297 9 - 2
    0.29853 0.6312 7
    0.88466 0.3688 1
  1.02731 5 - 4
    0.31287 0.241076 7
    0.3607 0.112889 6
    0.43686 0.489551 5
    0.51656 0.156484 4
  1.12485 5 + 3
    0.83319 0.02749 2
    0.99654 0.249503 1
    1.12485 0.723007 0
  1.19138 5 - 3
    0.68063 0.2037 4
    1.06307 0.4328 1
    1.19138 0.3635 0
  1.2113 3 + 2
    0.70055 0.036619 4
    1.2113 0.963381 0
  1.21731 1 + 1
    0.70656 1 4
  1.23377 3 + 1
    1.23377 1 0
  1.25879 7 + 2
    0.96713 0.3631 2
    1.13048 0.6369 1
  1.29119 17 + 2
    0.28982 0.6044 13
    0.56629 0.3956 8
  1.29759 5 + 3
    1.00593 0.045457 2
    1.16928 0.50507 1
    1.29759 0.449473 0
  1.41082 7 + 3
    1.11916 0.329567 2
    1.28251 0.568143 1
    1.41082 0.10229 0
  1.41821 5 + 2
    1.2899 0.7463 1
    1.41821 0.2537 0
  1.47906 1 - 3
    0.81245 0.278772 6
    0.88861 0.606039 5
    0.96831 0.115188 4
  1.51796 5 + 2
    1.38965 0.6173 1
    1.51796 0.3827 0
  1.63923 19 + 2
    0.34804 0.5727 22
    0.63786 0.4273 13
  1.68535 3 + 8
    0.38776 0.134593 23
    0.45158 0.019249 20
    0.47405 0.384781 18
    0.68853 0.029549 12
    0.79471 0.015729 11
    1.0949 0.053317 5
    1.1746 0.117394 4
    1.68535 0.245388 0
  1.76233 5 + 6
    0.35151 0.169993 24
    0.46474 0.169393 23
    0.55103 0.307588 18
    1.25158 0.082887 4
    1.63402 0.214891 1
    1.76233 0.055248 0
  1.87191 11 - 3
    0.57432 0.3984 23
    1.2053 0.3705 6
    1.58025 0.2311 2
  1.9941 21 + 2
    0.35487 0.5 28
    0.70291 0.5 22
  2.2593 3 - 1
    1.66885 1 5
  2.39604 23 + 2
    0.40194 0.5 32
    0.75681 0.5 28
  2.66095 5 + 5
    1.5361 0.053189 16
    1.99434 0.053189 6
    2.36929 0.03723 2
    2.53264 0.324497 1
    2.66095 0.531895 0
  2.67511 9 - 3
    1.46381 0.3319 18
    2.0085 0.4367 6
    2.67511 0.2314 0
  2.6801 7 - 2
    2.38844 0.8197 2
    2.55179 0.1803 1
  2.69366 5 + 8
    1.39607 0.057651 23
    1.43487 0.042761 21
    1.56881 0.158003 16
    2.02705 0.028341 6
    2.10321 0.038421 5
    2.402 0.01201 2
    2.56535 0.182504 1
    2.69366 0.48031 0
  2.69593 3 - 2
    1.01058 0.2593 29
    2.10548 0.7407 5

39 102 1
  0 10 - 0

39 103 1
  0 5 + 0

39 104 1
  0 6 + 0

39 105 1
  0 5 + 0

39 106 1
  0 10 + 0

39 107 1
  0 5 + 0

39 108 1
  0 12 - 0

39 109 1
  0 5 + 0

