17 29 1
  0 3 + 0

17 30 1
  0 6 + 0

17 31 25
  0 3 + 0
  0.747 1 + 1
    0.747 1 0
  1.292 5 + 1
    0.545 1 1
  1.456 7 + 1
    1.456 1 0
  1.749 9 + 1
    0.457 1 2
  2.436 3 + 2
    0.98 0.5 3
    2.436 0.5 0
  2.626 5 + 2
    1.334 0.5 2
    1.879 0.5 1
  3.265 1 + 2
    1.973 0.5 2
    2.518 0.5 1
  3.824 11 + 1
    2.368 1 3
  4.039 3 - 2
    2.747 0.5 2
    3.292 0.5 1
  4.192 7 - 2
    2.443 0.5 4
    2.9 0.5 2
  4.319 5 - 2
    2.863 0.5 3
    4.319 0.5 0
  4.613 1 - 2
    2.177 0.5 5
    4.613 0.5 0
  4.818 3 - 2
    3.526 0.5 2
    4.071 0.5 1
  4.901 5 - 2
    3.445 0.5 3
    4.901 0.5 0
  5.064 3 - 2
    3.772 0.5 2
    4.317 0.5 1
  5.75 1 - 2
    3.314 0.5 5
    5.75 0.5 0
  6.162 7 - 2
    4.413 0.5 4
    4.87 0.5 2
  6.663 5 + 2
    5.371 0.5 2
    5.916 0.5 1
  7.05 3 - 2
    5.758 0.5 2
    6.303 0.5 1
  7.478 9 + 2
    5.729 0.5 4
    6.186 0.5 2
  7.617 1 - 2
    5.181 0.5 5
    7.617 0.5 0
  8.868 3 + 2
    7.412 0.5 3
    8.868 0.5 0
  9.978 5 - 2
    8.522 0.5 3
    9.978 0.5 0
  12.313 7 + 2
    10.857 0.5 3
    12.313 0.5 0

17 32 48
  0 2 + 0
  0.0899 4 + 1
    0.0899 1 0
  0.4661 2 + 1
    0.4661 1 0
  1.1685 2 + 3
    0.7024 0.1927 2
    1.0786 0.1915 1
    1.1685 0.6158 0
  1.326 2 + 2
    0.8599 0.5 2
    1.326 0.5 0
  1.719 6 + 2
    1.2529 0.5 2
    1.719 0.5 0
  2.122 6 + 2
    1.6559 0.5 2
    2.122 0.5 0
  2.194 2 + 2
    1.7279 0.5 2
    2.194 0.5 0
  2.27 4 + 1
    2.1801 1 1
  2.665 0 - 2
    2.1989 0.5 2
    2.665 0.5 0
  2.858 2 + 2
    2.3919 0.5 2
    2.858 0.5 0
  2.941 8 - 2
    0.819 0.5 6
    1.222 0.5 5
  3.056 4 - 2
    2.5899 0.5 2
    3.056 0.5 0
  3.166 6 - 2
    0.896 0.5 8
    3.0761 0.5 1
  3.29 6 + 2
    2.8239 0.5 2
    3.29 0.5 0
  3.692 4 - 2
    3.2259 0.5 2
    3.692 0.5 0
  3.767 2 + 2
    3.3009 0.5 2
    3.767 0.5 0
  3.883 0 - 2
    3.4169 0.5 2
    3.883 0.5 0
  4.002 4 - 2
    3.5359 0.5 2
    4.002 0.5 0
  4.079 8 - 2
    1.957 0.5 6
    2.36 0.5 5
  4.167 2 + 2
    3.7009 0.5 2
    4.167 0.5 0
  4.356 2 + 2
    3.8899 0.5 2
    4.356 0.5 0
  4.432 2 + 2
    3.9659 0.5 2
    4.432 0.5 0
  4.59 4 - 2
    4.1239 0.5 2
    4.59 0.5 0
  4.757 10 + 2
    2.635 0.5 6
    3.038 0.5 5
  4.788 2 + 2
    4.3219 0.5 2
    4.788 0.5 0
  5.024 0 + 2
    2.754 0.5 8
    4.9341 0.5 1
  5.166 4 - 2
    4.6999 0.5 2
    5.166 0.5 0
  5.34 2 + 2
    4.8739 0.5 2
    5.34 0.5 0
  5.466 2 + 2
    4.9999 0.5 2
    5.466 0.5 0
  5.578 6 - 2
    3.308 0.5 8
    5.4881 0.5 1
  5.698 2 + 2
    5.2319 0.5 2
    5.698 0.5 0
  5.813 4 - 2
    5.3469 0.5 2
    5.813 0.5 0
  5.905 6 - 2
    3.635 0.5 8
    5.8151 0.5 1
  6.076 2 + 2
    5.6099 0.5 2
    6.076 0.5 0
  6.178 4 - 2
    5.7119 0.5 2
    6.178 0.5 0
  6.36 8 - 2
    4.238 0.5 6
    4.641 0.5 5
  6.59 2 + 2
    6.1239 0.5 2
    6.59 0.5 0
  6.686 2 + 2
    6.2199 0.5 2
    6.686 0.5 0
  6.82 4 - 2
    6.3539 0.5 2
    6.82 0.5 0
  7.307 2 + 2
    6.8409 0.5 2
    7.307 0.5 0
  7.434 2 + 2
    6.9679 0.5 2
    7.434 0.5 0
  7.58 2 + 2
    7.1139 0.5 2
    7.58 0.5 0
  7.831 2 + 2
    7.3649 0.5 2
    7.831 0.5 0
  8.13 2 + 2
    7.6639 0.5 2
    8.13 0.5 0
  8.6 6 - 2
    6.33 0.5 8
    8.5101 0.5 1
  10 4 - 2
    9.5339 0.5 2
    10 0.5 0
  10.3 0 - 2
    9.8339 0.5 2
    10.3 0.5 0

17 33 91
  0 3 + 0
  0.81055 1 + 1
    0.81055 1 0
  1.9863 5 + 1
    1.9863 1 0
  2.352 3 + 2
    1.54145 0.7407 1
    2.352 0.2593 0
  2.6854 5 - 3
    0.6991 0.628931 2
    1.87485 0.088054 1
    2.6854 0.283014 0
  2.839 5 + 2
    2.02845 0.009901 1
    2.839 0.990099 0
  2.8463 3 - 2
    2.03575 0.5291 1
    2.8463 0.4709 0
  2.9754 7 + 2
    0.9891 0.1525 2
    2.9754 0.8475 0
  3.8163 5 + 6
    0.8409 0.079965 7
    0.9773 0.120393 5
    1.4643 0.429874 3
    1.83 0.210687 2
    3.00575 0.030088 1
    3.8163 0.128992 0
  3.9712 3 + 5
    1.1322 0.08 5
    1.6192 0.08 3
    1.9849 0.16 2
    3.16065 0.18 1
    3.9712 0.5 0
  3.9793 5 - 6
    1.0039 0.002988 7
    1.133 0.021731 6
    1.1403 0.011771 5
    1.2939 0.022641 4
    1.993 0.035322 2
    3.9793 0.905547 0
  4.0994 3 - 4
    1.2531 0.040186 6
    2.1131 0.599846 2
    3.28885 0.179984 1
    4.0994 0.179984 0
  4.11227 3 + 4
    1.26597 0.009804 6
    1.76027 0.009804 3
    3.30172 0.490196 1
    4.11227 0.490196 0
  4.1175 3 - 3
    1.2712 0.009833 6
    3.30695 0.702248 1
    4.1175 0.28792 0
  4.22 1 - 2
    1.868 0.5 3
    4.22 0.5 0
  4.439 1 + 4
    1.5927 0.01229 6
    2.087 0.070237 3
    3.62845 0.039508 1
    4.439 0.877965 0
  4.4642 3 + 3
    2.4779 0.2594 2
    3.65365 0.2689 1
    4.4642 0.4717 0
  4.517 1 - 2
    2.165 0.5 3
    4.517 0.5 0
  4.7462 5 + 7
    1.7708 0.108798 7
    1.9072 0.0101 5
    2.0608 0.003885 4
    2.3942 0.01632 3
    2.7599 0.077698 2
    3.93565 0.006216 1
    4.7462 0.776984 0
  4.7754 7 - 3
    1.9291 0.089946 6
    1.9364 0.529074 5
    2.09 0.380981 4
  4.835 3 + 3
    2.8487 0.030448 2
    4.02445 0.168292 1
    4.835 0.80126 0
  5.0019 3 - 4
    2.6499 0.091876 3
    3.0156 0.039963 2
    4.19135 0.408829 1
    5.0019 0.459332 0
  5.084 1 - 2
    2.732 0.5 3
    5.084 0.5 0
  5.0901 7 - 2
    4.27955 0.2908 1
    5.0901 0.7092 0
  5.1055 3 + 3
    2.7535 0.079973 3
    4.29495 0.060192 1
    5.1055 0.859834 0
  5.117 1 - 2
    2.765 0.5 3
    5.117 0.5 0
  5.277 5 - 3
    2.925 0.149685 3
    3.2907 0.170083 2
    5.277 0.680232 0
  5.3 3 + 2
    2.948 0.5 3
    5.3 0.5 0
  5.374 5 + 2
    3.3877 0.5 2
    4.56345 0.5 1
  5.448 1 + 2
    3.4617 0.5 2
    4.63745 0.5 1
  5.5484 1 + 2
    4.73785 0.8803 1
    5.5484 0.1197 0
  5.551 7 - 2
    2.712 0.5 5
    3.5647 0.5 2
  5.65 3 - 2
    3.6637 0.5 2
    4.83945 0.5 1
  5.694 9 - 2
    2.7186 0.5 7
    3.0086 0.5 4
  5.734 1 + 2
    3.7477 0.5 2
    4.92345 0.5 1
  5.869 9 - 2
    2.8936 0.5 7
    3.1836 0.5 4
  5.879 5 - 2
    3.527 0.5 3
    5.879 0.5 0
  6.149 5 + 2
    4.1627 0.5 2
    5.33845 0.5 1
  6.193 3 - 2
    4.2067 0.5 2
    5.38245 0.5 1
  6.203 3 + 2
    3.851 0.5 3
    6.203 0.5 0
  6.247 3 - 2
    4.2607 0.5 2
    5.43645 0.5 1
  6.255 1 + 2
    4.2687 0.5 2
    5.44445 0.5 1
  6.29 7 - 2
    3.451 0.5 5
    4.3037 0.5 2
  6.314 7 - 2
    3.475 0.5 5
    4.3277 0.5 2
  6.392 3 - 2
    4.4057 0.5 2
    5.58145 0.5 1
  6.593 11 + 2
    0.899 0.5 33
    3.6176 0.5 7
  6.625 5 + 2
    4.6387 0.5 2
    5.81445 0.5 1
  6.629 9 - 2
    3.6536 0.5 7
    3.9436 0.5 4
  6.697 5 + 2
    4.7107 0.5 2
    5.88645 0.5 1
  6.85 3 + 2
    4.498 0.5 3
    6.85 0.5 0
  6.854 7 - 2
    4.015 0.5 5
    4.8677 0.5 2
  6.92 5 - 2
    4.568 0.5 3
    6.92 0.5 0
  6.949 1 + 2
    4.9627 0.5 2
    6.13845 0.5 1
  6.983 3 + 2
    4.631 0.5 3
    6.983 0.5 0
  6.993 5 - 2
    4.641 0.5 3
    6.993 0.5 0
  7.094 5 + 2
    5.1077 0.5 2
    6.28345 0.5 1
  7.142 7 - 2
    4.303 0.5 5
    5.1557 0.5 2
  7.177 3 - 2
    5.1907 0.5 2
    6.36645 0.5 1
  7.21 5 + 2
    5.2237 0.5 2
    6.39945 0.5 1
  7.23 1 - 2
    4.878 0.5 3
    7.23 0.5 0
  7.264 3 + 2
    4.912 0.5 3
    7.264 0.5 0
  7.275 3 - 2
    5.2887 0.5 2
    6.46445 0.5 1
  7.289 3 + 2
    4.937 0.5 3
    7.289 0.5 0
  7.301 9 + 2
    4.462 0.5 5
    5.3147 0.5 2
  7.323 7 - 2
    4.484 0.5 5
    5.3367 0.5 2
  7.39 5 + 2
    5.4037 0.5 2
    6.57945 0.5 1
  7.399 5 + 2
    5.4127 0.5 2
    6.58845 0.5 1
  7.404 1 - 2
    5.052 0.5 3
    7.404 0.5 0
  7.449 3 - 2
    5.4627 0.5 2
    6.63845 0.5 1
  7.463 1 - 2
    5.111 0.5 3
    7.463 0.5 0
  7.471 7 + 2
    5.119 0.5 3
    7.471 0.5 0
  7.482 1 + 2
    5.4957 0.5 2
    6.67145 0.5 1
  7.54 11 - 2
    2.4499 0.5 23
    2.7646 0.5 19
  7.551 9 - 2
    4.5756 0.5 7
    4.8656 0.5 4
  7.667 7 + 2
    5.315 0.5 3
    7.667 0.5 0
  7.765 1 + 2
    5.7787 0.5 2
    6.95445 0.5 1
  8.077 13 - 2
    2.208 0.5 35
    2.383 0.5 33
  8.13 5 - 2
    5.778 0.5 3
    8.13 0.5 0
  8.183 1 + 2
    6.1967 0.5 2
    7.37245 0.5 1
  8.316 7 - 2
    5.477 0.5 5
    6.3297 0.5 2
  8.49 1 + 2
    6.5037 0.5 2
    7.67945 0.5 1
  8.558 3 + 2
    6.206 0.5 3
    8.558 0.5 0
  8.71 5 - 2
    6.358 0.5 3
    8.71 0.5 0
  8.813 15 - 1
    1.273 1 72
  8.849 5 + 2
    6.8627 0.5 2
    8.03845 0.5 1
  8.864 9 - 2
    5.8886 0.5 7
    6.1786 0.5 4
  8.964 1 + 2
    6.9777 0.5 2
    8.15345 0.5 1
  9.117 3 + 2
    6.765 0.5 3
    9.117 0.5 0
  9.154 3 + 2
    6.802 0.5 3
    9.154 0.5 0
  9.193 7 - 2
    6.354 0.5 5
    7.2067 0.5 2
  9.583 5 - 2
    7.231 0.5 3
    9.583 0.5 0

17 34 119
  0 0 + 0
  0.14636 6 + 1
    0.14636 1 0
  0.461 2 + 1
    0.461 1 0
  0.66555 2 + 1
    0.66555 1 0
  1.23028 4 + 3
    0.56473 0.3597 3
    0.76928 0.3489 2
    1.08392 0.2914 1
  1.88731 4 + 2
    1.42631 0.58 2
    1.74095 0.42 1
  2.1579 4 + 4
    0.92762 0.060072 4
    1.6969 0.66012 2
    2.01154 0.130004 1
    2.1579 0.149805 0
  2.1811 6 + 3
    1.51555 0.12 3
    1.7201 0.38 2
    2.03474 0.5 1
  2.3758 8 + 2
    1.14552 0.008035 4
    2.22944 0.991965 1
  2.5803 2 + 1
    2.5803 1 0
  2.61105 6 + 4
    0.45315 0.230823 6
    1.38077 0.248225 4
    1.9455 0.171317 3
    2.46469 0.349635 1
  2.7213 4 - 7
    0.5634 0.069531 6
    0.83399 0.021247 5
    1.49102 0.021247 4
    2.05575 0.07338 3
    2.2603 0.482837 2
    2.57494 0.181076 1
    2.7213 0.15068 0
  3.12913 2 + 1
    3.12913 1 0
  3.334 6 + 3
    1.1761 0.5376 6
    2.66845 0.3011 3
    2.873 0.1613 2
  3.3833 4 + 5
    2.15302 0.170405 4
    2.71775 0.260208 3
    2.9223 0.238507 2
    3.23694 0.309809 1
    3.3833 0.021071 0
  3.54507 6 - 2
    2.31479 0.033819 4
    3.39871 0.966181 1
  3.60027 8 - 3
    0.87897 0.448 11
    1.22447 0.0749 8
    3.45391 0.4771 1
  3.6314 10 - 2
    1.2556 0.5599 8
    3.48504 0.4401 1
  3.6463 6 + 1
    3.49994 1 1
  3.66 4 - 1
    1.5021 1 6
  3.77384 2 - 1
    3.77384 1 0
  3.7917 2 - 1
    3.3307 1 2
  3.847 0 - 2
    3.18145 0.5 3
    3.386 0.5 2
  3.9401 0 + 2
    3.27455 0.5208 3
    3.4791 0.4792 2
  3.9641 4 + 3
    1.5883 0.082091 8
    1.8062 0.746307 6
    3.81774 0.171602 1
  3.983 6 - 3
    1.2617 0.088991 11
    1.8251 0.270803 6
    3.83664 0.640206 1
  4.076 2 + 2
    3.615 0.5 2
    3.92964 0.5 1
  4.10805 8 - 4
    1.38675 0.052819 11
    1.73225 0.213096 8
    1.92695 0.133897 7
    3.96169 0.600188 1
  4.1398 4 - 4
    1.5595 0.188794 9
    1.9819 0.229593 6
    2.90952 0.071428 4
    3.99344 0.510185 1
  4.1478 2 + 5
    1.9667 0.037039 7
    1.9899 0.031749 6
    2.91752 0.529079 4
    3.48225 0.350286 3
    4.1478 0.051848 0
  4.206 2 + 2
    3.745 0.5 2
    4.05964 0.5 1
  4.32591 4 + 1
    2.16801 1 6
  4.3542 2 - 3
    2.1963 0.229809 6
    3.8932 0.080063 2
    4.3542 0.690128 0
  4.4173 4 - 2
    3.75175 0.3711 3
    3.9563 0.6289 2
  4.4466 8 - 1
    4.30024 1 1
  4.4614 4 - 1
    4.31504 1 1
  4.5156 4 - 2
    3.85005 0.8 3
    4.36924 0.2 1
  4.6058 6 + 4
    1.8845 0.431 11
    2.4479 0.1897 6
    2.71849 0.1509 5
    3.37552 0.2284 4
  4.6097 4 - 3
    1.8884 0.291 11
    3.37942 0.4098 4
    4.46334 0.2992 1
  4.6389 4 - 2
    4.1779 0.641 2
    4.49254 0.359 1
  4.6957 6 - 1
    2.5378 1 6
  4.7174 6 + 4
    2.10635 0.081767 10
    2.5363 0.207517 7
    2.5595 0.081767 6
    4.57104 0.62895 1
  4.7432 12 - 3
    1.1118 0.3111 17
    1.14293 0.3704 16
    4.59684 0.3185 1
  4.8244 10 + 4
    1.193 0.039939 17
    1.22413 0.189196 16
    2.6433 0.070079 7
    4.67804 0.700786 1
  4.9419 0 - 3
    2.33085 0.2287 10
    2.3616 0.2394 9
    4.9419 0.5319 0
  4.9577 2 - 2
    3.72742 0.5102 4
    4.81134 0.4898 1
  4.971 0 - 2
    4.30545 0.5 3
    4.51 0.5 2
  4.9956 2 - 1
    2.8377 1 6
  5.01 0 + 2
    3.77972 0.5 4
    5.01 0.5 0
  5.1716 8 - 1
    5.02524 1 1
  5.315 14 + 2
    0.4906 0.7403 43
    0.5718 0.2597 42
  5.3868 2 - 1
    1.78653 1 16
  5.5408 2 + 2
    1.94053 0.6494 16
    1.99573 0.3506 15
  5.576 6 - 2
    3.68869 0.5 5
    4.34572 0.5 4
  5.635 4 + 2
    4.40472 0.5 4
    5.635 0.5 0
  5.672 2 - 2
    4.44172 0.5 4
    5.672 0.5 0
  5.762 8 + 2
    3.87469 0.5 5
    4.53172 0.5 4
  5.785 4 - 2
    5.324 0.5 2
    5.63864 0.5 1
  5.805 4 - 2
    5.344 0.5 2
    5.65864 0.5 1
  5.8521 2 + 2
    5.3911 0.5 2
    5.70574 0.5 1
  5.896 4 + 2
    4.66572 0.5 4
    5.896 0.5 0
  5.94 4 + 2
    4.70972 0.5 4
    5.94 0.5 0
  6.029 6 - 2
    4.14169 0.5 5
    4.79872 0.5 4
  6.0884 0 - 2
    5.42285 0.5 3
    5.6274 0.5 2
  6.1355 2 + 2
    5.6745 0.5 2
    5.98914 0.5 1
  6.141 6 - 2
    4.25369 0.5 5
    4.91072 0.5 4
  6.1683 6 - 2
    4.28099 0.5 5
    4.93802 0.5 4
  6.1804 2 + 2
    5.7194 0.5 2
    6.03404 0.5 1
  6.2064 8 - 2
    4.0253 0.5 7
    6.06004 0.5 1
  6.2185 0 + 2
    4.98822 0.5 4
    6.2185 0.5 0
  6.2278 2 - 2
    4.99752 0.5 4
    6.2278 0.5 0
  6.2658 10 + 2
    4.0847 0.5 7
    6.11944 0.5 1
  6.2724 6 + 2
    5.8114 0.5 2
    6.12604 0.5 1
  6.3216 4 - 2
    5.8606 0.5 2
    6.17524 0.5 1
  6.3606 2 + 2
    5.8996 0.5 2
    6.21424 0.5 1
  6.3682 4 - 2
    5.9072 0.5 2
    6.22184 0.5 1
  6.3693 4 + 2
    5.13902 0.5 4
    6.3693 0.5 0
  6.3816 8 - 2
    4.2005 0.5 7
    6.23524 0.5 1
  6.399 6 + 2
    5.938 0.5 2
    6.25264 0.5 1
  6.4411 2 - 2
    5.21082 0.5 4
    6.4411 0.5 0
  6.4498 0 + 2
    5.21952 0.5 4
    6.4498 0.5 0
  6.4785 4 - 2
    6.0175 0.5 2
    6.33214 0.5 1
  6.4876 2 + 2
    6.0266 0.5 2
    6.34124 0.5 1
  6.5268 0 - 2
    5.86125 0.5 3
    6.0658 0.5 2
  6.5471 4 - 2
    6.0861 0.5 2
    6.40074 0.5 1
  6.5754 2 + 2
    6.1144 0.5 2
    6.42904 0.5 1
  6.5829 6 + 2
    6.1219 0.5 2
    6.43654 0.5 1
  6.6255 8 - 2
    4.4444 0.5 7
    6.47914 0.5 1
  6.632 4 + 2
    5.40172 0.5 4
    6.632 0.5 0
  6.6403 8 - 2
    4.4592 0.5 7
    6.49394 0.5 1
  6.6943 2 + 2
    6.2333 0.5 2
    6.54794 0.5 1
  6.702 6 - 2
    4.81469 0.5 5
    5.47172 0.5 4
  6.7194 6 - 2
    4.83209 0.5 5
    5.48912 0.5 4
  6.7243 8 + 2
    4.83699 0.5 5
    5.49402 0.5 4
  6.7376 4 - 2
    6.2766 0.5 2
    6.59124 0.5 1
  6.7481 4 - 2
    6.2871 0.5 2
    6.60174 0.5 1
  6.777 2 + 2
    6.316 0.5 2
    6.63064 0.5 1
  6.79 0 + 2
    5.55972 0.5 4
    6.79 0.5 0
  6.7977 2 + 2
    6.3367 0.5 2
    6.65134 0.5 1
  6.8071 2 - 2
    5.57682 0.5 4
    6.8071 0.5 0
  6.829 4 + 2
    5.59872 0.5 4
    6.829 0.5 0
  6.842 4 - 2
    6.381 0.5 2
    6.69564 0.5 1
  6.8522 4 + 2
    5.62192 0.5 4
    6.8522 0.5 0
  6.8702 10 - 2
    3.32513 0.5 15
    4.4944 0.5 8
  6.8871 6 + 2
    6.4261 0.5 2
    6.74074 0.5 1
  6.8899 2 - 2
    5.65962 0.5 4
    6.8899 0.5 0
  6.9009 2 + 2
    6.4399 0.5 2
    6.75454 0.5 1
  6.9172 8 - 2
    4.7361 0.5 7
    6.77084 0.5 1
  6.9307 4 - 2
    6.4697 0.5 2
    6.78434 0.5 1
  6.934 2 - 2
    5.70372 0.5 4
    6.934 0.5 0
  6.9766 6 + 2
    6.5156 0.5 2
    6.83024 0.5 1
  6.986 2 - 2
    5.75572 0.5 4
    6.986 0.5 0
  6.9905 2 + 2
    6.5295 0.5 2
    6.84414 0.5 1
  7.037 4 - 2
    6.576 0.5 2
    6.89064 0.5 1
  7.0508 0 + 2
    5.82052 0.5 4
    7.0508 0.5 0
  7.0582 6 + 2
    6.5972 0.5 2
    6.91184 0.5 1
  7.0804 6 - 2
    5.19309 0.5 5
    5.85012 0.5 4
  7.2501 18 + 1
    1.9351 1 50
  7.8024 16 + 1
    2.4874 1 50

17 35 235
  0 3 + 0
  1.21944 1 + 1
    1.21944 1 0
  1.76315 5 + 1
    1.76315 1 0
  2.6456 7 + 2
    0.88245 0.094209 2
    2.6456 0.905791 0
  2.6936 3 + 3
    0.93045 0.130303 2
    1.47416 0.079782 1
    2.6936 0.789916 0
  3.00274 5 + 1
    3.00274 1 0
  3.1628 7 - 4
    0.16006 0.017059 5
    0.5172 0.080098 3
    1.39965 0.00297 2
    3.1628 0.899873 0
  3.91848 3 + 2
    2.15533 0.1803 2
    3.91848 0.8197 0
  3.9429 9 + 2
    1.2973 0.080037 3
    2.17975 0.919963 2
  3.9675 1 + 3
    1.2739 0.02022 4
    2.74806 0.777584 1
    3.9675 0.202196 0
  4.0592 3 - 3
    1.3656 0.012221 4
    2.29605 0.047932 2
    2.83976 0.939847 1
  4.1133 7 + 2
    2.35015 0.4792 2
    4.1133 0.5208 0
  4.17345 5 - 3
    1.47985 0.260126 4
    2.4103 0.161816 2
    4.17345 0.578058 0
  4.1779 3 - 3
    1.4843 0.079264 4
    2.95846 0.310978 1
    4.1779 0.609757 0
  4.3477 9 - 2
    1.1849 0.6711 6
    1.7021 0.3289 3
  4.6244 3 - 1
    4.6244 1 0
  4.7699 7 + 2
    1.6071 0.6211 6
    1.76716 0.3789 5
  4.83909 3 + 2
    3.07594 0.7246 2
    4.83909 0.2754 0
  4.8544 3 - 2
    3.63496 0.7519 1
    4.8544 0.2481 0
  4.8811 7 + 3
    1.87836 0.092591 5
    2.2355 0.290103 3
    3.11795 0.617306 2
  5.0104 3 + 1
    5.0104 1 0
  5.16331 7 - 3
    2.00051 0.4 6
    2.16057 0.1122 5
    3.40016 0.4878 2
  5.2158 5 + 1
    5.2158 1 0
  5.4036 3 - 2
    2.71 0.3865 4
    4.18416 0.6135 1
  5.4067 11 - 2
    1.059 0.1722 14
    2.2439 0.8278 6
  5.586 5 + 2
    2.9404 0.4012 3
    3.82285 0.5988 2
  5.5997 5 - 2
    3.83655 0.2593 2
    5.5997 0.7407 0
  5.646 7 + 1
    2.4832 1 6
  5.654 3 + 2
    2.65126 0.930228 5
    3.89085 0.069772 2
  5.683 3 - 1
    1.5051 1 13
  5.72352 5 + 2
    3.02992 0.3865 4
    3.96037 0.6135 2
  5.758 1 + 2
    1.5801 0.4012 13
    5.758 0.5988 0
  5.806 3 - 1
    5.806 1 0
  5.823 5 + 1
    2.6602 1 6
  5.9265 1 - 1
    1.5788 1 14
  6.0869 13 - 2
    0.680199 0.8475 24
    1.7392 0.1525 14
  6.106 1 - 3
    4.34285 0.058138 2
    4.88656 0.360486 1
    6.106 0.581377 0
  6.14 5 + 2
    4.37685 0.5 2
    4.92056 0.5 1
  6.181 1 - 1
    6.181 1 0
  6.2 1 - 2
    3.5064 0.5 4
    6.2 0.5 0
  6.225 1 - 2
    3.5314 0.5 4
    6.225 0.5 0
  6.379 5 - 2
    3.7334 0.5 3
    6.379 0.5 0
  6.402 9 - 2
    2.2887 0.5 11
    3.7564 0.5 3
  6.427 1 - 2
    3.7334 0.5 4
    6.427 0.5 0
  6.492 5 + 1
    6.492 1 0
  6.656 15 - 1
    1.2493 1 24
  6.681 1 + 2
    4.91785 0.5 2
    5.46156 0.5 1
  6.783 3 - 2
    5.01985 0.5 2
    5.56356 0.5 1
  6.802 5 + 2
    5.03885 0.5 2
    5.58256 0.5 1
  6.8664 9 - 2
    2.7531 0.5 11
    4.2208 0.5 3
  6.894 7 + 2
    4.2484 0.5 3
    6.894 0.5 0
  6.948 3 - 2
    5.18485 0.5 2
    5.72856 0.5 1
  6.986 5 + 2
    5.22285 0.5 2
    5.76656 0.5 1
  7.0659 5 + 2
    5.30275 0.5 2
    5.84646 0.5 1
  7.1034 3 - 2
    5.34025 0.5 2
    5.88396 0.5 1
  7.121 1 - 2
    4.4274 0.5 4
    7.121 0.5 0
  7.17 11 + 2
    3.0567 0.5 11
    4.5244 0.5 3
  7.1788 1 - 2
    4.4852 0.5 4
    7.1788 0.5 0
  7.1942 1 - 2
    4.5006 0.5 4
    7.1942 0.5 0
  7.21 3 + 2
    4.5644 0.5 3
    7.21 0.5 0
  7.2245 5 + 2
    5.46135 0.5 2
    6.00506 0.5 1
  7.2335 7 - 2
    4.23076 0.5 5
    5.47035 0.5 2
  7.2728 1 - 2
    4.5792 0.5 4
    7.2728 0.5 0
  7.301 3 + 2
    4.6554 0.5 3
    7.301 0.5 0
  7.348 5 + 2
    5.58485 0.5 2
    6.12856 0.5 1
  7.3631 3 - 2
    5.59995 0.5 2
    6.14366 0.5 1
  7.397 7 + 2
    4.7514 0.5 3
    7.397 0.5 0
  7.418 9 - 2
    3.3047 0.5 11
    4.7724 0.5 3
  7.4507 3 + 2
    4.8051 0.5 3
    7.4507 0.5 0
  7.5002 5 - 2
    4.8546 0.5 3
    7.5002 0.5 0
  7.5024 7 + 2
    4.8568 0.5 3
    7.5024 0.5 0
  7.5179 1 - 2
    4.8243 0.5 4
    7.5179 0.5 0
  7.5471 7 - 2
    4.54436 0.5 5
    5.78395 0.5 2
  7.5606 3 + 2
    4.915 0.5 3
    7.5606 0.5 0
  7.568 5 + 2
    5.80485 0.5 2
    6.34856 0.5 1
  7.587 3 - 2
    5.82385 0.5 2
    6.36756 0.5 1
  7.5991 5 + 2
    5.83595 0.5 2
    6.37966 0.5 1
  7.6181 1 - 2
    4.9245 0.5 4
    7.6181 0.5 0
  7.65 3 + 2
    5.0044 0.5 3
    7.65 0.5 0
  7.6566 5 - 2
    5.011 0.5 3
    7.6566 0.5 0
  7.67 9 + 2
    4.66726 0.5 5
    5.90685 0.5 2
  7.6717 1 - 2
    4.9781 0.5 4
    7.6717 0.5 0
  7.6845 3 - 2
    5.92135 0.5 2
    6.46506 0.5 1
  7.6936 5 + 2
    5.93045 0.5 2
    6.47416 0.5 1
  7.706 5 + 2
    5.94285 0.5 2
    6.48656 0.5 1
  7.73 7 - 2
    4.72726 0.5 5
    5.96685 0.5 2
  7.7445 3 + 2
    5.0989 0.5 3
    7.7445 0.5 0
  7.75 1 - 2
    5.0564 0.5 4
    7.75 0.5 0
  7.7764 5 + 2
    6.01325 0.5 2
    6.55696 0.5 1
  7.781 5 - 2
    5.1354 0.5 3
    7.781 0.5 0
  7.7965 1 - 2
    5.1029 0.5 4
    7.7965 0.5 0
  7.8373 3 - 2
    6.07415 0.5 2
    6.61786 0.5 1
  7.8387 7 + 2
    5.1931 0.5 3
    7.8387 0.5 0
  7.8683 3 + 2
    5.2227 0.5 3
    7.8683 0.5 0
  7.8727 9 + 3
    1.7858 0.077463 35
    1.9462 0.218309 34
    2.466 0.704228 24
  7.8805 3 - 2
    6.11735 0.5 2
    6.66106 0.5 1
  7.8989 1 + 2
    6.13575 0.5 2
    6.67946 0.5 1
  7.9219 11 - 2
    3.979 0.5 8
    4.7591 0.5 6
  7.9702 7 + 2
    5.3246 0.5 3
    7.9702 0.5 0
  7.979 3 - 2
    6.21585 0.5 2
    6.75956 0.5 1
  7.9887 3 + 2
    5.3431 0.5 3
    7.9887 0.5 0
  7.9951 5 - 2
    5.3495 0.5 3
    7.9951 0.5 0
  8.0003 7 + 2
    5.3547 0.5 3
    8.0003 0.5 0
  8.0045 5 + 2
    6.24135 0.5 2
    6.78506 0.5 1
  8.019 1 - 2
    5.3254 0.5 4
    8.019 0.5 0
  8.0361 1 - 2
    5.3425 0.5 4
    8.0361 0.5 0
  8.0384 1 + 2
    6.27525 0.5 2
    6.81896 0.5 1
  8.0757 3 - 2
    6.31255 0.5 2
    6.85626 0.5 1
  8.0954 5 + 2
    6.33225 0.5 2
    6.87596 0.5 1
  8.1 3 - 2
    6.33685 0.5 2
    6.88056 0.5 1
  8.106 3 + 2
    5.4604 0.5 3
    8.106 0.5 0
  8.1131 9 - 2
    3.9998 0.5 11
    5.4675 0.5 3
  8.121 7 + 2
    5.4754 0.5 3
    8.121 0.5 0
  8.1474 1 - 2
    5.4538 0.5 4
    8.1474 0.5 0
  8.1486 3 - 2
    6.38545 0.5 2
    6.92916 0.5 1
  8.1567 5 + 2
    6.39355 0.5 2
    6.93726 0.5 1
  8.172 5 + 2
    6.40885 0.5 2
    6.95256 0.5 1
  8.179 7 - 2
    5.17626 0.5 5
    6.41585 0.5 2
  8.2074 17 + 1
    1.5514 1 45
  8.2086 1 + 2
    6.44545 0.5 2
    6.98916 0.5 1
  8.2155 3 - 2
    6.45235 0.5 2
    6.99606 0.5 1
  8.2416 3 - 2
    6.47845 0.5 2
    7.02216 0.5 1
  8.2687 5 + 2
    6.50555 0.5 2
    7.04926 0.5 1
  8.2769 5 + 2
    6.51375 0.5 2
    7.05746 0.5 1
  8.2818 9 - 2
    4.1685 0.5 11
    5.6362 0.5 3
  8.2873 1 - 2
    5.5937 0.5 4
    8.2873 0.5 0
  8.2971 3 - 2
    6.53395 0.5 2
    7.07766 0.5 1
  8.30785 3 - 2
    6.5447 0.5 2
    7.08841 0.5 1
  8.3178 5 + 2
    6.55465 0.5 2
    7.09836 0.5 1
  8.3813 7 + 2
    5.7357 0.5 3
    8.3813 0.5 0
  8.3877 1 + 2
    6.62455 0.5 2
    7.16826 0.5 1
  8.4027 5 - 2
    5.7571 0.5 3
    8.4027 0.5 0
  8.4042 7 + 2
    5.7586 0.5 3
    8.4042 0.5 0
  8.4077 1 - 2
    5.7141 0.5 4
    8.4077 0.5 0
  8.4165 1 + 2
    6.65335 0.5 2
    7.19706 0.5 1
  8.4301 3 - 2
    6.66695 0.5 2
    7.21066 0.5 1
  8.4346 5 + 2
    6.67145 0.5 2
    7.21516 0.5 1
  8.4641 3 - 2
    6.70095 0.5 2
    7.24466 0.5 1
  8.4843 7 + 2
    5.8387 0.5 3
    8.4843 0.5 0
  8.4858 3 - 2
    6.72265 0.5 2
    7.26636 0.5 1
  8.5063 9 + 2
    5.50356 0.5 5
    6.74315 0.5 2
  8.5141 1 - 2
    5.8205 0.5 4
    8.5141 0.5 0
  8.5337 5 + 2
    6.77055 0.5 2
    7.31426 0.5 1
  8.5717 5 + 2
    6.80855 0.5 2
    7.35226 0.5 1
  8.5803 1 + 2
    6.81715 0.5 2
    7.36086 0.5 1
  8.5856 3 - 2
    6.82245 0.5 2
    7.36616 0.5 1
  8.5898 5 + 2
    6.82665 0.5 2
    7.37036 0.5 1
  8.6118 7 - 2
    5.60906 0.5 5
    6.84865 0.5 2
  8.6135 5 + 2
    6.85035 0.5 2
    7.39406 0.5 1
  8.6179 3 - 2
    6.85475 0.5 2
    7.39846 0.5 1
  8.6299 7 - 2
    5.62716 0.5 5
    6.86675 0.5 2
  8.6412 3 - 2
    6.87805 0.5 2
    7.42176 0.5 1
  8.654 11 + 2
    4.5407 0.5 11
    6.0084 0.5 3
  8.686 5 - 2
    6.0404 0.5 3
    8.686 0.5 0
  8.6881 1 + 2
    6.92495 0.5 2
    7.46866 0.5 1
  8.6895 1 - 2
    5.9959 0.5 4
    8.6895 0.5 0
  8.6967 3 - 2
    6.93355 0.5 2
    7.47726 0.5 1
  8.7 9 + 2
    5.69726 0.5 5
    6.93685 0.5 2
  8.7061 3 + 2
    6.0605 0.5 3
    8.7061 0.5 0
  8.7175 7 - 2
    5.71476 0.5 5
    6.95435 0.5 2
  8.7507 3 - 2
    6.98755 0.5 2
    7.53126 0.5 1
  8.7668 5 + 2
    7.00365 0.5 2
    7.54736 0.5 1
  8.7727 1 - 2
    6.0791 0.5 4
    8.7727 0.5 0
  8.7796 3 - 2
    7.01645 0.5 2
    7.56016 0.5 1
  8.787 19 + 1
    8.787 1 0
  8.7982 5 + 2
    7.03505 0.5 2
    7.57876 0.5 1
  8.8207 7 + 2
    6.1751 0.5 3
    8.8207 0.5 0
  8.824 1 + 2
    7.06085 0.5 2
    7.60456 0.5 1
  8.8279 1 - 2
    6.1343 0.5 4
    8.8279 0.5 0
  8.8291 1 + 2
    7.06595 0.5 2
    7.60966 0.5 1
  8.8329 5 - 2
    6.1873 0.5 3
    8.8329 0.5 0
  8.8372 7 - 2
    5.83446 0.5 5
    7.07405 0.5 2
  8.8441 3 + 1
    0.971399 1 94
  8.8559 5 + 2
    7.09275 0.5 2
    7.63646 0.5 1
  8.8684 3 - 2
    7.10525 0.5 2
    7.64896 0.5 1
  8.8839 9 - 2
    4.7706 0.5 11
    6.2383 0.5 3
  8.8859 5 + 2
    7.12275 0.5 2
    7.66646 0.5 1
  8.8932 3 - 2
    7.13005 0.5 2
    7.67376 0.5 1
  8.9046 3 + 2
    6.259 0.5 3
    8.9046 0.5 0
  8.9067 5 + 2
    7.14355 0.5 2
    7.68726 0.5 1
  8.9196 7 - 2
    5.91686 0.5 5
    7.15645 0.5 2
  8.9331 3 - 2
    7.16995 0.5 2
    7.71366 0.5 1
  8.9528 3 + 2
    6.3072 0.5 3
    8.9528 0.5 0
  8.9577 1 - 2
    6.2641 0.5 4
    8.9577 0.5 0
  8.9818 11 + 2
    4.8685 0.5 11
    6.3362 0.5 3
  8.984 5 - 2
    6.3384 0.5 3
    8.984 0.5 0
  8.9883 7 + 2
    6.3427 0.5 3
    8.9883 0.5 0
  8.9922 9 - 2
    4.8789 0.5 11
    6.3466 0.5 3
  8.9965 1 + 2
    7.23335 0.5 2
    7.77706 0.5 1
  9.0009 3 - 2
    7.23775 0.5 2
    7.78146 0.5 1
  9.0191 3 - 2
    7.25595 0.5 2
    7.79966 0.5 1
  9.0243 5 + 2
    7.26115 0.5 2
    7.80486 0.5 1
  9.0297 13 + 2
    3.623 0.5 24
    5.0868 0.5 8
  9.0329 7 - 2
    6.03016 0.5 5
    7.26975 0.5 2
  9.0381 1 - 2
    6.3445 0.5 4
    9.0381 0.5 0
  9.0461 5 + 2
    7.28295 0.5 2
    7.82666 0.5 1
  9.0482 3 + 2
    6.4026 0.5 3
    9.0482 0.5 0
  9.0811 5 + 2
    7.31795 0.5 2
    7.86166 0.5 1
  9.0883 1 - 2
    6.3947 0.5 4
    9.0883 0.5 0
  9.0991 3 - 2
    7.33595 0.5 2
    7.87966 0.5 1
  9.1002 7 + 2
    6.4546 0.5 3
    9.1002 0.5 0
  9.1072 9 - 2
    4.9939 0.5 11
    6.4616 0.5 3
  9.1099 5 + 2
    7.34675 0.5 2
    7.89046 0.5 1
  9.1238 5 - 2
    6.4782 0.5 3
    9.1238 0.5 0
  9.1349 3 + 2
    6.4893 0.5 3
    9.1349 0.5 0
  9.1381 1 - 2
    6.4445 0.5 4
    9.1381 0.5 0
  9.15 3 + 2
    6.5044 0.5 3
    9.15 0.5 0
  9.1555 7 - 2
    6.15276 0.5 5
    7.39235 0.5 2
  9.157 1 + 2
    7.39385 0.5 2
    7.93756 0.5 1
  9.1631 1 - 2
    6.4695 0.5 4
    9.1631 0.5 0
  9.1841 3 + 2
    6.5385 0.5 3
    9.1841 0.5 0
  9.1886 5 - 2
    6.543 0.5 3
    9.1886 0.5 0
  9.194 3 + 2
    6.5484 0.5 3
    9.194 0.5 0
  9.256 1 - 2
    6.5624 0.5 4
    9.256 0.5 0
  9.265 7 + 2
    6.6194 0.5 3
    9.265 0.5 0
  9.316 5 - 2
    6.6704 0.5 3
    9.316 0.5 0
  9.334 3 + 2
    6.6884 0.5 3
    9.334 0.5 0
  9.376 9 - 2
    5.2627 0.5 11
    6.7304 0.5 3
  9.4 1 + 2
    7.63685 0.5 2
    8.18056 0.5 1
  9.45 5 - 2
    6.8044 0.5 3
    9.45 0.5 0
  9.456 3 + 2
    6.8104 0.5 3
    9.456 0.5 0
  9.481 3 - 2
    7.71785 0.5 2
    8.26156 0.5 1
  9.508 7 + 2
    6.8624 0.5 3
    9.508 0.5 0
  9.525 5 - 2
    6.8794 0.5 3
    9.525 0.5 0
  9.551 5 + 2
    7.78785 0.5 2
    8.33156 0.5 1
  9.673 1 - 2
    6.9794 0.5 4
    9.673 0.5 0
  9.713 1 + 2
    7.94985 0.5 2
    8.49356 0.5 1
  9.74 3 - 2
    7.97685 0.5 2
    8.52056 0.5 1
  9.751 7 + 2
    7.1054 0.5 3
    9.751 0.5 0
  9.799 11 - 2
    5.8561 0.5 8
    6.6362 0.5 6
  9.814 5 + 2
    8.05085 0.5 2
    8.59456 0.5 1
  9.836 3 - 2
    8.07285 0.5 2
    8.61656 0.5 1
  9.87 1 + 2
    8.10685 0.5 2
    8.65056 0.5 1
  9.901 3 - 2
    8.13785 0.5 2
    8.68156 0.5 1
  9.922 3 + 2
    7.2764 0.5 3
    9.922 0.5 0

17 36 128
  0 4 + 0
  0.788442 6 + 1
    0.788442 1 0
  1.16489 2 + 2
    0.376448 0.00015 1
    1.16489 0.99985 0
  1.60112 2 + 3
    0.43623 0.210185 2
    0.812678 0.011669 1
    1.60112 0.778145 0
  1.9512 4 - 3
    0.78631 0.329313 2
    1.16276 0.071863 1
    1.9512 0.598824 0
  1.95941 4 + 3
    0.35829 0.015189 3
    1.17097 0.036049 1
    1.95941 0.948762 0
  2.46828 6 - 4
    0.50887 0.01354 5
    0.51708 0.967123 4
    1.67984 0.007736 1
    2.46828 0.0116 0
  2.49233 4 + 3
    0.53292 0.090167 5
    1.32744 0.819675 2
    2.49233 0.090157 0
  2.51842 10 - 2
    1.72998 0.956019 1
    2.51842 0.043981 0
  2.67643 2 + 2
    0.71702 0.00892 5
    2.67643 0.99108 0
  2.8106 8 - 4
    0.29218 0.390396 8
    0.34232 0.01921 6
    0.8594 0.110399 4
    2.02216 0.479995 1
  2.86396 6 + 3
    0.90455 0.007286 5
    2.07552 0.081974 1
    2.86396 0.91074 0
  2.89635 6 - 5
    0.08575 0.006217 10
    0.42807 0.009935 6
    0.93694 0.473009 5
    0.94515 0.099332 4
    2.89635 0.411507 0
  2.9947 4 - 3
    0.50237 0.016771 7
    1.0435 0.100603 4
    2.9947 0.882626 0
  3.10073 8 - 4
    0.20438 0.034049 12
    0.23677 0.016559 11
    0.58231 0.030329 8
    0.63245 0.919063 6
  3.12 0 + 2
    1.16059 0.5 5
    3.12 0.5 0
  3.2074 0 - 2
    1.60628 0.5 3
    2.04251 0.5 2
  3.33232 4 - 7
    0.33762 0.055392 13
    0.43597 0.157705 12
    0.46836 0.088013 11
    0.65589 0.005867 9
    0.86404 0.117304 6
    1.37291 0.366712 5
    1.7312 0.209007 3
  3.47004 4 + 3
    0.36931 0.20118 14
    1.51063 0.478352 5
    3.47004 0.320468 0
  3.566 2 + 2
    2.40111 0.5 2
    2.77756 0.5 1
  3.59955 6 - 7
    0.7032 0.028183 12
    0.73559 0.008926 11
    1.13127 0.469745 6
    1.64014 0.10801 5
    1.64835 0.131513 4
    2.81111 0.122112 1
    3.59955 0.131513 0
  3.63497 2 - 6
    0.30265 0.004844 17
    0.64027 0.0113 13
    0.95854 0.042498 9
    1.68377 0.161393 4
    2.47008 0.537876 2
    3.63497 0.242089 0
  3.66042 4 + 3
    0.66572 0.148915 13
    1.70922 0.425543 4
    3.66042 0.425543 0
  3.72379 8 - 2
    0.62306 0.187 14
    0.91319 0.813 10
  3.8259 2 + 2
    2.66101 0.5 2
    3.03746 0.5 1
  3.94129 2 + 2
    1.26486 0.5291 9
    3.15285 0.4709 1
  3.96284 4 - 7
    0.63052 0.009909 17
    0.96814 0.029063 13
    1.06649 0.079267 12
    2.00343 0.181617 5
    2.01164 0.099089 4
    2.79795 0.270825 2
    3.96284 0.33023 0
  3.99206 6 - 2
    2.03265 0.5 5
    3.99206 0.5 0
  4.03195 4 - 2
    0.37153 0.006953 22
    2.86706 0.993047 2
  4.06147 2 - 3
    0.72915 0.01401 17
    2.11027 0.447196 4
    4.06147 0.538795 0
  4.13894 6 - 5
    0.47852 0.138806 22
    0.50397 0.024101 21
    0.53939 0.061262 20
    2.17953 0.408316 5
    3.3505 0.367515 1
  4.20564 2 + 3
    2.24623 0.540554 5
    3.04075 0.118912 2
    4.20564 0.340534 0
  4.2943 12 - 2
    1.4837 0.055709 10
    1.77588 0.944291 8
  4.2997 0 + 3
    1.62327 0.067491 9
    2.69858 0.613506 3
    3.13481 0.319003 2
  4.31565 4 - 2
    2.35624 0.6711 5
    2.36445 0.3289 4
  4.41006 0 + 3
    0.46877 0.041452 25
    3.24517 0.440422 2
    3.62162 0.518126 1
  4.49671 4 - 3
    0.46476 0.020688 28
    2.5373 0.689638 5
    3.70827 0.289674 1
  4.52522 2 + 4
    0.22552 0.008306 33
    0.46375 0.009682 29
    3.73678 0.290474 1
    4.52522 0.691538 0
  4.5515 8 + 2
    3.38661 0.2424 2
    4.5515 0.7576 0
  4.59855 6 - 7
    0.45961 0.03066 30
    0.999 0.03376 20
    1.78795 0.388 10
    2.63914 0.1591 5
    2.64735 0.2872 4
    3.81011 0.05161 1
    4.59855 0.04967 0
  4.7236 10 + 2
    1.913 0.5 10
    3.93516 0.5 1
  4.738 2 + 2
    3.57311 0.5 2
    3.94956 0.5 1
  4.75423 0 + 1
    3.58934 1 2
  4.75799 6 - 7
    0.61905 0.006216 30
    0.69652 0.013861 29
    1.42567 0.071706 17
    1.65726 0.22942 14
    2.26566 0.062145 7
    2.28971 0.478041 6
    4.75799 0.138612 0
  4.82958 8 + 2
    4.04114 0.3007 1
    4.82958 0.6993 0
  4.8467 2 - 2
    2.88729 0.5 5
    4.8467 0.5 0
  4.8767 4 + 2
    2.91729 0.5 5
    4.8767 0.5 0
  4.884 14 - 1
    2.36558 1 8
  4.9565 6 + 2
    3.79161 0.5 2
    4.16806 0.5 1
  4.99 2 - 2
    3.03059 0.5 5
    4.99 0.5 0
  4.9974 4 + 2
    1.03456 0.8475 26
    2.13344 0.1525 11
  5.0182 0 - 4
    0.4667 0.040048 38
    1.07691 0.038898 25
    2.54992 0.348983 6
    5.0182 0.572071 0
  5.07917 2 + 1
    5.07917 1 0
  5.1507 4 - 5
    1.08923 0.049505 29
    1.51573 0.108911 21
    2.25435 0.330033 12
    2.68242 0.221122 6
    5.1507 0.290429 0
  5.20465 4 - 3
    2.52822 0.4292 9
    4.41621 0.2103 1
    5.20465 0.3605 0
  5.24671 6 + 6
    2.38275 0.2065 11
    2.57028 0.09783 9
    3.29551 0.1268 4
    3.64559 0.05797 3
    4.45827 0.1486 1
    5.24671 0.3623 0
  5.26313 8 + 4
    1.23118 0.374537 28
    3.31193 0.161016 4
    4.09824 0.10111 2
    5.26313 0.363336 0
  5.30812 2 - 2
    3.34871 0.5 5
    5.30812 0.5 0
  5.3134 14 + 2
    1.0191 0.5621 32
    2.79498 0.4379 8
  5.32918 6 - 2
    3.72806 0.359 3
    4.16429 0.641 2
  5.368 2 + 2
    4.20311 0.5 2
    4.57956 0.5 1
  5.4635 4 - 4
    0.4661 0.0189 50
    1.82853 0.428804 21
    3.5123 0.091291 4
    4.29861 0.461005 2
  5.47371 0 + 3
    0.45551 0.1018 51
    4.30882 0.2994 2
    5.47371 0.5988 0
  5.51776 6 - 8
    1.20211 0.035961 34
    2.6538 0.022211 11
    3.02543 0.019041 7
    3.55835 0.053942 5
    3.56656 0.096773 4
    3.91664 0.021151 3
    4.72932 0.222107 1
    5.51776 0.528816 0
  5.544 10 + 2
    2.7334 0.5 10
    4.75556 0.5 1
  5.56366 4 - 4
    2.23134 0.3636 17
    2.75306 0.1116 10
    3.60425 0.4132 5
    3.61246 0.1116 4
  5.57853 2 + 5
    0.427829 0.060706 53
    3.0862 0.159716 7
    3.62733 0.230023 4
    3.97741 0.230023 3
    4.41364 0.319532 2
  5.60444 4 + 4
    2.74048 0.1706 11
    3.13616 0.1517 6
    4.816 0.2038 1
    5.60444 0.4739 0
  5.61923 8 - 2
    3.66803 0.5 4
    4.83079 0.5 1
  5.6944 2 - 2
    3.73499 0.5 5
    5.6944 0.5 0
  5.70315 6 + 3
    3.21082 0.099927 7
    3.75195 0.159895 4
    5.70315 0.740178 0
  5.73413 0 - 5
    0.97614 0.012971 43
    0.9799 0.025952 42
    1.52849 0.091307 31
    4.94569 0.480538 1
    5.73413 0.389231 0
  5.77839 4 + 3
    0.76019 0.0502 51
    4.98995 0.6784 1
    5.77839 0.2714 0
  5.78001 2 - 1
    0.46661 1 58
  5.8319 8 + 2
    3.87249 0.5 5
    5.8319 0.5 0
  5.8666 6 - 2
    3.90719 0.5 5
    5.8666 0.5 0
  5.89848 4 + 2
    3.93907 0.5 5
    5.89848 0.5 0
  5.91201 2 - 2
    3.9526 0.5 5
    5.91201 0.5 0
  5.9476 4 + 2
    3.98819 0.5 5
    5.9476 0.5 0
  5.95678 0 - 4
    3.99737 0.158194 5
    4.35566 0.338486 3
    4.79189 0.063737 2
    5.95678 0.439582 0
  5.9676 2 + 2
    4.80271 0.5 2
    5.17916 0.5 1
  5.986 6 - 2
    4.02659 0.5 5
    5.986 0.5 0
  6.027 4 + 2
    4.06759 0.5 5
    6.027 0.5 0
  6.04232 4 - 4
    1.5171 0.179409 37
    2.40735 0.448422 21
    2.94159 0.300415 14
    4.09112 0.071754 4
  6.0511 2 + 2
    4.88621 0.5 2
    5.26266 0.5 1
  6.08484 8 - 2
    4.13364 0.5 4
    5.2964 0.5 1
  6.08987 6 + 3
    0.61616 0.1369 62
    2.42945 0.2679 22
    4.13867 0.5952 4
  6.095 2 - 2
    4.13559 0.5 5
    6.095 0.5 0
  6.146 10 + 2
    3.3354 0.5 10
    5.35756 0.5 1
  6.18496 0 - 1
    6.18496 1 0
  6.2364 4 + 2
    4.27699 0.5 5
    6.2364 0.5 0
  6.2537 6 - 5
    0.77999 0.060844 62
    4.29429 0.220513 5
    4.65258 0.148309 3
    5.08881 0.190111 2
    6.2537 0.380223 0
  6.2684 2 + 5
    0.22608 0.002867 83
    1.85834 0.270285 35
    2.79836 0.270285 18
    3.4578 0.047087 10
    6.2684 0.409477 0
  6.34 4 - 1
    6.34 1 0
  6.34435 8 + 3
    1.26518 0.29 52
    2.28288 0.5 29
    6.34435 0.21 0
  6.35493 4 + 4
    0.57654 0.02369 72
    3.45858 0.186604 12
    3.49097 0.071791 11
    4.75381 0.717914 3
  6.37955 2 - 3
    1.38215 0.1511 50
    4.42014 0.1295 5
    6.37955 0.7194 0
  6.42351 6 - 4
    2.95347 0.1302 18
    3.52716 0.1598 12
    5.63507 0.1183 1
    6.42351 0.5917 0
  6.44 0 + 2
    4.48059 0.5 5
    6.44 0.5 0
  6.469 2 - 2
    4.50959 0.5 5
    6.469 0.5 0
  6.48776 6 + 2
    2.52492 0.4413 26
    6.48776 0.5587 0
  6.5046 4 - 2
    5.33971 0.5 2
    5.71616 0.5 1
  6.5284 2 + 2
    5.36351 0.5 2
    5.73996 0.5 1
  6.53821 8 - 4
    0.49589 0.018719 83
    3.06817 0.347583 18
    4.58701 0.534773 4
    5.37332 0.098925 2
  6.5447 4 + 3
    0.841551 0.122088 70
    1.5265 0.408459 51
    6.5447 0.469453 0
  6.5767 6 - 2
    4.61729 0.5 5
    6.5767 0.5 0
  6.5952 2 + 2
    5.43031 0.5 2
    5.80676 0.5 1
  6.60438 0 - 6
    0.87025 0.032484 71
    1.08662 0.141517 63
    1.52521 0.171721 52
    2.66309 0.232028 25
    3.27206 0.211125 17
    4.11205 0.211125 7
  6.618 4 + 2
    4.65859 0.5 5
    6.618 0.5 0
  6.64276 2 - 3
    2.34306 0.171602 33
    4.17448 0.082091 6
    6.64276 0.746307 0
  6.67313 6 + 2
    5.50824 0.5 2
    5.88469 0.5 1
  6.683 4 - 2
    5.51811 0.5 2
    5.89456 0.5 1
  6.75 10 + 2
    3.9394 0.5 10
    5.96156 0.5 1
  6.77321 8 - 2
    2.56757 0.6579 31
    2.71174 0.3421 29
  6.826 2 + 2
    5.66111 0.5 2
    6.03756 0.5 1
  6.83652 4 - 3
    1.25799 0.170483 66
    3.5042 0.568143 17
    4.88532 0.261374 4
  6.893 6 + 2
    5.72811 0.5 2
    6.10456 0.5 1
  6.9524 0 - 3
    3.29198 0.311831 22
    5.0012 0.150515 4
    6.9524 0.537654 0
  6.9971 2 + 2
    5.83221 0.5 2
    6.20866 0.5 1
  7.08271 4 - 3
    0.538009 0.082354 104
    4.08801 0.588229 13
    5.1233 0.329416 5
  7.165 6 + 2
    6.00011 0.5 2
    6.37656 0.5 1
  7.512 12 - 2
    4.41127 0.5 14
    4.7014 0.5 10
  7.55919 2 + 2
    2.23001 0.7299 59
    7.55919 0.2701 0
  7.564 4 - 3
    5.07167 0.180682 7
    5.60459 0.39916 5
    5.96288 0.420158 3
  7.665 8 + 2
    5.70559 0.5 5
    7.665 0.5 0
  7.755 6 - 2
    5.79559 0.5 5
    7.755 0.5 0
  7.87 4 + 2
    5.91059 0.5 5
    7.87 0.5 0
  8.184 2 - 2
    6.22459 0.5 5
    8.184 0.5 0

17 37 83
  0 3 + 0
  1.72658 1 + 1
    1.72658 1 0
  3.08614 5 + 1
    3.08614 1 0
  3.1035 7 - 1
    3.1035 1 0
  3.62682 3 + 2
    1.90024 0.4286 1
    3.62682 0.5714 0
  3.70779 3 + 3
    0.62165 0.1022 2
    1.98121 0.1679 1
    3.70779 0.7299 0
  3.74122 5 - 1
    3.74122 1 0
  4.00987 9 - 2
    0.906371 0.6897 3
    4.00987 0.3103 0
  4.01629 3 + 3
    0.93015 0.4785 2
    2.28971 0.1914 1
    4.01629 0.3301 0
  4.17664 3 - 5
    0.435421 0.02019 6
    0.549821 0.2607 4
    1.07314 0.08831 3
    1.0905 0.2103 2
    4.17664 0.4205 0
  4.26887 1 + 1
    2.54229 1 1
  4.27259 7 - 3
    0.53137 0.019949 6
    1.16909 0.949662 3
    1.18645 0.030389 2
  4.3963 5 + 2
    0.65508 0.01961 6
    4.3963 0.98039 0
  4.45997 7 - 2
    1.35647 0.5714 3
    1.37383 0.4286 2
  4.5456 11 - 1
    0.535729 1 7
  4.80121 5 + 1
    4.80121 1 0
  4.8109 7 + 2
    1.06968 0.2126 6
    1.7074 0.7874 3
  4.83761 5 - 3
    1.73411 0.050362 3
    1.75147 0.230209 2
    4.83761 0.719429 0
  4.85396 3 - 5
    1.11274 0.079872 6
    1.22714 0.201306 4
    1.76782 0.169305 2
    3.12738 0.31951 1
    4.85396 0.230007 0
  4.9042 7 + 2
    1.81806 0.2 2
    4.9042 0.8 0
  4.9206 9 + 2
    0.910729 0.2593 7
    1.8171 0.7407 3
  4.923 1 + 1
    4.923 1 0
  4.9608 3 - 2
    1.87466 0.8475 2
    4.9608 0.1525 0
  4.974 5 + 2
    0.964129 0.4506 7
    1.8705 0.5494 3
  5.0093 5 - 1
    5.0093 1 0
  5.0552 3 + 2
    3.32862 0.3007 1
    5.0552 0.6993 0
  5.0591 7 + 4
    1.43228 0.099445 4
    1.9556 0.149193 3
    1.97296 0.19889 2
    5.0591 0.552472 0
  5.143 3 + 1
    5.143 1 0
  5.2287 1 - 2
    1.60188 0.0991 4
    5.2287 0.9009 0
  5.2706 13 - 1
    0.725 1 14
  5.283 3 - 1
    3.55642 1 1
  5.3074 3 + 3
    2.22126 0.5 2
    3.58082 0.25 1
    5.3074 0.25 0
  5.3171 5 - 3
    1.57588 0.3005 6
    2.23096 0.4484 2
    5.3171 0.2511 0
  5.3725 5 - 2
    1.63128 0.5 6
    3.64592 0.5 1
  5.379 5 - 1
    2.2755 1 3
  5.406 1 - 1
    3.67942 1 1
  5.49068 5 + 4
    1.78289 0.3521 5
    2.38718 0.2359 3
    2.40454 0.2359 2
    5.49068 0.1761 0
  5.5284 9 - 1
    1.51853 1 7
  5.547 7 - 2
    1.0014 0.5 14
    1.53713 0.5 7
  5.5701 5 - 4
    1.11013 0.090227 13
    1.82888 0.090227 6
    2.4666 0.751877 3
    2.48396 0.067668 2
  5.595 1 - 1
    2.50886 1 2
  5.6179 3 + 2
    1.87668 0.1228 6
    5.6179 0.8772 0
  5.6453 5 + 2
    1.93751 0.1736 5
    2.55916 0.8264 2
  5.7009 9 - 3
    1.1553 0.332 14
    1.24093 0.4 13
    1.42831 0.268 11
  5.7263 7 - 2
    1.71643 0.1453 7
    1.98508 0.8547 6
  5.9093 3 - 2
    2.8058 0.4012 3
    2.82316 0.5988 2
  5.915 1 - 3
    2.17378 0.1018 6
    4.18842 0.2994 1
    5.915 0.5988 0
  5.931 3 + 1
    2.8275 1 3
  5.944 5 + 1
    5.944 1 0
  5.978 5 + 3
    2.35118 0.1988 4
    2.89186 0.1988 2
    5.978 0.6024 0
  5.9859 3 - 3
    2.27811 0.3134 5
    2.89976 0.4975 2
    5.9859 0.1891 0
  6.0006 7 - 1
    1.455 1 14
  6.0153 3 - 4
    2.27408 0.282892 6
    2.38848 0.398388 4
    2.92916 0.091627 2
    6.0153 0.227093 0
  6.0422 3 + 2
    2.41538 0.6993 4
    6.0422 0.3007 0
  6.047 5 - 1
    2.03713 1 7
  6.197 7 + 1
    1.2764 1 20
  6.3051 3 + 2
    4.57852 0.2248 1
    6.3051 0.7752 0
  6.3238 3 - 2
    2.58258 0.5 6
    6.3238 0.5 0
  6.358 7 - 2
    2.73118 0.5 4
    3.27186 0.5 2
  6.372 5 + 1
    6.372 1 0
  6.415 3 - 3
    2.14613 0.3506 10
    2.70721 0.251 5
    2.78818 0.3984 4
  6.4883 1 + 1
    6.4883 1 0
  6.601 1 + 2
    2.0554 0.3007 14
    2.59113 0.6993 7
  6.6689 1 + 1
    6.6689 1 0
  6.7018 5 + 2
    2.24183 0.5714 13
    6.7018 0.4286 0
  6.732 1 + 1
    6.732 1 0
  7.0202 1 + 1
    1.7496 1 29
  7.0794 5 + 1
    7.0794 1 0
  7.15 1 - 1
    7.15 1 0
  7.2 9 - 3
    1.003 0.09909 55
    2.277 0.450455 21
    2.6544 0.450455 14
  7.2244 1 + 2
    5.49782 0.3548 1
    7.2244 0.6452 0
  7.2545 11 - 1
    7.2545 1 0
  7.3 5 + 2
    5.57342 0.2481 1
    7.3 0.7519 0
  7.6868 3 - 1
    7.6868 1 0
  7.735 1 + 3
    1.538 0.333333 55
    1.688 0.333333 54
    3.1894 0.333333 14
  7.92 7 - 2
    4.8165 0.5 3
    4.83386 0.5 2
  7.99 3 + 1
    3.4444 1 14
  8.1774 9 - 1
    1.1572 1 66
  8.678 1 + 1
    3.4074 1 29
  10.2222 7 - 2
    7.1187 0.5 3
    7.13606 0.5 2
  10.3123 3 + 2
    6.68548 0.5 4
    10.3123 0.5 0
  10.3146 15 - 2
    3.0601 0.5 71
    5.769 0.5 14
  10.319 1 + 2
    7.23286 0.5 2
    8.59242 0.5 1

17 38 87
  0 4 - 0
  0.671365 10 - 1
    0.671365 1 0
  0.755431 6 - 1
    0.755431 1 0
  1.30905 8 - 3
    0.553619 0.1778 2
    0.637685 0.7564 1
    1.30905 0.0658 0
  1.61741 6 - 4
    0.30836 0.503105 3
    0.861979 0.276603 2
    0.946045 0.03319 1
    1.61741 0.187102 0
  1.69246 2 - 2
    0.937029 0.074928 2
    1.69246 0.925072 0
  1.74581 2 - 1
    1.74581 1 0
  1.78497 6 - 1
    1.02954 1 2
  1.82 2 + 1
    1.82 1 0
  1.942 2 + 2
    0.19619 0.001001 6
    1.942 0.998999 0
  1.98119 4 - 4
    0.28873 0.1056 5
    0.36378 0.2204 4
    1.22576 0.2378 2
    1.98119 0.4362 0
  2.4525 0 + 2
    0.70669 0.5 6
    0.76004 0.5 5
  2.74312 6 - 5
    0.95815 0.253298 7
    1.12571 0.138199 4
    1.43407 0.328897 3
    1.98769 0.088809 2
    2.74312 0.190798 0
  2.75109 2 + 1
    2.75109 1 0
  2.8952 6 - 1
    2.8952 1 0
  2.9526 2 + 2
    1.1326 0.5 8
    2.9526 0.5 0
  3.2541 4 + 2
    1.63669 0.5 4
    2.49867 0.5 2
  3.2935 4 + 2
    1.67609 0.5 4
    2.53807 0.5 2
  3.4036 8 + 2
    2.64817 0.5 2
    2.73224 0.5 1
  3.5384 2 + 1
    3.5384 1 0
  3.5658 4 + 2
    1.81999 0.1803 6
    3.5658 0.8197 0
  3.6852 6 + 1
    3.6852 1 0
  3.7568 4 + 1
    1.97183 1 7
  3.8226 6 - 1
    2.20519 1 4
  3.8626 6 - 1
    2.24519 1 4
  3.89356 6 - 5
    1.91237 0.177 10
    2.2011 0.06996 5
    2.27615 0.09054 4
    3.13813 0.4115 2
    3.89356 0.251 0
  3.9363 0 + 2
    2.19049 0.5 6
    2.24384 0.5 5
  3.9747 2 - 1
    3.9747 1 0
  4.01129 4 - 1
    2.0301 1 10
  4.063 8 + 2
    3.30757 0.5 2
    3.39163 0.5 1
  4.0735 8 + 1
    2.09231 1 10
  4.2892 4 + 2
    0.7234 0.5556 20
    2.54339 0.4444 6
  4.349 0 - 2
    2.529 0.5 8
    4.349 0.5 0
  4.4054 4 + 1
    4.4054 1 0
  4.412 0 - 2
    2.592 0.5 8
    4.412 0.5 0
  4.506 2 + 2
    2.686 0.5 8
    4.506 0.5 0
  4.8125 4 - 2
    3.50345 0.5 3
    4.8125 0.5 0
  4.836 10 + 1
    3.05103 1 7
  4.973 12 - 2
    0.137 0.5 37
    3.66395 0.5 3
  5.068 2 + 2
    3.248 0.5 8
    5.068 0.5 0
  5.098 4 - 2
    3.78895 0.5 3
    5.098 0.5 0
  5.498 8 + 2
    4.74257 0.5 2
    4.82664 0.5 1
  6.11596 4 + 2
    4.49855 0.5 4
    5.36053 0.5 2
  6.13274 2 + 2
    4.31274 0.5 8
    6.13274 0.5 0
  6.13498 0 - 2
    4.31498 0.5 8
    6.13498 0.5 0
  6.13922 2 - 2
    4.52181 0.5 4
    5.38379 0.5 2
  6.14914 4 - 2
    4.84009 0.5 3
    6.14914 0.5 0
  6.15315 4 + 2
    4.53574 0.5 4
    5.39772 0.5 2
  6.15807 6 - 2
    5.40264 0.5 2
    5.48671 0.5 1
  6.16156 2 + 2
    4.34156 0.5 8
    6.16156 0.5 0
  6.16732 8 - 2
    4.85827 0.5 3
    6.16732 0.5 0
  6.17283 0 + 2
    4.42702 0.5 6
    4.48037 0.5 5
  6.18241 10 - 2
    5.42697 0.5 2
    5.51104 0.5 1
  6.19185 6 + 2
    4.8828 0.5 3
    6.19185 0.5 0
  6.19857 4 + 2
    4.58116 0.5 4
    5.44314 0.5 2
  6.2032 2 - 2
    4.58579 0.5 4
    5.44777 0.5 2
  6.2196 14 - 2
    0.037195 0.5 52
    5.54824 0.5 1
  6.22984 4 + 2
    4.61243 0.5 4
    5.47441 0.5 2
  6.23119 2 - 2
    4.61379 0.5 4
    5.47576 0.5 2
  6.2323 6 + 2
    4.92325 0.5 3
    6.2323 0.5 0
  6.2362 8 - 2
    4.92715 0.5 3
    6.2362 0.5 0
  6.2397 4 + 2
    4.62229 0.5 4
    5.48427 0.5 2
  6.24421 2 - 2
    4.6268 0.5 4
    5.48878 0.5 2
  6.24782 0 + 2
    4.50201 0.5 6
    4.55536 0.5 5
  6.25122 6 - 2
    5.49578 0.5 2
    5.57985 0.5 1
  6.25401 4 + 2
    4.6366 0.5 4
    5.49858 0.5 2
  6.25795 2 - 2
    4.64054 0.5 4
    5.50252 0.5 2
  6.26129 6 + 2
    4.95224 0.5 3
    6.26129 0.5 0
  6.26849 4 - 2
    4.95944 0.5 3
    6.26849 0.5 0
  6.26997 2 + 2
    4.44997 0.5 8
    6.26997 0.5 0
  6.27158 8 - 2
    4.96253 0.5 3
    6.27158 0.5 0
  6.27239 0 + 2
    4.52658 0.5 6
    4.57993 0.5 5
  6.27995 4 - 2
    4.9709 0.5 3
    6.27995 0.5 0
  6.28191 2 + 2
    4.46191 0.5 8
    6.28191 0.5 0
  6.283 6 - 2
    5.52757 0.5 2
    5.61164 0.5 1
  6.28651 4 + 2
    4.6691 0.5 4
    5.53108 0.5 2
  6.28996 10 - 2
    5.53453 0.5 2
    5.6186 0.5 1
  6.29356 2 + 2
    4.47356 0.5 8
    6.29356 0.5 0
  6.30238 6 - 2
    5.54695 0.5 2
    5.63102 0.5 1
  6.31078 4 + 2
    4.69337 0.5 4
    5.55535 0.5 2
  6.3155 8 - 2
    5.00645 0.5 3
    6.3155 0.5 0
  6.31811 2 + 2
    4.49811 0.5 8
    6.31811 0.5 0
  6.31983 0 - 2
    4.49983 0.5 8
    6.31983 0.5 0
  6.32164 4 + 2
    4.70423 0.5 4
    5.56621 0.5 2
  6.32249 6 - 2
    5.56706 0.5 2
    5.65113 0.5 1
  6.32321 2 + 2
    4.50321 0.5 8
    6.32321 0.5 0
  8.216 0 + 2
    6.47019 0.5 6
    6.52354 0.5 5

17 39 31
  0 3 + 0
  0.39642 1 + 1
    0.39642 1 0
  1.30122 5 + 2
    0.9048 0.060153 1
    1.30122 0.939847 0
  1.69736 5 - 2
    0.39614 0.4506 2
    1.69736 0.5494 0
  1.7225 5 + 3
    0.42128 0.068637 2
    1.32608 0.49018 1
    1.7225 0.441182 0
  1.74498 7 + 2
    0.44376 0.3711 2
    1.74498 0.6289 0
  1.78589 7 - 1
    0.48467 1 2
  2.0604 5 + 1
    2.0604 1 0
  2.2379 1 + 2
    1.84148 0.7692 1
    2.2379 0.2308 0
  2.42374 9 + 3
    0.63785 0.671134 6
    0.67876 0.087254 5
    1.12252 0.241612 2
  2.4894 5 + 1
    1.18818 1 2
  2.5717 9 - 1
    0.87434 1 3
  2.586 9 - 1
    1.28478 1 2
  2.8344 11 + 2
    0.41066 0.8696 9
    1.08942 0.1304 5
  3.1156 3 - 1
    1.37062 1 5
  3.171 5 + 2
    1.86978 0.5 2
    2.77458 0.5 1
  3.34 3 - 2
    2.03878 0.5 2
    2.94358 0.5 1
  3.475 5 + 2
    2.17378 0.5 2
    3.07858 0.5 1
  3.5194 15 + 1
    0.685 1 13
  3.5338 9 + 3
    1.11006 0.581377 9
    1.78882 0.319787 5
    2.23258 0.098836 2
  3.9072 3 - 2
    1.48346 0.5 9
    2.60598 0.5 2
  4.013 5 + 2
    2.71178 0.5 2
    3.61658 0.5 1
  4.0504 1 - 2
    3.65398 0.5 1
    4.0504 0.5 0
  4.35 5 + 2
    3.04878 0.5 2
    3.95358 0.5 1
  4.3544 3 - 2
    2.56851 0.5 6
    3.05318 0.5 2
  4.63 5 + 2
    3.32878 0.5 2
    4.23358 0.5 1
  5.18 5 + 2
    3.87878 0.5 2
    4.78358 0.5 1
  5.45 5 + 2
    4.14878 0.5 2
    5.05358 0.5 1
  5.7 5 + 2
    4.39878 0.5 2
    5.30358 0.5 1
  5.98 5 + 2
    4.67878 0.5 2
    5.58358 0.5 1
  7.6 5 + 2
    6.29878 0.5 2
    7.20358 0.5 1

17 40 19
  0 4 - 0
  0.21162 2 - 1
    0.21162 1 0
  0.24403 6 - 1
    0.24403 1 0
  0.3671 4 - 1
    0.15548 1 1
  0.4318 8 - 1
    0.4318 1 0
  0.60128 8 - 2
    0.35725 0.920818 2
    0.60128 0.079182 0
  0.68095 8 - 1
    0.43692 1 2
  0.83916 10 - 3
    0.15821 0.08295 6
    0.23788 0.8539 5
    0.59513 0.06315 2
  0.8895 2 + 3
    0.4577 0.087909 4
    0.67788 0.549495 1
    0.8895 0.362596 0
  1.16 0 + 1
    0.94838 1 1
  1.2933 6 + 3
    0.4038 0.19722 8
    1.08168 0.458746 1
    1.2933 0.344034 0
  1.58 4 + 2
    1.33597 0.5 2
    1.36838 0.5 1
  1.74 2 + 2
    1.3729 0.5 3
    1.74 0.5 0
  2.0147 12 - 1
    1.17554 1 7
  2.1942 10 + 2
    1.51325 0.7042 6
    1.59292 0.2958 5
  2.3072 2 + 2
    1.0139 0.6993 10
    1.8754 0.3007 4
  2.4137 12 + 1
    0.2195 1 14
  2.6204 14 - 2
    0.6057 0.7042 13
    1.78124 0.2958 7
  4.0871 16 - 1
    1.4667 1 17

17 41 5
  0 1 + 0
  0.1302 3 + 1
    0.1302 1 0
  0.8912 5 + 1
    0.761 1 1
  1.4448 7 + 1
    0.5536 1 2
  2.451 9 + 1
    1.0062 1 3

17 42 12
  0 4 - 0
  0.1184 0 - 1
    0.1184 1 0
  0.5893 2 - 2
    0.4709 0.939847 1
    0.5893 0.060153 0
  0.8422 6 - 2
    0.7238 0.7587 1
    0.8422 0.2413 0
  1.268 2 + 4
    0.4258 0.301994 3
    0.6787 0.522489 2
    1.1496 0.102898 1
    1.268 0.072619 0
  1.5505 8 + 1
    1.5505 1 0
  1.5777 4 + 1
    1.4593 1 1
  1.7113 10 + 4
    0.1608 0.2338 5
    0.8691 0.2185 3
    1.122 0.3077 2
    1.5929 0.24 1
  1.8361 6 + 1
    1.2468 1 2
  2.1238 2 + 5
    0.2877 0.015109 8
    1.2816 0.581071 3
    1.5345 0.162692 2
    2.0054 0.217889 1
    2.1238 0.023239 0
  2.2417 4 - 1
    1.3995 1 3
  3.0304 2 + 5
    1.1943 0.097197 8
    1.3191 0.571783 7
    1.4527 0.078328 6
    2.1882 0.136096 3
    2.4411 0.116597 2

17 43 5
  0 1 + 0
  0.329 3 + 1
    0.329 1 0
  0.944 5 + 1
    0.615 1 1
  1.34 5 + 1
    1.34 1 0
  1.829 7 + 1
    0.885 1 2

17 44 2
  0 4 - 0
  0.475 8 - 1
    0.475 1 0

17 45 4
  0 1 + 0
  0.127 3 + 1
    0.127 1 0
  0.928 5 + 1
    0.928 1 0
  1.616 7 + 1
    1.616 1 0

17 46 1
  0 2 - 0

17 47 1
  0 3 + 0

17 48 1
  0 2 - 0

17 49 1
  0 3 + 0

17 50 1
  0 4 - 0

17 51 1
  0 3 + 0
