30 54 1
  0 0 + 0

30 55 1
  0 5 - 0

30 56 1
  0 0 + 0

30 57 1
  0 7 - 0

30 58 1
  0 0 + 0

30 59 9
  0 3 - 0
  0.54 1 - 1
    0.54 1 0
  0.8942 5 - 1
    0.8942 1 0
  1.32 7 - 1
    1.32 1 0
  1.397 7 - 1
    1.397 1 0
  1.8144 7 - 3
    0.4174 0.347 4
    0.9202 0.2088 2
    1.8144 0.4442 0
  2.3332 9 - 1
    1.439 1 2
  2.6094 3 - 1
    0.795 1 5
  3.3862 13 - 1
    1.053 1 6

30 60 51
  0 0 + 0
  1.0039 4 + 1
    1.0039 1 0
  2.193 8 + 1
    1.1891 1 1
  2.5588 4 + 2
    1.5549 0.4792 1
    2.5588 0.5208 0
  3.0347 2 + 1
    2.0308 1 1
  3.2 6 + 1
    0.1653 1 4
  3.5101 4 + 2
    1.3171 0.1228 2
    2.5062 0.8772 1
  3.6268 2 - 1
    2.6229 1 1
  3.71 8 + 2
    1.517 0.5 2
    2.7061 0.5 1
  3.8084 12 + 1
    1.6154 1 2
  3.8118 4 + 1
    2.8079 1 1
  3.9723 4 - 4
    0.4622 0.062975 6
    1.7793 0.139889 2
    2.9684 0.097892 1
    3.9723 0.699244 0
  4.18 6 - 2
    1.987 0.5 2
    3.1761 0.5 1
  4.1999 10 + 2
    0.6898 0.3296 6
    2.0069 0.6704 2
  4.3508 10 + 1
    2.1578 1 2
  4.4 10 - 2
    0.69 0.5 8
    2.207 0.5 2
  4.7758 10 + 1
    2.5828 1 2
  4.8522 4 + 2
    2.2934 0.1525 3
    3.8483 0.8475 1
  4.9131 4 + 2
    1.403 0.2806 6
    3.9092 0.7194 1
  5.2 4 + 2
    4.1961 0.5 1
    5.2 0.5 0
  5.2919 16 + 1
    1.4835 1 9
  5.3 14 - 2
    0.9 0.5 15
    1.4916 0.5 9
  5.3371 2 - 2
    1.827 0.6494 6
    4.3332 0.3506 1
  5.5033 4 + 1
    1.531 1 11
  5.97 6 - 2
    3.777 0.5 2
    4.9661 0.5 1
  6.36 2 - 2
    5.3561 0.5 1
    6.36 0.5 0
  6.6391 0 + 3
    1.726 0.1887 18
    2.4392 0.4717 13
    3.129 0.3396 6
  6.95 16 + 2
    1.6581 0.5 20
    3.1416 0.5 9
  7.13 6 - 2
    4.937 0.5 2
    6.1261 0.5 1
  7.3724 8 - 1
    3.4001 1 11
  7.38 0 + 2
    6.3761 0.5 1
    7.38 0.5 0
  7.66 2 - 2
    6.6561 0.5 1
    7.66 0.5 0
  7.98 16 + 2
    2.6881 0.5 20
    4.1716 0.5 9
  8.3 12 + 2
    4.59 0.5 8
    6.107 0.5 2
  8.4755 20 + 1
    3.1836 1 20
  8.6361 20 + 1
    3.3442 1 20
  8.7021 8 + 2
    2.063 0.6993 26
    4.5022 0.3007 13
  9.6202 16 + 1
    5.8118 1 9
  10.7562 20 + 2
    1.136 0.625 37
    5.4643 0.375 20
  10.8 6 - 2
    8.607 0.5 2
    9.7961 0.5 1
  12.1318 24 + 3
    1.3756 0.605346 38
    3.4957 0.067784 35
    3.6563 0.326871 34
  13.2 2 - 2
    12.1961 0.5 1
    13.2 0.5 0
  13.6978 28 + 1
    1.566 1 40
  15.4371 32 + 1
    1.7393 1 42
  17.3226 36 + 1
    1.8855 1 43
  19.3524 40 + 1
    2.0298 1 44
  21.5967 44 + 1
    2.2443 1 45
  24.1317 48 + 1
    2.535 1 46
  27.007 52 + 1
    2.8753 1 47
  30.257 56 + 1
    3.25 1 48
  33.899 60 + 1
    3.642 1 49

30 61 56
  0 3 - 0
  0.0884 1 - 1
    0.0884 1 0
  0.1238 5 - 1
    0.1238 1 0
  0.4181 3 - 3
    0.2943 0.097909 2
    0.3297 0.150498 1
    0.4181 0.751593 0
  0.75602 5 - 3
    0.33792 0.565489 3
    0.63222 0.028219 2
    0.75602 0.406292 0
  0.9377 1 - 3
    0.5196 0.6099 3
    0.8493 0.128 1
    0.9377 0.2621 0
  0.996 7 - 3
    0.5779 0.037071 3
    0.8722 0.740722 2
    0.996 0.222207 0
  1.2648 9 - 1
    1.141 1 2
  1.3623 5 - 4
    0.60628 0.071828 4
    0.9442 0.174395 3
    1.2385 0.240993 2
    1.3623 0.512785 0
  1.4022 7 - 4
    0.64618 0.561922 4
    0.9841 0.168507 3
    1.2784 0.089864 2
    1.4022 0.179707 0
  1.6573 11 + 2
    1.2392 0.7246 3
    1.5335 0.2754 2
  2.0009 9 - 2
    1.0049 0.4709 6
    1.24488 0.5291 4
  2.03 3 + 2
    1.9062 0.5 2
    1.9416 0.5 1
  2.0988 13 + 1
    1.975 1 2
  2.198 7 + 2
    1.44198 0.5 4
    2.0742 0.5 2
  2.25 3 + 2
    2.1262 0.5 2
    2.1616 0.5 1
  2.2696 5 + 2
    1.0048 0.050328 7
    1.2736 0.949671 6
  2.3998 9 - 1
    1.4038 1 6
  2.44 7 - 2
    2.0219 0.5 3
    2.44 0.5 0
  2.52 1 + 2
    2.1019 0.5 3
    2.52 0.5 0
  2.646 3 + 2
    2.5222 0.5 2
    2.5576 0.5 1
  2.71 5 + 2
    2.2919 0.5 3
    2.71 0.5 0
  2.77 9 + 2
    1.3678 0.5 9
    1.774 0.5 6
  2.7968 1 + 1
    1.532 1 7
  3.09 3 + 2
    2.9662 0.5 2
    3.0016 0.5 1
  3.2455 13 - 1
    1.9807 1 7
  3.3 5 + 2
    2.8819 0.5 3
    3.3 0.5 0
  3.337 13 - 1
    0.9372 1 17
  3.38 3 - 2
    2.9619 0.5 3
    3.38 0.5 0
  3.645 7 + 2
    2.88898 0.5 4
    3.5212 0.5 2
  3.88 5 + 2
    3.4619 0.5 3
    3.88 0.5 0
  4.262 15 + 2
    1.0165 0.5 25
    1.4652 0.5 23
  4.38 1 - 2
    4.2562 0.5 2
    4.2916 0.5 1
  4.415 17 - 1
    1.078 1 27
  4.6461 17 - 1
    1.8493 1 23
  4.67 3 + 2
    4.5462 0.5 2
    4.5816 0.5 1
  5.1 5 + 2
    4.6819 0.5 3
    5.1 0.5 0
  5.32 7 + 2
    4.56398 0.5 4
    5.1962 0.5 2
  5.551 19 - 1
    1.289 1 31
  5.59 3 + 2
    5.4662 0.5 2
    5.5016 0.5 1
  6.09 21 - 1
    1.675 1 33
  7.292 5 + 1
    1.741 1 38
  7.4887 1 - 1
    1.3987 1 40
  7.628 7 + 1
    1.538 1 40
  9.163 3 - 1
    1.535 1 43
  9.99 3 - 2
    9.5719 0.5 3
    9.99 0.5 0
  11.368 25 + 1
    5.278 1 40
  12.8 29 + 2
    1.432 0.5 46
    5.172 0.5 43
  14.426 33 - 1
    1.626 1 47
  16.272 37 + 1
    1.846 1 48
  18.354 41 - 1
    2.082 1 49
  20.661 45 + 1
    2.307 1 50
  23.206 49 - 1
    2.545 1 51
  26.024 53 + 1
    2.818 1 52
  29.151 57 - 1
    3.127 1 53
  32.617 61 + 1
    3.466 1 54

30 62 103
  0 0 + 0
  0.954 4 + 1
    0.954 1 0
  1.8047 4 + 2
    0.8507 0.6062 1
    1.8047 0.3938 0
  2.1861 8 + 1
    1.2321 1 1
  2.33 0 + 2
    1.376 0.5 1
    2.33 0.5 0
  2.3845 6 + 2
    0.5798 0.5 2
    1.4305 0.5 1
  2.7435 8 + 3
    0.359 0.060709 5
    0.5574 0.549495 3
    0.9388 0.389796 2
  2.81 4 + 2
    1.856 0.5 1
    2.81 0.5 0
  2.89 4 + 2
    1.936 0.5 1
    2.89 0.5 0
  3.06 4 + 2
    2.106 0.5 1
    3.06 0.5 0
  3.16 2 - 2
    2.206 0.5 1
    3.16 0.5 0
  3.2092 6 - 1
    1.0231 1 3
  3.31 8 + 2
    1.5053 0.5 2
    2.356 0.5 1
  3.35 2 - 2
    2.396 0.5 1
    3.35 0.5 0
  3.47 4 + 2
    2.516 0.5 1
    3.47 0.5 0
  3.5862 10 + 2
    0.8427 0.5556 6
    1.2017 0.4444 5
  3.64 4 + 2
    2.686 0.5 1
    3.64 0.5 0
  3.7075 12 + 1
    1.5214 1 3
  3.73 2 - 2
    2.776 0.5 1
    3.73 0.5 0
  3.83 4 + 2
    2.876 0.5 1
    3.83 0.5 0
  3.87 2 - 2
    2.916 0.5 1
    3.87 0.5 0
  3.92 6 - 2
    2.1153 0.5 2
    2.966 0.5 1
  4 0 + 2
    3.046 0.5 1
    4 0.5 0
  4.0426 10 - 3
    0.8334 0.1543 11
    1.2991 0.2743 6
    1.8565 0.5714 3
  4.09 8 + 2
    2.2853 0.5 2
    3.136 0.5 1
  4.22 6 - 2
    2.4153 0.5 2
    3.266 0.5 1
  4.33 2 - 2
    3.376 0.5 1
    4.33 0.5 0
  4.3478 12 + 2
    0.6403 0.074137 17
    1.6043 0.925863 6
  4.38 8 + 2
    2.5753 0.5 2
    3.426 0.5 1
  4.44 6 - 2
    2.6353 0.5 2
    3.486 0.5 1
  4.5 12 + 2
    1.7565 0.5 6
    2.3139 0.5 3
  4.535 2 - 1
    2.3489 1 3
  4.6 14 - 2
    0.5574 0.5 23
    0.8925 0.5 17
  4.62 0 + 2
    3.666 0.5 1
    4.62 0.5 0
  4.68 8 + 2
    2.8753 0.5 2
    3.726 0.5 1
  4.81 6 - 2
    3.0053 0.5 2
    3.856 0.5 1
  4.86 2 - 2
    3.906 0.5 1
    4.86 0.5 0
  4.9041 14 - 2
    0.5563 0.3866 27
    1.1966 0.6134 17
  4.91 6 - 2
    3.1053 0.5 2
    3.956 0.5 1
  5.05 4 - 1
    2.6655 1 5
  5.09 2 - 2
    4.136 0.5 1
    5.09 0.5 0
  5.1228 6 - 1
    1.0802 1 23
  5.1304 12 - 1
    1.0878 1 23
  5.1429 14 + 1
    1.5567 1 15
  5.19 4 - 2
    0.14 0.5 39
    2.8055 0.5 5
  5.24 2 - 2
    4.286 0.5 1
    5.24 0.5 0
  5.34 0 + 2
    4.386 0.5 1
    5.34 0.5 0
  5.37 8 + 2
    3.5653 0.5 2
    4.416 0.5 1
  5.47 6 - 2
    3.6653 0.5 2
    4.516 0.5 1
  5.4827 16 + 1
    1.7752 1 17
  5.56 4 - 2
    0.51 0.5 39
    3.1755 0.5 5
  5.7 10 - 2
    2.9565 0.5 6
    3.5139 0.5 3
  6.081 18 - 1
    1.1769 1 37
  6.1128 16 - 1
    1.2087 1 37
  6.3 16 + 2
    1.9522 0.5 27
    2.5925 0.5 17
  6.6288 4 - 1
    1.506 1 41
  7.2 2 + 2
    2.15 0.5 39
    4.8155 0.5 5
  7.4 6 - 2
    5.5953 0.5 2
    6.446 0.5 1
  7.4226 22 - 1
    1.3416 1 52
  7.4615 20 - 1
    1.3487 1 53
  7.5 20 + 1
    2.0173 1 49
  7.54 16 + 2
    3.1922 0.5 27
    3.8325 0.5 17
  7.63 4 + 1
    1.549 1 52
  7.7018 2 - 1
    0.2792 1 58
  7.976 18 + 1
    2.8331 1 43
  8.3 12 + 2
    5.5565 0.5 6
    6.1139 0.5 3
  8.438 20 + 1
    2.357 1 52
  9.049 22 + 2
    0.611 0.5 66
    1.073 0.5 64
  9.215 26 - 1
    1.7924 1 58
  9.466 24 + 3
    0.417 0.333333 67
    1.028 0.333333 66
    2.0434 0.333333 58
  9.8 6 - 2
    7.9953 0.5 2
    8.846 0.5 1
  10.247 22 + 1
    2.747 1 60
  10.3 4 - 2
    5.25 0.5 39
    7.9155 0.5 5
  10.317 26 + 2
    0.850999 0.5 69
    1.268 0.5 67
  10.375 28 + 2
    0.909 0.5 69
    1.16 0.5 68
  10.636 24 + 3
    0.389 0.333333 71
    3.006 0.333333 62
    3.2134 0.333333 58
  10.8 2 - 2
    9.846 0.5 1
    10.8 0.5 0
  11.183 26 + 2
    0.547 0.8066 75
    0.936 0.1934 71
  11.655 26 - 1
    4.2324 1 58
  11.756 28 + 2
    0.573 0.61 77
    1.12 0.39 75
  11.962 32 + 1
    1.587 1 74
  12.333 28 - 1
    0.677999 1 78
  12.537 30 + 2
    0.781 0.5953 79
    1.354 0.4047 77
  12.815 30 - 1
    2.44 1 74
  12.997 30 - 2
    0.664001 0.513 81
    1.342 0.487 78
  13.237 32 + 2
    0.699999 0.4682 82
    1.481 0.5318 79
  13.4 4 - 2
    8.35 0.5 39
    11.0155 0.5 5
  13.731 32 - 2
    0.734 0.5683 84
    1.398 0.4317 81
  14.125 34 + 2
    0.888001 0.5588 85
    1.588 0.4412 82
  14.447 34 - 3
    0.716 0.333333 87
    1.632 0.333333 83
    2.485 0.333333 80
  14.546 34 - 2
    0.814999 0.521 87
    1.549 0.479 84
  15.049 36 + 2
    0.924 0.4287 88
    1.812 0.5713 85
  15.42 36 - 2
    0.874001 0.4383 90
    1.689 0.5617 87
  15.707 38 - 1
    1.26 1 89
  16.373 38 + 2
    1.324 0.4846 91
    2.248 0.5154 88
  16.379 38 - 2
    0.959001 0.4476 92
    1.833 0.5524 90
  17.485 40 - 2
    1.106 0.3244 95
    2.065 0.6756 92
  17.59 40 + 2
    1.217 0.2482 94
    2.541 0.7518 91
  18.509 42 - 2
    1.024 0.3631 96
    2.13 0.6369 95
  19.507 42 + 1
    3.134 1 94
  19.684 44 - 2
    1.175 0.2858 98
    2.199 0.7142 96
  21.046 46 - 2
    1.362 0.359 100
    2.537 0.641 98
  23.19 48 - 2
    2.144 0.2857 101
    3.506 0.7143 100

30 63 73
  0 3 - 0
  0.19292 5 - 1
    0.19292 1 0
  0.24784 1 - 1
    0.24784 1 0
  0.62711 1 - 1
    0.62711 1 0
  0.63707 3 - 2
    0.38923 0.040362 2
    0.63707 0.959638 0
  0.6501 5 - 2
    0.45718 0.138 1
    0.6501 0.862 0
  1.02322 3 - 4
    0.37312 0.387984 5
    0.39611 0.065937 3
    0.77538 0.274989 2
    1.02322 0.271089 0
  1.06334 7 - 3
    0.41324 0.1844 5
    0.87042 0.1579 1
    1.06334 0.6577 0
  1.06528 1 - 3
    0.41518 0.03848 5
    0.87236 0.04841 1
    1.06528 0.913109 0
  1.20638 7 - 3
    0.55628 0.02192 5
    1.01346 0.468691 1
    1.20638 0.50939 0
  1.28426 5 - 4
    0.63416 0.075605 5
    1.03642 0.279083 2
    1.09134 0.581365 1
    1.28426 0.063946 0
  1.39544 3 - 4
    0.76833 0.19491 3
    1.1476 0.069593 2
    1.20252 0.039662 1
    1.39544 0.695835 0
  1.42 1 - 2
    1.17216 0.5 2
    1.22708 0.5 1
  1.43626 9 - 1
    1.24334 1 1
  1.66486 7 - 4
    1.01476 0.1317 5
    1.02779 0.1198 4
    1.47194 0.5988 1
    1.66486 0.1497 0
  1.69122 5 - 3
    1.05415 0.053309 4
    1.4983 0.100699 1
    1.69122 0.845992 0
  1.70296 9 + 2
    0.49658 0.1526 9
    0.63962 0.8474 7
  1.704 5 - 2
    1.45616 0.5 2
    1.51108 0.5 1
  1.86084 9 - 3
    0.7975 0.2332 7
    1.21074 0.6135 5
    1.66792 0.1533 1
  1.90926 3 - 3
    1.27219 0.068463 4
    1.71634 0.225809 1
    1.90926 0.705728 0
  1.9784 11 + 2
    1.3283 0.2647 5
    1.78548 0.7353 1
  2.05042 9 - 2
    0.84404 0.3903 9
    0.98708 0.6097 7
  2.1581 3 - 2
    1.53099 0.4012 3
    1.91026 0.5988 2
  2.2333 11 - 3
    0.56844 0.3784 14
    0.79704 0.2016 13
    1.16996 0.42 7
  2.2492 7 + 2
    1.18586 0.7093 7
    1.5991 0.2907 5
  2.26153 3 - 2
    1.63442 0.7407 3
    2.26153 0.2593 0
  2.28831 7 - 2
    1.08193 0.3198 9
    1.63821 0.6802 5
  2.29146 3 - 3
    1.64136 0.339834 5
    1.65439 0.390639 4
    2.04362 0.269527 2
  2.293 3 - 1
    2.04516 1 2
  2.3188 11 - 1
    1.25546 1 7
  2.37786 9 + 1
    0.6749 1 16
  2.40328 5 + 2
    1.38006 0.6494 6
    1.77617 0.3506 3
  2.52114 3 - 2
    1.4578 0.5102 7
    1.87104 0.4898 5
  2.5845 13 + 1
    0.88154 1 16
  2.6001 5 + 3
    1.95 0.4298 5
    2.35226 0.4386 2
    2.6001 0.1316 0
  2.6091 1 + 3
    1.959 0.450455 5
    1.97203 0.171183 4
    2.6091 0.378362 0
  2.63453 5 + 2
    1.42815 0.4505 9
    2.44161 0.5495 1
  2.6909 7 + 1
    2.44306 1 2
  2.7507 5 + 2
    2.1006 0.5405 5
    2.55778 0.4595 1
  2.8262 11 + 1
    1.12324 1 16
  2.85 1 + 2
    2.21293 0.5 4
    2.85 0.5 0
  2.9119 9 + 1
    1.70552 1 9
  2.9335 13 - 1
    1.49724 1 13
  2.94 7 + 2
    2.2899 0.5 5
    2.74708 0.5 1
  3.01 5 + 2
    2.37293 0.5 4
    3.01 0.5 0
  3.38 1 + 2
    2.74293 0.5 4
    3.38 0.5 0
  3.4803 13 + 1
    1.77734 1 16
  3.5274 13 - 2
    1.2086 0.5814 29
    1.47698 0.4186 21
  3.7628 17 + 1
    1.1783 1 33
  3.7697 15 + 2
    0.9435 0.4414 39
    1.1852 0.5586 33
  3.8909 3 + 1
    1.3064 1 33
  4 5 + 2
    3.36293 0.5 4
    4 0.5 0
  4.32 7 + 2
    3.6699 0.5 5
    4.12708 0.5 1
  4.3546 15 - 3
    0.5918 0.496865 48
    0.8743 0.066065 46
    1.7701 0.437069 33
  4.8 3 + 2
    4.55216 0.5 2
    4.60708 0.5 1
  4.9022 5 + 1
    1.1394 1 48
  5.0763 19 + 2
    1.3066 0.3012 49
    1.3135 0.6988 48
  5.3465 21 + 1
    1.5837 1 48
  5.4 7 + 2
    4.7499 0.5 5
    5.20708 0.5 1
  5.4059 17 - 2
    1.8785 0.781222 47
    2.4724 0.218778 42
  5.4234 17 - 3
    1.6606 0.414904 48
    1.896 0.531905 47
    2.4899 0.053191 42
  5.9157 19 - 3
    0.4923 0.2796 60
    0.5098 0.2305 59
    1.5611 0.4899 53
  6 1 - 2
    5.75216 0.5 2
    5.80708 0.5 1
  6.2338 21 - 5
    0.3181 0.120498 61
    0.8104 0.223896 60
    0.8279 0.203096 59
    0.8873 0.038119 57
    1.1575 0.414392 56
  6.3 5 - 2
    6.05216 0.5 2
    6.10708 0.5 1
  6.4873 23 + 1
    1.411 1 56
  6.57 23 - 3
    0.3362 0.083953 63
    0.6543 0.087113 61
    1.2235 0.828933 57
  6.7 3 + 2
    6.45216 0.5 2
    6.50708 0.5 1
  7.2 3 + 2
    6.95216 0.5 2
    7.00708 0.5 1
  7.6108 25 - 1
    1.377 1 63
  7.927 27 - 1
    1.357 1 66
  9.0968 29 - 1
    1.486 1 69
  9.774 31 - 1
    1.847 1 70

30 64 229
  0 0 + 0
  0.99156 4 + 1
    0.99156 1 0
  1.79936 4 + 2
    0.8078 0.7577 1
    1.79936 0.2423 0
  1.91032 0 + 2
    0.11096 0.03751 2
    0.91876 0.96249 1
  2.30675 8 + 1
    1.31519 1 1
  2.60946 0 + 1
    1.6179 1 1
  2.73653 8 + 3
    0.42978 0.080492 4
    0.93717 0.872417 2
    1.74497 0.047091 1
  2.7937 4 + 1
    1.80214 1 1
  2.9798 6 + 2
    1.18044 0.637 2
    1.98824 0.363 1
  2.99859 6 - 3
    1.19923 0.038281 2
    2.00703 0.956933 1
    2.99859 0.004785 0
  3.00571 4 + 3
    1.20635 0.321 2
    2.01415 0.4115 1
    3.00571 0.2675 0
  3.0712 2 - 2
    1.27184 0.7194 2
    3.0712 0.2806 0
  3.07777 8 + 3
    0.34124 0.058562 6
    0.77102 0.529021 4
    2.08621 0.412416 1
  3.09459 6 + 2
    1.29523 0.1936 2
    2.10303 0.8064 1
  3.18679 2 + 4
    1.27647 0.209306 3
    1.38743 0.436114 2
    2.19523 0.348911 1
    3.18679 0.005669 0
  3.1968 6 - 3
    1.39744 0.309969 2
    2.20524 0.584742 1
    3.1968 0.105289 0
  3.20593 6 + 4
    0.89918 0.1032 4
    1.29561 0.07939 3
    1.40657 0.7936 2
    2.21437 0.02381 1
  3.24 0 + 2
    2.24844 0.5 1
    3.24 0.5 0
  3.26199 2 + 3
    1.46263 0.117098 2
    2.27043 0.836083 1
    3.26199 0.046819 0
  3.285 10 - 2
    0.54847 0.5 6
    0.97825 0.5 4
  3.29719 4 + 3
    1.49783 0.1696 2
    2.30563 0.5848 1
    3.29719 0.2456 0
  3.30688 8 + 1
    1.00013 1 4
  3.3218 2 + 2
    1.41148 0.6329 3
    3.3218 0.3671 0
  3.36596 2 + 5
    0.7565 0.049349 5
    1.45564 0.073728 3
    1.5666 0.082548 2
    2.3744 0.275192 1
    3.36596 0.519184 0
  3.36983 6 + 3
    0.6333 0.1406 6
    1.57047 0.5617 2
    2.37827 0.2977 1
  3.415 4 - 2
    0.32041 0.5 13
    0.4352 0.5 8
  3.42515 2 + 4
    1.51483 0.0311 3
    1.62579 0.1776 2
    2.43359 0.1002 1
    3.42515 0.6911 0
  3.4523 2 - 1
    1.54198 1 3
  3.45863 4 - 2
    1.65927 0.5495 2
    2.46707 0.4505 1
  3.465 8 - 2
    0.37041 0.5 13
    0.4852 0.5 8
  3.5 4 + 2
    2.50844 0.5 1
    3.5 0.5 0
  3.5388 10 + 1
    1.23205 1 4
  3.546 0 + 2
    0.28401 0.3425 18
    0.35921 0.6575 14
  3.5524 8 + 3
    1.24565 0.4406 4
    2.56084 0.3744 1
    3.5524 0.185 0
  3.5868 2 - 1
    0.39 1 15
  3.59722 8 + 3
    0.86069 0.2386 6
    1.29047 0.4184 4
    2.60566 0.343 1
  3.6021 2 - 1
    3.6021 1 0
  3.6065 6 + 1
    2.61494 1 1
  3.6208 4 + 1
    1.31405 1 4
  3.627 0 + 2
    2.63544 0.5 1
    3.627 0.5 0
  3.6284 8 + 1
    2.63684 1 1
  3.681 6 - 2
    1.88164 0.5 2
    2.68944 0.5 1
  3.6988 2 + 1
    0.502 1 15
  3.7014 2 - 1
    3.7014 1 0
  3.7106 4 + 2
    1.10114 0.065428 5
    1.40385 0.934572 4
  3.7184 2 + 1
    2.72684 1 1
  3.76 6 - 2
    1.96064 0.5 2
    2.76844 0.5 1
  3.78 4 + 2
    2.78844 0.5 1
    3.78 0.5 0
  3.79526 2 + 4
    1.1858 0.031252 5
    1.9959 0.446422 2
    2.8037 0.178609 1
    3.79526 0.343717 0
  3.8154 8 + 1
    2.01604 1 2
  3.8196 4 + 1
    2.02024 1 2
  3.8505 4 + 2
    2.05114 0.1803 2
    2.85894 0.8197 1
  3.85324 10 + 1
    1.11671 1 6
  3.8638 4 - 1
    1.55705 1 4
  3.88 6 - 2
    2.08064 0.5 2
    2.88844 0.5 1
  3.8985 8 + 2
    1.16197 0.1667 6
    2.90694 0.8333 1
  3.92478 10 - 4
    0.6179 0.057938 21
    0.92619 0.132595 9
    1.18825 0.111696 6
    1.61803 0.697772 4
  3.9321 8 + 1
    1.62535 1 4
  3.952 6 + 1
    2.96044 1 1
  3.9934 12 + 1
    1.68665 1 4
  4.0204 4 + 2
    1.28387 0.5 6
    3.02884 0.5 1
  4.0397 6 - 1
    3.04814 1 1
  4.07654 10 + 1
    1.34001 1 6
  4.113 4 + 2
    3.12144 0.5 1
    4.113 0.5 0
  4.14 4 + 1
    4.14 1 0
  4.154 6 - 2
    2.35464 0.5 2
    3.16244 0.5 1
  4.15659 10 - 3
    1.07882 0.2275 12
    1.158 0.2434 9
    1.84984 0.5291 4
  4.1594 2 - 2
    3.16784 0.4595 1
    4.1594 0.5405 0
  4.1818 4 - 1
    1.87505 1 4
  4.2053 8 + 1
    3.21374 1 1
  4.219 6 + 2
    1.12441 0.5 13
    1.2392 0.5 8
  4.23675 12 + 2
    1.50022 0.6897 6
    1.93 0.3103 4
  4.2886 8 + 1
    1.55207 1 6
  4.305 6 - 2
    2.50564 0.5 2
    3.31344 0.5 1
  4.319 6 + 1
    3.32744 1 1
  4.351 2 - 2
    3.35944 0.5 1
    4.351 0.5 0
  4.385 6 - 2
    2.58564 0.5 2
    3.39344 0.5 1
  4.42 14 - 2
    0.49522 0.5 56
    1.135 0.5 19
  4.4542 2 + 4
    2.54388 0.137904 3
    2.65484 0.227807 2
    3.46264 0.034771 1
    4.4542 0.599518 0
  4.467 0 + 2
    3.47544 0.5 1
    4.467 0.5 0
  4.488 4 - 2
    1.39341 0.5 13
    1.5082 0.5 8
  4.504 4 - 2
    1.40941 0.5 13
    1.5242 0.5 8
  4.522 2 - 2
    3.53044 0.5 1
    4.522 0.5 0
  4.538 12 - 2
    0.9992 0.5 31
    1.073 0.5 29
  4.556 4 - 1
    3.56444 1 1
  4.573 6 - 2
    2.77364 0.5 2
    3.58144 0.5 1
  4.6084 2 - 2
    3.61684 0.7752 1
    4.6084 0.2248 0
  4.615 10 - 2
    1.87847 0.5 6
    2.30825 0.5 4
  4.626 4 - 2
    1.53141 0.5 13
    1.6462 0.5 8
  4.63491 14 - 2
    0.398161 0.1716 71
    0.641511 0.8284 59
  4.6383 6 - 2
    2.83894 0.5 2
    3.64674 0.5 1
  4.6642 2 - 1
    4.6642 1 0
  4.66893 12 - 3
    0.512341 0.1023 66
    0.592391 0.3601 62
    0.744151 0.5376 56
  4.684 4 - 2
    1.58941 0.5 13
    1.7042 0.5 8
  4.7124 2 - 3
    2.10294 0.8547 5
    2.91304 0.05128 2
    4.7124 0.09402 0
  4.729 6 - 2
    2.92964 0.5 2
    3.73744 0.5 1
  4.751 0 - 2
    1.48901 0.5 18
    1.56421 0.5 14
  4.761 4 - 2
    1.66641 0.5 13
    1.7812 0.5 8
  4.786 8 - 2
    1.69141 0.5 13
    1.8062 0.5 8
  4.797 6 - 2
    2.99764 0.5 2
    3.80544 0.5 1
  4.816 2 - 2
    3.82444 0.5 1
    4.816 0.5 0
  4.8234 4 - 1
    0.74686 1 62
  4.851 10 - 2
    2.11447 0.5 6
    2.54425 0.5 4
  4.902 6 - 2
    3.10264 0.5 2
    3.91044 0.5 1
  4.935 4 - 2
    1.84041 0.5 13
    1.9552 0.5 8
  4.947 4 + 2
    3.95544 0.5 1
    4.947 0.5 0
  4.98096 14 - 3
    0.74421 0.054691 71
    0.82437 0.164102 66
    1.05618 0.781208 56
  5.005 2 - 2
    4.01344 0.5 1
    5.005 0.5 0
  5.038 8 - 2
    1.94341 0.5 13
    2.0582 0.5 8
  5.05 0 - 2
    1.78801 0.5 18
    1.86321 0.5 14
  5.0668 6 - 1
    2.76005 1 4
  5.081 2 - 2
    4.08944 0.5 1
    5.081 0.5 0
  5.11 4 + 2
    4.11844 0.5 1
    5.11 0.5 0
  5.121 6 - 2
    3.32164 0.5 2
    4.12944 0.5 1
  5.138 8 + 2
    3.33864 0.5 2
    4.14644 0.5 1
  5.1518 14 - 2
    0.516889 0.3634 89
    1.22702 0.6366 56
  5.16 2 + 2
    2.06541 0.5 13
    2.1802 0.5 8
  5.171 4 - 2
    2.07641 0.5 13
    2.1912 0.5 8
  5.191 10 + 2
    2.09641 0.5 13
    2.2112 0.5 8
  5.197 6 - 2
    3.39764 0.5 2
    4.20544 0.5 1
  5.211 0 + 2
    4.21944 0.5 1
    5.211 0.5 0
  5.224 4 + 2
    4.23244 0.5 1
    5.224 0.5 0
  5.234 2 - 2
    4.24244 0.5 1
    5.234 0.5 0
  5.256 8 - 2
    2.16141 0.5 13
    2.2762 0.5 8
  5.267 6 + 2
    2.17241 0.5 13
    2.2872 0.5 8
  5.292 2 - 2
    4.30044 0.5 1
    5.292 0.5 0
  5.307 4 + 2
    4.31544 0.5 1
    5.307 0.5 0
  5.319 6 - 2
    3.51964 0.5 2
    4.32744 0.5 1
  5.329 8 + 2
    3.52964 0.5 2
    4.33744 0.5 1
  5.337 4 - 2
    2.24241 0.5 13
    2.3572 0.5 8
  5.351 2 + 2
    2.25641 0.5 13
    2.3712 0.5 8
  5.361 0 - 2
    2.09901 0.5 18
    2.17421 0.5 14
  5.375 6 - 2
    3.57564 0.5 2
    4.38344 0.5 1
  5.384 10 + 2
    2.28941 0.5 13
    2.4042 0.5 8
  5.398 4 + 2
    4.40644 0.5 1
    5.398 0.5 0
  5.413 2 - 2
    4.42144 0.5 1
    5.413 0.5 0
  5.425 8 + 2
    3.62564 0.5 2
    4.43344 0.5 1
  5.443 4 - 2
    2.34841 0.5 13
    2.4632 0.5 8
  5.457 6 + 2
    2.36241 0.5 13
    2.4772 0.5 8
  5.474 2 - 2
    4.48244 0.5 1
    5.474 0.5 0
  5.485 16 + 2
    1.24825 0.5 71
    1.4916 0.5 59
  5.495 8 + 2
    3.69564 0.5 2
    4.50344 0.5 1
  5.517 4 - 2
    2.42241 0.5 13
    2.5372 0.5 8
  5.53 6 - 2
    3.73064 0.5 2
    4.53844 0.5 1
  5.545 0 + 2
    4.55344 0.5 1
    5.545 0.5 0
  5.553 2 - 2
    4.56144 0.5 1
    5.553 0.5 0
  5.564 4 + 2
    4.57244 0.5 1
    5.564 0.5 0
  5.576 10 - 2
    2.83947 0.5 6
    3.26925 0.5 4
  5.588 6 + 2
    2.49341 0.5 13
    2.6082 0.5 8
  5.601 12 - 2
    2.0622 0.5 31
    2.136 0.5 29
  5.613 2 + 2
    2.51841 0.5 13
    2.6332 0.5 8
  5.6237 16 - 1
    0.95477 1 92
  5.642 4 + 2
    4.65044 0.5 1
    5.642 0.5 0
  5.652 8 - 2
    2.55741 0.5 13
    2.6722 0.5 8
  5.665 6 + 2
    2.57041 0.5 13
    2.6852 0.5 8
  5.676 4 - 2
    2.58141 0.5 13
    2.6962 0.5 8
  5.689 2 + 2
    2.59441 0.5 13
    2.7092 0.5 8
  5.6994 16 - 3
    0.5476 0.035939 115
    1.03047 0.451282 92
    1.06449 0.512779 89
  5.719 6 + 2
    2.62441 0.5 13
    2.7392 0.5 8
  5.729 4 - 2
    2.63441 0.5 13
    2.7492 0.5 8
  5.737 8 + 2
    3.93764 0.5 2
    4.74544 0.5 1
  5.76 2 - 2
    4.76844 0.5 1
    5.76 0.5 0
  5.77 0 + 2
    4.77844 0.5 1
    5.77 0.5 0
  5.78 4 - 2
    2.68541 0.5 13
    2.8002 0.5 8
  5.792 6 + 2
    2.69741 0.5 13
    2.8122 0.5 8
  5.812 10 - 2
    3.07547 0.5 6
    3.50525 0.5 4
  5.822 2 + 2
    2.72741 0.5 13
    2.8422 0.5 8
  5.833 4 - 2
    2.73841 0.5 13
    2.8532 0.5 8
  5.844 8 + 2
    4.04464 0.5 2
    4.85244 0.5 1
  5.86 6 - 2
    4.06064 0.5 2
    4.86844 0.5 1
  5.872 2 + 2
    2.77741 0.5 13
    2.8922 0.5 8
  5.882 4 - 2
    2.78741 0.5 13
    2.9022 0.5 8
  5.893 0 + 2
    4.90144 0.5 1
    5.893 0.5 0
  5.909 6 - 2
    4.10964 0.5 2
    4.91744 0.5 1
  5.92 8 + 2
    4.12064 0.5 2
    4.92844 0.5 1
  5.933 2 - 2
    4.94144 0.5 1
    5.933 0.5 0
  5.936 16 + 2
    1.69925 0.2481 71
    1.9426 0.7519 59
  5.9518 18 - 2
    0.97084 0.1072 106
    1.3135 0.8928 90
  6.0314 16 + 3
    1.39649 0.1164 89
    1.79465 0.3545 71
    2.038 0.5291 59
  6.1241 16 + 3
    1.48919 0.2831 89
    1.88735 0.1145 71
    2.1307 0.6024 59
  6.21245 18 - 1
    1.23149 1 106
  6.3 4 - 2
    3.20541 0.5 13
    3.3202 0.5 8
  6.377 18 - 1
    1.74209 1 89
  6.7 6 + 2
    3.60541 0.5 13
    3.7202 0.5 8
  6.83 4 + 2
    5.83844 0.5 1
    6.83 0.5 0
  6.9983 22 - 1
    1.0465 1 177
  7 8 + 2
    5.20064 0.5 2
    6.00844 0.5 1
  7.0623 20 - 1
    1.3629 1 157
  7.1188 20 + 4
    0.90635 0.277408 180
    0.9947 0.368211 179
    1.0874 0.274708 178
    1.1828 0.079672 176
  7.2126 22 - 1
    1.2608 1 177
  7.38 2 + 2
    4.28541 0.5 13
    4.4002 0.5 8
  7.5567 20 - 1
    1.6049 1 177
  7.9 4 + 2
    6.90844 0.5 1
    7.9 0.5 0
  8.1817 20 - 1
    2.2299 1 177
  8.3031 24 - 1
    1.3048 1 185
  8.3221 22 + 1
    1.2033 1 188
  8.4261 22 - 2
    1.3073 0.8569 188
    1.4278 0.1431 185
  8.5804 24 + 3
    0.1543 0.0134 196
    1.4616 0.5276 188
    1.5821 0.459 185
  9.3645 22 - 2
    1.8078 0.5 191
    3.4127 0.5 177
  9.4407 22 - 1
    2.3219 1 188
  9.6664 28 + 1
    1.086 1 197
  9.8042 22 - 1
    1.6225 1 193
  9.9489 24 - 3
    0.584401 0.4079 198
    2.8866 0.1184 187
    2.9506 0.4737 185
  10.4606 26 - 5
    0.656399 0.1381 201
    1.0199 0.276 199
    2.1575 0.1987 194
    3.248 0.1333 189
    3.4623 0.2539 185
  11.0238 28 - 3
    0.5632 0.793984 203
    1.0749 0.192696 202
    2.7207 0.01332 194
  11.4584 30 + 1
    1.792 1 200
  11.6268 30 - 2
    0.603001 0.6625 204
    1.1662 0.3375 203
  12.3361 32 - 2
    0.7093 0.5321 206
    1.3123 0.4679 204
  12.4617 32 + 1
    1.0033 1 205
  13.0826 34 - 2
    0.7465 0.5001 207
    1.4558 0.4999 206
  13.3183 34 + 2
    0.8566 0.5 208
    1.8599 0.5 205
  13.9485 36 - 2
    0.8659 0.3104 209
    1.6124 0.6896 207
  14.3853 36 + 2
    1.067 0.5 210
    1.9236 0.5 208
  14.8566 6 + 2
    11.762 0.5 13
    11.8768 0.5 8
  14.8629 38 - 2
    0.9144 0.4927 211
    1.7803 0.5073 209
  15.4176 38 + 3
    0.561 0.333333 213
    1.0323 0.333333 212
    2.0993 0.333333 210
  15.9387 4 + 2
    14.9471 0.5 1
    15.9387 0.5 0
  15.9454 40 - 2
    1.0825 0.3142 214
    1.9969 0.6858 211
  16.6807 40 + 3
    0.741999 0.333333 216
    1.2631 0.333333 215
    2.2954 0.333333 212
  17.0782 2 + 2
    13.9836 0.5 13
    14.0984 0.5 8
  17.0876 42 - 2
    1.1422 0.1597 217
    2.2247 0.8403 214
  17.8472 42 + 3
    0.769001 0.333333 219
    1.1665 0.333333 218
    2.4296 0.333333 215
  18.4838 44 - 2
    1.3962 0.2212 220
    2.5384 0.7788 217
  19.3588 44 + 1
    2.6781 1 218
  19.7758 46 - 1
    2.6882 1 220
  20.6513 46 + 1
    2.8041 1 221
  21.2983 48 - 1
    2.8145 1 222
  22.8929 50 - 1
    3.1171 1 224
  24.8694 52 - 1
    3.5711 1 226

30 65 157
  0 5 - 0
  0.053928 1 - 1
    0.053928 1 0
  0.115127 3 - 2
    0.061199 0.2283 1
    0.115127 0.7717 0
  0.20694 3 - 3
    0.091813 0.035377 2
    0.153012 0.74774 1
    0.20694 0.216883 0
  0.7687 5 - 4
    0.56176 0.003886 3
    0.653573 0.342095 2
    0.714772 0.074229 1
    0.7687 0.579791 0
  0.86421 7 - 3
    0.65727 0.005974 3
    0.749083 0.153104 2
    0.86421 0.840922 0
  0.86692 1 - 4
    0.65998 0.01492 3
    0.751793 0.95639 2
    0.812992 0.01339 1
    0.86692 0.0153 0
  0.90965 3 - 5
    0.14095 0.01894 4
    0.70271 0.076378 3
    0.794523 0.252895 2
    0.855722 0.165397 1
    0.90965 0.48639 0
  1.04739 5 - 4
    0.27869 0.005059 4
    0.932263 0.637807 2
    0.993462 0.01913 1
    1.04739 0.338004 0
  1.0621 3 - 2
    0.19789 0.5 5
    0.85516 0.5 3
  1.06551 9 + 2
    0.2013 0.910473 5
    1.06551 0.089527 0
  1.25266 7 - 4
    0.48396 0.152398 4
    1.04572 0.543695 3
    1.13753 0.206598 2
    1.25266 0.097309 0
  1.26342 9 - 2
    0.39921 0.043129 5
    1.26342 0.956871 0
  1.34385 5 - 6
    0.47964 0.02409 5
    0.57515 0.02535 4
    1.13691 0.129199 3
    1.22872 0.633294 2
    1.28992 0.01077 1
    1.34385 0.177298 0
  1.36908 5 + 2
    1.25395 0.6289 2
    1.36908 0.3711 0
  1.46973 3 - 7
    0.42234 0.041119 8
    0.56008 0.059609 7
    0.60281 0.048609 6
    1.26279 0.056099 3
    1.3546 0.578288 2
    1.4158 0.167697 1
    1.46973 0.048579 0
  1.57705 3 - 2
    1.52312 0.3902 1
    1.57705 0.6098 0
  1.58808 7 - 3
    0.81938 0.099564 4
    1.47295 0.223409 2
    1.58808 0.677027 0
  1.603 11 + 1
    0.33958 1 12
  1.7796 1 + 2
    1.72567 0.5 1
    1.7796 0.5 0
  1.7935 13 + 2
    1.73957 0.5 1
    1.7935 0.5 0
  1.9075 9 + 2
    1.1388 0.5 4
    1.9075 0.5 0
  1.92455 1 + 2
    1.71761 0.5 3
    1.80942 0.5 2
  1.9411 7 + 3
    1.82597 0.333333 2
    1.88717 0.333333 1
    1.9411 0.333333 0
  1.956 5 + 2
    1.74906 0.5 3
    1.84087 0.5 2
  1.9573 7 + 2
    0.58822 0.2102 14
    0.89179 0.7898 10
  1.976 11 + 2
    0.373 0.5 18
    0.71258 0.5 12
  2.0522 3 + 2
    1.99827 0.5 1
    2.0522 0.5 0
  2.0538 13 + 1
    0.98829 1 10
  2.08154 5 + 2
    1.8746 0.5348 3
    1.96641 0.4652 2
  2.1352 9 + 3
    0.76612 0.333333 14
    1.06969 0.333333 10
    1.27099 0.333333 5
  2.137 1 + 2
    1.93006 0.5 3
    2.02187 0.5 2
  2.16985 11 + 1
    1.10434 1 10
  2.202 7 - 2
    1.29235 0.565 7
    2.08687 0.435 2
  2.216 3 - 2
    2.00906 0.5 3
    2.10087 0.5 2
  2.248 5 + 2
    2.04106 0.5 3
    2.13287 0.5 2
  2.3021 1 - 1
    1.5334 1 4
  2.31 3 + 2
    2.25607 0.5 1
    2.31 0.5 0
  2.342 5 - 2
    2.28807 0.5 1
    2.342 0.5 0
  2.41 7 + 2
    1.6413 0.5 4
    2.41 0.5 0
  2.41918 1 - 4
    2.21224 0.722558 3
    2.30405 0.050584 2
    2.36525 0.209517 1
    2.41918 0.017341 0
  2.43 3 + 2
    2.37607 0.5 1
    2.43 0.5 0
  2.458 5 - 1
    1.59108 1 6
  2.486 7 + 2
    1.7173 0.5 4
    2.486 0.5 0
  2.491 1 + 2
    2.28406 0.5 3
    2.37587 0.5 2
  2.522 9 - 2
    1.7533 0.5 4
    2.522 0.5 0
  2.528 3 - 2
    2.32106 0.5 3
    2.41287 0.5 2
  2.5494 5 + 3
    1.68519 0.337 5
    2.43427 0.1105 2
    2.5494 0.5525 0
  2.575 15 - 2
    0.5212 0.5 28
    0.7815 0.5 20
  2.639 7 + 2
    1.8703 0.5 4
    2.639 0.5 0
  2.674 3 - 2
    2.46706 0.5 3
    2.55887 0.5 2
  2.73 5 + 2
    2.52306 0.5 3
    2.61487 0.5 2
  2.74 9 - 2
    1.9713 0.5 4
    2.74 0.5 0
  2.803 3 + 2
    2.74907 0.5 1
    2.803 0.5 0
  2.83 5 - 2
    2.77607 0.5 1
    2.83 0.5 0
  2.86 7 + 2
    2.0913 0.5 4
    2.86 0.5 0
  2.87 1 - 2
    2.81607 0.5 1
    2.87 0.5 0
  2.902 3 + 2
    2.84807 0.5 1
    2.902 0.5 0
  2.914 5 - 2
    2.86007 0.5 1
    2.914 0.5 0
  2.9231 13 + 2
    0.75325 0.6411 32
    1.85759 0.3589 10
  2.9318 7 - 1
    1.66838 1 12
  2.953 3 + 2
    2.89907 0.5 1
    2.953 0.5 0
  2.971 5 - 2
    2.91707 0.5 1
    2.971 0.5 0
  2.994 9 + 2
    1.92849 0.5 10
    2.12979 0.5 5
  3.01 1 - 2
    2.95607 0.5 1
    3.01 0.5 0
  3.023 7 + 2
    2.2543 0.5 4
    3.023 0.5 0
  3.053 1 + 2
    2.84606 0.5 3
    2.93787 0.5 2
  3.095 3 - 2
    2.88806 0.5 3
    2.97987 0.5 2
  3.108 5 - 2
    3.05407 0.5 1
    3.108 0.5 0
  3.15 11 + 1
    3.15 1 0
  3.17 3 - 2
    2.96306 0.5 3
    3.05487 0.5 2
  3.192 5 + 2
    2.98506 0.5 3
    3.07687 0.5 2
  3.211 7 - 2
    3.00406 0.5 3
    3.09587 0.5 2
  3.221 9 + 2
    2.15549 0.5 10
    2.35679 0.5 5
  3.2273 17 + 1
    1.1735 1 28
  3.239 3 - 2
    3.03206 0.5 3
    3.12387 0.5 2
  3.329 5 - 2
    3.27507 0.5 1
    3.329 0.5 0
  3.3358 1 + 2
    1.16595 0.5 32
    1.282 0.5 28
  3.34 7 - 2
    3.13306 0.5 3
    3.22487 0.5 2
  3.35 3 + 2
    3.29607 0.5 1
    3.35 0.5 0
  3.409 5 - 1
    3.20206 1 3
  3.465 9 + 2
    2.39949 0.5 10
    2.60079 0.5 5
  3.4726 15 + 3
    0.5495 0.2098 59
    1.30275 0.5376 32
    1.4188 0.2526 28
  3.55 3 - 2
    3.34306 0.5 3
    3.43487 0.5 2
  3.563 1 - 2
    3.50907 0.5 1
    3.563 0.5 0
  3.589 5 + 2
    3.38206 0.5 3
    3.47387 0.5 2
  3.618 7 - 2
    3.41106 0.5 3
    3.50287 0.5 2
  3.672 1 + 2
    3.46506 0.5 3
    3.55687 0.5 2
  3.712 3 - 1
    1.54215 1 32
  3.73 5 + 2
    3.52306 0.5 3
    3.61487 0.5 2
  3.776 7 - 2
    3.56906 0.5 3
    3.66087 0.5 2
  3.7849 17 + 3
    0.5576 0.2872 74
    0.8618 0.25 59
    1.7311 0.4628 28
  3.81 3 - 2
    3.60306 0.5 3
    3.69487 0.5 2
  3.844 1 + 2
    3.63706 0.5 3
    3.72887 0.5 2
  3.88 5 - 2
    3.82607 0.5 1
    3.88 0.5 0
  3.889 9 + 2
    2.82349 0.5 10
    3.02479 0.5 5
  3.902 11 - 2
    2.83649 0.5 10
    3.03779 0.5 5
  4.024 7 + 2
    3.2553 0.5 4
    4.024 0.5 0
  4.039 3 - 2
    3.83206 0.5 3
    3.92387 0.5 2
  4.0792 17 + 2
    0.6066 0.3422 82
    1.1561 0.6578 59
  4.086 5 - 2
    4.03207 0.5 1
    4.086 0.5 0
  4.2 3 + 2
    4.14607 0.5 1
    4.2 0.5 0
  4.2365 21 - 1
    1.0092 1 74
  4.27 5 + 2
    4.06306 0.5 3
    4.15487 0.5 2
  4.35 1 + 2
    4.14306 0.5 3
    4.23487 0.5 2
  4.393 1 + 2
    4.18606 0.5 3
    4.27787 0.5 2
  4.49 7 - 2
    4.28306 0.5 3
    4.37487 0.5 2
  4.5 1 + 2
    4.29306 0.5 3
    4.38487 0.5 2
  4.5461 21 + 1
    1.3188 1 74
  4.58 3 - 2
    4.37306 0.5 3
    4.46487 0.5 2
  4.62 5 - 2
    4.56607 0.5 1
    4.62 0.5 0
  4.6226 21 + 2
    0.837701 0.2001 91
    1.3953 0.7999 74
  4.639 9 - 2
    3.8703 0.5 4
    4.639 0.5 0
  4.66 7 - 2
    4.45306 0.5 3
    4.54487 0.5 2
  4.7018 21 + 1
    1.4745 1 74
  4.74 1 + 2
    4.53306 0.5 3
    4.62487 0.5 2
  4.78 3 - 2
    4.57306 0.5 3
    4.66487 0.5 2
  4.8802 19 + 2
    0.801 0.4445 99
    1.4076 0.5555 82
  4.8877 5 - 1
    1.6604 1 74
  4.92 3 - 2
    4.71306 0.5 3
    4.80487 0.5 2
  4.9379 21 + 1
    1.7106 1 74
  4.97 5 - 2
    4.91607 0.5 1
    4.97 0.5 0
  4.98 7 - 2
    4.77306 0.5 3
    4.86487 0.5 2
  4.99 3 + 1
    1.278 1 88
  5.0634 21 + 4
    0.440799 0.048671 111
    0.8269 0.131904 102
    1.2785 0.694421 91
    1.8361 0.125004 74
  5.1 5 - 2
    5.04607 0.5 1
    5.1 0.5 0
  5.12 9 - 2
    4.3513 0.5 4
    5.12 0.5 0
  5.3395 21 + 1
    1.2603 1 99
  5.36 7 - 2
    5.15306 0.5 3
    5.24487 0.5 2
  5.4103 23 + 2
    0.3469 0.7878 124
    0.787699 0.2122 111
  5.4136 21 - 1
    0.3502 1 124
  5.547 3 + 2
    5.49307 0.5 1
    5.547 0.5 0
  5.6675 25 + 1
    0.2539 1 130
  5.7729 25 + 2
    0.7095 0.5 124
    0.835 0.5 120
  5.8035 25 + 1
    0.7401 1 124
  5.81 5 - 2
    5.75607 0.5 1
    5.81 0.5 0
  6.2783 25 + 3
    0.5054 0.4294 133
    1.2149 0.3003 124
    1.6557 0.2703 111
  6.5222 25 + 2
    0.243901 0.4806 136
    1.4588 0.5194 124
  6.7523 25 + 1
    1.4128 1 127
  6.8411 29 + 4
    0.5628 0.105 136
    1.0682 0.6172 133
    1.1736 0.1543 132
    1.4308 0.1235 129
  6.847 3 - 2
    1.0741 0.5 133
    1.4334 0.5 130
  6.9837 29 + 2
    1.2108 0.6623 133
    1.3162 0.3377 132
  7.0612 29 + 1
    1.2883 1 133
  7.45 5 - 2
    7.39607 0.5 1
    7.45 0.5 0
  7.6854 29 + 4
    0.8443 0.1889 139
    1.1632 0.1416 137
    1.4071 0.4292 136
    1.9125 0.2403 133
  7.996 33 + 3
    0.934799 0.043869 142
    1.0123 0.078948 141
    1.1549 0.877182 139
  8.21 7 - 2
    8.00306 0.5 3
    8.09487 0.5 2
  8.326 29 + 1
    1.5737 1 138
  8.56 3 - 2
    8.35306 0.5 3
    8.44487 0.5 2
  8.5915 29 + 1
    1.6078 1 141
  8.92 5 - 2
    8.86607 0.5 1
    8.92 0.5 0
  9.06 3 - 2
    8.85306 0.5 3
    8.94487 0.5 2
  9.12 5 - 2
    9.06607 0.5 1
    9.12 0.5 0
  9.2231 37 + 1
    1.2271 1 145
  9.52 7 - 2
    9.31306 0.5 3
    9.40487 0.5 2
  10.03 3 - 2
    9.82306 0.5 3
    9.91487 0.5 2
  10.5717 41 + 1
    1.3486 1 153

30 66 172
  0 0 + 0
  1.03923 4 + 1
    1.03923 1 0
  1.87277 4 + 2
    0.83354 0.996117 1
    1.87277 0.003883 0
  2.37235 0 + 2
    0.49958 0.004091 2
    1.33312 0.995909 1
  2.45101 8 + 2
    1.41178 0.98039 1
    2.45101 0.01961 0
  2.7036 6 - 2
    0.83083 0.933719 2
    1.66437 0.066281 1
  2.7628 4 - 1
    2.7628 1 0
  2.76556 8 + 3
    0.31455 0.1626 4
    0.89279 0.4479 2
    1.72633 0.3895 1
  2.78016 4 + 4
    0.32915 0.072983 4
    0.90739 0.11659 2
    1.74093 0.152086 1
    2.78016 0.658341 0
  2.82669 6 - 2
    0.95392 0.1015 2
    1.78746 0.8985 1
  2.93807 4 + 3
    1.0653 0.003497 2
    1.89884 0.582743 1
    2.93807 0.41376 0
  3.03 0 + 2
    1.99077 0.5 1
    3.03 0.5 0
  3.07773 8 + 3
    0.31217 0.070491 7
    0.62672 0.699007 4
    1.20496 0.230502 2
  3.10504 0 + 2
    1.23227 0.941628 2
    2.06581 0.058372 1
  3.21258 4 + 2
    2.17335 0.978471 1
    3.21258 0.021529 0
  3.2262 2 - 2
    2.18697 0.5 1
    3.2262 0.5 0
  3.22889 2 + 6
    0.29082 0.006649 10
    0.44873 0.01439 8
    0.85654 0.01493 3
    1.35612 0.047849 2
    2.18966 0.714086 1
    3.22889 0.202096 0
  3.2412 6 - 2
    1.36843 0.5 2
    2.20197 0.5 1
  3.33144 4 + 4
    0.55128 0.048776 8
    1.45867 0.676546 2
    2.29221 0.11909 1
    3.33144 0.155588 0
  3.38094 2 - 6
    0.44287 0.007367 10
    0.60078 0.006391 8
    1.00859 0.027781 3
    1.50817 0.262509 2
    2.34171 0.001528 1
    3.38094 0.694424 0
  3.42741 4 - 1
    1.55464 1 2
  3.43241 2 - 5
    0.49434 0.135095 10
    1.06006 0.064977 3
    1.55964 0.032059 2
    2.39318 0.345986 1
    3.43241 0.421883 0
  3.50725 4 + 3
    0.68056 0.1125 9
    1.63448 0.2625 2
    2.46802 0.625 1
  3.5236 6 + 1
    0.75804 1 7
  3.53169 0 + 1
    2.49246 1 1
  3.57637 8 + 4
    0.74968 0.092264 9
    0.79621 0.195608 8
    1.7036 0.369015 2
    2.53714 0.343114 1
  3.67072 4 + 4
    0.44183 0.541232 16
    1.21971 0.210513 4
    1.79795 0.097146 2
    2.63149 0.151109 1
  3.68901 2 + 1
    1.81624 1 2
  3.7094 10 - 1
    0.94384 1 7
  3.7253 6 + 2
    0.29289 0.1006 21
    0.9625 0.8994 6
  3.7316 4 + 1
    0.96604 1 7
  3.73821 6 - 3
    0.80014 0.052262 10
    2.69898 0.201508 1
    3.73821 0.74623 0
  3.74263 8 + 2
    1.86986 0.5 2
    2.70341 0.5 1
  3.74703 10 - 3
    0.6693 0.166812 12
    0.92034 0.038933 9
    1.29602 0.794256 4
  3.75301 8 + 1
    2.71378 1 1
  3.77 2 - 2
    2.73077 0.5 1
    3.77 0.5 0
  3.79112 2 + 12
    0.28387 0.000139 22
    0.41018 0.002474 19
    0.45968 0.003318 18
    0.56223 0.000248 16
    0.57854 0.002226 14
    0.68608 0.009497 13
    0.85305 0.002857 10
    1.01096 0.001018 8
    1.41877 0.02309 3
    1.91835 0.074909 2
    2.75189 0.855085 1
    3.79112 0.02514 0
  3.8064 6 - 2
    1.93363 0.5 2
    2.76717 0.5 1
  3.825 0 + 1
    2.78577 1 1
  3.874 12 - 1
    3.874 1 0
  3.88242 4 + 2
    2.00965 0.6494 2
    2.84319 0.3506 1
  3.8983 10 - 1
    1.07161 1 9
  3.92471 0 + 2
    1.55236 0.7519 3
    2.88548 0.2481 1
  3.946 2 - 2
    2.90677 0.5 1
    3.946 0.5 0
  3.969 8 + 2
    2.09623 0.5 2
    2.92977 0.5 1
  4.005 8 + 2
    2.13223 0.5 2
    2.96577 0.5 1
  4.0117 6 - 2
    2.13893 0.5 2
    2.97247 0.5 1
  4.0192 4 + 1
    1.23904 1 8
  4.0757 12 - 1
    0.32867 1 33
  4.081 6 - 2
    2.20823 0.5 2
    3.04177 0.5 1
  4.08598 2 + 14
    0.34777 0.001076 31
    0.55429 0.002675 24
    0.65357 0.000764 21
    0.65857 0.004506 20
    0.70504 0.002291 19
    0.85709 0.009166 16
    0.8734 0.01024 14
    0.98094 0.02902 13
    1.14791 0.04696 10
    1.30582 0.002367 8
    1.71363 0.01466 3
    2.21321 0.07864 2
    3.04675 0.03413 1
    4.08598 0.763504 0
  4.1085 6 - 2
    2.23573 0.5 2
    3.06927 0.5 1
  4.119 2 - 1
    3.07977 1 1
  4.1827 12 + 1
    1.73169 1 4
  4.186 6 - 2
    2.31323 0.5 2
    3.14677 0.5 1
  4.223 2 - 2
    3.18377 0.5 1
    4.223 0.5 0
  4.2519 14 - 2
    0.1762 0.4683 48
    0.50487 0.5317 33
  4.258 10 - 2
    1.5544 0.5 5
    1.80699 0.5 4
  4.267 8 + 2
    2.39423 0.5 2
    3.22777 0.5 1
  4.29534 2 + 16
    0.41292 0.000544 40
    0.55713 0.000993 31
    0.71897 0.001606 25
    0.76365 0.001435 24
    0.86293 0.002451 21
    0.86793 0.000702 20
    0.9144 0.004372 19
    0.9639 0.00234 18
    1.06645 0.000382 16
    1.08276 0.002143 14
    1.1903 0.020631 13
    1.35727 0.026471 10
    1.51518 0.000997 8
    2.42257 0.304108 2
    3.25611 0.01521 1
    4.29534 0.615616 0
  4.32183 4 - 1
    3.2826 1 1
  4.332 4 + 2
    3.29277 0.5 1
    4.332 0.5 0
  4.3937 6 - 2
    1.56701 0.5 9
    3.35447 0.5 1
  4.424 2 - 1
    4.424 1 0
  4.433 2 - 1
    4.433 1 0
  4.439 4 + 2
    3.39977 0.5 1
    4.439 0.5 0
  4.454 6 - 2
    2.58123 0.5 2
    3.41477 0.5 1
  4.46141 2 + 16
    0.375431 0.001099 50
    0.670291 0.002101 36
    0.708401 0.004432 34
    0.723201 0.001751 31
    0.885041 0.000964 25
    0.929721 0.002319 24
    0.954161 0.002275 22
    1.12997 0.006956 18
    1.23252 0.02843 16
    1.24883 0.000525 14
    1.35637 0.062549 13
    1.52334 0.002799 10
    2.08906 0.005686 3
    2.58864 0.01343 2
    3.42218 0.437393 1
    4.46141 0.427293 0
  4.472 6 - 2
    2.59923 0.5 2
    3.43277 0.5 1
  4.4976 10 - 1
    3.45837 1 1
  4.511 0 + 2
    3.47177 0.5 1
    4.511 0.5 0
  4.519 4 + 2
    3.47977 0.5 1
    4.519 0.5 0
  4.527 8 - 2
    1.09959 0.5 20
    1.7642 0.5 6
  4.538 8 + 2
    2.66523 0.5 2
    3.49877 0.5 1
  4.565 6 - 2
    2.69223 0.5 2
    3.52577 0.5 1
  4.567 10 - 2
    1.8634 0.5 5
    2.11599 0.5 4
  4.609 2 - 1
    4.609 1 0
  4.616 8 + 2
    2.74323 0.5 2
    3.57677 0.5 1
  4.622 4 - 1
    4.622 1 0
  4.6353 4 - 1
    2.76253 1 2
  4.63824 2 - 3
    1.10655 0.2884 24
    1.40935 0.3745 16
    2.26589 0.3371 3
  4.645 6 - 2
    2.77223 0.5 2
    3.60577 0.5 1
  4.655 6 - 2
    2.78223 0.5 2
    3.61577 0.5 1
  4.6756 2 + 1
    2.80283 1 2
  4.68 4 - 2
    1.45111 0.5 16
    1.9172 0.5 6
  4.683 2 - 1
    4.683 1 0
  4.694 8 + 2
    2.82123 0.5 2
    3.65477 0.5 1
  4.73 4 + 2
    3.69077 0.5 1
    4.73 0.5 0
  4.745 6 - 2
    2.87223 0.5 2
    3.70577 0.5 1
  4.758 4 - 2
    1.52911 0.5 16
    1.9952 0.5 6
  4.78 10 - 2
    2.0764 0.5 5
    2.32899 0.5 4
  4.796 2 - 2
    3.75677 0.5 1
    4.796 0.5 0
  4.8062 2 + 12
    1.01508 0.005347 36
    1.13548 0.002025 26
    1.27451 0.003078 24
    1.29895 0.001661 22
    1.42526 0.002592 19
    1.57731 0.001701 16
    1.86813 0.012151 10
    2.02604 0.001134 8
    2.43385 0.00324 3
    2.93343 0.092334 2
    3.76697 0.064803 1
    4.8062 0.809934 0
  4.8141 14 - 2
    0.7384 0.6897 48
    0.9158 0.3103 41
  4.832 6 + 2
    1.60311 0.5 16
    2.0692 0.5 6
  4.84993 2 + 3
    1.46899 0.0411 19
    2.97716 0.6849 2
    3.8107 0.274 1
  4.86606 2 + 7
    1.19534 0.01923 26
    1.43365 0.03913 21
    1.53462 0.126001 18
    1.92799 0.04775 10
    2.0859 0.04642 8
    2.99329 0.663107 2
    4.86606 0.058361 0
  4.875 4 - 2
    1.64611 0.5 16
    2.1122 0.5 6
  4.885 6 + 2
    1.65611 0.5 16
    2.1222 0.5 6
  4.907 4 - 2
    1.67811 0.5 16
    2.1442 0.5 6
  4.918 8 + 2
    3.04523 0.5 2
    3.87877 0.5 1
  4.945 6 - 2
    3.07223 0.5 2
    3.90577 0.5 1
  4.9582 2 + 1
    3.08543 1 2
  4.984 4 - 2
    1.75511 0.5 16
    2.2212 0.5 6
  5.0058 2 + 1
    5.0058 1 0
  5.025 6 - 2
    3.15223 0.5 2
    3.98577 0.5 1
  5.038 10 + 2
    1.3127 0.5 29
    1.5144 0.5 23
  5.059 4 - 2
    1.83011 0.5 16
    2.2962 0.5 6
  5.073 8 + 2
    3.20023 0.5 2
    4.03377 0.5 1
  5.086 6 - 2
    3.21323 0.5 2
    4.04677 0.5 1
  5.097 4 + 2
    4.05777 0.5 1
    5.097 0.5 0
  5.106 0 - 2
    1.87711 0.5 16
    2.3432 0.5 6
  5.1119 16 - 2
    0.86 0.099109 56
    1.0362 0.900891 48
  5.124 12 + 2
    2.35844 0.5 7
    2.67299 0.5 4
  5.143 8 + 2
    3.27023 0.5 2
    4.10377 0.5 1
  5.159 4 - 2
    1.93011 0.5 16
    2.3962 0.5 6
  5.169 6 + 2
    1.94011 0.5 16
    2.4062 0.5 6
  5.18 10 - 2
    2.4764 0.5 5
    2.72899 0.5 4
  5.198 4 + 2
    4.15877 0.5 1
    5.198 0.5 0
  5.2073 16 + 2
    0.9554 0.4505 56
    1.0246 0.5495 53
  5.222 6 - 2
    3.34923 0.5 2
    4.18277 0.5 1
  5.234 8 - 2
    1.80659 0.5 20
    2.4712 0.5 6
  5.245 4 + 2
    4.20577 0.5 1
    5.245 0.5 0
  5.263 0 - 2
    2.03411 0.5 16
    2.5002 0.5 6
  5.274 6 + 2
    2.04511 0.5 16
    2.5112 0.5 6
  5.285 4 - 2
    2.05611 0.5 16
    2.5222 0.5 6
  5.305 2 + 2
    2.07611 0.5 16
    2.5422 0.5 6
  5.322 8 - 2
    1.89459 0.5 20
    2.5592 0.5 6
  5.331 6 + 2
    2.10211 0.5 16
    2.5682 0.5 6
  5.352 10 - 2
    2.6484 0.5 5
    2.90099 0.5 4
  5.364 4 + 2
    4.32477 0.5 1
    5.364 0.5 0
  5.375 2 - 2
    4.33577 0.5 1
    5.375 0.5 0
  5.389 0 + 2
    4.34977 0.5 1
    5.389 0.5 0
  5.403 6 - 2
    3.53023 0.5 2
    4.36377 0.5 1
  5.42 4 + 2
    4.38077 0.5 1
    5.42 0.5 0
  5.431 8 - 2
    2.00359 0.5 20
    2.6682 0.5 6
  5.446 2 + 2
    2.21711 0.5 16
    2.6832 0.5 6
  5.4644 18 - 1
    1.2125 1 56
  5.5 6 + 2
    2.27111 0.5 16
    2.7372 0.5 6
  5.65 6 - 2
    3.77723 0.5 2
    4.61077 0.5 1
  5.74 4 + 2
    4.70077 0.5 1
    5.74 0.5 0
  6 2 - 2
    4.96077 0.5 1
    6 0.5 0
  6.2926 20 + 1
    1.0853 1 119
  6.419 4 - 1
    1.3071 1 112
  6.85 16 + 2
    2.5981 0.5 56
    2.6673 0.5 53
  7.17 8 - 2
    3.74259 0.5 20
    4.4072 0.5 6
  7.3674 2 + 16
    2.7321 0.013501 79
    3.07206 0.014931 59
    3.2917 0.003554 48
    3.3557 0.002843 46
    3.48498 0.014931 40
    3.5424 0.011371 38
    3.79103 0.003554 25
    3.83571 0.011371 24
    4.1412 0.007107 15
    4.26236 0.057573 13
    4.42933 0.014931 10
    4.58724 0.027012 8
    4.99505 0.002843 3
    5.49463 0.101606 2
    6.32817 0.002132 1
    7.3674 0.710741 0
  7.5173 10 - 1
    1.2247 1 142
  7.55 12 + 2
    4.78444 0.5 7
    5.09899 0.5 4
  7.6933 2 - 9
    4.18605 0.032259 22
    4.26089 0.100798 21
    4.36186 0.052419 18
    4.4521 0.028229 17
    4.48072 0.084678 14
    4.58826 0.032259 13
    4.75523 0.096768 10
    6.65407 0.169397 1
    7.6933 0.403192 0
  11.0599 4 + 2
    10.0207 0.5 1
    11.0599 0.5 0
  11.395 6 - 2
    9.52223 0.5 2
    10.3558 0.5 1
  11.411 0 + 2
    10.3718 0.5 1
    11.411 0.5 0
  11.457 4 - 2
    8.22811 0.5 16
    8.6942 0.5 6
  11.514 8 + 2
    9.64123 0.5 2
    10.4748 0.5 1
  11.593 6 - 2
    9.72023 0.5 2
    10.5538 0.5 1
  11.654 4 + 2
    10.6148 0.5 1
    11.654 0.5 0
  11.698 2 - 2
    10.6588 0.5 1
    11.698 0.5 0
  11.757 6 + 2
    8.52811 0.5 16
    8.9942 0.5 6
  11.841 4 + 2
    10.8018 0.5 1
    11.841 0.5 0
  11.916 8 - 2
    8.48859 0.5 20
    9.1532 0.5 6
  12.194 10 - 2
    9.4904 0.5 5
    9.74299 0.5 4
  12.218 2 + 2
    8.98911 0.5 16
    9.4552 0.5 6
  12.293 6 - 2
    10.4202 0.5 2
    11.2538 0.5 1
  12.324 0 + 2
    11.2848 0.5 1
    12.324 0.5 0
  12.401 4 - 2
    9.17211 0.5 16
    9.6382 0.5 6
  12.433 8 + 2
    10.5602 0.5 2
    11.3938 0.5 1
  12.552 2 - 2
    11.5128 0.5 1
    12.552 0.5 0
  12.602 6 + 2
    9.37311 0.5 16
    9.8392 0.5 6
  12.651 4 - 2
    9.42211 0.5 16
    9.8882 0.5 6
  12.688 10 + 2
    8.9627 0.5 29
    9.1644 0.5 23
  12.714 2 - 2
    11.6748 0.5 1
    12.714 0.5 0

30 67 130
  0 5 - 0
  0.093312 1 - 1
    0.093312 1 0
  0.184579 3 - 2
    0.091267 0.1335 1
    0.184579 0.8665 0
  0.393531 3 - 3
    0.208952 0.099109 2
    0.300219 0.704093 1
    0.393531 0.196798 0
  0.60448 9 + 1
    0.60448 1 0
  0.81477 7 - 3
    0.421239 0.006993 3
    0.630191 0.0509 2
    0.81477 0.942107 0
  0.87091 3 - 1
    0.87091 1 0
  0.887701 5 - 4
    0.49417 0.250095 3
    0.703122 0.049019 2
    0.794389 0.210796 1
    0.887701 0.49009 0
  0.97984 5 + 3
    0.37536 0.03951 4
    0.586309 0.648993 3
    0.97984 0.311497 0
  0.99 1 - 2
    0.896688 0.5 1
    0.99 0.5 0
  1.06 7 + 2
    0.172299 0.5 7
    1.06 0.5 0
  1.14281 1 - 3
    0.749279 0.449587 3
    0.958231 0.458686 2
    1.14281 0.091727 0
  1.36359 5 - 5
    0.475889 0.077809 7
    0.970059 0.353396 3
    1.17901 0.257897 2
    1.27028 0.0424 1
    1.36359 0.268497 0
  1.407 11 + 1
    0.347 1 10
  1.44609 3 - 4
    0.558389 0.118398 7
    1.05256 0.041419 3
    1.35278 0.591688 1
    1.44609 0.248495 0
  1.51714 9 - 2
    0.70237 0.082609 5
    1.51714 0.917391 0
  1.5435 3 - 4
    1.14997 0.043484 3
    1.35892 0.315228 2
    1.45019 0.097839 1
    1.5435 0.543449 0
  1.60368 7 + 2
    0.62384 0.1526 8
    0.9992 0.8474 4
  1.64011 13 + 1
    1.03563 1 4
  1.643 5 + 2
    1.24947 0.5 3
    1.45842 0.5 2
  1.65671 7 - 3
    0.769009 0.5292 7
    1.47213 0.1428 2
    1.65671 0.328 0
  1.67753 1 + 4
    0.86276 0.235421 5
    1.284 0.420138 3
    1.49295 0.037813 2
    1.58422 0.306628 1
  1.68681 3 - 3
    1.29328 0.3803 3
    1.50223 0.2585 2
    1.68681 0.3612 0
  1.73265 11 + 1
    1.12817 1 4
  1.78024 3 - 2
    0.96547 0.5989 5
    1.59566 0.4011 2
  1.78316 3 + 5
    0.80332 0.01294 8
    1.38963 0.008411 3
    1.59858 0.003882 2
    1.68985 0.96532 1
    1.78316 0.009446 0
  1.8005 7 - 4
    0.912799 0.270227 7
    1.40697 0.180118 3
    1.61592 0.239124 2
    1.8005 0.310531 0
  1.802 1 + 2
    1.40847 0.5 3
    1.61742 0.5 2
  1.80789 9 + 4
    0.82805 0.1219 8
    0.99312 0.1117 5
    1.20341 0.5076 4
    1.80789 0.2588 0
  1.84281 3 - 5
    0.7 0.098484 11
    0.955109 0.051817 7
    1.44928 0.290183 3
    1.65823 0.518069 2
    1.7495 0.041448 1
  1.87542 5 - 2
    1.06065 0.7874 5
    1.48189 0.2126 3
  2.02719 7 + 3
    1.04735 0.4 8
    1.42271 0.2 4
    2.02719 0.4 0
  2.06536 5 + 3
    1.08552 0.086957 8
    1.67183 0.869565 3
    2.06536 0.043478 0
  2.08312 5 + 4
    1.68959 0.393739 3
    1.89854 0.248025 2
    1.98981 0.20472 1
    2.08312 0.153515 0
  2.09261 9 + 1
    1.90803 1 2
  2.10181 15 + 3
    0.73822 0.1176 12
    1.21411 0.6536 7
    2.10181 0.2288 0
  2.11 1 + 2
    1.71647 0.5 3
    1.92542 0.5 2
  2.13673 9 - 2
    1.32196 0.8547 5
    2.13673 0.1453 0
  2.1585 5 + 1
    1.97392 1 2
  2.17529 7 + 1
    1.19545 1 8
  2.24281 3 - 2
    1.1 0.2481 11
    1.84928 0.7519 3
  2.2729 5 + 2
    0.66922 0.5 17
    1.87937 0.5 3
  2.399 7 - 2
    2.00547 0.5 3
    2.21442 0.5 2
  2.4089 1 + 3
    1.26609 0.333333 11
    2.01537 0.333333 3
    2.22432 0.333333 2
  2.4281 11 - 1
    2.03457 1 3
  2.43493 11 - 3
    1.29212 0.2093 11
    1.54723 0.2093 7
    1.62016 0.5814 5
  2.45181 13 + 1
    0.71916 1 23
  2.487 3 + 2
    2.39369 0.5 1
    2.487 0.5 0
  2.50352 11 + 2
    0.86341 0.6712 18
    1.89904 0.3288 4
  2.5114 5 - 2
    1.69663 0.5 5
    2.5114 0.5 0
  2.5545 7 - 2
    2.36992 0.5 2
    2.5545 0.5 0
  2.579 3 + 2
    2.48569 0.5 1
    2.579 0.5 0
  2.5996 5 - 1
    2.41502 1 2
  2.642 1 + 2
    2.24847 0.5 3
    2.45742 0.5 2
  2.7322 11 - 1
    1.21506 1 15
  2.753 9 + 2
    1.93823 0.5 5
    2.14852 0.5 4
  2.794 3 - 2
    2.40047 0.5 3
    2.60942 0.5 2
  2.847 1 + 2
    2.45347 0.5 3
    2.66242 0.5 2
  2.883 5 - 2
    2.78969 0.5 1
    2.883 0.5 0
  2.9265 15 + 1
    1.28639 1 18
  2.9284 7 - 2
    1.3849 0.5814 16
    1.48231 0.4186 14
  2.9373 3 + 1
    1.20465 1 23
  2.998 5 - 2
    2.90469 0.5 1
    2.998 0.5 0
  3.0298 7 + 2
    1.29715 0.5495 23
    1.38969 0.4505 18
  3.057 3 - 2
    2.66347 0.5 3
    2.87242 0.5 2
  3.0657 13 - 1
    1.54856 1 15
  3.091 5 + 2
    2.69747 0.5 3
    2.90642 0.5 2
  3.119 9 + 2
    2.30423 0.5 5
    2.51452 0.5 4
  3.153 1 - 2
    3.05969 0.5 1
    3.153 0.5 0
  3.1956 7 + 1
    0.74379 1 46
  3.228 3 - 2
    2.83447 0.5 3
    3.04342 0.5 2
  3.291 1 + 2
    2.89747 0.5 3
    3.10642 0.5 2
  3.326 5 - 2
    3.23269 0.5 1
    3.326 0.5 0
  3.35 3 + 2
    3.25669 0.5 1
    3.35 0.5 0
  3.386 1 + 2
    2.99247 0.5 3
    3.20142 0.5 2
  3.429 5 - 2
    3.33569 0.5 1
    3.429 0.5 0
  3.468 7 - 2
    3.07447 0.5 3
    3.28342 0.5 2
  3.4734 9 + 1
    0.4077 1 65
  3.4874 3 - 1
    1.84729 1 18
  3.49 5 + 1
    0.5635 1 59
  3.51235 7 - 2
    1.06054 0.2 46
    1.87224 0.8 18
  3.534 3 + 2
    3.44069 0.5 1
    3.534 0.5 0
  3.557 1 + 2
    3.16347 0.5 3
    3.37242 0.5 2
  3.599 1 + 2
    3.20547 0.5 3
    3.41442 0.5 2
  3.637 5 - 2
    3.54369 0.5 1
    3.637 0.5 0
  3.642 9 - 2
    2.7543 0.5 7
    3.642 0.5 0
  3.679 7 - 2
    3.28547 0.5 3
    3.49442 0.5 2
  3.6967 3 + 1
    1.24489 1 46
  3.699 5 - 2
    3.60569 0.5 1
    3.699 0.5 0
  3.764 1 + 2
    3.37047 0.5 3
    3.57942 0.5 2
  3.785 3 - 2
    3.39147 0.5 3
    3.60042 0.5 2
  3.819 5 + 2
    3.42547 0.5 3
    3.63442 0.5 2
  3.832 7 - 2
    3.43847 0.5 3
    3.64742 0.5 2
  3.857 1 + 2
    3.46347 0.5 3
    3.67242 0.5 2
  3.88 3 - 2
    3.48647 0.5 3
    3.69542 0.5 2
  3.907 5 + 2
    3.51347 0.5 3
    3.72242 0.5 2
  3.9292 9 - 2
    0.41685 0.0991 80
    0.8635 0.9009 65
  3.946 7 + 2
    3.0583 0.5 7
    3.946 0.5 0
  3.981 3 - 2
    3.58747 0.5 3
    3.79642 0.5 2
  4.024 5 + 2
    3.63047 0.5 3
    3.83942 0.5 2
  4.074 1 + 2
    3.68047 0.5 3
    3.88942 0.5 2
  4.115 7 - 2
    3.72147 0.5 3
    3.93042 0.5 2
  4.135 3 - 2
    3.74147 0.5 3
    3.95042 0.5 2
  4.186 5 + 2
    3.79247 0.5 3
    4.00142 0.5 2
  4.2199 9 - 1
    1.2934 1 59
  4.225 3 + 2
    4.13169 0.5 1
    4.225 0.5 0
  4.257 5 - 2
    4.16369 0.5 1
    4.257 0.5 0
  4.286 7 + 2
    3.3983 0.5 7
    4.286 0.5 0
  4.307 9 - 2
    3.4193 0.5 7
    4.307 0.5 0
  4.315 3 + 2
    4.22169 0.5 1
    4.315 0.5 0
  4.368 5 - 2
    4.27469 0.5 1
    4.368 0.5 0
  4.388 7 + 2
    3.5003 0.5 7
    4.388 0.5 0
  4.419 17 - 2
    1.4925 0.5 59
    2.31719 0.5 35
  4.457 3 + 2
    4.36369 0.5 1
    4.457 0.5 0
  4.48 5 - 2
    4.38669 0.5 1
    4.48 0.5 0
  4.5 7 + 2
    3.6123 0.5 7
    4.5 0.5 0
  4.556 1 - 2
    4.46269 0.5 1
    4.556 0.5 0
  4.593 9 + 2
    3.77823 0.5 5
    3.98852 0.5 4
  4.63 21 + 1
    1.7035 1 59
  4.66 3 - 2
    4.26647 0.5 3
    4.47542 0.5 2
  4.684 21 - 2
    0.4641 0.3289 104
    0.7548 0.6711 96
  4.77 5 + 2
    4.37647 0.5 3
    4.58542 0.5 2
  5.01 3 - 2
    4.61647 0.5 3
    4.82542 0.5 2
  5.07 5 + 2
    4.67647 0.5 3
    4.88542 0.5 2
  5.15 7 - 2
    4.75647 0.5 3
    4.96542 0.5 2
  5.21 1 + 2
    4.81647 0.5 3
    5.02542 0.5 2
  5.34 11 - 2
    4.52523 0.5 5
    4.73552 0.5 4
  9.02 3 + 2
    8.92669 0.5 1
    9.02 0.5 0
  9.28 5 - 2
    9.18669 0.5 1
    9.28 0.5 0
  11.47 7 + 2
    10.5823 0.5 7
    11.47 0.5 0

30 68 120
  0 0 + 0
  1.07737 4 + 1
    1.07737 1 0
  1.65591 0 + 1
    0.57854 1 1
  1.8832 4 + 3
    0.22729 0.000549 2
    0.80583 0.407821 1
    1.8832 0.59163 0
  2.33845 4 + 3
    0.68254 0.003253 2
    1.26108 0.985027 1
    2.33845 0.01172 0
  2.3703 4 - 1
    1.29293 1 1
  2.4174 8 + 2
    0.5342 0.005577 3
    1.34003 0.994423 1
  2.5102 0 - 1
    1.43283 1 1
  2.75076 6 - 2
    0.41231 0.071563 4
    1.67339 0.928437 1
  2.82179 4 + 5
    0.48334 0.025569 4
    0.93859 0.01696 3
    1.16588 0.001549 2
    1.74442 0.911274 1
    2.82179 0.044649 0
  2.9559 8 + 1
    0.5856 1 5
  2.95949 8 + 2
    0.54209 0.1073 6
    1.88212 0.8927 1
  3.00927 6 + 4
    0.59187 0.04669 6
    0.67082 0.0393 4
    1.12607 0.818292 3
    1.9319 0.095719 1
  3.10251 0 + 2
    1.21931 0.970881 3
    2.02514 0.029119 1
  3.1538 8 - 2
    0.81535 0.5954 4
    1.2706 0.4046 3
  3.1601 2 + 2
    1.2769 0.6667 3
    2.08273 0.3333 1
  3.1644 6 + 1
    0.747 1 6
  3.18418 4 + 4
    0.84573 0.039652 4
    1.30098 0.155508 3
    2.10681 0.609731 1
    3.18418 0.19511 0
  3.1866 4 + 2
    1.53069 0.359 2
    2.10923 0.641 1
  3.28158 8 + 2
    0.86418 0.8265 6
    1.39838 0.1735 3
  3.28709 4 + 5
    0.4653 0.009524 9
    1.40389 0.025541 3
    1.63118 0.086103 2
    2.20972 0.593821 1
    3.28709 0.28501 0
  3.34609 2 + 3
    1.46289 0.1677 3
    2.26872 0.2112 1
    3.34609 0.6211 0
  3.386 4 + 2
    2.30863 0.7692 1
    3.386 0.2308 0
  3.4009 4 + 3
    1.5177 0.4178 3
    2.32353 0.4695 1
    3.4009 0.1127 0
  3.42507 6 + 3
    0.67431 0.2032 8
    1.54187 0.276 3
    2.3477 0.5208 1
  3.42946 4 + 4
    1.09101 0.147406 4
    1.54626 0.526321 3
    2.35209 0.263111 1
    3.42946 0.063163 0
  3.451 8 + 3
    0.62921 0.2161 9
    1.11255 0.3145 4
    2.37363 0.4694 1
  3.45883 10 - 2
    0.49934 0.1305 11
    1.04143 0.8695 6
  3.4877 4 + 1
    0.73694 1 8
  3.49608 6 + 3
    0.74532 0.028579 8
    1.61288 0.049768 3
    2.41871 0.921654 1
  3.58664 8 + 2
    0.83588 0.685 8
    2.50927 0.315 1
  3.6108 12 - 1
    0.15197 1 27
  3.62 6 - 2
    1.7368 0.5 3
    2.54263 0.5 1
  3.62432 4 + 2
    2.54695 0.7937 1
    3.62432 0.2063 0
  3.63032 4 + 5
    0.34874 0.014891 19
    0.62105 0.177714 12
    0.87956 0.422734 8
    1.21292 0.097238 6
    3.63032 0.287423 0
  3.6647 4 + 3
    1.7815 0.4975 3
    2.58733 0.3234 1
    3.6647 0.1791 0
  3.6875 12 + 1
    1.2701 1 6
  3.7098 4 + 2
    1.37135 0.5848 4
    3.7098 0.4152 0
  3.71747 2 - 2
    2.06156 0.3671 2
    3.71747 0.6329 0
  3.72579 2 - 4
    0.904 0.058832 9
    0.97503 0.069542 8
    1.38734 0.33691 4
    2.64842 0.534716 1
  3.7324 8 + 1
    1.2222 1 7
  3.77632 4 + 3
    1.43787 0.3147 4
    2.69895 0.1777 1
    3.77632 0.5076 0
  3.806 6 - 2
    1.9228 0.5 3
    2.72863 0.5 1
  3.81483 2 - 2
    2.73746 0.8547 1
    3.81483 0.1453 0
  3.8493 8 + 2
    1.4319 0.885 6
    1.51085 0.115 4
  3.89583 8 + 3
    0.93634 0.169295 11
    1.47843 0.769177 6
    1.55738 0.061528 4
  3.91099 2 - 4
    0.62941 0.117896 19
    1.49359 0.386188 6
    1.57254 0.089427 4
    2.02779 0.406488 3
  3.929 2 + 1
    2.85163 1 1
  3.93508 6 + 5
    1.11329 0.071022 9
    1.18432 0.088763 8
    1.59663 0.056212 4
    2.85771 0.739622 1
    3.93508 0.044381 0
  3.9429 16 - 1
    0.3321 1 31
  3.9707 2 + 2
    1.0148 0.7576 10
    1.14891 0.2424 9
  3.989 10 - 1
    3.989 1 0
  4.0277 4 + 3
    1.01843 0.1119 12
    1.27694 0.1888 8
    4.0277 0.6993 0
  4.061 4 + 2
    1.72255 0.3939 4
    2.98363 0.6061 1
  4.102 6 - 1
    4.102 1 0
  4.11 8 + 2
    2.2268 0.5 3
    3.03263 0.5 1
  4.124 2 - 2
    3.04663 0.5 1
    4.124 0.5 0
  4.1392 6 - 2
    3.06183 0.8403 1
    4.1392 0.1597 0
  4.148 0 + 2
    3.07063 0.5 1
    4.148 0.5 0
  4.2154 2 - 2
    3.13803 0.7874 1
    4.2154 0.2126 0
  4.229 10 - 1
    3.15163 1 1
  4.234 6 - 1
    3.15663 1 1
  4.284 2 - 3
    1.27473 0.1258 12
    1.53324 0.2453 8
    3.20663 0.6289 1
  4.325 6 - 1
    4.325 1 0
  4.3391 10 - 1
    4.3391 1 0
  4.345 2 - 2
    3.26763 0.5 1
    4.345 0.5 0
  4.355 6 - 2
    2.4718 0.5 3
    3.27763 0.5 1
  4.389 2 - 2
    3.31163 0.5 1
    4.389 0.5 0
  4.3968 16 + 1
    0.7093 1 36
  4.4084 6 - 2
    1.44891 0.115 11
    3.33103 0.885 1
  4.414 10 - 1
    4.414 1 0
  4.437 2 - 1
    3.35963 1 1
  4.444 6 + 1
    4.444 1 0
  4.4662 2 - 1
    4.4662 1 0
  4.496 14 - 1
    4.496 1 0
  4.5032 2 - 2
    3.42583 0.5745 1
    4.5032 0.4255 0
  4.5122 4 + 3
    2.0948 0.3876 6
    3.43483 0.3023 1
    4.5122 0.3101 0
  4.5206 0 - 3
    1.69881 0.1462 9
    2.18215 0.269 4
    4.5206 0.5848 0
  4.5356 6 - 2
    3.45823 0.7692 1
    4.5356 0.2308 0
  4.578 10 - 1
    4.578 1 0
  4.587 12 - 2
    3.50963 0.781222 1
    4.587 0.218778 0
  4.608 6 - 1
    4.608 1 0
  4.642 8 - 3
    2.30355 0.2067 4
    3.56463 0.5587 1
    4.642 0.2346 0
  4.67 2 - 2
    3.59263 0.625 1
    4.67 0.375 0
  4.68 0 - 1
    4.68 1 0
  4.7241 6 - 2
    1.90231 0.3789 9
    4.7241 0.6211 0
  4.7328 4 - 4
    1.72353 0.187519 12
    3.07689 0.446445 2
    3.65543 0.19642 1
    4.7328 0.169617 0
  4.743 10 - 1
    3.66563 1 1
  4.792 2 - 1
    4.792 1 0
  4.8512 6 - 3
    0.916121 0.072 48
    1.1865 0.128 35
    2.51275 0.8 4
  4.8579 4 + 2
    3.20199 0.4681 2
    4.8579 0.5319 0
  4.8659 20 - 1
    0.923 1 49
  4.873 8 + 2
    2.12224 0.081972 8
    2.9898 0.918028 3
  4.9106 2 - 3
    3.0274 0.088709 3
    3.25469 0.104799 2
    3.83323 0.806492 1
  4.9515 4 + 3
    1.76732 0.1796 17
    3.0683 0.2216 3
    3.87413 0.5988 1
  4.963 6 - 1
    3.88563 1 1
  4.982 0 + 1
    4.982 1 0
  4.992 8 - 3
    3.1088 0.3257 3
    3.91463 0.3831 1
    4.992 0.2912 0
  5.019 4 - 2
    2.5088 0.5 7
    2.6487 0.5 5
  5.12 2 - 2
    4.04263 0.5 1
    5.12 0.5 0
  5.146 6 + 1
    4.06863 1 1
  5.162 10 + 2
    2.0082 0.5 14
    2.15273 0.5 12
  5.1877 4 + 2
    2.7703 0.7634 6
    4.11033 0.2366 1
  5.2 2 - 2
    4.12263 0.5 1
    5.2 0.5 0
  5.2834 6 + 3
    2.866 0.4902 6
    2.94495 0.2549 4
    3.4002 0.2549 3
  5.298 8 - 5
    2.54724 0.341273 8
    2.95955 0.146788 4
    3.4148 0.310575 3
    4.22063 0.098972 1
    5.298 0.102392 0
  5.3075 12 - 1
    3.65159 1 2
  5.4004 4 + 2
    2.39113 0.3333 12
    2.983 0.6667 6
  5.4032 2 + 2
    3.52 0.5682 3
    5.4032 0.4318 0
  5.4153 6 - 2
    4.33793 0.6369 1
    5.4153 0.3631 0
  5.42 0 + 2
    4.34263 0.5 1
    5.42 0.5 0
  5.565 4 - 3
    2.81424 0.2762 8
    3.1476 0.2476 6
    3.22655 0.4762 4
  5.61 8 + 2
    3.7268 0.5 3
    4.53263 0.5 1
  5.635 2 - 2
    4.55763 0.5 1
    5.635 0.5 0
  5.6938 6 + 1
    3.2764 1 6
  5.86 4 - 2
    3.3498 0.5 7
    3.4897 0.5 5
  5.9907 24 - 1
    1.1248 1 91
  6.76 10 - 2
    4.00924 0.5 8
    4.3426 0.5 6
  7.11 2 + 2
    4.5998 0.5 7
    4.7397 0.5 5
  7.3623 2 - 4
    4.54051 0.25 9
    5.70639 0.25 2
    6.28493 0.25 1
    7.3623 0.25 0

30 69 70
  0 1 - 0
  0.438636 9 + 1
    0.438636 1 0
  0.5313 5 - 1
    0.5313 1 0
  0.83446 3 - 1
    0.83446 1 0
  0.872 5 + 1
    0.433364 1 1
  0.967 7 + 1
    0.4357 1 2
  1.00766 3 - 3
    0.1732 0.01094 3
    0.47636 0.007857 2
    1.00766 0.981203 0
  1.136 11 - 1
    0.697364 1 1
  1.18073 5 - 4
    0.17307 0.01028 6
    0.34627 0.02084 3
    0.64943 0.461691 2
    1.18073 0.50719 0
  1.224 7 + 2
    0.257 0.5 5
    0.6927 0.5 2
  1.25167 1 + 2
    0.41721 0.2807 3
    1.25167 0.7193 0
  1.338 3 + 2
    0.8067 0.5 2
    1.338 0.5 0
  1.409 13 + 2
    0.273 0.5 7
    0.970364 0.5 1
  1.42955 3 - 5
    0.17788 0.005022 10
    0.42189 0.02041 6
    0.59509 0.382999 3
    0.89825 0.09447 2
    1.42955 0.497099 0
  1.4583 5 - 1
    1.4583 1 0
  1.595 1 - 2
    0.76054 0.4153 3
    1.595 0.5847 0
  1.6332 5 + 1
    1.6332 1 0
  1.696 1 + 2
    0.824 0.5 4
    0.86154 0.5 3
  1.761 7 + 2
    0.794 0.5 5
    1.2297 0.5 2
  1.791 9 - 2
    0.824 0.5 5
    1.2597 0.5 2
  1.82801 3 - 5
    0.64728 0.062518 8
    0.82035 0.050008 6
    0.99355 0.624981 3
    1.29671 0.124996 2
    1.82801 0.137496 0
  1.85 7 + 2
    0.883 0.5 5
    1.3187 0.5 2
  1.8934 9 + 2
    1.3621 0.7143 2
    1.8934 0.2857 0
  1.941 11 - 2
    0.805 0.5 7
    1.50236 0.5 1
  1.968 1 - 2
    1.4367 0.5 2
    1.968 0.5 0
  1.9833 3 - 1
    1.452 1 2
  2.0328 5 - 3
    0.85207 0.304982 8
    1.5015 0.609663 2
    2.0328 0.085355 0
  2.0543 1 - 2
    1.1823 0.7549 4
    1.21984 0.2451 3
  2.085 5 - 2
    1.5537 0.5 2
    2.085 0.5 0
  2.21 7 + 2
    1.243 0.5 5
    1.6787 0.5 2
  2.262 1 + 2
    1.39 0.5 4
    1.42754 0.5 3
  2.293 3 + 2
    1.7617 0.5 2
    2.293 0.5 0
  2.3438 7 + 2
    1.8125 0.3056 2
    2.3438 0.6944 0
  2.3771 5 + 1
    2.3771 1 0
  2.4 5 + 2
    1.56554 0.5 3
    1.96136 0.5 1
  2.42 3 - 2
    1.548 0.5 4
    1.58554 0.5 3
  2.46 9 + 2
    1.588 0.5 4
    2.02136 0.5 1
  2.504 7 - 2
    1.66954 0.5 3
    2.06536 0.5 1
  2.554 3 + 2
    2.0227 0.5 2
    2.554 0.5 0
  2.58 15 - 2
    1.171 0.5 12
    1.444 0.5 7
  2.607 9 + 2
    1.735 0.5 4
    2.16836 0.5 1
  2.625 5 - 2
    2.0937 0.5 2
    2.625 0.5 0
  2.663 1 + 2
    1.791 0.5 4
    1.82854 0.5 3
  2.7 3 - 2
    1.828 0.5 4
    1.86554 0.5 3
  2.74 7 + 2
    1.773 0.5 5
    2.2087 0.5 2
  2.79 11 - 2
    1.654 0.5 7
    2.35136 0.5 1
  2.828 1 + 2
    1.956 0.5 4
    1.99354 0.5 3
  2.905 5 - 2
    2.3737 0.5 2
    2.905 0.5 0
  2.919 3 + 2
    2.3877 0.5 2
    2.919 0.5 0
  2.95 7 - 2
    2.11554 0.5 3
    2.51136 0.5 1
  3.014 5 + 2
    2.17954 0.5 3
    2.57536 0.5 1
  3.061 1 + 2
    2.189 0.5 4
    2.22654 0.5 3
  3.091 3 - 2
    2.219 0.5 4
    2.25654 0.5 3
  3.12 9 - 2
    2.153 0.5 5
    2.5887 0.5 2
  3.134 7 + 2
    2.167 0.5 5
    2.6027 0.5 2
  3.194 5 - 2
    2.6627 0.5 2
    3.194 0.5 0
  3.352 3 + 2
    2.8207 0.5 2
    3.352 0.5 0
  3.385 1 + 2
    2.513 0.5 4
    2.55054 0.5 3
  3.438 1 + 2
    2.566 0.5 4
    2.60354 0.5 3
  3.457 5 - 2
    2.9257 0.5 2
    3.457 0.5 0
  3.671 3 - 2
    2.799 0.5 4
    2.83654 0.5 3
  3.913 7 - 2
    3.07854 0.5 3
    3.47436 0.5 1
  3.966 1 + 2
    3.094 0.5 4
    3.13154 0.5 3
  4.089 9 - 2
    3.122 0.5 5
    3.5577 0.5 2
  4.193 5 + 2
    3.35854 0.5 3
    3.75436 0.5 1
  4.262 3 - 2
    3.39 0.5 4
    3.42754 0.5 3
  4.518 7 + 2
    3.551 0.5 5
    3.9867 0.5 2
  4.62 11 - 2
    3.484 0.5 7
    4.18136 0.5 1
  4.661 5 + 2
    3.82654 0.5 3
    4.22236 0.5 1
  4.722 3 - 2
    3.85 0.5 4
    3.88754 0.5 3

30 70 61
  0 0 + 0
  0.88446 4 + 1
    0.88446 1 0
  1.07024 0 + 1
    0.18578 1 1
  1.554 6 + 1
    1.554 1 0
  1.75876 4 + 2
    0.8743 0.5953 1
    1.75876 0.4047 0
  1.78633 8 + 1
    0.90187 1 1
  1.95722 4 + 1
    1.07276 1 1
  2.1402 0 + 2
    0.35387 0.3682 5
    1.25574 0.6318 1
  2.375 4 + 2
    1.49054 0.5 1
    2.375 0.5 0
  2.53788 4 + 4
    0.75155 0.1203 5
    0.77912 0.2241 4
    1.65342 0.5463 1
    2.53788 0.1093 0
  2.665 4 + 2
    1.78054 0.5 1
    2.665 0.5 0
  2.69298 8 + 4
    0.73576 0.047229 6
    0.90665 0.394888 5
    0.93422 0.128796 4
    1.80852 0.429087 1
  2.805 2 - 2
    1.92054 0.5 1
    2.805 0.5 0
  2.85903 6 - 3
    1.0727 0.41 5
    1.10027 0.1886 4
    1.97457 0.4014 1
  2.89467 12 + 1
    1.10834 1 5
  2.94923 2 + 2
    1.19047 0.4186 4
    2.06477 0.5814 1
  2.97784 8 + 1
    1.19151 1 5
  3.03761 10 - 1
    1.25128 1 5
  3.22272 2 + 2
    2.15248 0.2481 2
    3.22272 0.7519 0
  3.235 8 + 2
    1.47624 0.5 4
    2.35054 0.5 1
  3.24623 8 - 5
    0.20862 0.216468 17
    0.3872 0.208969 13
    0.55325 0.111783 11
    0.70835 0.385742 9
    1.4599 0.077038 5
  3.328 0 + 2
    2.44354 0.5 1
    3.328 0.5 0
  3.3416 6 - 1
    1.55527 1 5
  3.419 6 - 2
    1.66024 0.5 4
    2.53454 0.5 1
  3.464 8 + 2
    1.70524 0.5 4
    2.57954 0.5 1
  3.4762 8 - 3
    0.43859 0.171203 17
    0.78322 0.059981 11
    1.68987 0.768815 5
  3.506 10 - 2
    0.81302 0.5 11
    1.71967 0.5 5
  3.59841 10 + 1
    0.5608 1 17
  3.63457 4 + 1
    1.87581 1 4
  3.68 0 + 2
    2.79554 0.5 1
    3.68 0.5 0
  3.7103 4 + 1
    1.95154 1 4
  3.75 2 - 2
    2.86554 0.5 1
    3.75 0.5 0
  3.755 16 + 1
    0.86033 1 14
  3.78765 12 + 2
    0.75004 0.3865 17
    0.89298 0.6135 14
  3.813 6 - 2
    2.05424 0.5 4
    2.92854 0.5 1
  3.844 2 - 2
    2.95954 0.5 1
    3.844 0.5 0
  3.848 6 + 1
    2.06167 1 5
  3.888 8 + 2
    2.12924 0.5 4
    3.00354 0.5 1
  3.9036 12 - 1
    2.11727 1 5
  3.914 2 - 2
    3.02954 0.5 1
    3.914 0.5 0
  3.948 2 - 2
    3.06354 0.5 1
    3.948 0.5 0
  4.00092 4 + 1
    0.96331 1 17
  4.018 8 + 2
    2.25924 0.5 4
    3.13354 0.5 1
  4.06093 8 + 2
    0.58473 0.5883 25
    1.02332 0.4117 17
  4.1455 4 + 1
    1.10789 1 17
  4.172 10 - 2
    1.47902 0.5 11
    2.38567 0.5 5
  4.2639 6 - 1
    1.22629 1 17
  4.297 4 + 2
    3.41254 0.5 1
    4.297 0.5 0
  4.3085 6 - 2
    1.27089 0.6993 17
    1.41383 0.3007 14
  4.367 8 + 2
    2.60824 0.5 4
    3.48254 0.5 1
  4.444 8 + 2
    2.68524 0.5 4
    3.55954 0.5 1
  4.46429 2 - 3
    0.98809 0.175 25
    1.42668 0.625 17
    1.56962 0.2 14
  4.51373 6 - 1
    1.47612 1 17
  4.5577 2 - 2
    1.52009 0.4012 17
    2.77137 0.5988 5
  4.5882 6 - 1
    1.55059 1 17
  4.7097 4 - 1
    1.81503 1 14
  4.7912 2 - 1
    1.315 1 25
  4.8488 6 - 2
    1.95413 0.5405 14
    3.06247 0.4595 5
  4.9355 20 + 1
    1.1805 1 32
  5.0609 4 - 1
    2.16623 1 14
  6.1158 24 + 1
    1.1803 1 58

30 71 158
  0 1 - 0
  0.1577 9 + 1
    0.1577 1 0
  0.2863 5 + 1
    0.1286 1 1
  0.465 5 - 1
    0.465 1 0
  0.4898 1 - 1
    0.4898 1 0
  0.6747 3 - 2
    0.1849 0.1752 4
    0.6747 0.8248 0
  0.853 5 + 2
    0.5667 0.5 2
    0.6953 0.5 1
  1.052 7 + 1
    0.587 1 3
  1.078 3 + 2
    0.613 0.5 3
    1.078 0.5 0
  1.2613 5 + 1
    0.5866 1 5
  1.421 3 - 2
    0.7463 0.5 5
    1.1347 0.5 2
  1.629 1 + 2
    0.9543 0.5 5
    1.3427 0.5 2
  1.661 5 + 2
    1.3747 0.5 2
    1.5033 0.5 1
  1.742 7 - 2
    1.4557 0.5 2
    1.5843 0.5 1
  1.7913 1 + 1
    1.7913 1 0
  1.8565 5 + 1
    0.5952 1 9
  2.1795 5 + 2
    1.5048 0.7353 5
    2.0218 0.2647 1
  2.377 1 + 2
    0.1975 0.7139 16
    0.5205 0.2861 15
  2.417 7 - 2
    2.1307 0.5 2
    2.2593 0.5 1
  2.523 3 - 2
    1.8483 0.5 5
    2.2367 0.5 2
  2.538 9 - 2
    1.486 0.5 7
    2.073 0.5 3
  2.612 11 - 2
    0.87 0.5 13
    2.4543 0.5 1
  2.713 3 - 2
    2.0383 0.5 5
    2.4267 0.5 2
  2.752 7 - 2
    2.4657 0.5 2
    2.5943 0.5 1
  3.039 13 + 2
    0.427 0.5 21
    2.8813 0.5 1
  3.098 9 - 2
    2.046 0.5 7
    2.633 0.5 3
  3.178 3 + 2
    2.713 0.5 3
    3.178 0.5 0
  3.35 1 + 2
    2.6753 0.5 5
    3.0637 0.5 2
  3.412 7 - 2
    3.1257 0.5 2
    3.2543 0.5 1
  3.498 1 + 2
    2.8233 0.5 5
    3.2117 0.5 2
  3.626 3 - 2
    2.9513 0.5 5
    3.3397 0.5 2
  3.654 11 - 2
    1.912 0.5 13
    3.4963 0.5 1
  3.746 7 + 2
    2.694 0.5 7
    3.281 0.5 3
  3.765 9 - 2
    2.713 0.5 7
    3.3 0.5 3
  3.779 5 + 2
    3.4927 0.5 2
    3.6213 0.5 1
  3.842 3 - 2
    3.1673 0.5 5
    3.5557 0.5 2
  3.86 15 + 1
    3.86 1 0
  3.89 7 - 2
    3.6037 0.5 2
    3.7323 0.5 1
  3.926 5 + 2
    3.6397 0.5 2
    3.7683 0.5 1
  5.84625 3 - 2
    5.17155 0.5 5
    5.55995 0.5 2
  5.8475 9 + 2
    5.5612 0.5 2
    5.6898 0.5 1
  5.84876 1 + 2
    5.17406 0.5 5
    5.56246 0.5 2
  5.84975 5 - 2
    5.38475 0.5 3
    5.84975 0.5 0
  5.85104 3 - 2
    5.17634 0.5 5
    5.56474 0.5 2
  5.8533 1 + 2
    5.1786 0.5 5
    5.567 0.5 2
  5.85802 7 - 2
    5.57172 0.5 2
    5.70032 0.5 1
  5.8625 1 + 2
    5.1878 0.5 5
    5.5762 0.5 2
  5.86676 5 - 2
    5.40176 0.5 3
    5.86676 0.5 0
  5.86844 3 + 2
    5.40344 0.5 3
    5.86844 0.5 0
  5.87002 1 + 2
    5.19532 0.5 5
    5.58372 0.5 2
  5.87298 7 - 2
    5.58668 0.5 2
    5.71528 0.5 1
  5.87917 1 + 2
    5.20447 0.5 5
    5.59287 0.5 2
  5.88649 1 + 2
    5.21179 0.5 5
    5.60019 0.5 2
  5.89045 1 + 2
    5.21575 0.5 5
    5.60415 0.5 2
  5.89157 5 - 2
    5.42657 0.5 3
    5.89157 0.5 0
  5.89234 3 - 2
    5.21764 0.5 5
    5.60604 0.5 2
  5.89379 11 - 2
    4.15179 0.5 13
    5.73609 0.5 1
  5.89511 1 + 2
    5.22042 0.5 5
    5.60881 0.5 2
  5.89573 5 - 2
    5.43073 0.5 3
    5.89573 0.5 0
  5.89723 3 - 2
    5.22253 0.5 5
    5.61093 0.5 2
  5.90567 1 + 2
    5.23097 0.5 5
    5.61937 0.5 2
  5.9131 1 + 2
    5.2384 0.5 5
    5.6268 0.5 2
  5.91855 7 - 2
    5.63225 0.5 2
    5.76085 0.5 1
  5.91998 1 + 2
    5.24528 0.5 5
    5.63368 0.5 2
  5.92091 9 - 2
    4.86891 0.5 7
    5.45592 0.5 3
  5.92248 5 - 2
    5.45748 0.5 3
    5.92248 0.5 0
  5.92455 3 + 2
    5.45955 0.5 3
    5.92455 0.5 0
  5.92572 1 + 2
    5.25102 0.5 5
    5.63942 0.5 2
  5.92758 1 + 2
    5.25288 0.5 5
    5.64128 0.5 2
  5.92866 7 - 2
    5.64236 0.5 2
    5.77096 0.5 1
  5.93287 5 - 2
    5.46787 0.5 3
    5.93287 0.5 0
  5.93583 3 - 2
    5.26113 0.5 5
    5.64953 0.5 2
  5.93711 9 + 2
    5.65081 0.5 2
    5.77941 0.5 1
  5.9401 1 + 2
    5.2654 0.5 5
    5.6538 0.5 2
  5.94264 7 - 2
    5.65634 0.5 2
    5.78494 0.5 1
  5.94428 5 - 2
    5.47928 0.5 3
    5.94428 0.5 0
  5.9471 3 + 2
    5.4821 0.5 3
    5.9471 0.5 0
  5.94763 5 - 2
    5.48263 0.5 3
    5.94763 0.5 0
  5.94787 3 + 2
    5.48287 0.5 3
    5.94787 0.5 0
  5.9482 7 - 2
    5.6619 0.5 2
    5.7905 0.5 1
  5.94872 9 + 2
    5.66242 0.5 2
    5.79102 0.5 1
  5.94926 5 - 2
    5.48426 0.5 3
    5.94926 0.5 0
  5.94982 3 + 2
    5.48482 0.5 3
    5.94982 0.5 0
  5.95054 1 + 2
    5.27584 0.5 5
    5.66424 0.5 2
  5.9532 7 - 2
    5.6669 0.5 2
    5.7955 0.5 1
  5.95745 1 + 2
    5.28275 0.5 5
    5.67115 0.5 2
  5.96134 1 + 2
    5.28664 0.5 5
    5.67504 0.5 2
  5.96348 5 - 2
    5.49848 0.5 3
    5.96348 0.5 0
  5.96497 3 - 2
    5.29027 0.5 5
    5.67867 0.5 2
  5.96547 11 - 2
    4.22347 0.5 13
    5.80776 0.5 1
  5.96632 1 + 2
    5.29162 0.5 5
    5.68002 0.5 2
  5.96758 7 - 2
    5.68128 0.5 2
    5.80988 0.5 1
  5.96871 5 + 2
    5.68241 0.5 2
    5.81101 0.5 1
  5.97089 3 - 2
    5.29619 0.5 5
    5.68459 0.5 2
  5.97196 9 + 2
    5.68566 0.5 2
    5.81426 0.5 1
  5.97293 1 + 2
    5.29823 0.5 5
    5.68663 0.5 2
  5.97379 5 - 2
    5.50879 0.5 3
    5.97379 0.5 0
  5.97521 1 + 2
    5.30051 0.5 5
    5.68891 0.5 2
  5.97627 3 - 2
    5.30157 0.5 5
    5.68997 0.5 2
  5.9773 7 - 2
    5.691 0.5 2
    5.8196 0.5 1
  5.97767 5 + 2
    5.69137 0.5 2
    5.81996 0.5 1
  5.97827 1 + 2
    5.30357 0.5 5
    5.69197 0.5 2
  5.97925 3 - 2
    5.30455 0.5 5
    5.69295 0.5 2
  5.97971 7 - 2
    5.69341 0.5 2
    5.82201 0.5 1
  5.98028 9 + 2
    5.69398 0.5 2
    5.82258 0.5 1
  5.98089 5 - 2
    5.51589 0.5 3
    5.98089 0.5 0
  5.98174 3 + 2
    5.51674 0.5 3
    5.98174 0.5 0
  5.98336 7 - 2
    5.69706 0.5 2
    5.82566 0.5 1
  5.98405 5 + 2
    5.69775 0.5 2
    5.82635 0.5 1
  5.98581 11 - 2
    4.24381 0.5 13
    5.82811 0.5 1
  5.98691 3 + 2
    5.52191 0.5 3
    5.98691 0.5 0
  5.98755 1 + 2
    5.31285 0.5 5
    5.70125 0.5 2
  5.98828 9 - 2
    4.93628 0.5 7
    5.52328 0.5 3
  5.98987 5 - 2
    5.52487 0.5 3
    5.98987 0.5 0
  5.99103 7 + 2
    4.93903 0.5 7
    5.52603 0.5 3
  5.99608 3 - 2
    5.32138 0.5 5
    5.70978 0.5 2
  5.99737 1 + 2
    5.32267 0.5 5
    5.71107 0.5 2
  5.99835 5 - 2
    5.53335 0.5 3
    5.99835 0.5 0
  5.99916 3 + 2
    5.53416 0.5 3
    5.99916 0.5 0
  5.99978 7 - 2
    5.71348 0.5 2
    5.84208 0.5 1
  6.0019 9 + 2
    5.7156 0.5 2
    5.8442 0.5 1
  6.00443 5 - 2
    5.53943 0.5 3
    6.00443 0.5 0
  6.00549 3 + 2
    5.54049 0.5 3
    6.00549 0.5 0
  6.00616 13 - 2
    2.90816 0.5 25
    3.46816 0.5 20
  6.0092 1 + 2
    5.3345 0.5 5
    5.7229 0.5 2
  6.01038 7 - 2
    5.72408 0.5 2
    5.85268 0.5 1
  6.01156 5 + 2
    5.72526 0.5 2
    5.85386 0.5 1
  6.01258 3 - 2
    5.33788 0.5 5
    5.72628 0.5 2
  6.0132 11 + 2
    3.4752 0.5 20
    4.9612 0.5 7
  6.01427 9 - 2
    4.96227 0.5 7
    5.54927 0.5 3
  6.01581 5 + 2
    5.72951 0.5 2
    5.85811 0.5 1
  6.0171 1 + 2
    5.3424 0.5 5
    5.7308 0.5 2
  6.01994 7 - 2
    5.73364 0.5 2
    5.86224 0.5 1
  6.0219 3 - 2
    5.3472 0.5 5
    5.7356 0.5 2
  6.02445 1 + 2
    5.34975 0.5 5
    5.73815 0.5 2
  6.02692 1 + 2
    5.35222 0.5 5
    5.74062 0.5 2
  6.02966 5 - 2
    5.56466 0.5 3
    6.02966 0.5 0
  6.0318 3 - 2
    5.3571 0.5 5
    5.7455 0.5 2
  6.03627 1 + 2
    5.36157 0.5 5
    5.74997 0.5 2
  6.0377 7 - 2
    5.7514 0.5 2
    5.88 0.5 1
  6.0385 5 + 2
    5.7522 0.5 2
    5.8808 0.5 1
  6.03933 1 + 2
    5.36463 0.5 5
    5.75303 0.5 2
  6.04047 3 - 2
    5.36577 0.5 5
    5.75417 0.5 2
  6.04151 9 - 2
    4.98951 0.5 7
    5.57651 0.5 3
  6.04222 7 + 2
    4.99022 0.5 7
    5.57722 0.5 3
  6.04303 5 - 2
    5.57803 0.5 3
    6.04303 0.5 0
  6.04373 3 + 2
    5.57873 0.5 3
    6.04373 0.5 0
  6.04451 7 - 2
    5.75821 0.5 2
    5.88681 0.5 1
  6.04623 5 + 2
    5.75993 0.5 2
    5.88853 0.5 1
  6.04706 9 - 2
    4.99506 0.5 7
    5.58206 0.5 3
  6.048 3 + 2
    5.583 0.5 3
    6.048 0.5 0
  6.04882 11 - 2
    4.30682 0.5 13
    5.89112 0.5 1
  6.04933 5 + 2
    5.76303 0.5 2
    5.89163 0.5 1
  6.04988 7 - 2
    5.76358 0.5 2
    5.89218 0.5 1
  6.05044 3 + 2
    5.58544 0.5 3
    6.05044 0.5 0
  6.05115 5 - 2
    5.58615 0.5 3
    6.05115 0.5 0
  6.05178 1 + 2
    5.37708 0.5 5
    5.76548 0.5 2
  6.05344 1 + 2
    5.37874 0.5 5
    5.76714 0.5 2

30 72 42
  0 0 + 0
  0.6527 4 + 1
    0.6527 1 0
  1.49952 8 + 1
    0.84682 1 1
  1.511 0 + 1
    0.8583 1 1
  1.6126 6 + 1
    0.9599 1 1
  1.6573 4 + 2
    1.0046 0.5953 1
    1.6573 0.4047 0
  2.057 2 + 1
    1.4043 1 1
  2.169 10 + 1
    2.169 1 0
  2.19252 6 + 2
    0.53522 0.085918 5
    1.53982 0.914082 1
  2.44197 2 - 2
    0.94245 0.3711 2
    1.78927 0.6289 1
  2.476 0 + 2
    1.8233 0.5 1
    2.476 0.5 0
  2.64563 8 - 3
    0.98833 0.1879 5
    1.14611 0.1186 2
    1.99293 0.6935 1
  2.6534 12 + 1
    1.15388 1 2
  2.7921 4 - 1
    0.59958 1 8
  2.80482 6 - 1
    0.6123 1 8
  2.90866 2 - 4
    0.71614 0.049663 8
    1.25136 0.517331 5
    1.40914 0.050183 2
    2.25596 0.382823 1
  2.9242 4 - 1
    1.42468 1 2
  2.978 6 - 2
    1.47848 0.5 2
    2.3253 0.5 1
  3.0268 8 - 1
    1.52728 1 2
  3.048 2 - 2
    2.3953 0.5 1
    3.048 0.5 0
  3.0619 4 - 1
    2.4092 1 1
  3.094 10 - 2
    0.4406 0.5 12
    1.59448 0.5 2
  3.11 6 + 1
    1.61048 1 2
  3.154 2 - 2
    2.5013 0.5 1
    3.154 0.5 0
  3.1927 4 + 1
    2.54 1 1
  3.2466 8 - 2
    2.5939 0.7092 1
    3.2466 0.2908 0
  3.3955 14 + 1
    1.89598 1 2
  3.5697 16 + 1
    0.9163 1 12
  3.5746 6 - 3
    0.92897 0.069316 11
    1.9173 0.435639 5
    2.9219 0.495045 1
  3.66165 4 - 5
    0.75299 0.031623 15
    1.01602 0.359329 11
    1.46913 0.052104 8
    2.00435 0.294624 5
    3.00895 0.262321 1
  3.6978 2 + 1
    2.0405 1 5
  3.70727 4 + 6
    0.79861 0.187483 15
    1.51475 0.11539 8
    2.04997 0.057685 5
    2.20775 0.168285 2
    3.05457 0.240378 1
    3.70727 0.230779 0
  3.7522 6 - 2
    2.0949 0.2647 5
    3.0995 0.7353 1
  3.8656 8 - 2
    3.2129 0.1319 1
    3.8656 0.8681 0
  4.0012 10 + 1
    3.3485 1 1
  4.1302 2 - 1
    3.4775 1 1
  4.1748 4 + 1
    2.5175 1 5
  4.3588 6 - 1
    2.85928 1 2
  4.4272 12 + 1
    2.7699 1 5
  4.4291 2 - 1
    2.23658 1 8
  4.5944 8 + 1
    3.9417 1 1
  4.7703 20 + 1
    1.2006 1 27

30 73 8
  0 1 - 0
  0.1 3 - 1
    0.1 1 0
  0.1955 5 + 1
    0.1955 1 0
  0.3072 7 + 1
    0.3072 1 0
  0.4496 3 - 1
    0.4496 1 0
  0.5022 9 - 1
    0.5022 1 0
  1.124 11 - 1
    0.6744 1 4
  2.0089 5 - 1
    1.5593 1 4

30 74 22
  0 0 + 0
  0.6059 4 + 1
    0.6059 1 0
  1.41856 6 + 1
    0.81266 1 1
  1.67025 4 + 2
    1.06435 0.633 1
    1.67025 0.367 0
  1.7889 2 + 1
    1.183 1 1
  2.09923 8 + 2
    0.68067 0.03939 2
    1.49333 0.96061 1
  2.1482 10 + 2
    1.5423 0.1667 1
    2.1482 0.8333 0
  2.3536 6 + 1
    0.93504 1 2
  2.55188 2 + 4
    0.45265 0.3091 5
    0.88163 0.142 3
    1.13332 0.3155 2
    1.94598 0.2334 1
  2.6576 12 - 1
    0.55837 1 5
  2.698 8 - 2
    2.0921 0.4536 1
    2.698 0.5464 0
  2.80904 4 - 2
    0.70981 0.0991 5
    1.13879 0.9009 3
  2.90473 6 - 2
    1.48617 0.2076 2
    2.29883 0.7924 1
  2.9693 2 - 2
    1.55074 0.2308 2
    2.3634 0.7692 1
  2.9859 14 - 1
    2.38 1 1
  3.0639 4 - 1
    0.3659 1 10
  3.067 10 - 1
    2.4611 1 1
  3.571 6 - 1
    1.90075 1 3
  4.5624 8 + 1
    2.01052 1 8
  4.8618 2 - 2
    2.30992 0.3464 8
    3.19155 0.6536 3
  4.8968 4 + 1
    2.08776 1 11
  5.628 0 - 1
    2.72327 1 12

30 75 1
  0 7 + 0

30 76 9
  0 0 + 0
  0.59868 4 + 1
    0.59868 1 0
  1.03051 0 + 1
    0.43183 1 1
  1.29646 8 + 1
    0.69778 1 1
  1.71596 6 + 1
    0.4195 1 3
  1.76088 2 + 1
    0.46442 1 3
  2.63354 10 + 1
    1.33708 1 3
  2.81394 4 + 4
    0.1804 0.2063 6
    1.05306 0.1525 5
    1.09798 0.1928 4
    1.78343 0.4484 2
  2.97443 6 + 1
    0.34089 1 6

30 77 2
  0 7 + 0
  0.77239 1 - 1
    0.77239 1 0

30 78 6
  0 0 + 0
  0.7302 4 + 1
    0.7302 1 0
  1.6207 8 + 1
    0.8905 1 1
  2.529 12 + 1
    0.9083 1 2
  2.6737 16 + 1
    0.1447 1 3
  3.106 6 + 1
    0.577 1 3

30 79 1
  0 9 + 0

30 80 1
  0 0 + 0

30 81 1
  0 5 + 0

30 82 1
  0 0 + 0

30 83 1
  0 3 + 0

30 84 1
  0 0 + 0

