40 78 1
  0 0 + 0

40 79 1
  0 1 - 0

40 80 6
  0 0 + 0
  0.2889 4 + 1
    0.2889 1 0
  0.8258 8 + 1
    0.5369 1 1
  1.605 12 + 1
    0.7792 1 2
  2.61 16 + 1
    1.005 1 3
  3.789 20 + 1
    1.179 1 4

40 81 28
  0 3 - 0
  0.1332 1 + 1
    0.1332 1 0
  0.16721 5 - 1
    0.16721 1 0
  0.19185 3 + 1
    0.19185 1 0
  0.36994 5 + 2
    0.17809 0.4804 3
    0.23674 0.5196 1
  0.40539 7 - 2
    0.23818 0.7375 2
    0.40539 0.2625 0
  0.50122 7 + 1
    0.30937 1 3
  0.69762 9 - 2
    0.29223 0.4556 5
    0.53041 0.5444 2
  0.8322 9 + 2
    0.33098 0.1875 6
    0.46226 0.8125 4
  1.0269 11 + 1
    0.52568 1 6
  1.06506 11 - 2
    0.36744 0.3987 7
    0.65967 0.6013 5
  1.46663 13 - 2
    0.40157 0.1872 10
    0.76901 0.8128 7
  1.5282 13 + 1
    0.696 1 8
  1.7694 15 + 1
    0.7425 1 9
  1.9602 15 - 2
    0.49357 0.2486 11
    0.89514 0.7514 10
  2.4382 17 + 1
    0.91 1 12
  2.4556 17 - 1
    0.98897 1 11
  2.7282 19 + 1
    0.9588 1 13
  3.0694 19 - 1
    1.1092 1 14
  3.5532 21 + 1
    1.115 1 15
  3.6354 21 - 1
    1.1798 1 16
  3.8999 23 + 1
    1.1717 1 17
  4.3342 23 - 1
    1.2648 1 18
  4.8893 25 - 1
    1.2539 1 20
  5.2719 27 + 1
    1.372 1 21
  5.6722 27 - 1
    1.338 1 22
  6.2443 29 - 1
    1.355 1 23
  6.8359 31 + 1
    1.564 1 24

40 82 56
  0 0 + 0
  0.407 4 + 1
    0.407 1 0
  1.04084 8 + 1
    0.63384 1 1
  1.06087 6 + 1
    0.65387 1 1
  1.44914 6 + 3
    0.38827 0.273605 3
    0.4083 0.089782 2
    1.04214 0.636613 1
  1.88787 12 + 1
    0.84703 1 2
  2.0573 2 + 1
    1.01646 1 2
  2.1754 10 + 2
    0.72626 0.6669 4
    1.13456 0.3331 2
  2.6916 8 - 1
    1.65076 1 2
  2.7916 10 - 1
    1.75076 1 2
  2.85699 10 - 2
    0.79969 0.0991 6
    1.81615 0.9009 2
  2.9086 16 + 1
    1.02073 1 5
  3.0684 14 + 2
    0.893 0.8265 7
    1.18053 0.1735 5
  3.1282 12 - 3
    0.27121 0.704663 10
    0.3366 0.097119 9
    1.0709 0.198218 6
  3.2873 12 - 3
    0.2189 0.1281 12
    0.5957 0.1269 8
    1.39943 0.745 5
  3.4808 14 - 2
    0.6892 0.2757 9
    1.59293 0.7243 5
  3.5068 14 - 3
    0.3786 0.436856 13
    0.64981 0.433357 10
    1.61893 0.129787 5
  3.9467 16 - 2
    0.4399 0.2008 16
    0.8185 0.7992 13
  4.0226 16 - 1
    0.7353 1 14
  4.0369 20 + 1
    1.1283 1 11
  4.0864 18 + 1
    1.018 1 12
  4.3477 18 - 2
    0.866901 0.6946 15
    1.4391 0.3054 11
  4.4441 18 - 1
    0.9373 1 16
  4.9084 20 - 2
    0.4643 0.1155 22
    0.9617 0.8845 17
  4.9732 20 - 1
    0.9506 1 18
  5.1954 22 + 1
    1.109 1 20
  5.2134 24 + 1
    1.1765 1 19
  5.3614 22 - 1
    1.0137 1 21
  5.5501 22 - 1
    1.106 1 22
  5.9892 24 - 1
    1.0808 1 23
  6.1002 24 - 1
    1.127 1 24
  6.4064 26 + 1
    1.211 1 25
  6.4907 28 + 1
    1.2773 1 26
  6.5359 26 - 1
    1.1745 1 27
  7.0417 28 - 1
    1.0525 1 29
  7.3452 28 - 1
    1.245 1 30
  7.6804 30 + 1
    1.274 1 31
  7.6879 30 - 1
    1.152 1 33
  7.7504 30 + 1
    1.344 1 31
  7.8597 32 + 1
    1.369 1 32
  7.9079 30 - 1
    1.372 1 33
  7.9925 32 + 1
    1.5018 1 32
  8.1137 32 - 1
    1.072 1 34
  9.0469 34 - 1
    1.359 1 37
  9.07 34 + 1
    1.3896 1 36
  9.1117 36 + 1
    1.252 1 39
  9.183 34 + 1
    1.4326 1 38
  9.2349 34 - 1
    1.327 1 40
  9.3387 36 - 1
    1.225 1 42
  9.4528 36 + 2
    1.4603 0.4118 41
    1.5931 0.5882 39
  10.4907 40 + 1
    1.379 1 45
  10.7527 40 - 1
    1.414 1 48
  12.1267 44 + 1
    1.636 1 50
  12.365 44 - 1
    1.6123 1 51
  14.013 48 + 1
    1.8863 1 52
  16.12 52 + 1
    2.107 1 54

40 83 94
  0 1 - 0
  0.05272 5 - 1
    0.05272 1 0
  0.07704 7 + 1
    0.02432 1 1
  0.1291 3 - 1
    0.1291 1 0
  0.1388 9 + 1
    0.06176 1 2
  0.3285 3 - 1
    0.3285 1 0
  0.3385 7 - 2
    0.26146 0.1355 2
    0.28578 0.8645 1
  0.3726 5 - 2
    0.2435 0.5767 3
    0.3726 0.4233 0
  0.58 5 - 1
    0.58 1 0
  0.5827 7 - 2
    0.2101 0.2099 7
    0.4536 0.7901 3
  0.6239 5 - 2
    0.2954 0.5 5
    0.4948 0.5 3
  0.6803 9 - 2
    0.3418 0.1227 6
    0.62758 0.8773 1
  0.769 11 + 2
    0.6302 0.7734 4
    0.69196 0.2266 2
  0.8803 13 + 1
    0.7415 1 4
  0.9832 9 - 2
    0.4005 0.2436 9
    0.6106 0.7564 7
  1.0134 11 - 2
    0.4307 0.0744 9
    0.6749 0.9256 6
  1.2622 11 - 1
    0.6795 1 9
  1.3458 11 + 1
    0.4655 1 13
  1.3842 3 + 1
    0.8042 1 8
  1.4758 13 - 1
    0.7955 1 11
  1.5913 1 + 1
    1.0113 1 8
  1.6629 15 + 2
    0.7826 0.4976 13
    0.8939 0.5024 12
  1.7337 3 + 1
    0.3495 1 18
  1.7714 13 - 1
    0.7882 1 14
  1.8174 17 + 1
    0.9371 1 13
  1.83 15 - 1
    0.8166 1 15
  2.0213 5 + 1
    0.6371 1 18
  2.1262 15 - 1
    0.864 1 16
  2.1597 7 + 1
    0.426 1 22
  2.2583 3 + 1
    1.2449 1 15
  2.3596 1 + 1
    0.7683 1 20
  2.3983 17 - 1
    0.9225 1 19
  2.4946 19 - 1
    0.6646 1 25
  2.6749 17 - 1
    0.9035 1 23
  2.7084 19 + 2
    0.891 0.4414 24
    1.0455 0.5586 21
  2.7431 19 - 1
    0.9131 1 25
  2.913 21 + 1
    1.0956 1 24
  2.926 5 + 1
    1.1923 1 22
  3.0955 19 - 1
    0.9693 1 27
  3.138 19 - 2
    0.3949 0.5 35
    1.308 0.5 25
  3.3049 21 + 2
    0.3919 0.5 36
    0.5965 0.5 34
  3.3742 21 - 1
    0.9759 1 31
  3.587 3 + 1
    0.8439 1 35
  3.6253 21 - 1
    1.227 1 31
  3.689 21 - 1
    1.0141 1 33
  3.7261 23 + 3
    0.4212 0.297 40
    0.8131 0.3189 36
    1.0177 0.3841 34
  3.7309 23 - 1
    0.9878 1 35
  3.9553 25 + 2
    0.2292 0.057819 45
    1.0423 0.942181 36
  3.9817 23 - 1
    0.6075 1 41
  4.092 23 + 2
    0.1367 0.5 47
    0.3659 0.5 45
  4.188 23 - 1
    1.0925 1 38
  4.283 25 + 1
    1.37 1 36
  4.4314 25 - 1
    1.0572 1 41
  4.4697 25 - 1
    0.7388 1 46
  4.767 27 + 1
    1.0409 1 45
  4.8391 27 - 1
    1.1082 1 46
  4.9043 29 + 1
    0.949 1 47
  4.9437 27 - 2
    0.5123 0.5853 52
    0.962 0.4147 48
  5.348 27 - 1
    1.16 1 50
  5.4604 29 - 1
    0.6213 1 55
  5.626 5 + 1
    1.343 1 51
  5.645 29 - 1
    1.2136 1 52
  5.934 31 + 1
    1.167 1 54
  6.022 31 - 2
    0.377 0.5 61
    1.0783 0.5 57
  6.028 33 + 1
    1.1237 1 56
  6.074 31 - 1
    1.2349 1 55
  6.57 33 - 2
    0.548 0.5 63
    1.1096 0.5 59
  6.949 33 - 1
    1.304 1 61
  7.195 35 + 1
    1.261 1 62
  7.235 35 - 1
    1.213 1 63
  7.325 37 + 1
    1.297 1 64
  7.38 35 - 1
    1.306 1 65
  7.628 37 + 1
    1.6 1 64
  7.817 37 - 1
    1.247 1 66
  8.275 37 - 1
    1.326 1 67
  8.586 39 + 1
    1.391 1 68
  8.611 39 - 1
    1.376 1 69
  8.758 39 - 1
    1.378 1 71
  8.812 41 + 1
    1.487 1 70
  9.229 41 - 1
    1.412 1 73
  9.689 41 - 1
    1.414 1 74
  10.137 43 - 1
    1.526 1 76
  10.224 43 + 1
    1.638 1 75
  10.31 43 - 1
    1.552 1 77
  10.516 45 + 1
    1.704 1 78
  10.81 45 - 1
    1.581 1 79
  11.786 47 - 1
    1.649 1 81
  12.08 47 - 1
    1.77 1 83
  12.087 47 + 1
    1.863 1 82
  12.433 49 + 1
    1.917 1 84
  12.582 49 - 1
    1.772 1 85
  14.51 53 + 1
    2.077 1 89
  16.736 57 + 1
    2.226 1 91
  19.217 61 + 1
    2.481 1 92

40 84 87
  0 0 + 0
  0.53992 4 + 1
    0.53992 1 0
  1.11931 4 + 2
    0.57939 0.7251 1
    1.11931 0.2749 0
  1.244 0 + 1
    0.70408 1 1
  1.26281 8 + 1
    0.72289 1 1
  1.57556 6 + 2
    0.45625 0.6185 2
    1.03564 0.3815 1
  1.88791 8 + 3
    0.31235 0.178282 5
    0.6251 0.217678 4
    0.7686 0.60404 2
  1.9666 2 + 1
    1.42668 1 1
  2.13639 12 + 1
    0.87358 1 4
  2.33536 10 + 2
    0.7598 0.7635 5
    1.07255 0.2365 4
  2.7399 12 + 2
    0.60351 0.1805 8
    0.85199 0.8195 6
  2.81111 8 - 4
    0.47575 0.2135 9
    0.9232 0.2692 6
    1.23555 0.3495 5
    1.5483 0.1678 4
  2.82589 10 - 1
    1.56308 1 4
  3.07891 12 - 2
    0.25302 0.3348 12
    0.2678 0.6652 11
  3.08897 16 + 1
    0.95258 1 8
  3.2023 14 + 1
    0.86694 1 9
  3.31344 12 - 1
    0.48755 1 12
  3.49389 14 - 3
    0.41498 0.077055 13
    0.668 0.134292 12
    1.3575 0.788653 8
  3.552 14 - 3
    0.47309 0.148 13
    0.72611 0.2116 12
    1.41561 0.6404 8
  3.7226 14 - 1
    1.58621 1 8
  4.03688 16 - 3
    0.54299 0.2503 17
    0.72344 0.6408 16
    0.95797 0.1089 13
  4.0687 20 + 1
    0.97973 1 14
  4.1376 18 + 1
    0.9353 1 15
  4.3787 18 - 4
    0.6561 0.084585 19
    0.8267 0.140892 18
    0.88481 0.704158 17
    1.28973 0.070366 14
  4.5876 20 + 2
    0.5189 0.6258 21
    1.49863 0.3742 14
  4.86939 20 - 2
    0.49069 0.0994 23
    0.83251 0.9006 20
  5.1359 24 + 1
    1.0672 1 21
  5.1503 22 + 1
    1.0127 1 22
  5.31639 22 - 1
    0.937691 1 23
  5.6161 24 + 1
    1.0285 1 24
  5.7853 24 - 2
    0.468909 0.1384 28
    0.91591 0.8616 25
  6.2483 26 + 1
    1.098 1 27
  6.3024 28 + 1
    1.1665 1 26
  6.3245 26 - 1
    1.00811 1 28
  6.6436 28 + 2
    1.0275 0.2702 29
    1.5077 0.7298 26
  6.7969 28 - 1
    1.0116 1 30
  7.3001 30 + 2
    0.6565 0.6064 34
    1.0518 0.3936 31
  7.4111 30 - 1
    1.0866 1 33
  7.498 32 + 1
    1.1956 1 32
  7.8574 32 + 2
    1.2138 0.4536 34
    1.555 0.5464 32
  7.929 32 - 1
    1.1321 1 35
  8.4991 34 + 1
    1.199 1 36
  8.6081 34 - 1
    1.197 1 37
  8.7436 36 + 1
    1.2456 1 38
  9.1967 36 - 1
    1.2677 1 40
  9.2205 36 + 2
    1.3631 0.5 39
    1.7225 0.5 38
  9.9172 38 + 1
    1.4181 1 41
  9.9362 38 - 2
    0.7395 0.5 44
    1.3281 0.5 42
  10.1755 40 + 1
    1.4319 1 43
  10.445 40 + 2
    1.2245 0.5 45
    1.7014 0.5 43
  10.5976 40 - 2
    0.661399 0.5 47
    1.4009 0.5 44
  11.4132 42 - 2
    0.8156 0.5 50
    1.477 0.5 47
  11.5522 42 + 1
    1.635 1 46
  11.8211 44 + 1
    1.6456 1 48
  12.1653 44 - 2
    0.7521 0.5 51
    1.5677 0.5 50
  12.2579 44 + 1
    1.8129 1 49
  13.0783 46 - 2
    0.913 0.5 54
    1.6651 0.5 51
  13.6663 48 + 1
    1.8452 1 53
  13.974 48 - 1
    1.8087 1 54
  14.2538 48 + 1
    1.9959 1 55
  14.9383 50 - 1
    1.86 1 56
  15.6599 52 + 1
    1.9936 1 57
  15.9478 52 + 1
    2.2815 1 57
  16.0601 52 - 1
    2.0861 1 58
  17.0133 54 - 1
    2.075 1 60
  17.7178 50 - 3
    3.464 0.2 59
    3.7438 0.35 58
    4.0515 0.45 57
  17.806 56 + 1
    2.1461 1 61
  18.0324 56 + 2
    2.0846 0.5 62
    2.3725 0.5 61
  18.4651 56 - 1
    2.405 1 63
  19.2448 54 - 1
    1.527 1 65
  19.551 58 - 1
    2.5377 1 64
  20.283 60 + 1
    2.477 1 66
  20.6185 60 + 1
    2.5861 1 67
  20.9078 58 - 1
    1.663 1 69
  21.2931 60 - 1
    2.828 1 68
  22.42 62 - 1
    2.869 1 70
  22.7179 62 - 1
    1.8101 1 73
  23.18 64 + 1
    2.897 1 71
  23.2355 64 + 1
    2.617 1 72
  24.6769 66 - 1
    1.959 1 76
  26.7909 70 - 1
    2.114 1 79
  26.8301 68 + 1
    3.6501 1 77
  29.062 74 - 1
    2.2711 1 80
  31.497 78 - 1
    2.435 1 82
  32.164 78 - 1
    3.102 1 82
  34.097 82 - 1
    2.6 1 83
  36.877 86 - 1
    2.78 1 85

40 85 3
  0 7 + 0
  0.05012 1 + 1
    0.05012 1 0
  0.2922 1 - 1
    0.2922 1 0

40 86 78
  0 0 + 0
  0.75175 4 + 1
    0.75175 1 0
  1.42177 4 + 2
    0.67002 0.869 1
    1.42177 0.131 0
  1.66657 8 + 1
    0.91482 1 1
  2.0419 6 - 2
    0.62013 0.7875 2
    1.29015 0.2125 1
  2.34374 6 - 2
    0.67717 0.2858 3
    0.92197 0.7142 2
  2.5661 6 + 1
    1.14433 1 2
  2.66988 12 + 1
    1.00331 1 3
  2.7049 8 + 1
    0.663 1 4
  2.86124 10 - 1
    1.19467 1 3
  3.01687 8 + 1
    0.155625 1 9
  3.02949 8 - 1
    0.98759 1 4
  3.14201 10 + 2
    0.47213 0.1576 7
    1.47544 0.8424 3
  3.25438 8 + 2
    0.5845 0.527 7
    1.58781 0.473 3
  3.27197 12 - 1
    0.410725 1 9
  3.29844 16 + 1
    0.62856 1 7
  3.41765 10 + 3
    0.38816 0.3364 11
    0.74777 0.4048 7
    1.75108 0.2588 3
  3.42332 14 - 1
    0.562075 1 9
  3.53264 16 + 2
    0.2342 0.8678 15
    0.86276 0.1322 7
  3.64636 14 - 1
    0.22304 1 17
  3.79259 14 - 1
    0.25995 1 18
  4.13368 16 - 1
    0.71036 1 17
  4.32612 20 + 1
    1.02768 1 15
  4.41856 20 + 2
    0.885921 0.8874 18
    1.12012 0.1126 15
  4.42935 18 - 1
    1.00603 1 17
  4.637 18 - 2
    0.20765 0.5 24
    0.99064 0.5 19
  4.697 18 - 1
    0.26765 1 24
  5.067 20 - 1
    0.93332 1 21
  5.23355 22 - 6
    0.16655 0.166667 27
    0.53655 0.166667 26
    0.59655 0.166667 25
    0.8042 0.166667 24
    0.814989 0.166667 23
    0.90743 0.166667 22
  5.3887 22 - 1
    0.95935 1 24
  5.3964 24 + 2
    0.977839 0.2764 23
    1.07028 0.7236 22
  5.5243 24 + 2
    1.10574 0.5 23
    1.19818 0.5 22
  5.6465 2 - 1
    1.22794 1 23
  5.97474 24 - 1
    0.741191 1 28
  6.23228 26 - 1
    0.99873 1 28
  6.286 26 + 1
    0.8896 1 30
  6.32108 28 + 1
    0.92468 1 30
  6.3399 26 - 1
    0.9512 1 29
  6.462 26 - 1
    0.487259 1 33
  6.7524 28 + 3
    0.43132 0.333333 36
    1.2281 0.333333 31
    1.356 0.333333 30
  6.794 28 + 2
    0.508 0.5 35
    1.3976 0.5 30
  7.01533 30 + 1
    0.69425 1 36
  7.061 28 - 1
    0.82872 1 34
  7.345 30 - 2
    0.284 0.5 42
    1.11272 0.5 34
  7.39646 32 + 2
    0.381131 0.5 41
    1.07538 0.5 36
  7.47 30 - 3
    1.008 0.333333 38
    1.1301 0.333333 37
    1.23772 0.333333 34
  7.64 30 - 1
    1.3001 1 37
  7.954 32 + 4
    0.93867 0.25 41
    1.16 0.25 40
    1.2016 0.25 39
    1.63292 0.25 36
  8.145 32 + 1
    1.3926 1 39
  8.212 32 - 2
    0.572001 0.5 46
    0.742001 0.5 45
  8.2487 34 + 3
    0.2947 0.333333 47
    0.852239 0.333333 44
    1.23337 0.333333 41
  8.575 34 - 2
    0.363 0.5 49
    1.23 0.5 43
  8.65 36 + 2
    0.401301 0.5 50
    1.25354 0.5 44
  8.671 34 - 1
    1.201 1 45
  9.373 36 - 2
    0.797999 0.5 51
    1.161 0.5 49
  9.533 36 - 1
    0.862 1 53
  9.653 36 + 1
    1.508 1 48
  9.88 38 - 4
    0.347 0.25 55
    0.507 0.25 54
    1.209 0.25 53
    1.305 0.25 51
  9.8919 38 + 2
    1.2419 0.5 52
    1.6432 0.5 50
  10.1429 40 + 2
    0.250999 0.5 58
    1.4929 0.5 52
  10.207 38 - 2
    0.834001 0.5 54
    1.632 0.5 51
  10.795 40 - 3
    0.587999 0.333333 60
    0.915 0.333333 57
    1.422 0.333333 54
  10.918 40 + 2
    0.7751 0.5 59
    2.268 0.5 52
  11.175 40 + 1
    2.525 1 52
  11.176 40 - 1
    1.643 1 55
  11.232 42 - 2
    0.437 0.5 61
    1.352 0.5 57
  11.756 42 - 2
    0.58 0.5 64
    1.876 0.5 57
  12.0609 44 + 1
    1.918 1 59
  12.359 44 - 3
    0.602999 0.333333 66
    1.127 0.333333 65
    1.564 0.333333 61
  12.606 44 + 2
    1.431 0.5 63
    1.688 0.5 62
  12.741 46 - 2
    0.382 0.5 68
    1.509 0.5 65
  14.149 48 + 2
    1.543 0.5 69
    2.0881 0.5 67
  14.164 48 - 2
    1.423 0.5 70
    1.805 0.5 68
  14.377 50 - 2
    0.213 0.5 72
    1.636 0.5 70
  16.05 52 + 1
    1.901 1 71
  16.617 54 - 1
    2.24 1 73
  18.063 56 + 1
    2.013 1 74
  20.532 60 + 1
    2.469 1 76

40 87 63
  0 9 + 0
  0.20091 7 + 1
    0.20091 1 0
  0.33584 1 - 1
    0.13493 1 1
  0.47063 7 + 1
    0.47063 1 0
  0.5237 5 + 1
    0.32279 1 1
  0.5893 11 - 1
    0.38839 1 1
  0.8015 7 + 2
    0.60059 0.7044 1
    0.8015 0.2956 0
  0.81745 3 - 1
    0.61654 1 1
  0.93153 3 - 1
    0.4609 1 3
  1.061 5 - 2
    0.72516 0.5 2
    0.86009 0.5 1
  1.06942 13 + 1
    1.06942 1 0
  1.08737 9 + 2
    0.88646 0.8547 1
    1.08737 0.1453 0
  1.12488 11 + 1
    1.12488 1 0
  1.284 11 + 1
    0.46655 1 7
  1.2875 11 - 1
    0.47005 1 7
  1.5055 7 - 1
    1.30459 1 1
  1.6569 11 + 3
    0.56953 0.3338 11
    1.45599 0.2221 1
    1.6569 0.4441 0
  1.669 11 - 1
    0.3815 1 14
  1.6913 13 + 2
    0.56642 0.5715 12
    0.62188 0.4285 10
  1.749 13 + 1
    0.4615 1 14
  1.8844 7 + 6
    0.79703 0.050745 11
    1.06695 0.362567 7
    1.0829 0.097811 6
    1.2951 0.018118 5
    1.68349 0.148487 1
    1.8844 0.322271 0
  1.911 15 + 1
    0.242 1 17
  1.9196 7 + 1
    1.71869 1 1
  1.949 11 - 1
    1.3597 1 5
  2.0592 3 - 1
    1.85829 1 1
  2.0693 7 + 1
    1.86839 1 1
  2.07372 13 - 3
    0.41682 0.4056 16
    0.94884 0.082 12
    1.0043 0.5124 10
  2.125 5 - 2
    1.78916 0.5 2
    1.92409 0.5 1
  2.2019 17 + 1
    1.13248 1 10
  2.2453 5 - 1
    2.04439 1 1
  2.287 3 - 2
    1.46955 0.5 7
    1.7633 0.5 4
  2.3125 17 - 2
    0.1106 0.375 28
    0.23878 0.625 26
  2.3543 1 - 1
    2.15339 1 1
  2.4671 17 - 1
    0.1546 1 31
  2.5982 5 + 1
    2.39729 1 1
  2.8941 21 + 1
    0.6922 1 28
  2.9861 19 - 2
    0.519 0.231 33
    0.6736 0.769 31
  3.0533 3 - 1
    2.85239 1 1
  3.2368 19 - 1
    0.9243 1 31
  3.3659 21 - 2
    0.3798 0.4694 36
    0.8988 0.5306 33
  3.3804 23 + 1
    0.4863 1 35
  3.447 5 + 1
    3.24609 1 1
  3.9427 25 + 1
    0.5623 1 40
  4.0568 25 + 1
    1.1627 1 35
  4.1287 25 - 1
    0.7483 1 40
  4.3331 25 - 1
    0.9672 1 39
  4.5302 27 + 2
    0.4015 0.2481 44
    0.5875 0.7519 42
  4.6186 27 - 1
    0.2855 1 45
  5.0548 29 + 2
    0.5246 0.5 46
    1.1121 0.5 42
  5.0743 27 - 1
    0.7412 1 45
  5.5076 29 + 2
    0.9774 0.5 46
    1.3789 0.5 44
  5.5293 29 - 3
    0.455 0.333333 49
    0.9107 0.333333 47
    1.1962 0.333333 45
  5.6899 29 - 1
    0.6156 1 49
  5.8032 31 + 2
    0.2956 0.5 50
    1.273 0.5 46
  6.2126 31 - 1
    0.6833 1 51
  6.2343 33 + 2
    0.4311 0.5 53
    1.1795 0.5 48
  6.2688 31 - 1
    0.5789 1 52
  6.5737 35 + 1
    0.3394 1 55
  6.8401 33 - 1
    0.6275 1 54
  7.4519 35 - 2
    0.6118 0.5 58
    1.1831 0.5 56
  7.4768 37 + 2
    0.9031 0.5 57
    1.2425 0.5 55
  8.7776 39 - 1
    1.3257 1 59
  10.0916 43 + 1
    1.314 1 61

40 88 81
  0 0 + 0
  1.05703 4 + 1
    1.05703 1 0
  1.5214 0 + 1
    0.46437 1 1
  1.81786 4 + 2
    0.76083 0.6372 1
    1.81786 0.3628 0
  2.13959 8 + 1
    1.08256 1 1
  2.225 0 + 2
    1.16797 0.5 1
    2.225 0.5 0
  2.45588 6 - 3
    0.31629 0.033141 4
    0.63802 0.883018 3
    1.39885 0.083842 1
  2.539 10 - 1
    0.39941 1 4
  2.57 4 + 2
    1.51297 0.5 1
    2.57 0.5 0
  2.60521 8 + 2
    0.46562 0.5965 4
    1.54818 0.4035 1
  2.6737 10 - 1
    0.1347 1 7
  2.80113 10 - 2
    0.26213 0.8393 7
    0.66154 0.1607 4
  2.8108 12 + 2
    0.2718 0.3339 7
    0.67121 0.6661 4
  2.88779 16 + 1
    0.07699 1 12
  2.98967 8 - 4
    0.18854 0.008542 11
    0.45067 0.645124 7
    0.53379 0.298011 6
    0.85008 0.048322 4
  2.9984 6 - 2
    0.54252 0.2131 6
    1.18054 0.7869 3
  3.03277 6 - 3
    0.57689 0.1444 6
    0.89318 0.0771 4
    1.97574 0.7785 1
  3.06 8 + 2
    1.24214 0.5 3
    2.00297 0.5 1
  3.2137 12 + 2
    0.4029 0.2552 12
    1.07411 0.7448 4
  3.2238 8 - 1
    0.6848 1 7
  3.27701 8 - 5
    0.24424 0.059753 16
    0.28734 0.122606 14
    0.47588 0.072704 11
    0.6718 0.473224 9
    0.82113 0.271714 6
  3.3 2 - 2
    2.24297 0.5 1
    3.3 0.5 0
  3.37437 6 - 2
    0.09736 0.052791 20
    0.91849 0.947209 6
  3.3907 16 + 2
    0.177 0.001133 18
    0.50291 0.998867 13
  3.42647 10 + 2
    0.62534 0.6994 11
    1.28688 0.3006 4
  3.43 0 + 2
    2.37297 0.5 1
    3.43 0.5 0
  3.48361 14 - 2
    0.67281 0.4117 12
    0.94461 0.5883 7
  3.56818 6 + 2
    1.1123 0.4595 6
    2.51115 0.5405 1
  3.61744 14 - 2
    0.80664 0.4504 12
    0.81631 0.5496 11
  3.63776 6 - 3
    0.60499 0.227995 16
    1.49817 0.082718 4
    2.58073 0.689286 1
  3.87504 2 - 4
    0.59803 0.22342 20
    0.88537 0.058615 14
    1.33604 0.351632 7
    1.41916 0.366333 6
  3.93828 4 - 4
    0.56391 0.053296 22
    1.13715 0.067565 11
    1.39928 0.750748 7
    1.4824 0.128391 6
  3.94759 2 + 3
    0.57322 0.333333 22
    0.94919 0.333333 15
    1.34238 0.333333 9
  3.9682 4 - 2
    1.16707 0.2806 11
    1.4292 0.7194 7
  3.99 2 + 2
    0.05172 0.5 31
    0.42182 0.5 27
  4.0249 4 - 1
    1.22377 1 11
  4.05922 2 + 4
    1.02645 0.1811 16
    1.06955 0.2387 14
    1.52022 0.4115 7
    1.60334 0.1687 6
  4.08423 4 - 7
    0.65776 0.128708 24
    0.70986 0.059884 22
    1.09456 0.299418 14
    1.2831 0.077845 11
    1.47902 0.284417 9
    1.54523 0.107806 7
    1.94464 0.041923 4
  4.11238 6 + 2
    0.73801 0.5 22
    0.83537 0.5 20
  4.1555 2 - 1
    0.78113 1 22
  4.17 4 + 2
    3.11297 0.5 1
    4.17 0.5 0
  4.2061 6 - 3
    1.17333 0.2105 16
    1.5324 0.1316 10
    1.75022 0.6579 6
  4.20817 2 + 5
    0.93116 0.267408 20
    1.20977 0.018321 15
    1.2185 0.084253 14
    1.40704 0.263708 11
    1.75229 0.366311 6
  4.237 4 - 2
    1.34921 0.5405 13
    1.4262 0.4595 12
  4.3079 6 + 2
    1.31823 0.3197 14
    1.85202 0.6803 6
  4.3356 4 - 1
    3.27857 1 1
  4.3483 2 + 1
    0.9576 1 23
  4.37 8 - 2
    1.1462 0.5 19
    1.38033 0.5 14
  4.38834 6 + 2
    0.99764 0.4819 23
    1.17464 0.5181 18
  4.41306 20 + 2
    1.02236 0.982329 23
    1.52527 0.017671 13
  4.46188 4 - 4
    1.07118 0.2702 23
    1.24818 0.1366 18
    1.57409 0.3106 13
    1.65108 0.2826 12
  4.48629 18 - 2
    1.00268 0.6 26
    1.09559 0.4 23
  4.61227 18 + 3
    0.19921 0.01952 49
    1.22157 0.941881 23
    1.72448 0.038599 13
  4.6727 2 - 1
    1.87157 1 11
  4.71306 20 - 3
    0.10079 0.7581 52
    0.22677 0.1774 51
    0.3 0.0645 49
  4.79761 22 - 2
    0.08455 0.944053 54
    0.38455 0.055947 49
  4.9345 4 + 3
    0.54616 0.136186 48
    1.5438 0.469453 23
    1.7208 0.394361 18
  5.0879 6 + 1
    2.2771 1 12
  5.1662 8 + 1
    0.368591 1 55
  5.22945 24 + 1
    0.81639 1 49
  5.58383 24 - 1
    0.78622 1 55
  5.6659 24 + 1
    0.43645 1 59
  5.7872 2 - 1
    2.3965 1 23
  5.95073 26 + 3
    0.28483 0.031932 61
    0.3669 0.14781 60
    0.72128 0.820257 59
  6.0008 26 - 1
    0.41697 1 60
  6.03251 24 - 1
    1.2349 1 55
  6.19293 26 - 3
    0.160421 0.091091 65
    0.609101 0.321003 60
    1.39532 0.587906 55
  6.23878 28 + 2
    0.28805 0.8252 63
    1.00933 0.1748 59
  6.5013 28 + 1
    0.55057 1 63
  6.5782 4 - 1
    0.62747 1 63
  6.76532 28 - 1
    0.572389 1 66
  6.82664 30 + 2
    0.325341 0.253 68
    0.587861 0.747 67
  7.2281 30 - 1
    0.46278 1 70
  7.4318 6 + 1
    0.605159 1 71
  7.5365 30 - 1
    0.77118 1 70
  7.8789 32 - 2
    0.3424 0.5406 74
    0.6508 0.4594 72
  8.2002 34 - 1
    0.321301 1 75
  8.9251 36 - 1
    0.724899 1 76
  9.9126 38 - 2
    0.987501 0.482 77
    1.7124 0.518 76
  10.5573 40 + 1
    0.6447 1 78
  11.1997 42 + 1
    0.642399 1 79

40 89 117
  0 9 + 0
  0.58782 1 - 1
    0.58782 1 0
  1.0949 3 - 1
    0.50708 1 1
  1.4513 5 - 2
    0.3564 0.3604 2
    0.86348 0.6396 1
  1.5118 9 + 1
    1.5118 1 0
  1.62729 5 + 2
    0.53239 0.1343 2
    1.62729 0.8657 0
  1.7426 1 - 1
    1.15478 1 1
  1.8337 5 + 2
    0.20641 0.020161 5
    1.8337 0.979839 0
  1.8646 3 - 3
    0.4133 0.081791 3
    0.7697 0.740607 2
    1.27678 0.177602 1
  1.94372 13 + 1
    1.94372 1 0
  2.086 5 + 2
    0.45871 0.1308 5
    0.9911 0.8692 2
  2.0999 5 - 2
    0.6486 0.2539 3
    1.005 0.7461 2
  2.1014 7 + 1
    2.1014 1 0
  2.12134 13 - 2
    0.17762 0.6787 9
    2.12134 0.3213 0
  2.1286 7 + 2
    0.6168 0.074209 4
    2.1286 0.925791 0
  2.1323 7 + 1
    2.1323 1 0
  2.15062 15 - 2
    0.02928 0.950171 13
    0.2069 0.049829 9
  2.152 7 + 2
    0.0521 0.5 11
    0.7007 0.5 3
  2.15901 17 + 1
    0.00839 1 16
  2.22 9 - 1
    2.22 1 0
  2.28 3 - 2
    0.65271 0.5 5
    1.1851 0.5 2
  2.2978 7 - 3
    0.786 0.155 4
    0.8465 0.3452 3
    2.2978 0.4998 0
  2.3886 5 + 3
    0.9373 0.209321 3
    1.2937 0.209321 2
    2.3886 0.581358 0
  2.39 3 - 2
    0.76271 0.5 5
    1.2951 0.5 2
  2.4544 15 - 1
    0.33306 1 13
  2.493 11 + 2
    0.37166 0.5 13
    0.3916 0.5 12
  2.533 3 - 2
    0.90571 0.5 5
    1.4381 0.5 2
  2.5673 5 + 1
    0.7027 1 8
  2.5724 7 - 2
    1.0606 0.0901 4
    2.5724 0.9099 0
  2.6121 9 + 1
    2.6121 1 0
  2.71 1 - 2
    1.2587 0.5 3
    2.12218 0.5 1
  2.72407 17 + 2
    0.56506 0.029161 18
    0.78035 0.970839 9
  2.73 3 - 1
    2.73 1 0
  2.732 1 + 2
    1.10471 0.5 5
    1.6371 0.5 2
  2.75 5 + 2
    1.6551 0.5 2
    2.75 0.5 0
  2.755 7 + 6
    0.6227 0.018749 15
    0.9213 0.335487 7
    1.12771 0.435483 5
    1.2432 0.049208 4
    1.3037 0.065307 3
    2.755 0.095766 0
  2.782 7 - 2
    1.6871 0.5 2
    2.782 0.5 0
  2.784 7 + 2
    0.6841 0.5 11
    1.3327 0.5 3
  2.8301 9 - 1
    0.88638 1 9
  2.8896 9 - 2
    1.3778 0.2593 4
    2.8896 0.7407 0
  2.926 7 + 2
    0.171 0.2949 35
    2.926 0.7051 0
  2.94316 19 + 1
    0.78415 1 18
  2.9598 9 + 5
    0.2298 0.049148 32
    0.3477 0.012799 29
    1.33251 0.342083 5
    1.448 0.107495 4
    2.9598 0.488476 0
  2.9811 11 - 1
    2.9811 1 0
  2.9953 21 + 2
    0.05214 0.1442 41
    0.27123 0.8558 31
  3.0161 7 - 2
    0.7961 0.1668 19
    3.0161 0.8332 0
  3.049 3 - 2
    1.42171 0.5 5
    1.9541 0.5 2
  3.09269 7 + 9
    0.48059 0.022389 29
    0.52029 0.013599 28
    0.96409 0.016499 14
    0.99129 0.014559 12
    1.25899 0.194092 7
    1.4654 0.139294 5
    1.58089 0.083437 4
    1.64139 0.031049 3
    3.09269 0.485081 0
  3.106 3 - 2
    1.47871 0.5 5
    2.0111 0.5 2
  3.11118 19 + 2
    0.11588 0.3172 44
    0.38711 0.6828 31
  3.1413 9 + 1
    3.1413 1 0
  3.214 5 - 2
    1.7627 0.5 3
    2.62618 0.5 1
  3.281 3 - 1
    3.281 1 0
  3.33 1 - 2
    1.8787 0.5 3
    2.74218 0.5 1
  3.383 9 + 2
    1.8712 0.5 4
    3.383 0.5 0
  3.467 5 - 1
    3.467 1 0
  3.5128 3 - 2
    0.7578 0.5816 35
    3.5128 0.4184 0
  3.5311 5 + 1
    3.5311 1 0
  3.5341 1 - 1
    3.5341 1 0
  3.5573 3 + 1
    3.5573 1 0
  3.5758 5 - 2
    1.94851 0.2537 5
    3.5758 0.7463 0
  3.5881 23 + 1
    0.5928 1 44
  3.6 11 - 2
    2.0882 0.5 4
    3.6 0.5 0
  3.7169 21 + 2
    0.77374 0.6081 41
    1.55789 0.3919 18
  3.765 5 - 2
    2.3137 0.5 3
    3.17718 0.5 1
  3.8371 3 + 1
    3.8371 1 0
  3.9071 1 - 1
    3.9071 1 0
  3.9311 3 + 1
    3.9311 1 0
  3.9481 5 - 1
    3.9481 1 0
  3.9656 7 - 1
    3.9656 1 0
  4.1 7 - 2
    3.0051 0.5 2
    4.1 0.5 0
  4.2 1 + 2
    2.57271 0.5 5
    3.1051 0.5 2
  4.2773 25 + 1
    0.6892 1 61
  4.28 7 - 2
    3.1851 0.5 2
    4.28 0.5 0
  4.36 3 + 2
    2.9087 0.5 3
    3.77218 0.5 1
  4.5235 23 + 1
    0.8066 1 63
  4.59 7 - 2
    3.4951 0.5 2
    4.59 0.5 0
  4.68 7 - 2
    3.5851 0.5 2
    4.68 0.5 0
  4.73 5 + 2
    3.6351 0.5 2
    4.73 0.5 0
  4.7354 25 + 1
    1.7401 1 44
  4.9 7 - 2
    3.8051 0.5 2
    4.9 0.5 0
  5 3 + 2
    3.5487 0.5 3
    4.41218 0.5 1
  5.1 7 - 2
    4.0051 0.5 2
    5.1 0.5 0
  5.17 5 + 2
    4.0751 0.5 2
    5.17 0.5 0
  5.235 7 - 2
    4.1401 0.5 2
    5.235 0.5 0
  5.3 7 - 2
    4.2051 0.5 2
    5.3 0.5 0
  5.3778 27 + 1
    0.6424 1 79
  5.5 7 - 2
    4.4051 0.5 2
    5.5 0.5 0
  5.6 5 + 2
    4.5051 0.5 2
    5.6 0.5 0
  5.73 3 + 2
    4.2787 0.5 3
    5.14218 0.5 1
  5.955 1 - 2
    4.5037 0.5 3
    5.36718 0.5 1
  6.1 5 + 2
    5.0051 0.5 2
    6.1 0.5 0
  6.28 3 - 2
    4.65271 0.5 5
    5.1851 0.5 2
  6.52 11 + 2
    4.39866 0.5 13
    4.4186 0.5 12
  6.7 7 - 2
    5.6051 0.5 2
    6.7 0.5 0
  6.9 1 + 2
    5.27271 0.5 5
    5.8051 0.5 2
  7.06 5 - 2
    5.6087 0.5 3
    6.47218 0.5 1
  7.2 3 + 2
    5.7487 0.5 3
    6.61218 0.5 1
  8.105 1 - 2
    6.6537 0.5 3
    7.51718 0.5 1
  9.035 9 + 2
    7.5232 0.5 4
    9.035 0.5 0
  9.2 7 - 2
    8.1051 0.5 2
    9.2 0.5 0
  9.3 5 + 2
    8.2051 0.5 2
    9.3 0.5 0
  9.5 3 - 2
    7.87271 0.5 5
    8.4051 0.5 2
  9.62 3 - 2
    7.99271 0.5 5
    8.5251 0.5 2
  9.86 5 - 2
    8.4087 0.5 3
    9.27218 0.5 1
  11.6 11 + 2
    9.47866 0.5 13
    9.4986 0.5 12
  12.15 7 - 2
    11.0551 0.5 2
    12.15 0.5 0
  13.1 7 - 2
    12.0051 0.5 2
    13.1 0.5 0
  14 1 + 2
    12.3727 0.5 5
    12.9051 0.5 2
  15 5 + 2
    13.9051 0.5 2
    15 0.5 0
  17 9 + 2
    15.4882 0.5 4
    17 0.5 0
  18.5 3 + 2
    17.0487 0.5 3
    17.9122 0.5 1
  20 5 - 2
    18.5487 0.5 3
    19.4122 0.5 1
  25 3 + 2
    23.5487 0.5 3
    24.4122 0.5 1
  26 1 - 2
    24.5487 0.5 3
    25.4122 0.5 1
  31 9 + 2
    29.4882 0.5 4
    31 0.5 0
  41.5 3 - 2
    39.8727 0.5 5
    40.4051 0.5 2

40 90 243
  0 0 + 0
  1.76071 0 + 1
    1.76071 1 0
  2.18627 4 + 2
    0.42556 0.000272 1
    2.18627 0.999728 0
  2.319 10 - 2
    0.13273 0.1677 2
    2.319 0.8323 0
  2.7393 8 - 1
    0.4203 1 3
  2.74788 6 - 2
    0.56161 0.960652 2
    2.74788 0.039348 0
  3.07693 8 + 4
    0.32905 0.061919 5
    0.33763 0.01271 4
    0.75793 0.02009 3
    0.89066 0.905282 2
  3.3088 4 + 2
    1.12253 0.2593 2
    3.3088 0.7407 0
  3.44823 12 + 2
    0.3713 0.019329 6
    1.12923 0.980671 3
  3.557 2 - 2
    1.79629 0.5 1
    3.557 0.5 0
  3.58942 16 + 2
    0.14119 0.98551 8
    1.27042 0.01449 3
  3.8422 4 + 1
    3.8422 1 0
  3.959 10 - 2
    1.21112 0.5 5
    1.64 0.5 3
  4.062 8 + 2
    1.743 0.5 3
    1.87573 0.5 2
  4.126 0 + 2
    2.36529 0.5 1
    4.126 0.5 0
  4.223 4 + 2
    2.46229 0.5 1
    4.223 0.5 0
  4.228 8 - 1
    1.4887 1 4
  4.23222 12 - 1
    1.91322 1 3
  4.2379 4 - 2
    2.47719 0.5 1
    4.2379 0.5 0
  4.28 6 - 2
    1.961 0.5 3
    2.09373 0.5 2
  4.305 8 + 2
    1.986 0.5 3
    2.11873 0.5 2
  4.334 8 + 2
    2.015 0.5 3
    2.14773 0.5 2
  4.37507 14 - 1
    2.05607 1 3
  4.424 0 + 2
    2.66329 0.5 1
    4.424 0.5 0
  4.462 2 - 2
    2.70129 0.5 1
    4.462 0.5 0
  4.471 8 + 2
    2.152 0.5 3
    2.28473 0.5 2
  4.475 6 - 2
    2.156 0.5 3
    2.28873 0.5 2
  4.495 6 - 2
    2.176 0.5 3
    2.30873 0.5 2
  4.5 4 + 2
    2.73929 0.5 1
    4.5 0.5 0
  4.54 12 - 2
    0.312 0.5 16
    1.8007 0.5 4
  4.54137 12 + 2
    1.09314 0.1365 8
    2.22237 0.8635 3
  4.5801 2 + 1
    4.5801 1 0
  4.598 2 - 2
    2.83729 0.5 1
    4.598 0.5 0
  4.64095 12 - 2
    1.05153 0.928581 10
    1.19272 0.071419 8
  4.653 4 + 2
    2.89229 0.5 1
    4.653 0.5 0
  4.681 4 + 2
    2.92029 0.5 1
    4.681 0.5 0
  4.71 6 - 2
    2.391 0.5 3
    2.52373 0.5 2
  4.783 2 + 2
    0.202899 0.5 31
    0.5451 0.5 18
  4.817 6 - 2
    2.498 0.5 3
    2.63073 0.5 2
  4.828 6 - 2
    2.509 0.5 3
    2.64173 0.5 2
  4.849 2 - 2
    3.08829 0.5 1
    4.849 0.5 0
  4.875 10 - 2
    2.12712 0.5 5
    2.556 0.5 3
  4.946 8 + 2
    2.627 0.5 3
    2.75973 0.5 2
  4.992 6 - 2
    2.673 0.5 3
    2.80573 0.5 2
  5.05998 14 + 5
    0.51861 0.148997 30
    0.827759 0.238696 17
    1.47056 0.098828 10
    1.61175 0.511891 8
    2.74098 0.001587 3
  5.068 4 - 2
    0.84 0.5 16
    2.3287 0.5 4
  5.089 2 + 2
    0.508899 0.5 31
    0.8511 0.5 18
  5.11 6 - 2
    2.791 0.5 3
    2.92373 0.5 2
  5.16449 16 + 2
    1.57507 0.5076 10
    1.71626 0.4924 8
  5.187 4 - 2
    0.959 0.5 16
    2.4477 0.5 4
  5.215 8 + 2
    2.896 0.5 3
    3.02873 0.5 2
  5.24753 18 + 1
    1.65811 1 10
  5.2752 4 + 1
    5.2752 1 0
  5.304 2 - 1
    5.304 1 0
  5.314 6 - 2
    2.995 0.5 3
    3.12773 0.5 2
  5.381 8 + 2
    3.062 0.5 3
    3.19473 0.5 2
  5.42 10 - 2
    2.67212 0.5 5
    3.101 0.5 3
  5.43279 2 - 4
    0.79184 0.007389 33
    1.05772 0.01232 22
    1.84337 0.492596 10
    1.98456 0.487696 8
  5.437 4 + 2
    3.67629 0.5 1
    5.437 0.5 0
  5.441 0 + 2
    3.68029 0.5 1
    5.441 0.5 0
  5.462 8 + 2
    3.143 0.5 3
    3.27573 0.5 2
  5.5042 2 - 2
    3.74349 0.3421 1
    5.5042 0.6579 0
  5.582 6 - 2
    3.263 0.5 3
    3.39573 0.5 2
  5.592 4 + 2
    3.83129 0.5 1
    5.592 0.5 0
  5.631 6 - 2
    3.312 0.5 3
    3.44473 0.5 2
  5.64403 20 + 1
    2.05461 1 10
  5.666 6 - 2
    3.347 0.5 3
    3.47973 0.5 2
  5.703 10 - 2
    2.95512 0.5 5
    3.384 0.5 3
  5.753 4 + 2
    3.99229 0.5 1
    5.753 0.5 0
  5.781 6 - 2
    3.462 0.5 3
    3.59473 0.5 2
  5.79206 18 + 1
    2.20264 1 10
  5.808 2 - 1
    5.808 1 0
  5.829 4 + 2
    4.06829 0.5 1
    5.829 0.5 0
  5.887 2 - 1
    5.887 1 0
  5.938 6 - 2
    3.619 0.5 3
    3.75173 0.5 2
  5.977 10 + 2
    1.749 0.5 16
    3.2377 0.5 4
  6.006 4 + 2
    4.24529 0.5 1
    6.006 0.5 0
  6.02 2 - 2
    4.25929 0.5 1
    6.02 0.5 0
  6.058 4 + 2
    4.29729 0.5 1
    6.058 0.5 0
  6.07 10 - 2
    3.32212 0.5 5
    3.751 0.5 3
  6.106 6 + 2
    1.878 0.5 16
    3.3667 0.5 4
  6.128 2 - 2
    4.36729 0.5 1
    6.128 0.5 0
  6.167 8 + 2
    3.848 0.5 3
    3.98073 0.5 2
  6.2 4 - 2
    1.972 0.5 16
    3.4607 0.5 4
  6.229 6 + 2
    2.001 0.5 16
    3.4897 0.5 4
  6.25 2 - 2
    4.48929 0.5 1
    6.25 0.5 0
  6.27973 22 + 1
    1.0322 1 51
  6.29 4 - 2
    2.062 0.5 16
    3.5507 0.5 4
  6.296 2 - 1
    6.296 1 0
  6.308 8 + 2
    3.989 0.5 3
    4.12173 0.5 2
  6.32 6 + 2
    2.092 0.5 16
    3.5807 0.5 4
  6.37 10 - 2
    3.62212 0.5 5
    4.051 0.5 3
  6.37614 20 - 2
    0.584081 0.2189 70
    1.12861 0.7811 51
  6.39 4 + 1
    6.39 1 0
  6.397 0 + 2
    4.63629 0.5 1
    6.397 0.5 0
  6.425 2 - 1
    6.425 1 0
  6.479 6 + 2
    2.251 0.5 16
    3.7397 0.5 4
  6.496 4 - 2
    2.268 0.5 16
    3.7567 0.5 4
  6.517 8 + 2
    4.198 0.5 3
    4.33073 0.5 2
  6.547 6 - 2
    4.228 0.5 3
    4.36073 0.5 2
  6.574 4 + 2
    4.81329 0.5 1
    6.574 0.5 0
  6.64 10 - 2
    3.89212 0.5 5
    4.321 0.5 3
  6.65505 4 + 1
    6.65505 1 0
  6.67 8 - 2
    2.442 0.5 16
    3.9307 0.5 4
  6.694 2 + 2
    2.1139 0.5 31
    2.4561 0.5 18
  6.71 6 - 2
    4.391 0.5 3
    4.52373 0.5 2
  6.72113 20 - 2
    0.344989 0.6925 92
    1.4736 0.3075 51
  6.742 0 + 2
    4.98129 0.5 1
    6.742 0.5 0
  6.762 2 - 1
    6.762 1 0
  6.76954 24 + 1
    0.48981 1 86
  6.794 6 + 2
    2.566 0.5 16
    4.0547 0.5 4
  6.81 4 - 2
    2.582 0.5 16
    4.0707 0.5 4
  6.853 8 + 2
    4.534 0.5 3
    4.66673 0.5 2
  6.867 10 - 2
    4.11912 0.5 5
    4.548 0.5 3
  6.876 2 - 1
    6.876 1 0
  6.895 4 + 2
    5.13429 0.5 1
    6.895 0.5 0
  6.924 6 + 2
    2.696 0.5 16
    4.1847 0.5 4
  6.95396 22 - 1
    1.30993 1 65
  6.974 8 + 2
    4.655 0.5 3
    4.78773 0.5 2
  7 4 - 2
    2.772 0.5 16
    4.2607 0.5 4
  7.00864 22 - 3
    0.05468 0.6103 117
    0.28751 0.226 106
    1.36461 0.1637 65
  7.02564 20 + 4
    1.23358 0.170398 70
    1.38161 0.058409 65
    1.77811 0.608194 51
    1.86115 0.162998 48
  7.047 6 + 2
    2.819 0.5 16
    4.3077 0.5 4
  7.06 2 - 2
    5.29929 0.5 1
    7.06 0.5 0
  7.089 8 + 2
    4.77 0.5 3
    4.90273 0.5 2
  7.11 4 - 2
    2.882 0.5 16
    4.3707 0.5 4
  7.12 6 + 2
    2.892 0.5 16
    4.3807 0.5 4
  7.136 10 - 2
    4.38812 0.5 5
    4.817 0.5 3
  7.151 2 + 2
    2.5709 0.5 31
    2.9131 0.5 18
  7.16 4 - 2
    2.932 0.5 16
    4.4207 0.5 4
  7.1944 22 + 3
    0.16876 0.330374 121
    0.818259 0.637149 92
    1.55037 0.032477 65
  7.2 6 - 2
    4.881 0.5 3
    5.01373 0.5 2
  7.22391 24 + 4
    0.02951 0.881733 130
    0.21527 0.037501 120
    0.26995 0.078773 117
    1.57988 0.001993 65
  7.235 8 - 2
    3.007 0.5 16
    4.4957 0.5 4
  7.25 2 - 1
    7.25 1 0
  7.263 4 + 2
    5.50229 0.5 1
    7.263 0.5 0
  7.275 0 + 2
    5.51429 0.5 1
    7.275 0.5 0
  7.35 6 - 2
    5.031 0.5 3
    5.16373 0.5 2
  7.378 4 + 2
    5.61729 0.5 1
    7.378 0.5 0
  7.402 8 - 2
    3.174 0.5 16
    4.6627 0.5 4
  7.42 2 + 2
    2.8399 0.5 31
    3.1821 0.5 18
  7.43784 26 + 1
    0.21393 1 132
  7.461 6 - 2
    5.142 0.5 3
    5.27473 0.5 2
  7.48 10 - 2
    4.73212 0.5 5
    5.161 0.5 3
  7.53 4 + 2
    5.76929 0.5 1
    7.53 0.5 0
  7.58 8 - 2
    3.352 0.5 16
    4.8407 0.5 4
  7.614 6 + 2
    3.386 0.5 16
    4.8747 0.5 4
  7.633 2 - 2
    5.87229 0.5 1
    7.633 0.5 0
  7.6496 4 + 1
    7.6496 1 0
  7.678 0 - 2
    3.0979 0.5 31
    3.4401 0.5 18
  7.706 2 - 1
    7.706 1 0
  7.722 6 + 2
    3.494 0.5 16
    4.9827 0.5 4
  7.75 12 + 2
    4.67307 0.5 6
    5.431 0.5 3
  7.767 4 - 2
    3.539 0.5 16
    5.0277 0.5 4
  7.774 4 - 2
    3.546 0.5 16
    5.0347 0.5 4
  7.796 8 + 2
    5.477 0.5 3
    5.60973 0.5 2
  7.806 4 - 2
    3.578 0.5 16
    5.0667 0.5 4
  7.84 10 + 2
    3.612 0.5 16
    5.1007 0.5 4
  7.868 6 + 2
    3.64 0.5 16
    5.1287 0.5 4
  7.877 2 - 2
    6.11629 0.5 1
    7.877 0.5 0
  7.907 8 + 2
    5.588 0.5 3
    5.72073 0.5 2
  7.926 6 - 2
    5.607 0.5 3
    5.73973 0.5 2
  7.984 0 + 2
    6.22329 0.5 1
    7.984 0.5 0
  7.996 6 - 2
    5.677 0.5 3
    5.80973 0.5 2
  8.032 4 - 2
    3.804 0.5 16
    5.2927 0.5 4
  8.05843 28 + 1
    0.620591 1 141
  8.11 2 - 1
    8.11 1 0
  8.12 10 + 2
    3.892 0.5 16
    5.3807 0.5 4
  8.131 2 + 1
    8.131 1 0
  8.168 8 - 2
    3.94 0.5 16
    5.4287 0.5 4
  8.233 2 + 2
    3.6529 0.5 31
    3.9951 0.5 18
  8.276 4 - 2
    4.048 0.5 16
    5.5367 0.5 4
  8.291 4 - 2
    4.063 0.5 16
    5.5517 0.5 4
  8.316 4 - 2
    4.088 0.5 16
    5.5767 0.5 4
  8.366 2 + 2
    3.7859 0.5 31
    4.1281 0.5 18
  8.4 4 - 2
    4.172 0.5 16
    5.6607 0.5 4
  8.412 6 + 2
    4.184 0.5 16
    5.6727 0.5 4
  8.43 8 + 2
    6.111 0.5 3
    6.24373 0.5 2
  8.442 4 - 2
    4.214 0.5 16
    5.7027 0.5 4
  8.5 2 - 1
    8.5 1 0
  8.515 6 + 2
    4.287 0.5 16
    5.7757 0.5 4
  8.542 4 - 2
    4.314 0.5 16
    5.8027 0.5 4
  8.602 2 + 2
    4.0219 0.5 31
    4.3641 0.5 18
  8.627 4 - 2
    4.399 0.5 16
    5.8877 0.5 4
  8.701 4 - 2
    4.473 0.5 16
    5.9617 0.5 4
  8.717 2 - 1
    8.717 1 0
  8.809 4 - 2
    4.581 0.5 16
    6.0697 0.5 4
  8.853 4 - 2
    4.625 0.5 16
    6.1137 0.5 4
  8.882 4 - 2
    4.654 0.5 16
    6.1427 0.5 4
  8.911 4 - 2
    4.683 0.5 16
    6.1717 0.5 4
  8.934 4 - 2
    4.706 0.5 16
    6.1947 0.5 4
  8.95814 30 - 1
    0.899709 1 165
  8.971 4 - 2
    4.743 0.5 16
    6.2317 0.5 4
  9 2 + 2
    4.4199 0.5 31
    4.7621 0.5 18
  9.061 4 - 2
    4.833 0.5 16
    6.3217 0.5 4
  9.101 4 - 2
    4.873 0.5 16
    6.3617 0.5 4
  9.127 4 - 2
    4.899 0.5 16
    6.3877 0.5 4
  9.146 2 - 1
    9.146 1 0
  9.195 2 - 1
    9.195 1 0
  9.265 4 - 2
    5.037 0.5 16
    6.5257 0.5 4
  9.294 4 - 2
    5.066 0.5 16
    6.5547 0.5 4
  9.327 4 - 2
    5.099 0.5 16
    6.5877 0.5 4
  9.333 2 - 1
    9.333 1 0
  9.371 2 + 2
    4.7909 0.5 31
    5.1331 0.5 18
  9.439 6 + 2
    5.211 0.5 16
    6.6997 0.5 4
  9.489 4 - 2
    5.261 0.5 16
    6.7497 0.5 4
  9.52 6 + 2
    5.292 0.5 16
    6.7807 0.5 4
  9.541 4 - 2
    5.313 0.5 16
    6.8017 0.5 4
  9.601 8 + 2
    7.282 0.5 3
    7.41473 0.5 2
  9.678 2 - 1
    9.678 1 0
  9.694 4 - 2
    5.466 0.5 16
    6.9547 0.5 4
  9.83603 30 + 1
    1.7776 1 165
  9.863 6 + 2
    5.635 0.5 16
    7.1237 0.5 4
  10.04 2 - 1
    10.04 1 0
  10.1258 32 + 2
    0.289769 0.3666 211
    1.16766 0.6334 191
  10.7649 34 + 1
    0.639101 1 214
  11.4039 36 + 1
    0.639 1 215
  12.1107 38 + 1
    0.7068 1 216
  12.2194 8 + 6
    8.3772 0.072866 11
    8.9106 0.105295 7
    9.47152 0.064777 5
    10.0331 0.19029 2
    10.4587 0.161892 1
    12.2194 0.40488 0
  12.9647 40 + 1
    0.854 1 217
  13.11 4 - 6
    9.2678 0.166667 11
    9.8012 0.166667 7
    10.3621 0.166667 5
    10.9237 0.166667 2
    11.3493 0.166667 1
    13.11 0.166667 0
  13.311 6 - 2
    10.992 0.5 3
    11.1247 0.5 2
  13.94 6 + 2
    9.712 0.5 16
    11.2007 0.5 4
  14.09 8 + 2
    11.771 0.5 3
    11.9037 0.5 2
  14.22 10 + 2
    9.992 0.5 16
    11.4807 0.5 4
  14.27 6 + 2
    10.042 0.5 16
    11.5307 0.5 4
  14.31 8 + 2
    11.991 0.5 3
    12.1237 0.5 2
  14.41 6 + 2
    10.182 0.5 16
    11.6707 0.5 4
  14.44 2 - 2
    12.6793 0.5 1
    14.44 0.5 0
  14.75 10 + 2
    10.522 0.5 16
    12.0107 0.5 4
  14.88 8 + 2
    12.561 0.5 3
    12.6937 0.5 2
  14.93 0 + 2
    13.1693 0.5 1
    14.93 0.5 0
  15.55 6 + 2
    11.322 0.5 16
    12.8107 0.5 4
  15.7 10 + 2
    11.472 0.5 16
    12.9607 0.5 4
  15.95 8 + 2
    13.631 0.5 3
    13.7637 0.5 2
  16.15 6 + 2
    11.922 0.5 16
    13.4107 0.5 4
  16.26 0 + 2
    14.4993 0.5 1
    16.26 0.5 0
  16.28 12 + 2
    13.2031 0.5 6
    13.961 0.5 3
  17.3 6 + 2
    13.072 0.5 16
    14.5607 0.5 4
  19.4 8 - 2
    15.172 0.5 16
    16.6607 0.5 4
  21 10 + 2
    16.772 0.5 16
    18.2607 0.5 4
  21.8 6 - 2
    19.481 0.5 3
    19.6137 0.5 2
  23.7 8 + 2
    21.381 0.5 3
    21.5137 0.5 2

40 91 158
  0 5 + 0
  1.20478 1 + 1
    1.20478 1 0
  1.4665 5 + 1
    1.4665 1 0
  1.8822 7 + 1
    1.8822 1 0
  2.04235 3 + 1
    2.04235 1 0
  2.13149 9 + 1
    2.13149 1 0
  2.17015 11 - 2
    0.03866 0.064547 5
    2.17015 0.935453 0
  2.1895 5 - 1
    2.1895 1 0
  2.2005 7 + 1
    2.2005 1 0
  2.25992 13 - 1
    0.08977 1 6
  2.2878 15 - 1
    0.02788 1 9
  2.3205 11 - 2
    0.06058 0.5 9
    0.15035 0.5 6
  2.3564 1 - 1
    1.15162 1 1
  2.36656 5 - 1
    2.36656 1 0
  2.3949 9 - 1
    0.22475 1 6
  2.5347 5 + 3
    0.6525 0.3426 3
    1.0682 0.2133 2
    2.5347 0.4441 0
  2.5578 1 + 1
    2.5578 1 0
  2.5779 3 - 1
    2.5779 1 0
  2.6401 3 - 1
    2.6401 1 0
  2.6937 7 - 1
    2.6937 1 0
  2.7646 13 - 2
    0.4441 0.2249 11
    0.4768 0.7751 10
  2.7752 5 - 2
    0.73285 0.4625 4
    2.7752 0.5375 0
  2.79146 5 - 1
    0.65997 1 5
  2.8109 7 - 3
    0.416 0.233077 14
    0.76855 0.122788 4
    2.8109 0.644136 0
  2.826 5 + 1
    2.826 1 0
  2.8357 3 - 1
    1.3692 1 2
  2.85706 13 + 4
    0.53656 0.129596 11
    0.56926 0.097427 10
    0.59714 0.292791 9
    0.72557 0.480186 5
  2.871 3 + 1
    2.871 1 0
  2.9023 7 + 2
    0.7128 0.5557 7
    2.9023 0.4443 0
  2.9142 9 + 1
    0.78271 1 5
  2.9284 5 + 1
    2.9284 1 0
  2.9921 9 + 1
    0.7916 1 8
  3.0077 5 - 1
    3.0077 1 0
  3.0171 9 - 1
    3.0171 1 0
  3.034 3 + 2
    0.99165 0.5 4
    1.1518 0.5 3
  3.053 1 + 2
    1.84822 0.5 1
    3.053 0.5 0
  3.0834 3 + 1
    3.0834 1 0
  3.1079 7 + 1
    3.1079 1 0
  3.1469 17 + 2
    0.28984 0.1199 26
    0.8591 0.8801 10
  3.1673 21 + 2
    0.0204 0.961238 38
    0.8795 0.038762 10
  3.2348 3 - 1
    3.2348 1 0
  3.262 7 - 2
    1.7955 0.5 2
    3.262 0.5 0
  3.2766 7 + 1
    1.8101 1 2
  3.2904 3 + 1
    1.24805 1 4
  3.312 1 - 2
    1.1225 0.5 7
    1.26965 0.5 4
  3.321 11 - 2
    1.15085 0.5 6
    1.18951 0.5 5
  3.3311 1 + 1
    3.3311 1 0
  3.356 3 - 2
    2.15122 0.5 1
    3.356 0.5 0
  3.378 3 - 2
    2.17322 0.5 1
    3.378 0.5 0
  3.41 9 - 2
    1.2205 0.5 7
    1.5278 0.5 3
  3.456 11 - 2
    1.28585 0.5 6
    1.32451 0.5 5
  3.469 7 + 2
    1.42665 0.5 4
    1.5868 0.5 3
  3.475 3 - 1
    3.475 1 0
  3.477 3 + 1
    3.477 1 0
  3.489 5 + 2
    2.28422 0.5 1
    3.489 0.5 0
  3.555 7 + 2
    1.51265 0.5 4
    1.6728 0.5 3
  3.5761 3 - 1
    3.5761 1 0
  3.597 7 - 2
    2.1305 0.5 2
    3.597 0.5 0
  3.636 3 + 2
    1.59365 0.5 4
    1.7538 0.5 3
  3.652 5 - 2
    1.60965 0.5 4
    1.7698 0.5 3
  3.667 1 + 2
    2.46222 0.5 1
    3.667 0.5 0
  3.681 3 + 1
    3.681 1 0
  3.704 5 - 1
    3.704 1 0
  3.725 9 - 2
    1.5355 0.5 7
    1.8428 0.5 3
  3.75 1 + 2
    2.54522 0.5 1
    3.75 0.5 0
  3.776 5 + 2
    2.57122 0.5 1
    3.776 0.5 0
  3.82 9 - 2
    1.6305 0.5 7
    1.9378 0.5 3
  3.829 7 - 2
    2.3625 0.5 2
    3.829 0.5 0
  3.85 5 + 2
    2.64522 0.5 1
    3.85 0.5 0
  3.884 1 - 2
    1.6945 0.5 7
    1.84165 0.5 4
  3.898 11 + 2
    1.6975 0.5 8
    2.0158 0.5 3
  3.908 7 - 2
    2.4415 0.5 2
    3.908 0.5 0
  3.924 5 + 2
    2.71922 0.5 1
    3.924 0.5 0
  3.949 9 - 2
    1.7595 0.5 7
    2.0668 0.5 3
  3.962 1 + 2
    2.75722 0.5 1
    3.962 0.5 0
  3.9843 7 - 1
    3.9843 1 0
  4.007 5 + 2
    2.80222 0.5 1
    4.007 0.5 0
  4.0256 9 - 2
    1.8361 0.5 7
    2.1434 0.5 3
  4.04 11 + 2
    1.8395 0.5 8
    2.1578 0.5 3
  4.07 3 - 2
    2.86522 0.5 1
    4.07 0.5 0
  4.114 5 + 2
    2.90922 0.5 1
    4.114 0.5 0
  4.148 7 - 2
    2.6815 0.5 2
    4.148 0.5 0
  4.1625 1 + 1
    4.1625 1 0
  4.18 5 - 2
    2.7135 0.8696 2
    4.18 0.1304 0
  4.192 3 + 2
    2.14965 0.5 4
    2.3098 0.5 3
  4.21 7 - 2
    2.7435 0.5 2
    4.21 0.5 0
  4.23 9 + 2
    2.7635 0.5 2
    4.23 0.5 0
  4.245 5 - 2
    2.20265 0.5 4
    2.3628 0.5 3
  4.268 3 + 2
    2.22565 0.5 4
    2.3858 0.5 3
  4.279 1 - 2
    2.0895 0.5 7
    2.23665 0.5 4
  4.296 7 + 2
    2.25365 0.5 4
    2.4138 0.5 3
  4.3199 3 - 1
    4.3199 1 0
  4.338 5 + 2
    3.13322 0.5 1
    4.338 0.5 0
  4.354 11 - 2
    2.18385 0.5 6
    2.22251 0.5 5
  4.38 9 + 2
    2.9135 0.5 2
    4.38 0.5 0
  4.4 15 - 2
    2.1122 0.5 10
    2.22985 0.5 6
  4.414 7 + 2
    2.37165 0.5 4
    2.5318 0.5 3
  4.437 1 - 2
    2.2475 0.5 7
    2.39465 0.5 4
  4.45 5 + 2
    3.24522 0.5 1
    4.45 0.5 0
  4.464 3 - 2
    3.25922 0.5 1
    4.464 0.5 0
  4.504 13 + 2
    2.33385 0.5 6
    2.37251 0.5 5
  4.5327 5 - 2
    2.49035 0.5 4
    2.6505 0.5 3
  4.549 7 + 2
    2.50665 0.5 4
    2.6668 0.5 3
  4.588 3 - 2
    3.38322 0.5 1
    4.588 0.5 0
  4.611 9 + 2
    3.1445 0.5 2
    4.611 0.5 0
  4.653 1 - 2
    2.4635 0.5 7
    2.61065 0.5 4
  4.685 5 + 1
    4.685 1 0
  4.712 7 - 2
    3.2455 0.5 2
    4.712 0.5 0
  4.735 3 + 2
    2.69265 0.5 4
    2.8528 0.5 3
  4.786 11 - 2
    2.61585 0.5 6
    2.65451 0.5 5
  4.808 9 + 2
    3.3415 0.5 2
    4.808 0.5 0
  4.833 5 - 2
    2.79065 0.5 4
    2.9508 0.5 3
  4.876 1 + 2
    3.67122 0.5 1
    4.876 0.5 0
  4.928 3 - 2
    3.72322 0.5 1
    4.928 0.5 0
  4.953 7 + 2
    2.91065 0.5 4
    3.0708 0.5 3
  4.989 5 - 2
    2.94665 0.5 4
    3.1068 0.5 3
  5.017 3 + 2
    2.97465 0.5 4
    3.1348 0.5 3
  5.095 7 - 2
    3.6285 0.5 2
    5.095 0.5 0
  5.132 9 + 2
    3.6655 0.5 2
    5.132 0.5 0
  5.158 5 - 2
    3.11565 0.5 4
    3.2758 0.5 3
  5.176 1 + 2
    3.97122 0.5 1
    5.176 0.5 0
  5.217 3 - 2
    4.01222 0.5 1
    5.217 0.5 0
  5.254 11 + 2
    3.0535 0.5 8
    3.3718 0.5 3
  5.312 7 - 2
    3.8455 0.5 2
    5.312 0.5 0
  5.357 5 + 2
    4.15222 0.5 1
    5.357 0.5 0
  5.382 19 - 2
    2.2351 0.5 38
    3.0942 0.5 10
  5.426 3 + 2
    3.38365 0.5 4
    3.5438 0.5 3
  5.45 9 - 2
    3.2605 0.5 7
    3.5678 0.5 3
  5.472 1 + 2
    4.26722 0.5 1
    5.472 0.5 0
  5.496 5 - 2
    3.45365 0.5 4
    3.6138 0.5 3
  5.53 7 + 2
    3.48765 0.5 4
    3.6478 0.5 3
  5.55 3 - 2
    4.34522 0.5 1
    5.55 0.5 0
  5.598 5 - 2
    3.55565 0.5 4
    3.7158 0.5 3
  5.645 13 + 2
    3.47485 0.5 6
    3.51351 0.5 5
  5.674 7 + 2
    3.63165 0.5 4
    3.7918 0.5 3
  5.716 9 - 2
    3.5265 0.5 7
    3.8338 0.5 3
  5.744 1 + 2
    4.53922 0.5 1
    5.744 0.5 0
  5.781 3 - 2
    4.57622 0.5 1
    5.781 0.5 0
  5.804 5 + 2
    4.59922 0.5 1
    5.804 0.5 0
  5.843 11 - 2
    3.67285 0.5 6
    3.71151 0.5 5
  5.877 7 + 2
    3.83465 0.5 4
    3.9948 0.5 3
  5.894 3 - 2
    4.68922 0.5 1
    5.894 0.5 0
  5.933 5 + 2
    4.72822 0.5 1
    5.933 0.5 0
  5.954 1 - 2
    3.7645 0.5 7
    3.91165 0.5 4
  6.003 9 + 2
    4.5365 0.5 2
    6.003 0.5 0
  6.027 7 - 2
    4.5605 0.5 2
    6.027 0.5 0
  6.081 3 + 2
    4.03865 0.5 4
    4.1988 0.5 3
  6.103 5 - 2
    4.06065 0.5 4
    4.2208 0.5 3
  6.156 1 + 2
    4.95122 0.5 1
    6.156 0.5 0
  6.179 3 - 2
    4.97422 0.5 1
    6.179 0.5 0
  6.21 7 + 2
    4.16765 0.5 4
    4.3278 0.5 3
  6.262 5 - 2
    4.21965 0.5 4
    4.3798 0.5 3
  6.297 9 + 2
    4.8305 0.5 2
    6.297 0.5 0
  6.352 11 - 2
    4.18185 0.5 6
    4.22051 0.5 5
  6.39 3 + 2
    4.34765 0.5 4
    4.5078 0.5 3
  6.431 5 - 2
    4.38865 0.5 4
    4.5488 0.5 3
  6.457 7 + 2
    4.41465 0.5 4
    4.5748 0.5 3
  14.4 1 - 2
    12.2105 0.5 7
    12.3577 0.5 4

40 92 136
  0 0 + 0
  0.93447 4 + 1
    0.93447 1 0
  1.38281 0 + 1
    0.44834 1 1
  1.49546 8 + 1
    0.56099 1 1
  1.84728 4 + 2
    0.91281 0.666 1
    1.84728 0.334 0
  2.06668 4 + 3
    0.2194 0.008284 4
    0.57122 0.006517 3
    1.13221 0.985199 1
  2.182 4 + 2
    1.24753 0.5 1
    2.182 0.5 0
  2.33972 6 - 5
    0.27304 0.001247 5
    0.49244 0.075897 4
    0.84426 0.191794 3
    1.40525 0.728876 1
    2.33972 0.002186 0
  2.39831 8 + 2
    0.90285 0.7409 3
    1.46384 0.2591 1
  2.4734 4 - 1
    2.4734 1 0
  2.48602 10 - 1
    0.99056 1 3
  2.666 2 - 2
    1.73153 0.5 1
    2.666 0.5 0
  2.74358 8 - 5
    0.25756 0.309919 10
    0.34527 0.020671 8
    0.40386 0.232114 7
    0.6769 0.033272 5
    1.24812 0.404024 3
  2.752 6 - 2
    1.25654 0.5 3
    1.81753 0.5 1
  2.81962 4 + 5
    0.3336 0.076015 10
    0.97234 0.611243 4
    1.43681 0.031162 2
    1.88515 0.244317 1
    2.81962 0.037263 0
  2.86335 8 + 2
    1.36789 0.7813 3
    1.92888 0.2187 1
  2.9035 0 + 2
    0.83682 0.5322 5
    1.96903 0.4678 1
  2.90946 4 + 4
    0.56974 0.01962 7
    0.84278 0.167497 5
    1.414 0.334793 3
    1.97499 0.47809 1
  2.9577 12 + 1
    1.46224 1 3
  3.03969 6 + 4
    0.29611 0.029211 12
    0.69997 0.173709 7
    1.19241 0.032142 4
    2.10522 0.764938 1
  3.0578 4 + 3
    0.71808 0.2191 7
    0.99112 0.5619 5
    2.12333 0.219 1
  3.1245 2 + 2
    1.05782 0.5 5
    3.1245 0.5 0
  3.17825 8 + 2
    0.77994 0.7815 8
    2.24378 0.2185 1
  3.1915 8 - 1
    1.69604 1 3
  3.2369 8 + 1
    1.74144 1 3
  3.26262 4 + 2
    2.32815 0.5 1
    3.26262 0.5 0
  3.27587 4 + 4
    0.36641 0.04959 17
    0.87756 0.134601 8
    1.20919 0.551306 5
    2.3414 0.264503 1
  3.2892 6 + 5
    0.37974 0.182102 17
    0.89089 0.02099 8
    1.22252 0.255903 5
    1.79374 0.121601 3
    2.35473 0.419404 1
  3.304 12 + 2
    0.90569 0.5 8
    1.80854 0.5 3
  3.309 16 + 1
    0.3513 1 18
  3.325 2 - 2
    2.39053 0.5 1
    3.325 0.5 0
  3.345 10 - 2
    1.00528 0.5 7
    1.84954 0.5 3
  3.37151 2 - 4
    1.03179 0.01248 7
    1.9887 0.51971 2
    2.43704 0.207904 1
    3.37151 0.259905 0
  3.3798 14 - 1
    0.89378 1 10
  3.382 6 - 2
    1.88654 0.5 3
    2.44753 0.5 1
  3.4083 6 - 2
    1.06858 0.5 7
    2.47383 0.5 1
  3.446 6 - 2
    1.95054 0.5 3
    2.51153 0.5 1
  3.45217 4 + 6
    0.63255 0.025758 14
    1.11245 0.047367 7
    1.60489 0.297679 4
    1.95671 0.240183 3
    2.06936 0.050736 2
    2.5177 0.338276 1
  3.46 8 + 2
    1.96454 0.5 3
    2.52553 0.5 1
  3.47174 4 + 3
    0.56824 0.333333 16
    2.53727 0.333333 1
    3.47174 0.333333 0
  3.491 6 - 2
    1.99554 0.5 3
    2.55653 0.5 1
  3.50038 4 + 5
    0.22451 0.01887 26
    0.59092 0.053569 17
    0.68076 0.047579 14
    1.4337 0.539889 5
    1.6531 0.340093 4
  3.589 0 + 2
    2.65453 0.5 1
    3.589 0.5 0
  3.602 10 - 2
    1.26228 0.5 7
    2.10654 0.5 3
  3.62828 8 + 7
    0.35241 0.047481 26
    0.58859 0.009014 19
    0.80866 0.01672 14
    0.8847 0.101503 12
    1.22997 0.020561 8
    2.13282 0.162504 3
    2.69381 0.642217 1
  3.64021 4 + 4
    0.60052 0.025411 19
    0.82059 0.030621 14
    1.30049 0.069933 7
    2.70574 0.874035 1
  3.64899 8 + 3
    1.16297 0.1509 10
    2.15353 0.431 3
    2.71452 0.4181 1
  3.704 8 + 2
    2.20854 0.5 3
    2.76953 0.5 1
  3.725 2 - 2
    2.79053 0.5 1
    3.725 0.5 0
  3.76 4 + 2
    2.82553 0.5 1
    3.76 0.5 0
  3.767 10 - 2
    1.42728 0.5 7
    2.27154 0.5 3
  3.783 8 + 2
    2.28754 0.5 3
    2.84853 0.5 1
  3.814 8 + 2
    2.31854 0.5 3
    2.87953 0.5 1
  3.8194 16 - 1
    0.4396 1 33
  3.83027 4 + 5
    0.3781 0.1283 37
    0.79058 0.2036 19
    1.49055 0.3631 7
    1.76359 0.1924 5
    2.44746 0.1126 2
  3.891 2 - 2
    2.95653 0.5 1
    3.891 0.5 0
  3.902 2 - 2
    2.96753 0.5 1
    3.902 0.5 0
  3.944 10 - 2
    1.60428 0.5 7
    2.44854 0.5 3
  3.971 6 - 2
    2.47554 0.5 3
    3.03653 0.5 1
  3.983 2 - 2
    3.04853 0.5 1
    3.983 0.5 0
  3.992 0 + 2
    3.05753 0.5 1
    3.992 0.5 0
  3.9988 18 - 2
    0.1794 0.3918 53
    0.619 0.6082 33
  4.012 6 + 2
    1.26842 0.5 12
    1.5386 0.5 9
  4.04 8 + 2
    2.54454 0.5 3
    3.10553 0.5 1
  4.082 8 + 2
    2.58654 0.5 3
    3.14753 0.5 1
  4.142 2 - 2
    3.20753 0.5 1
    4.142 0.5 0
  4.161 8 + 2
    2.66554 0.5 3
    3.22653 0.5 1
  4.181 6 - 2
    2.68554 0.5 3
    3.24653 0.5 1
  4.183 6 + 2
    1.43942 0.5 12
    1.7096 0.5 9
  4.213 2 - 2
    3.27853 0.5 1
    4.213 0.5 0
  4.256 8 + 2
    2.76054 0.5 3
    3.32153 0.5 1
  4.27 10 - 2
    1.93028 0.5 7
    2.77454 0.5 3
  4.283 0 + 2
    3.34853 0.5 1
    4.283 0.5 0
  4.2969 20 + 1
    0.9879 1 29
  4.332 4 + 2
    3.39753 0.5 1
    4.332 0.5 0
  4.38 8 + 2
    2.88454 0.5 3
    3.44553 0.5 1
  4.397 4 + 2
    3.46253 0.5 1
    4.397 0.5 0
  4.453 4 + 2
    3.51853 0.5 1
    4.453 0.5 0
  4.465 8 + 2
    2.96954 0.5 3
    3.53053 0.5 1
  4.494 6 - 2
    2.99854 0.5 3
    3.55953 0.5 1
  4.504 2 - 2
    3.56953 0.5 1
    4.504 0.5 0
  4.539 6 - 2
    3.04354 0.5 3
    3.60453 0.5 1
  4.604 2 + 2
    1.56431 0.5 19
    2.1306 0.5 9
  4.606 10 - 2
    2.26628 0.5 7
    3.11054 0.5 3
  4.64 6 - 2
    3.14454 0.5 3
    3.70553 0.5 1
  4.67 2 + 2
    1.63031 0.5 19
    2.1966 0.5 9
  4.72 6 - 2
    3.22454 0.5 3
    3.78553 0.5 1
  4.785 2 - 2
    3.85053 0.5 1
    4.785 0.5 0
  4.807 6 - 2
    3.31154 0.5 3
    3.87253 0.5 1
  4.813 12 - 2
    1.6215 0.5 23
    2.06942 0.5 12
  4.821 2 - 2
    3.88653 0.5 1
    4.821 0.5 0
  4.847 6 - 2
    3.35154 0.5 3
    3.91253 0.5 1
  4.894 10 + 2
    1.85431 0.5 19
    2.15042 0.5 12
  4.928 10 - 2
    2.58828 0.5 7
    3.43254 0.5 3
  4.9475 24 + 1
    0.6506 1 73
  4.977 4 - 2
    2.23342 0.5 12
    2.5036 0.5 9
  4.982 2 - 2
    4.04753 0.5 1
    4.982 0.5 0
  5.012 6 - 2
    3.51654 0.5 3
    4.07753 0.5 1
  5.04 4 - 2
    2.29642 0.5 12
    2.5666 0.5 9
  5.056 8 + 2
    3.56054 0.5 3
    4.12153 0.5 1
  5.067 12 - 2
    1.8755 0.5 23
    2.32342 0.5 12
  5.091 2 + 2
    2.05131 0.5 19
    2.6176 0.5 9
  5.115 8 + 2
    3.61954 0.5 3
    4.18053 0.5 1
  5.197 6 - 2
    3.70154 0.5 3
    4.26253 0.5 1
  5.215 4 - 2
    2.47142 0.5 12
    2.7416 0.5 9
  5.278 6 - 2
    3.78254 0.5 3
    4.34353 0.5 1
  5.31 2 - 2
    4.37553 0.5 1
    5.31 0.5 0
  5.358 4 - 2
    2.61442 0.5 12
    2.8846 0.5 9
  5.455 14 - 2
    2.4973 0.5 18
    2.96898 0.5 10
  5.49 0 + 2
    4.55553 0.5 1
    5.49 0.5 0
  5.537 6 - 2
    4.04154 0.5 3
    4.60253 0.5 1
  5.581 4 + 2
    4.64653 0.5 1
    5.581 0.5 0
  5.68 8 + 2
    4.18454 0.5 3
    4.74553 0.5 1
  5.685 6 - 2
    4.18954 0.5 3
    4.75053 0.5 1
  5.885 6 - 2
    4.38954 0.5 3
    4.95053 0.5 1
  6.0458 28 + 1
    1.0983 1 94
  6.056 6 - 2
    4.56054 0.5 3
    5.12153 0.5 1
  6.125 2 - 2
    5.19053 0.5 1
    6.125 0.5 0
  6.187 6 - 2
    4.69154 0.5 3
    5.25253 0.5 1
  6.24 8 + 2
    4.74454 0.5 3
    5.30553 0.5 1
  6.334 6 - 2
    4.83854 0.5 3
    5.39953 0.5 1
  6.436 6 - 2
    4.94054 0.5 3
    5.50153 0.5 1
  6.99 4 - 2
    4.24642 0.5 12
    4.5166 0.5 9
  7 2 - 2
    6.06553 0.5 1
    7 0.5 0
  7.4 4 + 2
    6.46553 0.5 1
    7.4 0.5 0
  7.4461 32 + 1
    1.4003 1 115
  8.0391 34 - 1
    0.593001 1 125
  8.8 2 + 2
    5.76031 0.5 19
    6.3266 0.5 9
  9.1275 36 + 1
    1.6814 1 125
  13.2 4 + 2
    12.2655 0.5 1
    13.2 0.5 0
  13.7 10 - 2
    11.3603 0.5 7
    12.2045 0.5 3
  15.7 0 + 2
    14.7655 0.5 1
    15.7 0.5 0
  16.2 2 - 2
    15.2655 0.5 1
    16.2 0.5 0
  17.5 4 - 2
    14.7564 0.5 12
    15.0266 0.5 9
  25.1 6 - 2
    23.6045 0.5 3
    24.1655 0.5 1
  28.1 4 + 2
    27.1655 0.5 1
    28.1 0.5 0

40 93 86
  0 5 + 0
  0.26682 3 + 1
    0.26682 1 0
  0.94709 1 + 2
    0.68027 0.2391 1
    0.94709 0.7609 0
  0.9498 9 + 1
    0.9498 1 0
  1.018 1 + 2
    0.07091 0.5 2
    1.018 0.5 0
  1.16862 1 + 1
    1.16862 1 0
  1.222 1 + 2
    0.27491 0.5 2
    1.222 0.5 0
  1.42527 5 + 2
    1.15845 0.1095 1
    1.42527 0.8905 0
  1.45042 3 - 2
    1.1836 0.1282 1
    1.45042 0.8718 0
  1.463 9 + 2
    0.5132 0.5 3
    1.463 0.5 0
  1.47011 1 + 2
    1.20329 0.6212 1
    1.47011 0.3788 0
  1.598 7 + 1
    1.33118 1 1
  1.642 5 + 2
    0.69491 0.5 2
    1.642 0.5 0
  1.735 7 - 2
    0.7852 0.5 3
    1.735 0.5 0
  1.90951 1 + 2
    0.96242 0.1871 2
    1.64269 0.8129 1
  1.9179 5 + 2
    0.97081 0.2249 2
    1.65108 0.7751 1
  2.025 9 - 1
    0.427 1 11
  2.04 7 + 2
    0.442 0.5 11
    1.77318 0.5 1
  2.047 3 - 2
    1.09991 0.5 2
    2.047 0.5 0
  2.075 11 - 2
    0.612 0.5 9
    1.1252 0.5 3
  2.078 7 + 2
    0.48 0.5 11
    1.81118 0.5 1
  2.09464 1 + 1
    1.82782 1 1
  2.18458 3 + 4
    0.71447 0.009915 10
    1.23749 0.0168 2
    1.91776 0.884004 1
    2.18458 0.08928 0
  2.276 5 - 2
    0.678 0.5 11
    2.00918 0.5 1
  2.2843 13 + 1
    1.3345 1 3
  2.302 3 - 2
    1.35491 0.5 2
    2.302 0.5 0
  2.363 9 - 2
    0.338 0.5 16
    0.765 0.5 11
  2.3746 11 - 1
    1.4248 1 3
  2.391 1 + 2
    1.44391 0.5 2
    2.391 0.5 0
  2.4575 3 + 4
    0.27292 0.278703 22
    0.98739 0.04061 10
    2.19068 0.654507 1
    2.4575 0.02618 0
  2.47384 3 - 1
    2.47384 1 0
  2.4857 15 - 1
    0.1111 1 27
  2.5314 5 + 1
    2.5314 1 0
  2.548 5 + 2
    1.60091 0.5 2
    2.548 0.5 0
  2.6008 7 - 1
    0.1151 1 31
  2.638 7 - 2
    1.6882 0.5 3
    2.638 0.5 0
  2.662 5 - 2
    1.064 0.5 11
    2.39518 0.5 1
  2.716 7 - 2
    1.7662 0.5 3
    2.716 0.5 0
  2.77 3 + 2
    1.172 0.5 11
    2.50318 0.5 1
  2.7743 13 + 1
    1.8245 1 3
  2.873 9 - 2
    0.848 0.5 16
    1.275 0.5 11
  2.919 5 - 2
    1.321 0.5 11
    2.65218 0.5 1
  2.9896 11 - 3
    0.2153 0.1023 39
    0.5039 0.5441 31
    0.7053 0.3536 24
  2.991 3 - 2
    2.04391 0.5 2
    2.991 0.5 0
  3.044 7 - 2
    2.0942 0.5 3
    3.044 0.5 0
  3.077 1 + 2
    2.12991 0.5 2
    3.077 0.5 0
  3.184 5 - 2
    1.586 0.5 11
    2.91718 0.5 1
  3.215 9 - 2
    1.19 0.5 16
    1.617 0.5 11
  3.23 3 - 2
    2.28291 0.5 2
    3.23 0.5 0
  3.2648 7 - 1
    0.2752 1 42
  3.2745 5 - 1
    3.2745 1 0
  3.322 11 - 2
    1.859 0.5 9
    2.3722 0.5 3
  3.3305 19 + 1
    0.0657 1 49
  3.363 3 - 2
    2.41591 0.5 2
    3.363 0.5 0
  3.391 5 + 2
    2.44391 0.5 2
    3.391 0.5 0
  3.421 7 - 2
    2.4712 0.5 3
    3.421 0.5 0
  3.486 9 + 2
    2.5362 0.5 3
    3.486 0.5 0
  3.576 3 - 2
    2.62891 0.5 2
    3.576 0.5 0
  3.6046 5 + 1
    1.0038 1 34
  3.649 7 - 2
    2.6992 0.5 3
    3.649 0.5 0
  3.6566 21 + 2
    0.3261 0.7621 52
    0.3918 0.2379 49
  3.697 3 - 2
    2.74991 0.5 2
    3.697 0.5 0
  3.791 5 + 2
    2.84391 0.5 2
    3.791 0.5 0
  3.83 9 - 2
    1.805 0.5 16
    2.232 0.5 11
  3.87 7 + 2
    2.272 0.5 11
    3.60318 0.5 1
  3.91 11 - 2
    2.447 0.5 9
    2.9602 0.5 3
  3.966 3 + 2
    2.368 0.5 11
    3.69918 0.5 1
  3.989 5 - 2
    2.391 0.5 11
    3.72218 0.5 1
  4.035 17 + 2
    1.5493 0.5 31
    1.7507 0.5 24
  4.061 7 - 2
    3.1112 0.5 3
    4.061 0.5 0
  4.118 9 + 2
    3.1682 0.5 3
    4.118 0.5 0
  4.141 3 - 2
    3.19391 0.5 2
    4.141 0.5 0
  4.218 5 + 2
    3.27091 0.5 2
    4.218 0.5 0
  4.282 13 - 2
    1.919 0.5 26
    2.257 0.5 16
  4.419 1 + 2
    3.47191 0.5 2
    4.419 0.5 0
  4.4864 23 + 1
    0.8298 1 60
  4.618 7 - 2
    3.6682 0.5 3
    4.618 0.5 0
  4.691 5 - 2
    3.093 0.5 11
    4.42418 0.5 1
  4.7163 25 + 1
    1.0597 1 60
  4.785 3 - 2
    3.83791 0.5 2
    4.785 0.5 0
  4.84 9 + 2
    3.8902 0.5 3
    4.84 0.5 0
  4.932 5 - 2
    3.334 0.5 11
    4.66518 0.5 1
  5.4788 3 + 1
    0.7625 1 78
  5.4879 7 - 1
    0.7716 1 78
  6.6466 11 + 1
    1.1678 1 82
  7.2941 1 - 1
    0.6475 1 84

40 94 67
  0 0 + 0
  0.91875 4 + 1
    0.91875 1 0
  1.30019 0 + 1
    0.38144 1 1
  1.46962 8 + 1
    0.55087 1 1
  1.67141 4 + 2
    0.75266 0.5851 1
    1.67141 0.4149 0
  2.05763 6 - 2
    0.58801 0.027251 3
    1.13888 0.972749 1
  2.15131 4 + 1
    1.23256 1 1
  2.3299 8 + 1
    1.41115 1 1
  2.36612 4 + 4
    0.30849 0.094481 5
    0.69471 0.514805 4
    1.06593 0.061711 2
    1.44737 0.329003 1
  2.401 2 - 2
    1.48225 0.5 1
    2.401 0.5 0
  2.5077 6 + 2
    0.83629 0.1298 4
    1.58895 0.8702 1
  2.605 10 - 1
    1.13538 1 3
  2.6985 4 + 1
    1.77975 1 1
  2.719 2 - 2
    1.80025 0.5 1
    2.719 0.5 0
  2.769 6 - 2
    1.29938 0.5 3
    1.85025 0.5 1
  2.826 4 + 1
    1.15459 1 4
  2.8463 2 - 2
    1.92755 0.0991 1
    2.8463 0.9009 0
  2.8606 8 + 1
    1.39098 1 3
  2.8882 8 + 1
    1.96945 1 1
  2.90805 4 + 3
    1.23664 0.6061 4
    1.9893 0.1818 1
    2.90805 0.2121 0
  2.925 6 - 2
    1.45538 0.5 3
    2.00625 0.5 1
  2.945 10 - 1
    0.88737 1 5
  3.014 12 - 1
    3.014 1 0
  3.03 2 - 2
    2.11125 0.5 1
    3.03 0.5 0
  3.05931 6 + 2
    1.00168 0.061047 5
    2.14056 0.938953 1
  3.1424 12 + 3
    0.5374 0.147101 11
    0.8125 0.821708 7
    1.67278 0.03119 3
  3.1564 8 + 2
    0.6487 0.5 10
    2.23765 0.5 1
  3.21942 2 - 2
    1.16179 0.7937 5
    2.30067 0.2063 1
  3.281 4 + 2
    2.36225 0.5 1
    3.281 0.5 0
  3.316 6 - 2
    1.84638 0.5 3
    2.39725 0.5 1
  3.331 10 - 2
    1.27337 0.5 5
    1.86138 0.5 3
  3.36116 14 - 3
    1.30353 0.081082 5
    1.89154 0.675713 3
    2.44241 0.243205 1
  3.407 2 - 2
    2.48825 0.5 1
    3.407 0.5 0
  3.4425 14 - 1
    0.8375 1 11
  3.482 6 - 2
    2.01238 0.5 3
    2.56325 0.5 1
  3.56 8 + 2
    2.09038 0.5 3
    2.64125 0.5 1
  3.5948 0 - 1
    0.1523 1 33
  3.598 10 - 2
    1.54037 0.5 5
    2.12838 0.5 3
  3.6316 16 + 1
    0.4892 1 25
  3.686 6 - 2
    2.21638 0.5 3
    2.76725 0.5 1
  3.7249 2 + 2
    2.25528 0.5 3
    2.80615 0.5 1
  3.776 0 + 2
    2.85725 0.5 1
    3.776 0.5 0
  3.84 4 - 2
    0.78069 0.5 24
    1.3323 0.5 10
  3.884 6 - 2
    2.41438 0.5 3
    2.96525 0.5 1
  3.897 8 + 2
    2.42738 0.5 3
    2.97825 0.5 1
  3.9618 4 + 3
    1.90417 0.124 5
    2.49218 0.7752 3
    2.66161 0.1008 2
  4.0022 2 - 1
    4.0022 1 0
  4.0524 6 - 1
    4.0524 1 0
  4.081 6 - 2
    2.61138 0.5 3
    3.16225 0.5 1
  4.0985 4 + 1
    4.0985 1 0
  4.149 14 - 2
    1.204 0.5 21
    1.544 0.5 11
  4.1988 2 + 2
    2.52739 0.6667 4
    2.89861 0.3333 2
  4.2242 8 + 2
    0.6294 0.5 36
    0.7817 0.5 33
  4.2376 10 - 2
    2.56619 0.5556 4
    3.31885 0.4444 1
  4.34 8 + 2
    2.87038 0.5 3
    3.42125 0.5 1
  4.3698 4 - 2
    0.1456 0.2424 52
    0.9273 0.7576 33
  4.4793 20 + 1
    0.8477 1 38
  4.6379 2 - 2
    2.96649 0.5556 4
    3.71915 0.4444 1
  4.6698 12 + 2
    2.99839 0.5882 4
    3.75105 0.4118 1
  4.8124 24 + 1
    0.3331 1 56
  5.4909 22 + 1
    1.0116 1 56
  5.8045 24 + 1
    0.3136 1 60
  6.0068 26 + 2
    0.2023 0.536 61
    1.1944 0.464 59
  6.3717 28 - 1
    0.3649 1 62
  7.055 30 - 1
    0.6833 1 63
  7.7918 32 - 1
    0.7368 1 64
  8.9806 4 - 1
    1.1888 1 65

40 95 83
  0 5 + 0
  0.95397 1 + 1
    0.95397 1 0
  1.14 5 + 2
    0.18603 0.5 1
    1.14 0.5 0
  1.3238 3 + 1
    1.3238 1 0
  1.61835 3 + 1
    1.61835 1 0
  1.6247 7 + 2
    0.00635 0.5 4
    0.3009 0.5 3
  1.67632 7 + 1
    1.67632 1 0
  1.7215 5 + 2
    0.3977 0.4778 3
    1.7215 0.5222 0
  1.7922 9 + 2
    0.11588 0.905118 6
    1.7922 0.094882 0
  1.89266 3 + 2
    0.56886 0.2371 3
    1.89266 0.7629 0
  1.90397 3 + 2
    0.58017 0.4088 3
    1.90397 0.5912 0
  1.94024 3 - 1
    1.94024 1 0
  1.95592 5 + 3
    0.63212 0.2947 3
    1.00195 0.2383 1
    1.95592 0.467 0
  2.0216 11 - 1
    0.2294 1 8
  2.12 1 - 2
    0.50165 0.5 4
    0.7962 0.5 3
  2.25 9 + 2
    1.11 0.5 2
    2.25 0.5 0
  2.2537 3 - 1
    2.2537 1 0
  2.2937 5 + 2
    1.33973 0.5 1
    2.2937 0.5 0
  2.317 3 + 2
    0.69865 0.5 4
    0.9932 0.5 3
  2.37227 3 + 4
    0.43203 0.4314 11
    1.04847 0.2413 3
    1.4183 0.1163 1
    2.37227 0.211 0
  2.466 7 + 2
    0.84765 0.5 4
    1.1422 0.5 3
  2.51 3 + 2
    0.89165 0.5 4
    1.1862 0.5 3
  2.6291 11 + 2
    0.6075 0.5714 13
    0.8369 0.4286 8
  2.636 3 + 2
    1.01765 0.5 4
    1.3122 0.5 3
  2.744 7 + 2
    1.12565 0.5 4
    1.4202 0.5 3
  2.77 7 + 2
    1.15165 0.5 4
    1.4462 0.5 3
  2.816 1 - 2
    1.19765 0.5 4
    1.4922 0.5 3
  2.8372 13 + 3
    0.2081 0.492251 22
    0.8156 0.253875 13
    1.045 0.253875 8
  2.841 3 + 2
    1.22265 0.5 4
    1.5172 0.5 3
  2.88 9 - 2
    1.20368 0.5 6
    1.2553 0.5 5
  2.948 5 - 2
    1.32965 0.5 4
    1.6242 0.5 3
  2.983 1 - 2
    1.36465 0.5 4
    1.6592 0.5 3
  3.009 3 + 2
    1.39065 0.5 4
    1.6852 0.5 3
  3.062 5 - 2
    1.44365 0.5 4
    1.7382 0.5 3
  3.0782 15 - 2
    0.241 0.6155 27
    1.0566 0.3845 13
  3.102 9 + 2
    1.962 0.5 2
    3.102 0.5 0
  3.117 11 - 2
    1.0954 0.5 13
    1.3248 0.5 8
  3.12352 7 - 1
    3.12352 1 0
  3.12955 5 - 7
    1.17363 0.061548 12
    1.22558 0.00899 10
    1.40805 0.01314 7
    1.5112 0.027659 4
    1.80575 0.138996 3
    2.17558 0.691579 1
    3.12955 0.058088 0
  3.152 7 - 2
    2.012 0.5 2
    3.152 0.5 0
  3.1807 15 - 1
    1.1591 1 13
  3.205 1 - 2
    1.58665 0.5 4
    1.8812 0.5 3
  3.2491 3 - 7
    1.29318 0.069934 12
    1.30886 0.039537 11
    1.35644 0.145988 9
    1.5276 0.014899 7
    1.9253 0.170286 3
    2.29513 0.303976 1
    3.2491 0.25538 0
  3.275 9 + 2
    2.135 0.5 2
    3.275 0.5 0
  3.3 1 + 2
    2.34603 0.5 1
    3.3 0.5 0
  3.32 9 + 2
    2.18 0.5 2
    3.32 0.5 0
  3.33 11 - 2
    1.3084 0.5 13
    1.5378 0.5 8
  3.386 5 - 2
    1.76765 0.5 4
    2.0622 0.5 3
  3.3987 17 + 1
    0.5615 1 27
  3.42 7 - 2
    2.28 0.5 2
    3.42 0.5 0
  3.45115 5 - 4
    1.8328 0.139196 4
    2.12735 0.097427 3
    2.49718 0.067498 1
    3.45115 0.695879 0
  3.458 7 - 2
    2.318 0.5 2
    3.458 0.5 0
  3.528 5 - 2
    1.90965 0.5 4
    2.2042 0.5 3
  3.57583 3 - 6
    1.63559 0.01729 11
    1.68317 0.03889 9
    1.85433 0.03025 7
    2.25203 0.01815 3
    2.62186 0.03111 1
    3.57583 0.864309 0
  3.5863 13 - 5
    1.21403 0.008115 19
    1.63038 0.01713 12
    1.68233 0.054101 10
    1.96795 0.01894 4
    2.63233 0.901713 1
  3.65 9 + 2
    2.51 0.5 2
    3.65 0.5 0
  3.662 11 - 2
    1.6404 0.5 13
    1.8698 0.5 8
  3.68489 5 - 3
    0.55534 0.806484 38
    2.73092 0.153197 1
    3.68489 0.040319 0
  3.78 7 - 2
    2.64 0.5 2
    3.78 0.5 0
  3.81 1 - 2
    2.19165 0.5 4
    2.4862 0.5 3
  3.855 5 - 2
    2.23665 0.5 4
    2.5312 0.5 3
  3.887 7 - 1
    3.887 1 0
  3.9 1 + 2
    2.94603 0.5 1
    3.9 0.5 0
  3.9261 1 + 1
    3.9261 1 0
  3.955 19 - 3
    0.5563 0.4587 48
    0.7743 0.2478 40
    0.8768 0.2935 34
  4.058 21 + 1
    0.103 1 64
  4.068 5 - 2
    2.44965 0.5 4
    2.7442 0.5 3
  4.0705 3 - 2
    2.7467 0.7634 3
    4.0705 0.2366 0
  4.2361 9 + 1
    0.1781 1 65
  4.3 7 - 2
    3.16 0.5 2
    4.3 0.5 0
  4.4835 23 + 1
    0.4255 1 65
  4.58 5 - 2
    2.96165 0.5 4
    3.2562 0.5 3
  4.6616 25 + 3
    0.1781 0.209317 70
    0.4255 0.071726 68
    0.6036 0.718958 65
  4.9323 7 - 1
    0.2707 1 72
  5.3893 25 + 1
    0.7277 1 72
  5.6607 27 + 1
    0.2714 1 74
  6.4648 1 + 4
    4.1711 0.1579 17
    4.84645 0.1203 4
    5.141 0.3759 3
    5.51083 0.3459 1
  6.4868 5 - 6
    4.1931 0.091528 17
    4.53088 0.038139 12
    4.86845 0.072079 4
    5.163 0.035469 3
    5.53283 0.381392 1
    6.4868 0.381392 0
  6.5618 31 + 1
    0.9011 1 75
  14.98 1 - 2
    13.3617 0.5 4
    13.6562 0.5 3
  15.64 3 - 2
    14.686 0.5 1
    15.64 0.5 0
  15.79 5 - 2
    14.1717 0.5 4
    14.4662 0.5 3
  17 3 - 2
    16.046 0.5 1
    17 0.5 0

40 96 136
  0 0 + 0
  1.58164 0 + 1
    1.58164 1 0
  1.7505 4 + 1
    1.7505 1 0
  1.89716 6 - 2
    0.14666 0.8452 2
    1.89716 0.1548 0
  2.22585 4 + 4
    0.32869 0.070509 3
    0.47535 0.286997 2
    0.64421 0.140799 1
    2.22585 0.501695 0
  2.43875 6 + 1
    0.68825 1 2
  2.66882 4 + 3
    0.44297 0.04549 4
    0.77166 0.247402 3
    0.91832 0.707107 2
  2.69518 0 + 1
    0.46933 1 4
  2.75 8 + 2
    0.85284 0.5 3
    0.9995 0.5 2
  2.7812 8 + 1
    0.88404 1 3
  2.85737 8 + 3
    0.63152 0.154615 4
    0.96021 0.110211 3
    1.10687 0.735174 2
  2.92555 0 + 2
    0.6997 0.286 4
    1.17505 0.714 2
  3.039 6 - 2
    1.14184 0.5 3
    1.2885 0.5 2
  3.08236 8 + 5
    0.22499 0.08115 10
    0.64361 0.05291 5
    0.85651 0.0469 4
    1.1852 0.7439 3
    1.33186 0.07514 2
  3.11987 10 - 1
    1.22271 1 3
  3.15028 6 - 2
    0.71153 0.6025 5
    1.25312 0.3975 3
  3.17643 8 + 2
    1.27927 0.95511 3
    1.42593 0.04489 2
  3.21184 4 + 3
    1.31468 0.458746 3
    1.46134 0.247725 2
    3.21184 0.293529 0
  3.24361 6 - 2
    0.57479 0.5002 6
    1.01776 0.4998 4
  3.24863 4 + 2
    1.02278 0.1804 4
    3.24863 0.8196 0
  3.30919 10 + 3
    0.13276 0.39956 16
    0.18932 0.116488 14
    0.22683 0.483952 13
  3.3633 2 - 1
    0.92455 1 5
  3.399 8 + 2
    1.50184 0.5 3
    1.6485 0.5 2
  3.427 8 + 2
    1.52984 0.5 3
    1.6765 0.5 2
  3.44872 4 + 2
    0.7799 0.5717 6
    1.55156 0.4283 3
  3.45016 4 + 3
    0.78134 0.581677 6
    1.22431 0.069737 4
    1.69966 0.348586 2
  3.457 12 + 2
    0.6758 0.5 9
    0.707 0.5 8
  3.47214 4 + 1
    3.47214 1 0
  3.48344 12 + 4
    0.17425 0.085876 20
    0.36357 0.876656 14
    0.40108 0.010309 13
    0.62607 0.027159 10
  3.50916 4 + 3
    1.28331 0.2201 4
    1.612 0.6666 3
    1.75866 0.1133 2
  3.55618 4 + 1
    3.55618 1 0
  3.57762 10 + 1
    1.13887 1 5
  3.586 8 - 2
    0.27681 0.5 20
    1.14725 0.5 5
  3.60217 2 + 1
    3.60217 1 0
  3.608 12 + 2
    0.8268 0.5 9
    0.858 0.5 8
  3.611 2 - 2
    2.02936 0.5 1
    3.611 0.5 0
  3.62073 4 + 1
    3.62073 1 0
  3.63 12 + 2
    0.8488 0.5 9
    0.88 0.5 8
  3.676 2 - 2
    2.09436 0.5 1
    3.676 0.5 0
  3.695 6 - 2
    1.79784 0.5 3
    1.9445 0.5 2
  3.70068 2 - 1
    3.70068 1 0
  3.732 6 - 2
    1.83484 0.5 3
    1.9815 0.5 2
  3.74938 8 + 1
    1.85222 1 3
  3.761 4 + 2
    2.17936 0.5 1
    3.761 0.5 0
  3.7722 12 + 5
    0.28876 0.014149 28
    0.46301 0.00706 20
    0.65233 0.023429 14
    0.68984 0.018199 13
    0.91483 0.937162 10
  3.833 8 + 2
    1.93584 0.5 3
    2.0825 0.5 2
  3.85748 4 + 1
    3.85748 1 0
  3.86516 2 - 1
    1.42641 1 5
  3.895 8 + 2
    1.99784 0.5 3
    2.1445 0.5 2
  3.9246 6 - 1
    0.80473 1 14
  3.94719 2 - 1
    3.94719 1 0
  3.997 4 + 2
    2.41536 0.5 1
    3.997 0.5 0
  4.01407 10 - 1
    0.8942 1 14
  4.0245 6 - 1
    2.274 1 2
  4.034 6 - 2
    2.13684 0.5 3
    2.2835 0.5 2
  4.03789 2 - 1
    4.03789 1 0
  4.0465 2 - 2
    2.46486 0.5 1
    4.0465 0.5 0
  4.055 4 + 2
    2.47336 0.5 1
    4.055 0.5 0
  4.068 2 - 2
    2.48636 0.5 1
    4.068 0.5 0
  4.1263 8 + 1
    1.00643 1 14
  4.1324 6 - 1
    4.1324 1 0
  4.139 6 - 2
    2.24184 0.5 3
    2.3885 0.5 2
  4.16 10 - 2
    1.41 0.5 8
    2.26284 0.5 3
  4.205 8 + 2
    2.30784 0.5 3
    2.4545 0.5 2
  4.2347 14 - 2
    0.75126 0.2857 28
    1.11483 0.7143 14
  4.258 6 - 1
    1.33245 1 11
  4.2613 2 - 3
    0.4891 0.408659 44
    0.77786 0.480752 28
    1.17894 0.110589 13
  4.323 6 - 2
    2.42584 0.5 3
    2.5725 0.5 2
  4.341 4 + 2
    2.75936 0.5 1
    4.341 0.5 0
  4.3895 16 + 3
    0.1548 0.005986 64
    0.6173 0.72691 44
    0.90606 0.267104 28
  4.41 8 + 2
    2.51284 0.5 3
    2.6595 0.5 2
  4.43 12 + 2
    1.6488 0.5 9
    1.68 0.5 8
  4.47 10 - 2
    1.72 0.5 8
    2.57284 0.5 3
  4.479 8 + 2
    2.58184 0.5 3
    2.7285 0.5 2
  4.5125 2 - 1
    4.5125 1 0
  4.52 8 + 2
    2.62284 0.5 3
    2.7695 0.5 2
  4.531 6 - 2
    2.63384 0.5 3
    2.7805 0.5 2
  4.5701 10 - 2
    0.3354 0.375 64
    1.71273 0.625 10
  4.58 8 + 2
    2.68284 0.5 3
    2.8295 0.5 2
  4.64 2 - 2
    3.05836 0.5 1
    4.64 0.5 0
  4.6897 4 - 1
    0.455001 1 64
  4.698 4 + 2
    3.11636 0.5 1
    4.698 0.5 0
  4.7375 6 - 1
    4.7375 1 0
  4.7515 0 - 1
    0.9793 1 44
  4.7572 2 - 1
    0.5225 1 64
  4.807 6 - 2
    2.90984 0.5 3
    3.0565 0.5 2
  4.83775 10 - 6
    1.62591 0.264689 17
    1.9122 0.093576 11
    2.94059 0.157794 3
    3.08725 0.120295 2
    3.25611 0.096256 1
    4.83775 0.267389 0
  4.8454 4 - 1
    0.7191 1 59
  4.8819 2 - 1
    1.95635 1 11
  4.8952 6 - 1
    4.8952 1 0
  4.9069 20 + 1
    0.5174 1 69
  4.9141 14 - 1
    4.9141 1 0
  4.9291 4 - 1
    4.9291 1 0
  4.979 0 - 2
    0.289299 0.5 80
    1.37683 0.5 33
  5.014 6 - 2
    3.11684 0.5 3
    3.2635 0.5 2
  5.065 2 - 2
    3.48336 0.5 1
    5.065 0.5 0
  5.0662 10 - 4
    0.3147 0.162795 83
    0.6767 0.092927 69
    0.8049 0.32569 66
    1.58276 0.418587 28
  5.103 4 - 2
    1.517 0.5 32
    2.66425 0.5 5
  5.1178 6 + 1
    0.7283 1 69
  5.1969 2 - 1
    3.61526 1 1
  5.2285 4 + 1
    5.2285 1 0
  5.2353 6 - 2
    0.8458 0.5848 69
    1.4631 0.4152 44
  5.245 10 + 2
    1.93581 0.5 20
    2.80625 0.5 5
  5.272 0 - 1
    5.272 1 0
  5.3125 2 + 1
    3.73086 1 1
  5.329 8 + 2
    3.43184 0.5 3
    3.5785 0.5 2
  5.371 8 + 2
    3.47384 0.5 3
    3.6205 0.5 2
  5.384 4 - 2
    1.798 0.5 32
    2.94525 0.5 5
  5.4083 6 - 1
    3.82666 1 1
  5.4431 4 - 2
    3.86146 0.7353 1
    5.4431 0.2647 0
  5.4838 20 + 1
    1.0943 1 69
  5.5022 2 - 1
    5.5022 1 0
  5.5076 6 + 7
    0.4414 0.066503 96
    0.6007 0.081283 90
    0.7504 0.081283 84
    0.7561 0.179807 83
    1.1181 0.24631 69
    1.2463 0.147806 66
    1.7354 0.197008 44
  5.5389 4 - 1
    5.5389 1 0
  5.5516 10 + 1
    5.5516 1 0
  5.5739 2 - 2
    3.99226 0.422 1
    5.5739 0.578 0
  5.6015 6 + 1
    5.6015 1 0
  5.6259 0 - 1
    4.04426 1 1
  5.6289 4 + 1
    1.2394 1 69
  5.6529 14 - 1
    4.07126 1 1
  5.7013 2 + 1
    4.11966 1 1
  5.7191 6 - 1
    5.7191 1 0
  5.7377 22 + 1
    0.8308 1 90
  5.7415 4 - 1
    4.15986 1 1
  5.7831 10 + 1
    5.7831 1 0
  5.8045 6 - 1
    5.8045 1 0
  5.8383 2 + 1
    5.8383 1 0
  5.8475 4 - 1
    5.8475 1 0
  5.8998 8 + 1
    1.5103 1 69
  5.9147 0 - 3
    4.1642 0.462972 2
    4.33306 0.087955 1
    5.9147 0.449073 0
  5.9346 6 + 1
    5.9346 1 0
  6.1436 4 - 2
    4.56196 0.375 1
    6.1436 0.625 0
  6.2316 2 + 1
    6.2316 1 0
  6.2457 24 + 1
    0.508 1 122
  6.4605 26 + 1
    0.2148 1 133
  6.8213 28 + 1
    0.3608 1 134

40 97 52
  0 1 + 0
  1.10313 3 + 1
    1.10313 1 0
  1.26435 7 + 2
    0.16122 0.969129 1
    1.26435 0.030871 0
  1.40002 5 + 3
    0.13567 0.006359 2
    0.29689 0.198708 1
    1.40002 0.794933 0
  1.80691 7 - 2
    0.40689 0.8546 3
    0.54256 0.1454 2
  1.848 9 - 1
    0.58365 1 2
  1.85914 11 - 2
    0.59479 0.2647 2
    0.75601 0.7353 1
  1.99641 5 + 3
    0.1895 0.039439 4
    0.59639 0.079278 3
    1.99641 0.881282 0
  2.0576 5 + 2
    0.95447 0.4288 1
    2.0576 0.5712 0
  2.23436 7 + 5
    0.37522 0.082769 6
    0.42745 0.01571 4
    0.83434 0.00697 3
    0.97001 0.871891 2
    1.13123 0.02266 1
  2.26363 11 - 2
    0.45672 0.3949 4
    0.99928 0.6051 2
  2.338 3 - 2
    0.93798 0.6667 3
    1.07365 0.3333 2
  2.50855 13 - 3
    0.27419 0.01221 9
    0.70164 0.048828 4
    1.2442 0.938962 2
  2.5928 1 - 2
    0.2548 0.090909 11
    1.19278 0.909091 3
  2.6249 3 + 1
    0.36127 1 10
  2.626 7 + 2
    0.76686 0.1803 6
    1.52287 0.8197 1
  2.629 9 - 2
    0.781 0.5 5
    1.36465 0.5 2
  2.74298 5 - 2
    1.63985 0.1135 1
    2.74298 0.8865 0
  2.8137 3 + 1
    1.54935 1 2
  2.83 1 - 2
    0.2372 0.5 13
    1.72687 0.5 1
  2.839 9 + 3
    0.97986 0.181818 6
    1.43898 0.454545 3
    1.57465 0.363636 2
  2.87 5 - 1
    1.60565 1 2
  3.014 3 + 2
    1.74965 0.5 2
    1.91087 0.5 1
  3.0262 15 - 1
    1.21929 1 4
  3.0816 7 + 2
    0.4567 0.3902 14
    0.81797 0.6098 10
  3.1354 5 - 1
    1.32849 1 4
  3.1455 1 + 1
    0.88187 1 10
  3.16 3 - 2
    1.75998 0.5 3
    3.16 0.5 0
  3.16124 9 + 4
    0.65269 0.054472 12
    1.3021 0.33461 6
    1.35433 0.221807 4
    1.89689 0.389112 2
  3.1846 5 - 1
    0.92097 1 10
  3.28764 3 - 5
    0.54466 0.033022 17
    1.29123 0.211313 7
    1.4285 0.026412 6
    1.88762 0.068014 3
    3.28764 0.66124 0
  3.4015 3 - 2
    1.3439 0.060091 8
    3.4015 0.939909 0
  3.41334 7 + 1
    2.3102 1 1
  3.42447 11 + 4
    1.16084 0.155195 10
    1.19011 0.229893 9
    1.61756 0.040229 4
    2.16012 0.574683 2
  3.4694 5 + 2
    0.96085 0.8 12
    1.20577 0.2 10
  3.5496 1 - 1
    3.5496 1 0
  3.652 7 + 2
    2.38765 0.5 2
    2.54887 0.5 1
  3.731 9 - 2
    1.883 0.5 5
    2.46665 0.5 2
  3.7804 13 + 1
    0.6988 1 24
  3.8747 5 - 1
    0.7292 1 26
  3.9628 17 + 3
    1.3368 0.183518 15
    1.37 0.183518 13
    1.72844 0.632963 9
  4.0464 7 + 4
    1.53785 0.053328 12
    1.7084 0.166695 11
    1.81204 0.113297 9
    2.94327 0.66668 1
  4.1178 3 - 4
    1.4929 0.1174 14
    1.525 0.1784 13
    1.85417 0.4695 10
    2.31089 0.2347 4
  4.586 1 - 2
    1.9932 0.5 13
    3.48287 0.5 1
  4.6205 23 - 1
    0.8401 1 38
  4.6896 5 + 1
    0.8149 1 39
  5.5701 25 - 1
    0.9496 1 44
  5.6066 27 - 1
    0.9861 1 44
  6.5969 27 + 2
    0.9903 0.4012 47
    1.0268 0.5988 46
  6.7637 29 - 1
    1.1571 1 47
  7.1285 31 + 2
    0.3648 0.5713 49
    0.5316 0.4287 48
  7.2959 33 + 1
    0.1674 1 50

40 98 59
  0 0 + 0
  0.85402 0 + 1
    0.85402 1 0
  1.22292 4 + 2
    0.3689 0.01591 1
    1.22292 0.98409 0
  1.43608 0 + 1
    0.21316 1 2
  1.59067 4 + 4
    0.15459 0.020569 3
    0.36775 0.049938 2
    0.73665 0.092226 1
    1.59067 0.837266 0
  1.74419 4 + 4
    0.15352 0.025312 4
    0.52127 0.157214 2
    0.89017 0.136312 1
    1.74419 0.681161 0
  1.8062 6 - 2
    0.21553 0.1042 4
    0.58328 0.8958 2
  1.84345 8 + 2
    0.25278 0.058562 4
    0.62053 0.941438 2
  1.85926 0 + 2
    0.26859 0.8512 4
    0.63634 0.1488 2
  2.0476 8 + 4
    0.20415 0.125813 7
    0.2414 0.558056 6
    0.45693 0.116812 4
    0.82468 0.19932 2
  2.104 2 - 2
    1.24998 0.5 1
    2.104 0.5 0
  2.2769 8 + 3
    0.43345 0.1866 7
    0.68623 0.4423 4
    1.05398 0.3711 2
  2.4788 6 - 3
    0.6726 0.142886 6
    0.73461 0.714229 5
    0.88813 0.142886 4
  2.487 10 - 2
    0.64355 0.5 7
    0.6808 0.5 6
  2.49102 12 + 2
    0.64757 0.98718 7
    1.2681 0.01282 2
  2.568 2 - 2
    1.71398 0.5 1
    2.568 0.5 0
  2.613 6 - 2
    1.02233 0.5 4
    1.39008 0.5 2
  2.7967 2 - 2
    0.93744 0.4152 8
    0.9905 0.5848 6
  2.8004 10 - 3
    0.7528 0.518152 9
    0.95695 0.259026 7
    0.9942 0.222822 6
  3.035 4 - 1
    3.035 1 0
  3.0643 6 - 3
    1.0167 0.222222 9
    1.22085 0.333333 7
    1.2581 0.444444 6
  3.0909 14 - 1
    3.0909 1 0
  3.1174 12 + 2
    0.8405 0.5 11
    1.27395 0.5 7
  3.16 4 - 1
    0.125 1 19
  3.2167 16 + 1
    0.72568 1 14
  3.249 2 - 1
    0.4486 1 18
  3.271 8 + 2
    1.68033 0.5 4
    2.04808 0.5 2
  3.3383 6 - 2
    0.84728 0.6667 14
    1.49485 0.3333 7
  3.354 10 - 2
    1.51055 0.5 7
    1.5478 0.5 6
  3.435 4 + 2
    2.58098 0.5 1
    3.435 0.5 0
  3.5069 2 + 1
    1.76271 1 5
  3.539 6 - 2
    1.94833 0.5 4
    2.31608 0.5 2
  3.5764 4 + 2
    0.5121 0.3333 20
    0.776 0.6667 18
  3.5927 14 - 1
    0.7923 1 18
  3.739 8 + 2
    2.14833 0.5 4
    2.51608 0.5 2
  3.763 6 - 2
    2.17233 0.5 4
    2.54008 0.5 2
  3.8126 16 + 2
    0.6952 0.2756 22
    1.32158 0.7244 14
  3.825 2 - 2
    2.97098 0.5 1
    3.825 0.5 0
  3.855 4 + 2
    3.00098 0.5 1
    3.855 0.5 0
  3.8944 14 - 1
    0.6777 1 24
  3.9865 20 + 1
    0.7698 1 24
  4.005 6 - 2
    2.41433 0.5 4
    2.78208 0.5 2
  4.061 12 + 2
    2.0134 0.5 9
    2.21755 0.5 7
  4.097 8 - 2
    0.937 0.5 23
    1.062 0.5 19
  4.1646 2 - 6
    2.30534 0.094673 8
    2.42041 0.157789 5
    2.57393 0.090164 4
    2.72852 0.012619 3
    2.94168 0.450868 2
    3.31058 0.193886 1
  4.1988 4 + 1
    0.6224 1 32
  4.225 12 + 2
    2.1774 0.5 9
    2.38155 0.5 7
  4.2781 6 - 1
    1.78708 1 14
  4.2922 10 + 5
    0.699501 0.033739 33
    1.1748 0.092018 22
    1.4918 0.069019 18
    1.80118 0.766885 14
    2.0153 0.038339 11
  4.365 4 - 2
    1.205 0.5 23
    1.33 0.5 19
  4.387 8 + 2
    2.79633 0.5 4
    3.16408 0.5 2
  4.45 14 - 2
    1.95898 0.5 14
    1.963 0.5 13
  4.4984 2 - 2
    3.27548 0.3548 2
    4.4984 0.6452 0
  4.5462 6 + 1
    0.253999 1 48
  4.608 4 + 2
    3.75398 0.5 1
    4.608 0.5 0
  4.7564 24 + 1
    0.7699 1 40
  4.8235 24 + 1
    0.837 1 40
  5.5916 28 + 1
    0.8352 1 55
  6.5436 32 + 1
    0.952001 1 57

40 99 74
  0 1 + 0
  0.12174 3 + 1
    0.12174 1 0
  0.25196 7 + 1
    0.13022 1 1
  0.57569 3 + 3
    0.32373 0.02579 2
    0.45395 0.354104 1
    0.57569 0.620106 0
  0.61414 3 - 1
    0.61414 1 0
  0.6579 3 + 4
    0.08221 0.056619 3
    0.40594 0.145797 2
    0.53616 0.771385 1
    0.6579 0.026199 0
  0.66748 5 - 4
    0.05334 0.579983 4
    0.09179 0.162395 3
    0.41552 0.186694 2
    0.54574 0.070928 1
  0.67855 7 - 2
    0.06441 0.6515 4
    0.42659 0.3485 2
  0.7245 5 + 5
    0.0666 0.01617 5
    0.14881 0.007027 3
    0.47254 0.0337 2
    0.60276 0.283701 1
    0.7245 0.659402 0
  0.76168 3 + 4
    0.18599 0.074564 3
    0.50972 0.060993 2
    0.63994 0.691635 1
    0.76168 0.172809 0
  0.78224 3 + 2
    0.6605 0.075818 1
    0.78224 0.924181 0
  0.82163 11 - 1
    0.14308 1 7
  0.85049 5 + 2
    0.19259 0.7563 5
    0.2748 0.2437 3
  0.85212 5 + 7
    0.09044 0.062376 9
    0.12762 0.023338 8
    0.19422 0.242283 5
    0.23798 0.020149 4
    0.27643 0.208285 3
    0.60016 0.28998 2
    0.73038 0.153589 1
  0.86777 9 - 3
    0.04614 0.538554 11
    0.18922 0.29833 7
    0.20029 0.163116 6
  0.88508 5 + 2
    0.30939 0.2441 3
    0.88508 0.7559 0
  0.95873 7 - 4
    0.23423 0.062191 8
    0.30083 0.061291 5
    0.70677 0.790216 2
    0.83699 0.086302 1
  1.0055 5 + 5
    0.3476 0.091875 5
    0.39136 0.017139 4
    0.42981 0.077026 3
    0.88376 0.295585 1
    1.0055 0.518374 0
  1.0385 9 + 4
    0.18801 0.150015 12
    0.35995 0.246725 7
    0.3806 0.323932 5
    0.78654 0.279328 2
  1.05114 3 - 3
    0.47545 0.061134 3
    0.9294 0.763353 1
    1.05114 0.175512 0
  1.06474 3 + 3
    0.2825 0.058181 10
    0.943 0.249305 1
    1.06474 0.692514 0
  1.06586 7 + 3
    0.21537 0.2147 12
    0.40796 0.6393 5
    0.8139 0.146 2
  1.07909 5 + 7
    0.29685 0.120696 10
    0.31741 0.048179 9
    0.35459 0.070698 8
    0.42119 0.054648 5
    0.82713 0.084297 2
    0.95735 0.351189 1
    1.07909 0.270292 0
  1.0903 13 - 1
    0.26867 1 11
  1.14648 1 + 4
    0.2614 0.177 15
    0.42198 0.1378 8
    0.57079 0.4897 3
    1.02474 0.1955 1
  1.1542 5 - 1
    0.39252 1 9
  1.23032 3 + 3
    0.44808 0.152 10
    0.57242 0.4741 5
    1.10858 0.3739 1
  1.2366 15 - 1
    0.41497 1 11
  1.2559 11 + 1
    1.00394 1 2
  1.2772 3 - 1
    0.6193 1 5
  1.2795 13 - 2
    0.41173 0.7254 14
    0.45787 0.2746 11
  1.3228 9 + 2
    0.25694 0.3616 21
    0.47231 0.6384 12
  1.3267 7 + 1
    0.47621 1 12
  1.43308 1 - 4
    0.6714 0.2675 9
    0.85739 0.1624 3
    1.18112 0.2516 2
    1.31134 0.3185 1
  1.4449 9 - 1
    0.83076 1 4
  1.5074 13 + 2
    0.2515 0.7377 28
    0.4689 0.2623 18
  1.5855 11 + 2
    0.2627 0.2329 31
    0.51964 0.7671 21
  1.58782 7 - 4
    0.70274 0.063895 15
    0.80558 0.040177 10
    0.92992 0.237181 5
    1.01213 0.658747 3
  1.6703 1 - 1
    1.54856 1 1
  1.69961 7 - 2
    0.93793 0.2908 9
    1.04171 0.7092 5
  1.71609 9 - 3
    0.8656 0.2754 12
    0.95441 0.4831 9
    1.59435 0.2415 1
  1.7907 15 + 2
    0.2833 0.5905 35
    0.5348 0.4095 28
  1.8026 19 - 1
    0.566 1 27
  1.8343 1 - 3
    1.07262 0.272189 9
    1.22016 0.094936 4
    1.8343 0.632875 0
  1.8835 17 - 1
    0.604 1 30
  1.8928 13 + 1
    0.57 1 31
  1.9251 5 - 1
    1.07461 1 12
  2.0792 7 - 3
    1.31752 0.1266 9
    1.4213 0.2405 5
    1.95746 0.6329 1
  2.1046 17 + 2
    0.3139 0.8629 41
    0.5972 0.1371 35
  2.2097 15 + 1
    0.6242 1 36
  2.2969 5 - 3
    1.5724 0.3861 8
    1.62942 0.3166 6
    1.72121 0.2973 3
  2.40068 9 - 6
    0.9676 0.155805 33
    1.54856 0.043481 13
    1.639 0.076092 9
    1.7332 0.094203 6
    1.74278 0.362311 5
    1.78654 0.268108 4
  2.4471 19 + 2
    0.3425 0.5 48
    0.6564 0.5 41
  2.4485 7 - 8
    1.39736 0.073676 19
    1.59638 0.105294 13
    1.59801 0.031578 12
    1.66626 0.238586 10
    1.724 0.091225 8
    1.7906 0.350879 5
    1.83436 0.028068 4
    1.87281 0.080695 3
  2.4842 5 - 1
    1.87006 1 4
  2.5167 23 - 1
    0.7141 1 42
  2.5568 17 + 1
    0.664 1 45
  2.6575 21 - 1
    0.774 1 44
  2.8169 21 + 2
    0.3698 0.5 52
    0.7123 0.5 48
  2.9357 19 + 1
    0.726 1 49
  3.2151 23 + 1
    0.768 1 52
  3.3018 21 + 1
    0.745 1 56
  3.3607 27 - 1
    0.844 1 55
  3.5835 25 - 1
    0.926 1 57
  3.6389 25 + 1
    0.822 1 58
  3.7547 23 + 1
    0.819 1 59
  4.0901 27 + 1
    0.875 1 60
  4.1348 25 + 1
    0.833 1 61
  4.3207 31 - 1
    0.96 1 62
  4.6275 29 - 1
    1.044 1 63
  5.0418 29 + 1
    0.907 1 67
  5.3918 35 - 1
    1.0711 1 68
  5.7345 33 - 1
    1.107 1 69
  6.567 39 - 1
    1.1752 1 71

40 100 58
  0 0 + 0
  0.21253 4 + 1
    0.21253 1 0
  0.33113 0 + 1
    0.1186 1 1
  0.564486 8 + 1
    0.351956 1 1
  0.8292 0 + 1
    0.61667 1 1
  0.87857 4 + 4
    0.314084 0.005058 3
    0.54744 0.149406 2
    0.66604 0.552823 1
    0.87857 0.292712 0
  1.06163 12 + 1
    0.497144 1 3
  1.19616 4 + 5
    0.31759 0.01812 5
    0.631674 0.095462 3
    0.86503 0.289606 2
    0.98363 0.151503 1
    1.19616 0.445309 0
  1.29485 6 + 2
    0.41628 0.090909 5
    1.08232 0.909091 1
  1.39793 2 - 2
    0.833444 0.1379 3
    1.1854 0.8621 1
  1.41462 8 + 4
    0.35299 0.033087 6
    0.53605 0.363167 5
    0.850134 0.503155 3
    1.20209 0.100591 1
  1.44143 6 - 3
    1.1103 0.3598 2
    1.2289 0.5291 1
    1.44143 0.1111 0
  1.6872 16 + 1
    0.62557 1 6
  1.80759 10 - 6
    0.51274 0.031447 8
    0.61143 0.088041 7
    0.97839 0.125787 4
    1.47646 0.229577 2
    1.59506 0.314469 1
    1.80759 0.210679 0
  1.85591 12 + 2
    0.44129 0.8205 10
    1.29142 0.1795 3
  1.91109 2 - 3
    0.49647 0.2307 10
    1.3466 0.744 3
    1.69856 0.0253 1
  1.93813 6 - 8
    0.4967 0.057252 11
    0.64328 0.028001 8
    0.74197 0.288309 7
    1.05956 0.417913 5
    1.10893 0.045971 4
    1.607 0.071042 2
    1.7256 0.044711 1
    1.93813 0.046801 0
  1.9616 12 + 3
    0.54698 0.5006 10
    0.89997 0.3846 6
    1.39711 0.1148 3
  2.0031 2 - 1
    1.43861 1 3
  2.07031 4 - 5
    0.67238 0.145494 9
    0.87415 0.177293 7
    1.19174 0.454482 5
    1.50582 0.063637 3
    1.85778 0.159094 1
  2.18292 8 - 2
    0.24479 0.6369 16
    2.18292 0.3631 0
  2.2203 6 - 2
    1.65581 0.8197 3
    2.00777 0.1803 1
  2.25971 12 + 4
    0.4038 0.031603 14
    0.84509 0.550455 10
    1.19808 0.110011 6
    1.69522 0.307931 3
  2.31598 10 - 2
    1.25435 0.5405 6
    1.75149 0.4595 3
  2.34934 4 - 4
    0.90791 0.245195 11
    1.15318 0.197096 7
    1.47077 0.48079 5
    2.13681 0.076918 1
  2.4264 20 + 1
    0.7392 1 12
  2.46731 2 - 2
    0.55622 0.3103 15
    1.40568 0.6897 6
  2.4794 14 + 1
    0.21969 1 22
  2.4963 6 - 1
    1.43467 1 6
  2.52592 8 - 2
    0.56432 0.1453 17
    1.46429 0.8547 6
  2.579 16 + 2
    0.6174 0.3753 17
    0.8918 0.6247 12
  2.69276 4 - 5
    0.75463 0.058331 16
    0.88517 0.148303 13
    1.81419 0.043571 5
    2.48023 0.702714 1
    2.69276 0.047081 0
  2.72735 6 - 3
    0.91976 0.098036 13
    2.39622 0.653574 2
    2.72735 0.24839 0
  2.7298 16 + 2
    0.2504 0.9628 27
    0.47009 0.0372 22
  2.7549 2 - 2
    0.2755 0.961538 27
    0.43892 0.038462 23
  2.77066 4 - 6
    0.83253 0.04302 16
    1.32923 0.01304 11
    1.89209 0.1086 5
    2.43953 0.4346 2
    2.55813 0.02694 1
    2.77066 0.3738 0
  2.84626 8 + 7
    0.90813 0.032873 16
    1.03867 0.043984 13
    1.55141 0.059085 8
    2.01706 0.055094 4
    2.51513 0.444236 2
    2.63373 0.058205 1
    2.84626 0.306525 0
  2.8595 10 - 2
    0.39219 0.2754 26
    1.1723 0.7246 12
  2.93202 6 + 4
    1.63717 0.055437 8
    2.60089 0.527974 2
    2.71949 0.094505 1
    2.93202 0.322084 0
  3.0136 18 + 2
    0.2838 0.8099 33
    0.5342 0.1901 27
  3.0191 20 + 2
    0.4401 0.2658 30
    1.3319 0.7342 12
  3.0222 2 - 1
    0.2673 1 34
  3.06973 4 - 2
    2.24053 0.8475 4
    2.7386 0.1525 2
  3.2681 24 + 1
    0.8417 1 25
  3.3235 6 - 2
    0.3013 0.8929 41
    0.5686 0.1071 34
  3.3283 20 + 2
    0.3147 0.8355 39
    0.5985 0.1645 33
  3.5718 8 - 3
    2.37564 0.092773 7
    3.35927 0.515459 1
    3.5718 0.391769 0
  3.6345 24 + 2
    0.6154 0.1669 40
    1.2081 0.8331 25
  3.6602 4 - 2
    0.3367 0.7519 44
    0.638 0.2481 41
  3.6728 22 + 2
    0.3445 0.7167 45
    0.6592 0.2833 39
  3.9567 2 - 3
    1.18604 0.2059 35
    3.74417 0.3739 1
    3.9567 0.4202 0
  4.0428 24 + 2
    0.37 0.5 49
    0.7145 0.5 45
  4.2047 28 + 1
    0.9366 1 43
  4.2884 6 - 2
    4.07587 0.6944 1
    4.2884 0.3056 0
  4.4402 26 + 2
    0.3974 0.5 51
    0.7674 0.5 49
  5.237 32 + 1
    1.0323 1 52
  6.3711 36 + 1
    1.1341 1 55
  7.6149 40 + 1
    1.2438 1 56

40 101 64
  0 3 + 0
  0.09816 5 + 1
    0.09816 1 0
  0.21667 5 - 2
    0.11851 0.1133 1
    0.21667 0.8867 0
  0.2318 7 + 2
    0.13364 0.6973 1
    0.2318 0.3027 0
  0.32111 7 - 3
    0.08931 0.077191 3
    0.10444 0.561906 2
    0.22295 0.360904 1
  0.40826 9 + 3
    0.08715 0.2099 4
    0.17646 0.3832 3
    0.3101 0.4069 1
  0.46777 9 - 3
    0.14666 0.7035 4
    0.23597 0.1087 3
    0.2511 0.1878 2
  0.61058 11 + 3
    0.14281 0.073091 6
    0.20232 0.217202 5
    0.37878 0.709707 3
  0.61986 11 - 3
    0.15209 0.515384 6
    0.2116 0.034329 5
    0.29875 0.450286 4
  0.67352 3 + 2
    0.57536 0.5265 1
    0.67352 0.4735 0
  0.74401 5 + 4
    0.4229 0.057365 4
    0.52734 0.636843 2
    0.64585 0.089212 1
    0.74401 0.216581 0
  0.75948 3 + 2
    0.66132 0.3244 1
    0.75948 0.6756 0
  0.78666 5 + 5
    0.3784 0.032129 5
    0.55486 0.390584 3
    0.56999 0.075607 2
    0.6885 0.398184 1
    0.78666 0.103496 0
  0.80846 5 + 5
    0.48735 0.359714 4
    0.57666 0.118805 3
    0.59179 0.24091 2
    0.7103 0.061162 1
    0.80846 0.219409 0
  0.82778 7 - 3
    0.59598 0.095518 3
    0.72962 0.636587 1
    0.82778 0.267895 0
  0.84519 7 - 3
    0.37742 0.258826 6
    0.52408 0.289629 4
    0.74703 0.451545 1
  0.8585 13 + 3
    0.23864 0.033319 8
    0.24792 0.302494 7
    0.45024 0.664187 5
  0.8697 13 - 2
    0.24984 0.5151 8
    0.40193 0.4849 6
  0.88037 7 + 3
    0.64857 0.4697 3
    0.78221 0.0798 1
    0.88037 0.4505 0
  0.90249 5 - 3
    0.49423 0.3268 5
    0.67069 0.3761 3
    0.80433 0.2971 1
  0.94181 9 + 7
    0.32195 0.044461 8
    0.33123 0.058412 7
    0.47404 0.252408 6
    0.53355 0.099053 5
    0.6207 0.020451 4
    0.71001 0.34111 3
    0.84365 0.184106 1
  0.95876 5 + 3
    0.72696 0.3761 3
    0.8606 0.2744 1
    0.95876 0.3495 0
  1.0384 9 + 1
    0.94024 1 1
  1.0479 15 - 2
    0.1782 0.2604 17
    0.42804 0.7396 8
  1.0771 11 + 1
    0.75599 1 4
  1.1206 15 + 2
    0.2621 0.3447 16
    0.51002 0.6553 7
  1.1646 11 + 1
    0.22279 1 20
  1.2172 1 - 1
    1.11904 1 1
  1.2979 3 - 2
    1.08123 0.218778 2
    1.2979 0.781222 0
  1.39855 1 - 3
    1.16675 0.1144 3
    1.30039 0.738 1
    1.39855 0.1476 0
  1.4245 13 + 2
    0.2599 0.7065 26
    0.48269 0.2935 20
  1.4322 17 - 2
    0.3843 0.2543 23
    0.5625 0.7457 17
  1.4368 17 + 2
    0.3162 0.1676 25
    0.5783 0.8324 16
  1.5239 3 - 1
    0.90404 1 8
  1.52993 1 - 3
    1.29813 0.460846 3
    1.43177 0.133613 1
    1.52993 0.405541 0
  1.6169 19 - 2
    0.1847 0.2121 31
    0.569 0.7879 23
  1.7201 15 + 2
    0.2956 0.7263 30
    0.5555 0.2737 26
  1.7497 19 + 1
    0.6291 1 25
  1.9422 3 - 1
    0.7776 1 26
  2.02317 7 - 2
    1.92501 0.3007 1
    2.02317 0.6993 0
  2.0514 17 + 2
    0.3313 0.801 36
    0.6269 0.199 30
  2.0829 3 - 2
    1.98474 0.6993 1
    2.0829 0.3007 0
  2.1335 21 + 1
    0.6967 1 32
  2.1521 21 - 2
    0.5352 0.5 35
    0.7199 0.5 31
  2.2672 5 - 1
    0.325 1 38
  2.3294 23 - 1
    0.7125 1 35
  2.4164 1 - 1
    0.365 1 40
  2.4883 23 + 1
    0.7386 1 37
  2.7872 7 - 1
    0.52 1 44
  2.9433 25 + 1
    0.8098 1 42
  3.0229 25 - 1
    0.8708 1 43
  3.1823 27 - 1
    0.8529 1 45
  3.3364 27 + 1
    0.8481 1 47
  3.8584 29 + 1
    0.9151 1 49
  4.0361 29 - 1
    1.0132 1 50
  4.1656 31 - 1
    0.9833 1 51
  4.2934 31 + 1
    0.957 1 52
  4.8764 33 + 1
    1.018 1 53
  5.164 33 - 1
    1.1279 1 54
  5.2558 35 - 1
    1.0902 1 55
  5.3575 35 + 1
    1.0641 1 56
  6.0032 37 + 1
    1.1268 1 57
  6.4113 39 - 1
    1.1555 1 59
  6.5062 39 + 1
    1.1487 1 60

40 102 51
  0 0 + 0
  0.15178 4 + 1
    0.15178 1 0
  0.47828 8 + 1
    0.3265 1 1
  0.89479 0 + 1
    0.74301 1 1
  0.96478 12 + 1
    0.4865 1 2
  1.0363 4 + 2
    0.88452 0.5 1
    1.0363 0.5 0
  1.1595 6 + 1
    1.1595 1 0
  1.21105 4 + 2
    1.05927 0.422 1
    1.21105 0.578 0
  1.2423 6 + 2
    0.76402 0.5 2
    1.09052 0.5 1
  1.3867 8 + 2
    0.90842 0.6994 2
    1.23492 0.3006 1
  1.5381 8 + 1
    1.05982 1 2
  1.5949 16 + 1
    0.63012 1 4
  1.6528 12 + 2
    0.68802 0.2484 4
    1.17452 0.7516 2
  1.6618 10 - 2
    0.69702 0.8131 4
    1.18352 0.1869 2
  1.7933 2 - 2
    0.551 0.051228 8
    0.757 0.948772 5
  1.8211 8 - 3
    0.283 0.534237 10
    0.5788 0.446631 8
    1.34282 0.019131 2
  1.8225 2 - 1
    0.5802 1 8
  1.8294 12 + 1
    0.86462 1 4
  1.9207 6 - 1
    1.44242 1 2
  1.9326 16 + 1
    0.96782 1 4
  1.9808 10 - 1
    0.1597 1 15
  2.0928 14 - 1
    0.431 1 13
  2.175 12 - 1
    0.1942 1 20
  2.184 16 + 2
    0.5312 0.6459 12
    1.21922 0.3541 4
  2.3515 20 + 1
    0.7566 1 11
  2.3733 16 + 3
    0.5439 0.5031 17
    0.7784 0.236 11
    1.40852 0.2609 4
  2.403 14 - 2
    0.228 0.6998 22
    0.4222 0.3002 20
  2.4658 20 + 2
    0.5332 0.7097 19
    0.8709 0.2903 11
  2.6639 18 - 1
    0.5711 1 21
  2.6658 16 - 2
    0.2628 0.5885 26
    0.4908 0.4115 22
  2.8258 20 + 2
    0.6418 0.7695 23
    1.2309 0.2305 11
  2.9247 14 - 1
    1.95992 1 4
  2.9614 18 - 2
    0.2956 0.4785 29
    0.5584 0.5215 26
  3.0333 20 + 1
    0.66 1 25
  3.1342 24 + 1
    0.6684 1 27
  3.1836 16 - 1
    0.2589 1 31
  3.2123 24 + 1
    0.8608 1 24
  3.293 20 - 2
    0.3316 0.5 32
    0.6291 0.5 28
  3.371 22 - 1
    0.7071 1 28
  3.4758 18 - 2
    0.2922 0.5988 35
    0.5511 0.4012 31
  3.5675 24 + 1
    0.7417 1 30
  3.802 20 - 2
    0.3262 0.8 39
    0.6184 0.2 35
  3.9257 28 + 1
    0.7915 1 34
  4.1534 28 + 1
    0.9411 1 36
  4.1622 22 - 2
    0.3602 0.6667 41
    0.6864 0.3333 39
  4.2052 26 - 1
    0.8342 1 38
  4.8285 32 + 1
    0.9028 1 42
  5.1607 30 - 1
    0.9555 1 45
  5.169 32 + 1
    1.0156 1 43
  6.2671 36 + 1
    1.0981 1 48
  7.4517 40 + 1
    1.1846 1 49

40 103 14
  0 5 - 0
  0.1091 7 - 1
    0.1091 1 0
  0.2565 9 - 2
    0.1474 0.8377 1
    0.2565 0.1623 0
  0.2589 3 + 1
    0.2589 1 0
  0.3571 5 + 2
    0.0982 0.6426 3
    0.248 0.3574 1
  0.428 11 - 2
    0.1715 0.5278 2
    0.3189 0.4722 1
  0.6573 13 - 2
    0.2293 0.4905 5
    0.4008 0.5095 2
  0.8822 15 - 2
    0.2249 0.3751 6
    0.4542 0.6249 5
  1.2117 17 - 2
    0.3295 0.5 7
    0.5544 0.5 6
  1.4733 19 - 2
    0.2616 0.5 8
    0.5911 0.5 7
  1.914 21 - 1
    0.7023 1 8
  2.1965 23 - 1
    0.7232 1 9
  3.0485 27 - 1
    0.852 1 11
  4.028 31 - 1
    0.9795 1 12

40 104 8
  0 0 + 0
  0.1393 4 + 1
    0.1393 1 0
  0.4521 8 + 1
    0.3128 1 1
  0.9258 12 + 1
    0.4737 1 2
  1.5502 16 + 1
    0.6244 1 3
  2.3153 20 + 1
    0.7651 1 4
  3.2097 24 + 1
    0.8944 1 5
  4.2239 28 + 1
    1.0142 1 6

40 105 1
  0 7 + 0

40 106 1
  0 0 + 0

40 107 1
  0 5 + 0

40 108 1
  0 0 + 0

40 109 1
  0 7 - 0

40 110 1
  0 0 + 0

40 111 1
  0 1 - 0

40 112 1
  0 0 + 0

