19 33 1
  0 1 + 0

19 34 1
  0 2 + 0

19 35 14
  0 3 + 0
  1.547 1 + 1
    1.547 1 0
  2.69 5 + 1
    1.143 1 1
  3.776 7 + 1
    3.776 1 0
  4.013 9 + 1
    1.323 1 2
  4.782 3 + 2
    1.006 0.5 3
    4.782 0.5 0
  4.976 5 + 2
    2.286 0.5 2
    3.429 0.5 1
  5.244 1 + 2
    2.554 0.5 2
    3.697 0.5 1
  5.528 11 + 1
    1.752 1 3
  5.705 3 - 2
    3.015 0.5 2
    4.158 0.5 1
  5.859 7 - 2
    1.846 0.5 4
    3.169 0.5 2
  6.084 5 - 2
    2.308 0.5 3
    6.084 0.5 0
  6.329 1 - 2
    1.547 0.5 5
    6.329 0.5 0
  9.163 3 - 2
    6.473 0.5 2
    7.616 0.5 1

19 36 16
  0 4 + 0
  0.8 0 + 1
    0.8 1 0
  1.1128 2 + 1
    1.1128 1 0
  1.619 2 + 1
    1.619 1 0
  1.67 6 + 2
    0.051 0.5 3
    0.5572 0.5 2
  1.89 8 + 1
    1.89 1 0
  2.27 4 + 2
    1.47 0.5 1
    2.27 0.5 0
  2.41 10 + 1
    0.74 1 4
  2.56 6 + 2
    0.941 0.5 3
    1.4472 0.5 2
  2.85 4 - 2
    1.231 0.5 3
    1.7372 0.5 2
  3.36 2 + 2
    1.741 0.5 3
    2.2472 0.5 2
  4.289 0 + 2
    3.489 0.5 1
    4.289 0.5 0
  4.46 2 + 2
    2.841 0.5 3
    3.3472 0.5 2
  4.69 2 + 2
    3.071 0.5 3
    3.5772 0.5 2
  5.95 2 + 2
    4.331 0.5 3
    4.8372 0.5 2
  6.8 2 + 2
    5.181 0.5 3
    5.6872 0.5 2

19 37 91
  0 3 + 0
  1.37085 1 + 1
    1.37085 1 0
  1.38025 7 - 1
    1.38025 1 0
  2.17018 3 - 2
    0.79933 0.1304 1
    2.17018 0.8696 0
  2.28524 5 + 1
    2.28524 1 0
  2.75027 5 + 3
    0.58009 0.002947 3
    1.37002 0.01473 2
    2.75027 0.982323 0
  2.967 9 + 2
    0.68176 0.5 4
    1.58675 0.5 2
  3.08199 5 - 3
    0.91181 0.175198 3
    1.70174 0.726693 2
    3.08199 0.098109 0
  3.2393 5 + 1
    3.2393 1 0
  3.272 1 - 2
    0.19001 0.5 7
    3.272 0.5 0
  3.314 3 - 3
    1.14382 0.086191 3
    1.94315 0.879509 1
    3.314 0.0343 0
  3.622 3 + 2
    0.54001 0.5 7
    3.622 0.5 0
  3.84 1 + 2
    1.66982 0.5 3
    2.46915 0.5 1
  3.962 7 - 2
    1.79182 0.5 3
    2.58175 0.5 2
  4.008 1 - 2
    0.92601 0.5 7
    4.008 0.5 0
  4.127 11 - 2
    1.16 0.5 6
    2.74675 0.5 2
  4.191 5 - 2
    1.10901 0.5 7
    4.191 0.5 0
  4.278 3 + 2
    1.19601 0.5 7
    4.278 0.5 0
  4.4128 3 + 2
    1.33081 0.5 7
    4.4128 0.5 0
  4.4228 7 + 2
    3.04255 0.916591 2
    4.4228 0.083409 0
  4.4324 3 + 2
    3.06155 0.3132 1
    4.4324 0.6868 0
  4.5 1 + 2
    2.32982 0.5 3
    3.12915 0.5 1
  4.584 1 - 2
    1.50201 0.5 7
    4.584 0.5 0
  4.6699 3 - 1
    3.28965 1 2
  4.7322 7 + 3
    2.44696 0.5438 4
    3.35195 0.1941 2
    4.7322 0.2621 0
  4.7377 5 - 2
    1.65571 0.5 7
    4.7377 0.5 0
  4.8145 5 + 2
    3.43425 0.5 2
    3.44365 0.5 1
  4.8424 5 + 1
    3.46215 1 2
  5.0185 3 + 2
    1.93651 0.5 7
    5.0185 0.5 0
  5.0497 3 + 1
    3.66945 1 2
  5.1202 1 + 2
    2.95002 0.5 3
    3.74935 0.5 1
  5.132 5 - 2
    2.05001 0.5 7
    5.132 0.5 0
  5.208 9 - 2
    1.017 0.5 16
    2.12601 0.5 7
  5.266 3 - 2
    3.88575 0.5 2
    3.89515 0.5 1
  5.323 3 + 2
    2.24101 0.5 7
    5.323 0.5 0
  5.341 7 - 2
    3.17082 0.5 3
    3.96075 0.5 2
  5.357 9 - 2
    1.166 0.5 16
    2.27501 0.5 7
  5.424 7 - 2
    3.25382 0.5 3
    4.04375 0.5 2
  5.448 1 + 2
    3.27782 0.5 3
    4.07715 0.5 1
  5.467 5 - 2
    2.38501 0.5 7
    5.467 0.5 0
  5.569 5 - 2
    2.48701 0.5 7
    5.569 0.5 0
  5.623 13 - 2
    0.266 0.5 36
    0.415 0.5 32
  5.719 7 + 2
    2.63701 0.5 7
    5.719 0.5 0
  5.737 1 - 2
    2.65501 0.5 7
    5.737 0.5 0
  5.787 3 + 2
    2.70501 0.5 7
    5.787 0.5 0
  5.931 5 + 2
    4.55075 0.5 2
    4.56015 0.5 1
  6.015 5 + 2
    4.63475 0.5 2
    4.64415 0.5 1
  6.046 1 - 2
    2.96401 0.5 7
    6.046 0.5 0
  6.053 1 + 2
    3.88282 0.5 3
    4.68215 0.5 1
  6.091 1 + 2
    3.92082 0.5 3
    4.72015 0.5 1
  6.111 3 - 2
    4.73075 0.5 2
    4.74015 0.5 1
  6.124 5 + 2
    4.74375 0.5 2
    4.75315 0.5 1
  6.137 7 - 2
    3.96682 0.5 3
    4.75675 0.5 2
  6.153 3 - 2
    4.77275 0.5 2
    4.78215 0.5 1
  6.224 9 - 2
    2.033 0.5 16
    3.14201 0.5 7
  6.236 3 - 2
    4.85575 0.5 2
    4.86515 0.5 1
  6.274 11 + 2
    1.5418 0.5 24
    1.8512 0.5 19
  6.323 5 + 2
    4.94275 0.5 2
    4.95215 0.5 1
  6.345 7 - 2
    4.17482 0.5 3
    4.96475 0.5 2
  6.413 1 + 2
    4.24282 0.5 3
    5.04215 0.5 1
  6.431 3 - 2
    5.05075 0.5 2
    5.06015 0.5 1
  6.452 9 - 2
    2.261 0.5 16
    3.37001 0.5 7
  6.479 3 + 2
    3.39701 0.5 7
    6.479 0.5 0
  6.535 3 - 2
    5.15475 0.5 2
    5.16415 0.5 1
  6.603 3 + 2
    3.52101 0.5 7
    6.603 0.5 0
  6.619 5 + 2
    5.23875 0.5 2
    5.24815 0.5 1
  6.626 5 - 2
    3.54401 0.5 7
    6.626 0.5 0
  6.677 7 - 2
    4.50682 0.5 3
    5.29675 0.5 2
  6.686 1 + 2
    4.51582 0.5 3
    5.31515 0.5 1
  6.713 3 - 2
    5.33275 0.5 2
    5.34215 0.5 1
  6.726 7 + 2
    3.64401 0.5 7
    6.726 0.5 0
  6.741 1 + 2
    4.57082 0.5 3
    5.37015 0.5 1
  6.801 5 - 2
    3.71901 0.5 7
    6.801 0.5 0
  6.823 1 - 2
    3.74101 0.5 7
    6.823 0.5 0
  6.867 15 + 2
    0.593 0.5 56
    1.244 0.5 41
  6.911 5 - 2
    3.82901 0.5 7
    6.911 0.5 0
  6.974 5 + 2
    5.59375 0.5 2
    5.60315 0.5 1
  7.006 3 - 2
    5.62575 0.5 2
    5.63515 0.5 1
  7.073 7 + 2
    3.99101 0.5 7
    7.073 0.5 0
  7.182 5 + 2
    5.80175 0.5 2
    5.81115 0.5 1
  7.235 3 + 2
    4.15301 0.5 7
    7.235 0.5 0
  7.368 5 + 2
    5.98775 0.5 2
    5.99715 0.5 1
  7.473 5 + 2
    6.09275 0.5 2
    6.10215 0.5 1
  7.496 7 - 2
    5.32582 0.5 3
    6.11575 0.5 2
  7.539 3 + 2
    4.45701 0.5 7
    7.539 0.5 0
  7.634 5 + 2
    6.25375 0.5 2
    6.26315 0.5 1
  7.66 3 + 2
    4.57801 0.5 7
    7.66 0.5 0
  7.805 1 - 2
    4.72301 0.5 7
    7.805 0.5 0
  7.834 9 - 2
    3.643 0.5 16
    4.75201 0.5 7
  8.027 1 - 2
    4.94501 0.5 7
    8.027 0.5 0
  8.058 7 - 2
    5.88782 0.5 3
    6.67775 0.5 2

19 38 104
  0 6 + 0
  0.1304 0 + 1
    0.1304 1 0
  0.45846 2 + 2
    0.32806 0.990195 1
    0.45846 0.009805 0
  1.69784 2 + 3
    1.23938 0.002392 2
    1.56744 0.996811 1
    1.69784 0.000797 0
  2.40107 4 + 2
    1.94261 0.934581 2
    2.27067 0.065419 1
  2.61306 6 - 1
    2.61306 1 0
  2.64624 8 - 3
    0.03318 0.008637 5
    2.18778 0.01475 2
    2.64624 0.976613 0
  2.8275 2 - 2
    0.42643 0.095864 4
    2.6971 0.904136 1
  2.8693 4 - 4
    0.46823 0.152294 4
    1.17146 0.082437 3
    2.41084 0.280289 2
    2.8693 0.484981 0
  2.993 0 - 1
    2.53454 1 2
  3.04 4 + 2
    0.63893 0.5 4
    2.9096 0.5 1
  3.3151 6 + 2
    0.91403 0.5814 4
    3.3151 0.4186 0
  3.3412 2 + 3
    1.64336 0.1611 3
    2.88274 0.2833 2
    3.2108 0.5556 1
  3.42011 12 - 2
    0.77387 0.566 6
    3.42011 0.434 0
  3.4296 4 + 2
    1.02853 0.5988 4
    3.4296 0.4012 0
  3.45814 14 + 3
    0.03803 0.804461 13
    0.8119 0.19399 6
    3.45814 0.001549 0
  3.6147 10 - 1
    0.96846 1 6
  3.6681 6 + 1
    1.26703 1 4
  3.688 6 - 3
    1.04176 0.260426 6
    1.07494 0.520852 5
    3.688 0.218722 0
  3.7037 0 - 1
    1.30263 1 4
  3.7388 2 + 1
    3.7388 1 0
  3.79 4 - 2
    3.33154 0.5 2
    3.79 0.5 0
  3.8136 4 - 2
    1.41253 0.5102 4
    3.8136 0.4898 0
  3.8409 6 - 1
    1.19466 1 6
  3.856 2 + 1
    3.7256 1 1
  3.9311 4 - 1
    1.31804 1 5
  3.9773 2 + 2
    3.51884 0.2593 2
    3.8469 0.7407 1
  4.1747 2 + 1
    3.71624 1 2
  4.2143 2 - 2
    1.81323 0.2806 4
    4.0839 0.7194 1
  4.3176 6 + 1
    4.3176 1 0
  4.3312 2 - 1
    0.400101 1 25
  4.3947 6 - 1
    4.3947 1 0
  4.41 6 - 1
    2.71216 1 3
  4.452 8 + 2
    1.83894 0.5 5
    2.05093 0.5 4
  4.46 4 + 2
    2.05893 0.5 4
    4.3296 0.5 1
  4.491 8 - 2
    1.84476 0.5 6
    4.491 0.5 0
  4.505 4 + 2
    2.10393 0.5 4
    4.3746 0.5 1
  4.588 6 - 1
    4.588 1 0
  4.598 4 - 2
    4.13954 0.5 2
    4.598 0.5 0
  4.616 8 + 2
    2.00294 0.5 5
    2.21493 0.5 4
  4.639 0 + 2
    2.23793 0.5 4
    4.5086 0.5 1
  4.664 4 + 2
    2.26293 0.5 4
    4.5336 0.5 1
  4.701 2 + 1
    1.0863 1 16
  4.723 4 + 1
    1.3818 1 12
  4.75 10 - 2
    1.1353 0.5 16
    2.13694 0.5 5
  4.806 8 - 2
    2.15976 0.5 6
    4.806 0.5 0
  4.845 0 - 2
    3.14716 0.5 3
    4.38654 0.5 2
  4.9012 2 - 1
    2.50013 1 4
  4.971 4 + 2
    2.56993 0.5 4
    4.8406 0.5 1
  4.9888 2 - 1
    2.58773 1 4
  5.0481 4 + 1
    2.43504 1 5
  5.086 8 - 2
    2.43976 0.5 6
    5.086 0.5 0
  5.104 0 + 2
    2.70293 0.5 4
    4.9736 0.5 1
  5.1331 6 - 1
    2.73203 1 4
  5.192 4 + 2
    2.79093 0.5 4
    5.0616 0.5 1
  5.2164 2 - 1
    3.51856 1 3
  5.244 10 + 2
    2.59776 0.5 6
    5.244 0.5 0
  5.2538 18 + 1
    1.79566 1 15
  5.286 4 - 2
    4.82754 0.5 2
    5.286 0.5 0
  5.296 2 - 2
    2.89493 0.5 4
    5.1656 0.5 1
  5.3 12 - 2
    1.87989 0.5 13
    2.65376 0.5 6
  5.307 6 + 2
    4.84854 0.5 2
    5.307 0.5 0
  5.33 4 + 2
    2.92893 0.5 4
    5.1996 0.5 1
  5.407 2 - 2
    3.00593 0.5 4
    5.2766 0.5 1
  5.439 8 + 2
    2.82594 0.5 5
    3.03793 0.5 4
  5.459 6 - 2
    2.84594 0.5 5
    3.05793 0.5 4
  5.48 4 + 2
    3.07893 0.5 4
    5.3496 0.5 1
  5.54 0 - 2
    3.84216 0.5 3
    5.08154 0.5 2
  5.601 2 + 2
    5.14254 0.5 2
    5.601 0.5 0
  5.617 4 - 2
    5.15854 0.5 2
    5.617 0.5 0
  5.676 6 + 2
    5.21754 0.5 2
    5.676 0.5 0
  5.693 2 - 2
    3.29193 0.5 4
    5.5626 0.5 1
  5.73 8 + 2
    3.11694 0.5 5
    3.32893 0.5 4
  5.749 4 - 2
    5.29054 0.5 2
    5.749 0.5 0
  5.769 0 + 2
    3.36793 0.5 4
    5.6386 0.5 1
  5.795 2 - 2
    3.39393 0.5 4
    5.6646 0.5 1
  5.81 6 + 2
    5.35154 0.5 2
    5.81 0.5 0
  5.828 4 - 2
    5.36954 0.5 2
    5.828 0.5 0
  5.851 2 + 2
    5.39254 0.5 2
    5.851 0.5 0
  5.869 6 - 2
    3.25594 0.5 5
    3.46793 0.5 4
  5.884 4 + 2
    3.48293 0.5 4
    5.7536 0.5 1
  5.9 12 - 2
    2.47989 0.5 13
    3.25376 0.5 6
  5.934 2 + 2
    5.47554 0.5 2
    5.934 0.5 0
  5.944 8 - 2
    3.29776 0.5 6
    5.944 0.5 0
  5.97 4 + 2
    3.56893 0.5 4
    5.8396 0.5 1
  5.983 0 - 2
    4.28516 0.5 3
    5.52454 0.5 2
  6.002 6 + 2
    5.54354 0.5 2
    6.002 0.5 0
  6.022 2 - 2
    3.62093 0.5 4
    5.8916 0.5 1
  6.23 4 + 2
    3.82893 0.5 4
    6.0996 0.5 1
  6.38 10 - 2
    2.7653 0.5 16
    3.76694 0.5 5
  6.59 2 + 2
    6.13154 0.5 2
    6.59 0.5 0
  6.72 2 + 2
    6.26154 0.5 2
    6.72 0.5 0
  7 6 - 2
    4.38694 0.5 5
    4.59893 0.5 4
  7.13 4 - 2
    6.67154 0.5 2
    7.13 0.5 0
  7.32 2 + 2
    6.86154 0.5 2
    7.32 0.5 0
  7.3969 20 - 1
    2.1431 1 57
  7.73 4 + 2
    5.32893 0.5 4
    7.5996 0.5 1
  8.6931 24 - 1
    1.2962 1 95
  8.7476 22 - 1
    1.3507 1 95
  9.7 6 + 2
    9.24154 0.5 2
    9.7 0.5 0
  9.88 6 + 2
    9.42154 0.5 2
    9.88 0.5 0
  9.9 2 + 2
    9.44154 0.5 2
    9.9 0.5 0
  10.2 2 + 2
    9.74154 0.5 2
    10.2 0.5 0
  10.9805 26 - 1
    2.2874 1 97

19 39 234
  0 3 + 0
  2.5225 1 + 1
    2.5225 1 0
  2.8143 7 - 1
    2.8143 1 0
  3.0192 3 - 1
    3.0192 1 0
  3.5975 9 - 2
    0.7832 0.5051 2
    3.5975 0.4949 0
  3.8831 5 - 1
    3.8831 1 0
  3.9388 3 + 2
    1.4163 0.081728 1
    3.9388 0.918272 0
  3.9443 11 - 2
    0.3468 0.37 4
    1.13 0.63 2
  4.0823 3 - 3
    1.0631 0.1208 3
    1.5598 0.2081 1
    4.0823 0.6711 0
  4.0953 1 + 2
    1.0761 0.154 3
    1.5728 0.846 1
  4.126 7 - 1
    1.3117 1 2
  4.4751 3 - 3
    1.4559 0.1596 3
    1.9526 0.4695 1
    4.4751 0.3709 0
  4.5143 5 + 1
    4.5143 1 0
  4.5202 9 - 3
    0.3942 0.02041 10
    0.5759 0.09229 7
    0.9227 0.8873 4
  4.6786 7 - 2
    0.5526 0.074937 10
    1.8643 0.925063 2
  4.7375 5 - 1
    1.9232 1 2
  4.834 5 + 1
    4.834 1 0
  4.9301 3 + 2
    2.4076 0.2424 1
    4.9301 0.7576 0
  4.977 5 - 2
    1.3795 0.5 4
    4.977 0.5 0
  5.0091 7 - 2
    0.8831 0.7692 10
    1.4116 0.2308 4
  5.0106 3 - 2
    1.1275 0.641 5
    1.9914 0.359 3
  5.157 9 + 1
    2.3427 1 2
  5.1639 9 - 3
    0.6437 0.214079 13
    1.0379 0.232877 10
    1.2196 0.553045 7
  5.1655 9 - 1
    2.3512 1 2
  5.1734 5 + 1
    5.1734 1 0
  5.2627 5 + 1
    5.2627 1 0
  5.3182 3 + 1
    5.3182 1 0
  5.354 11 - 1
    1.4097 1 7
  5.37 1 + 2
    2.3508 0.5 3
    2.8475 0.5 1
  5.501 3 + 2
    1.6179 0.5 5
    5.501 0.5 0
  5.5499 7 - 4
    0.8713 0.492615 14
    1.0297 0.068972 13
    1.9524 0.32021 4
    2.7356 0.118204 2
  5.5979 5 + 1
    5.5979 1 0
  5.6434 7 - 2
    0.9059 0.2481 15
    0.9648 0.7519 14
  5.7115 3 + 1
    5.7115 1 0
  5.7183 13 - 2
    0.3643 0.015761 27
    1.774 0.984239 7
  5.7883 5 + 1
    5.7883 1 0
  5.8016 7 - 4
    0.6377 0.249275 22
    1.2814 0.270273 13
    1.6756 0.180182 10
    2.9873 0.30027 2
  5.8263 1 - 1
    5.8263 1 0
  5.891 7 - 4
    0.7271 0.028371 22
    1.3708 0.141804 13
    1.765 0.120604 10
    3.0767 0.709221 2
  5.899 3 - 2
    3.0847 0.5 2
    3.3765 0.5 1
  5.9379 5 + 1
    5.9379 1 0
  5.96 3 - 2
    3.1457 0.5 2
    3.4375 0.5 1
  6.0056 11 - 1
    2.0613 1 7
  6.042 3 - 2
    1.5277 0.4792 12
    6.042 0.5208 0
  6.053 7 - 1
    6.053 1 0
  6.093 7 - 1
    3.2787 1 2
  6.1105 3 - 2
    3.588 0.7813 1
    6.1105 0.2187 0
  6.186 1 - 2
    0.923299 0.6098 25
    6.186 0.3902 0
  6.192 7 - 2
    1.6718 0.7874 13
    2.2477 0.2126 7
  6.246 1 + 1
    6.246 1 0
  6.2889 7 - 2
    1.6103 0.3507 14
    3.4746 0.6493 2
  6.331 1 - 2
    2.4479 0.5 5
    6.331 0.5 0
  6.344 3 + 1
    6.344 1 0
  6.356 5 + 2
    2.4729 0.5 5
    6.356 0.5 0
  6.396 3 + 2
    2.27 0.5 10
    3.5817 0.5 2
  6.41 7 + 2
    1.8957 0.074081 12
    6.41 0.925919 0
  6.4342 13 + 1
    2.4899 1 7
  6.458 1 + 2
    0.7465 0.5 33
    6.458 0.5 0
  6.465 3 + 2
    0.7535 0.5 33
    6.465 0.5 0
  6.4751 15 + 1
    0.756801 1 34
  6.501 3 + 2
    2.6179 0.5 5
    6.501 0.5 0
  6.528 1 + 1
    6.528 1 0
  6.546 7 - 1
    3.7317 1 2
  6.55 5 + 1
    6.55 1 0
  6.653 5 + 2
    2.1779 0.5 11
    6.653 0.5 0
  6.686 1 + 1
    6.686 1 0
  6.74 5 + 4
    1.5666 0.25 24
    1.906 0.25 16
    2.8569 0.25 5
    6.74 0.25 0
  6.818 1 + 1
    6.818 1 0
  6.828 5 + 2
    1.8979 0.5 17
    6.828 0.5 0
  6.916 1 + 1
    6.916 1 0
  6.943 5 + 1
    6.943 1 0
  7.021 3 - 1
    7.021 1 0
  7.051 1 + 2
    4.2367 0.5 2
    7.051 0.5 0
  7.0921 5 - 1
    3.1478 1 7
  7.122 3 + 2
    3.2389 0.5 5
    7.122 0.5 0
  7.1417 15 - 3
    1.4234 0.059881 34
    1.7877 0.341307 27
    3.1974 0.598812 7
  7.17 1 + 1
    7.17 1 0
  7.2 5 - 2
    4.3857 0.5 2
    7.2 0.5 0
  7.2548 3 + 2
    3.3717 0.5 5
    7.2548 0.5 0
  7.26 3 + 2
    4.4457 0.5 2
    7.26 0.5 0
  7.2789 5 - 2
    3.6814 0.5 4
    7.2789 0.5 0
  7.2869 1 - 2
    3.4038 0.5 5
    7.2869 0.5 0
  7.3368 9 + 2
    3.3925 0.5 7
    4.5225 0.5 2
  7.3818 5 - 2
    3.7843 0.5 4
    7.3818 0.5 0
  7.4394 3 + 2
    3.5563 0.5 5
    7.4394 0.5 0
  7.4488 1 - 2
    3.5657 0.5 5
    7.4488 0.5 0
  7.4618 3 + 5
    2.1991 0.02878 25
    2.7832 0.01114 14
    3.523 0.01671 6
    3.5787 0.01486 5
    7.4618 0.928509 0
  7.4823 5 - 2
    3.8848 0.5 4
    7.4823 0.5 0
  7.502 1 + 2
    4.4828 0.5 3
    4.9795 0.5 1
  7.5361 3 - 9
    1.8178 0.038321 34
    2.2179 0.01503 26
    2.3627 0.01427 24
    3.4408 0.039821 9
    3.4538 0.048081 8
    3.5973 0.027801 6
    4.5169 0.02404 3
    5.0136 0.041321 1
    7.5361 0.751315 0
  7.5409 5 + 2
    4.7266 0.5 2
    5.0184 0.5 1
  7.5522 9 - 2
    3.6691 0.5 5
    3.9547 0.5 4
  7.5608 1 + 2
    4.5416 0.5 3
    5.0383 0.5 1
  7.5686 15 + 2
    1.0935 0.591 59
    1.8503 0.409 34
  7.588 3 - 1
    1.1129 1 59
  7.6028 5 - 8
    2.0049 0.039651 31
    2.7688 0.101302 16
    2.8653 0.030841 15
    3.0885 0.229105 12
    3.4768 0.048461 10
    3.664 0.048461 6
    4.7885 0.061671 2
    7.6028 0.440509 0
  7.6054 3 + 2
    3.7223 0.5 5
    7.6054 0.5 0
  7.6337 7 - 11
    1.8074 0.006078 37
    2.0358 0.004862 31
    2.3155 0.013979 26
    2.371 0.006563 25
    3.1586 0.007292 11
    3.5514 0.025528 8
    3.7506 0.004619 5
    4.6145 0.027958 3
    4.8194 0.774239 2
    5.1112 0.007292 1
    7.6337 0.12159 0
  7.7001 1 + 6
    2.9626 0.048667 15
    3.0215 0.079644 14
    3.5741 0.261082 10
    3.817 0.088494 5
    4.6809 0.079644 3
    4.8858 0.442469 2
  7.7148 5 - 14
    1.9965 0.02098 34
    2.3966 0.093242 26
    2.4521 0.046621 25
    2.5414 0.052451 24
    2.5509 0.034971 22
    2.7042 0.01515 20
    3.0362 0.0201 14
    3.2005 0.221404 12
    3.6195 0.084502 9
    3.776 0.027101 6
    3.8317 0.02506 5
    4.1173 0.026221 4
    4.6956 0.040791 3
    7.7148 0.291406 0
  7.7391 3 - 10
    1.9128 0.025147 37
    2.1412 0.004835 31
    2.4209 0.010149 26
    2.4764 0.010149 25
    3.264 0.006285 11
    3.6568 0.130584 8
    3.856 0.010149 5
    4.7199 0.483541 3
    5.2166 0.159581 1
    7.7391 0.159581 0
  7.7563 5 + 8
    1.93 0.02275 37
    1.968 0.02395 35
    3.0188 0.04611 15
    3.2812 0.01377 11
    3.674 0.059881 8
    4.7371 0.197602 3
    4.942 0.03713 2
    5.2338 0.598806 1
  7.7666 1 + 2
    4.7474 0.5 3
    5.2441 0.5 1
  7.7734 7 - 11
    1.7314 0.030631 43
    1.8355 0.021881 40
    2.1755 0.025821 31
    2.4552 0.061272 26
    3.0359 0.01575 15
    3.2591 0.063462 12
    3.6474 0.037641 10
    3.6781 0.025821 9
    3.8903 0.091903 5
    5.2509 0.188206 1
    7.7734 0.437613 0
  7.7764 17 + 3
    0.634699 0.01771 75
    1.3013 0.445496 59
    1.3422 0.536795 56
  7.7852 3 - 5
    1.9589 0.041277 37
    3.6899 0.458663 9
    3.8464 0.110091 6
    4.766 0.160587 3
    7.7852 0.229382 0
  7.7979 5 + 13
    2.0096 0.01704 35
    2.0864 0.019789 33
    2.4797 0.020889 26
    2.7873 0.009896 20
    3.1193 0.009896 14
    3.2777 0.008246 13
    3.2836 0.053878 12
    3.6719 0.068168 10
    3.7156 0.01704 8
    3.8591 0.01209 6
    4.9836 0.192395 2
    5.2754 0.020889 1
    7.7979 0.549785 0
  7.8024 5 - 13
    1.2564 0.01394 62
    1.9761 0.01394 37
    2.4842 0.030969 26
    2.6385 0.017959 22
    3.1238 0.034069 14
    3.2822 0.074328 13
    3.2881 0.029109 12
    3.6764 0.139396 10
    3.9193 0.052648 5
    4.2049 0.077418 4
    4.7832 0.026939 3
    4.9881 0.179595 2
    7.8024 0.309691 0
  7.8053 5 - 14
    1.2593 0.01509 62
    1.979 0.055149 37
    2.4871 0.01713 26
    2.6414 0.02612 22
    3.1267 0.04935 14
    3.2851 0.087079 13
    3.291 0.009869 12
    3.6793 0.095789 10
    3.9222 0.03193 5
    4.2078 0.084179 4
    4.7861 0.290297 3
    4.991 0.098689 2
    5.2828 0.02903 1
    7.8053 0.110299 0
  7.8211 3 + 7
    1.9948 0.02416 37
    3.346 0.107401 11
    3.7258 0.056381 9
    3.7388 0.087251 8
    3.8823 0.02685 6
    3.938 0.02685 5
    7.8211 0.671107 0
  7.8473 1 + 10
    3.0133 0.082765 16
    3.1098 0.082765 15
    3.333 0.085005 12
    3.3722 0.223687 11
    3.752 0.024609 9
    3.765 0.031318 8
    3.9642 0.111893 5
    4.8281 0.192388 3
    5.3248 0.064876 1
    7.8473 0.100694 0
  7.8671 9 - 1
    1.392 1 59
  7.8686 3 + 11
    1.9307 0.023239 40
    2.2707 0.01091 31
    2.5504 0.007116 26
    2.6059 0.161293 25
    3.0346 0.009962 16
    3.1311 0.008065 15
    3.19 0.01091 14
    3.9298 0.061667 6
    3.9855 0.170793 5
    5.0543 0.061667 2
    7.8686 0.47438 0
  7.9 7 - 2
    4.8808 0.5 3
    5.0857 0.5 2
  7.9583 1 + 4
    2.6401 0.094343 26
    4.9391 0.044031 3
    5.4358 0.628919 1
    7.9583 0.232707 0
  7.9791 3 - 13
    1.4331 0.015789 62
    2.3357 0.014829 32
    2.3812 0.016749 31
    2.4292 0.028708 30
    2.9685 0.018179 20
    2.97 0.025838 19
    3.2416 0.012919 15
    3.3005 0.037797 14
    3.8531 0.015789 10
    4.096 0.019139 5
    4.9599 0.057416 3
    5.1648 0.258382 2
    7.9791 0.478467 0
  7.9821 7 + 2
    5.1678 0.375 2
    7.9821 0.625 0
  7.9839 3 - 12
    1.4559 0.092313 61
    1.5739 0.153805 55
    1.6399 0.107703 52
    1.7379 0.107703 49
    2.046 0.076922 40
    2.386 0.107703 31
    2.7212 0.092313 25
    2.8105 0.030771 24
    3.4696 0.076922 12
    4.1008 0.046151 5
    4.9647 0.030771 3
    7.9839 0.076922 0
  7.9868 1 + 2
    4.9676 0.5 3
    5.4643 0.5 1
  7.9928 3 - 6
    3.4785 0.082138 12
    3.8668 0.01951 10
    4.1097 0.210496 5
    4.9736 0.51329 3
    5.4703 0.118098 1
    7.9928 0.056469 0
  7.9959 5 + 2
    5.1816 0.5 2
    5.4734 0.5 1
  7.999 9 - 2
    4.1159 0.5 5
    4.4015 0.5 4
  8.0089 15 - 1
    4.0646 1 7
  8.0186 5 + 1
    1.5435 1 59
  8.0284 19 - 2
    0.252 0.1104 104
    0.886699 0.8896 75
  8.0315 1 + 4
    1.6875 0.042419 52
    3.5172 0.260592 12
    5.0123 0.090907 3
    8.0315 0.606082 0
  8.0344 7 + 3
    1.6904 0.01905 52
    5.0152 0.028569 3
    8.0344 0.952381 0
  8.039 3 - 7
    2.4411 0.01867 31
    3.5247 0.065361 12
    3.9567 0.071901 8
    4.1559 0.031751 5
    5.0198 0.233405 3
    5.2247 0.112002 2
    8.039 0.466909 0
  8.0801 5 + 6
    0.910099 0.039471 76
    2.2538 0.061402 37
    4.197 0.250008 5
    5.0609 0.438613 3
    5.5576 0.061402 1
    8.0801 0.149104 0
  8.0819 3 - 4
    4.1988 0.059415 5
    5.0627 0.21782 3
    5.5594 0.495045 1
    8.0819 0.22772 0
  8.0875 1 + 2
    5.0683 0.5 3
    5.565 0.5 1
  8.0938 3 - 20
    1.5478 0.043965 62
    2.0008 0.024186 45
    2.2028 0.113068 38
    2.2922 0.050246 36
    2.4959 0.032663 31
    2.5439 0.034229 30
    2.7756 0.014128 26
    2.8311 0.012563 25
    3.0832 0.084797 20
    3.0847 0.084797 19
    3.2598 0.024186 16
    3.5795 0.031404 12
    3.6187 0.018535 11
    3.9678 0.02136 10
    3.9985 0.031404 9
    4.0115 0.029837 8
    4.155 0.172756 6
    4.2107 0.084797 5
    5.0746 0.037685 3
    5.2795 0.053393 2
  8.0997 9 + 13
    1.9077 0.01097 48
    2.3114 0.079541 35
    2.4563 0.01097 32
    2.7457 0.04937 27
    2.9358 0.087771 22
    3.2657 0.052111 16
    3.4211 0.02743 14
    3.5795 0.148101 13
    3.5854 0.02633 12
    3.9737 0.274303 10
    4.1554 0.0384 7
    4.5022 0.057601 4
    5.2854 0.137101 2
  8.1083 5 - 9
    2.1704 0.099733 40
    2.9349 0.029651 24
    3.1782 0.080862 17
    4.026 0.040431 8
    4.1695 0.110503 6
    4.2252 0.140204 5
    5.0891 0.269508 3
    5.5858 0.169805 1
    8.1083 0.059302 0
  8.1185 7 + 9
    2.1806 0.00296 40
    2.407 0.01099 33
    3.4399 0.02622 14
    3.6042 0.0296 12
    4.2354 0.063419 5
    5.0993 0.080339 3
    5.3042 0.321397 2
    5.596 0.04228 1
    8.1185 0.422796 0
  8.1291 1 - 2
    4.246 0.5 5
    8.1291 0.5 0
  8.1381 5 + 11
    2.2002 0.050662 40
    2.8754 0.059472 25
    3.1275 0.030841 20
    3.129 0.030841 19
    3.208 0.099123 17
    3.3041 0.079302 16
    3.6238 0.121104 12
    4.0558 0.059472 8
    4.1993 0.189406 6
    5.1189 0.220307 3
    8.1381 0.059472 0
  8.1707 3 - 2
    5.3564 0.5 2
    5.6482 0.5 1
  8.1855 7 + 2
    4.588 0.5 4
    8.1855 0.5 0
  8.1887 5 - 2
    4.5912 0.5 4
    8.1887 0.5 0
  8.1918 3 + 2
    4.3087 0.5 5
    8.1918 0.5 0
  8.1988 1 - 3
    4.26 0.119 6
    5.3845 0.0873 2
    8.1988 0.7937 0
  8.2037 11 + 2
    3.6835 0.5 13
    4.6062 0.5 4
  8.2534 3 - 1
    8.2534 1 0
  8.2629 5 + 1
    8.2629 1 0
  8.2715 7 - 2
    5.2523 0.5 3
    5.4572 0.5 2
  8.2803 1 + 1
    8.2803 1 0
  8.2857 3 - 2
    5.4714 0.5 2
    5.7632 0.5 1
  8.2948 5 + 2
    5.4805 0.5 2
    5.7723 0.5 1
  8.3055 9 - 6
    4.2102 0.02961 9
    4.3667 0.161202 6
    4.4224 0.069081 5
    5.2863 0.210502 3
    5.4912 0.200702 2
    8.3055 0.328903 0
  8.3152 1 + 2
    5.296 0.5 3
    5.7927 0.5 1
  8.3265 3 - 2
    5.5122 0.5 2
    5.804 0.5 1
  8.3415 7 + 2
    4.744 0.5 4
    8.3415 0.5 0
  8.3476 5 - 2
    4.7501 0.5 4
    8.3476 0.5 0
  8.3699 3 + 1
    1.8948 1 59
  8.3803 1 - 2
    4.4972 0.5 5
    8.3803 0.5 0
  8.387 5 + 2
    5.5727 0.5 2
    5.8645 0.5 1
  8.39 7 - 1
    8.39 1 0
  8.3959 3 + 2
    4.5128 0.5 5
    8.3959 0.5 0
  8.4146 5 - 2
    4.8171 0.5 4
    8.4146 0.5 0
  8.4276 1 + 2
    5.4084 0.5 3
    5.9051 0.5 1
  8.4303 3 - 2
    5.616 0.5 2
    5.9078 0.5 1
  8.4662 7 + 2
    4.8687 0.5 4
    8.4662 0.5 0
  8.4768 9 - 2
    4.5937 0.5 5
    4.8793 0.5 4
  8.4849 5 + 2
    5.6706 0.5 2
    5.9624 0.5 1
  8.51 3 - 2
    5.6957 0.5 2
    5.9875 0.5 1
  8.5144 1 + 2
    5.4952 0.5 3
    5.9919 0.5 1
  8.525 5 - 2
    4.9275 0.5 4
    8.525 0.5 0
  8.5313 3 + 7
    2.9334 0.089117 31
    3.6973 0.059415 16
    4.449 0.049504 8
    4.6482 0.191415 5
    5.5121 0.108909 3
    5.717 0.171614 2
    8.5313 0.330026 0
  8.5483 7 - 2
    5.5291 0.5 3
    5.734 0.5 2
  8.5601 1 + 2
    5.5409 0.5 3
    6.0376 0.5 1
  8.5679 3 - 2
    5.7536 0.5 2
    6.0454 0.5 1
  8.5845 5 + 7
    2.9866 0.040161 31
    3.3218 0.031311 25
    4.0702 0.02314 12
    4.4585 0.027911 10
    4.7014 0.033361 5
    5.7702 0.163403 2
    8.5845 0.680714 0
  8.593 11 - 2
    4.6487 0.5 7
    5.7787 0.5 2
  8.5989 9 + 2
    4.6546 0.5 7
    5.7846 0.5 2
  8.611 3 - 2
    5.7967 0.5 2
    6.0885 0.5 1
  8.6257 1 + 5
    2.6878 0.113711 40
    4.1114 0.113711 12
    4.6869 0.473947 6
    4.7426 0.10431 5
    8.6257 0.194319 0
  8.6277 5 - 11
    2.5347 0.023721 45
    2.9843 0.01078 32
    3.0298 0.120105 31
    3.0778 0.012941 30
    3.9491 0.022801 14
    4.5454 0.014791 8
    4.6889 0.040052 6
    4.7446 0.308112 5
    5.6085 0.298812 3
    5.8134 0.080103 2
    8.6277 0.067783 0
  8.6391 7 + 2
    5.0416 0.5 4
    8.6391 0.5 0
  8.6558 3 - 2
    5.8415 0.5 2
    6.1333 0.5 1
  8.6676 5 + 2
    5.8533 0.5 2
    6.1451 0.5 1
  8.673 1 - 2
    4.7899 0.5 5
    8.673 0.5 0
  8.6751 7 + 2
    5.0776 0.5 4
    8.6751 0.5 0
  8.6814 15 + 1
    2.2063 1 59
  8.6841 3 - 2
    5.8698 0.5 2
    6.1616 0.5 1
  8.6887 5 - 2
    5.0912 0.5 4
    8.6887 0.5 0
  8.694 3 + 2
    4.8109 0.5 5
    8.694 0.5 0
  8.7047 1 - 2
    4.8216 0.5 5
    8.7047 0.5 0
  8.7099 5 + 2
    5.8956 0.5 2
    6.1874 0.5 1
  8.715 7 - 2
    5.6958 0.5 3
    5.9007 0.5 2
  8.7205 3 + 2
    4.8374 0.5 5
    8.7205 0.5 0
  8.893 1 - 2
    5.0099 0.5 5
    8.893 0.5 0
  9.012 9 + 2
    5.0677 0.5 7
    6.1977 0.5 2
  9.107 5 - 2
    5.5095 0.5 4
    9.107 0.5 0
  9.2711 19 - 1
    2.1294 1 75
  9.3 3 + 2
    5.4169 0.5 5
    9.3 0.5 0
  9.3638 17 + 2
    0.682399 0.2 183
    2.8887 0.8 59
  9.405 7 - 2
    6.3858 0.5 3
    6.5907 0.5 2
  9.616 5 + 2
    6.8017 0.5 2
    7.0935 0.5 1
  9.665 3 - 2
    6.8507 0.5 2
    7.1425 0.5 1
  9.694 1 + 2
    6.6748 0.5 3
    7.1715 0.5 1
  9.704 3 - 2
    6.8897 0.5 2
    7.1815 0.5 1
  9.772 5 + 2
    6.9577 0.5 2
    7.2495 0.5 1
  9.808 1 - 2
    5.9249 0.5 5
    9.808 0.5 0
  9.9096 21 + 2
    1.8812 0.5988 124
    2.1332 0.4012 104
  9.928 7 - 2
    6.9088 0.5 3
    7.1137 0.5 2
  9.987 3 + 2
    6.1039 0.5 5
    9.987 0.5 0
  9.996 5 - 2
    6.3985 0.5 4
    9.996 0.5 0
  10.2644 19 - 2
    2.2555 0.5963 122
    3.1227 0.4037 75
  10.2785 19 + 3
    0.914701 0.333333 196
    2.5021 0.333333 104
    2.7099 0.333333 93
  10.3036 19 + 2
    0.9398 0.090909 196
    2.5272 0.909091 104
  10.3834 19 - 1
    2.607 1 104
  10.704 3 + 2
    6.8209 0.5 5
    10.704 0.5 0
  10.864 1 - 2
    6.9809 0.5 5
    10.864 0.5 0
  10.8829 5 + 2
    3.3143 0.5988 93
    4.4078 0.4012 59
  10.9975 23 - 1
    2.9691 1 124
  11.034 3 + 2
    7.1509 0.5 5
    11.034 0.5 0
  11.156 7 - 2
    8.1368 0.5 3
    8.3417 0.5 2
  11.5906 5 + 1
    2.9092 1 183
  11.6912 21 + 1
    3.9148 1 104
  12.0695 23 - 2
    0.3783 0.1197 219
    1.6861 0.8803 211
  12.2095 23 - 3
    1.212 0.1758 215
    2.2999 0.4726 204
    4.1811 0.3516 124
  12.3557 3 + 1
    3.0846 1 194
  12.6161 1 - 1
    4.6072 1 122
  12.8936 5 + 1
    2.0107 1 214
  13.01 3 - 1
    2.7456 1 208
  13.2661 25 + 2
    1.0566 0.2943 221
    1.1966 0.7057 220
  13.5069 23 - 1
    3.5973 1 204
  13.7769 1 + 1
    2.1863 1 218
  14.0611 27 - 2
    0.795 0.4565 226
    1.9916 0.5435 220
  14.866 3 + 1
    3.8685 1 215
  16.1402 5 - 1
    3.1302 1 225
  18.5316 7 + 1
    4.4705 1 229
  18.6119 3 - 2
    3.7459 0.7576 230
    5.105 0.2424 227

19 40 123
  0 8 - 0
  0.0298299 6 - 1
    0.0298299 1 0
  0.800143 4 - 2
    0.770305 0.998532 1
    0.8003 0.00146784 0
  0.891394 10 - 2
    0.8622 0.0128332 1
    0.891372 0.987167 0
  1.64364 0 + 2
    0.843478 0.196141 2
    1.61384 0.803859 1
  1.95907 4 + 2
    1.1589 0.823045 2
    1.92934 0.176955 1
  2.04734 4 - 3
    1.24717 0.403063 2
    2.01753 0.300282 1
    2.04728 0.296655 0
  2.0698 6 - 4
    1.17838 0.0485437 3
    1.26956 0.0679612 2
    2.03994 0.485437 1
    2.07008 0.398058 0
  2.10368 2 - 3
    0.46 0.0277778 4
    1.30353 0.277778 2
    2.07374 0.694444 1
  2.26048 6 + 2
    2.23054 0.787402 1
    2.26011 0.212598 0
  2.28987 2 + 4
    0.18597 0.0315138 8
    0.330798 0.0793472 5
    0.646223 0.562746 4
    1.48977 0.326393 2
  2.29055 6 - 2
    1.39903 0.162479 3
    2.29058 0.837521 0
  2.39719 8 - 4
    0.1061 0.0275641 11
    0.32723 0.0685897 7
    2.36717 0.641026 1
    2.39712 0.262821 0
  2.41916 4 - 5
    0.34933 0.00644232 7
    0.460092 0.0165985 5
    1.619 0.75792 2
    2.38918 0.152342 1
    2.41869 0.066697 0
  2.4237 6 + 3
    2.4237 0.465228 0
    2.39387 0.442456 1
    1.62356 0.0923153 2
  2.54279 14 + 2
    1.65131 0.887311 3
    2.5428 0.112689 0
  2.5581 6 - 1
    2.558 1 0
  2.57593 4 + 3
    0.31552 0.0214008 9
    0.52876 0.00583658 6
    2.54585 0.972763 1
  2.626 0 - 2
    0.522319 0.694444 8
    1.82577 0.305556 2
  2.73036 2 + 4
    0.31113 0.100925 14
    0.6261 0.00756939 8
    1.08671 0.841043 4
    1.9302 0.0504626 2
  2.74691 6 - 4
    0.789 0.0375303 5
    1.94643 0.0484262 2
    2.71695 0.605327 1
    2.747 0.308717 0
  2.75662 4 + 4
    0.33775 0.0128535 14
    1.1133 0.0102828 4
    1.95658 0.642674 2
    2.72662 0.33419 1
  2.78665 6 + 4
    0.49606 0.0181269 11
    0.827552 0.173716 5
    2.75681 0.755287 1
    2.787 0.0528701 0
  2.78732 6 - 3
    0.4968 0.401639 11
    1.8963 0.188525 3
    2.7871 0.409836 0
  2.80788 2 - 3
    0.7606 0.0440367 6
    0.8487 0.0385321 5
    2.00771 0.917431 2
  2.87899 12 + 2
    0.33618 0.653595 16
    1.988 0.346405 3
  2.9509 2 + 1
    2.9508 1 0
  2.98584 4 - 4
    0.69531 0.0434995 11
    1.02709 0.0376344 5
    2.1857 0.488759 2
    2.95594 0.430108 1
  3.02798 4 - 4
    0.73745 0.204986 11
    0.95835 0.0360111 7
    1.06887 0.554017 5
    3.0277 0.204986 0
  3.1001 8 + 2
    2.2087 0.450549 3
    3.1 0.549451 0
  3.10956 2 + 4
    0.5343 0.0165485 18
    1.0622 0.0945626 6
    1.15058 0.416076 5
    1.46611 0.472813 4
  3.12841 4 - 5
    0.3209 0.00744417 25
    0.371792 0.138958 22
    0.8388 0.0545906 10
    3.09856 0.30273 1
    3.12806 0.496278 0
  3.1465 2 + 4
    0.7271 0.0120482 14
    1.18745 0.0542169 5
    1.503 0.331325 4
    2.34605 0.60241 2
  3.15382 4 - 4
    0.39728 0.0593472 22
    0.7564 0.155786 13
    1.5099 0.0430267 4
    3.1535 0.74184 0
  3.22862 4 - 4
    0.93872 0.157258 10
    2.42828 0.403226 2
    3.1986 0.233871 1
    3.2294 0.205645 0
  3.293 2 + 2
    2.49286 0.928892 2
    1.64936 0.071108 4
  3.35346 12 + 2
    0.81079 0.653595 16
    2.4613 0.346405 3
  3.36794 4 - 5
    0.62096 0.0931174 21
    1.3209 0.404858 6
    2.5688 0.0445344 2
    3.3382 0.323887 1
    3.3689 0.133603 0
  3.39365 4 - 2
    1.4345 0.21875 5
    2.59332 0.78125 2
  3.41434 4 + 4
    0.62766 0.0565908 23
    1.7714 0.0186335 4
    2.61421 0.690131 2
    3.38466 0.234645 1
  3.43918 2 + 4
    1.33548 0.00816803 8
    1.48009 0.388954 5
    1.79545 0.33839 4
    2.63893 0.264489 2
  3.448 6 + 3
    3.448 0.433825 0
    3.41817 0.418614 1
    2.64786 0.147561 2
  3.48609 4 - 6
    0.37653 0.0475839 31
    0.67813 0.0413132 25
    0.7564 0.121726 20
    1.19581 0.0848395 11
    1.43872 0.335669 6
    2.6856 0.368868 2
  3.517 2 + 4
    2.71686 0.802646 2
    1.87336 0.0728635 4
    1.46966 0.0671244 6
    1.41332 0.0573664 8
  3.55741 2 - 6
    0.52876 0.0127055 29
    0.98103 0.0754858 18
    1.2675 0.0769806 10
    1.48742 0.0710015 7
    1.5099 0.0164425 6
    3.52699 0.747384 1
  3.5992 4 - 8
    0.613384 0.0941901 28
    1.02321 0.118838 18
    1.20186 0.0492958 13
    1.3089 0.0198063 10
    1.496 0.0237676 8
    1.55177 0.0470951 6
    2.7993 0.440141 2
    3.5693 0.206866 1
  3.62997 4 - 5
    0.60226 0.0484478 29
    1.23274 0.19285 13
    1.56044 0.0249294 7
    3.59962 0.263405 1
    3.62994 0.470367 0
  3.66388 2 - 7
    0.24954 0.00394018 40
    0.5343 0.00296572 32
    0.554741 0.0436385 31
    0.67813 0.00889717 28
    1.37323 0.423675 11
    1.70473 0.309283 5
    3.63388 0.207601 1
  3.71298 4 - 4
    0.92624 0.108571 23
    1.45239 0.114286 9
    1.75472 0.205714 5
    3.6833 0.571429 1
  3.73849 2 + 5
    1.47801 0.217391 9
    1.69126 0.0751812 6
    1.77914 0.22192 5
    2.09461 0.0326087 4
    2.93832 0.452899 2
  3.7684 4 - 2
    0.62096 0.324324 33
    2.9678 0.675676 2
  3.79748 2 + 6
    0.38301 0.0123213 40
    0.81139 0.0142928 28
    1.22171 0.0418926 18
    1.53684 0.162642 9
    1.83861 0.275998 5
    2.15381 0.492854 4
  3.82145 4 - 8
    0.33544 0.0357258 43
    1.03428 0.0341165 24
    1.07439 0.128742 21
    1.0909 0.0321854 20
    1.42423 0.321854 13
    1.5307 0.0514966 11
    3.7919 0.160927 1
    3.82217 0.234953 0
  3.84027 2 + 5
    0.73048 0.0159249 31
    1.7714 0.0204165 7
    1.8812 0.330747 5
    2.19661 0.224581 4
    3.04024 0.40833 2
  3.86865 4 - 8
    0.45419 0.0263613 40
    0.6404 0.0289542 35
    1.12177 0.0777874 21
    1.57897 0.0242005 10
    1.76524 0.155575 8
    3.0687 0.172861 2
    3.8385 0.432152 1
    3.8683 0.0821089 0
  3.87233 14 + 3
    0.51897 0.0601375 37
    0.9931 0.080756 26
    1.329 0.859107 16
  3.88781 2 - 5
    1.13117 0.108626 22
    1.2621 0.0702875 19
    1.59788 0.303514 10
    3.0883 0.198083 2
    3.85797 0.319489 1
  3.898 6 + 3
    3.898 0.424175 0
    3.86817 0.4109 1
    3.09786 0.164925 2
  3.92407 4 - 4
    1.34806 0.0623762 18
    1.63426 0.49505 10
    1.96427 0.0663366 5
    3.8957 0.376238 1
  3.996 2 + 4
    3.19586 0.728262 2
    2.35236 0.0870932 4
    1.94866 0.0977784 6
    1.89232 0.0868667 8
  4.02039 4 - 7
    0.5343 0.00970201 43
    0.6261 0.0107415 39
    1.03428 0.04158 28
    1.21353 0.0509356 25
    1.91651 0.280665 8
    1.973 0.3465 6
    3.22008 0.259875 2
  4.08 2 + 4
    3.27986 0.716665 2
    2.43636 0.0891638 4
    2.03266 0.102587 6
    1.97632 0.0915841 8
  4.10449 2 - 7
    0.44077 0.0309618 48
    0.5045 0.041502 46
    1.11838 0.0362319 28
    1.81394 0.0480896 11
    2.00124 0.0909091 8
    2.05707 0.0935441 6
    3.30424 0.658762 2
  4.11079 4 + 8
    1.00105 0.0581395 31
    1.08292 0.144186 29
    1.12491 0.0860465 28
    1.35412 0.116279 22
    2.46731 0.0488372 4
    3.3109 0.0860465 2
    4.08069 0.232558 1
    4.11039 0.227907 0
  4.14904 4 - 8
    0.7564 0.0310559 39
    0.92012 0.00665484 35
    1.16259 0.124224 28
    1.75176 0.0891748 13
    1.85851 0.212955 11
    1.88843 0.0390417 9
    3.34891 0.443656 2
    4.1484 0.0532387 0
  4.18015 6 - 7
    0.74089 0.295858 41
    0.95116 0.0488166 35
    1.7611 0.0340237 14
    1.91928 0.168639 9
    2.1099 0.0739645 7
    2.22127 0.207101 5
    3.2864 0.171598 3
  4.21308 4 - 4
    0.7271 0.0563931 43
    0.7988 0.251256 40
    2.14337 0.558347 7
    2.5688 0.134003 4
  4.2517 2 + 1
    1.62567 1 19
  4.2537 2 - 7
    1.10013 0.00985416 34
    1.2675 0.0240441 28
    2.14993 0.0989358 8
    2.1837 0.106425 7
    2.20635 0.173433 6
    3.4522 0.394166 2
    4.22366 0.193142 1
  4.28042 4 - 5
    1.7047 0.285714 18
    2.233 0.146259 6
    3.4806 0.119048 2
    4.2495 0.108844 1
    4.28035 0.340136 0
  4.31394 4 - 1
    1.20436 1 31
  4.35047 4 - 3
    1.36506 0.239796 28
    2.2463 0.510204 8
    4.3196 0.25 1
  4.36577 16 + 2
    1.4867 0.152542 26
    1.8229 0.847458 16
  4.3837 0 + 2
    1.653 0.242424 20
    2.094 0.757576 10
  4.39588 4 - 5
    0.65739 0.0935484 50
    1.2675 0.125806 32
    1.66543 0.170968 20
    1.82035 0.322581 18
    2.34872 0.287097 6
  4.41937 4 - 5
    0.7564 0.152672 48
    0.8622 0.0229008 45
    1.26554 0.381679 34
    1.84333 0.125954 18
    2.02232 0.316794 13
  4.46361 2 - 3
    2.39384 0.147929 7
    2.41606 0.260355 6
    3.66332 0.591716 2
  4.47308 4 - 5
    1.03428 0.0569886 41
    1.07944 0.14997 39
    1.48742 0.143971 28
    1.72568 0.0491902 21
    4.4728 0.59988 0
  4.508 2 + 4
    3.70786 0.66408 2
    2.86436 0.0983355 4
    2.46066 0.124365 6
    2.40432 0.11322 8
  4.53707 2 - 6
    0.7988 0.0249077 50
    1.42745 0.00876384 31
    1.96111 0.0622694 18
    2.57763 0.129151 5
    3.73701 0.461255 2
    4.50696 0.313653 1
  4.54413 0 - 2
    1.05803 0.346405 43
    3.7432 0.653595 2
  4.589 4 - 3
    4.55917 0.606135 1
    3.78886 0.263213 2
    2.62993 0.130653 5
  4.6624 8 - 1
    4.6621 1 0
  4.66649 6 - 3
    1.6808 0.04276 28
    2.37585 0.485909 11
    4.667 0.471331 0
  4.697 2 + 4
    3.89686 0.644024 2
    3.05336 0.10183 4
    2.64966 0.132617 6
    2.59332 0.121529 8
  4.74414 4 + 12
    0.56386 0.0299353 66
    0.903878 0.0618932 54
    0.94629 0.0153722 52
    1.1447 0.0323625 46
    1.9357 0.0517799 25
    2.0139 0.0687702 20
    2.16816 0.0740291 18
    2.4547 0.0105178 10
    2.4838 0.0121359 9
    2.7844 0.0849515 5
    3.10042 0.153722 4
    3.94381 0.404531 2
  4.765 2 + 4
    3.96486 0.637232 2
    3.12136 0.103026 4
    2.71766 0.135398 6
    2.66132 0.124343 8
  4.78892 4 - 8
    0.5343 0.0119169 69
    0.67813 0.0354103 64
    0.92012 0.0221314 55
    1.7611 0.0391556 29
    2.0316 0.340483 22
    2.16216 0.0537964 19
    2.52844 0.180456 9
    3.98907 0.31665 2
  4.80792 0 - 2
    2.07741 0.704225 20
    4.0081 0.295775 2
  4.81201 16 + 2
    0.93928 0.581395 56
    2.269 0.418605 16
  4.827 6 + 3
    4.827 0.409354 0
    4.79717 0.398793 1
    4.02686 0.191852 2
  4.8514 4 - 2
    2.89219 0.75188 5
    4.85116 0.24812 0
  4.87256 6 - 6
    0.33544 0.0674252 80
    1.71868 0.278129 34
    1.72568 0.054783 33
    2.11577 0.0518331 22
    4.8428 0.126422 1
    4.87247 0.421408 0
  4.87557 18 + 2
    0.50988 0.285714 73
    2.33287 0.714286 16
  4.909 2 - 4
    4.10886 0.366422 2
    3.26536 0.306527 4
    2.94993 0.202353 5
    2.61913 0.124697 10
  4.93 2 + 5
    4.12986 0.575118 2
    3.28636 0.0979031 4
    2.88266 0.131154 6
    2.82632 0.12102 8
    2.51084 0.0748049 13
  4.948 4 - 3
    4.91817 0.584578 1
    4.14786 0.266567 2
    2.98893 0.148855 5
  4.96036 6 - 9
    1.40273 0.080786 45
    1.56621 0.100437 39
    1.83201 0.0742358 32
    2.17367 0.0611354 23
    2.20408 0.218341 22
    2.6688 0.0676856 11
    2.85715 0.18559 8
    2.9126 0.0938865 6
    4.9293 0.117904 1
  4.99326 4 - 6
    0.81312 0.0397727 66
    1.84672 0.0909091 33
    2.7026 0.241477 11
    2.92291 0.284091 7
    3.03443 0.252841 5
    4.9622 0.0909091 1
  5.0237 6 + 2
    1.25529 0.371069 51
    2.6277 0.628931 13
  5.06337 2 + 4
    1.69544 0.133891 38
    1.95374 0.41841 31
    2.644 0.351464 14
    5.0629 0.0962343 0
  5.08 2 - 4
    4.27986 0.356828 2
    3.43636 0.306173 4
    3.12093 0.206351 5
    2.79013 0.130648 10
  5.1119 6 - 2
    2.6881 0.699301 15
    5.1115 0.300699 0
  5.136 4 - 3
    5.10617 0.57496 1
    4.33586 0.267953 2
    3.17693 0.157087 5
  5.158 6 - 4
    5.158 0.371133 0
    5.12817 0.36091 1
    4.35786 0.168601 2
    3.19893 0.0993559 5
  5.18989 2 + 6
    0.97685 0.110984 67
    1.39316 0.130119 52
    2.40304 0.122465 23
    2.45948 0.199005 20
    4.38932 0.382702 2
    5.1888 0.0547264 0
  5.21423 4 - 1
    3.1443 1 7
  5.2471 2 + 1
    5.2169 1 1
  5.33291 18 + 1
    2.79053 1 16
  5.48865 2 + 5
    1.93123 0.492611 45
    2.3598 0.0541872 32
    2.6804 0.1133 25
    3.4185 0.123153 7
    5.4885 0.216749 0
  5.681 2 + 5
    4.88086 0.509529 2
    4.03736 0.10613 4
    3.63366 0.149003 6
    3.57732 0.139714 8
    3.26184 0.0956248 13
  5.87 2 + 5
    5.06986 0.496307 2
    4.22636 0.108128 4
    3.82266 0.152351 6
    3.76632 0.143284 8
    3.45084 0.0999294 13
  5.8919 18 - 4
    0.55928 0.219512 109
    1.0166 0.167247 94
    1.0791 0.264808 90
    1.52585 0.348432 73
  6.09822 8 - 3
    1.70235 0.507099 75
    2.53987 0.415822 45
    6.0676 0.0770791 1
  6.118 2 + 4
    5.31786 0.536929 2
    4.47436 0.1238 4
    4.07066 0.174541 6
    4.01432 0.16473 8
  6.22701 16 - 3
    1.35151 0.934579 94
    1.8613 0.046729 73
    3.684 0.0186916 16
  6.79 2 + 3
    5.98986 0.58147 2
    4.74266 0.214525 6
    4.68632 0.204005 8
  7 8 + 4
    7 0.363947 0
    6.97017 0.357053 1
    6.10861 0.199436 3
    4.9302 0.0795638 7
  7.033 18 - 2
    1.1423 0.371069 113
    2.2197 0.628931 90
  7.468 2 + 3
    6.66786 0.557134 2
    5.42066 0.226377 6
    5.36432 0.216489 8
  7.4722 18 - 2
    1.24531 0.729927 116
    1.5793 0.270073 113
  7.748 20 - 2
    1.52088 0.230769 116
    2.8729 0.769231 94
  7.795 2 + 3
    6.99486 0.547396 2
    5.74766 0.231106 6
    5.69132 0.221497 8

19 41 205
  0 3 + 0
  0.980476 1 + 1
    0.980476 1 0
  1.29361 7 - 1
    1.29361 1 0
  1.5599 3 + 2
    0.579424 0.181 1
    1.5599 0.819 0
  1.582 3 - 3
    0.28839 0.008161 2
    0.601524 0.178889 1
    1.582 0.81295 0
  1.59311 1 + 2
    0.612634 0.394 1
    1.59311 0.606 0
  1.67723 7 + 2
    0.38362 0.007151 2
    1.67723 0.992849 0
  1.69801 5 + 1
    1.69801 1 0
  2.14382 5 + 6
    0.44581 0.035119 7
    0.55071 0.001335 5
    0.56182 0.002107 4
    0.58392 0.210695 3
    1.16334 0.048459 1
    2.14382 0.702285 0
  2.1667 3 - 5
    0.57359 0.03763 5
    0.5847 0.160102 4
    0.6068 0.01946 3
    1.18622 0.432504 1
    2.1667 0.350304 0
  2.31662 5 - 4
    0.63939 0.002551 6
    0.73462 0.05557 4
    1.02301 0.910908 2
    2.31662 0.03097 0
  2.4401 3 - 4
    0.74209 0.144701 7
    0.8802 0.062891 3
    1.45962 0.163502 1
    2.4401 0.628906 0
  2.44783 3 + 1
    2.44783 1 0
  2.49491 9 + 3
    0.7969 0.1942 7
    0.81768 0.4854 6
    1.2013 0.3204 2
  2.50793 7 + 6
    0.19131 0.001108 10
    0.36411 0.026528 8
    0.8307 0.366875 6
    0.94803 0.070715 3
    1.21432 0.092804 2
    2.50793 0.44197 0
  2.52766 11 + 1
    0.85043 1 6
  2.59397 3 - 2
    1.01197 0.8803 4
    2.59397 0.1197 0
  2.6 5 - 1
    1.0401 1 3
  2.6761 1 + 2
    1.1162 0.641 3
    2.6761 0.359 0
  2.7103 5 + 4
    0.56648 0.25 8
    1.11719 0.25 5
    1.72982 0.25 1
    2.7103 0.25 0
  2.71257 7 - 5
    0.39595 0.108888 10
    0.54587 0.014088 9
    1.01456 0.064013 7
    1.13057 0.172881 4
    1.41896 0.64013 2
  2.75673 5 + 6
    0.61291 0.067419 8
    1.05872 0.095508 7
    1.0795 0.028089 6
    1.19683 0.101098 3
    1.46312 0.146097 2
    2.75673 0.561789 0
  2.76173 11 - 2
    0.26682 0.002695 13
    1.46812 0.997305 2
  2.77425 13 + 1
    0.24659 1 15
  3.04822 1 - 3
    0.9044 0.096309 8
    1.45511 0.162998 5
    3.04822 0.740693 0
  3.14184 7 - 5
    0.38011 0.003989 22
    0.38511 0.079704 21
    0.63391 0.569129 14
    0.64693 0.318716 13
    0.82522 0.028461 10
  3.15232 5 - 5
    0.390585 0.013679 22
    0.624655 0.018618 15
    1.0085 0.008588 8
    1.47509 0.243378 6
    1.85871 0.715736 2
  3.1622 5 + 1
    3.1622 1 0
  3.1798 5 + 2
    1.6199 0.2424 3
    3.1798 0.7576 0
  3.21361 5 - 3
    1.63161 0.101796 4
    1.92 0.848166 2
    3.21361 0.050038 0
  3.2298 1 + 3
    1.6699 0.4505 3
    2.24932 0.3288 1
    3.2298 0.2207 0
  3.23557 3 - 2
    0.91895 0.3104 10
    1.94196 0.6896 2
  3.24065 5 + 5
    0.73272 0.258997 14
    0.74574 0.089649 13
    1.09683 0.119499 8
    1.54264 0.03386 7
    1.94704 0.497995 2
  3.2779 5 + 2
    2.29742 0.5833 1
    3.2779 0.4167 0
  3.43184 7 - 4
    0.67011 0.2054 22
    0.71927 0.1514 20
    1.11522 0.1027 10
    2.13823 0.5405 2
  3.4501 7 - 1
    2.15649 1 2
  3.48 7 - 2
    1.898 0.5 4
    2.18639 0.5 2
  3.4885 5 + 6
    1.04067 0.130407 12
    1.79049 0.083734 7
    1.89539 0.028141 5
    2.19489 0.026081 2
    2.50802 0.045302 1
    3.4885 0.686334 0
  3.52138 5 + 2
    1.02647 0.1526 13
    3.52138 0.8474 0
  3.53445 9 - 4
    0.2938 0.019571 32
    1.00679 0.379511 15
    1.02652 0.073802 14
    1.03954 0.527116 13
  3.56061 3 - 2
    0.41877 0.012849 25
    3.56061 0.987151 0
  3.57238 3 - 2
    1.25576 0.1379 10
    1.89515 0.8621 6
  3.5783 7 + 3
    1.88029 0.3906 7
    1.90107 0.3828 6
    2.0184 0.2266 3
  3.59599 5 + 3
    1.45217 0.333333 8
    2.03608 0.333333 3
    3.59599 0.333333 0
  3.61277 3 - 3
    2.01966 0.1685 5
    2.03077 0.2697 4
    3.61277 0.5618 0
  3.6261 3 - 1
    2.0441 1 4
  3.65146 7 + 2
    1.97423 0.8197 6
    2.35785 0.1803 2
  3.7401 1 - 2
    2.1581 0.5 4
    3.7401 0.5 0
  3.76154 5 + 5
    1.00481 0.03879 21
    1.26663 0.06107 13
    2.06353 0.07184 7
    2.20164 0.1099 3
    3.76154 0.7184 0
  3.77466 7 - 7
    0.53909 0.009713 31
    0.56105 0.006027 29
    1.26673 0.076997 14
    2.19266 0.133895 4
    2.48105 0.334787 2
    2.79418 0.137295 1
    3.77466 0.301288 0
  3.819 3 - 2
    2.52539 0.5 2
    2.83852 0.5 1
  3.8269 5 + 5
    0.58625 0.008675 32
    0.68506 0.078476 25
    2.12889 0.115694 7
    2.14967 0.413077 6
    3.8269 0.384079 0
  3.8613 5 + 3
    2.3014 0.418387 3
    2.88082 0.071428 1
    3.8613 0.510185 0
  3.87052 5 - 2
    1.7267 0.5348 8
    2.57691 0.4652 2
  3.897 11 + 1
    1.12275 1 23
  3.9117 3 - 2
    2.93122 0.8 1
    3.9117 0.2 0
  3.9904 9 + 2
    0.42979 0.3514 40
    1.22867 0.6486 22
  3.99649 5 + 10
    0.34503 0.143805 46
    0.844175 0.243608 26
    0.85465 0.000365 25
    1.48856 0.034111 14
    2.29848 0.043852 7
    2.31926 0.134005 6
    2.43659 0.095013 3
    2.70288 0.048722 2
    3.01601 0.01291 1
    3.99649 0.243608 0
  4.0267 3 - 2
    1.71008 0.3976 10
    2.73309 0.6024 2
  4.05097 3 - 1
    2.49107 1 3
  4.075 1 - 2
    2.5151 0.5 3
    4.075 0.5 0
  4.14615 1 - 2
    0.37149 0.054819 49
    2.85254 0.945181 2
  4.16457 1 + 5
    0.40303 0.007088 48
    0.73273 0.194902 34
    1.71674 0.0124 12
    2.46656 0.194902 7
    2.48734 0.590707 6
  4.22062 5 - 7
    0.16965 0.002296 59
    0.60785 0.068874 44
    0.66001 0.019741 40
    2.52261 0.087245 7
    2.54339 0.165309 6
    2.92701 0.459125 2
    4.22062 0.197411 0
  4.22899 5 - 8
    0.358471 0.070492 53
    0.402091 0.008927 51
    0.988341 0.031941 32
    0.993421 0.01785 31
    1.72106 0.248906 14
    2.06229 0.098632 9
    2.93538 0.469711 2
    4.22899 0.053541 0
  4.24422 3 - 5
    0.59276 0.007313 46
    1.09191 0.067247 26
    1.65025 0.070177 16
    2.07752 0.124295 9
    2.95061 0.730969 2
  4.26036 1 + 3
    1.66639 0.084337 16
    2.56235 0.602376 7
    4.26036 0.313287 0
  4.2742 15 - 2
    1.49995 0.1948 23
    1.51247 0.8052 22
  4.28899 1 + 4
    0.754535 0.010741 39
    1.52726 0.128106 22
    2.59098 0.034712 7
    2.99538 0.826441 2
  4.30301 9 + 5
    0.76856 0.10469 39
    1.8081 0.081392 13
    1.98639 0.10469 10
    2.605 0.581342 7
    4.30301 0.127887 0
  4.3409 1 + 1
    4.3409 1 0
  4.34566 3 - 8
    0.6942 0.055087 46
    1.11009 0.213887 31
    1.19334 0.045367 26
    2.20184 0.071286 8
    2.64765 0.031108 7
    2.66843 0.323981 6
    2.76366 0.15879 4
    3.05205 0.100494 2
  4.4 3 + 2
    2.8401 0.5 3
    4.4 0.5 0
  4.45972 3 - 5
    0.685061 0.04861 49
    0.846951 0.03898 44
    2.89982 0.458505 3
    3.47925 0.110001 1
    4.45972 0.343903 0
  4.478 1 + 2
    2.896 0.5 4
    3.49752 0.5 1
  4.52537 9 - 3
    0.296379 0.04512 64
    0.30475 0.03407 63
    2.38155 0.920809 8
  4.56875 1 + 3
    0.279765 0.038342 68
    1.7945 0.33312 23
    2.04109 0.628538 15
  4.587 3 - 2
    3.29339 0.5 2
    3.60652 0.5 1
  4.60948 7 + 3
    1.36883 0.086418 32
    1.85275 0.296294 21
    2.11457 0.617288 13
  4.661 9 - 2
    2.34438 0.5 10
    2.98377 0.5 6
  4.674 1 + 1
    4.674 1 0
  4.7307 3 - 2
    1.58886 0.2308 25
    3.43709 0.7692 2
  4.73586 7 + 4
    2.24095 0.438209 13
    2.41924 0.306706 10
    3.03785 0.206004 7
    4.73586 0.049081 0
  4.74549 5 + 5
    2.25058 0.1151 13
    2.42887 0.125 10
    3.06826 0.1974 6
    3.16349 0.3289 4
    4.74549 0.2336 0
  4.74947 3 - 3
    0.97481 0.057472 49
    3.45586 0.574717 2
    4.74947 0.367811 0
  4.82333 1 - 9
    0.534345 0.023949 68
    2.0666 0.041918 21
    2.29567 0.116794 15
    2.3154 0.299385 14
    2.32842 0.092805 13
    2.3755 0.047898 12
    3.12532 0.029939 7
    3.1461 0.260487 6
    3.52972 0.086826 2
  4.8485 3 - 2
    2.70468 0.3789 8
    4.8485 0.6211 0
  4.86243 5 + 3
    2.26846 0.2557 16
    3.1852 0.3626 6
    4.86243 0.3817 0
  4.922 7 + 2
    3.3621 0.5 3
    4.922 0.5 0
  4.92783 5 + 7
    2.1711 0.242102 21
    2.21526 0.079901 20
    2.61121 0.169502 10
    3.22982 0.225202 7
    3.2506 0.159802 6
    3.33472 0.087171 5
    3.63422 0.03632 2
  4.94894 1 - 3
    0.33946 0.01359 78
    3.36694 0.590706 4
    3.65533 0.395704 2
  4.9623 3 - 1
    4.9623 1 0
  4.9829 19 - 1
    0.7087 1 67
  4.995 9 + 2
    3.29699 0.5 7
    3.70139 0.5 2
  5.02123 5 + 2
    4.04075 0.2908 1
    5.02123 0.7092 0
  5.06 3 - 2
    3.76639 0.5 2
    4.07952 0.5 1
  5.091 1 + 2
    3.509 0.5 4
    4.11052 0.5 1
  5.0962 7 - 4
    1.32154 0.151815 49
    2.38363 0.316832 20
    2.58827 0.330033 14
    2.64837 0.20132 12
  5.1012 3 + 2
    2.78458 0.5495 10
    5.1012 0.4505 0
  5.1294 1 - 2
    2.81278 0.7937 10
    3.83579 0.2063 2
  5.16 9 + 2
    3.46199 0.5 7
    3.86639 0.5 2
  5.18527 3 - 6
    0.36194 0.01608 85
    0.45457 0.032159 81
    0.6599 0.036489 75
    1.62466 0.166995 40
    1.75343 0.129896 34
    2.67734 0.618381 14
  5.235 7 + 2
    3.6751 0.5 3
    5.235 0.5 0
  5.27 1 - 2
    3.7101 0.5 3
    5.27 0.5 0
  5.29886 3 + 7
    0.56816 0.111809 81
    0.77349 0.12501 75
    1.81036 0.072376 37
    1.86702 0.078956 34
    2.85103 0.328926 12
    3.15504 0.174314 8
    3.71686 0.108609 4
  5.335 7 - 2
    3.753 0.5 4
    4.04139 0.5 2
  5.4017 17 + 2
    3.08508 0.1597 10
    5.4017 0.8403 0
  5.448 3 - 2
    4.15439 0.5 2
    4.46752 0.5 1
  5.49661 7 + 8
    0.88713 0.023872 78
    1.50012 0.085596 57
    2.78404 0.090096 20
    2.96895 0.072075 15
    2.98868 0.011711 14
    3.0017 0.045503 13
    3.17999 0.220715 10
    5.49661 0.450432 0
  5.543 1 - 2
    3.9831 0.5 3
    5.543 0.5 0
  5.54819 5 + 5
    0.62036 0.009329 89
    1.55779 0.164397 56
    2.39587 0.093288 26
    3.87096 0.288794 6
    5.54819 0.444192 0
  5.55739 3 - 2
    0.25853 0.2063 104
    1.50642 0.7937 59
  5.57524 9 + 3
    0.71281 0.053328 87
    2.86267 0.66668 20
    5.57524 0.279992 0
  5.60458 5 - 5
    0.41931 0.01468 101
    0.65564 0.02284 90
    0.742149 0.206596 87
    1.95312 0.212096 46
    5.60458 0.543789 0
  5.61083 1 + 3
    0.88013 0.2946 81
    3.9336 0.3876 6
    5.61083 0.3178 0
  5.62 3 - 2
    4.32639 0.5 2
    4.63952 0.5 1
  5.65566 11 + 4
    2.41501 0.286423 32
    2.51382 0.145612 25
    3.48896 0.485439 9
    4.06255 0.082527 5
  5.65925 5 - 3
    1.35624 0.1307 69
    4.09935 0.2157 3
    5.65925 0.6536 0
  5.717 3 + 2
    4.1571 0.5 3
    5.717 0.5 0
  5.8008 7 - 5
    1.05133 0.072372 84
    1.06494 0.32891 82
    2.02614 0.102003 49
    3.29287 0.305909 14
    4.82032 0.190806 1
  5.816 1 + 2
    4.234 0.5 4
    4.83552 0.5 1
  5.82666 5 + 5
    1.0908 0.121588 82
    1.60604 0.20388 63
    2.30528 0.145085 38
    2.59109 0.137286 31
    4.53305 0.392161 2
  5.852 3 - 2
    4.55839 0.5 2
    4.87152 0.5 1
  5.88695 3 - 4
    1.15625 0.2023 81
    2.06005 0.1829 51
    3.13022 0.3891 21
    4.90647 0.2257 1
  5.9125 9 + 7
    0.89127 0.051143 94
    1.74793 0.062504 62
    2.67185 0.144909 32
    3.13825 0.15911 23
    3.15077 0.142009 22
    3.40457 0.284117 14
    3.41759 0.156209 13
  5.933 1 - 2
    4.3731 0.5 3
    5.933 0.5 0
  5.95241 5 + 2
    2.8001 0.2308 26
    3.19068 0.7692 22
  5.96889 7 - 3
    1.80432 0.090909 62
    3.19464 0.340897 23
    3.20716 0.568194 22
  5.986 5 + 2
    4.69239 0.5 2
    5.00552 0.5 1
  6.04067 3 - 5
    2.27913 0.058825 48
    2.8051 0.367629 31
    2.82706 0.172814 29
    3.28394 0.25002 21
    3.72405 0.150712 10
  6.062 1 + 2
    4.48 0.5 4
    5.08152 0.5 1
  6.07076 7 - 4
    1.24743 0.4367 85
    2.45799 0.1659 44
    4.37275 0.1965 7
    4.77715 0.2009 2
  6.07856 3 - 5
    0.41931 0.01583 117
    1.85794 0.427887 63
    2.83791 0.269592 32
    4.38055 0.136896 7
    4.49656 0.149796 4
  6.109 5 + 2
    4.81539 0.5 2
    5.12852 0.5 1
  6.18604 1 + 5
    0.88718 0.04044 104
    2.13507 0.3162 59
    2.94539 0.1912 32
    3.03373 0.3676 26
    4.50881 0.08456 6
  6.19 9 - 2
    3.87338 0.5 10
    4.51277 0.5 6
  6.2115 3 + 3
    3.68384 0.839625 15
    3.71659 0.088163 13
    3.89488 0.072212 10
  6.22988 5 - 3
    1.77016 0.146685 73
    2.08373 0.666633 61
    3.07756 0.186681 26
  6.25596 7 + 4
    0.64513 0.024722 114
    2.01174 0.368529 65
    3.74803 0.157313 14
    4.67396 0.449436 4
  6.261 13 - 2
    2.72655 0.5 39
    3.73334 0.5 15
  6.29005 3 - 5
    2.04583 0.202708 65
    4.69694 0.337813 5
    4.70805 0.067573 4
    5.30957 0.064193 1
    6.29005 0.327713 0
  6.35 1 + 2
    4.768 0.5 4
    5.36952 0.5 1
  6.39431 5 + 5
    2.56741 0.1168 51
    2.61965 0.2612 49
    2.8337 0.1684 40
    4.22761 0.11 9
    4.6963 0.3436 7
  6.43451 3 - 4
    0.607849 0.100403 121
    2.08885 0.096073 71
    3.38629 0.436713 24
    4.11789 0.366811 10
  6.45015 7 + 4
    0.623489 0.084337 121
    1.84067 0.192792 78
    2.68861 0.602376 48
    6.45015 0.120495 0
  6.497 3 - 1
    5.20339 1 2
  6.52813 5 + 3
    2.53164 0.201008 57
    2.87667 0.054362 46
    3.81556 0.74463 20
  6.601 1 - 2
    5.0411 0.5 3
    6.601 0.5 0
  6.63 11 + 2
    4.12207 0.5 14
    4.95277 0.5 6
  6.654 5 - 2
    5.0941 0.5 3
    6.654 0.5 0
  6.704 9 + 2
    5.00599 0.5 7
    5.41039 0.5 2
  6.76977 3 - 4
    1.47091 0.2968 104
    3.62793 0.3534 25
    4.1758 0.1519 16
    5.47616 0.1979 2
  6.78254 1 + 4
    1.28593 0.3802 108
    2.52218 0.251 66
    3.54189 0.2243 32
    4.46592 0.1445 10
  6.79136 7 - 6
    0.7128 0.063832 132
    0.90441 0.113503 123
    1.60609 0.354611 101
    1.77013 0.131204 94
    4.47474 0.056742 10
    5.11413 0.280108 6
  6.809 5 + 2
    5.51539 0.5 2
    5.82852 0.5 1
  6.83543 3 - 8
    0.338431 0.003165 145
    1.65016 0.126607 101
    1.73923 0.216212 97
    2.54645 0.150308 68
    3.69359 0.092305 25
    4.66873 0.079114 9
    5.1582 0.068574 6
    5.54182 0.263714 2
  6.874 1 + 2
    5.292 0.5 4
    5.89352 0.5 1
  6.919 7 - 2
    5.337 0.5 4
    5.62539 0.5 2
  6.98 5 + 2
    5.68639 0.5 2
    5.99952 0.5 1
  6.99553 3 - 4
    2.69252 0.325023 69
    2.94456 0.357125 59
    4.2388 0.271419 21
    5.3183 0.046433 6
  7.02097 3 - 4
    0.49284 0.004679 146
    3.02448 0.165887 57
    3.7854 0.425366 31
    5.72736 0.404068 2
  7.03528 5 - 6
    2.21195 0.164705 85
    3.42251 0.120504 44
    4.32271 0.112403 20
    4.89146 0.092373 8
    5.35805 0.401612 6
    5.47538 0.108403 3
  7.085 1 + 2
    5.503 0.5 4
    6.10452 0.5 1
  7.159 7 + 2
    5.5991 0.5 3
    7.159 0.5 0
  7.232 9 + 2
    5.53399 0.5 7
    5.93839 0.5 2
  7.319 3 - 2
    6.02539 0.5 2
    6.33852 0.5 1
  7.36115 5 + 6
    1.53449 0.036619 121
    2.43332 0.355493 89
    2.61566 0.241695 83
    3.74838 0.117298 44
    4.64858 0.127997 20
    5.77915 0.120898 4
  7.42 1 - 2
    5.8601 0.5 3
    7.42 0.5 0
  7.471 3 + 2
    5.9111 0.5 3
    7.471 0.5 0
  7.511 7 - 2
    5.929 0.5 4
    6.21739 0.5 2
  7.59306 5 + 3
    1.06493 0.458377 146
    3.30408 0.498275 68
    4.88049 0.043348 20
  7.617 1 - 2
    6.0571 0.5 3
    7.617 0.5 0
  7.65493 3 + 7
    2.10674 0.069929 110
    2.35607 0.058279 104
    2.7271 0.109599 89
    2.91907 0.158498 82
    3.36595 0.191098 68
    3.41071 0.179498 65
    5.51111 0.233098 8
  7.836 5 - 2
    6.2761 0.5 3
    7.836 0.5 0
  7.893 9 + 2
    6.19499 0.5 7
    6.59939 0.5 2
  7.93898 7 - 6
    1.72748 0.136495 136
    1.86822 0.078497 131
    1.98657 0.088736 126
    3.79283 0.225291 61
    5.22641 0.129695 20
    6.64537 0.341286 2
  8.041 3 + 2
    6.4811 0.5 3
    8.041 0.5 0
  8.116 1 - 2
    6.5561 0.5 3
    8.116 0.5 0
  8.152 5 + 2
    6.85839 0.5 2
    7.17152 0.5 1
  8.19021 3 - 5
    2.53455 0.2639 116
    3.94599 0.2322 65
    4.42867 0.1055 48
    4.66883 0.1609 38
    4.70171 0.2375 37
  8.20011 11 + 8
    1.91006 0.202912 140
    2.12155 0.074534 132
    3.74039 0.180111 73
    3.93975 0.176011 66
    4.37321 0.076605 51
    4.6395 0.062114 40
    5.15189 0.207012 24
    6.52288 0.020701 6
  8.268 7 - 2
    6.686 0.5 4
    6.97439 0.5 2
  8.349 5 + 2
    7.05539 0.5 2
    7.36852 0.5 1
  8.464 1 - 2
    6.9041 0.5 3
    8.464 0.5 0
  8.548 3 + 2
    6.9881 0.5 3
    8.548 0.5 0
  8.66 5 - 2
    7.1001 0.5 3
    8.66 0.5 0
  8.748 3 + 2
    7.1881 0.5 3
    8.748 0.5 0
  8.801 1 - 2
    7.2411 0.5 3
    8.801 0.5 0
  8.873 7 + 2
    7.3131 0.5 3
    8.873 0.5 0
  9.05 9 - 2
    6.73338 0.5 10
    7.37277 0.5 6
  9.116 5 + 2
    7.82239 0.5 2
    8.13552 0.5 1
  9.203 3 - 2
    7.90939 0.5 2
    8.22252 0.5 1
  9.243 1 + 2
    7.661 0.5 4
    8.26252 0.5 1
  9.376 3 - 2
    8.08239 0.5 2
    8.39552 0.5 1
  9.42 5 + 2
    8.12639 0.5 2
    8.43952 0.5 1
  9.471 7 - 2
    7.889 0.5 4
    8.17739 0.5 2
  9.626 21 + 2
    4.2243 0.5 106
    4.6431 0.5 92
  9.7407 3 - 3
    6.30886 0.480781 34
    7.02813 0.432683 20
    8.44709 0.086537 2
  9.789 1 + 2
    8.207 0.5 4
    8.80853 0.5 1
  9.857 5 - 2
    8.2971 0.5 3
    9.857 0.5 0
  9.936 7 + 2
    8.3761 0.5 3
    9.936 0.5 0
  10.093 3 - 2
    8.79939 0.5 2
    9.11252 0.5 1
  10.195 9 + 2
    8.49699 0.5 7
    8.90139 0.5 2
  10.239 5 - 2
    8.6791 0.5 3
    10.239 0.5 0
  12.22 1 + 2
    10.638 0.5 4
    11.2395 0.5 1

19 42 172
  0 4 - 0
  0.106828 6 - 1
    0.106828 1 0
  0.258261 8 - 1
    0.151433 1 1
  0.638726 6 - 3
    0.380465 0.2305 2
    0.531898 0.3789 1
    0.638726 0.3906 0
  0.681943 4 - 2
    0.575115 0.006952 1
    0.681943 0.993048 0
  0.69908 10 - 2
    0.440819 0.956019 2
    0.592252 0.043981 1
  0.78387 4 - 1
    0.78387 1 0
  0.84194 6 - 2
    0.735112 0.1379 1
    0.84194 0.8621 0
  1.11075 6 + 3
    0.26881 0.439426 7
    0.428807 0.050043 4
    1.11075 0.510531 0
  1.14359 8 + 4
    0.30165 0.029699 7
    0.44451 0.250695 5
    0.504864 0.659587 3
    1.03676 0.060019 1
  1.1979 8 - 4
    0.559174 0.108196 3
    0.939639 0.49188 2
    1.09107 0.329587 1
    1.1979 0.070337 0
  1.25482 4 - 4
    0.41288 0.01309 7
    0.616094 0.503505 3
    0.996559 0.312203 2
    1.25482 0.171202 0
  1.26631 2 - 3
    0.584367 0.077928 4
    0.627584 0.272792 3
    1.26631 0.64928 0
  1.27354 8 + 4
    0.4316 0.734271 7
    0.634814 0.023489 3
    1.01528 0.161494 2
    1.16671 0.080747 1
  1.37596 12 + 2
    0.23237 0.104 9
    0.67688 0.896 5
  1.37712 4 - 2
    0.695177 0.2308 4
    1.37712 0.7692 0
  1.40004 4 + 3
    0.28929 0.25639 8
    0.761314 0.069437 3
    1.40004 0.674173 0
  1.40792 2 - 3
    0.725977 0.042562 4
    1.30109 0.139106 1
    1.40792 0.818333 0
  1.45307 8 - 2
    0.19825 0.921163 11
    1.19481 0.078837 2
  1.46365 6 - 2
    0.62171 0.8404 7
    1.46365 0.1596 0
  1.48927 8 + 2
    0.850544 0.5917 3
    1.38244 0.4083 1
  1.51308 8 + 2
    0.67114 0.8474 7
    0.831137 0.1526 4
  1.53873 6 + 1
    0.39514 1 9
  1.692 4 + 2
    0.43718 0.2701 11
    1.58517 0.7299 1
  1.72342 4 - 4
    0.61267 0.859109 8
    0.88148 0.04038 7
    1.08469 0.04038 3
    1.61659 0.060131 1
  1.74561 4 + 2
    0.60202 0.471 9
    0.90367 0.529 7
  1.81687 4 + 3
    0.55056 0.050328 12
    0.56205 0.137996 11
    1.71004 0.811676 1
  1.84298 4 + 3
    0.56944 0.189 13
    1.00104 0.4608 7
    1.84298 0.3502 0
  1.8619 4 - 8
    0.40883 0.009863 18
    0.45398 0.039422 17
    0.59559 0.118206 12
    1.17996 0.231511 4
    1.22317 0.011821 3
    1.60364 0.026111 2
    1.75507 0.070443 1
    1.8619 0.492623 0
  1.91348 4 - 3
    1.07154 0.703714 7
    1.65522 0.281506 2
    1.91348 0.01478 0
  1.93606 12 + 2
    1.23698 0.5556 5
    1.6778 0.4444 2
  1.9375 6 - 5
    0.66396 0.008855 13
    1.15363 0.048962 6
    1.25556 0.520818 4
    1.83067 0.041151 1
    1.9375 0.380213 0
  1.9474 14 + 1
    0.57144 1 14
  1.98797 4 - 3
    0.72166 0.037042 12
    1.2041 0.823049 6
    1.98797 0.139908 0
  2.04932 6 + 2
    0.90573 0.3007 9
    1.20738 0.6993 7
  2.072 4 - 4
    0.8741 0.1307 10
    1.43327 0.1818 3
    1.96517 0.1193 1
    2.072 0.5682 0
  2.1138 6 + 1
    2.1138 1 0
  2.16162 6 - 2
    1.01803 0.641 9
    1.31968 0.359 7
  2.1872 6 + 3
    1.04361 0.3408 9
    1.07645 0.2108 8
    1.40333 0.4484 6
  2.20403 4 - 2
    0.94921 0.080037 11
    1.94577 0.919963 2
  2.23862 4 - 4
    0.37672 0.209311 28
    0.97231 0.036622 12
    2.13179 0.006726 1
    2.23862 0.74734 0
  2.25109 6 - 2
    0.97755 0.949671 13
    1.56915 0.050328 4
  2.314 6 + 2
    2.05574 0.5 2
    2.314 0.5 0
  2.35897 10 - 3
    0.42291 0.2621 30
    0.98301 0.5347 14
    1.65989 0.2032 5
  2.36619 4 - 7
    0.37822 0.019721 33
    0.95827 0.059702 17
    0.98907 0.052032 15
    1.68425 0.01479 4
    2.10793 0.004929 2
    2.25936 0.301209 1
    2.36619 0.547617 0
  2.38883 6 + 7
    0.45133 0.050351 31
    0.57196 0.088852 26
    1.01171 0.139203 15
    1.12252 0.287206 12
    1.70689 0.088832 4
    2.282 0.049451 1
    2.38883 0.296106 0
  2.40182 4 - 9
    0.6784 0.025198 24
    0.91255 0.0042 20
    0.9939 0.058186 17
    1.12828 0.025798 13
    1.13551 0.011999 12
    1.147 0.077985 11
    2.14356 0.131991 2
    2.29499 0.599858 1
    2.40182 0.064785 0
  2.42213 4 + 5
    0.57915 0.043325 27
    1.74019 0.162482 4
    1.7834 0.162482 3
    2.3153 0.601634 1
    2.42213 0.030077 0
  2.48216 2 - 6
    0.54466 0.01899 31
    0.62026 0.654487 28
    1.64022 0.059549 7
    1.80022 0.150497 4
    2.37533 0.088998 1
    2.48216 0.027479 0
  2.5247 10 + 2
    0.98597 0.5 22
    1.68276 0.5 7
  2.5537 4 - 2
    2.29544 0.5 2
    2.5537 0.5 0
  2.57363 6 + 3
    1.0349 0.159316 22
    2.4668 0.549455 1
    2.57363 0.291229 0
  2.60702 6 + 4
    0.86141 0.1575 25
    1.2299 0.3663 15
    1.3522 0.337 11
    1.96829 0.1392 3
  2.62785 6 - 6
    0.76595 0.049473 28
    1.36154 0.353421 12
    1.78591 0.222613 7
    2.36959 0.17311 2
    2.52102 0.109507 1
    2.62785 0.091876 0
  2.64431 6 - 6
    0.70681 0.068581 31
    0.92089 0.080002 24
    1.50072 0.080002 9
    1.96237 0.571411 4
    2.00558 0.040001 3
    2.53748 0.160003 1
  2.65379 6 + 2
    2.39553 0.7874 2
    2.65379 0.2126 0
  2.71812 4 - 5
    0.85622 0.089291 28
    1.341 0.200902 15
    1.45181 0.446404 12
    1.52022 0.102701 10
    1.93425 0.160702 6
  2.76596 4 + 5
    0.2838 0.0397 48
    0.82846 0.281297 31
    1.62237 0.01911 9
    2.08402 0.299297 4
    2.76596 0.360596 0
  2.802 2 + 2
    2.12006 0.5 4
    2.802 0.5 0
  2.844 2 + 2
    2.16206 0.5 4
    2.844 0.5 0
  2.86271 2 + 5
    1.45479 0.572389 17
    1.48559 0.038349 15
    1.5964 0.120198 12
    1.66481 0.01717 10
    2.02077 0.251895 7
  2.87798 6 - 8
    0.80598 0.2466 35
    0.9645 0.06904 29
    1.47006 0.1085 17
    2.09411 0.09862 6
    2.1789 0.2465 5
    2.19604 0.1479 4
    2.77115 0.04931 1
    2.87798 0.03353 0
  2.91702 2 + 2
    1.6622 0.3103 11
    2.81019 0.6897 1
  2.92609 2 + 4
    0.53726 0.088433 45
    1.47302 0.142889 18
    1.67127 0.088433 11
    2.92609 0.680246 0
  2.93859 2 + 4
    1.12172 0.429157 26
    1.48552 0.111589 18
    2.09665 0.120188 7
    2.93859 0.339066 0
  2.99151 2 + 2
    0.63254 0.3939 43
    1.04411 0.6061 32
  3.00835 6 + 5
    0.84673 0.11 37
    1.81045 0.08 10
    1.86476 0.15 9
    2.16641 0.5 7
    3.00835 0.16 0
  3.01446 0 + 5
    0.61264 0.268205 46
    1.50138 0.059011 21
    2.17252 0.037021 7
    2.33252 0.099252 4
    2.90763 0.536511 1
  3.0211 2 - 4
    0.81707 0.102296 39
    1.76628 0.51148 11
    2.76284 0.063937 2
    3.0211 0.322287 0
  3.04015 6 - 3
    0.61802 0.217898 47
    2.34107 0.079409 5
    3.04015 0.702693 0
  3.09 2 + 2
    2.40806 0.5 4
    3.09 0.5 0
  3.132 0 + 2
    1.73196 0.5 16
    1.86569 0.5 12
  3.1681 2 - 2
    1.0543 0.3789 36
    2.02451 0.6211 9
  3.19582 0 + 6
    1.7879 0.212113 17
    1.8187 0.16061 15
    1.99792 0.081825 10
    2.41195 0.081825 6
    2.55709 0.16061 3
    3.19582 0.303018 0
  3.21064 2 - 2
    1.80272 0.2908 17
    3.21064 0.7092 0
  3.23392 0 + 5
    1.39094 0.2874 27
    1.83388 0.1782 16
    2.03602 0.2069 10
    2.09033 0.1695 9
    3.12709 0.158 1
  3.2844 2 - 4
    1.08037 0.035777 39
    2.0865 0.357771 10
    2.50053 0.436265 6
    3.17757 0.170186 1
  3.28719 2 + 3
    1.91007 0.121988 15
    2.64846 0.268273 3
    3.02893 0.609739 2
  3.29532 0 - 3
    2.18457 0.5102 8
    3.18849 0.102 1
    3.29532 0.3878 0
  3.30434 2 + 3
    1.55873 0.6897 25
    2.19359 0.1586 8
    2.6224 0.1517 4
  3.32374 6 - 4
    2.62466 0.131112 5
    3.06548 0.075417 2
    3.21691 0.137712 1
    3.32374 0.655759 0
  3.36734 0 + 5
    1.99022 0.263176 15
    2.10103 0.081863 12
    2.11252 0.099411 11
    2.6854 0.263176 4
    3.36734 0.292374 0
  3.41845 2 - 9
    0.81143 0.029933 52
    1.36913 0.119013 34
    1.43048 0.017012 33
    1.57547 0.071438 27
    2.16363 0.059867 11
    2.22055 0.340137 10
    2.3077 0.042865 8
    2.77972 0.108812 3
    3.16019 0.210923 2
  3.42128 8 + 3
    1.21725 0.079136 39
    1.60441 0.238717 26
    3.42128 0.682148 0
  3.49781 2 - 1
    1.13884 1 43
  3.5029 0 + 6
    1.5654 0.130299 31
    2.04983 0.151998 18
    2.12578 0.080349 15
    2.35931 0.542895 9
    2.66096 0.04343 7
    2.82096 0.051029 4
  3.52895 2 - 4
    2.0653 0.30033 19
    2.26264 0.138614 12
    2.74508 0.231023 6
    3.52895 0.330033 0
  3.5599 8 + 1
    1.6125 1 32
  3.587 0 - 2
    2.90506 0.5 4
    3.587 0.5 0
  3.62124 2 + 3
    1.57192 0.628963 34
    1.75934 0.220122 28
    3.51441 0.150915 1
  3.65859 10 - 6
    2.11986 0.054315 22
    2.38505 0.131712 13
    2.39228 0.321329 12
    2.40377 0.170315 11
    2.46069 0.22172 10
    3.40033 0.100609 2
  3.67415 4 + 4
    1.60215 0.423692 35
    1.81225 0.059319 28
    2.83221 0.394092 7
    2.99221 0.122898 4
  3.69644 2 - 7
    1.33025 0.03904 44
    2.24337 0.129101 18
    2.31932 0.189202 15
    2.58569 0.02492 8
    2.99736 0.02613 5
    3.0145 0.300303 4
    3.58961 0.291303 1
  3.758 8 + 2
    3.11927 0.5 3
    3.65117 0.5 1
  3.77064 0 - 3
    2.50433 0.2339 12
    2.98677 0.1813 6
    3.0887 0.5848 4
  3.79464 4 + 4
    1.88116 0.50251 29
    3.01077 0.241205 6
    3.1127 0.201004 4
    3.79464 0.055281 0
  3.79815 2 - 3
    2.39811 0.4902 16
    2.6874 0.3284 8
    3.53989 0.1814 2
  3.83171 4 + 2
    1.64451 0.5102 38
    3.83171 0.4898 0
  3.86199 8 - 8
    0.9234 0.039948 64
    2.11638 0.167793 25
    2.13857 0.157094 24
    2.37272 0.109196 20
    2.48487 0.039948 15
    3.18005 0.266289 4
    3.22326 0.022639 3
    3.75516 0.197092 1
  3.87698 2 + 4
    2.41333 0.117904 19
    2.47694 0.241407 16
    3.03504 0.561517 7
    3.77015 0.079172 1
  3.88834 0 - 4
    1.68431 0.459982 39
    1.90037 0.197792 33
    2.48042 0.26219 17
    3.2064 0.080037 4
  3.89013 4 + 4
    0.95154 0.181484 64
    1.02742 0.088882 60
    1.97665 0.370367 29
    3.89013 0.359268 0
  3.93464 10 - 4
    0.27605 0.571383 90
    2.82389 0.091427 8
    3.15077 0.188594 6
    3.82781 0.148596 1
  4.01392 2 + 5
    2.55027 0.03892 19
    2.606 0.130301 17
    2.74038 0.200002 13
    2.74761 0.090271 12
    4.01392 0.540505 0
  4.03693 6 - 3
    2.78211 0.833358 11
    3.33785 0.110808 5
    4.03693 0.055834 0
  4.03995 4 + 4
    0.80603 0.4808 75
    1.67376 0.1394 44
    2.63203 0.2692 17
    4.03995 0.1106 0
  4.0539 8 - 4
    1.66507 0.107107 45
    2.78759 0.630144 12
    3.27003 0.080036 6
    4.0539 0.182713 0
  4.09214 2 + 2
    1.10063 0.7353 65
    1.73317 0.2647 43
  4.10377 4 - 2
    2.1158 0.4792 33
    2.19029 0.5208 29
  4.1053 0 + 2
    3.32143 0.7519 6
    4.1053 0.2481 0
  4.12834 2 - 12
    1.87725 0.110994 41
    1.94114 0.031108 38
    2.26644 0.074766 28
    2.38273 0.089236 25
    2.72042 0.149493 17
    2.75122 0.091645 15
    2.8548 0.027259 13
    2.86203 0.110994 12
    2.98475 0.030148 9
    3.2864 0.020979 7
    3.48961 0.241188 3
    4.12834 0.022189 0
  4.15239 4 + 4
    1.2138 0.067947 64
    1.76356 0.107595 45
    3.31045 0.566272 7
    3.89413 0.258187 2
  4.15467 8 - 3
    2.69102 0.5043 19
    3.31273 0.3076 7
    4.15467 0.1881 0
  4.17944 2 + 2
    2.66636 0.7299 21
    2.98154 0.2701 10
  4.25912 4 - 4
    2.56712 0.3846 23
    3.41718 0.1731 7
    3.57718 0.2615 4
    4.25912 0.1808 0
  4.38978 10 + 5
    2.02359 0.3906 44
    2.98186 0.1406 17
    3.27903 0.1602 8
    3.70784 0.1992 4
    4.13152 0.1094 2
  4.41661 0 - 11
    2.01479 0.121208 46
    2.02778 0.032322 45
    2.55471 0.058594 28
    2.59974 0.090916 26
    2.95296 0.15151 19
    3.16179 0.202014 11
    3.57467 0.026262 7
    3.77788 0.061624 3
    4.15835 0.008082 2
    4.30978 0.045453 1
    4.41661 0.202014 0
  4.42825 2 + 6
    0.92535 0.160303 85
    1.56554 0.101202 60
    2.49075 0.222204 31
    2.9646 0.210904 19
    3.16194 0.281206 12
    3.3175 0.02418 8
  4.44315 4 - 3
    1.15596 0.30043 77
    2.07696 0.448445 44
    2.45518 0.251125 33
  4.48105 8 + 7
    2.49308 0.068995 33
    2.66418 0.119808 26
    3.3703 0.363125 8
    3.63911 0.041393 7
    3.84232 0.075535 3
    4.37422 0.261418 1
    4.48105 0.069725 0
  4.55667 2 - 5
    3.09302 0.267489 19
    3.28313 0.178293 13
    3.29036 0.046928 12
    3.71473 0.038008 7
    3.87473 0.469281 4
  4.57626 4 + 6
    1.65924 0.1093 62
    2.0941 0.1589 48
    2.32517 0.1192 41
    2.50426 0.0894 35
    3.11261 0.3311 19
    3.46551 0.1921 8
  4.59059 6 - 7
    2.18877 0.1494 46
    2.77372 0.09007 26
    3.07751 0.1028 21
    3.12694 0.1388 19
    3.47984 0.4394 8
    4.33233 0.03076 2
    4.48376 0.04877 1
  4.6035 0 + 1
    1.0436 1 87
  4.61278 4 - 6
    1.98493 0.098744 53
    2.40875 0.161606 39
    2.45116 0.219909 37
    3.34647 0.054762 12
    3.46919 0.448818 9
    4.61278 0.016161 0
  4.66073 2 + 4
    0.98658 0.30303 91
    3.25281 0.221222 17
    3.39442 0.212121 12
    4.40247 0.263626 2
  4.71541 6 - 4
    2.89854 0.538805 26
    4.03347 0.301703 4
    4.45715 0.099681 2
    4.71541 0.059811 0
  4.7459 8 + 2
    1.24809 0.5319 84
    1.75439 0.4681 65
  4.74854 6 - 4
    2.03042 0.583123 56
    2.56134 0.139906 38
    4.04946 0.227409 5
    4.74854 0.049562 0
  4.77804 4 + 5
    2.01208 0.495525 57
    2.70604 0.128806 35
    2.96117 0.247812 26
    3.9361 0.060463 7
    4.0961 0.067393 4
  4.80684 2 - 9
    1.57292 0.137597 75
    2.17899 0.198096 53
    2.19982 0.070489 52
    2.60281 0.065119 39
    2.94494 0.080558 28
    3.34319 0.02081 19
    3.55202 0.076868 11
    4.02297 0.335693 6
    4.1249 0.01477 4
  4.8536 10 + 2
    2.48741 0.4286 44
    4.8536 0.5714 0
  4.8786 4 - 3
    1.51126 0.2644 81
    3.1866 0.2548 23
    3.47068 0.4808 17
  4.904 2 + 3
    3.45093 0.604964 18
    4.20492 0.068356 5
    4.64574 0.32668 2
  4.939 0 - 4
    2.06102 0.1318 61
    2.70038 0.2273 40
    3.02552 0.4545 29
    4.939 0.1864 0
  4.943 4 + 3
    1.05287 0.7752 101
    1.9219 0.124 68
    4.10106 0.1008 7
  4.96 6 - 3
    2.888 0.1472 35
    3.44692 0.6135 21
    3.58288 0.2393 15
  5.003 2 + 5
    2.07691 0.630938 63
    2.58087 0.233414 47
    3.27958 0.059944 24
    4.21913 0.037852 6
    4.89617 0.037852 1
  5.064 8 - 3
    3.22102 0.3111 27
    3.79046 0.3704 13
    4.42527 0.3185 3
  5.081 4 + 4
    3.81469 0.1371 12
    4.39906 0.1452 4
    4.44227 0.4032 3
    5.081 0.3145 0
  5.097 12 - 5
    1.8126 0.110693 76
    2.52337 0.395276 51
    2.69518 0.276683 46
    2.73081 0.130392 44
    5.097 0.086955 0
  5.142 2 + 2
    4.46006 0.5 4
    5.142 0.5 0
  5.179 6 - 2
    1.89181 0.7463 77
    3.26552 0.2537 29
  5.247 4 + 4
    3.25903 0.081086 33
    3.50139 0.048653 25
    3.86988 0.329723 15
    4.40506 0.540538 7
  5.319 0 - 6
    1.90055 0.188404 82
    2.44102 0.157003 61
    3.08038 0.073271 40
    4.1211 0.348907 10
    4.53513 0.171003 6
    4.63706 0.061411 4
  5.3635 2 + 2
    4.68156 0.5 4
    5.3635 0.5 0
  5.3801 8 - 2
    5.12184 0.5 2
    5.3801 0.5 0
  5.477 6 + 4
    2.71104 0.1543 57
    3.66013 0.5714 26
    4.36625 0.12 8
    4.69313 0.1543 6
  5.484 4 - 2
    5.22574 0.5 2
    5.484 0.5 0
  5.5557 2 + 2
    4.87376 0.5 4
    5.5557 0.5 0
  5.6225 4 - 2
    5.36424 0.5 2
    5.6225 0.5 0
  5.63 6 + 3
    2.33468 0.6211 78
    4.14073 0.1429 20
    4.25404 0.236 14
  5.6546 10 - 2
    5.01587 0.5 3
    5.54777 0.5 1
  5.6827 2 + 2
    5.00076 0.5 4
    5.6827 0.5 0
  5.697 4 - 4
    3.625 0.101903 35
    4.23335 0.073362 19
    4.31988 0.772223 15
    5.05828 0.052512 3
  5.711 0 + 4
    1.6057 0.372163 109
    1.67407 0.234477 104
    3.45991 0.267973 41
    5.45274 0.125387 2
  5.7235 8 - 2
    5.46524 0.5 2
    5.7235 0.5 0
  5.7375 6 + 2
    5.47924 0.5 2
    5.7375 0.5 0
  5.7477 2 - 2
    5.10898 0.5 3
    5.64087 0.5 1
  5.76 4 + 6
    2.33872 0.446187 83
    2.34155 0.120496 82
    2.45566 0.205294 79
    2.88202 0.062468 61
    2.89729 0.089247 60
    4.27073 0.076308 20
  5.7724 6 - 2
    5.13367 0.5 3
    5.66557 0.5 1
  5.79 2 + 2
    1.75005 0.8913 105
    3.80203 0.1087 33
  5.8093 4 - 2
    5.55104 0.5 2
    5.8093 0.5 0
  5.8194 8 + 2
    5.18067 0.5 3
    5.71257 0.5 1
  5.847 0 - 3
    2.54266 0.625 79
    3.08104 0.2625 57
    4.73625 0.1125 8
  5.8964 4 + 2
    5.25767 0.5 3
    5.78957 0.5 1
  5.9272 2 - 2
    5.28847 0.5 3
    5.82037 0.5 1
  5.954 6 + 5
    2.33276 0.210694 89
    2.4511 0.257092 85
    3.34698 0.065318 52
    3.882 0.045509 35
    4.69918 0.421387 11
  5.9687 4 - 2
    5.71044 0.5 2
    5.9687 0.5 0
  5.978 2 + 5
    3.35015 0.459572 53
    3.81638 0.238986 37
    4.46492 0.035848 21
    4.60204 0.068006 14
    5.33927 0.197588 3
  6.0126 6 - 2
    5.37387 0.5 3
    5.90577 0.5 1
  6.45 0 + 2
    5.04996 0.5 16
    5.18369 0.5 12

19 43 66
  0 3 + 0
  0.5612 1 + 1
    0.5612 1 0
  0.7381 7 - 1
    0.7381 1 0
  0.975 3 - 2
    0.4138 0.041238 1
    0.975 0.958762 0
  1.1103 3 + 2
    0.5491 0.3007 1
    1.1103 0.6993 0
  1.2069 7 + 1
    1.2069 1 0
  1.5099 7 + 2
    0.303 0.082618 5
    1.5099 0.917382 0
  1.5496 3 + 2
    0.4393 0.1072 4
    1.5496 0.8928 0
  1.815 5 + 2
    1.0769 0.5 2
    1.2538 0.5 1
  1.8501 11 - 1
    1.112 1 2
  1.866 3 + 4
    0.7557 0.009198 4
    0.891 0.613139 3
    1.3048 0.015941 1
    1.866 0.361723 0
  1.956 7 + 2
    0.8457 0.5 4
    1.956 0.5 0
  2.035 3 + 2
    0.9247 0.5 4
    2.035 0.5 0
  2.0483 5 - 1
    1.3102 1 2
  2.086 7 + 2
    0.9757 0.5 4
    2.086 0.5 0
  2.1776 5 - 4
    0.6677 0.004036 6
    1.2026 0.228488 3
    1.4395 0.76146 2
    2.1776 0.006016 0
  2.1895 3 - 3
    0.6399 0.099636 7
    1.0792 0.162393 4
    2.1895 0.73797 0
  2.218 3 - 2
    1.4799 0.5 2
    1.6568 0.5 1
  2.3448 5 + 7
    0.1672 0.004425 15
    0.4788 0.206797 10
    1.1379 0.01482 5
    1.2345 0.01092 4
    1.3698 0.351095 3
    1.7836 0.02185 1
    2.3448 0.390094 0
  2.451 1 + 2
    1.476 0.5 3
    1.8898 0.5 1
  2.5093 7 + 2
    0.461 0.5 13
    0.9994 0.5 6
  2.548 1 - 2
    1.4377 0.5 4
    2.548 0.5 0
  2.67 5 + 2
    1.9319 0.5 2
    2.1088 0.5 1
  2.784 5 + 2
    2.0459 0.5 2
    2.2228 0.5 1
  2.879 3 + 2
    1.7687 0.5 4
    2.879 0.5 0
  2.98 9 - 2
    1.4701 0.5 6
    1.7731 0.5 5
  3.057 5 + 1
    2.3189 1 2
  3.084 1 - 2
    1.9737 0.5 4
    3.084 0.5 0
  3.1152 15 - 1
    1.2651 1 9
  3.139 9 - 1
    1.2889 1 9
  3.155 1 - 2
    2.0447 0.5 4
    3.155 0.5 0
  3.19 3 + 2
    2.0797 0.5 4
    3.19 0.5 0
  3.25 5 + 2
    2.5119 0.5 2
    2.6888 0.5 1
  3.2636 3 + 4
    1.3976 0.308794 10
    2.2886 0.161797 3
    2.7024 0.039219 1
    3.2636 0.49019 0
  3.3094 5 - 6
    1.1199 0.01998 16
    1.1318 0.07493 15
    1.4434 0.2997 10
    2.1025 0.05994 5
    2.3344 0.4995 3
    3.3094 0.04595 0
  3.33 5 + 2
    2.5919 0.5 2
    2.7688 0.5 1
  3.3931 3 + 1
    3.3931 1 0
  3.4549 1 - 7
    1.2773 0.02407 15
    1.5889 0.1026 10
    1.9053 0.038 7
    2.3446 0.01203 4
    2.4799 0.6333 3
    2.8937 0.171 1
    3.4549 0.019 0
  3.56 9 - 2
    2.0501 0.5 6
    2.3531 0.5 5
  3.6081 1 - 6
    1.4186 0.205786 16
    1.5598 0.302479 13
    2.0585 0.170788 7
    2.0982 0.156389 6
    2.4012 0.045267 5
    2.87 0.119292 2
  3.646 13 - 3
    2.4391 0.798052 5
    2.5357 0.143691 4
    3.646 0.058257 0
  3.7142 1 - 5
    1.3694 0.02939 18
    2.5073 0.068351 5
    2.6039 0.068351 4
    2.7392 0.150402 3
    3.7142 0.683507 0
  3.841 7 - 2
    2.866 0.5 3
    3.1029 0.5 2
  3.878 9 - 2
    2.3681 0.5 6
    2.6711 0.5 5
  3.95 5 - 2
    2.8397 0.5 4
    3.95 0.5 0
  4.022 11 - 2
    2.1719 0.5 9
    3.2839 0.5 2
  4.05 1 + 2
    3.075 0.5 3
    3.4888 0.5 1
  4.128 3 - 2
    3.3899 0.5 2
    3.5668 0.5 1
  4.181 5 + 2
    3.4429 0.5 2
    3.6198 0.5 1
  4.238 7 - 2
    3.263 0.5 3
    3.4999 0.5 2
  4.27 3 + 2
    3.1597 0.5 4
    4.27 0.5 0
  4.39 1 - 2
    3.2797 0.5 4
    4.39 0.5 0
  4.47 5 + 2
    3.7319 0.5 2
    3.9088 0.5 1
  4.52 7 - 2
    3.545 0.5 3
    3.7819 0.5 2
  4.66 3 + 2
    3.5497 0.5 4
    4.66 0.5 0
  4.792 9 - 2
    3.2821 0.5 6
    3.5851 0.5 5
  4.84 5 + 2
    4.1019 0.5 2
    4.2788 0.5 1
  4.9 1 - 2
    3.7897 0.5 4
    4.9 0.5 0
  5.01 3 + 2
    3.8997 0.5 4
    5.01 0.5 0
  5.13 7 - 2
    4.155 0.5 3
    4.3919 0.5 2
  5.188 5 + 2
    4.4499 0.5 2
    4.6268 0.5 1
  5.24 3 - 2
    4.5019 0.5 2
    4.6788 0.5 1
  5.36 1 + 2
    4.385 0.5 3
    4.7988 0.5 1
  5.61 5 - 2
    4.4997 0.5 4
    5.61 0.5 0
  5.9 3 + 2
    4.7897 0.5 4
    5.9 0.5 0
  7.45 7 - 2
    6.475 0.5 3
    6.7119 0.5 2

19 44 19
  0 4 - 0
  0.1827 0 - 1
    0.1827 1 0
  0.3829 2 - 1
    0.3829 1 0
  0.5201 6 - 2
    0.1372 0.6978 2
    0.5201 0.3022 0
  0.8117 8 - 1
    0.2916 1 3
  0.969 10 - 1
    0.5861 1 2
  1.0136 4 - 1
    0.6307 1 2
  1.0514 2 - 2
    0.5313 0.03101 3
    1.0514 0.96899 0
  1.0768 6 - 3
    0.6939 0.1302 2
    0.8941 0.349 1
    1.0768 0.5208 0
  1.241 4 + 2
    0.2274 0.6993 6
    0.7209 0.3007 3
  1.3679 2 + 2
    0.1269 0.8475 9
    0.5562 0.1525 4
  1.4596 12 + 3
    0.4082 0.523548 7
    1.2769 0.19898 1
    1.4596 0.277472 0
  1.48 8 + 2
    0.511 0.5 5
    0.9599 0.5 3
  1.5 6 + 2
    0.6883 0.5 4
    1.5 0.5 0
  1.8861 2 + 4
    0.4265 0.028098 11
    0.8093 0.020769 8
    1.7034 0.610857 1
    1.8861 0.340276 0
  1.99 4 + 2
    1.4699 0.5 3
    1.6071 0.5 2
  2.06 0 + 2
    1.0086 0.5 7
    1.6771 0.5 2
  2.3259 2 + 3
    0.8663 0.5 11
    2.1432 0.245 1
    2.3259 0.255 0
  2.5743 2 + 1
    1.1147 1 11

19 45 27
  0 3 + 0
  0.47445 1 + 1
    0.47445 1 0
  1.02003 7 + 1
    1.02003 1 0
  1.08138 7 - 2
    0.06135 0.953648 2
    1.08138 0.046352 0
  1.4243 1 - 2
    0.94985 0.605 1
    1.4243 0.395 0
  1.4739 5 + 1
    1.4739 1 0
  1.63915 3 - 3
    0.55777 0.1571 3
    0.61912 0.1995 2
    1.63915 0.6434 0
  1.7226 3 - 1
    1.7226 1 0
  2.18822 7 - 2
    0.54907 0.1923 6
    1.10684 0.8077 3
  2.517 3 - 3
    1.0431 0.3286 5
    1.43562 0.3571 3
    2.517 0.3143 0
  2.5687 3 - 2
    0.8461 0.2571 7
    1.54867 0.7429 2
  2.7479 1 - 2
    1.3236 0.4012 4
    2.7479 0.5988 0
  2.7866 5 - 1
    0.59838 1 8
  3.31118 3 - 2
    1.12296 0.8 8
    1.67203 0.2 6
  3.3983 3 - 1
    1.21008 1 8
  3.44 5 + 2
    2.35862 0.5 3
    2.96555 0.5 1
  3.69 5 + 2
    2.60862 0.5 3
    3.21555 0.5 1
  3.7072 9 + 4
    1.1385 0.01512 10
    2.2829 0.0189 4
    2.68717 0.210096 2
    3.7072 0.755885 0
  3.753 11 + 1
    2.73297 1 2
  3.99662 9 + 4
    0.68544 0.053834 13
    1.8084 0.585147 8
    2.35747 0.348728 6
    3.99662 0.012291 0
  4.044 5 + 1
    4.044 1 0
  4.3573 1 + 4
    1.8403 0.380662 9
    2.8834 0.144686 5
    3.33727 0.253875 2
    4.3573 0.220778 0
  4.5691 7 + 1
    4.5691 1 0
  4.9 5 - 2
    3.87997 0.5 2
    4.9 0.5 0
  5.13 13 + 2
    1.13338 0.5 19
    1.4228 0.5 17
  7.77 1 - 2
    6.3457 0.5 4
    7.77 0.5 0
  12.62 5 + 2
    11.5386 0.5 3
    12.1456 0.5 1

19 46 16
  0 4 - 0
  0.5874 6 - 1
    0.5874 1 0
  0.6909 8 - 2
    0.1035 0.7266 1
    0.6909 0.2734 0
  0.8855 10 - 1
    0.1946 1 2
  1.3699 6 - 1
    0.679 1 2
  1.7384 8 - 1
    1.151 1 1
  1.94434 2 + 1
    1.94434 1 0
  2.222 0 + 1
    2.222 1 0
  2.79 4 + 2
    1.4201 0.5 4
    2.2026 0.5 1
  2.969 8 - 2
    2.2781 0.5 2
    2.969 0.5 0
  3.383 2 + 2
    1.43866 0.5 6
    3.383 0.5 0
  3.606 4 + 2
    2.2361 0.5 4
    3.0186 0.5 1
  4.34 6 + 2
    3.6491 0.5 2
    4.34 0.5 0
  4.54 14 + 1
    4.54 1 0
  5.95 14 + 1
    1.41 1 13
  11.47 0 + 2
    8.68 0.5 8
    9.248 0.5 7

19 47 30
  0 1 + 0
  0.36 3 + 1
    0.36 1 0
  2.02 7 - 2
    1.66 0.8834 1
    2.02 0.1166 0
  2.287 5 + 1
    0.267 1 2
  3.35 5 + 1
    1.33 1 2
  3.432 5 + 2
    1.412 0.5 2
    3.432 0.5 0
  3.7176 3 - 2
    3.3576 0.065419 1
    3.7176 0.934581 0
  3.7621 5 - 2
    1.7421 0.909091 2
    3.4021 0.090909 1
  3.85 1 + 2
    1.563 0.5 3
    3.85 0.5 0
  3.93 3 + 2
    0.1679 0.5 7
    3.57 0.5 1
  4.17 9 - 1
    0.4079 1 7
  4.36 7 - 2
    2.073 0.5 3
    2.34 0.5 2
  4.4341 11 - 2
    1.0841 0.5 4
    2.1471 0.5 3
  4.74 3 - 2
    2.72 0.5 2
    4.74 0.5 0
  4.9 1 + 2
    2.613 0.5 3
    4.9 0.5 0
  5.22 5 + 2
    3.2 0.5 2
    5.22 0.5 0
  5.465 5 + 2
    3.445 0.5 2
    5.465 0.5 0
  5.79 7 - 2
    3.503 0.5 3
    3.77 0.5 2
  5.8424 5 - 1
    3.8224 1 2
  6.15 3 - 2
    4.13 0.5 2
    6.15 0.5 0
  6.26 9 + 2
    3.973 0.5 3
    4.24 0.5 2
  6.42 1 - 2
    2.6579 0.5 7
    6.06 0.5 1
  6.462 5 + 2
    4.442 0.5 2
    6.462 0.5 0
  6.87 5 + 2
    4.85 0.5 2
    6.87 0.5 0
  7.15 3 - 2
    5.13 0.5 2
    7.15 0.5 0
  7.38 7 - 2
    5.093 0.5 3
    5.36 0.5 2
  7.57 5 + 2
    5.55 0.5 2
    7.57 0.5 0
  7.762 5 + 2
    5.742 0.5 2
    7.762 0.5 0
  8.035 5 + 2
    6.015 0.5 2
    8.035 0.5 0
  8.53 3 - 2
    6.51 0.5 2
    8.53 0.5 0

19 48 5
  0 4 - 0
  0.35 0 - 1
    0.35 1 0
  0.58 2 - 1
    0.58 1 0
  0.8 6 - 1
    0.22 1 2
  2.1 8 - 1
    2.1 1 0

19 49 6
  0 3 + 0
  0.0917 1 + 1
    0.0917 1 0
  0.8628 5 + 2
    0.7711 0.934581 1
    0.8628 0.065419 0
  1.1029 5 + 1
    1.0112 1 1
  1.4383 7 + 1
    0.5755 1 2
  2.1042 7 - 1
    1.2414 1 2

19 50 4
  0 0 - 0
  0.044 2 - 1
    0.044 1 0
  0.0702 4 - 1
    0.0702 1 0
  0.1714 6 - 2
    0.1274 0.4505 1
    0.1714 0.5495 0

19 51 1
  0 1 + 0

19 52 1
  0 4 - 0

19 53 1
  0 3 + 0

19 54 1
  0 6 - 0

19 55 1
  0 1 + 0

19 56 1
  0 8 - 0
